isScalarized | massIncreased | isMonotoneInside | isMonotoneOutside | mass_Baryon | mass_ADM | AST(radius) | radius  |  phi_c | rho_c | ctr |
1 1 1 1 3.2314356305450716e-02 2.4448536150798009e-02 1.0000000000651996e+00 8.5556349999985612e-02 2.3344086598489572e-03 1.7793713672077832e+01 35
1 1 1 1 3.2314354248526869e-02 2.4448517700969244e-02 1.0000000000702007e+00 8.5556099999985619e-02 2.4220873144143555e-03 1.7793377834408343e+01 35
1 1 1 1 3.2314352181624713e-02 2.4448499245931368e-02 1.0000000000752030e+00 8.5555849999985625e-02 2.5066908576651483e-03 1.7793042056526140e+01 35
1 1 1 1 3.2314350104743803e-02 2.4448480785684790e-02 1.0000000000802061e+00 8.5555599999985632e-02 2.5885208302406149e-03 1.7792706338423731e+01 35
1 1 1 1 3.2314348017883285e-02 2.4448462320228605e-02 1.0000000000852103e+00 8.5555349999985639e-02 2.6678324651975087e-03 1.7792370680093637e+01 35
1 1 1 1 3.2314310763262723e-02 2.4448145549447794e-02 1.0000000001709950e+00 8.5551072232485634e-02 3.7739713380829311e-03 1.7786636459579494e+01 22
1 1 1 1 3.2314270588936302e-02 2.4447827269709663e-02 1.0000000002570741e+00 8.5546794678874008e-02 4.6209440805876660e-03 1.7780919977750358e+01 21
1 1 1 1 3.2314227495219151e-02 2.4447507481425046e-02 1.0000000003434482e+00 8.5542517339140062e-02 5.3336819048575828e-03 1.7775221187732711e+01 21
1 1 1 1 3.2314181482454081e-02 2.4447186185019776e-02 1.0000000004301177e+00 8.5538240213273109e-02 5.9605380686600972e-03 1.7769540042645456e+01 20
1 1 1 1 3.2313848622564471e-02 2.4445249694173405e-02 1.0000000009502337e+00 8.5512878154350602e-02 8.7867317277960030e-03 1.7736206831129156e+01 37
1 1 1 1 3.2313404042514211e-02 2.4443222406920050e-02 1.0000000014909445e+00 8.5487047526357385e-02 1.0914602180875425e-02 1.7702874027931184e+01 39
1 1 1 1 3.2312833330431397e-02 2.4441099829629741e-02 1.0000000020533946e+00 8.5460729423129878e-02 1.2700519860099560e-02 1.7669541716209402e+01 33
1 1 1 1 3.2312130782356001e-02 2.4438877162144206e-02 1.0000000026388163e+00 8.5433903647997800e-02 1.4273788862686836e-02 1.7636209726242214e+01 28
1 1 1 1 3.2311296428960301e-02 2.4436549282419333e-02 1.0000000032485330e+00 8.5406548755769807e-02 1.5698827077221558e-02 1.7602877810525527e+01 25
1 1 1 1 3.2310322683929547e-02 2.4434110743328876e-02 1.0000000038839627e+00 8.5378642233506719e-02 1.7013259310068970e-02 1.7569545974447191e+01 22
1 1 1 1 3.2309201420855700e-02 2.4431555727888372e-02 1.0000000045466304e+00 8.5350160202965930e-02 1.8241343600035657e-02 1.7536214223859790e+01 21
1 1 1 1 3.2307923924991655e-02 2.4428878017131051e-02 1.0000000052381790e+00 8.5321077310601678e-02 1.9399816783835528e-02 1.7502882565162654e+01 19
1 1 1 1 3.2306480839743516e-02 2.4426070954540861e-02 1.0000000059603809e+00 8.5291366606396690e-02 2.0500816260016479e-02 1.7469551005349157e+01 18
1 1 1 1 3.2304862107227432e-02 2.4423127406619536e-02 1.0000000067151493e+00 8.5260999410211424e-02 2.1553488440574923e-02 1.7436219552086460e+01 17
1 1 1 1 3.2303056902102951e-02 2.4420039719073711e-02 1.0000000075045545e+00 8.5229945164053855e-02 2.2564940577770646e-02 1.7402888213772410e+01 17
1 1 1 1 3.2301053557764539e-02 2.4416799668029735e-02 1.0000000083308382e+00 8.5198171268539902e-02 2.3540836679643344e-02 1.7369556999664397e+01 16
1 1 1 1 3.2298839483857762e-02 2.4413398405619468e-02 1.0000000091964321e+00 8.5165642901366190e-02 2.4485787912468023e-02 1.7336225919928193e+01 16
1 1 1 1 3.2296401073884720e-02 2.4409826399143235e-02 1.0000000101039783e+00 8.5132322815575923e-02 2.5403618114985392e-02 1.7302894985803999e+01 15
1 1 1 1 3.2293723601489695e-02 2.4406073362906691e-02 1.0000000110563523e+00 8.5098171114697696e-02 2.6297550169575572e-02 1.7269564209695108e+01 15
1 1 1 1 3.2290791103761568e-02 2.4402128181674563e-02 1.0000000120566885e+00 8.5063145001715246e-02 2.7170340417152057e-02 1.7236233605346623e+01 15
1 1 1 1 3.2287586249604969e-02 2.4397978824491583e-02 1.0000000131084099e+00 8.5027198498048739e-02 2.8024377937328846e-02 1.7202903188015203e+01 15
1 1 1 1 3.2284090190902497e-02 2.4393612247426515e-02 1.0000000142152619e+00 8.4990282128240280e-02 2.8861759456389104e-02 1.7169572974655235e+01 15
1 1 1 1 3.2280282393777247e-02 2.4389014283530141e-02 1.0000000153813500e+00 8.4952342565301875e-02 2.9684346977954808e-02 1.7136242984165523e+01 15
1 1 1 1 3.2276140446754087e-02 2.4384169517969560e-02 1.0000000166111840e+00 8.4913322230706523e-02 3.0493812940609568e-02 1.7102913237661284e+01 15
1 1 1 1 3.2271639842043710e-02 2.4379061145950006e-02 1.0000000179097286e+00 8.4873158841983209e-02 3.1291676232187454e-02 1.7069583758777451e+01 15
1 1 1 1 3.2266753725417131e-02 2.4373670810553607e-02 1.0000000192824614e+00 8.4831784899612739e-02 3.2079331419636606e-02 1.7036254574049728e+01 15
1 1 1 1 3.2261452609284348e-02 2.4367978417104034e-02 1.0000000207354391e+00 8.4789127103261086e-02 3.2858072904046388e-02 1.7002925713324160e+01 15
1 1 1 1 3.2255704042438209e-02 2.4361961919915097e-02 1.0000000222753771e+00 8.4745105685609168e-02 3.3629115261184207e-02 1.6969597210307143e+01 15
1 1 1 1 3.2249472228631677e-02 2.4355597076513445e-02 1.0000000239097386e+00 8.4699633649433226e-02 3.4393610725621762e-02 1.6936269103105261e+01 15
1 1 1 1 3.2242717584436101e-02 2.4348857163314652e-02 1.0000000256468418e+00 8.4652615891115557e-02 3.5152664552067725e-02 1.6902941434994819e+01 15
1 1 1 1 3.2235396224755866e-02 2.4341712645477184e-02 1.0000000274959830e+00 8.4603948189673150e-02 3.5907348847182476e-02 1.6869614255228552e+01 15
1 1 1 1 3.2227459361737543e-02 2.4334130791987197e-02 1.0000000294675850e+00 8.4553516036403931e-02 3.6658715352665114e-02 1.6836287620061764e+01 15
1 1 1 1 3.2218852599508858e-02 2.4326075225006110e-02 1.0000000315733701e+00 8.4501193274386932e-02 3.7407807596149908e-02 1.6802961593970483e+01 15
1 1 1 1 3.2209515102963784e-02 2.4317505389877373e-02 1.0000000338265662e+00 8.4446840510150778e-02 3.8155672783052208e-02 1.6769636251091111e+01 16
1 1 1 1 3.2199378613457230e-02 2.4308375928899926e-02 1.0000000362421553e+00 8.4390303251058285e-02 3.8903373780322666e-02 1.6736311677026002e+01 16
1 1 1 1 3.2188366277324534e-02 2.4298635937676175e-02 1.0000000388371697e+00 8.4331409710358185e-02 3.9652001547890302e-02 1.6702987970967705e+01 16
1 1 1 1 3.2176391244194899e-02 2.4288228077320846e-02 1.0000000416310524e+00 8.4269968207673462e-02 4.0402688387811539e-02 1.6669665248358616e+01 16
1 1 1 1 3.2163354980367952e-02 2.4277087508659922e-02 1.0000000446460937e+00 8.4205764073584710e-02 4.1156622426478565e-02 1.6636343644118181e+01 16
1 1 1 1 3.2149145227075751e-02 2.4265140605021062e-02 1.0000000479079674e+00 8.4138555942720461e-02 4.1915063806193885e-02 1.6603023316665368e+01 16
1 1 1 1 3.2133633489769067e-02 2.4252302758743481e-02 1.0000000514464182e+00 8.4068071287399904e-02 4.2679364498430544e-02 1.6569704394759675e+01 16
1 1 1 1 3.2116671628800844e-02 2.4238465211764714e-02 1.0000000552966288e+00 8.3994001373178473e-02 4.3451008851289684e-02 1.6536386166968942e+01 16
1 1 1 1 3.2098091058076275e-02 2.4223531572393816e-02 1.0000000594981213e+00 8.3916000962884485e-02 4.4231498943617789e-02 1.6503073081543544e+01 16
1 1 1 1 3.2077689723996279e-02 2.4207370579864169e-02 1.0000000640993585e+00 8.3833651508155249e-02 4.5022751478704451e-02 1.6469759085912198e+01 17
1 1 1 1 3.2055237902514508e-02 2.4189834530779712e-02 1.0000000691562865e+00 8.3746497946464660e-02 4.5826639354111971e-02 1.6436448772978885e+01 17
1 1 1 1 3.2030461764146673e-02 2.4170747454574051e-02 1.0000000747364790e+00 8.3653998707763189e-02 4.6645408459933715e-02 1.6403141572093890e+01 17
1 1 1 1 3.2003037422314959e-02 2.4149902081650812e-02 1.0000000809210710e+00 8.3555524757000177e-02 4.7481586179404109e-02 1.6369838049792772e+01 17
1 1 1 1 3.1972577964395225e-02 2.4127051727911832e-02 1.0000000878085089e+00 8.3450336817991633e-02 4.8338076606788551e-02 1.6336538902326257e+01 17
1 1 1 1 3.1938617282362962e-02 2.4101900341796916e-02 1.0000000955193535e+00 8.3337559249026638e-02 4.9218250744945201e-02 1.6303244992826382e+01 17
1 1 1 1 3.1900588663280528e-02 2.4074089365007219e-02 1.0000001042027515e+00 8.3216146005624159e-02 5.0126062927432935e-02 1.6269957398268172e+01 17
1 1 1 1 3.1857796064415571e-02 2.4043180158610841e-02 1.0000001140452788e+00 8.3084835755990460e-02 5.1066202966288568e-02 1.6236677473000942e+01 17
1 1 1 1 3.1809375009693157e-02 2.4008630156688335e-02 1.0000001252832142e+00 8.2942091894877557e-02 5.2044297789506866e-02 1.6203406933339970e+01 17
1 1 1 1 3.1754238512096640e-02 2.3969759999376155e-02 1.0000001382198704e+00 8.2786021215832839e-02 5.3067182609075822e-02 1.6170147970766017e+01 17
1 1 1 1 3.1691000993825873e-02 2.3925707456263039e-02 1.0000001532505143e+00 8.2614261928336541e-02 5.4143271362393608e-02 1.6136903403408436e+01 16
1 1 1 1 3.1617869235234089e-02 2.3875361625126164e-02 1.0000001708989383e+00 8.2423826876636908e-02 5.5283071364223967e-02 1.6103676877311930e+01 14
1 1 1 1 3.1532482863561674e-02 2.3817267057296559e-02 1.0000001918723136e+00 8.2210880104031381e-02 5.6499911317736157e-02 1.6070473129297998e+01 11
1 1 1 1 3.1431675867815201e-02 2.3749481004370653e-02 1.0000002171454305e+00 8.1970412398069681e-02 5.7810991133968946e-02 1.6037298317131075e+01 18
1 1 1 1 3.1311111587330930e-02 2.3669355879018885e-02 1.0000002480933821e+00 8.1695760931774469e-02 5.9238926844291044e-02 1.6004160399797616e+01 21
1 1 1 1 3.1164710106799560e-02 2.3573199569231634e-02 1.0000002867061002e+00 8.1377884284779767e-02 6.0814072374742380e-02 1.5971069484373137e+01 24
1 1 1 1 3.0983727152200706e-02 2.3455731681554126e-02 1.0000003359443981e+00 8.1004248880746782e-02 6.2578083031689186e-02 1.5938037886313904e+01 26
1 1 1 1 3.0755236357354016e-02 2.3309192161436385e-02 1.0000004003446035e+00 8.0557096273186690e-02 6.4589494308954595e-02 1.5905079249983741e+01 29
1 1 1 1 3.0459578116214130e-02 2.3121850795996428e-02 1.0000004870594252e+00 8.0010740594340879e-02 6.6932602408103364e-02 1.5872205220576548e+01 33
1 1 1 1 3.0066026030747105e-02 2.2875475495294485e-02 1.0000006076365142e+00 7.9327440117835407e-02 6.9731768958176496e-02 1.5839416519498986e+01 37
1 1 1 1 2.9826119595345219e-02 2.2726548070732298e-02 1.0000006835899466e+00 7.8930802917246232e-02 7.1307033031274128e-02 1.5823530420969746e+01 30
1 1 1 1 2.9579401636193586e-02 2.2574219131607200e-02 1.0000007632698551e+00 7.8536148902660002e-02 7.2847333678656118e-02 1.5809494295080459e+01 32
1 1 1 1 2.9326187643819116e-02 2.2418616272395178e-02 1.0000008463804717e+00 7.8143468158146698e-02 7.4359172176605717e-02 1.5796969428893281e+01 34
1 1 1 1 2.9066730299881549e-02 2.2259833905632333e-02 1.0000009325835182e+00 7.7752750817355970e-02 7.5848211268944060e-02 1.5785690340423676e+01 35
1 1 1 1 2.8801169583026722e-02 2.2097934701067013e-02 1.0000010214956541e+00 7.7363987063269191e-02 7.7319513388112868e-02 1.5775447030783235e+01 36
1 1 1 1 2.8774340436067691e-02 2.2081611723551112e-02 1.0000010304993374e+00 7.7325305069737560e-02 7.7465520275861219e-02 1.5774475087662537e+01 37
1 1 1 1 2.0871584820344753e-02 1.7497016627281300e-02 1.0000003731203886e+00 7.3459039816250682e-02 1.4643695697594758e-01 1.5613721734553220e+01 38

