isScalarized | massIncreased | isMonotoneInside | isMonotoneOutside | mass_Baryon | mass_ADM | AST(radius) | radius  |  phi_c | rho_c | ctr |
1 1 1 1 3.2491875727642831e-02 2.4518431869438619e-02 1.0000000001337972e+00 8.5299199999995412e-02 2.0054602473502281e-03 1.8013405416239895e+01 29
1 1 1 1 3.2491261014114224e-02 2.4517651915672435e-02 1.0000000005685978e+00 8.5292533333328743e-02 4.1269887602602634e-03 1.8004655247842813e+01 27
1 1 1 1 3.2490640569383424e-02 2.4516868999144060e-02 1.0000000010052057e+00 8.5285866666662075e-02 5.4777064846293251e-03 1.7995941351138949e+01 29
1 1 1 1 3.2490014390306542e-02 2.4516083118922838e-02 1.0000000014436254e+00 8.5279199999995406e-02 6.5529904038172035e-03 1.7987263608078404e+01 27
1 1 1 1 3.2489382473861669e-02 2.4515294274134000e-02 1.0000000018838622e+00 8.5272533333328737e-02 7.4727101726013660e-03 1.7978621900387349e+01 26
1 1 1 1 3.2485557847654785e-02 2.4510604609258461e-02 1.0000000045045585e+00 8.5233405522127548e-02 1.1437587054727204e-02 1.7928622363553718e+01 44
1 1 1 1 3.2481431259373444e-02 2.4505690838427061e-02 1.0000000072572852e+00 8.5193293621054655e-02 1.4366552915263127e-02 1.7878624378958154e+01 42
1 1 1 1 3.2476980842112244e-02 2.4500537985148969e-02 1.0000000101519384e+00 8.5152142293094257e-02 1.6811083057726332e-02 1.7828628296368603e+01 34
1 1 1 1 3.2472182635312499e-02 2.4495129647190927e-02 1.0000000131994424e+00 8.5109890960000323e-02 1.8960466722569853e-02 1.7778633525436931e+01 29
1 1 1 1 3.2467010381009583e-02 2.4489447891236780e-02 1.0000000164118479e+00 8.5066473762523853e-02 2.0906902498619789e-02 1.7728639158760345e+01 25
1 1 1 1 3.2461435383370311e-02 2.4483473221670472e-02 1.0000000198023893e+00 8.5021820112880953e-02 2.2703580286919850e-02 1.7678645237518740e+01 22
1 1 1 1 3.2455426117131793e-02 2.4477184285561709e-02 1.0000000233857014e+00 8.4975853306410720e-02 2.4384567424247588e-02 1.7628651808103541e+01 20
1 1 1 1 3.2448947869566251e-02 2.4470557642583560e-02 1.0000000271780070e+00 8.4928489811415264e-02 2.5973298369720510e-02 1.7578658922963243e+01 18
1 1 1 1 3.2441962326385278e-02 2.4463567499430620e-02 1.0000000311973376e+00 8.4879638454587847e-02 2.7486766928148689e-02 1.7528666641570680e+01 17
1 1 1 1 3.2434427090995553e-02 2.4456185402110413e-02 1.0000000354637884e+00 8.4829199483374140e-02 2.8937814752925270e-02 1.7478675031645782e+01 16
1 1 1 1 3.2426295124151377e-02 2.4448379877996727e-02 1.0000000399998206e+00 8.4777063482391279e-02 3.0336477914503147e-02 1.7428684170511186e+01 15
1 1 1 1 3.2417514088110042e-02 2.4440116017732817e-02 1.0000000448306174e+00 8.4723110116312728e-02 3.1690827212797534e-02 1.7378694146795674e+01 15
1 1 1 1 3.2408025259623809e-02 2.4431343170247897e-02 1.0000000499850961e+00 8.4667206665091199e-02 3.3007572698295309e-02 1.7328702972157988e+01 14
1 1 1 1 3.2397764749565558e-02 2.4422028979309375e-02 1.0000000554941588e+00 8.4609213362255686e-02 3.4292126351588618e-02 1.7278718639686748e+01 14
1 1 1 1 3.2386656895765711e-02 2.4412124675161198e-02 1.0000000613951663e+00 8.4548954428381728e-02 3.5549607580462592e-02 1.7228730488770562e+01 14
1 1 1 1 3.2374620139650860e-02 2.4401576851765923e-02 1.0000000677286540e+00 8.4486255444595981e-02 3.6784121679238606e-02 1.7178744722405121e+01 14
1 1 1 1 3.2361560638441360e-02 2.4390323863372334e-02 1.0000000745417501e+00 8.4420912805988402e-02 3.7999514569210746e-02 1.7128760780412211e+01 14
1 1 1 1 3.2347371860146218e-02 2.4378295982631068e-02 1.0000000818884569e+00 8.4352698684002192e-02 3.9199300605266163e-02 1.7078778595292388e+01 13
1 1 1 1 3.2331932302057838e-02 2.4365413959756287e-02 1.0000000898309682e+00 8.4281356818408815e-02 4.0386760908393812e-02 1.7028798424801213e+01 13
1 1 1 1 3.2315102648964797e-02 2.4351587225384188e-02 1.0000000984413253e+00 8.4206597242309167e-02 4.1565029435992835e-02 1.6978820575390753e+01 13
1 1 1 1 3.2296722353242754e-02 2.4336711753180845e-02 1.0000001078034300e+00 8.4128090280498391e-02 4.2737163142432463e-02 1.6928845413004634e+01 13
1 1 1 1 3.2276605388633209e-02 2.4320667412243310e-02 1.0000001180155760e+00 8.4045459181194937e-02 4.3906207630486034e-02 1.6878873377328897e+01 13
1 1 1 1 3.2254534933430605e-02 2.4303314659874984e-02 1.0000001291936511e+00 8.3958270996391027e-02 4.5075262037703796e-02 1.6828905000155718e+01 14
1 1 1 1 3.2230256652437693e-02 2.4284490372913563e-02 1.0000001414752315e+00 8.3866025196365934e-02 4.6247546739352718e-02 1.6778940929129252e+01 14
1 1 1 1 3.2203470124750638e-02 2.4264002541743792e-02 1.0000001550248696e+00 8.3768139322225599e-02 4.7426477664698187e-02 1.6728981958833824e+01 14
1 1 1 1 3.2173817788615951e-02 2.4241623444880102e-02 1.0000001700409995e+00 8.3663930722181645e-02 4.8615751643651860e-02 1.6679029071839022e+01 14
1 1 1 1 3.2140870518231675e-02 2.4217080767402546e-02 1.0000001867650643e+00 8.3552593046168966e-02 4.9819448306914808e-02 1.6629083493473527e+01 14
1 1 1 1 3.2104108567265685e-02 2.4190045897845239e-02 1.0000002054937427e+00 8.3433165630901363e-02 5.1042155839417909e-02 1.6579146765618685e+01 13
1 1 1 1 3.2062896040416247e-02 2.4160118293916257e-02 1.0000002265955623e+00 8.3304493101883370e-02 5.2289130632909908e-02 1.6529220847241476e+01 13
1 1 1 1 3.2016446172227209e-02 2.4126804279203180e-02 1.0000002505338375e+00 8.3165171300218499e-02 5.3566505116260939e-02 1.6479308252852608e+01 13
1 1 1 1 3.1963773307067914e-02 2.4089487805598359e-02 1.0000002778988950e+00 8.3013473762979573e-02 5.4881564612517628e-02 1.6429412245389937e+01 12
1 1 1 1 3.1903625248355015e-02 2.4047389390169475e-02 1.0000003094542300e+00 8.2847250026580943e-02 5.6243124443534749e-02 1.6379537107785165e+01 11
1 1 1 1 3.1834385979724412e-02 2.3999507257786816e-02 1.0000003462040412e+00 8.2663782257132834e-02 5.7662055192689139e-02 1.6329688529454437e+01 11
1 1 1 1 3.1753932558470435e-02 2.3944531046899427e-02 1.0000003894944169e+00 8.2459578846303783e-02 5.9152031573645625e-02 1.6279874160879629e+01 13
1 1 1 1 3.1659419174753990e-02 2.3880712054412518e-02 1.0000004411689822e+00 8.2230070293194069e-02 6.0730626972118312e-02 1.6230104413534825e+01 16
1 1 1 1 3.1546941928460089e-02 2.3805662552445532e-02 1.0000005038154340e+00 8.1969149514844047e-02 6.2420957039433511e-02 1.6180393611246721e+01 19
1 1 1 1 3.1411001680856664e-02 2.3716035478494716e-02 1.0000005811688659e+00 8.1668457252365434e-02 6.4254222078605649e-02 1.6130761620165533e+01 21
1 1 1 1 3.1243612464867801e-02 2.3606994959209805e-02 1.0000006787953495e+00 8.1316236985671364e-02 6.6273770488308070e-02 1.6081236046238576e+01 23
1 1 1 1 3.1032762959083075e-02 2.3471306603354891e-02 1.0000008052949048e+00 8.0895440341086422e-02 6.8541831214032622e-02 1.6031854818483485e+01 26
1 1 1 1 3.0759648109031177e-02 2.3297707930722309e-02 1.0000009744990901e+00 8.0380491247253966e-02 7.1151114034656349e-02 1.5982667937879084e+01 28
1 1 1 1 3.0393468960994596e-02 2.3067860930220757e-02 1.0000012096085464e+00 7.9731608981249369e-02 7.4245652220921082e-02 1.5933733817739608e+01 33
1 1 1 1 2.9881271144352534e-02 2.2750412098000539e-02 1.0000015510124065e+00 7.8884744998958756e-02 7.8059943041768928e-02 1.5885095959871958e+01 37
1 1 1 1 2.9630173541899715e-02 2.2596033625668165e-02 1.0000017223685165e+00 7.8490321273963964e-02 7.9776272769255127e-02 1.5866659819640729e+01 26
1 1 1 1 2.9372698050942867e-02 2.2438437242906870e-02 1.0000018998672635e+00 7.8097869667594147e-02 8.1457282225622193e-02 1.5850331871019907e+01 27
1 1 1 1 2.9109078024946930e-02 2.2277706430164159e-02 1.0000020827463343e+00 7.7707380319256170e-02 8.3110124937123067e-02 1.5835739376719378e+01 29
1 1 1 1 2.8839487994065542e-02 2.2113893336146474e-02 1.0000022701614586e+00 7.7318843417659891e-02 8.4741106496776158e-02 1.5822585650793442e+01 31
1 1 1 1 2.8563930623727401e-02 2.1947018972063862e-02 1.0000024611802361e+00 7.6932249200571595e-02 8.6355938137831101e-02 1.5810632735982219e+01 33
1 1 1 1 2.8282564338740310e-02 2.1777072458218697e-02 1.0000026547744489e+00 7.6547587954568744e-02 8.7959942856446066e-02 1.5799688258074509e+01 34
1 1 1 1 2.7995400700399107e-02 2.1604009209845607e-02 1.0000028498104427e+00 7.6164850014795907e-02 8.9558232132004617e-02 1.5789595371575494e+01 36
1 1 1 1 2.7966428958333660e-02 2.1586568085755049e-02 1.0000028693022540e+00 7.6126767589788508e-02 8.9717581408283342e-02 1.5788629917175879e+01 36
