isScalarized | massIncreased | isMonotoneInside | isMonotoneOutside | mass_Baryon | mass_ADM | AST(radius) | radius  |  phi_c | rho_c | ctr |
1 1 1 1 3.4331852187586664e-02 2.5942829603757388e-02 1.0000000000038223e+00 9.0466259999999993e-02 4.3896371340776196e-04 1.5950316607761147e+01 10
1 1 1 1 3.4338351588614632e-02 2.5945346555345319e-02 1.0000000000227205e+00 9.0456259999999997e-02 1.0636143565540791e-03 1.5956437147149023e+01 10
1 1 1 1 3.4344836260650734e-02 2.5947854415831872e-02 1.0000000000421609e+00 9.0446260000000001e-02 1.4400056829315146e-03 1.5962563798115010e+01 10
1 1 1 1 3.4351306243500440e-02 2.5950353211055960e-02 1.0000000000621512e+00 9.0436259999999991e-02 1.7377489324665175e-03 1.5968696341400825e+01 10
1 1 1 1 3.4357761576281724e-02 2.5952842966482891e-02 1.0000000000826987e+00 9.0426259999999994e-02 1.9924353019216139e-03 1.5974834567568481e+01 10
1 1 1 1 3.4364202297465778e-02 2.5955323707225007e-02 1.0000000001038105e+00 9.0416259999999998e-02 2.2189533689055212e-03 1.5980978276423535e+01 10
1 1 1 1 3.4370628444896911e-02 2.5957795458057445e-02 1.0000000001254947e+00 9.0406260000000002e-02 2.4252202423086064e-03 1.5987127276469460e+01 10
1 1 1 1 3.4377040055821040e-02 2.5960258243425009e-02 1.0000000001477585e+00 9.0396259999999992e-02 2.6160408255143405e-03 1.5993281384411469e+01 10
1 0 1 1 3.4383437166899594e-02 2.5962712087457405e-02 1.0000000001706097e+00 9.0386259999999996e-02 2.7945904118923779e-03 1.5999440424684025e+01 10
1 1 1 1 3.4428335740501990e-02 2.5979838679765652e-02 1.0000000003499641e+00 9.0315430245698991e-02 3.8436598694587356e-03 1.6043192226033927e+01 24
1 1 1 1 3.4497174341154090e-02 2.6005671140144661e-02 1.0000000006975689e+00 9.0204600491397988e-02 5.1115784968941659e-03 1.6112027812503616e+01 30
1 1 1 1 3.4564308068500534e-02 2.6030444063191896e-02 1.0000000011374539e+00 9.0093770737096984e-02 6.1715214713653184e-03 1.6181190076851166e+01 30
1 1 1 1 3.4629772390620192e-02 2.6054194068548336e-02 1.0000000016827677e+00 8.9982940982795981e-02 7.1204635331955464e-03 1.6250580451216781e+01 31
1 1 1 1 3.4693600810372593e-02 2.6076944810867104e-02 1.0000000023479099e+00 8.9872111228494977e-02 8.0008539455673454e-03 1.6320129523470914e+01 31
1 1 1 1 3.4755737159616065e-02 2.6098718300684748e-02 1.0000000031485863e+00 8.9761281474193974e-02 8.8356679134564443e-03 1.6389786151899102e+01 32
1 1 1 1 3.4816232777550797e-02 2.6119535173977623e-02 1.0000000041018768e+00 8.9650451719892971e-02 9.6389476469165448e-03 1.6459511755771924e+01 32
1 1 1 1 3.4875177212093315e-02 2.6139414889947282e-02 1.0000000052263120e+00 8.9539621965591967e-02 1.0419989200963105e-02 1.6529276699902443e+01 32
1 1 1 1 3.4932595490349341e-02 2.6158375882522844e-02 1.0000000065419510e+00 8.9428792211290964e-02 1.1185306056046429e-02 1.6599057910959392e+01 32
1 1 1 1 3.4988511219565324e-02 2.6176435680546801e-02 1.0000000080704636e+00 8.9317962456989961e-02 1.1939659677605059e-02 1.6668837252047517e+01 33
1 1 1 1 3.5042954503457562e-02 2.6193536126455183e-02 1.0000000098359658e+00 8.9207132702688957e-02 1.2686745977147744e-02 1.6738609691065868e+01 33
1 1 1 1 3.5095939488982458e-02 2.6209757719619454e-02 1.0000000118632655e+00 8.9096302948387954e-02 1.3429266264057707e-02 1.6808355837257697e+01 33
1 1 1 1 3.5147485405982920e-02 2.6225125718121491e-02 1.0000000141793779e+00 8.8985473194086950e-02 1.4169414414926237e-02 1.6878065460231237e+01 33
1 1 1 1 3.5197611655111101e-02 2.6239654922588351e-02 1.0000000168133840e+00 8.8874643439785947e-02 1.4908966592018420e-02 1.6947731476259619e+01 33
1 1 1 1 3.5246336850551105e-02 2.6253359588344998e-02 1.0000000197964445e+00 8.8763813685484944e-02 1.5649371883823416e-02 1.7017348376512988e+01 33
1 1 1 1 3.5293587957932700e-02 2.6266253470877184e-02 1.0000000231619037e+00 8.8652983931183940e-02 1.6391825820346529e-02 1.7086911958614653e+01 33
1 1 1 1 3.5339436597770404e-02 2.6278349865805954e-02 1.0000000269453932e+00 8.8542154176882937e-02 1.7137323779328802e-02 1.7156419114971584e+01 33
1 1 1 1 3.5383935634428605e-02 2.6289661644164939e-02 1.0000000311849393e+00 8.8431324422581933e-02 1.7886700672628417e-02 1.7225867663403687e+01 33
1 1 1 1 3.5427101307682500e-02 2.6300201283599903e-02 1.0000000359210741e+00 8.8320494668280930e-02 1.8640661039845810e-02 1.7295256209769278e+01 33
1 1 1 1 3.5468949375378936e-02 2.6309980896000316e-02 1.0000000411969492e+00 8.8209664913979927e-02 1.9399802286383081e-02 1.7364584035133333e+01 33
1 1 1 1 3.5509495215006362e-02 2.6319011438838538e-02 1.0000000470584860e+00 8.8098835159678923e-02 2.0164633977930793e-02 1.7433851097025197e+01 33
1 1 1 1 3.5548758730758578e-02 2.6327235270136421e-02 1.0000000535577740e+00 8.7988005405377920e-02 2.0935680637814272e-02 1.7503065830327508e+01 33
1 1 1 1 3.5586749093408906e-02 2.6334733326834347e-02 1.0000000607440354e+00 8.7877175651076916e-02 2.1713224156866415e-02 1.7572220876159768e+01 33
1 1 1 1 3.5623480495306739e-02 2.6341516519168089e-02 1.0000000686722288e+00 8.7766345896775913e-02 2.2497583042117932e-02 1.7641317410011105e+01 33
1 1 1 1 3.5658966806984077e-02 2.6347595488335047e-02 1.0000000774005597e+00 8.7655516142474910e-02 2.3289030626302613e-02 1.7710356937527376e+01 33
1 1 1 1 3.5693221598113389e-02 2.6352980620016335e-02 1.0000000869906156e+00 8.7544686388173906e-02 2.4087801653487451e-02 1.7779341252068185e+01 33
1 1 1 1 3.5726258155755405e-02 2.6357682056431513e-02 1.0000000975075025e+00 8.7433856633872903e-02 2.4894097806226152e-02 1.7848272397822495e+01 33
1 1 1 1 3.5758024670530311e-02 2.6361709707079992e-02 1.0000001090199868e+00 8.7323026879571899e-02 2.5708092375838515e-02 1.7917152637667357e+01 33
1 1 1 1 3.5788560227189146e-02 2.6365073258379550e-02 1.0000001216006402e+00 8.7212197125270896e-02 2.6529934231236708e-02 1.7985984425095658e+01 33
1 1 1 1 3.5817915983260319e-02 2.6367782182315277e-02 1.0000001353259866e+00 8.7101367370969893e-02 2.7359751207735126e-02 1.8054770379651995e+01 33
1 1 1 1 3.5846104292633026e-02 2.6369845744230323e-02 1.0000001502766571e+00 8.6990537616668889e-02 2.8197653012253163e-02 1.8123513265427629e+01 33
1 1 1 1 3.5873137286567373e-02 2.6371273009905116e-02 1.0000001665375438e+00 8.6879707862367886e-02 2.9043733722350622e-02 1.8192215972243542e+01 33
1 1 1 1 3.5899026881779622e-02 2.6372072851995526e-02 1.0000001841979627e+00 8.6768878108066883e-02 2.9898073941597918e-02 1.8260881499175099e+01 33
1 1 1 1 3.5923784787569975e-02 2.6372253955923915e-02 1.0000002033518161e+00 8.6658048353765879e-02 3.0760742662980640e-02 1.8329512940154718e+01 33
1 0 1 1 3.5947423537761654e-02 2.6371801281520970e-02 1.0000002241022854e+00 8.6547218599464876e-02 3.1631831867695255e-02 1.8398116053378704e+01 33
1 0 1 1 3.5969954673188698e-02 2.6370714500560777e-02 1.0000002465561173e+00 8.6436388845163872e-02 3.2511405198834928e-02 1.8466695035098713e+01 33
1 0 1 1 3.5991387847166510e-02 2.6369034166612952e-02 1.0000002708165869e+00 8.6325559090862869e-02 3.3399460743272422e-02 1.8535249641973532e+01 32
1 0 1 1 3.6011733998800928e-02 2.6366768295061099e-02 1.0000002969979280e+00 8.6214729336561866e-02 3.4296035160183834e-02 1.8603783234504949e+01 32
1 0 1 1 3.6031003885753012e-02 2.6363924736932162e-02 1.0000003252198679e+00 8.6103899582260862e-02 3.5201159707127089e-02 1.8672299219652100e+01 32
1 0 1 1 3.6049208088072021e-02 2.6360511182826878e-02 1.0000003556078199e+00 8.5993069827959859e-02 3.6114861044210952e-02 1.8740801044642161e+01 32
1 0 1 1 3.6066357011744529e-02 2.6356535166658566e-02 1.0000003882930788e+00 8.5882240073658855e-02 3.7037161936055801e-02 1.8809292191643806e+01 32
1 0 1 1 3.6082460892017915e-02 2.6352004069216499e-02 1.0000004234130249e+00 8.5771410319357852e-02 3.7968081865415421e-02 1.8877776173215093e+01 32
1 0 1 1 3.6097521357462359e-02 2.6346925121584673e-02 1.0000004611113280e+00 8.5660580565056849e-02 3.8907637569940992e-02 1.8946256528411315e+01 32
1 0 1 1 3.6111487069541745e-02 2.6341305408426802e-02 1.0000005015381614e+00 8.5549750810755845e-02 3.9855843512402643e-02 1.9014736819483801e+01 32
1 0 1 1 3.6124437954843235e-02 2.6335151871148467e-02 1.0000005448504177e+00 8.5438921056454842e-02 4.0812712293245262e-02 1.9083220629105654e+01 31
1 0 1 1 3.6136383632037944e-02 2.6328471310954255e-02 1.0000005912119303e+00 8.5328091302153838e-02 4.1778255012859138e-02 1.9151711558046255e+01 31
1 0 1 1 3.6147333562145341e-02 2.6321270391807192e-02 1.0000006407937025e+00 8.5217261547852835e-02 4.2752481590219070e-02 1.9220213223246539e+01 31
1 0 1 1 3.6157297051066566e-02 2.6313555643290795e-02 1.0000006937741401e+00 8.5106431793551832e-02 4.3735401043741011e-02 1.9288729256258925e+01 31
1 0 1 1 3.6166283252031327e-02 2.6305333463393546e-02 1.0000007503392894e+00 8.4995602039250828e-02 4.4727021738923310e-02 1.9357263301984194e+01 31
1 0 1 1 3.6174301167981648e-02 2.6296610121212569e-02 1.0000008106830816e+00 8.4884772284949825e-02 4.5727351607284819e-02 1.9425819017687200e+01 31
1 0 1 1 3.6181359653893047e-02 2.6287391759575535e-02 1.0000008750075839e+00 8.4773942530648821e-02 4.6736398340348824e-02 1.9494400072262916e+01 31
1 0 1 1 3.6187467419039367e-02 2.6277684397607345e-02 1.0000009435232553e+00 8.4663112776347818e-02 4.7754169561570241e-02 1.9563010145702943e+01 31
1 0 1 1 3.6192633190049311e-02 2.6267481631330625e-02 1.0000010164597595e+00 8.4552283022046815e-02 4.8780692217554815e-02 1.9631654206402374e+01 31
1 0 1 1 3.6196865508624013e-02 2.6256774308952763e-02 1.0000010940613357e+00 8.4441453267745811e-02 4.9815998304505942e-02 1.9700337510549534e+01 30
1 0 1 1 3.6200172259904760e-02 2.6245595729852623e-02 1.0000011765436270e+00 8.4330623513444808e-02 5.0860053241231946e-02 1.9769060902265078e+01 30
1 0 1 1 3.6202561594957647e-02 2.6233951458193756e-02 1.0000012641537628e+00 8.4219793759143805e-02 5.1912865710763770e-02 1.9837828102897461e+01 30
1 0 1 1 3.6204041529781190e-02 2.6221846945700445e-02 1.0000013571486612e+00 8.4108964004842801e-02 5.2974444945454273e-02 1.9906642844742670e+01 30
1 0 1 1 3.6204619947298011e-02 2.6209287533861387e-02 1.0000014557953225e+00 8.3998134250541798e-02 5.4044800815020680e-02 1.9975508871386349e+01 30
1 0 1 1 3.6204304599287009e-02 2.6196278456059319e-02 1.0000015603711316e+00 8.3887304496240794e-02 5.5123943905879783e-02 2.0044429938134009e+01 30
1 0 1 1 3.6203103108287123e-02 2.6182824839657819e-02 1.0000016711641670e+00 8.3776474741939791e-02 5.6211885592983860e-02 2.0113409812529479e+01 30
1 0 1 1 3.6201022969468630e-02 2.6168931708041715e-02 1.0000017884735177e+00 8.3665644987638788e-02 5.7308638105190858e-02 2.0182452274960166e+01 30
1 0 1 1 3.6198071552450958e-02 2.6154603982583475e-02 1.0000019126096056e+00 8.3554815233337784e-02 5.8414214584791596e-02 2.0251561119330244e+01 30
1 0 1 1 3.6194256103091967e-02 2.6139846484582757e-02 1.0000020438945167e+00 8.3443985479036781e-02 5.9528629141923285e-02 2.0320740153795487e+01 29
1 0 1 1 3.6189583745237057e-02 2.6124663937137561e-02 1.0000021826623409e+00 8.3333155724735777e-02 6.0651896904780248e-02 2.0389993201573436e+01 29
1 0 1 1 3.6184051291187493e-02 2.6109060966976308e-02 1.0000023292595177e+00 8.3222325970434774e-02 6.1784034065824729e-02 2.0459324101800739e+01 29
1 0 1 1 3.6177636033448479e-02 2.6093042106240787e-02 1.0000024840451900e+00 8.3111496216133771e-02 6.2925057924680797e-02 2.0528736710446378e+01 29
1 0 1 1 3.6170385286225223e-02 2.6076611794216272e-02 1.0000026473915684e+00 8.3000666461832767e-02 6.4074986928207456e-02 2.0598234901280765e+01 29
1 0 1 1 3.6162305718738581e-02 2.6059774379020663e-02 1.0000028196843003e+00 8.2889836707531764e-02 6.5233840708001853e-02 2.0667822566889267e+01 29
1 0 1 1 3.6153403885667845e-02 2.6042534119248718e-02 1.0000030013228509e+00 8.2779006953230760e-02 6.6401640115723970e-02 2.0737503619730507e+01 29
1 0 1 1 3.6143686228684142e-02 2.6024895185564771e-02 1.0000031927208901e+00 8.2668177198929757e-02 6.7578407256694714e-02 2.0807281993246168e+01 29
1 0 1 1 3.6133159077949242e-02 2.6006861662257744e-02 1.0000033943066904e+00 8.2557347444628754e-02 6.8764165521836118e-02 2.0877161643007749e+01 29
1 0 1 1 3.6121828653576410e-02 2.5988437548754129e-02 1.0000036065235323e+00 8.2446517690327750e-02 6.9958939618295454e-02 2.0947146547904556e+01 29
1 0 1 1 3.6109701067050859e-02 2.5969626761077051e-02 1.0000038298301202e+00 8.2335687936026747e-02 7.1162755599158273e-02 2.1017240711383156e+01 29
1 0 1 1 3.6096782322618669e-02 2.5950433133283161e-02 1.0000040647010067e+00 8.2224858181725743e-02 7.2375640892104076e-02 2.1087448162715305e+01 28
1 0 1 1 3.6083078318624714e-02 2.5930860418834148e-02 1.0000043116270267e+00 8.2114028427424740e-02 7.3597624327442129e-02 2.1157772958310776e+01 28
1 0 1 1 3.6068594848830439e-02 2.5910912291946680e-02 1.0000045711157428e+00 8.2003198673123737e-02 7.4828736165790555e-02 2.1228219183078679e+01 28
1 0 1 1 3.6053337603683802e-02 2.5890592348900503e-02 1.0000048436918978e+00 8.1892368918822733e-02 7.6069008125198123e-02 2.1298790951816706e+01 28
1 0 1 1 3.6037312171545287e-02 2.5869904109291117e-02 1.0000051298978809e+00 8.1781539164521730e-02 7.7318473408149652e-02 2.1369492410647101e+01 28
1 0 1 1 3.6020524039891352e-02 2.5848851017262673e-02 1.0000054302942016e+00 8.1670709410220726e-02 7.8577166728602210e-02 2.1440327738498837e+01 28
1 0 1 1 3.6002978596471703e-02 2.5827436442696822e-02 1.0000057454599762e+00 8.1559879655919723e-02 7.9845124338955881e-02 2.1511301148624902e+01 28
1 0 1 1 3.5984681130424190e-02 2.5805663682355089e-02 1.0000060759934231e+00 8.1449049901618720e-02 8.1122384057249794e-02 2.1582416890165639e+01 28
1 0 1 1 3.5965636378783750e-02 2.5783516244986305e-02 1.0000064226219454e+00 8.1338220147317716e-02 8.2409021846804598e-02 2.1653681246682517e+01 28
1 0 1 1 3.5945849837569030e-02 2.5761016637466973e-02 1.0000067858887909e+00 8.1227390393016713e-02 8.3705043406898341e-02 2.1725096591090818e+01 28
1 0 1 1 3.5925326527312708e-02 2.5738168800289125e-02 1.0000071664485739e+00 8.1116560638715710e-02 8.5010489824782529e-02 2.1796667203326106e+01 28
1 0 1 1 3.5904071355344999e-02 2.5714975752490921e-02 1.0000075649815894e+00 8.1005730884414706e-02 8.6325405434618155e-02 2.1868397492094388e+01 27
1 0 1 1 3.5882089135401168e-02 2.5691440444903291e-02 1.0000079821898904e+00 8.0894901130113703e-02 8.7649836278809443e-02 2.1940291910505216e+01 27
1 0 1 1 3.5859384588501887e-02 2.5667565761075317e-02 1.0000084187978544e+00 8.0784071375812699e-02 8.8983830138343878e-02 2.2012354957917299e+01 27
1 0 1 1 3.5835962343810250e-02 2.5643354518190040e-02 1.0000088755527605e+00 8.0673241621511696e-02 9.0327436563918381e-02 2.2084591181833058e+01 27
1 0 1 1 3.5811826939439177e-02 2.5618809467923699e-02 1.0000093532253793e+00 8.0562411867210693e-02 9.1680706908174328e-02 2.2157005179859286e+01 27
1 0 1 1 3.5786982823225781e-02 2.5593933297283784e-02 1.0000098526105756e+00 8.0451582112909689e-02 9.3043694358784512e-02 2.2229601601715991e+01 27
1 0 1 1 3.5761434353466917e-02 2.5568728629411969e-02 1.0000103745279254e+00 8.0340752358608686e-02 9.4416453972645073e-02 2.2302385151305813e+01 27
1 0 1 1 3.5735185799608556e-02 2.5543198024344904e-02 1.0000109198223428e+00 8.0229922604307682e-02 9.5799042711314952e-02 2.2375360588850096e+01 27
1 0 1 1 3.5708241342901355e-02 2.5517343979749980e-02 1.0000114893647247e+00 8.0119092850006679e-02 9.7191519477604169e-02 2.2448532733083809e+01 27
1 0 1 1 3.5680605077017681e-02 2.5491168931627183e-02 1.0000120840526048e+00 8.0008263095705676e-02 9.8593945153527734e-02 2.2521906463520043e+01 27
1 0 1 1 3.5652281008618995e-02 2.5464675254969767e-02 1.0000127048108238e+00 7.9897433341404672e-02 1.0000638263969208e-01 2.2595486722786134e+01 27
1 0 1 1 3.5623273057890065e-02 2.5437865264399614e-02 1.0000133525922132e+00 7.9786603587103669e-02 1.0142889689612666e-01 2.2669278519030506e+01 27
1 0 1 1 3.5593585059032359e-02 2.5410741214770962e-02 1.0000140283782917e+00 7.9675773832802665e-02 1.0286155498466366e-01 2.2743286928404611e+01 26
1 0 1 1 3.5563220760706414e-02 2.5383305301727003e-02 1.0000147331799778e+00 7.9564944078501662e-02 1.0430442611311679e-01 2.2817517097632919e+01 26
1 0 1 1 3.5532183826445282e-02 2.5355559662246081e-02 1.0000154680383160e+00 7.9454114324200659e-02 1.0575758168104436e-01 2.2891974246656769e+01 26
1 0 1 1 3.5500477835007850e-02 2.5327506375129566e-02 1.0000162340252154e+00 7.9343284569899655e-02 1.0722109532737428e-01 2.2966663671368444e+01 26
1 0 1 1 3.5468106280703821e-02 2.5299147461475064e-02 1.0000170322442072e+00 7.9232454815598652e-02 1.0869504298010663e-01 2.3041590746443404e+01 26
1 0 1 1 3.5435072573669256e-02 2.5270484885112670e-02 1.0000178638312116e+00 7.9121625061297648e-02 1.1017950290792436e-01 2.3116760928262398e+01 26
1 0 1 1 3.5401380040087957e-02 2.5241520552996537e-02 1.0000187299553234e+00 7.9010795306996645e-02 1.1167455577386888e-01 2.3192179757931189e+01 26
1 0 1 1 3.5367031922378209e-02 2.5212256315575998e-02 1.0000196318196108e+00 7.8899965552695642e-02 1.1318028469146416e-01 2.3267852864416053e+01 26
1 0 1 1 3.5332031379331247e-02 2.5182693967130125e-02 1.0000205706619276e+00 7.8789135798394638e-02 1.1469677528304711e-01 2.3343785967782654e+01 26
1 0 1 1 3.5296381486190791e-02 2.5152835246058040e-02 1.0000215477557424e+00 7.8678306044093635e-02 1.1622411574057182e-01 2.3419984882551873e+01 26
1 0 1 1 3.5260085234692928e-02 2.5122681835144302e-02 1.0000225644109799e+00 7.8567476289792632e-02 1.1776239688899029e-01 2.3496455521176674e+01 26
1 0 1 1 3.5223145533059344e-02 2.5092235361792160e-02 1.0000236219748790e+00 7.8456646535491628e-02 1.1931171225249242e-01 2.3573203897653993e+01 26
1 0 1 1 3.5185565205922191e-02 2.5061497398202827e-02 1.0000247218328624e+00 7.8345816781190625e-02 1.2087215812344064e-01 2.3650236131264386e+01 25
1 0 1 1 3.5147346994216504e-02 2.5030469461543983e-02 1.0000258654094221e+00 7.8234987026889621e-02 1.2244383363429585e-01 2.3727558450451511e+01 25
1 0 1 1 3.5108493554998940e-02 2.4999153014057803e-02 1.0000270541690173e+00 7.8124157272588618e-02 1.2402684083281286e-01 2.3805177196858221e+01 25
1 0 1 1 3.5069007461224523e-02 2.4967549463144077e-02 1.0000282896169874e+00 7.8013327518287615e-02 1.2562128476048046e-01 2.3883098829515653e+01 25
1 0 1 1 3.5028887629475723e-02 2.4935660161408843e-02 1.0000295733004751e+00 7.7902497763986611e-02 1.2722727353430835e-01 2.3961329929190551e+01 25
1 0 1 1 3.4988135767497153e-02 2.4903486406657915e-02 1.0000309068093640e+00 7.7791668009685608e-02 1.2884491843245910e-01 2.4039877202917204e+01 25
1 0 1 1 3.4946759173001787e-02 2.4871029441864017e-02 1.0000322917772266e+00 7.7680838255384604e-02 1.3047433398357638e-01 2.4118747488704397e+01 25
1 0 1 1 3.4904760074872664e-02 2.4838290455091595e-02 1.0000337298822848e+00 7.7570008501083601e-02 1.3211563806016260e-01 2.4197947760436044e+01 25
1 0 1 1 3.4862140615569435e-02 2.4805270579369564e-02 1.0000352228483778e+00 7.7459178746782598e-02 1.3376895197623034e-01 2.4277485132976846e+01 25
1 0 1 1 3.4818902850530922e-02 2.4771970892530356e-02 1.0000367724459425e+00 7.7348348992481594e-02 1.3543440058937017e-01 2.4357366867489336e+01 25
1 0 1 1 3.4775048747508398e-02 2.4738392417005400e-02 1.0000383804929995e+00 7.7237519238180591e-02 1.3711211240750945e-01 2.4437600376976157e+01 25
1 0 1 1 3.4730580185813278e-02 2.4704536119560673e-02 1.0000400488561476e+00 7.7126689483879587e-02 1.3880221970071693e-01 2.4518193232066380e+01 25
1 0 1 1 3.4685498955498731e-02 2.4670402910999811e-02 1.0000417794515617e+00 7.7015859729578584e-02 1.4050485861807044e-01 2.4599153167044776e+01 24
1 0 1 1 3.4639806756461694e-02 2.4635993645815191e-02 1.0000435742459977e+00 7.6905029975277581e-02 1.4222016931009790e-01 2.4680488086150952e+01 24
1 0 1 1 3.4593505197449456e-02 2.4601309121773551e-02 1.0000454352577974e+00 7.6794200220976577e-02 1.4394829605709170e-01 2.4762206070163806e+01 24
1 0 1 1 3.4546595794997158e-02 2.4566350079472984e-02 1.0000473645578938e+00 7.6683370466675574e-02 1.4568938740344092e-01 2.4844315383276086e+01 24
1 0 1 1 3.4499079972255424e-02 2.4531117201819417e-02 1.0000493642708150e+00 7.6572540712374570e-02 1.4744359629840229e-01 2.4926824480283919e+01 24
1 0 1 1 3.4450959057736118e-02 2.4495611113462448e-02 1.0000514365756838e+00 7.6461710958073567e-02 1.4921108024389843e-01 2.5009742014117023e+01 24
1 0 1 1 3.4402234283957334e-02 2.4459832380169137e-02 1.0000535837072095e+00 7.6350881203772564e-02 1.5099200144941760e-01 2.5093076843715512e+01 24
1 0 1 1 3.4352906785972435e-02 2.4423781508125179e-02 1.0000558079566704e+00 7.6240051449471560e-02 1.5278652699453479e-01 2.5176838042279616e+01 24
1 0 1 1 3.4302977599800839e-02 2.4387458943180704e-02 1.0000581116728811e+00 7.6129221695170557e-02 1.5459482899957908e-01 2.5261034905917374e+01 24
1 0 1 1 3.4252447660742535e-02 2.4350865070029350e-02 1.0000604972631448e+00 7.6018391940869554e-02 1.5641708480502606e-01 2.5345676962719239e+01 24
1 0 1 1 3.4201317801560167e-02 2.4314000211299962e-02 1.0000629671941825e+00 7.5907562186568550e-02 1.5825347715983504e-01 2.5430773982273244e+01 24
1 0 1 1 3.4149588750543164e-02 2.4276864626590334e-02 1.0000655239930361e+00 7.5796732432267547e-02 1.6010419441940205e-01 2.5516335985651178e+01 23
1 0 1 1 3.4097261129437097e-02 2.4239458511417275e-02 1.0000681702479415e+00 7.5685902677966543e-02 1.6196943075406323e-01 2.5602373255913751e+01 23
1 0 1 1 3.4044335451217191e-02 2.4201781996069344e-02 1.0000709086091644e+00 7.5575072923665540e-02 1.6384938636822827e-01 2.5688896349141242e+01 23
1 0 1 1 3.3990812117729821e-02 2.4163835144395955e-02 1.0000737417897934e+00 7.5464243169364537e-02 1.6574426773120304e-01 2.5775916106038387e+01 23
1 0 1 1 3.3936691417153997e-02 2.4125617952478914e-02 1.0000766725664825e+00 7.5353413415063533e-02 1.6765428782039851e-01 2.5863443664153017e+01 23
1 0 1 1 3.3881973521307146e-02 2.4087130347221212e-02 1.0000797037801381e+00 7.5242583660762530e-02 1.6957966637764485e-01 2.5951490470741494e+01 23
1 0 1 1 3.3826657532630880e-02 2.4048372184830417e-02 1.0000828383365401e+00 7.5131753906461526e-02 1.7152063017953306e-01 2.6040068296328638e+01 23
1 0 1 1 3.3770737157906752e-02 2.4009343249182236e-02 1.0000860792068869e+00 7.5020924152160523e-02 1.7347741332264974e-01 2.6129189249006377e+01 23
1 0 1 1 3.3714218838180682e-02 2.3970043250076720e-02 1.0000894294282590e+00 7.4910094397859520e-02 1.7545025752481272e-01 2.6218865789525353e+01 23
1 0 1 1 3.3657102258496920e-02 2.3930471821370196e-02 1.0000928921039851e+00 7.4799264643558516e-02 1.7743941244334929e-01 2.6309110747232694e+01 23
1 0 1 1 3.3599386971257736e-02 2.3890628518965448e-02 1.0000964704039010e+00 7.4688434889257513e-02 1.7944513601152490e-01 2.6399937336912707e+01 23
1 0 1 1 3.3541072392256559e-02 2.3850512818670726e-02 1.0001001675644894e+00 7.4577605134956509e-02 1.8146769479451696e-01 2.6491359176599001e+01 22
1 0 1 1 3.3482157796451091e-02 2.3810124113909984e-02 1.0001039868888824e+00 7.4466775380655506e-02 1.8350736436626328e-01 2.6583390306425660e+01 22
1 0 1 1 3.3422642313440859e-02 2.3769461713257452e-02 1.0001079317467154e+00 7.4355945626354503e-02 1.8556442970868800e-01 2.6676045208594953e+01 22
1 0 1 1 3.3362524922664581e-02 2.3728524837825293e-02 1.0001120055738115e+00 7.4245115872053499e-02 1.8763918563494816e-01 2.6769338828540331e+01 22
1 0 1 1 3.3301804448257560e-02 2.3687312618443968e-02 1.0001162118716780e+00 7.4134286117752496e-02 1.8973193723833540e-01 2.6863286597372834e+01 22
1 0 1 1 3.3240479553574648e-02 2.3645824092661544e-02 1.0001205542067955e+00 7.4023456363451492e-02 1.9184300036913376e-01 2.6957904455720961e+01 22
1 0 1 1 3.3178548735343309e-02 2.3604058201530467e-02 1.0001250362096759e+00 7.3912626609150489e-02 1.9397270214123902e-01 2.7053208879058367e+01 22
1 0 1 1 3.3116010317408164e-02 2.3562013786160910e-02 1.0001296615736619e+00 7.3801796854849486e-02 1.9612138147061323e-01 2.7149216904625469e+01 22
1 0 1 1 3.3052862444055801e-02 2.3519689584037735e-02 1.0001344340534455e+00 7.3690967100548482e-02 1.9828938964881462e-01 2.7245946160103472e+01 22
1 0 1 1 3.2989103072877703e-02 2.3477084225077195e-02 1.0001393574632693e+00 7.3580137346247479e-02 2.0047709095372254e-01 2.7343414894151408e+01 22
1 0 1 1 3.2924729967125352e-02 2.3434196227392144e-02 1.0001444356747831e+00 7.3469307591946476e-02 2.0268486330052374e-01 2.7441642008961391e+01 21
1 0 1 1 3.2859740687535589e-02 2.3391023992761828e-02 1.0001496726145156e+00 7.3358477837645472e-02 2.0491309893653412e-01 2.7540647095009561e+01 21
1 0 1 1 3.2794132583573235e-02 2.3347565801773277e-02 1.0001550722609232e+00 7.3247648083344469e-02 2.0716220518346656e-01 2.7640450468185158e+01 21
1 0 1 1 3.2727902784032308e-02 2.3303819808592394e-02 1.0001606386409729e+00 7.3136818329043465e-02 2.0943260523071516e-01 2.7741073209482330e+01 21
1 0 1 1 3.2661048186970555e-02 2.3259784035372825e-02 1.0001663758262112e+00 7.3025988574742462e-02 2.1172473898450528e-01 2.7842537207491961e+01 21
1 0 1 1 3.2593565448882998e-02 2.3215456366222333e-02 1.0001722879282666e+00 7.2915158820441459e-02 2.1403906397749140e-01 2.7944865203931911e+01 21
1 0 1 1 3.2525450973079933e-02 2.3170834540728231e-02 1.0001783790937291e+00 7.2804329066140455e-02 2.1637605634427798e-01 2.8048080842486780e+01 21
1 0 1 1 3.2456700897187954e-02 2.3125916146991825e-02 1.0001846534983454e+00 7.2693499311839452e-02 2.1873621186859193e-01 2.8152208721247860e+01 21
1 0 1 1 3.2387311079680209e-02 2.3080698614108337e-02 1.0001911153404592e+00 7.2582669557538448e-02 2.2112004710874195e-01 2.8257274449090374e+01 21
1 0 1 1 3.2317277085374067e-02 2.3035179204072841e-02 1.0001977688336241e+00 7.2471839803237445e-02 2.2352810060864842e-01 2.8363304706351386e+01 20
1 0 1 1 3.2246594169782761e-02 2.2989355003042618e-02 1.0002046181983049e+00 7.2361010048936442e-02 2.2596093420245145e-01 2.8470327310214643e+01 20
1 0 1 1 3.2175257262209593e-02 2.2943222911888921e-02 1.0002116676525803e+00 7.2250180294635438e-02 2.2841913442143533e-01 2.8578371285244849e+01 20
1 0 1 1 3.2103260947477015e-02 2.2896779635987449e-02 1.0002189214017447e+00 7.2139350540334435e-02 2.3090331401360242e-01 2.8687466939589264e+01 20
1 0 1 1 3.2030599446152011e-02 2.2850021674165905e-02 1.0002263836267054e+00 7.2028520786033431e-02 2.3341411358683017e-01 2.8797645947399708e+01 20
1 0 1 1 3.1957266593102260e-02 2.2802945306709274e-02 1.0002340584710534e+00 7.1917691031732428e-02 2.3595220338801823e-01 2.8908941438103604e+01 20
1 0 1 1 3.1883255542484376e-02 2.2755543869749074e-02 1.0002419507627904e+00 7.1806861277431425e-02 2.3851829383600090e-01 2.9021388394458114e+01 20
1 0 1 1 3.1808558194277900e-02 2.2707802380646579e-02 1.0002500676525776e+00 7.1696031523130421e-02 2.4111315482344101e-01 2.9135024341782341e+01 20
1 0 1 1 3.1733168405237086e-02 2.2659729701198474e-02 1.0002584096240368e+00 7.1585201768829418e-02 2.4373751564823901e-01 2.9249885901176629e+01 20
1 0 1 1 3.1657078215031761e-02 2.2611321104118107e-02 1.0002669805331665e+00 7.1474372014528414e-02 2.4639218609474489e-01 2.9366013075206681e+01 19
1 0 1 1 3.1580279139044355e-02 2.2562571566123499e-02 1.0002757841098457e+00 7.1363542260227411e-02 2.4907801707097479e-01 2.9483447898457186e+01 19
1 0 1 1 3.1502762132635559e-02 2.2513475747961337e-02 1.0002848239337170e+00 7.1252712505926408e-02 2.5179590356615461e-01 2.9602234586171434e+01 19
1 0 1 1 3.1424517552020789e-02 2.2464027972539935e-02 1.0002941034075121e+00 7.1141882751625404e-02 2.5454678788800678e-01 2.9722419696992286e+01 19
1 0 1 1 3.1345535111361546e-02 2.2414222200948002e-02 1.0003036257275617e+00 7.1031052997324401e-02 2.5733166321232059e-01 2.9844052311448301e+01 19
1 0 1 1 3.1265803835632142e-02 2.2364052006123264e-02 1.0003133938512117e+00 7.0920223243023398e-02 2.6015157748289969e-01 2.9967184228101800e+01 19
1 0 1 1 3.1185312008742746e-02 2.2313510543879405e-02 1.0003234104608314e+00 7.0809393488722394e-02 2.6300763770449032e-01 3.0091870179510710e+01 19
1 0 1 1 3.1104047116331000e-02 2.2262590520962845e-02 1.0003336779240732e+00 7.0698563734421391e-02 2.6590101467713317e-01 3.0218168070453654e+01 19
1 0 1 1 3.1021995782554747e-02 2.2211284159776381e-02 1.0003441982499979e+00 7.0587733980120387e-02 2.6883294822934534e-01 3.0346139241308251e+01 19
1 0 1 1 3.0939143700104532e-02 2.2159583159335326e-02 1.0003549730406422e+00 7.0476904225819384e-02 2.7180475301494211e-01 3.0475848759855801e+01 18
1 0 1 1 3.0855475552531743e-02 2.2107478651947392e-02 1.0003660034375523e+00 7.0366074471518381e-02 2.7481782494838086e-01 3.0607365745298260e+01 18
1 0 1 1 3.0770974927873163e-02 2.2054961155072956e-02 1.0003772900627539e+00 7.0255244717217377e-02 2.7787364836697936e-01 3.0740763728935953e+01 18
1 0 1 1 3.0685602203477491e-02 2.2002020517655985e-02 1.0003888329535615e+00 7.0144414962916374e-02 2.8097380402122923e-01 3.0876121056628804e+01 18
1 0 1 1 3.0599347482741165e-02 2.1948645860179118e-02 1.0004006314905580e+00 7.0033585208615370e-02 2.8411997801300903e-01 3.1013521339080341e+01 18
1 0 1 1 3.0512203376968187e-02 2.1894825507512400e-02 1.0004126843179877e+00 6.9922755454314367e-02 2.8731397182148899e-01 3.1153053957008090e+01 18
1 0 1 1 3.0424148022631332e-02 2.1840546913480679e-02 1.0004249892556984e+00 6.9811925700013364e-02 2.9055771358098254e-01 3.1294814629500074e+01 18
1 0 1 1 3.0335157847692844e-02 2.1785796575885131e-02 1.0004375432016617e+00 6.9701095945712360e-02 2.9385327080701595e-01 3.1438906055465026e+01 18
1 0 1 1 3.0245207398785858e-02 2.1730559940471583e-02 1.0004503420239408e+00 6.9590266191411357e-02 2.9720286480187486e-01 3.1585438639865195e+01 17
1 0 1 1 3.0154269145158726e-02 2.1674821292044018e-02 1.0004633804408187e+00 6.9479436437110353e-02 3.0060888701626548e-01 3.1734531318715771e+01 17
1 0 1 1 3.0062313255486105e-02 2.1618563630582496e-02 1.0004766518875881e+00 6.9368606682809350e-02 3.0407391770037501e-01 3.1886312499691012e+01 17
1 0 1 1 2.9969307342846929e-02 2.1561768529774199e-02 1.0004901483682551e+00 6.9257776928508347e-02 3.0760074724487280e-01 3.2040921138592239e+01 17
1 0 1 1 2.9875216172169941e-02 2.1504415974810263e-02 1.0005038602901084e+00 6.9146947174207343e-02 3.1119240069794640e-01 3.2198507976267202e+01 17
1 0 1 1 2.9780000101500326e-02 2.1446473595834341e-02 1.0005177833468744e+00 6.9036117419906340e-02 3.1485220176581152e-01 3.2359237848090409e+01 17
1 0 1 1 2.9683616361742746e-02 2.1387910821421042e-02 1.0005319095880303e+00 6.8925287665605336e-02 3.1858375598418337e-01 3.2523290015650787e+01 17
1 0 1 1 2.9586020943481544e-02 2.1328718990763471e-02 1.0005462122586730e+00 6.8814457911304333e-02 3.2239092163798533e-01 3.2690858576800217e+01 17
1 0 1 1 2.9487163272205678e-02 2.1268869556249306e-02 1.0005606733219079e+00 6.8703628157003330e-02 3.2627799462048962e-01 3.2862158180459978e+01 17
1 0 1 1 2.9386987592912979e-02 2.1208331090811400e-02 1.0005752719525098e+00 6.8592798402702326e-02 3.3024970205772231e-01 3.3037425185693344e+01 17
1 0 1 1 2.9285432234108861e-02 2.1147068881202259e-02 1.0005899841956023e+00 6.8481968648401323e-02 3.3431126465354222e-01 3.3216920811615502e+01 17
1 0 1 1 2.9182428732166556e-02 2.1085044444355987e-02 1.0006047825755464e+00 6.8371138894100320e-02 3.3846847101600241e-01 3.3400934893737698e+01 17
1 0 1 1 2.9077900782299503e-02 2.1022214948277138e-02 1.0006196356449524e+00 6.8260309139799316e-02 3.4272776689110179e-01 3.3589790395112878e+01 17
1 0 1 1 2.8971732146615806e-02 2.0958532513345493e-02 1.0006345074609162e+00 6.8149479385498313e-02 3.4709636311503028e-01 3.3783848865578896e+01 18
1 0 1 1 2.8863836526985463e-02 2.0893943362358475e-02 1.0006493569718069e+00 6.8038649631197309e-02 3.5158236729892245e-01 3.3983517103515098e+01 18
1 0 1 1 2.8754126435169051e-02 2.0828386777179003e-02 1.0006641372927496e+00 6.7927819876896306e-02 3.5619494592677370e-01 3.4189255359225356e+01 18
1 0 1 1 2.8642478384737033e-02 2.0761793805238165e-02 1.0006787948407552e+00 6.7816990122595303e-02 3.6094452588933174e-01 3.4401587538099129e+01 18
1 0 1 1 2.8528751054725642e-02 2.0694085638246793e-02 1.0006932682902969e+00 6.7706160368294299e-02 3.6584304781491034e-01 3.4621114031468402e+01 18
1 0 1 1 2.8412781552935744e-02 2.0625171555237493e-02 1.0007074872955362e+00 6.7595330613993296e-02 3.7090428840809636e-01 3.4848528049792414e+01 18
1 0 1 1 2.8294378386239070e-02 2.0554926842942405e-02 1.0007213906103047e+00 6.7484500859692292e-02 3.7614433433683225e-01 3.5084637399180558e+01 18
1 0 1 1 2.8173319535193770e-02 2.0483226615045692e-02 1.0007348878268270e+00 6.7373671105391289e-02 3.8158200963575845e-01 3.5330390366966945e+01 19
1 0 1 1 2.8049344507446814e-02 2.0409945905171221e-02 1.0007478494711741e+00 6.7262841351090286e-02 3.8723959546168596e-01 3.5586912963211766e+01 19
1 0 1 1 2.7922138078865445e-02 2.0334909982014801e-02 1.0007601481717374e+00 6.7152011596789282e-02 3.9314394445473488e-01 3.5855560428609621e+01 19
1 0 1 1 2.7791317051370862e-02 2.0257906682600399e-02 1.0007716334141818e+00 6.7041181842488279e-02 3.9932778552466780e-01 3.6137985906490790e+01 19
1 0 1 1 2.7656357823107144e-02 2.0178674169821231e-02 1.0007821252443840e+00 6.6930352088187275e-02 4.0583167667050229e-01 3.6436239699175296e+01 19
1 0 1 1 2.7516689079757888e-02 2.0096882983422274e-02 1.0007914052739899e+00 6.6819522333886272e-02 4.1270687696551211e-01 3.6752915328102013e+01 20
1 0 1 1 2.7371565993908966e-02 2.0012108742568896e-02 1.0007992033330164e+00 6.6708692579585269e-02 4.2001972809027455e-01 3.7091372499189006e+01 20
1 0 1 1 2.7219967527665846e-02 1.9923788739454669e-02 1.0008051767302570e+00 6.6597862825284265e-02 4.2785864369894266e-01 3.7456092995809485e+01 20
1 0 1 1 2.7060481626205998e-02 1.9831093160823363e-02 1.0008089421999218e+00 6.6487033070983262e-02 4.3634604809904765e-01 3.7853281704541999e+01 20
1 0 1 1 2.6891083072647155e-02 1.9732953403790908e-02 1.0008098268357619e+00 6.6376203316682258e-02 4.4565927315498144e-01 3.8291952887150607e+01 21
1 0 1 1 2.6708632817539602e-02 1.9627652897690560e-02 1.0008069234864765e+00 6.6265373562381255e-02 4.5607346268031845e-01 3.8786100045971530e+01 21
1 0 1 1 2.6507706995407002e-02 1.9512272061050273e-02 1.0007987859152427e+00 6.6154543808080252e-02 4.6805818454735054e-01 3.9359633589239017e+01 22
1 0 1 1 2.6277889018083429e-02 1.9381035889407598e-02 1.0007827086507131e+00 6.6043714053779248e-02 4.8254851137929927e-01 4.0060232650306929e+01 23
1 0 1 1 2.5990992525585285e-02 1.9218381695369404e-02 1.0007519680570778e+00 6.5932884299478245e-02 5.0206513665667429e-01 4.1016613035164937e+01 24
1 0 1 1 2.5975448606216284e-02 1.9209616012455556e-02 1.0007499450260042e+00 6.5927859693145408e-02 5.0317551204207467e-01 4.1071475521724985e+01 14
1 0 1 1 2.5959557261032096e-02 1.9200659832375899e-02 1.0007478379294414e+00 6.5922835086812570e-02 5.0431692780943760e-01 4.1127922824419699e+01 16
1 0 1 1 2.5943289387821897e-02 1.9191497208906335e-02 1.0007456400923271e+00 6.5917810480479733e-02 5.0549200996013099e-01 4.1186089317975643e+01 17
1 0 1 1 2.5926611561537947e-02 1.9182109827736969e-02 1.0007433438623519e+00 6.5912785874146895e-02 5.0670377553659995e-01 4.1246129398705023e+01 17
1 0 1 1 2.5909485077316403e-02 1.9172476482284019e-02 1.0007409403948122e+00 6.5907761267814058e-02 5.0795571928643268e-01 4.1308221922937847e+01 17
1 0 1 1 2.5891864702570294e-02 1.9162572390154124e-02 1.0007384193722582e+00 6.5902736661481220e-02 5.0925192669004227e-01 4.1372575995856202e+01 17
1 0 1 1 2.5873686911866770e-02 1.9152368286592288e-02 1.0007357686329257e+00 6.5897712055148383e-02 5.1059722388813045e-01 4.1439438650452352e+01 17
1 0 1 1 2.5854894711117894e-02 1.9141829199104860e-02 1.0007329736688386e+00 6.5892687448815546e-02 5.1199738037064557e-01 4.1509105229191690e+01 17
1 0 1 1 2.5835413573361079e-02 1.9130912754241221e-02 1.0007300169327666e+00 6.5887662842482708e-02 5.1345938909471034e-01 4.1581933732054132e+01 17
1 0 1 1 2.5815148196146945e-02 1.9119566777894222e-02 1.0007268768566944e+00 6.5882638236149871e-02 5.1499186354469251e-01 4.1658365155245072e+01 17
1 0 1 1 2.5793978970677922e-02 1.9107725791263748e-02 1.0007235264195815e+00 6.5877613629817033e-02 5.1660561760987378e-01 4.1738953195462784e+01 18
1 0 1 1 2.5771752296326233e-02 1.9095305709602158e-02 1.0007199309820245e+00 6.5872589023484196e-02 5.1831454302391433e-01 4.1824409198396488e+01 18
1 0 1 1 2.5748265282669415e-02 1.9082195469130821e-02 1.0007160448685732e+00 6.5867564417151359e-02 5.2013699546247827e-01 4.1915673166721007e+01 18
1 0 1 1 2.5723240264301818e-02 1.9068243078337838e-02 1.0007118056781783e+00 6.5862539810818521e-02 5.2209810401826628e-01 4.2014032075783859e+01 18
1 0 1 1 2.5696279359356866e-02 1.9053230747007141e-02 1.0007071241466312e+00 6.5857515204485684e-02 5.2423388974064888e-01 4.2121330876305144e+01 19
1 0 1 1 2.5666775821400364e-02 1.9036826368101754e-02 1.0007018643842303e+00 6.5852490598152846e-02 5.2659930138893363e-01 4.2240384200454400e+01 19
1 0 1 1 2.5633717959217407e-02 1.9018476202289202e-02 1.0006958001955004e+00 6.5847465991820009e-02 5.2928599242539742e-01 4.2375887187330029e+01 19
1 0 1 1 2.5595164252466936e-02 1.8997117610694954e-02 1.0006884982399626e+00 6.5842441385487172e-02 5.3246991562459722e-01 4.2536854143538100e+01 20
1 0 1 1 2.5546269582148218e-02 1.8970098834378769e-02 1.0006788790246024e+00 6.5837416779154334e-02 5.3659032810861007e-01 4.2745790812198805e+01 21
1 0 1 1 2.5457218241850363e-02 1.8921064567877479e-02 1.0006603526680378e+00 6.5832392172821497e-02 5.4435122462728458e-01 4.3141249081261648e+01 23
1 0 1 1 2.5448708364423086e-02 1.8916393474703880e-02 1.0006585112211550e+00 6.5832206359931145e-02 5.4511142807217894e-01 4.3180121335410242e+01 14
1 0 1 1 2.5435095906656470e-02 1.8908927389682029e-02 1.0006555393715344e+00 6.5832020547040793e-02 5.4633455572280276e-01 4.3242715889694473e+01 32
1 0 1 1 2.5410294635428755e-02 1.8895343366929537e-02 1.0006500413428816e+00 6.5832041192800950e-02 5.4858603497628822e-01 4.3358102332382856e+01 26
1 0 1 1 2.5383506444792214e-02 1.8880699260706724e-02 1.0006439809819787e+00 6.5832598628500050e-02 5.5105236826169546e-01 4.3484746099990154e+01 41
