isScalarized | massIncreased | isMonotoneInside | isMonotoneOutside | mass_Baryon | mass_ADM | AST(radius) | radius  |  phi_c | rho_c | ctr |
1 0 1 1 3.1559088210263139e-02 2.4130599315725806e-02 1.0000000000000047e+00 8.6550499999999808e-02 1.6619315529227381e-03 1.6953988181795204e+01 35
1 1 1 1 3.1559390082595305e-02 2.4130731999210328e-02 1.0000000000000049e+00 8.6550124999999811e-02 1.6642486443519844e-03 1.6954282417260160e+01 37
1 1 1 1 3.1559691932855252e-02 2.4130864668034345e-02 1.0000000000000049e+00 8.6549749999999814e-02 1.6665633693570857e-03 1.6954576657129554e+01 37
1 1 1 1 3.1559993761044368e-02 2.4130997322197808e-02 1.0000000000000049e+00 8.6549374999999817e-02 1.6688757382655112e-03 1.6954870901392013e+01 37
1 1 1 1 3.1560295567165553e-02 2.4131129961704505e-02 1.0000000000000049e+00 8.6548999999999821e-02 1.6711857613318306e-03 1.6955165150035505e+01 37
1 1 1 1 3.1611206459194380e-02 2.4153433143509286e-02 1.0000000000000084e+00 8.6485346459085122e-02 2.0359694347832518e-03 1.7005166325779680e+01 35
1 1 1 1 3.1661414704512711e-02 2.4175287580928313e-02 1.0000000000000133e+00 8.6421787378352488e-02 2.3632496892087708e-03 1.7055172363610009e+01 35
1 1 1 1 3.1710962767294272e-02 2.4196714694885456e-02 1.0000000000000195e+00 8.6358280218770400e-02 2.6683076595181163e-03 1.7105182508182370e+01 35
1 1 1 1 3.1759877810904794e-02 2.4217728870522696e-02 1.0000000000000275e+00 8.6294799553152279e-02 2.9592514447164034e-03 1.7155191945742178e+01 35
1 1 1 1 3.1808168157409673e-02 2.4238341988368269e-02 1.0000000000000377e+00 8.6231324920528096e-02 3.2409956899774697e-03 1.7205198157197959e+01 36
1 1 1 1 3.1855772511073341e-02 2.4258565012555959e-02 1.0000000000000506e+00 8.6167836460910974e-02 3.5167946719858942e-03 1.7255202436116530e+01 36
1 1 1 1 3.1902801268246239e-02 2.4278406806210615e-02 1.0000000000000664e+00 8.6104318942560709e-02 3.7889223437525977e-03 1.7305205497336544e+01 36
1 1 1 1 3.1949267251679320e-02 2.4297874723240773e-02 1.0000000000000859e+00 8.6040760387587234e-02 4.0590404064177570e-03 1.7355207758839850e+01 36
1 1 1 1 3.1995180923939597e-02 2.4316974988913633e-02 1.0000000000001099e+00 8.5977151210352543e-02 4.3284056003141981e-03 1.7405209476469874e+01 36
1 1 1 1 3.2040550935384861e-02 2.4335712958839274e-02 1.0000000000001388e+00 8.5913483646110289e-02 4.5979942954463941e-03 1.7455210812890172e+01 36
1 1 1 1 3.2085389795235161e-02 2.4354062235111700e-02 1.0000000000001736e+00 8.5849751355386361e-02 4.8686117236039703e-03 1.7505217472456120e+01 36
1 1 1 1 3.2129688731224910e-02 2.4372020224157298e-02 1.0000000000002154e+00 8.5785970544743628e-02 5.1407929487761678e-03 1.7555212871673916e+01 36
1 1 1 1 3.2173462326226338e-02 2.4389627887713903e-02 1.0000000000002653e+00 8.5722116053062847e-02 5.4151076130303450e-03 1.7605207836692244e+01 36
1 1 1 1 3.2216724979875926e-02 2.4406892523357857e-02 1.0000000000003246e+00 8.5658169511697524e-02 5.6920433178981903e-03 1.7655214027434273e+01 36
1 1 1 1 3.2259465708409409e-02 2.4423811237502736e-02 1.0000000000003946e+00 8.5594149728415836e-02 5.9718594630891126e-03 1.7705214524219002e+01 36
1 1 1 1 3.2301692628604224e-02 2.4440388747647940e-02 1.0000000000004772e+00 8.5530047248149221e-02 6.2548830040908693e-03 1.7755214947003001e+01 36
1 1 1 1 3.2343360269524432e-02 2.4456627607891506e-02 1.0000000000005742e+00 8.5465860246104308e-02 6.5413636799039835e-03 1.7805215309523952e+01 36
1 1 1 1 3.2384468682449291e-02 2.4472530196961946e-02 1.0000000000006877e+00 8.5401587303883808e-02 6.8315129130872313e-03 1.7855215622232897e+01 36
1 1 1 1 3.2425069860529704e-02 2.4488098747218592e-02 1.0000000000008200e+00 8.5337227355121559e-02 7.1255101498047544e-03 1.7905215893236466e+01 36
1 1 1 1 3.2465165707162583e-02 2.4503335369037690e-02 1.0000000000009739e+00 8.5272779639615104e-02 7.4235079441080107e-03 1.7955216128921482e+01 36
1 1 1 1 3.2504757914529572e-02 2.4518242071419803e-02 1.0000000000011522e+00 8.5208243664165018e-02 7.7256360906333707e-03 1.8005216334456914e+01 36
1 1 1 1 3.2543848000121785e-02 2.4532820779413447e-02 1.0000000000013587e+00 8.5143619169063378e-02 8.0320050211805435e-03 1.8055216514041028e+01 36
1 1 1 1 3.2582438107578313e-02 2.4547067771943241e-02 1.0000000000015967e+00 8.5078906098988549e-02 8.3427144972995481e-03 1.8105217609709342e+01 36
1 1 1 1 3.2620533532184810e-02 2.4560938492046720e-02 1.0000000000018709e+00 8.5014108222668860e-02 8.6578752279470716e-03 1.8155224470241315e+01 36
1 1 1 1 3.2658113390155015e-02 2.4574480087384519e-02 1.0000000000021858e+00 8.4949251962570249e-02 8.9773717311733038e-03 1.8205208428652046e+01 36
1 1 1 1 3.2695214488931000e-02 2.4587707153633478e-02 1.0000000000025464e+00 8.4884276039720263e-02 9.3015651302127324e-03 1.8255217031767213e+01 36
1 1 1 1 3.2731813018966653e-02 2.4600612468032901e-02 1.0000000000029590e+00 8.4819224030237284e-02 9.6302905579954481e-03 1.8305217125157629e+01 36
1 1 1 1 3.2767916312443905e-02 2.4613199984897385e-02 1.0000000000034297e+00 8.4754085547828817e-02 9.9636426980239459e-03 1.8355217207419237e+01 36
1 1 1 1 3.2803525323647997e-02 2.4625471366346300e-02 1.0000000000039657e+00 8.4688861333794052e-02 1.0301654684886549e-02 1.8405217280015567e+01 36
1 1 1 1 3.2838619909410532e-02 2.4637428261478841e-02 1.0000000000045750e+00 8.4623552213586695e-02 1.0644353685722131e-02 1.8455217344197695e+01 36
1 1 1 1 3.2873155061389138e-02 2.4649072310181812e-02 1.0000000000052662e+00 8.4558159087271656e-02 1.0991761659059466e-02 1.8505217401066194e+01 36
1 1 1 1 3.2907198168996669e-02 2.4660405146300423e-02 1.0000000000060494e+00 8.4492682921282036e-02 1.1343896005811984e-02 1.8555217451592092e+01 36
1 1 1 1 3.2940750171016636e-02 2.4671428400274729e-02 1.0000000000069351e+00 8.4427124741285220e-02 1.1700770128487453e-02 1.8605217496590651e+01 36
1 1 1 1 3.2973812011939871e-02 2.4682143701343501e-02 1.0000000000079350e+00 8.4361485625862376e-02 1.2062393913266219e-02 1.8655217536794744e+01 36
1 1 1 1 3.3006384646315112e-02 2.4692552679342592e-02 1.0000000000090621e+00 8.4295766701122876e-02 1.2428774145007522e-02 1.8705217572818864e+01 36
1 1 1 1 3.3038469042460696e-02 2.4702656966207947e-02 1.0000000000103308e+00 8.4229969135910909e-02 1.2799914866319748e-02 1.8755217605204557e+01 36
1 1 1 1 3.3070066185540065e-02 2.4712458197186794e-02 1.0000000000117566e+00 8.4164094137677281e-02 1.3175817688036174e-02 1.8805217634412678e+01 36
1 1 1 1 3.3101181702234680e-02 2.4721914000661975e-02 1.0000000000133580e+00 8.4098142948832222e-02 1.3556534894203354e-02 1.8855224557630809e+01 36
1 1 1 1 3.3131799953827035e-02 2.4731059871729490e-02 1.0000000000151521e+00 8.4032144136184428e-02 1.3941859956587751e-02 1.8905211812987776e+01 36
1 1 1 1 3.3161944835904809e-02 2.4739910696928734e-02 1.0000000000171609e+00 8.3966048429378159e-02 1.4332076194721146e-02 1.8955216737333469e+01 36
1 1 1 1 3.3191604197119730e-02 2.4748464199318365e-02 1.0000000000194067e+00 8.3899885685347231e-02 1.4727011203503611e-02 1.9005217723418649e+01 36
1 1 1 1 3.3220780970431601e-02 2.4756722607595389e-02 1.0000000000219138e+00 8.3833653335501246e-02 1.5126680606920699e-02 1.9055217741702347e+01 36
1 1 1 1 3.3249476860558021e-02 2.4764687773513136e-02 1.0000000000247093e+00 8.3767351475477647e-02 1.5531083600457008e-02 1.9105217758492206e+01 36
1 1 1 1 3.3277693022256617e-02 2.4772361387629751e-02 1.0000000000278229e+00 8.3700981499179983e-02 1.5940210663726886e-02 1.9155217773958356e+01 36
1 1 1 1 3.3305430638648263e-02 2.4779745147547771e-02 1.0000000000312865e+00 8.3634544819537637e-02 1.6354051252119899e-02 1.9205217788224441e+01 36
1 1 1 1 3.3332623601201691e-02 2.4786840757971596e-02 1.0000000000351350e+00 8.3568042867030512e-02 1.6772593891844153e-02 1.9255217801421541e+01 36
1 1 1 1 3.3359331177230708e-02 2.4793649930711051e-02 1.0000000000394067e+00 8.3501477088466225e-02 1.7195826263589536e-02 1.9305217813644170e+01 36
1 1 1 1 3.3385563694866414e-02 2.4800174384637268e-02 1.0000000000441425e+00 8.3434848945773632e-02 1.7623735277679672e-02 1.9355217824988141e+01 36
1 1 1 1 3.3411322475258735e-02 2.4806415845608550e-02 1.0000000000493876e+00 8.3368159914973372e-02 1.8056307140704823e-02 1.9405217835527260e+01 36
1 1 1 1 3.3436608868976765e-02 2.4812376046352135e-02 1.0000000000551905e+00 8.3301411485184829e-02 1.8493527415508582e-02 1.9455217845330850e+01 36
1 1 1 1 3.3461424255985535e-02 2.4818056726331864e-02 1.0000000000616038e+00 8.3234605157740782e-02 1.8935381074844052e-02 1.9505217854456951e+01 36
1 1 1 1 3.3485770045561490e-02 2.4823459631585020e-02 1.0000000000686853e+00 8.3167742445353854e-02 1.9381852549757616e-02 1.9555217862957477e+01 36
1 1 1 1 3.3509647676155101e-02 2.4828586514541652e-02 1.0000000000764961e+00 8.3100824871349510e-02 1.9832925773213529e-02 1.9605217870879986e+01 36
1 1 1 1 3.3533059163089227e-02 2.4833431896790232e-02 1.0000000000851048e+00 8.3033853968957849e-02 2.0288593929271844e-02 1.9655218938410712e+01 36
1 1 1 1 3.3556006638537403e-02 2.4837968797531741e-02 1.0000000000945877e+00 8.2966835541069761e-02 2.0748849499041724e-02 1.9705222053652076e+01 36
1 1 1 1 3.3578484822350249e-02 2.4842233890458615e-02 1.0000000001050164e+00 8.2899783639609981e-02 2.1213539972144587e-02 1.9755212686150728e+01 36
1 1 1 1 3.3600507405332242e-02 2.4846231254288229e-02 1.0000000001164810e+00 8.2832663523919658e-02 2.1682899464888702e-02 1.9805217895246567e+01 36
1 1 1 1 3.3622067126862901e-02 2.4849961024360729e-02 1.0000000001290688e+00 8.2765503294768283e-02 2.2156725556988346e-02 1.9855217900798895e+01 36
1 1 1 1 3.3643167910603823e-02 2.4853425427602334e-02 1.0000000001428786e+00 8.2698297541878463e-02 2.2635048507515885e-02 1.9905217905959713e+01 36
1 1 1 1 3.3663811391900632e-02 2.4856626265684099e-02 1.0000000001580167e+00 8.2631047842880168e-02 2.3117849686693438e-02 1.9955217910739659e+01 36
1 1 1 1 3.3683999232927218e-02 2.4859565344669442e-02 1.0000000001745970e+00 8.2563755781339870e-02 2.3605110199003996e-02 2.0005217915164636e+01 36
1 1 1 1 3.3703733122269999e-02 2.4862244474749270e-02 1.0000000001927416e+00 8.2496422946341269e-02 2.4096810901949720e-02 2.0055217919243574e+01 36
1 1 1 1 3.3723014774529901e-02 2.4864665469976691e-02 1.0000000002125824e+00 8.2429050932011333e-02 2.4592932423904736e-02 2.0105217922997682e+01 36
1 1 1 1 3.3741812309296432e-02 2.4866830148008411e-02 1.0000000002342606e+00 8.2361641337130087e-02 2.5093455180081742e-02 2.0155217926434716e+01 36
1 1 1 1 3.3760131213041028e-02 2.4868740329841568e-02 1.0000000002579281e+00 8.2294195764697542e-02 2.5598359387763201e-02 2.0205217929572761e+01 36
1 1 1 1 3.3778003178664896e-02 2.4870397839546626e-02 1.0000000002837479e+00 8.2226715821570567e-02 2.6107625079975105e-02 2.0255217932418343e+01 36
1 1 1 1 3.3795430037035591e-02 2.4871804504005422e-02 1.0000000003118943e+00 8.2159203118062907e-02 2.6621232118573715e-02 2.0305217934986022e+01 36
1 1 1 1 3.3812413642631961e-02 2.4872962152650974e-02 1.0000000003425540e+00 8.2091659267601785e-02 2.7139160206066895e-02 2.0355217937282742e+01 36
1 1 1 1 3.3828955873080421e-02 2.4873872617199089e-02 1.0000000003759277e+00 8.2024085886362064e-02 2.7661388896852573e-02 2.0405217939316262e+01 36
1 1 1 1 3.3845058628702573e-02 2.4874537731400637e-02 1.0000000004122291e+00 8.1956484592922985e-02 2.8187897607670778e-02 2.0455217941100205e+01 36
1 1 1 1 3.3860723832030336e-02 2.4874959330773015e-02 1.0000000004516878e+00 8.1888857007957894e-02 2.8718665627101403e-02 2.0505217942633738e+01 36
1 1 1 1 3.3875953427352799e-02 2.4875139252348674e-02 1.0000000004945482e+00 8.1821204753875443e-02 2.9253672124995304e-02 2.0555217943934792e+01 36
1 0 1 1 3.3890749380231427e-02 2.4875079334427154e-02 1.0000000005410716e+00 8.1753529454555107e-02 2.9792896160544403e-02 2.0605217944998881e+01 36
1 0 1 1 3.3905113677037579e-02 2.4874781416318333e-02 1.0000000005915375e+00 8.1685832734990194e-02 3.0336316690717093e-02 2.0655217945841965e+01 36
1 0 1 1 3.3919049518698639e-02 2.4874220756658023e-02 1.0000000006462715e+00 8.1618116221038123e-02 3.0883952780195109e-02 2.0705221603410997e+01 35
1 0 1 1 3.3932555103533824e-02 2.4873417986639574e-02 1.0000000007055638e+00 8.1550396396937896e-02 3.1435634302604779e-02 2.0755215392605241e+01 35
1 0 1 1 3.3945637181757825e-02 2.4872382729831059e-02 1.0000000007697676e+00 8.1482649649427197e-02 3.1991533071753529e-02 2.0805216839120774e+01 35
1 0 1 1 3.3958295632404704e-02 2.4871116949411746e-02 1.0000000008392345e+00 8.1414888435494603e-02 3.2551539700867285e-02 2.0855217945655998e+01 35
1 0 1 1 3.3970532363034177e-02 2.4869622523085652e-02 1.0000000009143479e+00 8.1347115419738381e-02 3.3115623972218261e-02 2.0905217945477297e+01 35
1 0 1 1 3.3982349759663785e-02 2.4867901273059340e-02 1.0000000009955181e+00 8.1279330727094756e-02 3.3683776718316447e-02 2.0955217945098909e+01 35
1 0 1 1 3.3993749941017171e-02 2.4865955046215492e-02 1.0000000010831802e+00 8.1211535981098704e-02 3.4255976366180878e-02 2.1005217944533022e+01 35
1 0 1 1 3.4004735042861993e-02 2.4863785688424310e-02 1.0000000011777967e+00 8.1143732804279833e-02 3.4832201289572512e-02 2.1055217943786470e+01 35
1 0 1 1 3.4015307217544075e-02 2.4861395044323387e-02 1.0000000012798584e+00 8.1075922817919532e-02 3.5412429813688737e-02 2.1105217942855656e+01 35
1 0 1 1 3.4025468633533971e-02 2.4858784957102996e-02 1.0000000013898873e+00 8.1008107641781846e-02 3.5996640219966659e-02 2.1155217941751300e+01 35
1 0 1 1 3.4035221474960999e-02 2.4855957268294614e-02 1.0000000015084363e+00 8.0940288893912110e-02 3.6584810750077829e-02 2.1205217940472423e+01 35
1 0 1 1 3.4044567941160529e-02 2.4852913817559077e-02 1.0000000016360924e+00 8.0872468190382879e-02 3.7176919610239959e-02 2.1255217939025638e+01 35
1 0 1 1 3.4053487214830341e-02 2.4849656442489623e-02 1.0000000017734780e+00 8.0804647145085395e-02 3.7772944974999750e-02 2.1305217937415353e+01 35
1 0 1 1 3.4061978710389323e-02 2.4846186978407080e-02 1.0000000019212525e+00 8.0736827369510766e-02 3.8372864990916647e-02 2.1355217935641338e+01 35
1 0 1 1 3.4070070716067012e-02 2.4842507258163671e-02 1.0000000020801141e+00 8.0669010472521618e-02 3.8976657780262526e-02 2.1405217933711370e+01 35
1 0 1 1 3.4077765498414618e-02 2.4838619111955902e-02 1.0000000022508022e+00 8.0601198060162110e-02 3.9584301444225582e-02 2.1455217931625814e+01 35
1 0 1 1 3.4085065336744907e-02 2.4834524367123981e-02 1.0000000024340989e+00 8.0533391735437776e-02 4.0195774066272255e-02 2.1505217929387705e+01 35
1 0 1 1 3.4091972522708867e-02 2.4830224847983088e-02 1.0000000026308313e+00 8.0465593098116683e-02 4.0811053715242712e-02 2.1555217927001802e+01 35
1 0 1 1 3.4098489359858396e-02 2.4825722375627947e-02 1.0000000028418738e+00 8.0397803744538532e-02 4.1430118448327620e-02 2.1605217924475209e+01 35
1 0 1 1 3.4104618163219379e-02 2.4821018767766892e-02 1.0000000030681506e+00 8.0330025267437433e-02 4.2052946313702641e-02 2.1655217921799590e+01 34
1 0 1 1 3.4110361258871784e-02 2.4816115838540646e-02 1.0000000033106373e+00 8.0262259255708235e-02 4.2679515353688045e-02 2.1705217918985461e+01 34
1 0 1 1 3.4115720983531515e-02 2.4811015398354088e-02 1.0000000035703636e+00 8.0194507294259559e-02 4.3309803607138805e-02 2.1755217916043026e+01 34
1 0 1 1 3.4120699684131853e-02 2.4805719253717089e-02 1.0000000038484165e+00 8.0126770963854232e-02 4.3943789111642824e-02 2.1805217912956138e+01 34
1 0 1 1 3.4125299717423209e-02 2.4800229207073379e-02 1.0000000041459423e+00 8.0059051840857431e-02 4.4581449906773880e-02 2.1855217909747736e+01 34
1 0 1 1 3.4129523449555776e-02 2.4794547056646913e-02 1.0000000044641488e+00 7.9991351497157220e-02 4.5222764035497014e-02 2.1905217906406186e+01 34
1 0 1 1 3.4133373255687632e-02 2.4788674596286957e-02 1.0000000048043094e+00 7.9923671499923299e-02 4.5867709547130625e-02 2.1955217902941040e+01 34
1 0 1 1 3.4136851557508938e-02 2.4782611125283641e-02 1.0000000051677862e+00 7.9856013411482851e-02 4.6516268731671639e-02 2.2005218224750827e+01 34
1 0 1 1 3.4139960967399671e-02 2.4776338488248881e-02 1.0000000055561700e+00 7.9788380110018209e-02 4.7168441271442312e-02 2.2055220519110303e+01 34
1 0 1 1 3.4142703184965990e-02 2.4769882097570396e-02 1.0000000059707101e+00 7.9720782472108509e-02 4.7824075934417579e-02 2.2105214920235355e+01 34
1 0 1 1 3.4145081512919756e-02 2.4763241602983866e-02 1.0000000064131094e+00 7.9653199790039070e-02 4.8483366731460718e-02 2.2155217887059088e+01 34
1 0 1 1 3.4147097755740083e-02 2.4756420279613799e-02 1.0000000068849166e+00 7.9585649201262487e-02 4.9146140257815434e-02 2.2205217883018982e+01 34
1 0 1 1 3.4148754486550019e-02 2.4749419506743572e-02 1.0000000073878876e+00 7.9518128224648155e-02 4.9812413706676550e-02 2.2255217878874735e+01 34
1 0 1 1 3.4150054132696943e-02 2.4742241047285427e-02 1.0000000079238398e+00 7.9450638389335970e-02 5.0482165226373422e-02 2.2305217874616471e+01 34
1 0 1 1 3.4150999127487577e-02 2.4734886658541635e-02 1.0000000084946825e+00 7.9383181218555032e-02 5.1155372987006516e-02 2.2355217870256372e+01 34
1 0 1 1 3.4151591909830095e-02 2.4727358092091888e-02 1.0000000091024195e+00 7.9315758229535710e-02 5.1832015181596136e-02 2.2405217865791268e+01 34
1 0 1 1 3.4151834923874684e-02 2.4719657093665713e-02 1.0000000097491535e+00 7.9248370933346496e-02 5.2512070027997015e-02 2.2455217861226469e+01 34
1 0 1 1 3.4151730618661516e-02 2.4711785403027389e-02 1.0000000104370903e+00 7.9181020834781679e-02 5.3195515770275259e-02 2.2505217856563259e+01 34
1 0 1 1 3.4151281447778604e-02 2.4703744753868509e-02 1.0000000111685425e+00 7.9113709432228840e-02 5.3882330680248405e-02 2.2555217851801938e+01 34
1 0 1 1 3.4150489869013236e-02 2.4695536873689649e-02 1.0000000119459336e+00 7.9046438217539983e-02 5.4572493059001081e-02 2.2605217846946573e+01 34
1 0 1 1 3.4149358344018291e-02 2.4687163483698711e-02 1.0000000127718027e+00 7.8979208675919788e-02 5.5265981238226403e-02 2.2655217841999995e+01 34
1 0 1 1 3.4147889337979673e-02 2.4678626298706763e-02 1.0000000136488090e+00 7.8912022285809597e-02 5.5962773581600206e-02 2.2705217836964461e+01 33
1 0 1 1 3.4146085319280199e-02 2.4669927027021751e-02 1.0000000145797363e+00 7.8844880518774696e-02 5.6662848486033618e-02 2.2755217831836386e+01 33
1 0 1 1 3.4143948759187151e-02 2.4661067370359169e-02 1.0000000155674975e+00 7.8777784839372422e-02 5.7366184383251299e-02 2.2805217826627029e+01 33
1 0 1 1 3.4141482131519366e-02 2.4652049023738035e-02 1.0000000166151395e+00 7.8710736705083190e-02 5.8072759740561614e-02 2.2855217821328360e+01 33
1 0 1 1 3.4138672532769088e-02 2.4642873675394108e-02 1.0000000177258481e+00 7.8643737566159444e-02 5.8782553062660135e-02 2.2905217815954888e+01 33
1 0 1 1 3.4135521346955362e-02 2.4633543006690805e-02 1.0000000189029539e+00 7.8576788865580893e-02 5.9495542892105721e-02 2.2955217810493835e+01 33
1 0 1 1 3.4132047846292632e-02 2.4624058692025681e-02 1.0000000201499362e+00 7.8509892038889251e-02 6.0211707811239634e-02 2.3005217804959671e+01 33
1 0 1 1 3.4128254516267387e-02 2.4614422398757788e-02 1.0000000214704290e+00 7.8443048514152347e-02 6.0931026442571229e-02 2.3055217799342607e+01 33
1 0 1 1 3.4124143843225860e-02 2.4604635787112940e-02 1.0000000228682269e+00 7.8376259711814139e-02 6.1653477450622773e-02 2.3105217793662188e+01 33
1 0 1 1 3.4119718314080089e-02 2.4594700510117733e-02 1.0000000243472897e+00 7.8309527044682053e-02 6.2379039541954374e-02 2.3155217787895449e+01 33
1 0 1 1 3.4114980416024024e-02 2.4584618213513546e-02 1.0000000259117494e+00 7.8242851917731226e-02 6.3107691467508664e-02 2.3205217782068253e+01 33
1 0 1 1 3.4109932636250430e-02 2.4574390535691323e-02 1.0000000275659151e+00 7.8176235728130761e-02 6.3839412022318118e-02 2.3255217776166447e+01 33
1 0 1 1 3.4104577461668735e-02 2.4564019107612984e-02 1.0000000293142790e+00 7.8109679865079107e-02 6.4574180047372184e-02 2.3305217770197313e+01 33
1 0 1 1 3.4098917378635879e-02 2.4553505552746407e-02 1.0000000311615229e+00 7.8043185709760349e-02 6.5311974430219327e-02 2.3355217764166213e+01 33
1 0 1 1 3.4092954872685238e-02 2.4542851487003189e-02 1.0000000331125247e+00 7.7976754635274093e-02 6.6052774105731793e-02 2.3405217758065938e+01 33
1 0 1 1 3.4086692428259152e-02 2.4532058518666511e-02 1.0000000351723641e+00 7.7910388006525472e-02 6.6796558057440336e-02 2.3455217751906655e+01 33
1 0 1 1 3.4080132528451872e-02 2.4521128248338294e-02 1.0000000373463300e+00 7.7844087180191757e-02 6.7543305317945834e-02 2.3505217745684725e+01 33
1 0 1 1 3.4073277654748560e-02 2.4510062268873044e-02 1.0000000396399260e+00 7.7777853504624461e-02 6.8292994970095541e-02 2.3555217739404902e+01 33
1 0 1 1 3.4066130286776838e-02 2.4498862165328483e-02 1.0000000420588786e+00 7.7711688319799133e-02 6.9045606147592628e-02 2.3605217733065619e+01 33
1 0 1 1 3.4058692902051768e-02 2.4487529514900255e-02 1.0000000446091426e+00 7.7645592957235332e-02 6.9801118035992829e-02 2.3655217726672078e+01 33
1 0 1 1 3.4050967975742912e-02 2.4476065886884842e-02 1.0000000472969093e+00 7.7579568739949839e-02 7.0559509873283549e-02 2.3705217720222350e+01 33
1 0 1 1 3.4042957980421638e-02 2.4464472842614316e-02 1.0000000501286135e+00 7.7513616982380074e-02 7.1320760950844997e-02 2.3755217713720775e+01 33
1 0 1 1 3.4034665385833184e-02 2.4452751935417478e-02 1.0000000531109405e+00 7.7447738990339687e-02 7.2084850614006116e-02 2.3805217707165440e+01 33
1 0 1 1 3.4026092658663298e-02 2.4440904710570904e-02 1.0000000562508331e+00 7.7381936060946843e-02 7.2851758263004260e-02 2.3855217700563763e+01 33
1 0 1 1 3.4017242262308726e-02 2.4428932705257624e-02 1.0000000595555008e+00 7.7316209482595544e-02 7.3621463353325672e-02 2.3905217693908511e+01 32
1 0 1 1 3.4008116656652564e-02 2.4416837448516748e-02 1.0000000630324248e+00 7.7250560534866952e-02 7.4393945396899266e-02 2.3955217687211185e+01 32
1 0 1 1 3.3998718297850811e-02 2.4404620461219273e-02 1.0000000666893691e+00 7.7184990488524563e-02 7.5169183962168609e-02 2.4005217680462767e+01 32
1 0 1 1 3.3989049606545044e-02 2.4392281610628393e-02 1.0000000705345802e+00 7.7119500605419639e-02 7.5947161956541165e-02 2.4055217884146540e+01 32
1 0 1 1 3.3979112952135501e-02 2.4379812411537926e-02 1.0000000745776592e+00 7.7054092965349624e-02 7.6727869553043587e-02 2.4105218966426602e+01 32
1 0 1 1 3.3968911686764809e-02 2.4367227185720666e-02 1.0000000788256367e+00 7.6988773085131079e-02 7.7511211185285311e-02 2.4155216120127278e+01 32
1 0 1 1 3.3958446550943752e-02 2.4354525328704624e-02 1.0000000832881994e+00 7.6923531346920565e-02 7.8297296853927043e-02 2.4205217652919153e+01 32
1 0 1 1 3.3947721195440518e-02 2.4341709814086180e-02 1.0000000879741369e+00 7.6858376706440079e-02 7.9086013597663693e-02 2.4255217645975712e+01 32
1 0 1 1 3.3936737731431174e-02 2.4328781723937275e-02 1.0000000928932136e+00 7.6793308370040114e-02 7.9877365503930181e-02 2.4305217638989195e+01 32
1 0 1 1 3.3925498583142040e-02 2.4315742521211881e-02 1.0000000980553994e+00 7.6728327545221464e-02 8.0671332556564224e-02 2.4355217631967776e+01 32
1 0 1 1 3.3914006169454100e-02 2.4302593660378256e-02 1.0000001034710122e+00 7.6663435430343763e-02 8.1467894800871285e-02 2.4405217624912112e+01 32
1 0 1 1 3.3902262903709970e-02 2.4289336587387418e-02 1.0000001091507267e+00 7.6598633214585043e-02 8.2267032344214189e-02 2.4455217617819589e+01 32
1 0 1 1 3.3890271193529324e-02 2.4275972739649623e-02 1.0000001151055828e+00 7.6533922077899386e-02 8.3068725356671952e-02 2.4505217610693546e+01 32
1 0 1 1 3.3878033440639020e-02 2.4262503546022756e-02 1.0000001213469960e+00 7.6469303190999094e-02 8.3872954071463252e-02 2.4555217603538459e+01 32
1 0 1 1 3.3865552040695530e-02 2.4248930426793491e-02 1.0000001278867645e+00 7.6404777715337824e-02 8.4679698785242105e-02 2.4605217596348194e+01 32
1 0 1 1 3.3852829383106846e-02 2.4235254793651288e-02 1.0000001347370804e+00 7.6340346803057402e-02 8.5488939858958668e-02 2.4655217589130409e+01 32
1 0 1 1 3.3839867850876212e-02 2.4221478049687956e-02 1.0000001419105369e+00 7.6276011596993959e-02 8.6300657717952839e-02 2.4705217581883538e+01 32
1 0 1 1 3.3826669820428847e-02 2.4207601589371998e-02 1.0000001494201394e+00 7.6211773230640600e-02 8.7114832852585422e-02 2.4755217574608778e+01 32
1 0 1 1 3.3813237661456996e-02 2.4193626798546471e-02 1.0000001572793138e+00 7.6147632828131362e-02 8.7931445818598936e-02 2.4805217567305032e+01 32
1 0 1 1 3.3799573736757599e-02 2.4179555054408136e-02 1.0000001655019162e+00 7.6083591504214121e-02 8.8750477237729705e-02 2.4855217559981199e+01 32
1 0 1 1 3.3785680402085919e-02 2.4165387725510482e-02 1.0000001741022426e+00 7.6019650364263974e-02 8.9571907797631883e-02 2.4905217552626116e+01 32
1 0 1 1 3.3771560005993982e-02 2.4151126171743392e-02 1.0000001830950382e+00 7.5955810504218513e-02 9.0395718252977320e-02 2.4955217545251500e+01 32
1 0 1 1 3.3757214889696317e-02 2.4136771744338342e-02 1.0000001924955071e+00 7.5892073010612349e-02 9.1221889425219679e-02 2.5005217537854158e+01 32
1 0 1 1 3.3742647386916617e-02 2.4122325785854791e-02 1.0000002023193217e+00 7.5828438960540256e-02 9.2050402203266435e-02 2.5055217530434135e+01 32
1 0 1 1 3.3727859823749901e-02 2.4107789630181110e-02 1.0000002125826328e+00 7.5764909421648263e-02 9.2881237543787326e-02 2.5105217522991040e+01 32
1 0 1 1 3.3712854518523919e-02 2.4093164602527296e-02 1.0000002233020795e+00 7.5701485452118994e-02 9.3714376471715446e-02 2.5155217515533366e+01 32
1 0 1 1 3.3697633781669886e-02 2.4078452019430336e-02 1.0000002344947978e+00 7.5638168100691350e-02 9.4549800080192384e-02 2.5205217508054460e+01 31
1 0 1 1 3.3682199915587345e-02 2.4063653188750440e-02 1.0000002461784316e+00 7.5574958406622150e-02 9.5387489531295402e-02 2.5255217500556192e+01 31
1 0 1 1 3.3666555214514067e-02 2.4048769409668953e-02 1.0000002583711423e+00 7.5511857399691462e-02 9.6227426056264470e-02 2.5305217493043468e+01 31
1 0 1 1 3.3650701964406476e-02 2.4033801972695914e-02 1.0000002710916178e+00 7.5448866100210954e-02 9.7069590955627866e-02 2.5355217485513116e+01 31
1 0 1 1 3.3634642442813834e-02 2.4018752159670545e-02 1.0000002843590832e+00 7.5385985519004300e-02 9.7913965599700059e-02 2.5405217477965447e+01 31
1 0 1 1 3.3618378918758844e-02 2.4003621243762128e-02 1.0000002981933096e+00 7.5323216657407044e-02 9.8760531428961337e-02 2.5455217470409867e+01 31
1 0 1 1 3.3601913652629697e-02 2.3988410489486474e-02 1.0000003126146249e+00 7.5260560507297125e-02 9.9609269953812557e-02 2.5505217462833233e+01 31
1 0 1 1 3.3585248896055235e-02 2.3973121152699100e-02 1.0000003276439233e+00 7.5198018051041149e-02 1.0046016275566978e-01 2.5555217455248670e+01 31
1 0 1 1 3.3568386891805836e-02 2.3957754480612905e-02 1.0000003433026743e+00 7.5135590261551366e-02 1.0131319148647443e-01 2.5605217447651189e+01 31
1 0 1 1 3.3551329873678794e-02 2.3942311711798742e-02 1.0000003596129330e+00 7.5073278102258251e-02 1.0216833786934758e-01 2.5655217440041433e+01 31
1 0 1 1 3.3534080066397721e-02 2.3926794076200575e-02 1.0000003765973502e+00 7.5011082527120909e-02 1.0302558369880199e-01 2.5705217432423343e+01 31
1 0 1 1 3.3516639685512835e-02 2.3911202795146778e-02 1.0000003942791809e+00 7.4949004480643622e-02 1.0388491084075933e-01 2.5755217424791525e+01 31
1 0 1 1 3.3499010937293947e-02 2.3895539081351148e-02 1.0000004126822941e+00 7.4887044897858857e-02 1.0474630123322003e-01 2.5805217417157404e+01 31
1 0 1 1 3.3481196018649823e-02 2.3879804138942216e-02 1.0000004318311835e+00 7.4825204704377674e-02 1.0560973688581314e-01 2.5855217409509859e+01 31
1 0 1 1 3.3463197117019242e-02 2.3863999163460502e-02 1.0000004517509753e+00 7.4763484816349951e-02 1.0647519988072336e-01 2.5905217401857076e+01 31
1 0 1 1 3.3445016410288110e-02 2.3848125341878926e-02 1.0000004724674383e+00 7.4701886140510543e-02 1.0734267237241002e-01 2.5955217394198726e+01 31
1 0 1 1 3.3426656066705113e-02 2.3832183852622837e-02 1.0000004940069929e+00 7.4640409574180278e-02 1.0821213658788838e-01 2.6005217386530589e+01 31
1 0 1 1 3.3408117968408750e-02 2.3816175865574121e-02 1.0000005163967207e+00 7.4579056005262906e-02 1.0908357482720152e-01 2.6055217378861528e+01 31
1 0 1 1 3.3389396008152196e-02 2.3800102542098953e-02 1.0000005396643727e+00 7.4517826312290064e-02 1.0995696946313317e-01 2.6105217371186573e+01 31
1 0 1 1 3.3370501126350254e-02 2.3783965035059858e-02 1.0000005638383791e+00 7.4456721364410144e-02 1.1083230294175513e-01 2.6155217363508594e+01 31
1 0 1 1 3.3351435450265116e-02 2.3767764488831573e-02 1.0000005889478571e+00 7.4395742021417133e-02 1.1170955778231370e-01 2.6205217355822690e+01 31
1 0 1 1 3.3332201097070704e-02 2.3751502039323948e-02 1.0000006150226211e+00 7.4334889133744808e-02 1.1258871657782595e-01 2.6255217348141013e+01 31
1 0 1 1 3.3312800173784858e-02 2.3735178814001934e-02 1.0000006420931891e+00 7.4274163542527250e-02 1.1346976199452492e-01 2.6305217340453407e+01 31
1 0 1 1 3.3293234777192891e-02 2.3718795931902254e-02 1.0000006701907926e+00 7.4213566079571802e-02 1.1435267677269396e-01 2.6355217332766401e+01 31
1 0 1 1 3.3273506993788234e-02 2.3702354503658016e-02 1.0000006993473847e+00 7.4153097567408066e-02 1.1523744372630874e-01 2.6405217325075679e+01 31
1 0 1 1 3.3253618899700028e-02 2.3685855631512858e-02 1.0000007295956475e+00 7.4092758819284843e-02 1.1612404574357307e-01 2.6455217317389437e+01 31
1 0 1 1 3.3233572560647788e-02 2.3669300409359783e-02 1.0000007609690005e+00 7.4032550639220873e-02 1.1701246578652799e-01 2.6505217309699116e+01 31
1 0 1 1 3.3213370031859916e-02 2.3652689922740736e-02 1.0000007935016078e+00 7.3972473821989571e-02 1.1790268689176189e-01 2.6555217302014071e+01 31
1 0 1 1 3.3193013358039050e-02 2.3636025248893626e-02 1.0000008272283860e+00 7.3912529153178641e-02 1.1879469216989960e-01 2.6605217294326078e+01 31
1 0 1 1 3.3172504573290039e-02 2.3619307456757822e-02 1.0000008621850112e+00 7.3852717409176011e-02 1.1968846480636178e-01 2.6655217286647218e+01 31
1 0 1 1 3.3151845701082552e-02 2.3602537607015854e-02 1.0000008984079265e+00 7.3793039357240076e-02 1.2058398806059675e-01 2.6705217278961211e+01 30
1 0 1 1 3.3131038754178839e-02 2.3585716752095039e-02 1.0000009359343480e+00 7.3733495755458511e-02 1.2148124526732175e-01 2.6755217271288895e+01 30
1 0 1 1 3.3110085734618502e-02 2.3568845936226941e-02 1.0000009748022725e+00 7.3674087352854578e-02 1.2238021983528560e-01 2.6805217263613827e+01 30
1 0 1 1 3.3088988633637115e-02 2.3551926195438427e-02 1.0000010150504828e+00 7.3614814889340574e-02 1.2328089524845218e-01 2.6855217255945480e+01 30
1 0 1 1 3.3067749431648856e-02 2.3534958557607091e-02 1.0000010567185547e+00 7.3555679095789139e-02 1.2418325506540316e-01 2.6905217248281200e+01 30
1 0 1 1 3.3046370098189226e-02 2.3517944042469593e-02 1.0000010998468623e+00 7.3496680694041527e-02 1.2508728291968046e-01 2.6955217240623128e+01 30
1 0 1 1 3.3024852591884341e-02 2.3500883661661819e-02 1.0000011444765839e+00 7.3437820396944353e-02 1.2599296251974312e-01 2.7005217232972193e+01 30
1 0 1 1 3.3003198860407382e-02 2.3483778418741150e-02 1.0000011906497068e+00 7.3379098908379070e-02 1.2690027764888326e-01 2.7055217225321254e+01 30
1 0 1 1 3.2981410840442746e-02 2.3466629309215767e-02 1.0000012384090338e+00 7.3320516923265272e-02 1.2780921216587748e-01 2.7105217217688633e+01 30
1 0 1 1 3.2959490457662804e-02 2.3449437320581922e-02 1.0000012877981854e+00 7.3262075127654980e-02 1.2871975000380215e-01 2.7155217210051337e+01 30
1 0 1 1 3.2937439626672713e-02 2.3432203432335940e-02 1.0000013388616069e+00 7.3203774198673355e-02 1.2963187517159164e-01 2.7205217202429012e+01 30
1 0 1 1 3.2915260251007321e-02 2.3414928616026828e-02 1.0000013916445707e+00 7.3145614804630554e-02 1.3054557175279896e-01 2.7255217194814570e+01 30
1 0 1 1 3.2892954223086419e-02 2.3397613835273015e-02 1.0000014461931814e+00 7.3087597605013099e-02 1.3146082390617989e-01 2.7305217187205496e+01 30
1 0 1 1 3.2870523424190549e-02 2.3380260045795524e-02 1.0000015025543778e+00 7.3029723250514211e-02 1.3237761586581956e-01 2.7355217179610097e+01 30
1 0 1 1 3.2847969724441914e-02 2.3362868195454075e-02 1.0000015607759378e+00 7.2971992383093764e-02 1.3329593194061101e-01 2.7405217172018837e+01 30
1 0 1 1 3.2825294982769752e-02 2.3345439224269553e-02 1.0000016209064793e+00 7.2914405635973123e-02 1.3421575651493511e-01 2.7455217164441368e+01 30
1 0 1 1 3.2802501046906712e-02 2.3327974064470652e-02 1.0000016829954643e+00 7.2856963633706417e-02 1.3513707404809566e-01 2.7505217156875975e+01 30
1 0 1 1 3.2779589753358207e-02 2.3310473640516933e-02 1.0000017470932003e+00 7.2799666992201223e-02 1.3605986907442236e-01 2.7555217149316036e+01 30
1 0 1 1 3.2756562927378156e-02 2.3292938869127429e-02 1.0000018132508415e+00 7.2742516318733574e-02 1.3698412620363942e-01 2.7605217141770755e+01 30
1 0 1 1 3.2733422382970834e-02 2.3275370659328137e-02 1.0000018815203908e+00 7.2685512212015579e-02 1.3790983012033570e-01 2.7655217134237525e+01 30
1 0 1 1 3.2710169922862090e-02 2.3257769912473227e-02 1.0000019519547010e+00 7.2628655262214847e-02 1.3883696558416078e-01 2.7705217126714334e+01 30
1 0 1 1 3.2686807338492573e-02 2.3240137522285771e-02 1.0000020246074741e+00 7.2571946050986547e-02 1.3976551742990379e-01 2.7755217119205298e+01 30
1 0 1 1 3.2663336410007168e-02 2.3222474374891174e-02 1.0000020995332630e+00 7.2515385151523365e-02 1.4069547056722626e-01 2.7805217111708487e+01 30
1 0 1 1 3.2639758906240025e-02 2.3204781348846969e-02 1.0000021767874698e+00 7.2458973128582571e-02 1.4162680998074978e-01 2.7855217104223147e+01 30
1 0 1 1 3.2616076584710760e-02 2.3187059315182688e-02 1.0000022564263464e+00 7.2402710538521875e-02 1.4255952073011399e-01 2.7905217096754896e+01 30
1 0 1 1 3.2592291191622741e-02 2.3169309137438539e-02 1.0000023385069923e+00 7.2346597929354606e-02 1.4349358794956771e-01 2.7955217089296628e+01 30
1 0 1 1 3.2568404461843767e-02 2.3151531671688989e-02 1.0000024230873532e+00 7.2290635840760786e-02 1.4442899684837809e-01 2.8005217081853704e+01 30
1 0 1 1 3.2544418118916452e-02 2.3133727766589670e-02 1.0000025102262202e+00 7.2234824804146780e-02 1.4536573271048428e-01 2.8055217074428484e+01 30
1 0 1 1 3.2520333875051606e-02 2.3115898263408850e-02 1.0000025999832256e+00 7.2179165342687007e-02 1.4630378089431165e-01 2.8105217067014205e+01 30
1 0 1 1 3.2496153431122159e-02 2.3098043996062207e-02 1.0000026924188412e+00 7.2123657971340849e-02 1.4724312683307705e-01 2.8155217059614518e+01 30
1 0 1 1 3.2471878476670213e-02 2.3080165791152529e-02 1.0000027875943744e+00 7.2068303196906991e-02 1.4818375603454256e-01 2.8205217052234570e+01 30
1 0 1 1 3.2447510689909073e-02 2.3062264468003964e-02 1.0000028855719651e+00 7.2013101518075162e-02 1.4912565408071629e-01 2.8255217044869827e+01 30
1 0 1 1 3.2423051737725264e-02 2.3044340838702645e-02 1.0000029864145801e+00 7.1958053425449697e-02 1.5006880662795566e-01 2.8305217037515082e+01 29
1 0 1 1 3.2398503275674000e-02 2.3026395708122687e-02 1.0000030901860095e+00 7.1903159401576933e-02 1.5101319940728997e-01 2.8355217030187056e+01 29
1 0 1 1 3.2373866948007271e-02 2.3008429873982054e-02 1.0000031969508609e+00 7.1848419921039630e-02 1.5195881822320281e-01 2.8405217022864299e+01 29
1 0 1 1 3.2349144387651477e-02 2.2990444126857603e-02 1.0000033067745540e+00 7.1793835450419841e-02 1.5290564895506795e-01 2.8455217015568426e+01 29
1 0 1 1 3.2324337216246307e-02 2.2972439250243622e-02 1.0000034197233132e+00 7.1739406448421861e-02 1.5385367755553611e-01 2.8505217008284390e+01 29
1 0 1 1 3.2299447044131034e-02 2.2954416020574547e-02 1.0000035358641628e+00 7.1685133365851195e-02 1.5480289005158149e-01 2.8555217001020882e+01 29
1 0 1 1 3.2274475470368179e-02 2.2936375207271154e-02 1.0000036552649179e+00 7.1631016645694962e-02 1.5575327254363075e-01 2.8605216993770398e+01 29
1 0 1 1 3.2249424082745955e-02 2.2918317572770304e-02 1.0000037779941773e+00 7.1577056723132748e-02 1.5670481120614854e-01 2.8655216986546129e+01 29
1 0 1 1 3.2224294457806613e-02 2.2900243872575870e-02 1.0000039041213153e+00 7.1523254025624122e-02 1.5765749228656861e-01 2.8705216979331681e+01 29
1 0 1 1 3.2199088160841181e-02 2.2882154855282517e-02 1.0000040337164733e+00 7.1469608972892451e-02 1.5861130210638322e-01 2.8755216972144549e+01 29
1 0 1 1 3.2173806745926091e-02 2.2864051262627673e-02 1.0000041668505488e+00 7.1416121977032260e-02 1.5956622705972670e-01 2.8805216964968860e+01 29
1 0 1 1 3.2148451755916879e-02 2.2845933829515053e-02 1.0000043035951871e+00 7.1362793442491107e-02 1.6052225361441183e-01 2.8855216957815994e+01 29
1 0 1 1 3.2123024722484808e-02 2.2827803284066254e-02 1.0000044440227707e+00 7.1309623766158126e-02 1.6147936831100557e-01 2.8905216950683268e+01 29
1 0 1 1 3.2097527166129187e-02 2.2809660347655941e-02 1.0000045882064068e+00 7.1256613337390140e-02 1.6243755776298241e-01 2.8955216943568885e+01 29
1 0 1 1 3.2071960596192377e-02 2.2791505734944914e-02 1.0000047362199176e+00 7.1203762538052801e-02 1.6339680865659795e-01 2.9005216936473087e+01 29
1 0 1 1 3.2046326510882649e-02 2.2773340153922524e-02 1.0000048881378276e+00 7.1151071742565131e-02 1.6435710775079757e-01 2.9055216929400476e+01 29
1 0 1 1 3.2020626397305380e-02 2.2755164305951793e-02 1.0000050440353501e+00 7.1098541317956176e-02 1.6531844187688088e-01 2.9105216922350216e+01 29
1 0 1 1 3.1994861731475262e-02 2.2736978885800108e-02 1.0000052039883751e+00 7.1046171623904364e-02 1.6628079793826525e-01 2.9155216915311826e+01 29
1 0 1 1 3.1969033978333325e-02 2.2718784581674149e-02 1.0000053680734549e+00 7.0993963012751460e-02 1.6724416291111915e-01 2.9205216908305921e+01 29
1 0 1 1 3.1943144591798207e-02 2.2700582075279020e-02 1.0000055363677900e+00 7.0941915829613345e-02 1.6820852384277513e-01 2.9255216901309780e+01 29
1 0 1 1 3.1917195014754485e-02 2.2682372041828585e-02 1.0000057089492138e+00 7.0890030412343707e-02 1.6917386785326508e-01 2.9305216894345854e+01 29
1 0 1 1 3.1891186679119339e-02 2.2664155150116022e-02 1.0000058858961778e+00 7.0838307091660446e-02 1.7014018213349180e-01 2.9355216887394850e+01 29
1 0 1 1 3.1865121005830818e-02 2.2645932062522765e-02 1.0000060672877351e+00 7.0786746191117883e-02 1.7110745394645682e-01 2.9405216880468625e+01 29
1 0 1 1 3.1838999404903798e-02 2.2627703435079225e-02 1.0000062532035232e+00 7.0735348027199496e-02 1.7207567062628168e-01 2.9455216873567938e+01 29
1 0 1 1 3.1812823275451568e-02 2.2609469917498723e-02 1.0000064437237479e+00 7.0684112909355834e-02 1.7304481957805881e-01 2.9505216866683842e+01 29
1 0 1 1 3.1786594005706201e-02 2.2591232153209618e-02 1.0000066389291649e+00 7.0633041140024722e-02 1.7401488827821662e-01 2.9555216859825649e+01 29
1 0 1 1 3.1760312973060409e-02 2.2572990779401985e-02 1.0000068389010608e+00 7.0582133014708309e-02 1.7498586427370799e-01 2.9605216852988669e+01 29
1 0 1 1 3.1733981544093216e-02 2.2554746427065134e-02 1.0000070437212358e+00 7.0531388821997942e-02 1.7595773518224025e-01 2.9655216846174891e+01 29
1 0 1 1 3.1707601074604463e-02 2.2536499721026740e-02 1.0000072534719822e+00 7.0480808843628784e-02 1.7693048869191572e-01 2.9705216839384537e+01 29
1 0 1 1 3.1681172909647427e-02 2.2518251279992661e-02 1.0000074682360651e+00 7.0430393354524168e-02 1.7790411256111635e-01 2.9755216832619666e+01 29
1 0 1 1 3.1654698383561782e-02 2.2500001716584936e-02 1.0000076880967024e+00 7.0380142622847530e-02 1.7887859461800371e-01 2.9805216825868605e+01 29
1 0 1 1 3.1628178819997278e-02 2.2481751637376160e-02 1.0000079131375417e+00 7.0330056910012734e-02 1.7985392276129691e-01 2.9855216819155331e+01 29
1 0 1 1 3.1601615531981223e-02 2.2463501642949191e-02 1.0000081434426402e+00 7.0280136470804028e-02 1.8083008495843692e-01 2.9905216812455834e+01 29
1 0 1 1 3.1575009821908855e-02 2.2445252327904723e-02 1.0000083790964407e+00 7.0230381553339494e-02 1.8180706924697171e-01 2.9955216805779713e+01 29
1 0 1 1 3.1548362981610685e-02 2.2427004280924430e-02 1.0000086201837495e+00 7.0180792399159753e-02 1.8278486373370112e-01 3.0005216799135979e+01 29
1 0 1 1 3.1521676292390985e-02 2.2408758084809355e-02 1.0000088667897118e+00 7.0131369243290304e-02 1.8376345659400195e-01 3.0055216792509579e+01 28
1 0 1 1 3.1494951025039929e-02 2.2390514316500802e-02 1.0000091189997884e+00 7.0082112314241829e-02 1.8474283607251116e-01 3.0105216785907327e+01 28
1 0 1 1 3.1468188439895101e-02 2.2372273547139193e-02 1.0000093768997298e+00 7.0033021834084164e-02 1.8572299048249652e-01 3.0155216779335412e+01 28
1 0 1 1 3.1441389786874968e-02 2.2354036342094541e-02 1.0000096405755512e+00 6.9984098018503332e-02 1.8670390820526592e-01 3.0205216772781618e+01 28
1 0 1 1 3.1414556305509170e-02 2.2335803261004924e-02 1.0000099101135063e+00 6.9935341076811153e-02 1.8768557769078961e-01 3.0255216766256545e+01 28
1 0 1 1 3.1387689224987407e-02 2.2317574857815454e-02 1.0000101856000607e+00 6.9886751212027531e-02 1.8866798745667143e-01 3.0305216759753971e+01 28
1 0 1 1 3.1360784089499168e-02 2.2299351680821377e-02 1.0000104671218644e+00 6.9838328620901502e-02 1.8965112608862186e-01 3.0355216753284683e+01 28
1 0 1 1 3.1333847258609007e-02 2.2281134272707660e-02 1.0000107547657238e+00 6.9790073493992133e-02 1.9063498223919675e-01 3.0405216746824891e+01 28
1 0 1 1 3.1306880381161542e-02 2.2262923170571471e-02 1.0000110486185743e+00 6.9741986015642632e-02 1.9161954462937691e-01 3.0455216740407021e+01 28
1 0 1 1 3.1279884647422013e-02 2.2244718905990037e-02 1.0000113487674489e+00 6.9694066364127782e-02 1.9260480204606339e-01 3.0505216734005039e+01 28
1 0 1 1 3.1252861237482499e-02 2.2226522005030801e-02 1.0000116552994516e+00 6.9646314711608981e-02 1.9359074334380974e-01 3.0555216727633429e+01 28
1 0 1 1 3.1225811321333608e-02 2.2208332988309099e-02 1.0000119683017243e+00 6.9598731224237487e-02 1.9457735744331348e-01 3.0605216721282691e+01 28
1 0 1 1 3.1198736058889336e-02 2.2190152371013676e-02 1.0000122878614182e+00 6.9551316062163526e-02 1.9556463333204527e-01 3.0655216714963146e+01 28
1 0 1 1 3.1171636600050231e-02 2.2171980662959299e-02 1.0000126140656607e+00 6.9504069379615813e-02 1.9655256006336833e-01 3.0705216708672264e+01 28
1 0 1 1 3.1144514084734124e-02 2.2153818368613545e-02 1.0000129470015247e+00 6.9456991324935019e-02 1.9754112675628935e-01 3.0755216702394744e+01 28
1 0 1 1 3.1117369642908697e-02 2.2135665987131098e-02 1.0000132867559948e+00 6.9410082040580856e-02 1.9853032259638648e-01 3.0805216696160631e+01 28
1 0 1 1 3.1090204394675143e-02 2.2117524012413670e-02 1.0000136334159355e+00 6.9363341663264744e-02 1.9952013683344016e-01 3.0855216689939027e+01 28
1 0 1 1 3.1063019450266488e-02 2.2099392933120032e-02 1.0000139870680569e+00 6.9316770323896049e-02 2.0051055878354498e-01 3.0905216683756215e+01 28
1 0 1 1 3.1035815910137363e-02 2.2081273232730868e-02 1.0000143477988794e+00 6.9270368147717309e-02 2.0150157782678790e-01 3.0955216677591693e+01 28
1 0 1 1 3.1008594864971588e-02 2.2063165389562534e-02 1.0000147156947006e+00 6.9224135254279145e-02 2.0249318340849087e-01 3.1005216671453006e+01 28
1 0 1 1 3.0981357395748053e-02 2.2045069876816342e-02 1.0000150908415590e+00 6.9178071757517945e-02 2.0348536503849424e-01 3.1055216665352727e+01 28
1 0 1 1 3.0954104573802887e-02 2.2026987162628991e-02 1.0000154733251976e+00 6.9132177765828084e-02 2.0447811229005830e-01 3.1105216659265146e+01 28
1 0 1 1 3.0926837460832392e-02 2.2008917710077274e-02 1.0000158632310283e+00 6.9086453382035007e-02 2.0547141480138031e-01 3.1155216653216485e+01 28
1 0 1 1 3.0899557108991130e-02 2.1990861977252037e-02 1.0000162606440943e+00 6.9040898703523146e-02 2.0646526227344483e-01 3.1205216647188937e+01 28
1 0 1 1 3.0872264560901752e-02 2.1972820417268911e-02 1.0000166656490326e+00 6.8995513822218801e-02 2.0745964447120543e-01 3.1255216641193414e+01 28
1 0 1 1 3.0844960849726273e-02 2.1954793478320463e-02 1.0000170783300355e+00 6.8950298824675627e-02 2.0845455122236703e-01 3.1305216635221605e+01 28
1 0 1 1 3.0817646999197996e-02 2.1936781603704228e-02 1.0000174987708126e+00 6.8905253792091226e-02 2.0944997241774152e-01 3.1355216629276569e+01 28
1 0 1 1 3.0790324023678151e-02 2.1918785231863452e-02 1.0000179270545511e+00 6.8860378800364386e-02 2.1044589801086616e-01 3.1405216623367245e+01 28
1 0 1 1 3.0762992928214272e-02 2.1900804796429248e-02 1.0000183632638762e+00 6.8815673920160386e-02 2.1144231801713104e-01 3.1455216617478182e+01 28
1 0 1 1 3.0735654708566550e-02 2.1882840726245890e-02 1.0000188074808105e+00 6.8771139216913246e-02 2.1243922251449399e-01 3.1505216611617978e+01 28
1 0 1 1 3.0708310351274255e-02 2.1864893445414518e-02 1.0000192597867337e+00 6.8726774750900554e-02 2.1343660164269276e-01 3.1555216605794197e+01 28
1 0 1 1 3.0680960833713147e-02 2.1846963373338343e-02 1.0000197202623411e+00 6.8682580577301200e-02 2.1443444560246827e-01 3.1605216599987191e+01 28
1 0 1 1 3.0653607124111280e-02 2.1829050924732054e-02 1.0000201889876019e+00 6.8638556746188351e-02 2.1543274465661663e-01 3.1655216594217617e+01 28
1 0 1 1 3.0626250181642927e-02 2.1811156509693001e-02 1.0000206660417170e+00 6.8594703302635812e-02 2.1643148912824811e-01 3.1705216588471117e+01 28
1 0 1 1 3.0598890956441274e-02 2.1793280533705783e-02 1.0000211515030755e+00 6.8551020286714115e-02 2.1743066940164793e-01 3.1755216582757249e+01 28
1 0 1 1 3.0571530389676273e-02 2.1775423397702220e-02 1.0000216454492128e+00 6.8507507733567702e-02 2.1843027592128994e-01 3.1805216577072208e+01 28
1 0 1 1 3.0544169413589905e-02 2.1757585498082405e-02 1.0000221479567655e+00 6.8464165673444322e-02 2.1943029919173834e-01 3.1855216571408981e+01 28
1 0 1 1 3.0516808951541491e-02 2.1739767226749879e-02 1.0000226591014290e+00 6.8420994131724172e-02 2.2043072977790090e-01 3.1905216565783256e+01 27
1 0 1 1 3.0489449918084773e-02 2.1721968971163547e-02 1.0000231789579104e+00 6.8377993129004583e-02 2.2143155830384123e-01 3.1955216560188124e+01 27
1 0 1 1 3.0462093218999044e-02 2.1704191114357830e-02 1.0000237075998859e+00 6.8335162681119749e-02 2.2243277545283993e-01 3.2005216554611813e+01 27
1 0 1 1 3.0434739751328547e-02 2.1686434034972373e-02 1.0000242450999544e+00 6.8292502799161575e-02 2.2343437196778121e-01 3.2055216549070614e+01 27
1 0 1 1 3.0407390403464598e-02 2.1668698107308385e-02 1.0000247915295906e+00 6.8250013489566497e-02 2.2443633864995427e-01 3.2105216543562641e+01 27
1 0 1 1 3.0380046055179907e-02 2.1650983701347347e-02 1.0000253469591001e+00 6.8207694754144899e-02 2.2543866635895493e-01 3.2155216538078776e+01 27
1 0 1 1 3.0352707577677954e-02 2.1633291182791076e-02 1.0000259114575725e+00 6.8165546590106318e-02 2.2644134601289609e-01 3.2205216532625315e+01 27
1 0 1 1 3.0325375833648058e-02 2.1615620913091969e-02 1.0000264850928333e+00 6.8123568990122008e-02 2.2744436858763772e-01 3.2255216527201924e+01 27
1 0 1 1 3.0298051677319360e-02 2.1597973249493439e-02 1.0000270679313981e+00 6.8081761942362568e-02 2.2844772511666589e-01 3.2305216521808546e+01 27
1 0 1 1 3.0270735954512979e-02 2.1580348545063400e-02 1.0000276600384228e+00 6.8040125430541554e-02 2.2945140669087619e-01 3.2355216516449346e+01 27
1 0 1 1 3.0243429502695783e-02 2.1562747148726750e-02 1.0000282614776570e+00 6.7998659433968878e-02 2.3045540445781307e-01 3.2405216511110005e+01 27
1 0 1 1 3.0216133151015522e-02 2.1545169405293874e-02 1.0000288723113946e+00 6.7957363927558245e-02 2.3145970962243739e-01 3.2455216505808956e+01 27
1 0 1 1 3.0188847720379705e-02 2.1527615655505674e-02 1.0000294926004254e+00 6.7916238881919055e-02 2.3246431344551050e-01 3.2505216500533066e+01 27
1 0 1 1 3.0161574023484693e-02 2.1510086236056606e-02 1.0000301224039863e+00 6.7875284263357816e-02 2.3346920724446071e-01 3.2555216495294260e+01 27
1 0 1 1 3.0134312864890423e-02 2.1492581479641750e-02 1.0000307617797100e+00 6.7834500033956968e-02 2.3447438239206589e-01 3.2605216490078639e+01 27
1 0 1 1 3.0107065041045183e-02 2.1475101714970933e-02 1.0000314107835782e+00 6.7793886151578775e-02 2.3547983031706571e-01 3.2655216484892200e+01 27
1 0 1 1 3.0079831340356890e-02 2.1457647266817696e-02 1.0000320694698692e+00 6.7753442569927769e-02 2.3648554250358347e-01 3.2705216479745474e+01 27
1 0 1 1 3.0052612543250645e-02 2.1440218456050358e-02 1.0000327378911085e+00 6.7713169238612203e-02 2.3749151049008446e-01 3.2755216474618152e+01 27
1 0 1 1 3.0025409422193131e-02 2.1422815599651368e-02 1.0000334160980189e+00 6.7673066103135726e-02 2.3849772587047793e-01 3.2805216469527174e+01 27
1 0 1 1 2.9998222741777571e-02 2.1405439010770511e-02 1.0000341041394689e+00 6.7633133104987336e-02 2.3950418029273632e-01 3.2855216464472967e+01 27
1 0 1 1 2.9971053258765024e-02 2.1388088998747366e-02 1.0000348020624221e+00 6.7593370181674717e-02 2.4051086545839234e-01 3.2905216459430072e+01 27
1 0 1 1 2.9943901722104260e-02 2.1370765869126368e-02 1.0000355099118869e+00 6.7553777266709303e-02 2.4151777312414507e-01 3.2955216454440716e+01 27
1 0 1 1 2.9916768869733070e-02 2.1353469892543064e-02 1.0000362277332535e+00 6.7514354289752915e-02 2.4252489522314813e-01 3.3005216455401275e+01 27
1 0 1 1 2.9889654775208694e-02 2.1336195101679407e-02 1.0000369560584337e+00 6.7475101190579867e-02 2.4353224838592979e-01 3.3055217640323313e+01 27
1 0 1 1 2.9862562778519428e-02 2.1318949332944894e-02 1.0000376944008893e+00 6.7436020691363285e-02 2.4453972707458424e-01 3.3105215222038488e+01 27
1 0 1 1 2.9835489678150001e-02 2.1301730382526089e-02 1.0000384429046012e+00 6.7397107055779615e-02 2.4554746902710628e-01 3.3155216434541174e+01 27
1 0 1 1 2.9808438811420649e-02 2.1284540209775042e-02 1.0000392015326582e+00 6.7358363983421793e-02 2.4655536856731064e-01 3.3205216429687383e+01 27
1 0 1 1 2.9781410222230759e-02 2.1267378679275226e-02 1.0000399703358323e+00 6.7319790435295623e-02 2.4756344230231800e-01 3.3255216424887458e+01 27
1 0 1 1 2.9754404606502249e-02 2.1250246071638609e-02 1.0000407493444792e+00 6.7281386318289421e-02 2.4857168235622737e-01 3.3305216420096421e+01 27
1 0 1 1 2.9727422652747849e-02 2.1233142663913417e-02 1.0000415385865895e+00 6.7243151535607781e-02 2.4958008090616104e-01 3.3355216415349489e+01 27
1 0 1 1 2.9700465042194587e-02 2.1216068729662012e-02 1.0000423380877363e+00 6.7205085986910218e-02 2.5058863017937943e-01 3.3405216410633074e+01 27
1 0 1 1 2.9673532448796835e-02 2.1199024538964353e-02 1.0000431478710219e+00 6.7167189568302144e-02 2.5159732245401584e-01 3.3455216405937122e+01 27
1 0 1 1 2.9646625539284092e-02 2.1182010358449108e-02 1.0000439679570290e+00 6.7129462172361348e-02 2.5260615005943926e-01 3.3505216401286745e+01 27
1 0 1 1 2.9619744973249682e-02 2.1165026451345829e-02 1.0000447983637657e+00 6.7091903688233562e-02 2.5361510537425841e-01 3.3555216396658651e+01 27
1 0 1 1 2.9592891403157892e-02 2.1148073077486534e-02 1.0000456391066173e+00 6.7054514001610277e-02 2.5462418082758836e-01 3.3605216392058914e+01 27
1 0 1 1 2.9566065474415062e-02 2.1131150493348957e-02 1.0000464901982926e+00 6.7017292994792199e-02 2.5563336889834709e-01 3.3655216387502612e+01 27
1 0 1 1 2.9539267825440526e-02 2.1114258952100385e-02 1.0000473516487738e+00 6.6980240546754749e-02 2.5664266211398440e-01 3.3705216382964942e+01 27
1 0 1 1 2.9512499087673311e-02 2.1097398703595290e-02 1.0000482234652659e+00 6.6943356533128773e-02 2.5765205305184347e-01 3.3755216378464780e+01 27
1 0 1 1 2.9485759885661662e-02 2.1080569994431635e-02 1.0000491056521452e+00 6.6906640826289804e-02 2.5866153433745287e-01 3.3805216373993972e+01 26
1 0 1 1 2.9459050837096067e-02 2.1063773067970047e-02 1.0000499982109103e+00 6.6870093295368221e-02 2.5967109864500965e-01 3.3855216369555279e+01 26
1 0 1 1 2.9432372552862841e-02 2.1047008164360680e-02 1.0000509011401304e+00 6.6833713806297879e-02 2.6068073869666836e-01 3.3905216365143367e+01 26
1 0 1 1 2.9405725637090478e-02 2.1030275520573662e-02 1.0000518144353974e+00 6.6797502221840221e-02 2.6169044726282925e-01 3.3955216360772070e+01 26
1 0 1 1 2.9379110687218497e-02 2.1013575370436504e-02 1.0000527380892748e+00 6.6761458401652124e-02 2.6270021716075953e-01 3.4005216356421691e+01 26
1 0 1 1 2.9352528294015558e-02 2.0996907944643397e-02 1.0000536720912514e+00 6.6725582202276812e-02 2.6371004125567654e-01 3.4055216352106740e+01 26
1 0 1 1 2.9325979041656923e-02 2.0980273470800191e-02 1.0000546164276902e+00 6.6689873477218831e-02 2.6471991245944970e-01 3.4105216347826357e+01 26
1 0 1 1 2.9299463507768464e-02 2.0963672173449618e-02 1.0000555710817829e+00 6.6654332076971190e-02 2.6572982373044712e-01 3.4155216343570743e+01 26
1 0 1 1 2.9272982263461460e-02 2.0947104274088121e-02 1.0000565360335008e+00 6.6618957849033655e-02 2.6673976807372152e-01 3.4205216339345263e+01 26
1 0 1 1 2.9246535873395298e-02 2.0930569991204760e-02 1.0000575112595498e+00 6.6583750637962735e-02 2.6774973854052753e-01 3.4255216335159922e+01 26
1 0 1 1 2.9220124895835708e-02 2.0914069540310973e-02 1.0000584967333228e+00 6.6548710285423945e-02 2.6875972822733607e-01 3.4305216330995904e+01 26
1 0 1 1 2.9193749882675549e-02 2.0897603133951299e-02 1.0000594924248556e+00 6.6513836630187007e-02 2.6976973027675616e-01 3.4355216326864848e+01 26
1 0 1 1 2.9167411379508519e-02 2.0881170981747518e-02 1.0000604983007815e+00 6.6479129508192070e-02 2.7077973787644249e-01 3.4405216322768361e+01 26
1 0 1 1 2.9141109925670920e-02 2.0864773290418026e-02 1.0000615143242870e+00 6.6444588752581080e-02 2.7178974425870578e-01 3.4455216318693992e+01 26
1 0 1 1 2.9114846054276448e-02 2.0848410263799026e-02 1.0000625404550709e+00 6.6410214193707989e-02 2.7279974270124130e-01 3.4505216314663897e+01 26
1 0 1 1 2.9088620292297796e-02 2.0832082102889674e-02 1.0000635766492985e+00 6.6376005659221804e-02 2.7380972652509511e-01 3.4555216310649065e+01 26
1 0 1 1 2.9062433160567270e-02 2.0815789005849905e-02 1.0000646228595633e+00 6.6341962974035051e-02 2.7481968909651139e-01 3.4605216306673768e+01 26
1 0 1 1 2.9036285173867294e-02 2.0799531168052072e-02 1.0000656790348457e+00 6.6308085960416763e-02 2.7582962382479792e-01 3.4655216302724327e+01 26
1 0 1 1 2.9010176840952244e-02 2.0783308782093148e-02 1.0000667451204726e+00 6.6274374437987560e-02 2.7683952416324542e-01 3.4705216298806981e+01 26
1 0 1 1 2.8984108664605018e-02 2.0767122037821394e-02 1.0000678210580805e+00 6.6240828223772030e-02 2.7784938360821548e-01 3.4755216294918270e+01 26
1 0 1 1 2.8958081141682128e-02 2.0750971122365854e-02 1.0000689067855768e+00 6.6207447132221708e-02 2.7885919569928724e-01 3.4805216291063545e+01 26
1 0 1 1 2.8932094763166265e-02 2.0734856220161781e-02 1.0000700022371050e+00 6.6174230975259790e-02 2.7986895401830969e-01 3.4855216287224586e+01 26
1 0 1 1 2.8906144642379537e-02 2.0718777512960029e-02 1.0000711073430093e+00 6.6141179562276248e-02 2.8087865219072639e-01 3.4905216283437944e+01 26
1 0 1 1 2.8880230942818521e-02 2.0702735179885991e-02 1.0000722220297993e+00 6.6108292700235410e-02 2.8188828388240567e-01 3.4955216279651488e+01 26
1 0 1 1 2.8854359871425182e-02 2.0686729397414293e-02 1.0000733462201210e+00 6.6075570193595140e-02 2.8289784280339902e-01 3.5005216275922443e+01 26
1 0 1 1 2.8828531896683215e-02 2.0670760339448948e-02 1.0000744798327219e+00 6.6043011844466482e-02 2.8390732270329389e-01 3.5055216272201584e+01 26
1 0 1 1 2.8802747481372740e-02 2.0654828177298638e-02 1.0000756227824241e+00 6.6010617452528730e-02 2.8491671737478835e-01 3.5105216268521147e+01 26
1 0 1 1 2.8777007082675971e-02 2.0638933079733485e-02 1.0000767749800943e+00 6.5978386815141954e-02 2.8592602065068190e-01 3.5155216264860066e+01 26
1 0 1 1 2.8751311152182164e-02 2.0623075212987629e-02 1.0000779363326191e+00 6.5946319727322844e-02 2.8693522640545738e-01 3.5205216261233339e+01 26
1 0 1 1 2.8725660135959161e-02 2.0607254740795583e-02 1.0000791067428769e+00 6.5914415981811469e-02 2.8794432855371038e-01 3.5255216257627829e+01 26
1 0 1 1 2.8700054474576492e-02 2.0591471824406442e-02 1.0000802861097180e+00 6.5882675369069998e-02 2.8895332105113020e-01 3.5305216254061435e+01 26
1 0 1 1 2.8674494603176275e-02 2.0575726622620322e-02 1.0000814743279385e+00 6.5851097677350062e-02 2.8996219789277822e-01 3.5355216250511155e+01 26
1 0 1 1 2.8648980951481520e-02 2.0560019291790341e-02 1.0000826712882640e+00 6.5819682692673770e-02 2.9097095311431537e-01 3.5405216246984914e+01 26
1 0 1 1 2.8623513943856201e-02 2.0544349985855470e-02 1.0000838768773297e+00 6.5788430198884806e-02 2.9197958079129893e-01 3.5455216243498697e+01 26
1 0 1 1 2.8598093999367663e-02 2.0528718856374976e-02 1.0000850909776626e+00 6.5757339977699614e-02 2.9298807503806495e-01 3.5505216240032475e+01 26
1 0 1 1 2.8572721531797882e-02 2.0513126052530656e-02 1.0000863134676685e+00 6.5726411808695873e-02 2.9399643000864223e-01 3.5555216236586823e+01 26
1 0 1 1 2.8547396949693427e-02 2.0497571721153442e-02 1.0000875442216197e+00 6.5695645469349861e-02 2.9500463989625891e-01 3.5605216233169834e+01 26
1 0 1 1 2.8522120656417731e-02 2.0482056006752201e-02 1.0000887831096423e+00 6.5665040735074565e-02 2.9601269893291871e-01 3.5655216229786518e+01 26
1 0 1 1 2.8496893050196835e-02 2.0466579051535698e-02 1.0000900299977087e+00 6.5634597379251924e-02 2.9702060138849640e-01 3.5705216226405398e+01 26
1 0 1 1 2.8471714524115285e-02 2.0451140995408498e-02 1.0000912847476326e+00 6.5604315173203420e-02 2.9802834157291125e-01 3.5755216223076218e+01 25
1 0 1 1 2.8446585466236574e-02 2.0435741976037727e-02 1.0000925472170608e+00 6.5574193886311916e-02 2.9903591383234962e-01 3.5805216219753667e+01 25
1 0 1 1 2.8421506259564033e-02 2.0420382128826735e-02 1.0000938172594749e+00 6.5544233285950992e-02 3.0004331255227762e-01 3.5855216216456611e+01 25
1 0 1 1 2.8396477282125510e-02 2.0405061586963404e-02 1.0000950947241893e+00 6.5514433137561057e-02 3.0105053215567790e-01 3.5905216213190144e+01 25
1 0 1 1 2.8371498907010257e-02 2.0389780481436540e-02 1.0000963794563540e+00 6.5484793204672542e-02 3.0205756710269738e-01 3.5955216209938797e+01 25
1 0 1 1 2.8346571502388011e-02 2.0374538941044400e-02 1.0000976712969600e+00 6.5455313248903690e-02 3.0306441189119121e-01 3.6005216206702492e+01 25
1 0 1 1 2.8321695431551091e-02 2.0359337092416486e-02 1.0000989700828469e+00 6.5425993029988749e-02 3.0407106105681025e-01 3.6055216203510483e+01 25
1 0 1 1 2.8296871052993541e-02 2.0344175060057274e-02 1.0001002756467094e+00 6.5396832305848501e-02 3.0507750917074516e-01 3.6105216200318466e+01 25
1 0 1 1 2.8272098720382503e-02 2.0329052966325128e-02 1.0001015878171147e+00 6.5367830832531115e-02 3.0608375084239481e-01 3.6155216197149493e+01 25
1 0 1 1 2.8247378782638163e-02 2.0313970931476789e-02 1.0001029064185134e+00 6.5338988364288475e-02 3.0708978071767584e-01 3.6205216194019478e+01 25
1 0 1 1 2.8222711583988647e-02 2.0298929073695831e-02 1.0001042312712574e+00 6.5310304653613316e-02 3.0809559347768917e-01 3.6255216190878919e+01 25
1 0 1 1 2.8198097463932519e-02 2.0283927509066477e-02 1.0001055621916226e+00 6.5281779451176969e-02 3.0910118384190899e-01 3.6305216187779941e+01 25
1 0 1 1 2.8173536757366155e-02 2.0268966351648418e-02 1.0001068989918287e+00 6.5253412505951292e-02 3.1010654656430209e-01 3.6355216184690399e+01 25
1 0 1 1 2.8149029794554737e-02 2.0254045713451987e-02 1.0001082414800657e+00 6.5225203565156875e-02 3.1111167643557303e-01 3.6405216181614648e+01 25
1 0 1 1 2.8124576901188175e-02 2.0239165704471110e-02 1.0001095894605234e+00 6.5197152374303846e-02 3.1211656828253642e-01 3.6455216178568733e+01 25
1 0 1 1 2.8100178158908994e-02 2.0224324631894674e-02 1.0001109432191757e+00 6.5169258677233444e-02 3.1312122626609412e-01 3.6505216589125517e+01 25
1 0 1 1 2.8075833969835418e-02 2.0209519056502624e-02 1.0001123036107606e+00 6.5141522907641525e-02 3.1412564049601299e-01 3.6555217064493583e+01 25
1 0 1 1 2.8051546117109218e-02 2.0194755264658224e-02 1.0001136688578676e+00 6.5113945600074274e-02 3.1512974685798545e-01 3.6605214819439318e+01 25
1 0 1 1 2.8027311843344782e-02 2.0180031495586941e-02 1.0001150389216629e+00 6.5086523015576631e-02 3.1613366709214952e-01 3.6655216166662058e+01 25
1 0 1 1 2.8003133851092276e-02 2.0165349307734701e-02 1.0001164134518619e+00 6.5059257612549493e-02 3.1713729695030674e-01 3.6705216163671565e+01 25
1 0 1 1 2.7979011784147047e-02 2.0150708401302769e-02 1.0001177922664337e+00 6.5032148383973559e-02 3.1814065858522983e-01 3.6755216160729482e+01 25
1 0 1 1 2.7954945937178403e-02 2.0136108872764444e-02 1.0001191751426659e+00 6.5005195063922216e-02 3.1914374706946635e-01 3.6805216157773486e+01 25
1 0 1 1 2.7930936600506679e-02 2.0121550816675202e-02 1.0001205618541555e+00 6.4978397384847619e-02 3.2014655751210824e-01 3.6855216154827978e+01 25
1 0 1 1 2.7906984060187240e-02 2.0107034325720165e-02 1.0001219521708611e+00 6.4951755077655882e-02 3.2114908505698458e-01 3.6905216151919326e+01 25
1 0 1 1 2.7883088598071305e-02 2.0092559490746970e-02 1.0001233458591576e+00 6.4925267871750458e-02 3.2215132488083398e-01 3.6955216148989187e+01 25
1 0 1 1 2.7859250491749851e-02 2.0078126400727436e-02 1.0001247426819022e+00 6.4898935494953680e-02 3.2315327219714834e-01 3.7005216146091840e+01 25
1 0 1 1 2.7835470014680029e-02 2.0063735142831426e-02 1.0001261423984928e+00 6.4872757673621578e-02 3.2415492225193399e-01 3.7055216143185866e+01 25
1 0 1 1 2.7811747436137371e-02 2.0049385802392426e-02 1.0001275447649394e+00 6.4846734132575717e-02 3.2515627032690714e-01 3.7105216140299312e+01 25
1 0 1 1 2.7788083021302378e-02 2.0035078462958638e-02 1.0001289495339298e+00 6.4820864595173500e-02 3.2615731173713414e-01 3.7155216137414108e+01 25
1 0 1 1 2.7764477031255418e-02 2.0020813206282996e-02 1.0001303564549058e+00 6.4795148783284073e-02 3.2715804183203878e-01 3.7205216134521393e+01 25
1 0 1 1 2.7740929723000483e-02 2.0006590112338324e-02 1.0001317652741388e+00 6.4769586417293690e-02 3.2815845599618881e-01 3.7255216131662472e+01 25
1 0 1 1 2.7717441349547896e-02 1.9992409259358777e-02 1.0001331757348058e+00 6.4744177216178589e-02 3.2915854964636498e-01 3.7305216128787663e+01 25
1 0 1 1 2.7694012159873747e-02 1.9978270723816114e-02 1.0001345875770762e+00 6.4718920897433529e-02 3.3015831823466274e-01 3.7355216125911362e+01 25
1 0 1 1 2.7670642398974956e-02 1.9964174580445210e-02 1.0001360005381952e+00 6.4693817177120166e-02 3.3115775724722812e-01 3.7405216123054252e+01 25
1 0 1 1 2.7647332307924575e-02 1.9950120902277300e-02 1.0001374143525705e+00 6.4668865769898887e-02 3.3215686220293134e-01 3.7455216120176807e+01 25
1 0 1 1 2.7624082123836064e-02 1.9936109760613704e-02 1.0001388287518682e+00 6.4644066388977184e-02 3.3315562865636328e-01 3.7505216117332594e+01 25
1 0 1 1 2.7600892079980434e-02 1.9922141225092165e-02 1.0001402434651003e+00 6.4619418746208024e-02 3.3415405219329497e-01 3.7555216114442004e+01 25
1 0 1 1 2.7577762405685997e-02 1.9908215363622958e-02 1.0001416582187308e+00 6.4594922551970135e-02 3.3515212843652270e-01 3.7605216111587453e+01 25
1 0 1 1 2.7554693326500918e-02 1.9894332242485879e-02 1.0001430727367679e+00 6.4570577515315197e-02 3.3614985303997147e-01 3.7655216108717426e+01 25
1 0 1 1 2.7531685064122423e-02 1.9880491926280476e-02 1.0001444867408722e+00 6.4546383343877495e-02 3.3714722169256628e-01 3.7705216105843434e+01 25
1 0 1 1 2.7508737836459504e-02 1.9866694477962996e-02 1.0001458999504615e+00 6.4522339743917190e-02 3.3814423011671574e-01 3.7755216102963367e+01 25
1 0 1 1 2.7485851857649225e-02 1.9852939958851467e-02 1.0001473120828188e+00 6.4498446420318545e-02 3.3914087406852239e-01 3.7805216100073110e+01 25
1 0 1 1 2.7463027338074267e-02 1.9839228428633615e-02 1.0001487228532060e+00 6.4474703076590978e-02 3.4013714933838529e-01 3.7855216097196937e+01 25
1 0 1 1 2.7440264484424180e-02 1.9825559945399869e-02 1.0001501319749746e+00 6.4451109414909280e-02 3.4113305174898806e-01 3.7905216094286338e+01 25
1 0 1 1 2.7417563499647152e-02 1.9811934565610888e-02 1.0001515391596878e+00 6.4427665136048584e-02 3.4212857715865380e-01 3.7955216091388863e+01 25
1 0 1 1 2.7394915986302504e-02 1.9798352344157999e-02 1.0001529441172343e+00 6.4404369939467104e-02 3.4312372145769660e-01 3.8005216088463186e+01 25
1 0 1 1 2.7372327943375980e-02 1.9784813334328102e-02 1.0001543465559559e+00 6.4381223523240522e-02 3.4411848057185090e-01 3.8055216085552111e+01 25
1 0 1 1 2.7349802430137991e-02 1.9771317587857426e-02 1.0001557461827666e+00 6.4358225584136786e-02 3.4511285045876011e-01 3.8105216082604919e+01 25
1 0 1 1 2.7327339634881927e-02 1.9757865154897965e-02 1.0001571427032845e+00 6.4335375817541202e-02 3.4610682711164453e-01 3.8155216079659716e+01 25
1 0 1 1 2.7304939742330767e-02 1.9744456084061085e-02 1.0001585358219562e+00 6.4312673917524876e-02 3.4710040655641933e-01 3.8205216076698903e+01 25
1 0 1 1 2.7282602933629222e-02 1.9731090422411928e-02 1.0001599252421918e+00 6.4290119576812521e-02 3.4809358485306952e-01 3.8255216073715260e+01 25
1 0 1 1 2.7260329386356322e-02 1.9717768215472498e-02 1.0001613106664959e+00 6.4267712486782647e-02 3.4908635809626920e-01 3.8305216070742922e+01 25
1 0 1 1 2.7238119274600181e-02 1.9704489507263726e-02 1.0001626917966027e+00 6.4245452337515413e-02 3.5007872241270538e-01 3.8355216067719404e+01 25
1 0 1 1 2.7215972768885210e-02 1.9691254340257307e-02 1.0001640683336164e+00 6.4223338817707365e-02 3.5107067396536157e-01 3.8405216064701165e+01 25
1 0 1 1 2.7193890036283933e-02 1.9678062755441820e-02 1.0001654399781457e+00 6.4201371614761193e-02 3.5206220894984719e-01 3.8455216061674797e+01 25
1 0 1 1 2.7171871240405786e-02 1.9664914792310206e-02 1.0001668064304461e+00 6.4179550414753650e-02 3.5305332359512465e-01 3.8505216058592623e+01 25
1 0 1 1 2.7149916541361882e-02 1.9651810488837521e-02 1.0001681673905660e+00 6.4157874902384560e-02 3.5404401416669617e-01 3.8555216055530337e+01 25
1 0 1 1 2.7128026095889917e-02 1.9638749881551142e-02 1.0001695225584835e+00 6.4136344761081543e-02 3.5503427696168266e-01 3.8605216052436880e+01 25
1 0 1 1 2.7106200057293077e-02 1.9625733005492162e-02 1.0001708716342554e+00 6.4114959672917998e-02 3.5602410831240766e-01 3.8655216049311910e+01 25
1 0 1 1 2.7084438575476325e-02 1.9612759894232518e-02 1.0001722143181644e+00 6.4093719318630782e-02 3.5701350458560627e-01 3.8705216046163812e+01 25
1 0 1 1 2.7062741796968607e-02 1.9599830579886814e-02 1.0001735503108644e+00 6.4072623377626980e-02 3.5800246218284809e-01 3.8755216043027943e+01 25
1 0 1 1 2.7041109864990195e-02 1.9586945093148074e-02 1.0001748793135272e+00 6.4051671528024462e-02 3.5899097753766596e-01 3.8805216039818468e+01 25
1 0 1 1 2.7019542919355728e-02 1.9574103463226307e-02 1.0001762010279975e+00 6.4030863446542852e-02 3.5997904712126677e-01 3.8855216036614735e+01 25
1 0 1 1 2.6998041096609676e-02 1.9561305717928721e-02 1.0001775151569359e+00 6.4010198808618302e-02 3.6096666743744255e-01 3.8905216033400094e+01 25
1 0 1 1 2.6976604530008205e-02 1.9548551883643284e-02 1.0001788214039722e+00 6.3989677288360691e-02 3.6195383502380624e-01 3.8955216030121427e+01 25
1 0 1 1 2.6955233349475510e-02 1.9535841985309794e-02 1.0001801194738591e+00 6.3969298558500032e-02 3.6294054645491153e-01 3.9005216026844955e+01 25
1 0 1 1 2.6933927681716031e-02 1.9523176046485898e-02 1.0001814090726180e+00 6.3949062290473341e-02 3.6392679833826419e-01 3.9055216023549583e+01 25
1 0 1 1 2.6912687650192654e-02 1.9510554089327642e-02 1.0001826899076929e+00 6.3928968154381649e-02 3.6491258731550880e-01 3.9105216020184919e+01 25
1 0 1 1 2.6891513375083619e-02 1.9497976134564523e-02 1.0001839616881048e+00 6.3909015818939957e-02 3.6589791006620470e-01 3.9155216016859058e+01 25
1 0 1 1 2.6870404973452840e-02 1.9485442201593497e-02 1.0001852241245941e+00 6.3889204951609491e-02 3.6688276329979413e-01 3.9205216013428469e+01 25
1 0 1 1 2.6849362559055706e-02 1.9472952308365040e-02 1.0001864769297837e+00 6.3869535218407797e-02 3.6786714376649554e-01 3.9255216010047015e+01 25
1 0 1 1 2.6828386242588910e-02 1.9460506471524152e-02 1.0001877198183160e+00 6.3850006284117106e-02 3.6885104824577164e-01 3.9305216006578185e+01 25
1 0 1 1 2.6807476131499627e-02 1.9448104706297240e-02 1.0001889525070156e+00 6.3830617812091400e-02 3.6983447355639859e-01 3.9355216003102527e+01 25
1 0 1 1 2.6786631556743663e-02 1.9435741912504363e-02 1.0001901773456066e+00 6.3811369464380707e-02 3.7081744825321233e-01 3.9405217343009312e+01 25
1 0 1 1 2.6765854720279630e-02 1.9423421839857642e-02 1.0001913926017669e+00 6.3792262451259518e-02 3.7179987247563251e-01 3.9455215242492827e+01 25
1 0 1 1 2.6745143476405289e-02 1.9411145377196050e-02 1.0001925969139094e+00 6.3773294027141103e-02 3.7278185142229087e-01 3.9505215338095887e+01 25
1 0 1 1 2.6724498605069317e-02 1.9398912940618424e-02 1.0001937899674829e+00 6.3754464483891798e-02 3.7376334979918335e-01 3.9555215989799400e+01 25
1 0 1 1 2.6703920698306204e-02 1.9386724834809622e-02 1.0001949714623628e+00 6.3735773934138373e-02 3.7474434081918501e-01 3.9605215986205032e+01 25
1 0 1 1 2.6683409574138468e-02 1.9374580906308652e-02 1.0001961411460398e+00 6.3717221785714540e-02 3.7572483437351695e-01 3.9655215982534315e+01 25
1 0 1 1 2.6662965318489544e-02 1.9362481160902140e-02 1.0001972987534726e+00 6.3698807692737142e-02 3.7670482752552698e-01 3.9705215978879941e+01 25
1 0 1 1 2.6642588014331340e-02 1.9350425603106992e-02 1.0001984440229315e+00 6.3680531308032945e-02 3.7768431737051011e-01 3.9755215975157398e+01 26
1 0 1 1 2.6622277741572626e-02 1.9338414236101401e-02 1.0001995766961447e+00 6.3662392283027253e-02 3.7866330104227780e-01 3.9805215971438507e+01 26
1 0 1 1 2.6602034577188103e-02 1.9326447061796828e-02 1.0002006965184289e+00 6.3644390267839301e-02 3.7964177570725377e-01 3.9855215967648334e+01 26
1 0 1 1 2.6581858595123825e-02 1.9314524080780628e-02 1.0002018032388307e+00 6.3626524911186255e-02 3.8061973857046494e-01 3.9905215963868777e+01 26
1 0 1 1 2.6561749866431027e-02 1.9302645292391646e-02 1.0002028966102521e+00 6.3608795860483930e-02 3.8159718686955563e-01 3.9955215960031239e+01 26
1 0 1 1 2.6541708459177891e-02 1.9290810694664030e-02 1.0002039763895869e+00 6.3591202761757781e-02 3.8257411788010598e-01 4.0005215956187953e+01 26
1 0 1 1 2.6521734438554816e-02 1.9279020284387868e-02 1.0002050423378441e+00 6.3573745259713321e-02 3.8355052891121960e-01 4.0055215952283270e+01 26
1 0 1 1 2.6501827866801837e-02 1.9267274057062744e-02 1.0002060942202764e+00 6.3556422997667644e-02 3.8452641731014642e-01 4.0105215948391077e+01 26
1 0 1 1 2.6481988803335910e-02 1.9255572006967928e-02 1.0002071318064982e+00 6.3539235617635581e-02 3.8550178045639899e-01 4.0155215944412085e+01 26
1 0 1 1 2.6462217304623236e-02 1.9243914127088004e-02 1.0002081548706112e+00 6.3522182760215928e-02 3.8647661576977443e-01 4.0205215940483733e+01 26
1 0 1 1 2.6442513424387259e-02 1.9232300409227888e-02 1.0002091631913108e+00 6.3505264064748379e-02 3.8745092070005543e-01 4.0255215936453183e+01 26
1 0 1 1 2.6422877213417090e-02 1.9220730843899882e-02 1.0002101565520114e+00 6.3488479169138023e-02 3.8842469273776148e-01 4.0305215932427537e+01 26
1 0 1 1 2.6403308719738970e-02 1.9209205420421281e-02 1.0002111347409470e+00 6.3471827709992990e-02 3.8939792940674411e-01 4.0355215928394720e+01 26
1 0 1 1 2.6383807988596984e-02 1.9197724126897117e-02 1.0002120975512796e+00 6.3455309322588055e-02 3.9037062826540231e-01 4.0405215924287020e+01 26
1 0 1 1 2.6364375062393822e-02 1.9186286950186739e-02 1.0002130447812072e+00 6.3438923640810080e-02 3.9134278691130991e-01 4.0455215920218286e+01 26
1 0 1 1 2.6345009980859150e-02 1.9174893875995313e-02 1.0002139762340547e+00 6.3422670297279382e-02 3.9231440297283077e-01 4.0505215916055413e+01 26
1 0 1 1 2.6325712780884799e-02 1.9163544888776418e-02 1.0002148917183795e+00 6.3406548923205269e-02 3.9328547411892506e-01 4.0555215911923234e+01 26
1 0 1 1 2.6306483496714547e-02 1.9152239971839166e-02 1.0002157910480542e+00 6.3390559148531783e-02 3.9425599805015404e-01 4.0605215907744217e+01 26
1 0 1 1 2.6287322159846423e-02 1.9140979107288781e-02 1.0002166740423619e+00 6.3374700601843026e-02 3.9522597250461278e-01 4.0655215903544821e+01 26
1 0 1 1 2.6268228799096394e-02 1.9129762276058837e-02 1.0002175405260767e+00 6.3358972910409761e-02 3.9619539525556657e-01 4.0705215899338100e+01 26
1 0 1 1 2.6249198775616024e-02 1.9118589457928065e-02 1.0002183903295450e+00 6.3343375700197962e-02 3.9716426411091688e-01 4.0755215895096548e+01 26
1 0 1 1 2.6230230657865481e-02 1.9107460631504390e-02 1.0002192232887619e+00 6.3327908595847526e-02 3.9813257691467069e-01 4.0805215890833210e+01 26
1 0 1 1 2.6211330664614174e-02 1.9096375774246128e-02 1.0002200392454443e+00 6.3312571220693614e-02 3.9910033154654745e-01 4.0855215886582975e+01 26
1 0 1 1 2.6192498813782533e-02 1.9085334862490266e-02 1.0002208380470961e+00 6.3297363196799017e-02 4.0006752591936939e-01 4.0905215882272408e+01 26
1 0 1 1 2.6173735120637972e-02 1.9074337871404567e-02 1.0002216195470757e+00 6.3282284144891177e-02 4.0103415798429665e-01 4.0955215877995307e+01 26
1 0 1 1 2.6155039597942027e-02 1.9063384775072165e-02 1.0002223836046513e+00 6.3267333684462912e-02 4.0200022572391425e-01 4.1005215873657704e+01 26
1 0 1 1 2.6136412255835857e-02 1.9052475546418236e-02 1.0002231300850606e+00 6.3252511433680103e-02 4.0296572715915618e-01 4.1055215869343563e+01 26
1 0 1 1 2.6117853101977898e-02 1.9041610157290872e-02 1.0002238588595573e+00 6.3237817009478503e-02 4.0393066034323399e-01 4.1105215865003053e+01 26
1 0 1 1 2.6099362141486299e-02 1.9030788578421221e-02 1.0002245698054604e+00 6.3223250027512279e-02 4.0489502336543320e-01 4.1155215860656497e+01 26
1 0 1 1 2.6080939376994038e-02 1.9020010779453853e-02 1.0002252628061947e+00 6.3208810102190260e-02 4.0585881434923904e-01 4.1205215856302509e+01 26
1 0 1 1 2.6062584808660652e-02 1.9009276728949486e-02 1.0002259377513294e+00 6.3194496846677911e-02 4.0682203145268697e-01 4.1255215851942708e+01 26
1 0 1 1 2.6044298434194493e-02 1.8998586394394789e-02 1.0002265945366104e+00 6.3180309872908014e-02 4.0778467286807213e-01 4.1305215847573280e+01 26
1 0 1 1 2.6026080248862934e-02 1.8987939742205136e-02 1.0002272330639894e+00 6.3166248791586166e-02 4.0874673682260204e-01 4.1355215843226361e+01 26
1 0 1 1 2.6007930245559027e-02 1.8977336737759681e-02 1.0002278532416471e+00 6.3152313212227335e-02 4.0970822157536685e-01 4.1405215838818933e+01 26
1 0 1 1 2.5989848414712073e-02 1.8966777345346131e-02 1.0002284549840161e+00 6.3138502743094460e-02 4.1066912542366379e-01 4.1455215834490957e+01 26
1 0 1 1 2.5971834744481826e-02 1.8956261528271661e-02 1.0002290382117911e+00 6.3124816991332294e-02 4.1162944669333063e-01 4.1505215830108767e+01 27
1 0 1 1 2.5953889220603911e-02 1.8945789248766581e-02 1.0002296028519446e+00 6.3111255562850299e-02 4.1258918374787829e-01 4.1555215825751219e+01 27
1 0 1 1 2.5936011826525721e-02 1.8935360468062656e-02 1.0002301488377308e+00 6.3097818062420541e-02 4.1354833498246868e-01 4.1605215821403384e+01 27
1 0 1 1 2.5918202543393953e-02 1.8924975146381532e-02 1.0002306761086885e+00 6.3084504093661120e-02 4.1450689882531122e-01 4.1655215817038545e+01 27
1 0 1 1 2.5900461350041638e-02 1.8914633242924118e-02 1.0002311846106389e+00 6.3071313259032147e-02 4.1546487373977381e-01 4.1705215812738935e+01 27
1 0 1 1 2.5882788223109899e-02 1.8904334715937512e-02 1.0002316742956776e+00 6.3058245159914483e-02 4.1642225821837131e-01 4.1755215808391192e+01 27
1 0 1 1 2.5865183136932569e-02 1.8894079522643818e-02 1.0002321451221665e+00 6.3045299396525867e-02 4.1737905079021570e-01 4.1805215804086281e+01 27
1 0 1 1 2.5847646063675171e-02 1.8883867619319636e-02 1.0002325970547166e+00 6.3032475568020219e-02 4.1833525001452637e-01 4.1855215799790059e+01 27
1 0 1 1 2.5830176973294417e-02 1.8873698961267071e-02 1.0002330300641691e+00 6.3019773272458529e-02 4.1929085448382031e-01 4.1905215795522388e+01 27
1 0 1 1 2.5812775833590172e-02 1.8863573502841430e-02 1.0002334441275718e+00 6.3007192106845467e-02 4.2024586282215104e-01 4.1955215791275897e+01 27
1 0 1 1 2.5795442610219380e-02 1.8853491197455899e-02 1.0002338392281522e+00 6.2994731667135956e-02 4.2120027368532992e-01 4.2005215787038694e+01 27
1 0 1 1 2.5778177266707107e-02 1.8843451997583496e-02 1.0002342153552863e+00 6.2982391548243588e-02 4.2215408576120589e-01 4.2055215782821968e+01 27
1 0 1 1 2.5760979281552226e-02 1.8833453093732438e-02 1.0002345743308982e+00 6.2970171344064213e-02 4.2310732011401592e-01 4.2105216757740330e+01 27
1 0 1 1 2.5743849349599734e-02 1.8823493439579730e-02 1.0002349171983331e+00 6.2958071364194901e-02 4.2405993212195753e-01 4.2155216323991439e+01 27
1 0 1 1 2.5726787764773502e-02 1.8813577128602214e-02 1.0002352410729154e+00 6.2946090886830175e-02 4.2501190868045485e-01 4.2205214162188383e+01 27
1 0 1 1 2.5709792611254261e-02 1.8803703022137418e-02 1.0002355460012127e+00 6.2934228193583353e-02 4.2596335319962220e-01 4.2255215767927645e+01 27
1 0 1 1 2.5692865674512962e-02 1.8793872132645741e-02 1.0002358319672844e+00 6.2922484158126596e-02 4.2691416215895961e-01 4.2305215763913097e+01 27
1 0 1 1 2.5676006357730794e-02 1.8784084088475175e-02 1.0002360990052312e+00 6.2910857985965907e-02 4.2786436506778452e-01 4.2355215759861743e+01 27
1 0 1 1 2.5659214610311884e-02 1.8774338835659841e-02 1.0002363471448734e+00 6.2899349265478799e-02 4.2881396082762302e-01 4.2405215755889756e+01 27
1 0 1 1 2.5642490379777505e-02 1.8764636319412484e-02 1.0002365764218113e+00 6.2887957584187915e-02 4.2976294836681334e-01 4.2455215751966023e+01 27
1 0 1 1 2.5625833611735264e-02 1.8754976484101397e-02 1.0002367868773638e+00 6.2876682528739236e-02 4.3071132664303485e-01 4.2505215748060351e+01 27
1 0 1 1 2.5609244249881896e-02 1.8745359273250630e-02 1.0002369785585004e+00 6.2865523684908775e-02 4.3165909464436392e-01 4.2555215744213086e+01 27
1 0 1 1 2.5592722236061842e-02 1.8735784629569052e-02 1.0002371515177713e+00 6.2854480637649202e-02 4.3260625138717584e-01 4.2605215740440869e+01 27
1 0 1 1 2.5576267510304000e-02 1.8726252494969030e-02 1.0002373058132354e+00 6.2843552971113076e-02 4.3355279591475043e-01 4.2655215736677434e+01 27
1 0 1 1 2.5559880010774017e-02 1.8716762810535761e-02 1.0002374415083841e+00 6.2832740268630449e-02 4.3449872730154915e-01 4.2705215733015066e+01 27
1 0 1 1 2.5543559673907423e-02 1.8707315516599834e-02 1.0002375586720627e+00 6.2822042112793991e-02 4.3544404464608477e-01 4.2755215729343682e+01 27
1 0 1 1 2.5527306434286225e-02 1.8697910552664163e-02 1.0002376573783884e+00 6.2811458085397398e-02 4.3638874707984682e-01 4.2805215725839702e+01 27
1 0 1 1 2.5511120224872744e-02 1.8688547857534019e-02 1.0002377377066674e+00 6.2800987767577865e-02 4.3733283375415694e-01 4.2855215722285642e+01 27
1 0 1 1 2.5495000976785712e-02 1.8679227369186494e-02 1.0002377997413083e+00 6.2790630739683218e-02 4.3827630385465144e-01 4.2905215718852716e+01 27
1 0 1 1 2.5478948619518712e-02 1.8669949024891538e-02 1.0002378435717330e+00 6.2780386581422931e-02 4.3921915658965638e-01 4.2955215715503783e+01 27
1 0 1 1 2.5462963080897540e-02 1.8660712761185572e-02 1.0002378692922851e+00 6.2770254871840681e-02 4.4016139119365599e-01 4.3005215712191706e+01 28
1 0 1 1 2.5447044287074394e-02 1.8651518513863107e-02 1.0002378770021383e+00 6.2760235189317559e-02 4.4110300692859916e-01 4.3055215708946861e+01 28
1 0 1 1 2.5431192162575764e-02 1.8642366218004389e-02 1.0002378668051992e+00 6.2750327111614823e-02 4.4204400308261338e-01 4.3105215705824712e+01 28
1 0 1 1 2.5415406630373751e-02 1.8633255808008349e-02 1.0002378388100113e+00 6.2740530215920576e-02 4.4298437896632364e-01 4.3155215702730082e+01 28
1 0 1 1 2.5399687611813763e-02 1.8624187217553916e-02 1.0002377931296558e+00 6.2730844078812881e-02 4.4392413391878127e-01 4.3205215699745246e+01 28
1 0 1 1 2.5384035026725277e-02 1.8615160379654608e-02 1.0002377298816503e+00 6.2721268276338782e-02 4.4486326730146836e-01 4.3255215696833581e+01 28
1 0 1 1 2.5368448793401738e-02 1.8606175226648279e-02 1.0002376491878475e+00 6.2711802384003978e-02 4.4580177850091723e-01 4.3305215693992054e+01 28
1 0 1 1 2.5352928828609955e-02 1.8597231690197943e-02 1.0002375511743293e+00 6.2702445976797916e-02 4.4673966692936712e-01 4.3355215691307016e+01 28
1 0 1 1 2.5337475047713158e-02 1.8588329701359346e-02 1.0002374359713047e+00 6.2693198629261759e-02 4.4767693201799696e-01 4.3405215688608898e+01 28
1 0 1 1 2.5322084835306676e-02 1.8579469190484747e-02 1.0002373037129999e+00 6.2684059915411816e-02 4.4861357322806850e-01 4.3455215686086412e+01 28
1 0 1 1 2.5306753399444833e-02 1.8570650087350999e-02 1.0002371545375541e+00 6.2675029408878591e-02 4.4954959003833694e-01 4.3505215683631263e+01 28
1 0 1 1 2.5291487956060638e-02 1.8561872321089991e-02 1.0002369885869073e+00 6.2666106682848888e-02 4.5048498195291470e-01 4.3555215681276728e+01 28
1 0 1 1 2.5276288414340965e-02 1.8553135820233151e-02 1.0002368060066946e+00 6.2657291310120655e-02 4.5141974849768035e-01 4.3605215679022294e+01 28
1 0 1 1 2.5261154682104485e-02 1.8544440512708704e-02 1.0002366069461315e+00 6.2648582863118946e-02 4.5235388922107445e-01 4.3655215676896553e+01 28
1 0 1 1 2.5246086665860114e-02 1.8535786325872633e-02 1.0002363915579071e+00 6.2639980913932414e-02 4.5328740369143888e-01 4.3705215674831294e+01 28
1 0 1 1 2.5231084270758212e-02 1.8527173186478247e-02 1.0002361599980694e+00 6.2631485034299078e-02 4.5422029150127385e-01 4.3755215672907930e+01 28
1 0 1 1 2.5216147400691349e-02 1.8518601020731617e-02 1.0002359124259141e+00 6.2623094795674072e-02 4.5515255226215412e-01 4.3805215671102943e+01 28
1 0 1 1 2.5201275958277286e-02 1.8510069754277342e-02 1.0002356490038720e+00 6.2614809769230700e-02 4.5608418560670916e-01 4.3855215669413454e+01 28
1 0 1 1 2.5186469844892322e-02 1.8501579312217735e-02 1.0002353698973963e+00 6.2606629525885776e-02 4.5701519118782113e-01 4.3905215667829417e+01 28
1 0 1 1 2.5171728960682829e-02 1.8493129619112737e-02 1.0002350752748497e+00 6.2598553636317056e-02 4.5794556867858122e-01 4.3955215666352537e+01 28
1 0 1 1 2.5157053204581069e-02 1.8484720598989212e-02 1.0002347653073900e+00 6.2590581670985634e-02 4.5887531777274720e-01 4.4005215665037191e+01 28
1 0 1 1 2.5142442474376449e-02 1.8476352175377835e-02 1.0002344401688590e+00 6.2582713200181272e-02 4.5980443818113026e-01 4.4055215663814323e+01 28
1 0 1 1 2.5127896666657355e-02 1.8468024271278177e-02 1.0002341000356667e+00 6.2574947794007962e-02 4.6073292963655410e-01 4.4105215662776502e+01 28
1 0 1 1 2.5113415676937648e-02 1.8459736809226756e-02 1.0002337450866818e+00 6.2567285022454733e-02 4.6166079188658427e-01 4.4155215661804213e+01 28
1 0 1 1 2.5098999399556569e-02 1.8451489711238521e-02 1.0002333755031163e+00 6.2559724455355514e-02 4.6258802470102095e-01 4.4205215660986887e+01 28
1 0 1 1 2.5084647727786357e-02 1.8443282898865335e-02 1.0002329914684145e+00 6.2552265662460138e-02 4.6351462786619685e-01 4.4255215660334180e+01 28
1 0 1 1 2.5070360553844529e-02 1.8435116293199483e-02 1.0002325931681413e+00 6.2544908213448602e-02 4.6444060118505642e-01 4.4305215659798044e+01 29
1 0 1 1 2.5056137768867573e-02 1.8426989814858519e-02 1.0002321807898700e+00 6.2537651677933043e-02 4.6536594448021368e-01 4.4355215659454323e+01 29
1 0 1 1 2.5041979263023501e-02 1.8418903384044557e-02 1.0002317545230750e+00 6.2530495625515409e-02 4.6629065758713401e-01 4.4405215659152006e+01 29
1 0 1 1 2.5027884925367352e-02 1.8410856920460447e-02 1.0002313145590156e+00 6.2523439625738808e-02 4.6721474036501731e-01 4.4455215659120427e+01 29
1 0 1 1 2.5013854644080565e-02 1.8402850343444712e-02 1.0002308610906339e+00 6.2516483248212906e-02 4.6813819268222606e-01 4.4505215659196615e+01 29
1 0 1 1 2.4999888306321539e-02 1.8394883571882348e-02 1.0002303943124422e+00 6.2509626062549006e-02 4.6906101442668713e-01 4.4555215659406493e+01 29
1 0 1 1 2.4985985798299033e-02 1.8386956524244234e-02 1.0002299144204165e+00 6.2502867638408288e-02 4.6998320550223099e-01 4.4605215659783781e+01 29
1 0 1 1 2.4972147005298855e-02 1.8379069118602737e-02 1.0002294216118912e+00 6.2496207545528704e-02 4.7090476582807356e-01 4.4655215660357349e+01 29
1 0 1 1 2.4958371811721659e-02 1.8371221272647363e-02 1.0002289160854529e+00 6.2489645353752454e-02 4.7182569533698199e-01 4.4705215661070824e+01 29
1 0 1 1 2.4944660101048642e-02 1.8363412903665534e-02 1.0002283980408362e+00 6.2483180633023494e-02 4.7274599397878814e-01 4.4755215661988437e+01 29
1 0 1 1 2.4931011755934204e-02 1.8355643928591459e-02 1.0002278676788219e+00 6.2476812953436239e-02 4.7366566171487096e-01 4.4805215663012021e+01 29
1 0 1 1 2.4917425719149847e-02 1.8347910474196174e-02 1.0002273274824707e+00 6.2470541885212644e-02 4.7458475467861633e-01 4.4855218463779082e+01 29
1 0 1 1 2.4903904380355932e-02 1.8340214649469572e-02 1.0002267771921065e+00 6.2464368049353319e-02 4.7550310461873241e-01 4.4905214969773247e+01 29
1 0 1 1 2.4890445530512100e-02 1.8332557709790434e-02 1.0002262151204986e+00 6.2458289719546284e-02 4.7642085882358570e-01 4.4955213394812418e+01 29
1 0 1 1 2.4877048539500200e-02 1.8324939281157041e-02 1.0002256414474890e+00 6.2452306248260120e-02 4.7733805268629842e-01 4.5005215672070335e+01 29
1 0 1 1 2.4863714930611288e-02 1.8317360213953082e-02 1.0002250564470201e+00 6.2446417944386545e-02 4.7825457380963099e-01 4.5055215673982637e+01 29
1 0 1 1 2.4850443970534562e-02 1.8309820075182004e-02 1.0002244602979113e+00 6.2440624104848241e-02 4.7917046399308788e-01 4.5105215676154664e+01 29
1 0 1 1 2.4837235536355425e-02 1.8302318779138977e-02 1.0002238532052181e+00 6.2434924301316697e-02 4.8008572329214244e-01 4.5155215678549183e+01 29
1 0 1 1 2.4824089504442298e-02 1.8294856239813133e-02 1.0002232353742944e+00 6.2429318105749976e-02 4.8100035177368250e-01 4.5205215681082414e+01 29
1 0 1 1 2.4811005750408059e-02 1.8287432370865161e-02 1.0002226070106990e+00 6.2423805090388501e-02 4.8191434951988471e-01 4.5255215683849755e+01 29
1 0 1 1 2.4797984149195137e-02 1.8280047085671845e-02 1.0002219683201101e+00 6.2418384827806178e-02 4.8282771662314139e-01 4.5305215686865516e+01 29
1 0 1 1 2.4785024575087265e-02 1.8272700297332332e-02 1.0002213195082379e+00 6.2413056890923330e-02 4.8374045318610798e-01 4.5355215690078602e+01 30
1 0 1 1 2.4772126901695744e-02 1.8265391918659082e-02 1.0002206607807382e+00 6.2407820853008611e-02 4.8465255932355383e-01 4.5405215693487023e+01 30
1 0 1 1 2.4759291001967020e-02 1.8258121862177755e-02 1.0002199923431272e+00 6.2402676287697967e-02 4.8556403516262797e-01 4.5455215697170004e+01 30
1 0 1 1 2.4746516748250520e-02 1.8250890040167320e-02 1.0002193144007028e+00 6.2397622769032157e-02 4.8647488083921758e-01 4.5505215701099395e+01 30
1 0 1 1 2.4733804012291180e-02 1.8243696364650397e-02 1.0002186271584628e+00 6.2392659871459699e-02 4.8738509649875855e-01 4.5555215705200354e+01 30
1 0 1 1 2.4721152665193358e-02 1.8236540747373728e-02 1.0002179308210251e+00 6.2387787169833925e-02 4.8829468230009165e-01 4.5605215709574416e+01 30
1 0 1 1 2.4708562577494455e-02 1.8229423099848686e-02 1.0002172255925523e+00 6.2383004239458861e-02 4.8920363841119624e-01 4.5655215714279734e+01 30
1 0 1 1 2.4696033619221597e-02 1.8222343333379513e-02 1.0002165116766810e+00 6.2378310656112712e-02 4.9011196500545362e-01 4.5705215719138920e+01 30
1 0 1 1 2.4683565659770829e-02 1.8215301358993883e-02 1.0002157892764398e+00 6.2373705996013551e-02 4.9101966227131966e-01 4.5755215724284099e+01 30
1 0 1 1 2.4671158568029660e-02 1.8208297087511743e-02 1.0002150585941860e+00 6.2369189835878025e-02 4.9192673040439783e-01 4.5805215729733142e+01 30
1 0 1 1 2.4658812212366567e-02 1.8201330429538257e-02 1.0002143198315332e+00 6.2364761752928904e-02 4.9283316960915097e-01 4.5855215735496209e+01 30
1 0 1 1 2.4646526460675715e-02 1.8194401295484327e-02 1.0002135731892874e+00 6.2360421324912152e-02 4.9373898009581918e-01 4.5905215741419340e+01 30
1 0 1 1 2.4634301180248435e-02 1.8187509595497402e-02 1.0002128188673718e+00 6.2356168130071832e-02 4.9464416209142248e-01 4.5955215747801674e+01 30
1 0 1 1 2.4622136238037048e-02 1.8180655239603924e-02 1.0002120570647799e+00 6.2352001747242813e-02 4.9554871582028687e-01 4.6005215754334856e+01 30
1 0 1 1 2.4610031500385161e-02 1.8173838137559843e-02 1.0002112879794949e+00 6.2347921755772612e-02 4.9645264152542712e-01 4.6055215761293411e+01 30
1 0 1 1 2.4597986833282300e-02 1.8167058198990373e-02 1.0002105118084454e+00 6.2343927735615923e-02 4.9735593945001350e-01 4.6105215768523756e+01 30
1 0 1 1 2.4586002102230175e-02 1.8160315333314338e-02 1.0002097287474396e+00 6.2340019267294572e-02 4.9825860984809328e-01 4.6155215776046681e+01 30
1 0 1 1 2.4574077172269632e-02 1.8153609449757049e-02 1.0002089389911080e+00 6.2336195931923022e-02 4.9916065298339257e-01 4.6205215784004722e+01 30
1 0 1 1 2.4562211568586723e-02 1.8146940457407171e-02 1.0002081427328562e+00 6.2332457311247785e-02 5.0006206912290219e-01 4.6255215792314821e+01 30
1 0 1 1 2.4550397304119950e-02 1.8140308265195755e-02 1.0002073401648104e+00 6.2328802987634546e-02 5.0096285853888267e-01 4.6305215800791089e+01 30
1 0 1 1 2.4538642493785092e-02 1.8133712781802393e-02 1.0002065314777531e+00 6.2325232544044540e-02 5.0186302152326590e-01 4.6355215809956483e+01 31
1 0 1 1 2.4526947000773687e-02 1.8127153915899533e-02 1.0002057168611058e+00 6.2321745564157566e-02 5.0276255835451644e-01 4.6405215819209069e+01 31
1 0 1 1 2.4515310687624959e-02 1.8120631575851989e-02 1.0002048965028425e+00 6.2318341632236984e-02 5.0366146933954326e-01 4.6455215829163897e+01 31
1 0 1 1 2.4503733416787712e-02 1.8114145670030342e-02 1.0002040705894844e+00 6.2315020333289700e-02 5.0455975477055393e-01 4.6505215839262760e+01 30
1 0 1 1 2.4502635461792304e-02 1.8113530739704439e-02 1.0002039917607333e+00 6.2314708758188037e-02 5.0464515117298203e-01 4.6509970952748617e+01 30
1 0 1 1 2.4501535418265313e-02 1.8112914670069754e-02 1.0002039126950724e+00 6.2314397184644245e-02 5.0473074591741551e-01 4.6514737426480742e+01 30
1 0 1 1 2.4500433272280287e-02 1.8112297453532825e-02 1.0002038333910444e+00 6.2314085612658325e-02 5.0481654033639123e-01 4.6519515336918261e+01 30
1 0 1 1 2.4499329009745045e-02 1.8111679082409887e-02 1.0002037538471749e+00 6.2313774042230263e-02 5.0490253577825761e-01 4.6524304761426791e+01 30
1 0 1 1 2.4498222616425619e-02 1.8111059548939466e-02 1.0002036740619749e+00 6.2313462473360053e-02 5.0498873360503016e-01 4.6529105778158957e+01 28
1 0 1 1 2.4498111859596314e-02 1.8110997531501152e-02 1.0002036660701417e+00 6.2313431316628816e-02 5.0499736455243360e-01 4.6529586519362375e+01 38
1 0 1 1 2.4498001081302390e-02 1.8110935502353809e-02 1.0002036580758791e+00 6.2313400159913157e-02 5.0500599753866504e-01 4.6530067377347848e+01 40
1 0 1 1 2.4497890281530214e-02 1.8110873461490169e-02 1.0002036500791851e+00 6.2313369003213076e-02 5.0501463256508961e-01 4.6530548352193534e+01 43
1 0 1 1 2.4497879200369128e-02 1.8110867256757958e-02 1.0002036492793818e+00 6.2313365887544624e-02 5.0501549618021080e-01 4.6530596456120612e+01 44
