beta   |   likelihood  |
16.0 2.4196605458546992e-23
21.0 2.3311731573193143e-23
26.0 2.2506529432293378e-23
31.0 2.2146643019369457e-23
36.0 2.2002100935513922e-23
41.0 2.1775125717430903e-23
46.0 2.1560487975722484e-23
51.0 2.1436185274561652e-23
56.0 2.1413663490952774e-23
61.0 2.125834757825043e-23
66.0 2.1249331103996458e-23
71.0 2.1089113302891615e-23
76.0 2.1088129838372266e-23
81.0 2.1092202583990136e-23
86.0 2.1015334637900972e-23
91.0 2.088169936148201e-23
96.0 2.0878695379309942e-23
101.0 2.086964611186445e-23
106.0 2.084652682424189e-23
