beta   |   likelihood  |
11.0 8.566339106001665e-46
16.0 1.1511532938651484e-45
21.0 7.842686214197842e-46
26.0 5.807347554984157e-46
31.0 4.509285876051797e-46
36.0 3.661330541496506e-46
41.0 3.2285638798400943e-46
46.0 2.8150827968873436e-46
51.0 2.6500861490399438e-46
56.0 2.2657567921107008e-46
61.0 2.02254794861169e-46
66.0 1.940414816028215e-46
71.0 2.047209889298504e-46
76.0 2.053025840205257e-46
81.0 1.955639527628344e-46
86.0 1.703316081301972e-46
91.0 1.7202139717381154e-46
96.0 1.6313868885433804e-46
101.0 1.6108601002477733e-46
106.0 1.5468402737791146e-46
