beta   |   likelihood  |
16.0 4.537386574371537e-22
21.0 4.487139743006881e-22
26.0 4.478506403983291e-22
31.0 4.482931772538212e-22
36.0 4.404855932853971e-22
41.0 4.403800169600955e-22
46.0 4.410392326744107e-22
51.0 4.40818046222648e-22
61.0 4.408399705907421e-22
66.0 4.3565631438484285e-22
71.0 4.356160265982277e-22
76.0 4.354537185484502e-22
81.0 4.344770392145659e-22
86.0 4.343412805253573e-22
91.0 4.342129699112463e-22
96.0 4.341040824540257e-22
101.0 4.340045916996045e-22
106.0 4.306269882355077e-22
