isScalarized | massIncreased | isMonotoneInside | isMonotoneOutside | mass_Baryon | mass_ADM | AST(radius) | radius  |  phi_c | rho_c | ctr |
1 0 1 1  4.2758421802694527e-02 3.2492183713838982e-02 1.0000000000008664e+00 1.1445110000000000e-01 8.3483670457600067e-04 9.7982232948854424e+00 10
1 0 1 1  4.2831535580871924e-02 3.2522359622742768e-02 1.0000000000069131e+00 1.1435110000000000e-01 2.2089749103291205e-03 9.8303612810574812e+00 10
1 0 1 1  4.2903414247277075e-02 3.2551756794617380e-02 1.0000000000148281e+00 1.1425109999999999e-01 3.0425656108517322e-03 9.8626716212338934e+00 10
1 0 1 1  4.2974085521027605e-02 3.2580390701842217e-02 1.0000000000249112e+00 1.1415109999999999e-01 3.7215206646978327e-03 9.8951015268768749e+00 10
1 0 1 1  4.3043569388909624e-02 3.2608275518796900e-02 1.0000000000374962e+00 1.1405110000000000e-01 4.3214009025101365e-03 9.9276141456285707e+00 10
1 0 1 1  4.3111884105376246e-02 3.2635424418716384e-02 1.0000000000529525e+00 1.1395110000000000e-01 4.8731465622921912e-03 9.9601827264646712e+00 10
1 1 1 1 4.4475326248849409e-02 3.3100912157268167e-02 1.0000000035798826e+00 1.1145110000000000e-01 1.6559531503848080e-02 1.0769534368617823e+01 39
1 1 1 1 4.4388722177751042e-02 3.3077207710698872e-02 1.0000000028489975e+00 1.1165110000000000e-01 1.5578269179894045e-02 1.0705575650529276e+01 39
1 1 1 1 4.4298458052697595e-02 3.3051361154488597e-02 1.0000000022457900e+00 1.1185110000000001e-01 1.4614185191661255e-02 1.0641466653620711e+01 39
1 1 1 1 4.4204480803252927e-02 3.3023322322574322e-02 1.0000000017514801e+00 1.1205110000000001e-01 1.3666370005994430e-02 1.0577204357042374e+01 39
1 1 1 1 4.4106725559278123e-02 3.2993039158801890e-02 1.0000000013495656e+00 1.1225110000000002e-01 1.2733602287108245e-02 1.0512787221133527e+01 39
1 1 1 1 4.4005132367918254e-02 3.2960374353632999e-02 1.0000000010256784e+00 1.1245110000000003e-01 1.1814303690550088e-02 1.0448219920762332e+01 39
1 1 1 1 4.3899629335290943e-02 3.2925298760629981e-02 1.0000000007671515e+00 1.1265110000000003e-01 1.0906243718727388e-02 1.0383503919579029e+01 39
1 1 1 1 4.3790137971029520e-02 3.2887810725226445e-02 1.0000000005630081e+00 1.1285110000000004e-01 1.0006376491328184e-02 1.0318642360452170e+01 39
1 1 1 1 4.3676580650053663e-02 3.2847848360083857e-02 1.0000000004038272e+00 1.1305110000000004e-01 9.1105491786054957e-03 1.0253645672466046e+01 39
1 1 1 1 4.3558698598725014e-02 3.2805346305073563e-02 1.0000000002815128e+00 1.1325110000000005e-01 8.2128711234735197e-03 1.0188530191614952e+01 39
1 1 1 1 4.3436509732945758e-02 3.2760235136724665e-02 1.0000000001891476e+00 1.1345110000000005e-01 7.3046599112068832e-03 1.0123320573837468e+01 39
1 1 1 1 4.3309992421919068e-02 3.2712440613202248e-02 1.0000000001208569e+00 1.1365110000000006e-01 6.3723665055616880e-03 1.0058053701586651e+01 39
1 1 1 1 4.3179046554518923e-02 3.2661849766937472e-02 1.0000000000716882e+00 1.1385110000000007e-01 5.3929605802447416e-03 9.9927872547469736e+00 39
1 1 1 1 4.3043569388909603e-02 3.2608275518796866e-02 1.0000000000374962e+00 1.1405110000000007e-01 4.3214009025098511e-03 9.9276141456285547e+00 39
1 1 1 1 4.2903414247277012e-02 3.2551756794617331e-02 1.0000000000148281e+00 1.1425110000000008e-01 3.0425656108512573e-03 9.8626716212338721e+00 39
1 1 1 1 4.2758421802694485e-02 3.2492183713838933e-02 1.0000000000008664e+00 1.1445110000000008e-01 8.3483670457440895e-04 9.7982232948854229e+00 39
