isScalarized | massIncreased | isMonotoneInside | isMonotoneOutside | mass_Baryon | mass_ADM | AST(radius) | radius  |  phi_c | rho_c | ctr |
1 0 1 1 3.1837407696925293e-02 2.4251280362315785e-02 1.0000000000003479e+00 8.6200199999999796e-02 2.3919241824938999e-03 1.7245165622181560e+01 36
1 1 1 1 3.1837689881219829e-02 2.4251400289088936e-02 1.0000000000003491e+00 8.6199824999999800e-02 2.3946366884626770e-03 1.7245455225541519e+01 37
1 1 1 1 3.1837972043924564e-02 2.4251520201816028e-02 1.0000000000003502e+00 8.6199449999999803e-02 2.3973469322990477e-03 1.7245744833260126e+01 37
1 1 1 1 3.1838254185040243e-02 2.4251640100498302e-02 1.0000000000003513e+00 8.6199074999999806e-02 2.4000549220276213e-03 1.7246034445327538e+01 37
1 1 1 1 3.1838536304568205e-02 2.4251759985135627e-02 1.0000000000003522e+00 8.6198699999999809e-02 2.4027606656400798e-03 1.7246324061735006e+01 37
1 1 1 1 3.1886864831190090e-02 2.4272224447176673e-02 1.0000000000005587e+00 8.6134033263078891e-02 2.8414120026522827e-03 1.7296324393615301e+01 36
1 1 1 1 3.1934478516227334e-02 2.4292243385075754e-02 1.0000000000008187e+00 8.6069476716424509e-02 3.2393810331380461e-03 1.7346328796922553e+01 36
1 1 1 1 3.1981415229156505e-02 2.4311835834643102e-02 1.0000000000011411e+00 8.6004992390689872e-02 3.6114001215297878e-03 1.7396336475199035e+01 36
1 1 1 1 3.2027701506976008e-02 2.4331015700484994e-02 1.0000000000015361e+00 8.5940555384626416e-02 3.9658494516010799e-03 1.7446343959927344e+01 37
1 1 1 1 3.2073360895020095e-02 2.4349783781716174e-02 1.0000000000020151e+00 8.5876145709010865e-02 4.3080452686182239e-03 1.7496351073538513e+01 37
1 1 1 1 3.2118415089631341e-02 2.4368106777841663e-02 1.0000000000025908e+00 8.5811751830407679e-02 4.6416129455098742e-03 1.7546360324597213e+01 37
1 1 1 1 3.2162856744687433e-02 2.4386039863911246e-02 1.0000000000032774e+00 8.5747380107887128e-02 4.9689653234458323e-03 1.7596346328765851e+01 37
1 1 1 1 3.2206742090677129e-02 2.4403607882019149e-02 1.0000000000040909e+00 8.5682956263878340e-02 5.2923363843558370e-03 1.7646357694205001e+01 37
1 1 1 1 3.2250051059936294e-02 2.4420804785321947e-02 1.0000000000050493e+00 8.5618515922979310e-02 5.6129656212491599e-03 1.7696359308175669e+01 37
1 1 1 1 3.2292801370927784e-02 2.4437639614319676e-02 1.0000000000061717e+00 8.5554039010316885e-02 5.9320679535564006e-03 1.7746360583448521e+01 37
1 1 1 1 3.2334979393228915e-02 2.4454117471168310e-02 1.0000000000074805e+00 8.5489518783517848e-02 6.2505687888047062e-03 1.7796361608882147e+01 37
1 1 1 1 3.2376536406589516e-02 2.4470242932614017e-02 1.0000000000089995e+00 8.5424949616910328e-02 6.5692222301840190e-03 1.7846362446352536e+01 37
1 1 1 1 3.2417555388733615e-02 2.4486020141033998e-02 1.0000000000107556e+00 8.5360326804551356e-02 6.8886512238344631e-03 1.7896363139986612e+01 37
1 1 1 1 3.2458041761906281e-02 2.4501452876072534e-02 1.0000000000127784e+00 8.5295646409059456e-02 7.2093761939300040e-03 1.7946363721714491e+01 37
1 1 1 1 3.2498000313978710e-02 2.4516544612157996e-02 1.0000000000151001e+00 8.5230905142961111e-02 7.5318359680843815e-03 1.7996364215026919e+01 37
1 1 1 1 3.2537435296629773e-02 2.4531298565301896e-02 1.0000000000177567e+00 8.5166100274219336e-02 7.8564033996537230e-03 1.8046364637474387e+01 37
1 1 1 1 3.2576350506080938e-02 2.4545717731698329e-02 1.0000000000207874e+00 8.5101229549900903e-02 8.1833972580304080e-03 1.8096365002313856e+01 37
1 1 1 1 3.2614756055640730e-02 2.4559755906126777e-02 1.0000000000242371e+00 8.5036291133481545e-02 8.5131458887250724e-03 1.8146373541607801e+01 37
1 1 1 1 3.2652630697281443e-02 2.4573449814153481e-02 1.0000000000281499e+00 8.4971315587446361e-02 8.8456766410818979e-03 1.8196358778317624e+01 37
1 1 1 1 3.2690010388950849e-02 2.4586822225992663e-02 1.0000000000325808e+00 8.4906243107474244e-02 9.1814851555878357e-03 1.8246364526953069e+01 37
1 1 1 1 3.2726878938301084e-02 2.4599868773089194e-02 1.0000000000375844e+00 8.4841104979667736e-02 9.5205841499487170e-03 1.8296366054285340e+01 37
1 1 1 1 3.2763240897087209e-02 2.4612592567496538e-02 1.0000000000432223e+00 8.4775896841881138e-02 9.8631466232071002e-03 1.8346366245945621e+01 37
1 1 1 1 3.2799099405383274e-02 2.4624996175722939e-02 1.0000000000495621e+00 8.4710616590638110e-02 1.0209315299367231e-02 1.8396366416426677e+01 37
1 1 1 1 3.2834454367885200e-02 2.4637081744170980e-02 1.0000000000566767e+00 8.4645264029197143e-02 1.0559206598749801e-02 1.8446366568374479e+01 37
1 1 1 1 3.2869223711465521e-02 2.4648851356437178e-02 1.0000000000646454e+00 8.4579839138935520e-02 1.0912921735277034e-02 1.8496366704069793e+01 37
1 1 1 1 3.2903494770891717e-02 2.4660307042710519e-02 1.0000000000735547e+00 8.4514342060756253e-02 1.1270548627538122e-02 1.8546366825401218e+01 37
1 1 1 1 3.2937269264233307e-02 2.4671450787969812e-02 1.0000000000834983e+00 8.4448773078381278e-02 1.1632163535991396e-02 1.8596366934029493e+01 37
1 1 1 1 3.2970548835981967e-02 2.4682284539061003e-02 1.0000000000945777e+00 8.4383132603703837e-02 1.1997832470979197e-02 1.8646367031358484e+01 37
1 1 1 1 3.3003335070469250e-02 2.4692810210832975e-02 1.0000000001069025e+00 8.4317421163578155e-02 1.2367612411225800e-02 1.8696367118636584e+01 37
1 1 1 1 3.3035629503525898e-02 2.4703029691451463e-02 1.0000000001205915e+00 8.4251639388150945e-02 1.2741552361002663e-02 1.8746367196957834e+01 37
1 1 1 1 3.3067433632637602e-02 2.4712944846965592e-02 1.0000000001357732e+00 8.4185788000406492e-02 1.3119694270930835e-02 1.8796367267281568e+01 37
1 1 1 1 3.3098752510515507e-02 2.4722523628278478e-02 1.0000000001525933e+00 8.4119867806802140e-02 1.3502114718938557e-02 1.8846372645922671e+01 37
1 1 1 1 3.3129575864083875e-02 2.4731782276280607e-02 1.0000000001711935e+00 8.4053900714082586e-02 1.3888700191692986e-02 1.8896364681677642e+01 37
1 1 1 1 3.3159918322693473e-02 2.4740743484763617e-02 1.0000000001917402e+00 8.3987855921177523e-02 1.4279641570920727e-02 1.8946364883133466e+01 37
1 1 1 1 3.3189777652621259e-02 2.4749407950458470e-02 1.0000000002144054e+00 8.3921742034709645e-02 1.4674915950855188e-02 1.8996367481871193e+01 37
1 1 1 1 3.3219152314109032e-02 2.4757776634262815e-02 1.0000000002393736e+00 8.3855566669240211e-02 1.5074501070007053e-02 1.9046367523411195e+01 37
1 1 1 1 3.3248045260679697e-02 2.4765851798598231e-02 1.0000000002668465e+00 8.3789327563694616e-02 1.5478430431629000e-02 1.9096367560893139e+01 37
1 1 1 1 3.3276457912799887e-02 2.4773635251966398e-02 1.0000000002970395e+00 8.3723025875448887e-02 1.5886714347416460e-02 1.9146367594765010e+01 37
1 1 1 1 3.3304391697704758e-02 2.4781128800105280e-02 1.0000000003301841e+00 8.3656662802654935e-02 1.6299360331642639e-02 1.9196367625401322e+01 37
1 1 1 1 3.3331795289664873e-02 2.4788334247077052e-02 1.0000000003665275e+00 8.3590239580377312e-02 1.6716373389186429e-02 1.9246367653140801e+01 37
1 1 1 1 3.3358698977760566e-02 2.4795253396157138e-02 1.0000000004063356e+00 8.3523757477175220e-02 1.7137756270066761e-02 1.9296367678301863e+01 37
1 1 1 1 3.3385127905079602e-02 2.4801888050562590e-02 1.0000000004498926e+00 8.3457217792095584e-02 1.7563509694264887e-02 1.9346367701135982e+01 37
1 1 1 1 3.3411083570195475e-02 2.4808240014067531e-02 1.0000000004975020e+00 8.3390621851844149e-02 1.7993632551930972e-02 1.9396367721896510e+01 37
1 1 1 1 3.3436567488317331e-02 2.4814311091482775e-02 1.0000000005494891e+00 8.3323971008383180e-02 1.8428122080133190e-02 1.9446367740786773e+01 37
1 1 1 1 3.3461581192452711e-02 2.4820103089041673e-02 1.0000000006062006e+00 8.3257266636660165e-02 1.8866974020656582e-02 1.9496367757995117e+01 37
1 1 1 1 3.3486126234354797e-02 2.4825617814705624e-02 1.0000000006680070e+00 8.3190510132610751e-02 1.9310182760138454e-02 1.9546367773685933e+01 37
1 1 1 1 3.3510204185295940e-02 2.4830857078387815e-02 1.0000000007353027e+00 8.3123702911333947e-02 1.9757741455168825e-02 1.9596367788008475e+01 37
1 1 1 1 3.3533816636682326e-02 2.4835822692112309e-02 1.0000000008085090e+00 8.3056846405455381e-02 2.0209642143865617e-02 1.9646367801086996e+01 37
1 1 1 1 3.3556968381343283e-02 2.4840474032267797e-02 1.0000000008881249e+00 8.2989942063607491e-02 2.0665932919875344e-02 1.9696374038385326e+01 37
1 1 1 1 3.3579649410676857e-02 2.4844853140445572e-02 1.0000000009745533e+00 8.2923016339183919e-02 2.1126375992881936e-02 1.9746361701401028e+01 37
1 1 1 1 3.3601878147810696e-02 2.4848965637175997e-02 1.0000000010683667e+00 8.2856021114552092e-02 2.1591301037870856e-02 1.9796367751720929e+01 37
1 1 1 1 3.3623645272966997e-02 2.4852811252037043e-02 1.0000000011700627e+00 8.2788990481106856e-02 2.2060471746533399e-02 1.9846367840415464e+01 37
1 1 1 1 3.3644955126839390e-02 2.4856392319802259e-02 1.0000000012802261e+00 8.2721918060274346e-02 2.2533930280007490e-02 1.9896367848773291e+01 37
1 1 1 1 3.3665809463148240e-02 2.4859710682919107e-02 1.0000000013994674e+00 8.2654805253624619e-02 2.3011664484441446e-02 1.9946367856405544e+01 37
1 1 1 1 3.3686210022199937e-02 2.4862768179436959e-02 1.0000000015284334e+00 8.2587653578699571e-02 2.3493660864137698e-02 1.9996367863365492e+01 37
1 1 1 1 3.3706158565816935e-02 2.4865566649230238e-02 1.0000000016678106e+00 8.2520464561563811e-02 2.3979905372928465e-02 2.0046367869706707e+01 37
1 1 1 1 3.3725656877211928e-02 2.4868107933863941e-02 1.0000000018183264e+00 8.2453239736049511e-02 2.4470383457884964e-02 2.0096367875471060e+01 37
1 1 1 1 3.3744683860777017e-02 2.4870393876454344e-02 1.0000000019807516e+00 8.2385980643024770e-02 2.4965080099279491e-02 2.0146367880698584e+01 37
1 1 1 1 3.3763223503288448e-02 2.4872426321513492e-02 1.0000000021559015e+00 8.2318688829725706e-02 2.5463979846898115e-02 2.0196367885425587e+01 37
1 1 1 1 3.3781318386730513e-02 2.4874207114789507e-02 1.0000000023446394e+00 8.2251365849129093e-02 2.5967066853169019e-02 2.0246367889680904e+01 37
1 1 1 1 3.3798970394426531e-02 2.4875738103088754e-02 1.0000000025478784e+00 8.2184013259348182e-02 2.6474324903611748e-02 2.0296367893497763e+01 37
1 1 1 1 3.3816181429795512e-02 2.4877021134104997e-02 1.0000000027665825e+00 8.2116632623094710e-02 2.6985737444466928e-02 2.0346367896898528e+01 37
1 1 1 1 3.3832953416056966e-02 2.4878058056230466e-02 1.0000000030017711e+00 8.2049225507134949e-02 2.7501287608325344e-02 2.0396367899908217e+01 37
1 1 1 1 3.3849288295920869e-02 2.4878850718374854e-02 1.0000000032545195e+00 8.1981793481800957e-02 2.8020958237495491e-02 2.0446367902548410e+01 37
1 1 1 1 3.3865188031253907e-02 2.4879400969765569e-02 1.0000000035259637e+00 8.1914338120517682e-02 2.8544731905567115e-02 2.0496367904837204e+01 37
1 1 1 1 3.3880654602745905e-02 2.4879710659761516e-02 1.0000000038173003e+00 8.1846860999349402e-02 2.9072590937362829e-02 2.0546367906795890e+01 37
1 1 1 1 3.3895690009547653e-02 2.4879781637656185e-02 1.0000000041297914e+00 8.1779363696587865e-02 2.9604517427115090e-02 2.0596367908431876e+01 37
1 0 1 1 3.3910296268920635e-02 2.4879615752477852e-02 1.0000000044647668e+00 8.1711847792308279e-02 3.0140493255807095e-02 2.0646367909773570e+01 37
1 0 1 1 3.3924476392906688e-02 2.4879193488974737e-02 1.0000000048237616e+00 8.1644314868038970e-02 3.0680532062764436e-02 2.0696370858670871e+01 37
1 0 1 1 3.3938229600031615e-02 2.4878524898510813e-02 1.0000000052081566e+00 8.1576778450784593e-02 3.1224507352696884e-02 2.0746366800998292e+01 37
1 0 1 1 3.3951560751630389e-02 2.4877625065113429e-02 1.0000000056195160e+00 8.1509223677282638e-02 3.1772512441567834e-02 2.0796366069826114e+01 37
1 0 1 1 3.3964471657661324e-02 2.4876495815121982e-02 1.0000000060594725e+00 8.1441653146011428e-02 3.2324520943595475e-02 2.0846367911056749e+01 37
1 0 1 1 3.3976963271332580e-02 2.4875139095480291e-02 1.0000000065297048e+00 8.1374074403168101e-02 3.2880465248109191e-02 2.0896367911089587e+01 37
1 0 1 1 3.3989038193557329e-02 2.4873556719497918e-02 1.0000000070320327e+00 8.1306486542949502e-02 3.3440346499050748e-02 2.0946367910886380e+01 37
1 0 1 1 3.4000698557568383e-02 2.4871750536080782e-02 1.0000000075683504e+00 8.1238891146545866e-02 3.4004145465541785e-02 2.0996367910461242e+01 36
1 0 1 1 3.4011946511599958e-02 2.4869722392176372e-02 1.0000000081406466e+00 8.1171289794291612e-02 3.4571842801836734e-02 2.1046367909816901e+01 36
1 0 1 1 3.4022784218487548e-02 2.4867474132587525e-02 1.0000000087510073e+00 8.1103684065357007e-02 3.5143419056405750e-02 2.1096367908960467e+01 36
1 0 1 1 3.4033213855276190e-02 2.4865007599789112e-02 1.0000000094016199e+00 8.1036075537477215e-02 3.5718854680374834e-02 2.1146367907912236e+01 36
1 0 1 1 3.4043237612796352e-02 2.4862324633741863e-02 1.0000000100947781e+00 8.0968465786738109e-02 3.6298130034773571e-02 2.1196367906655887e+01 36
1 0 1 1 3.4052857695289408e-02 2.4859427071713104e-02 1.0000000108328841e+00 8.0900856387223274e-02 3.6881225398833872e-02 2.1246367905221931e+01 36
1 0 1 1 3.4062059263341812e-02 2.4856316748105456e-02 1.0000000116184549e+00 8.0833248910878452e-02 3.7468120975875471e-02 2.1296367903600242e+01 36
1 0 1 1 3.4070829576776665e-02 2.4852995494276199e-02 1.0000000124541242e+00 8.0765644927189073e-02 3.8058796900475221e-02 2.1346367901799024e+01 36
1 0 1 1 3.4079203098291412e-02 2.4849465138366993e-02 1.0000000133426490e+00 8.0698046002973922e-02 3.8653233244451808e-02 2.1396367899834157e+01 36
1 0 1 1 3.4087182092583677e-02 2.4845727505140656e-02 1.0000000142869123e+00 8.0630453702195931e-02 3.9251410022207577e-02 2.1446367897694266e+01 36
1 0 1 1 3.4094768835554012e-02 2.4841784415806929e-02 1.0000000152899289e+00 8.0562869585673935e-02 3.9853307196848257e-02 2.1496367895398823e+01 36
1 0 1 1 3.4101965613908901e-02 2.4837637687867620e-02 1.0000000163548495e+00 8.0495295210940954e-02 4.0458904684669679e-02 2.1546367892944478e+01 36
1 0 1 1 3.4108774724778634e-02 2.4833289134959174e-02 1.0000000174849650e+00 8.0427732131994611e-02 4.1068182360422006e-02 2.1596367890339849e+01 36
1 0 1 1 3.4115198475318617e-02 2.4828740566686637e-02 1.0000000186837130e+00 8.0360181899122640e-02 4.1681120061631521e-02 2.1646367887583917e+01 36
1 0 1 1 3.4121239182337060e-02 2.4823993788478296e-02 1.0000000199546810e+00 8.0292646058684858e-02 4.2297697593210261e-02 2.1696367884687998e+01 36
1 0 1 1 3.4126899171907657e-02 2.4819050601436642e-02 1.0000000213016129e+00 8.0225126152957238e-02 4.2917894731264727e-02 2.1746367881650752e+01 36
1 0 1 1 3.4132180778993687e-02 2.4813912802186790e-02 1.0000000227284134e+00 8.0157623719923271e-02 4.3541691227237431e-02 2.1796367878477838e+01 36
1 0 1 1 3.4137086347076885e-02 2.4808582182740731e-02 1.0000000242391534e+00 8.0090140293109208e-02 4.4169066811488931e-02 2.1846367875171879e+01 36
1 0 1 1 3.4141618227779884e-02 2.4803060530346782e-02 1.0000000258380759e+00 8.0022677401405451e-02 4.4800001196902382e-02 2.1896367871739443e+01 36
1 0 1 1 3.4145778780507771e-02 2.4797349627364761e-02 1.0000000275296019e+00 7.9955236568911847e-02 4.5434474082103576e-02 2.1946367868180953e+01 36
1 0 1 1 3.4149570383838063e-02 2.4791450520320273e-02 1.0000000293183626e+00 7.9887819314761521e-02 4.6072466381523444e-02 2.1996367960369565e+01 36
1 0 1 1 3.4152995748607112e-02 2.4785341286941615e-02 1.0000000312101114e+00 7.9820427540740979e-02 4.6713994170338939e-02 2.2046370975528959e+01 35
1 0 1 1 3.4156056319159002e-02 2.4779049475504831e-02 1.0000000332085868e+00 7.9753074961264936e-02 4.7358878767807894e-02 2.2096364623590368e+01 35
1 0 1 1 3.4158755640095982e-02 2.4772574465904744e-02 1.0000000353197440e+00 7.9685737552722402e-02 4.8007344275513800e-02 2.2146367851870647e+01 35
1 0 1 1 3.4161095343800421e-02 2.4765919642564509e-02 1.0000000375484681e+00 7.9618434071616118e-02 4.8659204864087723e-02 2.2196367847749883e+01 35
1 0 1 1 3.4163078015005330e-02 2.4759086346949365e-02 1.0000000399005105e+00 7.9551161655410735e-02 4.9314482015321598e-02 2.2246367843521337e+01 35
1 0 1 1 3.4164706057606485e-02 2.4752076327340555e-02 1.0000000423817090e+00 7.9483921789468615e-02 4.9973155409899210e-02 2.2296367839189031e+01 35
1 0 1 1 3.4165981880477508e-02 2.4744891326022374e-02 1.0000000449981292e+00 7.9416715953196437e-02 5.0635204736003754e-02 2.2346367834756283e+01 35
1 0 1 1 3.4166907897143176e-02 2.4737533079181615e-02 1.0000000477560689e+00 7.9349545619917139e-02 5.1300609691507966e-02 2.2396367830225255e+01 35
1 0 1 1 3.4167486525444192e-02 2.4730003316795569e-02 1.0000000506620661e+00 7.9282412256742651e-02 5.1969349986058309e-02 2.2446367825595804e+01 35
1 0 1 1 3.4167720187219738e-02 2.4722303762534002e-02 1.0000000537229052e+00 7.9215317324442175e-02 5.2641405343214889e-02 2.2496367820874994e+01 35
1 0 1 1 3.4167611307988011e-02 2.4714436133662882e-02 1.0000000569456242e+00 7.9148262277342812e-02 5.3316755502203973e-02 2.2546367816063906e+01 35
1 0 1 1 3.4167162316623055e-02 2.4706402140939481e-02 1.0000000603375214e+00 7.9081248563205919e-02 5.3995380219798078e-02 2.2596367811160050e+01 35
1 0 1 1 3.4166375645052136e-02 2.4698203488525357e-02 1.0000000639061626e+00 7.9014277623099149e-02 5.4677259272336028e-02 2.2646367806175363e+01 35
1 0 1 1 3.4165253727939576e-02 2.4689841873891366e-02 1.0000000676593885e+00 7.8947350891328150e-02 5.5362372456924901e-02 2.2696367801099388e+01 35
1 0 1 1 3.4163799002394524e-02 2.4681318987733784e-02 1.0000000716053212e+00 7.8880469795275243e-02 5.6050699593768807e-02 2.2746367795949887e+01 35
1 0 1 1 3.4162013907661722e-02 2.4672636513887111e-02 1.0000000757523726e+00 7.8813635755367595e-02 5.6742220526910615e-02 2.2796367790712281e+01 35
1 0 1 1 3.4159900884830306e-02 2.4663796129236422e-02 1.0000000801092508e+00 7.8746850184901990e-02 5.7436915126604315e-02 2.2846367785402169e+01 35
1 0 1 1 3.4157445565051771e-02 2.4654799503646633e-02 1.0000000846849684e+00 7.8680114490014469e-02 5.8134763290085600e-02 2.2896367780015769e+01 35
1 0 1 1 3.4154651858224645e-02 2.4645648299877022e-02 1.0000000894888497e+00 7.8613430069553514e-02 5.8835744943301529e-02 2.2946367774553835e+01 35
1 0 1 1 3.4151537869216791e-02 2.4636344173509035e-02 1.0000000945305385e+00 7.8546798314992061e-02 5.9539840042239570e-02 2.2996367769020136e+01 35
1 0 1 1 3.4148106048243705e-02 2.4626888772875517e-02 1.0000000998200060e+00 7.8480220610347096e-02 6.0247028574200785e-02 2.3046367763419767e+01 35
1 0 1 1 3.4144358845786670e-02 2.4617283738988464e-02 1.0000001053675580e+00 7.8413698332105847e-02 6.0957290558895483e-02 2.3096367757748236e+01 35
1 0 1 1 3.4140298712326551e-02 2.4607530705470806e-02 1.0000001111838437e+00 7.8347232849119125e-02 6.1670606049956840e-02 2.3146367752013120e+01 35
1 0 1 1 3.4135928098078201e-02 2.4597631298494717e-02 1.0000001172798627e+00 7.8280825522549724e-02 6.2386955135746415e-02 2.3196367746208935e+01 35
1 0 1 1 3.4131249452732139e-02 2.4587587136714516e-02 1.0000001236669744e+00 7.8214477705763119e-02 6.3106317940931508e-02 2.3246367740349136e+01 35
1 0 1 1 3.4126265225197169e-02 2.4577399831210191e-02 1.0000001303569044e+00 7.8148190744303958e-02 6.3828674626979942e-02 2.3296367734425125e+01 35
1 0 1 1 3.4120977863349583e-02 2.4567070985428749e-02 1.0000001373617540e+00 7.8081965975777989e-02 6.4554005393701333e-02 2.3346367728440718e+01 34
1 0 1 1 3.4115389813780206e-02 2.4556602195123164e-02 1.0000001446940072e+00 7.8015804729801214e-02 6.5282290480062150e-02 2.3396367722398768e+01 34
1 0 1 1 3.4109503521556957e-02 2.4545995048303501e-02 1.0000001523665403e+00 7.7949708327934297e-02 6.6013510165233019e-02 2.3446367716306199e+01 34
1 0 1 1 3.4103321429981660e-02 2.4535251125186890e-02 1.0000001603926290e+00 7.7883678083638413e-02 6.6747644769229758e-02 2.3496367710153372e+01 34
1 0 1 1 3.4096845980353237e-02 2.4524371998143397e-02 1.0000001687859577e+00 7.7817715302169688e-02 6.7484674654359644e-02 2.3546367703950686e+01 34
1 0 1 1 3.4090079611737725e-02 2.4513359231651714e-02 1.0000001775606264e+00 7.7751821280562350e-02 6.8224580225628037e-02 2.3596367697696500e+01 34
1 0 1 1 3.4083024760737074e-02 2.4502214382251419e-02 1.0000001867311612e+00 7.7685997307551657e-02 6.8967341931833695e-02 2.3646367691393632e+01 34
1 0 1 1 3.4075683861266776e-02 2.4490938998502135e-02 1.0000001963125202e+00 7.7620244663528515e-02 6.9712940266254644e-02 2.3696367685040194e+01 34
1 0 1 1 3.4068059344335266e-02 2.4479534620941129e-02 1.0000002063201046e+00 7.7554564620473720e-02 7.0461355767631392e-02 2.3746367678642063e+01 34
1 0 1 1 3.4060153637829389e-02 2.4468002782046146e-02 1.0000002167697646e+00 7.7488958441926770e-02 7.1212569020762742e-02 2.3796367672201299e+01 34
1 0 1 1 3.4051969166296166e-02 2.4456345006195177e-02 1.0000002276778095e+00 7.7423427382937532e-02 7.1966560657139439e-02 2.3846367665708673e+01 34
1 0 1 1 3.4043508350735115e-02 2.4444562809625380e-02 1.0000002390610154e+00 7.7357972689981458e-02 7.2723311356262518e-02 2.3896367659183532e+01 34
1 0 1 1 3.4034773608399592e-02 2.4432657700416839e-02 1.0000002509366346e+00 7.7292595600989916e-02 7.3482801845376020e-02 2.3946367652609311e+01 34
1 0 1 1 3.4025767352585647e-02 2.4420631178440656e-02 1.0000002633224021e+00 7.7227297345227985e-02 7.4245012901140953e-02 2.3996367645999975e+01 34
1 0 1 1 3.4016491881170514e-02 2.4408478659626143e-02 1.0000002762387876e+00 7.7162079143317575e-02 7.5009937319183456e-02 2.4046368419898492e+01 34
1 0 1 1 3.4006950010699616e-02 2.4396200719339033e-02 1.0000002897047837e+00 7.7096945260858862e-02 7.5777523020256310e-02 2.4096367823023016e+01 34
1 0 1 1 3.3997143964416374e-02 2.4383806169845111e-02 1.0000003037373464e+00 7.7031894593722949e-02 7.6547762583150047e-02 2.4146366625221685e+01 34
1 0 1 1 3.3987075577608002e-02 2.4371295780646441e-02 1.0000003183570623e+00 7.6966924706788231e-02 7.7320680133658282e-02 2.4196367619082206e+01 34
1 0 1 1 3.3976747874413571e-02 2.4358671805292983e-02 1.0000003335833203e+00 7.6902040936458804e-02 7.8096207449972699e-02 2.4246367612296183e+01 34
1 0 1 1 3.3966163041533229e-02 2.4345935445085828e-02 1.0000003494372431e+00 7.6837243158303037e-02 7.8874341056685116e-02 2.4296367605486825e+01 34
1 0 1 1 3.3955323459283787e-02 2.4333088142103585e-02 1.0000003659402097e+00 7.6772532540074823e-02 7.9655062089975637e-02 2.4346367598636959e+01 34
1 0 1 1 3.3944231502537704e-02 2.4320131329955204e-02 1.0000003831141493e+00 7.6707910240606303e-02 8.0438351740223166e-02 2.4396367591764292e+01 34
1 0 1 1 3.3932889540569111e-02 2.4307066433786738e-02 1.0000004009815506e+00 7.6643377409859215e-02 8.1224191251551309e-02 2.4446367584859249e+01 34
1 0 1 1 3.3921299936875038e-02 2.4293894870252890e-02 1.0000004195654690e+00 7.6578935188847896e-02 8.2012561922899338e-02 2.4496367577922072e+01 34
1 0 1 1 3.3909465049015847e-02 2.4280618047502867e-02 1.0000004388895347e+00 7.6514584709623884e-02 8.2803445108561205e-02 2.4546367570966890e+01 34
1 0 1 1 3.3897387228464755e-02 2.4267237365184734e-02 1.0000004589779605e+00 7.6450327095301945e-02 8.3596822217961678e-02 2.4596367563977800e+01 34
1 0 1 1 3.3885068820434468e-02 2.4253754214412962e-02 1.0000004798555502e+00 7.6386163459970513e-02 8.4392674717023414e-02 2.4646367556967338e+01 34
1 0 1 1 3.3872512163738322e-02 2.4240169977774395e-02 1.0000005015477049e+00 7.6322094908730376e-02 8.5190984127922434e-02 2.4696367549933555e+01 34
1 0 1 1 3.3859719590634517e-02 2.4226486029317755e-02 1.0000005240804319e+00 7.6258122537657486e-02 8.5991732029724446e-02 2.4746367542873397e+01 34
1 0 1 1 3.3846693426677982e-02 2.4212703734542724e-02 1.0000005474803511e+00 7.6194247433777673e-02 8.6794900058992985e-02 2.4796367535795412e+01 33
1 0 1 1 3.3833435990584436e-02 2.4198824450402251e-02 1.0000005717747027e+00 7.6130470675083800e-02 8.7600469909792061e-02 2.4846367528695293e+01 33
1 0 1 1 3.3819949594080391e-02 2.4184849525292901e-02 1.0000005969913550e+00 7.6066793330499816e-02 8.8408423334316519e-02 2.4896367521571101e+01 33
1 0 1 1 3.3806236541770361e-02 2.4170780299051318e-02 1.0000006231588103e+00 7.6003216459865158e-02 8.9218742143450463e-02 2.4946367514435199e+01 33
1 0 1 1 3.3792299131004844e-02 2.4156618102960419e-02 1.0000006503062127e+00 7.5939741113968506e-02 9.0031408206450586e-02 2.4996367507272208e+01 33
1 0 1 1 3.3778139651742763e-02 2.4142364259737363e-02 1.0000006784633539e+00 7.5876368334473254e-02 9.0846403452297830e-02 2.5046367500101219e+01 33
1 0 1 1 3.3763760386432681e-02 2.4128020083548852e-02 1.0000007076606812e+00 7.5813099153990371e-02 9.1663709868890678e-02 2.5096367492905255e+01 33
1 0 1 1 3.3749163609877668e-02 2.4113586880000613e-02 1.0000007379293019e+00 7.5749934595994606e-02 9.2483309504488798e-02 2.5146367485699919e+01 33
1 0 1 1 3.3734351589120380e-02 2.4099065946147507e-02 1.0000007693009920e+00 7.5686875674889076e-02 9.3305184467096292e-02 2.5196367478476603e+01 33
1 0 1 1 3.3719326583319685e-02 2.4084458570494620e-02 1.0000008018082005e+00 7.5623923395956694e-02 9.4129316925384843e-02 2.5246367471240092e+01 33
1 0 1 1 3.3704090843635209e-02 2.4069766033004033e-02 1.0000008354840553e+00 7.5561078755382260e-02 9.4955689108691968e-02 2.5296367463990503e+01 33
1 0 1 1 3.3688646613113854e-02 2.4054989605099705e-02 1.0000008703623697e+00 7.5498342740246083e-02 9.5784283307371237e-02 2.5346367456727439e+01 33
1 0 1 1 3.3672996126579140e-02 2.4040130549675614e-02 1.0000009064776478e+00 7.5435716328521918e-02 9.6615081873171610e-02 2.5396367449456207e+01 33
1 0 1 1 3.3657141610525042e-02 2.4025190121107209e-02 1.0000009438650892e+00 7.5373200489096709e-02 9.7448067219186127e-02 2.5446367442168629e+01 33
1 0 1 1 3.3641085283002775e-02 2.4010169565250285e-02 1.0000009825605944e+00 7.5310796181739387e-02 9.8283221820666955e-02 2.5496367434876923e+01 33
1 0 1 1 3.3624829353531130e-02 2.3995070119465337e-02 1.0000010226007696e+00 7.5248504357153106e-02 9.9120528214577938e-02 2.5546367427571752e+01 33
1 0 1 1 3.3608376022982500e-02 2.3979893012614380e-02 1.0000010640229311e+00 7.5186325956936445e-02 9.9959969000453799e-02 2.5596367420259604e+01 33
1 0 1 1 3.3591727483498569e-02 2.3964639465086580e-02 1.0000011068651100e+00 7.5124261913619317e-02 1.0080152684024227e-01 2.5646367412939252e+01 33
1 0 1 1 3.3574885918383673e-02 2.3949310688797246e-02 1.0000011511660560e+00 7.5062313150658533e-02 1.0164518445868236e-01 2.5696367405611660e+01 33
1 0 1 1 3.3557853502022929e-02 2.3933907887212318e-02 1.0000011969652416e+00 7.5000480582449930e-02 1.0249092464352148e-01 2.5746367398279759e+01 33
1 0 1 1 3.3540632399786968e-02 2.3918432255358366e-02 1.0000012443028650e+00 7.4938765114346412e-02 1.0333873024551767e-01 2.5796367390936542e+01 33
1 0 1 1 3.3523224767943831e-02 2.3902884979835195e-02 1.0000012932198543e+00 7.4877167642640519e-02 1.0418858417914752e-01 2.5846367383595240e+01 33
1 0 1 1 3.3505632753582294e-02 2.3887267238840056e-02 1.0000013437578699e+00 7.4815689054625711e-02 1.0504046942200992e-01 2.5896367376243017e+01 33
1 0 1 1 3.3487858494517901e-02 2.3871580202173372e-02 1.0000013959593073e+00 7.4754330228552601e-02 1.0589436901584097e-01 2.5946367368889870e+01 33
1 0 1 1 3.3469895818612733e-02 2.3855825031264054e-02 1.0000014498673002e+00 7.4693092033686126e-02 1.0675026606611550e-01 2.5996367361535189e+01 33
1 0 1 1 3.3451754060185294e-02 2.3840002879188252e-02 1.0000015055257219e+00 7.4631975330307743e-02 1.0760814374233602e-01 2.6046367354174553e+01 33
1 0 1 1 3.3433436686039236e-02 2.3824114890682150e-02 1.0000015629791872e+00 7.4570980969716150e-02 1.0846798527841990e-01 2.6096367346813238e+01 33
1 0 1 1 3.3414945794689156e-02 2.3808162202164550e-02 1.0000016222730550e+00 7.4510109794262980e-02 1.0932977397258513e-01 2.6146367339450613e+01 33
1 0 1 1 3.3396283474961243e-02 2.3792145941761749e-02 1.0000016834534278e+00 7.4449362637361544e-02 1.1019349318762738e-01 2.6196367332087458e+01 33
1 0 1 1 3.3377451805922505e-02 2.3776067229321528e-02 1.0000017465671540e+00 7.4388740323507285e-02 1.1105912635100865e-01 2.6246367324723387e+01 33
1 0 1 1 3.3358452856816212e-02 2.3759927176438246e-02 1.0000018116618283e+00 7.4328243668293242e-02 1.1192665695501261e-01 2.6296367317357777e+01 33
1 0 1 1 3.3339288687003053e-02 2.3743726886473838e-02 1.0000018787857914e+00 7.4267873478426005e-02 1.1279606855703596e-01 2.6346367309999540e+01 33
1 0 1 1 3.3319961345904203e-02 2.3727467454585156e-02 1.0000019479881297e+00 7.4207630551775650e-02 1.1366734477915447e-01 2.6396367302635131e+01 33
1 0 1 1 3.3300472872932203e-02 2.3711149967738276e-02 1.0000020193186758e+00 7.4147515677343762e-02 1.1454046930903940e-01 2.6446367295274555e+01 32
1 0 1 1 3.3280825297444978e-02 2.3694775504739078e-02 1.0000020928280076e+00 7.4087529635327443e-02 1.1541542589950925e-01 2.6496367287919590e+01 32
1 0 1 1 3.3261020638695009e-02 2.3678345136259847e-02 1.0000021685674456e+00 7.4027673197137545e-02 1.1629219836866982e-01 2.6546367280565999e+01 32
1 0 1 1 3.3241060905769448e-02 2.3661859924859689e-02 1.0000022465890535e+00 7.3967947125407052e-02 1.1717077060017009e-01 2.6596367273212461e+01 32
1 0 1 1 3.3220948097543994e-02 2.3645320925009691e-02 1.0000023269456344e+00 7.3908352174012482e-02 1.1805112654342764e-01 2.6646367265868527e+01 32
1 0 1 1 3.3200684202636992e-02 2.3628729183121162e-02 1.0000024096907298e+00 7.3848889088129144e-02 1.1893325021315113e-01 2.6696367258522788e+01 32
1 0 1 1 3.3180271199363627e-02 2.3612085737574225e-02 1.0000024948786166e+00 7.3789558604209882e-02 1.1981712569025062e-01 2.6746367251189444e+01 32
1 0 1 1 3.3159711055694756e-02 2.3595391618742315e-02 1.0000025825643033e+00 7.3730361450066617e-02 1.2070273712094150e-01 2.6796367243854355e+01 32
1 0 1 1 3.3139005729206680e-02 2.3578647849016383e-02 1.0000026728035274e+00 7.3671298344837544e-02 1.2159006871778229e-01 2.6846367236529140e+01 32
1 0 1 1 3.3118157167055691e-02 2.3561855442843664e-02 1.0000027656527513e+00 7.3612369999062899e-02 1.2247910475899604e-01 2.6896367229209559e+01 32
1 0 1 1 3.3097167305927780e-02 2.3545015406744661e-02 1.0000028611691574e+00 7.3553577114687629e-02 1.2336982958885286e-01 2.6946367221894089e+01 32
1 0 1 1 3.3076038072006354e-02 2.3528128739345257e-02 1.0000029594106448e+00 7.3494920385087592e-02 1.2426222761783225e-01 2.6996367214590030e+01 32
1 0 1 1 3.3054771380944509e-02 2.3511196431411956e-02 1.0000030604358221e+00 7.3436400495122012e-02 1.2515628332227238e-01 2.7046367207291169e+01 32
1 0 1 1 3.3033369137826167e-02 2.3494219465875460e-02 1.0000031643040044e+00 7.3378018121136479e-02 1.2605198124481140e-01 2.7096367200000181e+01 32
1 0 1 1 3.3011833237136592e-02 2.3477198817862331e-02 1.0000032710752047e+00 7.3319773931005860e-02 1.2694930599424017e-01 2.7146367192718440e+01 32
1 0 1 1 3.2990165562735457e-02 2.3460135454726749e-02 1.0000033808101296e+00 7.3261668584165385e-02 1.2784824224548019e-01 2.7196367185442938e+01 32
1 0 1 1 3.2968367987826000e-02 2.3443030336076247e-02 1.0000034935701716e+00 7.3203702731629600e-02 1.2874877473988433e-01 2.7246367178181849e+01 32
1 0 1 1 3.2946442374938947e-02 2.3425884413814387e-02 1.0000036094174012e+00 7.3145877016051852e-02 1.2965088828469823e-01 2.7296367170922881e+01 32
1 0 1 1 3.2924390575893331e-02 2.3408698632156100e-02 1.0000037284145611e+00 7.3088192071709135e-02 1.3055456775397192e-01 2.7346367163683421e+01 32
1 0 1 1 3.2902214431798228e-02 2.3391473927681379e-02 1.0000038506250555e+00 7.3030648524599590e-02 1.3145979808739089e-01 2.7396367156444562e+01 32
1 0 1 1 3.2879915773000853e-02 2.3374211229339161e-02 1.0000039761129440e+00 7.2973246992399932e-02 1.3236656429159363e-01 2.7446367149224294e+01 32
1 0 1 1 3.2857496419101455e-02 2.3356911458511029e-02 1.0000041049429305e+00 7.2915988084570726e-02 1.3327485143896498e-01 2.7496367142009753e+01 32
1 0 1 1 3.2834958178905610e-02 2.3339575529014955e-02 1.0000042371803550e+00 7.2858872402333325e-02 1.3418464466854468e-01 2.7546367134808374e+01 32
1 0 1 1 3.2812302850429909e-02 2.3322204347159928e-02 1.0000043728911832e+00 7.2801900538737557e-02 1.3509592918551283e-01 2.7596367127618954e+01 32
1 0 1 1 3.2789532220880824e-02 2.3304798811770892e-02 1.0000045121419958e+00 7.2745073078684747e-02 1.3600869026139997e-01 2.7646367120444317e+01 32
1 0 1 1 3.2766648066641327e-02 2.3287359814221555e-02 1.0000046549999784e+00 7.2688390598973029e-02 1.3692291323380051e-01 2.7696367113276398e+01 32
1 0 1 1 3.2743652153256989e-02 2.3269888238470374e-02 1.0000048015329090e+00 7.2631853668304325e-02 1.3783858350690001e-01 2.7746367106125494e+01 32
1 0 1 1 3.2720546235430803e-02 2.3252384961092096e-02 1.0000049518091472e+00 7.2575462847356970e-02 1.3875568655080453e-01 2.7796367098985826e+01 32
1 0 1 1 3.2697332057015589e-02 2.3234850851318503e-02 1.0000051058976214e+00 7.2519218688794518e-02 1.3967420790202867e-01 2.7846367091862565e+01 32
1 0 1 1 3.2674011351003056e-02 2.3217286771066124e-02 1.0000052638678161e+00 7.2463121737323499e-02 1.4059413316297240e-01 2.7896367084745879e+01 32
1 0 1 1 3.2650585839515550e-02 2.3199693574971016e-02 1.0000054257897584e+00 7.2407172529693864e-02 1.4151544800268526e-01 2.7946367077653861e+01 32
1 0 1 1 3.2627057233818486e-02 2.3182072110435829e-02 1.0000055917340054e+00 7.2351371594799180e-02 1.4243813815560810e-01 2.7996367070566425e+01 32
1 0 1 1 3.2603427234290466e-02 2.3164423217645138e-02 1.0000057617716283e+00 7.2295719453637441e-02 1.4336218942286222e-01 2.8046367063497581e+01 32
1 0 1 1 3.2579697530445921e-02 2.3146747729618288e-02 1.0000059359741991e+00 7.2240216619406716e-02 1.4428758767131403e-01 2.8096367056447221e+01 32
1 0 1 1 3.2555869800926153e-02 2.3129046472239911e-02 1.0000061144137748e+00 7.2184863597530791e-02 1.4521431883356445e-01 2.8146367049403224e+01 32
1 0 1 1 3.2531945713489614e-02 2.3111320264286153e-02 1.0000062971628820e+00 7.2129660885660807e-02 1.4614236890869498e-01 2.8196367042384789e+01 32
1 0 1 1 3.2507926925038982e-02 2.3093569917480399e-02 1.0000064842945007e+00 7.2074608973780430e-02 1.4707172396094922e-01 2.8246367035374263e+01 32
1 0 1 1 3.2483815081595036e-02 2.3075796236507747e-02 1.0000066758820476e+00 7.2019708344175370e-02 1.4800237012087902e-01 2.8296367028382178e+01 31
1 0 1 1 3.2459611818323589e-02 2.3058000019066632e-02 1.0000068719993598e+00 7.1964959471517653e-02 1.4893429358458277e-01 2.8346367021409840e+01 31
1 0 1 1 3.2435318759535599e-02 2.3040182055901533e-02 1.0000070727206758e+00 7.1910362822899476e-02 1.4986748061364444e-01 2.8396367014449758e+01 31
1 0 1 1 3.2410937518686400e-02 2.3022343130835100e-02 1.0000072781206188e+00 7.1855918857850087e-02 1.5080191753544445e-01 2.8446367007505856e+01 31
1 0 1 1 3.2386469698388945e-02 2.3004484020806692e-02 1.0000074882741778e+00 7.1801628028391407e-02 1.5173759074289536e-01 2.8496367000583746e+01 31
1 0 1 1 3.2361916890431559e-02 2.2986605495916860e-02 1.0000077032566881e+00 7.1747490779090872e-02 1.5267448669408348e-01 2.8546366993675427e+01 31
1 0 1 1 3.2337280675772961e-02 2.2968708319453020e-02 1.0000079231438128e+00 7.1693507547074015e-02 1.5361259191267382e-01 2.8596366986785426e+01 31
1 0 1 1 3.2312562624562606e-02 2.2950793247931818e-02 1.0000081480115219e+00 7.1639678762084019e-02 1.5455189298748359e-01 2.8646366979912674e+01 31
1 0 1 1 3.2287764296152849e-02 2.2932861031139513e-02 1.0000083779360727e+00 7.1586004846514423e-02 1.5549237657252940e-01 2.8696366973057181e+01 31
1 0 1 1 3.2262887239106933e-02 2.2914912412159451e-02 1.0000086129939882e+00 7.1532486215449886e-02 1.5643402938699788e-01 2.8746366966224375e+01 31
1 0 1 1 3.2237932991224551e-02 2.2896948127423603e-02 1.0000088532620368e+00 7.1479123276723289e-02 1.5737683821474144e-01 2.8796366959402256e+01 31
1 0 1 1 3.2212903079539938e-02 2.2878968906733594e-02 1.0000090988172088e+00 7.1425916430916947e-02 1.5832078990504428e-01 2.8846366952607788e+01 31
1 0 1 1 3.2187799020361341e-02 2.2860975473316062e-02 1.0000093497366955e+00 7.1372866071462371e-02 1.5926587137134587e-01 2.8896366945824553e+01 31
1 0 1 1 3.2162622319262320e-02 2.2842968543841248e-02 1.0000096060978667e+00 7.1319972584620334e-02 1.6021206959229745e-01 2.8946366939064081e+01 31
1 0 1 1 3.2137374471123401e-02 2.2824948828478415e-02 1.0000098679782459e+00 7.1267236349568108e-02 1.6115937161085470e-01 2.8996366932323301e+01 31
1 0 1 1 3.2112056960136560e-02 2.2806917030919797e-02 1.0000101354554880e+00 7.1214657738422643e-02 1.6210776453442774e-01 2.9046366925598949e+01 31
1 0 1 1 3.2086671259828545e-02 2.2788873848425147e-02 1.0000104086073545e+00 7.1162237116275479e-02 1.6305723553496712e-01 2.9096366918897143e+01 31
1 0 1 1 3.2061218833087463e-02 2.2770819971859597e-02 1.0000106875116892e+00 7.1109974841253698e-02 1.6400777184850029e-01 2.9146366912215683e+01 31
1 0 1 1 3.2035701132178511e-02 2.2752756085729148e-02 1.0000109722463935e+00 7.1057871264551431e-02 1.6495936077511741e-01 2.9196366905549343e+01 31
1 0 1 1 3.2010119598765464e-02 2.2734682868217355e-02 1.0000112628893998e+00 7.1005926730458080e-02 1.6591198967923926e-01 2.9246366898910082e+01 31
1 0 1 1 3.1984475663944946e-02 2.2716600991229820e-02 1.0000115595186465e+00 7.0954141576437868e-02 1.6686564598870104e-01 2.9296366892285882e+01 31
1 0 1 1 3.1958770748255705e-02 2.2698511120422701e-02 1.0000118622120520e+00 7.0902516133129034e-02 1.6782031719550272e-01 2.9346366885686280e+01 31
1 0 1 1 3.1933006261716017e-02 2.2680413915247485e-02 1.0000121710474863e+00 7.0851050724422521e-02 1.6877599085491374e-01 2.9396366879102732e+01 31
1 0 1 1 3.1907183603840421e-02 2.2662310028985073e-02 1.0000124861027455e+00 7.0799745667472047e-02 1.6973265458605849e-01 2.9446366872545472e+01 31
1 0 1 1 3.1881304163677758e-02 2.2644200108789200e-02 1.0000128074555232e+00 7.0748601272772077e-02 1.7069029607105118e-01 2.9496366866005875e+01 31
1 0 1 1 3.1855369319823600e-02 2.2626084795713909e-02 1.0000131351833825e+00 7.0697617844168475e-02 1.7164890305545352e-01 2.9546366859487481e+01 31
1 0 1 1 3.1829380440461817e-02 2.2607964724763983e-02 1.0000134693637279e+00 7.0646795678917240e-02 1.7260846334787680e-01 2.9596366852991796e+01 31
1 0 1 1 3.1803338883385830e-02 2.2589840524922810e-02 1.0000138100737759e+00 7.0596135067727883e-02 1.7356896481984291e-01 2.9646366846519456e+01 31
1 0 1 1 3.1777245996033480e-02 2.2571712819197134e-02 1.0000141573905259e+00 7.0545636294807840e-02 1.7453039540550921e-01 2.9696366840062737e+01 31
1 0 1 1 3.1751103115505941e-02 2.2553582224646995e-02 1.0000145113907306e+00 7.0495299637882647e-02 1.7549274310206842e-01 2.9746366833633921e+01 31
1 0 1 1 3.1724911568616392e-02 2.2535449352433890e-02 1.0000148721508657e+00 7.0445125368277572e-02 1.7645599596885284e-01 2.9796366827227001e+01 31
1 0 1 1 3.1698672671908415e-02 2.2517314807851151e-02 1.0000152397470998e+00 7.0395113750935656e-02 1.7742014212753010e-01 2.9846366820835232e+01 31
1 0 1 1 3.1672387731684133e-02 2.2499179190358484e-02 1.0000156142552632e+00 7.0345265044446215e-02 1.7838516976247015e-01 2.9896366814478277e+01 31
1 0 1 1 3.1646058044063806e-02 2.2481043093638749e-02 1.0000159957508161e+00 7.0295579501146260e-02 1.7935106711919405e-01 2.9946366808129646e+01 31
1 0 1 1 3.1619684894972785e-02 2.2462907105601445e-02 1.0000163843088183e+00 7.0246057367077064e-02 1.8031782250605519e-01 2.9996366801812627e+01 31
1 0 1 1 3.1593269560222612e-02 2.2444771808455485e-02 1.0000167800038959e+00 7.0196698882108638e-02 1.8128542429249078e-01 3.0046366795517201e+01 31
1 0 1 1 3.1566813305520657e-02 2.2426637778729001e-02 1.0000171829102105e+00 7.0147504279938544e-02 1.8225386090967796e-01 3.0096366789242694e+01 31
1 0 1 1 3.1540317386506408e-02 2.2408505587306567e-02 1.0000175931014246e+00 7.0098473788141547e-02 1.8322312085024647e-01 3.0146366782991574e+01 31
1 0 1 1 3.1513783048790940e-02 2.2390375799469148e-02 1.0000180106506700e+00 7.0049607628218630e-02 1.8419319266804543e-01 3.0196366776766045e+01 31
1 0 1 1 3.1487211527997036e-02 2.2372248974936726e-02 1.0000184356305144e+00 7.0000906015644238e-02 1.8516406497777615e-01 3.0246366770557174e+01 31
1 0 1 1 3.1460604049782077e-02 2.2354125667894027e-02 1.0000188681129270e+00 6.9952369159883232e-02 1.8613572645551485e-01 3.0296366764381066e+01 31
1 0 1 1 3.1433961829896780e-02 2.2336006427042275e-02 1.0000193081692450e+00 6.9903997264483042e-02 1.8710816583739318e-01 3.0346366758219922e+01 30
1 0 1 1 3.1407286074197974e-02 2.2317891795621346e-02 1.0000197558701398e+00 6.9855790527058259e-02 1.8808137192070595e-01 3.0396366752087438e+01 30
1 0 1 1 3.1380577978707386e-02 2.2299782311459411e-02 1.0000202112855814e+00 6.9807749139382175e-02 1.8905533356270118e-01 3.0446366745976039e+01 30
1 0 1 1 3.1353838729638699e-02 2.2281678507002876e-02 1.0000206744848041e+00 6.9759873287399354e-02 1.9003003968109078e-01 3.0496366739891936e+01 30
1 0 1 1 3.1327069503441538e-02 2.2263580909355467e-02 1.0000211455362717e+00 6.9712163151290918e-02 1.9100547925326372e-01 3.0546366733824403e+01 30
1 0 1 1 3.1300268125504759e-02 2.2245490040309807e-02 1.0000216245076419e+00 6.9664618905484033e-02 1.9198164131693488e-01 3.0596366727787725e+01 30
1 0 1 1 3.1273435914467733e-02 2.2227406416397373e-02 1.0000221114657297e+00 6.9617240718738649e-02 1.9295851496908217e-01 3.0646366721776314e+01 30
1 0 1 1 3.1246577130668973e-02 2.2209330548914042e-02 1.0000226064764735e+00 6.9570028754166957e-02 1.9393608936602141e-01 3.0696366715778208e+01 30
1 0 1 1 3.1219692913832638e-02 2.2191262943952857e-02 1.0000231096048970e+00 6.9522983169248598e-02 1.9491435372411631e-01 3.0746366709820283e+01 30
1 0 1 1 3.1192784394121348e-02 2.2173204102459598e-02 1.0000236209150741e+00 6.9476104115950177e-02 1.9589329731768521e-01 3.0796366703871815e+01 30
1 0 1 1 3.1165852692130770e-02 2.2155154520243182e-02 1.0000241404700925e+00 6.9429391740670587e-02 1.9687290948102501e-01 3.0846366697956217e+01 30
1 0 1 1 3.1138898918972143e-02 2.2137114688034382e-02 1.0000246683320153e+00 6.9382846184364355e-02 1.9785317960647925e-01 3.0896366692063214e+01 30
1 0 1 1 3.1111924176291904e-02 2.2119085091510352e-02 1.0000252045618461e+00 6.9336467582540834e-02 1.9883409714516728e-01 3.0946366686195176e+01 30
1 0 1 1 3.1084929556320879e-02 2.2101066211333651e-02 1.0000257492194908e+00 6.9290256065320965e-02 1.9981565160646511e-01 3.0996366680350782e+01 30
1 0 1 1 3.1057916141911626e-02 2.2083058523184408e-02 1.0000263023637208e+00 6.9244211757473806e-02 2.0079783255790787e-01 3.1046366674530084e+01 30
1 0 1 1 3.1030885006587603e-02 2.2065062497802618e-02 1.0000268640521346e+00 6.9198334778459103e-02 2.0178062962507765e-01 3.1096366668738071e+01 30
1 0 1 1 3.1003837214588069e-02 2.2047078601022785e-02 1.0000274343411220e+00 6.9152625242482224e-02 2.0276403249105729e-01 3.1146366662967566e+01 30
1 0 1 1 3.0976773820901041e-02 2.2029107293803328e-02 1.0000280132858246e+00 6.9107083258515112e-02 2.0374803089666577e-01 3.1196366657220963e+01 30
1 0 1 1 3.0949695871312837e-02 2.2011149032264806e-02 1.0000286009400992e+00 6.9061708930348353e-02 2.0473261464012021e-01 3.1246366651503507e+01 30
1 0 1 1 3.0922604402459631e-02 2.1993204267732380e-02 1.0000291973564799e+00 6.9016502356643916e-02 2.0571777357655180e-01 3.1296366645808330e+01 30
1 0 1 1 3.0895500441858344e-02 2.1975273446760143e-02 1.0000298025861392e+00 6.8971463630957019e-02 2.0670349761819476e-01 3.1346366640136726e+01 30
1 0 1 1 3.0868385007956418e-02 2.1957357011171248e-02 1.0000304166788512e+00 6.8926592841784873e-02 2.0768977673409306e-01 3.1396366634493219e+01 30
1 0 1 1 3.0841259110182939e-02 2.1939455398095886e-02 1.0000310396829524e+00 6.8881890072617746e-02 2.0867660094970131e-01 3.1446366628875868e+01 30
1 0 1 1 3.0814123748987322e-02 2.1921569040002392e-02 1.0000316716453048e+00 6.8837355401973499e-02 2.0966396034673723e-01 3.1496366623279101e+01 30
1 0 1 1 3.0786979915877540e-02 2.1903698364726467e-02 1.0000323126112567e+00 6.8792988903426500e-02 2.1065184506333051e-01 3.1546366617711897e+01 30
1 0 1 1 3.0759828593483897e-02 2.1885843795520710e-02 1.0000329626246047e+00 6.8748790645673408e-02 2.1164024529320857e-01 3.1596366612166086e+01 30
1 0 1 1 3.0732670755583856e-02 2.1868005751071284e-02 1.0000336217275569e+00 6.8704760692548161e-02 2.1262915128616972e-01 3.1646366606652098e+01 30
1 0 1 1 3.0705507367169579e-02 2.1850184645549761e-02 1.0000342899606927e+00 6.8660899103093975e-02 2.1361855334699875e-01 3.1696366601153553e+01 30
1 0 1 1 3.0678339384464452e-02 2.1832380888626213e-02 1.0000349673629267e+00 6.8617205931557346e-02 2.1460844183651195e-01 3.1746366595691235e+01 30
1 0 1 1 3.0651167755006360e-02 2.1814594885527880e-02 1.0000356539714694e+00 6.8573681227488775e-02 2.1559880716982152e-01 3.1796366590245732e+01 30
1 0 1 1 3.0623993417656807e-02 2.1796827037049264e-02 1.0000363498217903e+00 6.8530325035723483e-02 2.1658963981757257e-01 3.1846366584830552e+01 30
1 0 1 1 3.0596817302675858e-02 2.1779077739603917e-02 1.0000370549475792e+00 6.8487137396466502e-02 2.1758093030472292e-01 3.1896366579441146e+01 30
1 0 1 1 3.0569640331754706e-02 2.1761347385248490e-02 1.0000377693807088e+00 6.8444118345313304e-02 2.1857266921070201e-01 3.1946366574073753e+01 30
1 0 1 1 3.0542463418061064e-02 2.1743636361717170e-02 1.0000384931511983e+00 6.8401267913284103e-02 2.1956484716934477e-01 3.1996366568732231e+01 30
1 0 1 1 3.0515287466291049e-02 2.1725945052455866e-02 1.0000392262871740e+00 6.8358586126873899e-02 2.2055745486855938e-01 3.2046366563422630e+01 30
1 0 1 1 3.0488113372721566e-02 2.1708273836659468e-02 1.0000399688148334e+00 6.8316073008104383e-02 2.2155048304956323e-01 3.2096366558125240e+01 30
1 0 1 1 3.0460942025229334e-02 2.1690623089287403e-02 1.0000407207584088e+00 6.8273728574513193e-02 2.2254392250815946e-01 3.2146366552869431e+01 30
1 0 1 1 3.0433774303387857e-02 2.1672993181128877e-02 1.0000414821401282e+00 6.8231552839273624e-02 2.2353776409249004e-01 3.2196366547631172e+01 30
1 0 1 1 3.0406611078466522e-02 2.1655384478803850e-02 1.0000422529801813e+00 6.8189545811161295e-02 2.2453199870438362e-01 3.2246366542411813e+01 30
1 0 1 1 3.0379453213490074e-02 2.1637797344802558e-02 1.0000430332966819e+00 6.8147707494610243e-02 2.2552661729904874e-01 3.2296366537233624e+01 30
1 0 1 1 3.0352301563316315e-02 2.1620232137538723e-02 1.0000438231056314e+00 6.8106037889800936e-02 2.2652161088335637e-01 3.2346366532063840e+01 30
1 0 1 1 3.0325156974628838e-02 2.1602689211346254e-02 1.0000446224208845e+00 6.8064536992610974e-02 2.2751697051801581e-01 3.2396366526934870e+01 30
1 0 1 1 3.0298020286043434e-02 2.1585168916548950e-02 1.0000454312541127e+00 6.8023204794747827e-02 2.2851268731491015e-01 3.2446366521821233e+01 30
1 0 1 1 3.0270892328103850e-02 2.1567671599458278e-02 1.0000462496147695e+00 6.7982041283708994e-02 2.2950875243875640e-01 3.2496366516733936e+01 29
1 0 1 1 3.0243773923359668e-02 2.1550197602427115e-02 1.0000470775100558e+00 6.7941046442860142e-02 2.3050515710608832e-01 3.2546366511679444e+01 29
1 0 1 1 3.0216665886411965e-02 2.1532747263876169e-02 1.0000479149448851e+00 6.7900220251480292e-02 2.3150189258463974e-01 3.2596366506640607e+01 29
1 0 1 1 3.0189569023939392e-02 2.1515320918315217e-02 1.0000487619218510e+00 6.7859562684758179e-02 2.3249895019431874e-01 3.2646366501635178e+01 29
1 0 1 1 3.0162484134774181e-02 2.1497918896389676e-02 1.0000496184411913e+00 6.7819073713879297e-02 2.3349632130565945e-01 3.2696366496649794e+01 29
1 0 1 1 3.0135412009926664e-02 2.1480541524900122e-02 1.0000504845007574e+00 6.7778753306022455e-02 2.3449399734066873e-01 3.2746366491692051e+01 29
1 0 1 1 3.0108353432644171e-02 2.1463189126836126e-02 1.0000513600959806e+00 6.7738601424421896e-02 2.3549196977197104e-01 3.2796366486759787e+01 29
1 0 1 1 3.0081309178455234e-02 2.1445862021407448e-02 1.0000522452198395e+00 6.7698618028394553e-02 2.3649023012280690e-01 3.2846366481850808e+01 29
1 0 1 1 3.0054280015215214e-02 2.1428560524073614e-02 1.0000531398628298e+00 6.7658803073373464e-02 2.3748876996692669e-01 3.2896366476968026e+01 29
1 0 1 1 3.0027266703156495e-02 2.1411284946574592e-02 1.0000540440129326e+00 6.7619156510951267e-02 2.3848758092824121e-01 3.2946366472113255e+01 29
1 0 1 1 3.0000269994938641e-02 2.1394035596963748e-02 1.0000549576555835e+00 6.7579678288919143e-02 2.3948665468038641e-01 3.2996366467275521e+01 29
1 0 1 1 2.9973290635676483e-02 2.1376812779623004e-02 1.0000558807736439e+00 6.7540368351277635e-02 2.4048598294723619e-01 3.3046366462468065e+01 29
1 0 1 1 2.9946329363014949e-02 2.1359616795314916e-02 1.0000568133473711e+00 6.7501226638306044e-02 2.4148555750200135e-01 3.3096366457692532e+01 29
1 0 1 1 2.9919386907168090e-02 2.1342447941201378e-02 1.0000577553543895e+00 6.7462253086595397e-02 2.4248537016672461e-01 3.3146366452925754e+01 29
1 0 1 1 2.9892463900990738e-02 2.1325305673277624e-02 1.0000587068528619e+00 6.7423447629033739e-02 2.4348541615443681e-01 3.3196366606065560e+01 29
1 0 1 1 2.9865560808294056e-02 2.1308185735683775e-02 1.0000596682866254e+00 6.7384810562218261e-02 2.4448569672792347e-01 3.3246367331181006e+01 29
1 0 1 1 2.9838680117459770e-02 2.1291094718004101e-02 1.0000606390409317e+00 6.7346343501940464e-02 2.4548613760282653e-01 3.3296365376668142e+01 29
1 0 1 1 2.9811819469677741e-02 2.1274030958644351e-02 1.0000616191935396e+00 6.7308041992998835e-02 2.4648684468339963e-01 3.3346366433984585e+01 29
1 0 1 1 2.9784981748355019e-02 2.1256996129698964e-02 1.0000626086295326e+00 6.7269909084228141e-02 2.4748772851672651e-01 3.3396366429342237e+01 29
1 0 1 1 2.9758167069290062e-02 2.1239990145187463e-02 1.0000636073312319e+00 6.7231943875290467e-02 2.4848880247001712e-01 3.3446366424740788e+01 29
1 0 1 1 2.9731376111923839e-02 2.1223013278453117e-02 1.0000646152574244e+00 6.7194146277696987e-02 2.4949005870553878e-01 3.3496366420159433e+01 29
1 0 1 1 2.9704609548622442e-02 2.1206065799449007e-02 1.0000656323640589e+00 6.7156516199517763e-02 2.5049148943350169e-01 3.3546366415590363e+01 29
1 0 1 1 2.9677868044719270e-02 2.1189147974762831e-02 1.0000666586042255e+00 6.7119053545410201e-02 2.5149308691232797e-01 3.3596366411062711e+01 29
1 0 1 1 2.9651152258604003e-02 2.1172260067670434e-02 1.0000676939281326e+00 6.7081758216714971e-02 2.5249484344650508e-01 3.3646366406545852e+01 29
1 0 1 1 2.9624462841715958e-02 2.1155402338132127e-02 1.0000687382830886e+00 6.7044630111411124e-02 2.5349675138856326e-01 3.3696366402057350e+01 29
1 0 1 1 2.9597800438626410e-02 2.1138575042842059e-02 1.0000697916134826e+00 6.7007669124201391e-02 2.5449880313744500e-01 3.3746366397591935e+01 29
1 0 1 1 2.9571165687068076e-02 2.1121778435244553e-02 1.0000708538607663e+00 6.6970875146523029e-02 2.5550099113886832e-01 3.3796366393149732e+01 29
1 0 1 1 2.9544559217984007e-02 2.1105012765563248e-02 1.0000719249634364e+00 6.6934248066583601e-02 2.5650330788499132e-01 3.3846366388729287e+01 29
1 0 1 1 2.9517981655572106e-02 2.1088278280828904e-02 1.0000730048570199e+00 6.6897787769389511e-02 2.5750574591443143e-01 3.3896366384337760e+01 29
1 0 1 1 2.9491433617337959e-02 2.1071575224907445e-02 1.0000740934740584e+00 6.6861494136792932e-02 2.5850829781134010e-01 3.3946366379955492e+01 29
1 0 1 1 2.9464915714111358e-02 2.1054903838511246e-02 1.0000751907440948e+00 6.6825367047479101e-02 2.5951095620673503e-01 3.3996366375611196e+01 29
1 0 1 1 2.9438428550138687e-02 2.1038264359254127e-02 1.0000762965936596e+00 6.6789406377064153e-02 2.6051371377629479e-01 3.4046366371281813e+01 29
1 0 1 1 2.9411972723083581e-02 2.1021657021648731e-02 1.0000774109462613e+00 6.6753611998065954e-02 2.6151656324187772e-01 3.4096366366978003e+01 29
1 0 1 1 2.9385548824096379e-02 2.1005082057148048e-02 1.0000785337223739e+00 6.6717983779968792e-02 2.6251949737020558e-01 3.4146366362687758e+01 29
1 0 1 1 2.9359157437837013e-02 2.0988539694159210e-02 1.0000796648394297e+00 6.6682521589222443e-02 2.6352250897381074e-01 3.4196366358432591e+01 29
1 0 1 1 2.9332799142553972e-02 2.0972030158088913e-02 1.0000808042118092e+00 6.6647225289319961e-02 2.6452559090920374e-01 3.4246366354185675e+01 29
1 0 1 1 2.9306474510079790e-02 2.0955553671337394e-02 1.0000819517508373e+00 6.6612094740764127e-02 2.6552873607858396e-01 3.4296366349966746e+01 29
1 0 1 1 2.9280184105915742e-02 2.0939110453351128e-02 1.0000831073647749e+00 6.6577129801147938e-02 2.6653193742839554e-01 3.4346366345778435e+01 29
1 0 1 1 2.9253928489271677e-02 2.0922700720644397e-02 1.0000842709588160e+00 6.6542330325179311e-02 2.6753518794880987e-01 3.4396366341589442e+01 29
1 0 1 1 2.9227708213061202e-02 2.0906324686792290e-02 1.0000854424350869e+00 6.6507696164648855e-02 2.6853848067571895e-01 3.4446366337443685e+01 29
1 0 1 1 2.9201523824022264e-02 2.0889982562505002e-02 1.0000866216926398e+00 6.6473227168556498e-02 2.6954180868738903e-01 3.4496366333301218e+01 29
1 0 1 1 2.9175375862683289e-02 2.0873674555603176e-02 1.0000878086274585e+00 6.6438923183041232e-02 2.7054516510731691e-01 3.4546366329190015e+01 29
1 0 1 1 2.9149264863463406e-02 2.0857400871078097e-02 1.0000890031324547e+00 6.6404784051482535e-02 2.7154854310185361e-01 3.4596366325095680e+01 29
1 0 1 1 2.9123191354682824e-02 2.0841161711095096e-02 1.0000902050974743e+00 6.6370809614486076e-02 2.7255193588108384e-01 3.4646366321013865e+01 29
1 0 1 1 2.9097155858604319e-02 2.0824957275017344e-02 1.0000914144092992e+00 6.6336999709909500e-02 2.7355533669908894e-01 3.4696366316971648e+01 29
1 0 1 1 2.9071158891513637e-02 2.0808787759450352e-02 1.0000926309516529e+00 6.6303354172942225e-02 2.7455873885167886e-01 3.4746366312923620e+01 29
1 0 1 1 2.9045200963691214e-02 2.0792653358225242e-02 1.0000938546052101e+00 6.6269872836034804e-02 2.7556213567941840e-01 3.4796366308909342e+01 28
1 0 1 1 2.9019282579521126e-02 2.0776554262460306e-02 1.0000950852476018e+00 6.6236555529018776e-02 2.7656552056457079e-01 3.4846366304910610e+01 28
1 0 1 1 2.8993404237494434e-02 2.0760490660562500e-02 1.0000963227534270e+00 6.6203402079078710e-02 2.7756888693267623e-01 3.4896366300936975e+01 28
1 0 1 1 2.8967566430271544e-02 2.0744462738261315e-02 1.0000975669942640e+00 6.6170412310806781e-02 2.7857222825123434e-01 3.4946366296968499e+01 28
1 0 1 1 2.8941769644690162e-02 2.0728470678611562e-02 1.0000988178386838e+00 6.6137586046186359e-02 2.7957553803101870e-01 3.4996366293028878e+01 28
1 0 1 1 2.8916014361846223e-02 2.0712514662039435e-02 1.0001000751522635e+00 6.6104923104668228e-02 2.8057880982410366e-01 3.5046366289094877e+01 28
1 0 1 1 2.8890291162006393e-02 2.0696594866340939e-02 1.0001013387976041e+00 6.6072423303140837e-02 2.8158203722571423e-01 3.5096366285195479e+01 28
1 0 1 1 2.8864609243468658e-02 2.0680711466732005e-02 1.0001026086343465e+00 6.6040086456018665e-02 2.8258521387179014e-01 3.5146366281298377e+01 28
1 0 1 1 2.8838970283695621e-02 2.0664864635834376e-02 1.0001038845191923e+00 6.6007912375195127e-02 2.8358833344116019e-01 3.5196366277425959e+01 28
1 0 1 1 2.8813374741648447e-02 2.0649054543728024e-02 1.0001051663059235e+00 6.5975900870121090e-02 2.8459138965351327e-01 3.5246366273560227e+01 28
1 0 1 1 2.8787823070690836e-02 2.0633281357946936e-02 1.0001064538454270e+00 6.5944051747783727e-02 2.8559437627093726e-01 3.5296366269727400e+01 28
1 0 1 1 2.8762315718673128e-02 2.0617545243527619e-02 1.0001077469857147e+00 6.5912364812785118e-02 2.8659728709564325e-01 3.5346366265891390e+01 28
1 0 1 1 2.8736853127913325e-02 2.0601846362995890e-02 1.0001090455719555e+00 6.5880839867289653e-02 2.8760011597253066e-01 3.5396366262087632e+01 28
1 0 1 1 2.8711435735294940e-02 2.0586184876420170e-02 1.0001103494464962e+00 6.5849476711124844e-02 2.8860285678617664e-01 3.5446366258281117e+01 28
1 0 1 1 2.8686063972246455e-02 2.0570560941399436e-02 1.0001116584488963e+00 6.5818275141725002e-02 2.8960550346358205e-01 3.5496366254508338e+01 28
1 0 1 1 2.8660738264840693e-02 2.0554974713118131e-02 1.0001129724159534e+00 6.5787234954232332e-02 2.9060804997113898e-01 3.5546366250733634e+01 28
1 0 1 1 2.8635459033772681e-02 2.0539426344331001e-02 1.0001142911817409e+00 6.5756355941440359e-02 2.9161049031718977e-01 3.5596366246982136e+01 28
1 0 1 1 2.8610226694441677e-02 2.0523915985407658e-02 1.0001156145776382e+00 6.5725637893874034e-02 2.9261281854995136e-01 3.5646366243243691e+01 28
1 0 1 1 2.8585041656968572e-02 2.0508443784341988e-02 1.0001169424323677e+00 6.5695080599781408e-02 2.9361502875807460e-01 3.5696366239505608e+01 28
1 0 1 1 2.8559904326216433e-02 2.0493009886760734e-02 1.0001182745720334e+00 6.5664683845136518e-02 2.9461711507154331e-01 3.5746366235804011e+01 28
1 0 1 1 2.8534815101883021e-02 2.0477614435976590e-02 1.0001196108201573e+00 6.5634447413724983e-02 2.9561907165901163e-01 3.5796366232096567e+01 28
1 0 1 1 2.8509774378464851e-02 2.0462257572960572e-02 1.0001209509977227e+00 6.5604371087078756e-02 2.9662089273043823e-01 3.5846366228400562e+01 28
1 0 1 1 2.8484782545334170e-02 2.0446939436390248e-02 1.0001222949232158e+00 6.5574454644541591e-02 2.9762257253586294e-01 3.5896366224735807e+01 28
1 0 1 1 2.8459839986795327e-02 2.0431660162676397e-02 1.0001236424126683e+00 6.5544697863312545e-02 2.9862410536386241e-01 3.5946366221054149e+01 28
1 0 1 1 2.8434947082046125e-02 2.0416419885937700e-02 1.0001249932797061e+00 6.5515100518378139e-02 2.9962548554483831e-01 3.5996366217408834e+01 28
1 0 1 1 2.8410104205304813e-02 2.0401218738074375e-02 1.0001263473355928e+00 6.5485662382637588e-02 3.0062670744697412e-01 3.6046366213757601e+01 28
1 0 1 1 2.8385311725768084e-02 2.0386056848739700e-02 1.0001277043892824e+00 6.5456383226829118e-02 3.0162776547938064e-01 3.6096366210124714e+01 28
1 0 1 1 2.8360570007693518e-02 2.0370934345384468e-02 1.0001290642474672e+00 6.5427262819605869e-02 3.0262865408981798e-01 3.6146366206492985e+01 28
1 0 1 1 2.8335879410402526e-02 2.0355851353258805e-02 1.0001304267146314e+00 6.5398300927513670e-02 3.0362936776627253e-01 3.6196366202886203e+01 28
1 0 1 1 2.8311240288354717e-02 2.0340807995451238e-02 1.0001317915931034e+00 6.5369497315054648e-02 3.0462990103483562e-01 3.6246366199268444e+01 28
1 0 1 1 2.8286652991122044e-02 2.0325804392869698e-02 1.0001331586831139e+00 6.5340851744636747e-02 3.0563024846221742e-01 3.6296366195674743e+01 28
1 0 1 1 2.8262117863484097e-02 2.0310840664296333e-02 1.0001345277828493e+00 6.5312363976660126e-02 3.0663040465306179e-01 3.6346366192081014e+01 28
1 0 1 1 2.8237635245417281e-02 2.0295916926377569e-02 1.0001358986885127e+00 6.5284033769480332e-02 3.0763036425177126e-01 3.6396366188499343e+01 28
1 0 1 1 2.8213205472151764e-02 2.0281033293654643e-02 1.0001372711943821e+00 6.5255860879454120e-02 3.0863012194126493e-01 3.6446366184920805e+01 28
1 0 1 1 2.8188828874189314e-02 2.0266189878571286e-02 1.0001386450928740e+00 6.5227845060935513e-02 3.0962967244367373e-01 3.6496366181353892e+01 28
1 0 1 1 2.8164505777349823e-02 2.0251386791497104e-02 1.0001400201746034e+00 6.5199986066307947e-02 3.1062901051947872e-01 3.6546366177786048e+01 28
1 0 1 1 2.8140236502783966e-02 2.0236624140733614e-02 1.0001413962284513e+00 6.5172283645976103e-02 3.1162813096842701e-01 3.6596366174232848e+01 28
1 0 1 1 2.8116021367031379e-02 2.0221902032544342e-02 1.0001427730416272e+00 6.5144737548409437e-02 3.1262702862827824e-01 3.6646366170679435e+01 28
1 0 1 1 2.8091859947586405e-02 2.0207215087115194e-02 1.0001441518979806e+00 6.5117347520127877e-02 3.1362572689784368e-01 3.6696367436731691e+01 28
1 0 1 1 2.8067754862238642e-02 2.0192568001399878e-02 1.0001455315669037e+00 6.5090115390156411e-02 3.1462412618632390e-01 3.6746365336443674e+01 28
1 0 1 1 2.8043703658110316e-02 2.0177961083996315e-02 1.0001469114504016e+00 6.5063037474439367e-02 3.1562233621972968e-01 3.6796365675731174e+01 28
1 0 1 1 2.8019707743148027e-02 2.0163395107705030e-02 1.0001482912660755e+00 6.5036114770245651e-02 3.1662030609657116e-01 3.6846366156750939e+01 28
1 0 1 1 2.7995767711245699e-02 2.0148870350925951e-02 1.0001496707763111e+00 6.5009347352130653e-02 3.1761801834882236e-01 3.6896366153226040e+01 28
1 0 1 1 2.7971883619054033e-02 2.0134386766715674e-02 1.0001510497728860e+00 6.4982734695506167e-02 3.1861547771657373e-01 3.6946366149706591e+01 28
1 0 1 1 2.7948055751630098e-02 2.0119944447545449e-02 1.0001524280330165e+00 6.4956276535587359e-02 3.1961267930556636e-01 3.6996366146190063e+01 28
1 0 1 1 2.7924284389651548e-02 2.0105543483952694e-02 1.0001538053328052e+00 6.4929972605744957e-02 3.2060961825947248e-01 3.7046366142669136e+01 28
1 0 1 1 2.7900569809436428e-02 2.0091183964551240e-02 1.0001551814473195e+00 6.4903822637507436e-02 3.2160628976047528e-01 3.7096366139163429e+01 28
1 0 1 1 2.7876912283004738e-02 2.0076865976066886e-02 1.0001565561506669e+00 6.4877826360604185e-02 3.2260268902795525e-01 3.7146366135655278e+01 27
1 0 1 1 2.7853312078076942e-02 2.0062589603328213e-02 1.0001579292160772e+00 6.4851983502946131e-02 3.2359881131916179e-01 3.7196366132128460e+01 27
1 0 1 1 2.7829769458086809e-02 2.0048354929274557e-02 1.0001593004159817e+00 6.4826293790619327e-02 3.2459465193052911e-01 3.7246366128635671e+01 27
1 0 1 1 2.7806284682284448e-02 2.0034162035014177e-02 1.0001606695220919e+00 6.4800756947975990e-02 3.2559020619415885e-01 3.7296366125124791e+01 27
1 0 1 1 2.7782858005683021e-02 2.0020010999786942e-02 1.0001620363054851e+00 6.4775372697555067e-02 3.2658546948113482e-01 3.7346366121608362e+01 27
1 0 1 1 2.7759489679118267e-02 2.0005901900997821e-02 1.0001634005366853e+00 6.4750140760130109e-02 3.2758043720035401e-01 3.7396366118107615e+01 27
1 0 1 1 2.7736179949300575e-02 1.9991834814243051e-02 1.0001647619857461e+00 6.4725060854742694e-02 3.2857510479722096e-01 3.7446366114589679e+01 27
1 0 1 1 2.7712929058794005e-02 1.9977809813297925e-02 1.0001661204223375e+00 6.4700132698660540e-02 3.2956946775604601e-01 3.7496366111089230e+01 27
1 0 1 1 2.7689737246098689e-02 1.9963826970157004e-02 1.0001674756158270e+00 6.4675356007448115e-02 3.3056352159724617e-01 3.7546366107572695e+01 27
1 0 1 1 2.7666604745626891e-02 1.9949886355020728e-02 1.0001688273353697e+00 6.4650730494918485e-02 3.3155726187977452e-01 3.7596366104060714e+01 27
1 0 1 1 2.7643531787766667e-02 1.9935988036328924e-02 1.0001701753499910e+00 6.4626255873183353e-02 3.3255068419944878e-01 3.7646366100547255e+01 27
1 0 1 1 2.7620518598894129e-02 1.9922132080763065e-02 1.0001715194286755e+00 6.4601931852646788e-02 3.3354378418941155e-01 3.7696366097025624e+01 27
1 0 1 1 2.7597565401394523e-02 1.9908318553256716e-02 1.0001728593404529e+00 6.4577758142008279e-02 3.3453655752052264e-01 3.7746366093510105e+01 27
1 0 1 1 2.7574672413709110e-02 1.9894547517020994e-02 1.0001741948544864e+00 6.4553734448293459e-02 3.3552899990046214e-01 3.7796366089992837e+01 27
1 0 1 1 2.7551839850349556e-02 1.9880819033546798e-02 1.0001755257401594e+00 6.4529860476849166e-02 3.3652110707395133e-01 3.7846366086458126e+01 27
1 0 1 1 2.7529067921905716e-02 1.9867133162607842e-02 1.0001768517671668e+00 6.4506135931334307e-02 3.3751287482370002e-01 3.7896366082931983e+01 27
1 0 1 1 2.7506356835108346e-02 1.9853489962295801e-02 1.0001781727055989e+00 6.4482560513766995e-02 3.3850429896897904e-01 3.7946366079412044e+01 27
1 0 1 1 2.7483706792847631e-02 1.9839889489024584e-02 1.0001794883260335e+00 6.4459133924523127e-02 3.3949537536541757e-01 3.7996366075860593e+01 27
1 0 1 1 2.7461117994151466e-02 1.9826331797516712e-02 1.0001807983996247e+00 6.4435855862297831e-02 3.4048609990747897e-01 3.8046366072330848e+01 27
1 0 1 1 2.7438590634290081e-02 1.9812816940860459e-02 1.0001821026981890e+00 6.4412726024193789e-02 3.4147646852467828e-01 3.8096366068778963e+01 27
1 0 1 1 2.7416122165548593e-02 1.9799344970477452e-02 1.0001834009942971e+00 6.4389744105655622e-02 3.4246647718503570e-01 3.8146366065240805e+01 27
1 0 1 1 2.7393706849338208e-02 1.9785915936172974e-02 1.0001846930613598e+00 6.4366909800540356e-02 3.4345612189217140e-01 3.8196366061686902e+01 27
1 0 1 1 2.7371353609119978e-02 1.9772529886118020e-02 1.0001859786737191e+00 6.4344222801076906e-02 3.4444539868718399e-01 3.8246366058120067e+01 27
1 0 1 1 2.7349062625095399e-02 1.9759186866868159e-02 1.0001872576067357e+00 6.4321682797886998e-02 3.4543430364847461e-01 3.8296366054568637e+01 27
1 0 1 1 2.7326834073814438e-02 1.9745886923393616e-02 1.0001885296368755e+00 6.4299289480026861e-02 3.4642283288977377e-01 3.8346366050989857e+01 28
1 0 1 1 2.7304668128138729e-02 1.9732630099055737e-02 1.0001897945418008e+00 6.4277042534934103e-02 3.4741098256329755e-01 3.8396366047431009e+01 28
1 0 1 1 2.7282564957341774e-02 1.9719416435662215e-02 1.0001910521004536e+00 6.4254941648508562e-02 3.4839874885598765e-01 3.8446366043841799e+01 28
1 0 1 1 2.7260524727052017e-02 1.9706245973428141e-02 1.0001923020931462e+00 6.4232986505043443e-02 3.4938612799325575e-01 3.8496366040267567e+01 28
1 0 1 1 2.7238547599355168e-02 1.9693118751036402e-02 1.0001935443016450e+00 6.4211176787304869e-02 3.5037311623552686e-01 3.8546366036674698e+01 28
1 0 1 1 2.7216633732760474e-02 1.9680034805611025e-02 1.0001947785092578e+00 6.4189512176484526e-02 3.5135970988063070e-01 3.8596366033075945e+01 28
1 0 1 1 2.7194783282249679e-02 1.9666994172743767e-02 1.0001960045009191e+00 6.4167992352233527e-02 3.5234590526282206e-01 3.8646366029483318e+01 28
1 0 1 1 2.7172996399314916e-02 1.9653996886513630e-02 1.0001972220632727e+00 6.4146616992680289e-02 3.5333169875208842e-01 3.8696366025874823e+01 28
1 0 1 1 2.7151273231950962e-02 1.9641042979477219e-02 1.0001984309847580e+00 6.4125385774409904e-02 3.5431708675543960e-01 3.8746366022263814e+01 28
1 0 1 1 2.7129613924704598e-02 1.9628132482695019e-02 1.0001996310556918e+00 6.4104298372494428e-02 3.5530206571582990e-01 3.8796366018646424e+01 28
1 0 1 1 2.7108018618687509e-02 1.9615265425736935e-02 1.0002008220683496e+00 6.4083354460491487e-02 3.5628663211272421e-01 3.8846366015032935e+01 28
1 0 1 1 2.7086487451616657e-02 1.9602441836698990e-02 1.0002020038170472e+00 6.4062553710466541e-02 3.5727078246084581e-01 3.8896366011388544e+01 28
1 0 1 1 2.7065020557791468e-02 1.9589661742190637e-02 1.0002031760982231e+00 6.4041895792956993e-02 3.5825451331287994e-01 3.8946366007771907e+01 28
1 0 1 1 2.7043618068198091e-02 1.9576925167389143e-02 1.0002043387105126e+00 6.4021380377057457e-02 3.5923782125531251e-01 3.8996366004128639e+01 28
1 0 1 1 2.7022280110454110e-02 1.9564232136005416e-02 1.0002054914548306e+00 6.4001007130349619e-02 3.6022070291208064e-01 3.9046366000478720e+01 28
1 0 1 1 2.7001006808868057e-02 1.9551582670313771e-02 1.0002066341344462e+00 6.3980775718949057e-02 3.6120315494282718e-01 3.9096365996832759e+01 28
1 0 1 1 2.6979798284471560e-02 1.9538976791170115e-02 1.0002077665550577e+00 6.3960685807517542e-02 3.6218517404278300e-01 3.9146365993187388e+01 28
1 0 1 1 2.6958654655035157e-02 1.9526414518014720e-02 1.0002088885248677e+00 6.3940737059266395e-02 3.6316675694260303e-01 3.9196365989522441e+01 28
1 0 1 1 2.6937576035074320e-02 1.9513895868873497e-02 1.0002099998546568e+00 6.3920929135944188e-02 3.6414790040923806e-01 3.9246365985847696e+01 28
1 0 1 1 2.6916562535882201e-02 1.9501420860373743e-02 1.0002111003578544e+00 6.3901261697859313e-02 3.6512860124566376e-01 3.9296365982193620e+01 28
1 0 1 1 2.6895614265588300e-02 1.9488989507776059e-02 1.0002121898506078e+00 6.3881734403918394e-02 3.6610885628910095e-01 3.9346365978523842e+01 28
1 0 1 1 2.6874731329134857e-02 1.9476601824954080e-02 1.0002132681518521e+00 6.3862346911589818e-02 3.6708866241275062e-01 3.9396365974828690e+01 28
1 0 1 1 2.6853913828294534e-02 1.9464257824403287e-02 1.0002143350833785e+00 6.3843098876911003e-02 3.6806801652651461e-01 3.9446365971165619e+01 28
1 0 1 1 2.6833161861765088e-02 1.9451957517293943e-02 1.0002153904698967e+00 6.3823989954559318e-02 3.6904691557336583e-01 3.9496365967477537e+01 28
1 0 1 1 2.6812475384882135e-02 1.9439700013398013e-02 1.0002164345338171e+00 6.3805019797786161e-02 3.7002536245209144e-01 3.9546366224226368e+01 28
1 0 1 1 2.6791853921250317e-02 1.9427479790190806e-02 1.0002174696208959e+00 6.3786188354536644e-02 3.7100337658411597e-01 3.9596367617575766e+01 28
1 0 1 1 2.6771300338386844e-02 1.9415304555465761e-02 1.0002184925699387e+00 6.3767496851098893e-02 3.7198082829935586e-01 3.9646363976611504e+01 28
1 0 1 1 2.6750810344842897e-02 1.9403171721713783e-02 1.0002195034348120e+00 6.3748940956802336e-02 3.7295792292559476e-01 3.9696365953428916e+01 28
1 0 1 1 2.6730387144949016e-02 1.9391083141857751e-02 1.0002205018999235e+00 6.3730523154349211e-02 3.7393450905045494e-01 3.9746365949749276e+01 28
1 0 1 1 2.6710030006341243e-02 1.9379038337625470e-02 1.0002214878481777e+00 6.3712242352639059e-02 3.7491062253579144e-01 3.9796365946031116e+01 28
1 0 1 1 2.6689739006533302e-02 1.9367037310861299e-02 1.0002224611255266e+00 6.3694098196892701e-02 3.7588626056999347e-01 3.9846365942354048e+01 28
1 0 1 1 2.6669514220163365e-02 1.9355080062170727e-02 1.0002234215812991e+00 6.3676090331055923e-02 3.7686142037296988e-01 3.9896365938642631e+01 28
1 0 1 1 2.6649355718907194e-02 1.9343166590862920e-02 1.0002243690682551e+00 6.3658218397713073e-02 3.7783609920136457e-01 3.9946365934940381e+01 28
1 0 1 1 2.6629263571571280e-02 1.9331296895005672e-02 1.0002253034426314e+00 6.3640482038159224e-02 3.7881029434532454e-01 3.9996365931248029e+01 28
1 0 1 1 2.6609237844100520e-02 1.9319470971422135e-02 1.0002262245641886e+00 6.3622880892398370e-02 3.7978400312877508e-01 4.0046365927545814e+01 28
1 0 1 1 2.6589278599582239e-02 1.9307688815693596e-02 1.0002271322962559e+00 6.3605414599135601e-02 3.8075722291059477e-01 4.0096365923857398e+01 28
1 0 1 1 2.6569385898304761e-02 1.9295950422186906e-02 1.0002280265057724e+00 6.3588082795815570e-02 3.8172995108233387e-01 4.0146365920140155e+01 28
1 0 1 1 2.6549559797718298e-02 1.9284255784030657e-02 1.0002289070633297e+00 6.3570885118584330e-02 3.8270218507155951e-01 4.0196365916462661e+01 28
1 0 1 1 2.6529800352548524e-02 1.9272604893176531e-02 1.0002297738432064e+00 6.3553821202375405e-02 3.8367392233703057e-01 4.0246365912763594e+01 28
1 0 1 1 2.6510107614731705e-02 1.9260997740358114e-02 1.0002306267234085e+00 6.3536890680846059e-02 3.8464516037302560e-01 4.0296365909080620e+01 28
1 0 1 1 2.6490481633497747e-02 1.9249434315137513e-02 1.0002314655857001e+00 6.3520093186439586e-02 3.8561589670622948e-01 4.0346365905396446e+01 29
1 0 1 1 2.6470922455363647e-02 1.9237914605895017e-02 1.0002322903156373e+00 6.3503428350369845e-02 3.8658612889694027e-01 4.0396365901708805e+01 29
1 0 1 1 2.6451430124158033e-02 1.9226438599842577e-02 1.0002331008025984e+00 6.3486895802634252e-02 3.8755585453889896e-01 4.0446365898027700e+01 29
1 0 1 1 2.6432004681049202e-02 1.9215006283036500e-02 1.0002338969398104e+00 6.3470495172033153e-02 3.8852507125920904e-01 4.0496365894378840e+01 29
1 0 1 1 2.6412646164599176e-02 1.9203617640402983e-02 1.0002346786243745e+00 6.3454226086203491e-02 3.8949377671609897e-01 4.0546365890696563e+01 29
1 0 1 1 2.6393354610706288e-02 1.9192272655704688e-02 1.0002354457572924e+00 6.3438088171566015e-02 3.9046196860334642e-01 4.0596365887057857e+01 29
1 0 1 1 2.6374130052732755e-02 1.9180971311609049e-02 1.0002361982434835e+00 6.3422081053420565e-02 3.9142964464433738e-01 4.0646365883384583e+01 29
1 0 1 1 2.6354972521411398e-02 1.9169713589631741e-02 1.0002369359918093e+00 6.3406204355868856e-02 3.9239680259838600e-01 4.0696365879777503e+01 29
1 0 1 1 2.6335882045010538e-02 1.9158499470228255e-02 1.0002376589150848e+00 6.3390457701934855e-02 3.9336344025270364e-01 4.0746365876109110e+01 29
1 0 1 1 2.6316858649179542e-02 1.9147328932701664e-02 1.0002383669300998e+00 6.3374840713441460e-02 3.9432955543191112e-01 4.0796365872523843e+01 29
1 0 1 1 2.6297902357171013e-02 1.9136201955328346e-02 1.0002390599576256e+00 6.3359353011177372e-02 3.9529514598726351e-01 4.0846365868888341e+01 29
1 0 1 1 2.6279013189674908e-02 1.9125118515256848e-02 1.0002397379224315e+00 6.3343994214761612e-02 3.9626020980632476e-01 4.0896365865301597e+01 29
1 0 1 1 2.6260182609326565e-02 1.9114078588601383e-02 1.0002404007532888e+00 6.3328763942771205e-02 3.9722474480558861e-01 4.0946365861721127e+01 29
1 0 1 1 2.6241417023779471e-02 1.9103082150412103e-02 1.0002410483829807e+00 6.3313661812694988e-02 3.9818874893364647e-01 4.0996365858135078e+01 29
1 0 1 1 2.6222718687520418e-02 1.9092129174679645e-02 1.0002416807483050e+00 6.3298687440947077e-02 3.9915222017161889e-01 4.1046365854594931e+01 29
1 0 1 1 2.6204087611258871e-02 1.9081219634381665e-02 1.0002422977900773e+00 6.3283840442924205e-02 4.0011515652935381e-01 4.1096365851026661e+01 29
1 0 1 1 2.6185523803283085e-02 1.9070353501436745e-02 1.0002428994531318e+00 6.3269120432946413e-02 4.0107755605107809e-01 4.1146365847532607e+01 29
1 0 1 1 2.6167027269619194e-02 1.9059530746789281e-02 1.0002434856863176e+00 6.3254527024370732e-02 4.0203941680730626e-01 4.1196365843982285e+01 29
1 0 1 1 2.6148598013879778e-02 1.9048751340322218e-02 1.0002440564424984e+00 6.3240059829476142e-02 4.0300073690454929e-01 4.1246365840524817e+01 29
1 0 1 1 2.6130236037481026e-02 1.9038015250977126e-02 1.0002446116785426e+00 6.3225718459624936e-02 4.0396151447449302e-01 4.1296365837037165e+01 29
1 0 1 1 2.6111941339500368e-02 1.9027322446668535e-02 1.0002451513553194e+00 6.3211502525147512e-02 4.0492174768247924e-01 4.1346365833574502e+01 29
1 0 1 1 2.6093713916783622e-02 1.9016672894343840e-02 1.0002456754376876e+00 6.3197411635425776e-02 4.0588143472313093e-01 4.1396365830152511e+01 29
1 0 1 1 2.6075553763969084e-02 1.9006066559992523e-02 1.0002461838944827e+00 6.3183445398905913e-02 4.0684057381981231e-01 4.1446365826729838e+01 29
1 0 1 1 2.6057460873462248e-02 1.8995503408629141e-02 1.0002466766985061e+00 6.3169603423078868e-02 4.0779916322723214e-01 4.1496365823353592e+01 29
1 0 1 1 2.6039435235522157e-02 1.8984983404340346e-02 1.0002471538265068e+00 6.3155885314539334e-02 4.0875720122764797e-01 4.1546365819971157e+01 29
1 0 1 1 2.6021476838209642e-02 1.8974506510249269e-02 1.0002476152591668e+00 6.3142290678950080e-02 4.0971468613472906e-01 4.1596365816644251e+01 29
1 0 1 1 2.6003585667492238e-02 1.8964072688576108e-02 1.0002480609810802e+00 6.3128819121113622e-02 4.1067161628893267e-01 4.1646365813315782e+01 29
1 0 1 1 2.5985761707187520e-02 1.8953681900599526e-02 1.0002484909807328e+00 6.3115470244931721e-02 4.1162799006148715e-01 4.1696365810030507e+01 29
1 0 1 1 2.5968004939047832e-02 1.8943334106704117e-02 1.0002489052504795e+00 6.3102243653464674e-02 4.1258380585100674e-01 4.1746365806767564e+01 29
1 0 1 1 2.5950315342747773e-02 1.8933029266368320e-02 1.0002493037865203e+00 6.3089138948921708e-02 4.1353906208486135e-01 4.1796365803524445e+01 29
1 0 1 1 2.5932692895907137e-02 1.8922767338175734e-02 1.0002496865888735e+00 6.3076155732678330e-02 4.1449375721928566e-01 4.1846365800332926e+01 29
1 0 1 1 2.5915137574146586e-02 1.8912548279843868e-02 1.0002500536613479e+00 6.3063293605314624e-02 4.1544788973721203e-01 4.1896365797156911e+01 29
1 0 1 1 2.5897649351067659e-02 1.8902372048208715e-02 1.0002504050115140e+00 6.3050552166599549e-02 4.1640145815021168e-01 4.1946365794005665e+01 29
1 0 1 1 2.5880228198286000e-02 1.8892238599240847e-02 1.0002507406506727e+00 6.3037931015519078e-02 4.1735446099794282e-01 4.1996365790916961e+01 29
1 0 1 1 2.5862874085497412e-02 1.8882147888081274e-02 1.0002510605938226e+00 6.3025429750316053e-02 4.1830689684526134e-01 4.2046365787815397e+01 29
1 0 1 1 2.5845586980407280e-02 1.8872099868996291e-02 1.0002513648596263e+00 6.3013047968446617e-02 4.1925876428729003e-01 4.2096365784791708e+01 30
1 0 1 1 2.5828366848857962e-02 1.8862094495448935e-02 1.0002516534703743e+00 6.3000785266670939e-02 4.2021006194339333e-01 4.2146365781797634e+01 30
1 0 1 1 2.5811213654791554e-02 1.8852131720073332e-02 1.0002519264519480e+00 6.2988641241020632e-02 4.2116078845991733e-01 4.2196365778801159e+01 30
1 0 1 1 2.5794127360238239e-02 1.8842211494666094e-02 1.0002521838337830e+00 6.2976615486801585e-02 4.2211094251234915e-01 4.2246365775912686e+01 30
1 0 1 1 2.5777107040285553e-02 1.8832329083882569e-02 1.0002524280777747e+00 6.2964707598688024e-02 4.2306056631420591e-01 4.2296367796893456e+01 30
1 0 1 1 2.5760155148725351e-02 1.8822487875206389e-02 1.0002526580422484e+00 6.2952918614198633e-02 4.2400952191377245e-01 4.2346364769238647e+01 30
1 0 1 1 2.5743269044103234e-02 1.8812688536606451e-02 1.0002528725142472e+00 6.2941245985784405e-02 4.2495795648680246e-01 4.2396364654006874e+01 30
1 0 1 1 2.5726449258722396e-02 1.8802931352104386e-02 1.0002530715270683e+00 6.2929689714240955e-02 4.2590583677021526e-01 4.2446365765961076e+01 30
1 0 1 1 2.5709696533688438e-02 1.8793216726530674e-02 1.0002532551171450e+00 6.2918249933430759e-02 4.2685311716756924e-01 4.2496365763239716e+01 30
1 0 1 1 2.5693010444650888e-02 1.8783544388831345e-02 1.0002534233382017e+00 6.2906925976042111e-02 4.2779981764249936e-01 4.2546365760538116e+01 30
1 0 1 1 2.5676390941237508e-02 1.8773914285188906e-02 1.0002535762426166e+00 6.2895717433092579e-02 4.2874593704672836e-01 4.2596365757917425e+01 30
1 0 1 1 2.5659837971408191e-02 1.8764326361062976e-02 1.0002537138859815e+00 6.2884623895053199e-02 4.2969147425482368e-01 4.2646365755347311e+01 30
1 0 1 1 2.5643351481446613e-02 1.8754780561185212e-02 1.0002538363270554e+00 6.2873644951837782e-02 4.3063642816585579e-01 4.2696365752802642e+01 30
1 0 1 1 2.5626931415955026e-02 1.8745276829549795e-02 1.0002539436277120e+00 6.2862780192809969e-02 4.3158079770441266e-01 4.2746365750333737e+01 30
1 0 1 1 2.5610577717937309e-02 1.8735815109461814e-02 1.0002540358528915e+00 6.2852029206832694e-02 4.3252458181695735e-01 4.2796365747882405e+01 30
1 0 1 1 2.5594290328738320e-02 1.8726395343497244e-02 1.0002541130705467e+00 6.2841391582240946e-02 4.3346777947628401e-01 4.2846365745533653e+01 30
1 0 1 1 2.5578069188168680e-02 1.8717017473573926e-02 1.0002541753515919e+00 6.2830866906917970e-02 4.3441038967528051e-01 4.2896365743195169e+01 30
1 0 1 1 2.5561914234416727e-02 1.8707681440894665e-02 1.0002542227698492e+00 6.2820454768244743e-02 4.3535241143266745e-01 4.2946365740917138e+01 30
1 0 1 1 2.5545825404123704e-02 1.8698387185991677e-02 1.0002542554019938e+00 6.2810154753158681e-02 4.3629384379032410e-01 4.2996365738761341e+01 30
1 0 1 1 2.5529802632468884e-02 1.8689134648770568e-02 1.0002542733275006e+00 6.2799966448198186e-02 4.3723468580842156e-01 4.3046365736555259e+01 30
1 0 1 1 2.5513845853001253e-02 1.8679923768410937e-02 1.0002542766285871e+00 6.2789889439413327e-02 4.3817493657686030e-01 4.3096365734514023e+01 30
1 0 1 1 2.5497954997903530e-02 1.8670754483514660e-02 1.0002542653901592e+00 6.2779923312526742e-02 4.3911459520022611e-01 4.3146365732453084e+01 30
1 0 1 1 2.5482129997790294e-02 1.8661626731990354e-02 1.0002542396997527e+00 6.2770067652815453e-02 4.4005366081107705e-01 4.3196365730505768e+01 30
1 0 1 1 2.5466370781883050e-02 1.8652540451146907e-02 1.0002541996474770e+00 6.2760322045228023e-02 4.4099213256028164e-01 4.3246365728625889e+01 30
1 0 1 1 2.5450677277970690e-02 1.8643495577670872e-02 1.0002541453259579e+00 6.2750686074356410e-02 4.4193000962026696e-01 4.3296365726770055e+01 30
1 0 1 1 2.5435049412396559e-02 1.8634492047615608e-02 1.0002540768302786e+00 6.2741159324436996e-02 4.4286729118676010e-01 4.3346365725004787e+01 30
1 0 1 1 2.5419487110137032e-02 1.8625529796444319e-02 1.0002539942579218e+00 6.2731741379405626e-02 4.4380397647525294e-01 4.3396365723330767e+01 30
1 0 1 1 2.5403990294812683e-02 1.8616608759032420e-02 1.0002538977087103e+00 6.2722431822905295e-02 4.4474006472081962e-01 4.3446365721686533e+01 30
1 0 1 1 2.5388558888650013e-02 1.8607728869644947e-02 1.0002537872847479e+00 6.2713230238271911e-02 4.4567555518187862e-01 4.3496365720160973e+01 30
1 0 1 1 2.5373192812597128e-02 1.8598890061998118e-02 1.0002536630903605e+00 6.2704136208603933e-02 4.4661044713353615e-01 4.3546365718651991e+01 30
1 0 1 1 2.5357891986222091e-02 1.8590092269201140e-02 1.0002535252320350e+00 6.2695149316714022e-02 4.4754473987531163e-01 4.3596365717291008e+01 31
1 0 1 1 2.5342652291150396e-02 1.8581335423849810e-02 1.0002533738183619e+00 6.2686269145225182e-02 4.4847843272078330e-01 4.3646365715902633e+01 31
1 0 1 1 2.5327472004371392e-02 1.8572619457920565e-02 1.0002532089599718e+00 6.2677495276481532e-02 4.4941152501065185e-01 4.3696365714716471e+01 31
1 0 1 1 2.5312356789093587e-02 1.8563944302918110e-02 1.0002530307694781e+00 6.2668827292699070e-02 4.5034401609663355e-01 4.3746365713518145e+01 31
1 0 1 1 2.5297306559371305e-02 1.8555309889749232e-02 1.0002528393614150e+00 6.2660264775849350e-02 4.5127590535635903e-01 4.3796365712459000e+01 31
1 0 1 1 2.5282321228118878e-02 1.8546716148835542e-02 1.0002526348521783e+00 6.2651807307775975e-02 4.5220719218117233e-01 4.3846365711415466e+01 31
1 0 1 1 2.5267400706968337e-02 1.8538163010031486e-02 1.0002524173599630e+00 6.2643454470130339e-02 4.5313787598644656e-01 4.3896365710555351e+01 31
1 0 1 1 2.5252544906472007e-02 1.8529650402737515e-02 1.0002521870047063e+00 6.2635205844481845e-02 4.5406795619931989e-01 4.3946365709691179e+01 31
1 0 1 1 2.5237753735919997e-02 1.8521178255792310e-02 1.0002519439080244e+00 6.2627061012227592e-02 4.5499743227121525e-01 4.3996365708966586e+01 31
1 0 1 1 2.5223027103521145e-02 1.8512746497574176e-02 1.0002516881931536e+00 6.2619019554695399e-02 4.5592630366726250e-01 4.4046365708299831e+01 31
1 0 1 1 2.5208364916310278e-02 1.8504355055947729e-02 1.0002514199848895e+00 6.2611081053103451e-02 4.5685456987333578e-01 4.4096365707773927e+01 31
1 0 1 1 2.5193767080264023e-02 1.8496003858324939e-02 1.0002511394095293e+00 6.2603245088623638e-02 4.5778223038916199e-01 4.4146365707279372e+01 31
1 0 1 1 2.5179233500196907e-02 1.8487692831605018e-02 1.0002508465948083e+00 6.2595511242338864e-02 4.5870928473611916e-01 4.4196365706946601e+01 31
1 0 1 1 2.5164764079914165e-02 1.8479421902260436e-02 1.0002505416698444e+00 6.2587879095326954e-02 4.5963573244837796e-01 4.4246365706679477e+01 31
1 0 1 1 2.5150358722123310e-02 1.8471190996281545e-02 1.0002502247650766e+00 6.2580348228620436e-02 4.6056157307910012e-01 4.4296365706503956e+01 31
1 0 1 1 2.5136017328493115e-02 1.8463000039210236e-02 1.0002498960122066e+00 6.2572918223243568e-02 4.6148680619773524e-01 4.4346365706432721e+01 31
1 0 1 1 2.5121739799667007e-02 1.8454848956144770e-02 1.0002495555441409e+00 6.2565588660227323e-02 4.6241143139007546e-01 4.4396365706480893e+01 31
1 0 1 1 2.5107526035282591e-02 1.8446737671749217e-02 1.0002492034949308e+00 6.2558359120629070e-02 4.6333544825780099e-01 4.4446365706654063e+01 31
1 0 1 1 2.5093375934000857e-02 1.8438666110267048e-02 1.0002488399997178e+00 6.2551229185549284e-02 4.6425885641733067e-01 4.4496365706897713e+01 31
1 0 1 1 2.5079289393480888e-02 1.8430634195505328e-02 1.0002484651946733e+00 6.2544198436124188e-02 4.6518165550227636e-01 4.4546365707241399e+01 31
1 0 1 1 2.5065266310404899e-02 1.8422641850847386e-02 1.0002480792169406e+00 6.2537266453555368e-02 4.6610384516297465e-01 4.4596365707786845e+01 31
1 0 1 1 2.5051306580588590e-02 1.8414688999312229e-02 1.0002476822045843e+00 6.2530432819160459e-02 4.6702542505963274e-01 4.4646365708347410e+01 31
1 0 1 1 2.5037410098828553e-02 1.8406775563467787e-02 1.0002472742965267e+00 6.2523697114307664e-02 4.6794639487351364e-01 4.4696365709064963e+01 31
1 0 1 1 2.5023576759051720e-02 1.8398901465510788e-02 1.0002468556324973e+00 6.2517058920500190e-02 4.6886675429763630e-01 4.4746365709920745e+01 31
1 0 1 1 2.5009806454292929e-02 1.8391066627256925e-02 1.0002464263529764e+00 6.2510517819367700e-02 4.6978650303947389e-01 4.4796365710888360e+01 31
1 0 1 1 2.4996099076692934e-02 1.8383270970131409e-02 1.0002459865991402e+00 6.2504073392674414e-02 4.7070564082129529e-01 4.4846365711969412e+01 31
1 0 1 1 2.4982454517519671e-02 1.8375514415186117e-02 1.0002455365128071e+00 6.2497725222335210e-02 4.7162416738020430e-01 4.4896365713201405e+01 31
1 0 1 1 2.4968872667204527e-02 1.8367796883112481e-02 1.0002450762363848e+00 6.2491472890441491e-02 4.7254208246602186e-01 4.4946365714558731e+01 32
1 0 1 1 2.4955353415338329e-02 1.8360118294240536e-02 1.0002446059128176e+00 6.2485315979262546e-02 4.7345938584243630e-01 4.4996365716023462e+01 32
1 0 1 1 2.4941895546480373e-02 1.8352474533150774e-02 1.0002441275625056e+00 6.2479254071254403e-02 4.7437614642705789e-01 4.5046369268580506e+01 32
1 0 1 1 2.4928502180268108e-02 1.8344868446563203e-02 1.0002436408202733e+00 6.2473288037136393e-02 4.7529214540636333e-01 4.5096364516138969e+01 32
1 0 1 1 2.4915170166362473e-02 1.8337300583240995e-02 1.0002431443941413e+00 6.2467415755613959e-02 4.7620759412357971e-01 4.5146363152988030e+01 32
1 0 1 1 2.4901899258774340e-02 1.8329770787506399e-02 1.0002426384209582e+00 6.2461636766243445e-02 4.7712250228991665e-01 4.5196365726893248e+01 32
1 0 1 1 2.4888691073131783e-02 1.8322279959477609e-02 1.0002421231109013e+00 6.2455951408552757e-02 4.7803675061642265e-01 4.5246365729048030e+01 32
1 0 1 1 2.4875544810098606e-02 1.8314827628925417e-02 1.0002415985831368e+00 6.2450358966600783e-02 4.7895038602031648e-01 4.5296365731409864e+01 32
1 0 1 1 2.4862460353816330e-02 1.8307413713609427e-02 1.0002410649828124e+00 6.2444859024385180e-02 4.7986340835499763e-01 4.5346365733940125e+01 32
1 0 1 1 2.4849437587704481e-02 1.8300038130981293e-02 1.0002405224552295e+00 6.2439451166188570e-02 4.8077581748567022e-01 4.5396365736580691e+01 32
1 0 1 1 2.4836476394427980e-02 1.8292700798165851e-02 1.0002399711457930e+00 6.2434134976576905e-02 4.8168761329259668e-01 4.5446365739442690e+01 32
1 0 1 1 2.4823576655996289e-02 1.8285401632014558e-02 1.0002394111999697e+00 6.2428910040447899e-02 4.8259879566487990e-01 4.5496365742476748e+01 32
1 0 1 1 2.4810738253727673e-02 1.8278140549084165e-02 1.0002388427632412e+00 6.2423775943020232e-02 4.8350936450351129e-01 4.5546365745649517e+01 32
1 0 1 1 2.4797961068242391e-02 1.8270917465630955e-02 1.0002382659810580e+00 6.2418732269840127e-02 4.8441931972276353e-01 4.5596365749030724e+01 32
1 0 1 1 2.4785244979536897e-02 1.8263732297650607e-02 1.0002376809988003e+00 6.2413778606813602e-02 4.8532866124536611e-01 4.5646365752538003e+01 32
1 0 1 1 2.4772589866895449e-02 1.8256584960828943e-02 1.0002370879617282e+00 6.2408914540188432e-02 4.8623738901006419e-01 4.5696365756362091e+01 32
1 0 1 1 2.4759995609075023e-02 1.8249475370642587e-02 1.0002364870149492e+00 6.2404139656623503e-02 4.8714550295857489e-01 4.5746365760259415e+01 32
1 0 1 1 2.4751669930375714e-02 1.8244777303795232e-02 1.0002360838508078e+00 6.2401019449640674e-02 4.8774790883298924e-01 4.5779552391473942e+01 32
