isScalarized | massIncreased | isMonotoneInside | isMonotoneOutside | mass_Baryon | mass_ADM | AST(radius) | radius  |  phi_c | rho_c | ctr |
1 0 1 1 3.1832346480690395e-02 2.4248709005483173e-02 1.0000000000000613e+00 8.6200399999999802e-02 3.2688007227345017e-03 1.7231623701661661e+01 38
1 1 1 1 3.1832627890039329e-02 2.4248828570442069e-02 1.0000000000000613e+00 8.6200024999999805e-02 3.2705005482094019e-03 1.7231918576617055e+01 39
1 1 1 1 3.1832909278437099e-02 2.4248948121691243e-02 1.0000000000000615e+00 8.6199649999999808e-02 3.2722001154327318e-03 1.7232213451417490e+01 39
1 1 1 1 3.1833190645884663e-02 2.4249067659230315e-02 1.0000000000000615e+00 8.6199274999999811e-02 3.2738994250211648e-03 1.7232508326060607e+01 39
1 1 1 1 3.1833471992382213e-02 2.4249187183060277e-02 1.0000000000000617e+00 8.6198899999999815e-02 3.2755984775841222e-03 1.7232803200543003e+01 39
1 1 1 1 3.1880880938418496e-02 2.4269258644323263e-02 1.0000000000000826e+00 8.6135307108634152e-02 3.5604720496324534e-03 1.7282803825702238e+01 38
1 1 1 1 3.1927708494254955e-02 2.4288946947685294e-02 1.0000000000001086e+00 8.6071692746765072e-02 3.8405204795881453e-03 1.7332804735575042e+01 38
1 1 1 1 3.1973968580789137e-02 2.4308259951240415e-02 1.0000000000001403e+00 8.6008043873010309e-02 4.1176342344509398e-03 1.7382806477821411e+01 38
1 1 1 1 3.2019671587464382e-02 2.4327203891581235e-02 1.0000000000001790e+00 8.5944351422289067e-02 4.3932240305624998e-03 1.7432808343634417e+01 38
1 1 1 1 3.2064826541887456e-02 2.4345782422516241e-02 1.0000000000002256e+00 8.5880607965166056e-02 4.6683799524775615e-03 1.7482810107228602e+01 38
1 1 1 1 3.2109450444096660e-02 2.4363941071820494e-02 1.0000000000002816e+00 8.5816807905957360e-02 4.9440174109216476e-03 1.7532821566397615e+01 38
1 1 1 1 3.2153512424627564e-02 2.4381733645021924e-02 1.0000000000003484e+00 8.5752985142003191e-02 5.2205981368043082e-03 1.7582801016445110e+01 38
1 1 1 1 3.2197074632063435e-02 2.4399186879830448e-02 1.0000000000004279e+00 8.5689053237445911e-02 5.4990417822660242e-03 1.7632812593144315e+01 38
1 1 1 1 3.2240104020782860e-02 2.4416289042745596e-02 1.0000000000005220e+00 8.5625063483072916e-02 5.7795755864572156e-03 1.7682813217687251e+01 38
1 1 1 1 3.2282614257029253e-02 2.4433047165603620e-02 1.0000000000006328e+00 8.5560998951334177e-02 6.0626479287573583e-03 1.7732813742615253e+01 38
1 1 1 1 3.2324606357569528e-02 2.4449464195634520e-02 1.0000000000007629e+00 8.5496857126349191e-02 6.3485846408441494e-03 1.7782814188378055e+01 38
1 1 1 1 3.2365990078408333e-02 2.4465542854978869e-02 1.0000000000009150e+00 8.5432635989582506e-02 6.6376606944444161e-03 1.7832814570076671e+01 38
1 1 1 1 3.2406863375615491e-02 2.4481285677181875e-02 1.0000000000010922e+00 8.5368333950604669e-02 6.9301091510879254e-03 1.7882814899182474e+01 38
1 1 1 1 3.2447228706105072e-02 2.4496695037559427e-02 1.0000000000012983e+00 8.5303949789995281e-02 7.2261281779446348e-03 1.7932815184489353e+01 38
1 1 1 1 3.2487088251276365e-02 2.4511773178754855e-02 1.0000000000015370e+00 8.5239482611218276e-02 7.5258866393039785e-03 1.7982815432879946e+01 38
1 1 1 1 3.2526443961986527e-02 2.4526522232326244e-02 1.0000000000018126e+00 8.5174931799782694e-02 7.8295286162959627e-03 1.8032815649834582e+01 38
1 1 1 1 3.2565297596887650e-02 2.4540944237068766e-02 1.0000000000021301e+00 8.5110296988228695e-02 8.1371771061273974e-03 1.8082815839804063e+01 38
1 1 1 1 3.2603655696259948e-02 2.4555005119203679e-02 1.0000000000024953e+00 8.5045578025933877e-02 8.4489751460844129e-03 1.8132822070626855e+01 38
1 1 1 1 3.2641503813634551e-02 2.4568716941144212e-02 1.0000000000029139e+00 8.4980798502952148e-02 8.7648819552315713e-03 1.8182813623615555e+01 38
1 1 1 1 3.2678860141527336e-02 2.4582109245761891e-02 1.0000000000033928e+00 8.4915925224203492e-02 9.0851139942044312e-03 1.8232812841477401e+01 38
1 1 1 1 3.2715723282204436e-02 2.4595182841324854e-02 1.0000000000039397e+00 8.4850962838515842e-02 9.4097161233058692e-03 1.8282816391943758e+01 38
1 1 1 1 3.2752088687092541e-02 2.4607937466288921e-02 1.0000000000045626e+00 8.4785921940691289e-02 9.7386926308713831e-03 1.8332816491914631e+01 38
1 1 1 1 3.2787960057345869e-02 2.4620375784825132e-02 1.0000000000052707e+00 8.4720798666694519e-02 1.0072111732285456e-02 1.8382816580127130e+01 38
1 1 1 1 3.2823338502331739e-02 2.4632499529408571e-02 1.0000000000060743e+00 8.4655593716841726e-02 1.0410011956135877e-02 1.8432816658062347e+01 38
1 1 1 1 3.2858156652490693e-02 2.4644310415361404e-02 1.0000000000069842e+00 8.4590307881770188e-02 1.0752425271286923e-02 1.8482816727011006e+01 38
1 1 1 1 3.2892464086357869e-02 2.4655810145029045e-02 1.0000000000080131e+00 8.4524942032233596e-02 1.1099377916292697e-02 1.8532816788108967e+01 38
1 1 1 1 3.2926281264796839e-02 2.4667000411283051e-02 1.0000000000091744e+00 8.4459497110202453e-02 1.1450891113124280e-02 1.8582816842345135e+01 38
1 1 1 1 3.2959609252916973e-02 2.4677882900460128e-02 1.0000000000104832e+00 8.4393974121055704e-02 1.1806981682564595e-02 1.8632816890589730e+01 38
1 1 1 1 3.2992449115924270e-02 2.4688459294815279e-02 1.0000000000119553e+00 8.4328374126776795e-02 1.2167662575307920e-02 1.8682816933596229e+01 38
1 1 1 1 3.3024801924004143e-02 2.4698731274567325e-02 1.0000000000136089e+00 8.4262698239972011e-02 1.2532943331296356e-02 1.8732816972028196e+01 38
1 1 1 1 3.3056668756415414e-02 2.4708700519579956e-02 1.0000000000154639e+00 8.4196947618664031e-02 1.2902830477231664e-02 1.8782817006452881e+01 38
1 1 1 1 3.3088052915973130e-02 2.4718347878352344e-02 1.0000000000175417e+00 8.4131123461684998e-02 1.3277352523714465e-02 1.8832820308596670e+01 38
1 1 1 1 3.3118950297566362e-02 2.4727664563481945e-02 1.0000000000198663e+00 8.4065239925789959e-02 1.3656447410959177e-02 1.8882818429466539e+01 38
1 1 1 1 3.3149362617775346e-02 2.4736682711603532e-02 1.0000000000224627e+00 8.3999290744471322e-02 1.4040121907434604e-02 1.8932812511731157e+01 38
1 1 1 1 3.3179299781423005e-02 2.4745406594190673e-02 1.0000000000253597e+00 8.3933258000272404e-02 1.4428486111506517e-02 1.8982817110612874e+01 38
1 1 1 1 3.3208753831646655e-02 2.4753835233154234e-02 1.0000000000285867e+00 8.3867162938027151e-02 1.4821419427604544e-02 1.9032817131282961e+01 38
1 1 1 1 3.3237728719303361e-02 2.4761971153327129e-02 1.0000000000321776e+00 8.3801000866563002e-02 1.5218951498447731e-02 1.9082817150097060e+01 38
1 1 1 1 3.3266225657650805e-02 2.4769816072793625e-02 1.0000000000361680e+00 8.3734773157241094e-02 1.5621075282541308e-02 1.9132817167253069e+01 38
1 1 1 1 3.3294245884952889e-02 2.4777371715030926e-02 1.0000000000405975e+00 8.3668481202241407e-02 1.6027782518935062e-02 1.9182817182935143e+01 38
1 1 1 1 3.3321758516833770e-02 2.4784639809080737e-02 1.0000000000455087e+00 8.3602126412851474e-02 1.6439063846003524e-02 1.9232817197306062e+01 38
1 1 1 1 3.3348752618162954e-02 2.4791622089646029e-02 1.0000000000509479e+00 8.3535710217929604e-02 1.6854908906386499e-02 1.9282817210482797e+01 38
1 1 1 1 3.3375273630697172e-02 2.4798320297151021e-02 1.0000000000569651e+00 8.3469234062427122e-02 1.7275306440781301e-02 1.9332817222600415e+01 38
1 1 1 1 3.3401322919386946e-02 2.4804736177731282e-02 1.0000000000636144e+00 8.3402699406196157e-02 1.7700244370361131e-02 1.9382817233749400e+01 38
1 1 1 1 3.3426901876226829e-02 2.4810871483194507e-02 1.0000000000709550e+00 8.3336107722773056e-02 1.8129709871078696e-02 1.9432817244019407e+01 38
1 1 1 1 3.3452011920352666e-02 2.4816727970938413e-02 1.0000000000790501e+00 8.3269460498336001e-02 1.8563689439686504e-02 1.9482817253491469e+01 38
1 1 1 1 3.3476654498062038e-02 2.4822307403841067e-02 1.0000000000879683e+00 8.3202759230746992e-02 1.9002168952852259e-02 1.9532817262227734e+01 38
1 1 1 1 3.3500831082790290e-02 2.4827611550135176e-02 1.0000000000977840e+00 8.3136005428636084e-02 1.9445133720540738e-02 1.9582817270295727e+01 38
1 1 1 1 3.3524543174981519e-02 2.4832642183236258e-02 1.0000000001085767e+00 8.3069200610613597e-02 1.9892568533556910e-02 1.9632817277732098e+01 38
1 1 1 1 3.3547794599823169e-02 2.4837370574430851e-02 1.0000000001204385e+00 8.3002346304440477e-02 2.0344498379053434e-02 1.9682821762781810e+01 38
1 1 1 1 3.3570579389229568e-02 2.4841815361224685e-02 1.0000000001334568e+00 8.2935462010207628e-02 2.0800760931955257e-02 1.9732814653438382e+01 38
1 1 1 1 3.3592907976695535e-02 2.4845992691978767e-02 1.0000000001477347e+00 8.2868520713634347e-02 2.1261517405970751e-02 1.9782815477692672e+01 38
1 1 1 1 3.3614778748346355e-02 2.4849903718693781e-02 1.0000000001633782e+00 8.2801533236606106e-02 2.1726688183130092e-02 1.9832817300093538e+01 38
1 1 1 1 3.3636192116266408e-02 2.4853550035015288e-02 1.0000000001805023e+00 8.2734504908032191e-02 2.2196229728645274e-02 1.9882817305030322e+01 38
1 1 1 1 3.3657150541455939e-02 2.4856933598984429e-02 1.0000000001992315e+00 8.2667434856160404e-02 2.2670141321359420e-02 1.9932817309557503e+01 38
1 1 1 1 3.3677655707063214e-02 2.4860056225265055e-02 1.0000000002196996e+00 8.2600324648270496e-02 2.3148405127121713e-02 1.9982817313691164e+01 38
1 1 1 1 3.3697709321122087e-02 2.4862919731863269e-02 1.0000000002420495e+00 8.2533175856687901e-02 2.3631003045303065e-02 2.0032817317458960e+01 38
1 1 1 1 3.3717313116155306e-02 2.4865525939873200e-02 1.0000000002664347e+00 8.2465990058347483e-02 2.4117916728977527e-02 2.0082817320873264e+01 38
1 1 1 1 3.3736463980660887e-02 2.4867876673238754e-02 1.0000000002930194e+00 8.2398768834316682e-02 2.4609127603894082e-02 2.0132817323952001e+01 38
1 1 1 1 3.3755109849746813e-02 2.4869973758500273e-02 1.0000000003219798e+00 8.2331513769377584e-02 2.5104616885714387e-02 2.0182817326714865e+01 38
1 1 1 1 3.3773311231971567e-02 2.4871819024552096e-02 1.0000000003535039e+00 8.2264226451632505e-02 2.5604365595845873e-02 2.0232817329174662e+01 38
1 1 1 1 3.3791069970321622e-02 2.4873414302384232e-02 1.0000000003877931e+00 8.2196908472105229e-02 2.6108354576141114e-02 2.0282817331337935e+01 38
1 1 1 1 3.3808387930021888e-02 2.4874761424842799e-02 1.0000000004250627e+00 8.2129561424343189e-02 2.6616564502695474e-02 2.0332817333225805e+01 38
1 1 1 1 3.3825266998079057e-02 2.4875862226375643e-02 1.0000000004655420e+00 8.2062186904095280e-02 2.7128975898104288e-02 2.0382817334841693e+01 37
1 1 1 1 3.3841709082851681e-02 2.4876718542788823e-02 1.0000000005094765e+00 8.1994786508926942e-02 2.7645569143429530e-02 2.0432817336200763e+01 37
1 1 1 1 3.3857716113591355e-02 2.4877332211000261e-02 1.0000000005571275e+00 8.1927361837910495e-02 2.8166324488825407e-02 2.0482817337308937e+01 37
1 1 1 1 3.3873290039999310e-02 2.4877705068796874e-02 1.0000000006087737e+00 8.1859914491282659e-02 2.8691222063774210e-02 2.0532817338178038e+01 37
1 1 1 1 3.3888432831766797e-02 2.4877838954594653e-02 1.0000000006647123e+00 8.1792446070146463e-02 2.9220241886331714e-02 2.0582817338811878e+01 37
1 0 1 1 3.3903146478123827e-02 2.4877735707198010e-02 1.0000000007252594e+00 8.1724958176148194e-02 2.9753363872053084e-02 2.0632817339222242e+01 37
1 0 1 1 3.3917433508526308e-02 2.4877385852823945e-02 1.0000000007907655e+00 8.1657452411202286e-02 3.0290584682248659e-02 2.0682818900893533e+01 37
1 0 1 1 3.3931295167768064e-02 2.4876779269682368e-02 1.0000000008616012e+00 8.1589936701832122e-02 3.0831851581943581e-02 2.0732819000679203e+01 37
1 0 1 1 3.3944732434335427e-02 2.4875941268115580e-02 1.0000000009381198e+00 8.1522413054370579e-02 3.1377105266511045e-02 2.0782814111965962e+01 37
1 0 1 1 3.3957750852986336e-02 2.4874873452562084e-02 1.0000000010207466e+00 8.1454865370411300e-02 3.1926468595299920e-02 2.0832817337401728e+01 37
1 0 1 1 3.3970349489589220e-02 2.4873577876353054e-02 1.0000000011098942e+00 8.1387310565747661e-02 3.2479797083169844e-02 2.0882817336799825e+01 37
1 0 1 1 3.3982531294374632e-02 2.4872056321675932e-02 1.0000000012060244e+00 8.1319745880622823e-02 3.3037105496225919e-02 2.0932817336013660e+01 37
1 0 1 1 3.3994298380515604e-02 2.4870310630881461e-02 1.0000000013096213e+00 8.1252172911261134e-02 3.3598373233911676e-02 2.0982817335039165e+01 37
1 0 1 1 3.4005652877095831e-02 2.4868342644769476e-02 1.0000000014211987e+00 8.1184593252309645e-02 3.4163579646005603e-02 2.1032817333887113e+01 37
1 0 1 1 3.4016596928667570e-02 2.4866154202390186e-02 1.0000000015413009e+00 8.1117008496632725e-02 3.4732704037395243e-02 2.1082817332567235e+01 37
1 0 1 1 3.4027132694793044e-02 2.4863747140829621e-02 1.0000000016705040e+00 8.1049420235096814e-02 3.5305725672548978e-02 2.1132817331070807e+01 37
1 0 1 1 3.4037262349615939e-02 2.4861123295013107e-02 1.0000000018094184e+00 8.0981830056295001e-02 3.5882623780403369e-02 2.1182817329411979e+01 37
1 0 1 1 3.4046988081419746e-02 2.4858284497509799e-02 1.0000000019586899e+00 8.0914239546377498e-02 3.6463377558198062e-02 2.1232817327597807e+01 37
1 0 1 1 3.4056309580102861e-02 2.4855232578333577e-02 1.0000000021190012e+00 8.0846650288841637e-02 3.7047966175321412e-02 2.1282817325619138e+01 37
1 0 1 1 3.4065184982231732e-02 2.4851969364760359e-02 1.0000000022910747e+00 8.0779063864275469e-02 3.7636368777508124e-02 2.1332817323489078e+01 36
1 0 1 1 3.4073663297208644e-02 2.4848496681136412e-02 1.0000000024756728e+00 8.0711481850201217e-02 3.8228564490098545e-02 2.1382817321217590e+01 36
1 0 1 1 3.4081746776462252e-02 2.4844816348701861e-02 1.0000000026736013e+00 8.0643905820893591e-02 3.8824532421148916e-02 2.1432817318788999e+01 36
1 0 1 1 3.4089437683215221e-02 2.4840930185408363e-02 1.0000000028857103e+00 8.0576337347112004e-02 3.9424251665399916e-02 2.1482817316226015e+01 36
1 0 1 1 3.4096738292053973e-02 2.4836840005747551e-02 1.0000000031128973e+00 8.0508777996002256e-02 4.0027701306523479e-02 2.1532817313521967e+01 36
1 0 1 1 3.4103650888521818e-02 2.4832547620579275e-02 1.0000000033561083e+00 8.0441229330857733e-02 4.0634860420522244e-02 2.1582817310682088e+01 36
1 0 1 1 3.4110177768708151e-02 2.4828054836964479e-02 1.0000000036163408e+00 8.0373692910959832e-02 4.1245708078340666e-02 2.1632817307710212e+01 36
1 0 1 1 3.4116321238845483e-02 2.4823363458005194e-02 1.0000000038946457e+00 8.0306170291404050e-02 4.1860223348531345e-02 2.1682817304610744e+01 36
1 0 1 1 3.4122083614904999e-02 2.4818475282683911e-02 1.0000000041921300e+00 8.0238663022935280e-02 4.2478385299669554e-02 2.1732817301380027e+01 36
1 0 1 1 3.4127467222205159e-02 2.4813392105705063e-02 1.0000000045099586e+00 8.0171172651755940e-02 4.3100173003080285e-02 2.1782817298032189e+01 36
1 0 1 1 3.4132474395014774e-02 2.4808115717349442e-02 1.0000000048493580e+00 8.0103700719412418e-02 4.3725565534649770e-02 2.1832817294559380e+01 36
1 0 1 1 3.4137107476170263e-02 2.4802647903319722e-02 1.0000000052116176e+00 8.0036248762587636e-02 4.4354541977536723e-02 2.1882817290972849e+01 36
1 0 1 1 3.4141368816688861e-02 2.4796990444600927e-02 1.0000000055980929e+00 7.9968818312990297e-02 4.4987081423840877e-02 2.1932817287267643e+01 36
1 0 1 1 3.4145260775391421e-02 2.4791145117314801e-02 1.0000000060102090e+00 7.9901410897168124e-02 4.5623162976977605e-02 2.1982817283450903e+01 36
1 0 1 1 3.4148785999817098e-02 2.4785095386613099e-02 1.0000000064496455e+00 7.9834028036385452e-02 4.6262796579222241e-02 2.2032819682643332e+01 36
1 0 1 1 3.4151946212159105e-02 2.4778855481860561e-02 1.0000000069178201e+00 7.9766680961195935e-02 4.6905849324050300e-02 2.2082815758676347e+01 36
1 0 1 1 3.4154744451855255e-02 2.4772432630196194e-02 1.0000000074164288e+00 7.9699355340747624e-02 4.7552439729894432e-02 2.2132816361950638e+01 36
1 0 1 1 3.4157182816307814e-02 2.4765829107452158e-02 1.0000000079471669e+00 7.9632058373126008e-02 4.8202492816939370e-02 2.2182817266396160e+01 36
1 0 1 1 3.4159263645449744e-02 2.4759046830482558e-02 1.0000000085118392e+00 7.9564793184173144e-02 4.8855971978238384e-02 2.2232817262073937e+01 36
1 0 1 1 3.4160989384818936e-02 2.4752087428899210e-02 1.0000000091123611e+00 7.9497560042553678e-02 4.9512868204195294e-02 2.2282817257649636e+01 36
1 0 1 1 3.4162362437664955e-02 2.4744952644816649e-02 1.0000000097507291e+00 7.9430360434105729e-02 5.0173160726531947e-02 2.2332817253135069e+01 36
1 0 1 1 3.4163385212179626e-02 2.4737644214374705e-02 1.0000000104290356e+00 7.9363195838499240e-02 5.0836828801406178e-02 2.2382817248524251e+01 36
1 0 1 1 3.4164060121158885e-02 2.4730163867618924e-02 1.0000000111494705e+00 7.9296067729078434e-02 5.1503851711222973e-02 2.2432817243823951e+01 35
1 0 1 1 3.4164389581671423e-02 2.4722513328401956e-02 1.0000000119143264e+00 7.9228977572771614e-02 5.2174208765745085e-02 2.2482817239034631e+01 35
1 0 1 1 3.4164376014730151e-02 2.4714694314277249e-02 1.0000000127260018e+00 7.9161926829967866e-02 5.2847879303523346e-02 2.2532817234159474e+01 35
1 0 1 1 3.4164021844965572e-02 2.4706708536395103e-02 1.0000000135870049e+00 7.9094916954413785e-02 5.3524842693095494e-02 2.2582817229199520e+01 35
1 0 1 1 3.4163329500311625e-02 2.4698557699413742e-02 1.0000000144999581e+00 7.9027949393102870e-02 5.4205078334257632e-02 2.2632817224157215e+01 35
1 0 1 1 3.4162301411686066e-02 2.4690243501395474e-02 1.0000000154676014e+00 7.8961025586174904e-02 5.4888565659232301e-02 2.2682817219035890e+01 35
1 0 1 1 3.4160940012680087e-02 2.4681767633719959e-02 1.0000000164927978e+00 7.8894146966820788e-02 5.5575284133716041e-02 2.2732817213832909e+01 35
1 0 1 1 3.4159247739258672e-02 2.4673131780996355e-02 1.0000000175785364e+00 7.8827314961166794e-02 5.6265213258242318e-02 2.2782817208558942e+01 35
1 0 1 1 3.4157227029451308e-02 2.4664337620974284e-02 1.0000000187279376e+00 7.8760530988216865e-02 5.6958332568808237e-02 2.2832817203206268e+01 35
1 0 1 1 3.4154873599154978e-02 2.4655386824459041e-02 1.0000000199442571e+00 7.8693796459718107e-02 5.7654621638329524e-02 2.2882817197779698e+01 35
1 0 1 1 3.4152171110224686e-02 2.4646281055237817e-02 1.0000000212308915e+00 7.8627112780091046e-02 5.8354060077528740e-02 2.2932817192288685e+01 35
1 0 1 1 3.4149147821270612e-02 2.4637021969996922e-02 1.0000000225913817e+00 7.8560481346368394e-02 5.9056627535528587e-02 2.2982817186721071e+01 35
1 0 1 1 3.4145806180322112e-02 2.4627611218245540e-02 1.0000000240294187e+00 7.8493903548054050e-02 5.9762303701477677e-02 2.3032817181092604e+01 35
1 0 1 1 3.4142148635870458e-02 2.4618050442249875e-02 1.0000000255488484e+00 7.8427380767106647e-02 6.0471068304736482e-02 2.3082817175395842e+01 35
1 0 1 1 3.4138177636588732e-02 2.4608341276951079e-02 1.0000000271536766e+00 7.8360914377814506e-02 6.1182901116208104e-02 2.3132817169632819e+01 35
1 0 1 1 3.4133895631072081e-02 2.4598485349909178e-02 1.0000000288480742e+00 7.8294505746729803e-02 6.1897781949164885e-02 2.3182817163813237e+01 35
1 0 1 1 3.4129305067567686e-02 2.4588484281235144e-02 1.0000000306363819e+00 7.8228156232623386e-02 6.2615690659702489e-02 2.3232817157928917e+01 35
1 0 1 1 3.4124408393712155e-02 2.4578339683523260e-02 1.0000000325231164e+00 7.8161867186371720e-02 6.3336607147991303e-02 2.3282817151985672e+01 35
1 0 1 1 3.4119208056278168e-02 2.4568053161794789e-02 1.0000000345129758e+00 7.8095639950912649e-02 6.4060511358845551e-02 2.3332817145989114e+01 35
1 0 1 1 3.4113706500923886e-02 2.4557626313444447e-02 1.0000000366108448e+00 7.8029475861189607e-02 6.4787383282285518e-02 2.3382817139931721e+01 35
1 0 1 1 3.4107906171934425e-02 2.4547060728169139e-02 1.0000000388218000e+00 7.7963376244051807e-02 6.5517202954715331e-02 2.3432817133824255e+01 35
1 0 1 1 3.4101809511992140e-02 2.4536357987935135e-02 1.0000000411511170e+00 7.7897342418234761e-02 6.6249950459127169e-02 2.3482817127660940e+01 35
1 0 1 1 3.4095418961925153e-02 2.4525519666910529e-02 1.0000000436042744e+00 7.7831375694265570e-02 6.6985605926195860e-02 2.3532817121447909e+01 35
1 0 1 1 3.4088736960475735e-02 2.4514547331422075e-02 1.0000000461869620e+00 7.7765477374429570e-02 6.7724149534699449e-02 2.3582817115186483e+01 35
1 0 1 1 3.4081765944071231e-02 2.4503442539912382e-02 1.0000000489050849e+00 7.7699648752710904e-02 6.8465561512178932e-02 2.3632817108874136e+01 35
1 0 1 1 3.4074508346587658e-02 2.4492206842884667e-02 1.0000000517647707e+00 7.7633891114726267e-02 6.9209822135714139e-02 2.3682817102514733e+01 34
1 0 1 1 3.4066966599133240e-02 2.4480841782866740e-02 1.0000000547723755e+00 7.7568205737685747e-02 6.9956911732451402e-02 2.3732817096113077e+01 34
1 0 1 1 3.4059143129828003e-02 2.4469348894373803e-02 1.0000000579344905e+00 7.7502593890354549e-02 7.0706810680026697e-02 2.3782817089663475e+01 34
1 0 1 1 3.4051040363583349e-02 2.4457729703859458e-02 1.0000000612579476e+00 7.7437056832978635e-02 7.1459499407500432e-02 2.3832817083174191e+01 34
1 0 1 1 3.4042660721891417e-02 2.4445985729685614e-02 1.0000000647498275e+00 7.7371595817271988e-02 7.2214958395506332e-02 2.3882817076639956e+01 34
1 0 1 1 3.4034006622618421e-02 2.4434118482084665e-02 1.0000000684174644e+00 7.7306212086343196e-02 7.2973168177199246e-02 2.3932817070069042e+01 34
1 0 1 1 3.4025080479797618e-02 2.4422129463128349e-02 1.0000000722684546e+00 7.7240906874686821e-02 7.3734109338354115e-02 2.3982817063454849e+01 34
1 0 1 1 3.4015884674921004e-02 2.4410018588901430e-02 1.0000000763108527e+00 7.7175681408109292e-02 7.4497765620798045e-02 2.4032817259540749e+01 34
1 0 1 1 3.4006421528867639e-02 2.4397776962399025e-02 1.0000000805541274e+00 7.7110537696971959e-02 7.5264129219584072e-02 2.4082818405047309e+01 34
1 0 1 1 3.3996694349427418e-02 2.4385419233583252e-02 1.0000000850049720e+00 7.7045481451772757e-02 7.6033103317094106e-02 2.4132815456029384e+01 34
1 0 1 1 3.3986703852098052e-02 2.4372944739044278e-02 1.0000000896728756e+00 7.6980502651433469e-02 7.6804801390810015e-02 2.4182817036499021e+01 34
1 0 1 1 3.3976453627840859e-02 2.4360356455920395e-02 1.0000000945663015e+00 7.6915610442846671e-02 7.7579110129936027e-02 2.4232817029720906e+01 34
1 0 1 1 3.3965945750652274e-02 2.4347655442982178e-02 1.0000000996947127e+00 7.6850803943837198e-02 7.8356034901855276e-02 2.4282817022906258e+01 34
1 0 1 1 3.3955182602347894e-02 2.4334843144744021e-02 1.0000001050677385e+00 7.6786084327333415e-02 7.9135556676110538e-02 2.4332817016066180e+01 34
1 0 1 1 3.3944166559407317e-02 2.4321920997294553e-02 1.0000001106953258e+00 7.6721452757409547e-02 7.9917656478486129e-02 2.4382817009191182e+01 34
1 0 1 1 3.3932899992795154e-02 2.4308890428268361e-02 1.0000001165877466e+00 7.6656910389214183e-02 8.0702315392026200e-02 2.4432817002290538e+01 34
1 0 1 1 3.3921385267804575e-02 2.4295752856847048e-02 1.0000001227556063e+00 7.6592458368985955e-02 8.1489514556941159e-02 2.4482816995360466e+01 34
1 0 1 1 3.3909624743878278e-02 2.4282509693728659e-02 1.0000001292098497e+00 7.6528097834006714e-02 8.2279235171272419e-02 2.4532816988402395e+01 34
1 0 1 1 3.3897620774456044e-02 2.4269162341123501e-02 1.0000001359617701e+00 7.6463829912587128e-02 8.3071458491293701e-02 2.4582816981424461e+01 34
1 0 1 1 3.3885375706813416e-02 2.4255712192743962e-02 1.0000001430230150e+00 7.6399655724073284e-02 8.3866165831430250e-02 2.4632816974413309e+01 34
1 0 1 1 3.3872891881902414e-02 2.4242160633787042e-02 1.0000001504055955e+00 7.6335576378772751e-02 8.4663338565407115e-02 2.4682816967384227e+01 34
1 0 1 1 3.3860171634206793e-02 2.4228509040934595e-02 1.0000001581218927e+00 7.6271592978001734e-02 8.5462958125807259e-02 2.4732816960331718e+01 34
1 0 1 1 3.3847217291586976e-02 2.4214758782340428e-02 1.0000001661846658e+00 7.6207706614035087e-02 8.6265006004800845e-02 2.4782816953254315e+01 34
1 0 1 1 3.3834031175135656e-02 2.4200911217624726e-02 1.0000001746070599e+00 7.6143918370091990e-02 8.7069463754520168e-02 2.4832816946157628e+01 34
1 0 1 1 3.3820615599036291e-02 2.4186967697869745e-02 1.0000001834026131e+00 7.6080229320341725e-02 8.7876312987182958e-02 2.4882816939042549e+01 34
1 0 1 1 3.3806972870427457e-02 2.4172929565621473e-02 1.0000001925852653e+00 7.6016640529889684e-02 8.8685535375424090e-02 2.4932816931906604e+01 34
1 0 1 1 3.3793105289255061e-02 2.4158798154874726e-02 1.0000002021693641e+00 7.5953153054757944e-02 8.9497112652691710e-02 2.4982816924750452e+01 34
1 0 1 1 3.3779015148153263e-02 2.4144574791087562e-02 1.0000002121696749e+00 7.5889767941879294e-02 9.0311026613594844e-02 2.5032816917580938e+01 34
1 0 1 1 3.3764704732304147e-02 2.4130260791168277e-02 1.0000002226013867e+00 7.5826486229111811e-02 9.1127259113868597e-02 2.5082816910392452e+01 34
1 0 1 1 3.3750176319314512e-02 2.4115857463485144e-02 1.0000002334801201e+00 7.5763308945207108e-02 9.1945792070962928e-02 2.5132816903185748e+01 33
1 0 1 1 3.3735432179090016e-02 2.4101366107863030e-02 1.0000002448219361e+00 7.5700237109811636e-02 9.2766607464322678e-02 2.5182816895969253e+01 33
1 0 1 1 3.3720474573716387e-02 2.4086788015590777e-02 1.0000002566433426e+00 7.5637271733490247e-02 9.3589687335236621e-02 2.5232816888734355e+01 33
1 0 1 1 3.3705305757337579e-02 2.4072124469422015e-02 1.0000002689613028e+00 7.5574413817686259e-02 9.4415013787654142e-02 2.5282816881489858e+01 33
1 0 1 1 3.3689927976046120e-02 2.4057376743587326e-02 1.0000002817932421e+00 7.5511664354758146e-02 9.5242568987861737e-02 2.5332816874227770e+01 33
1 0 1 1 3.3674343467759847e-02 2.4042546103790023e-02 1.0000002951570566e+00 7.5449024327942288e-02 9.6072335165264366e-02 2.5382816866956603e+01 33
1 0 1 1 3.3658554462120453e-02 2.4027633807220072e-02 1.0000003090711196e+00 7.5386494711389224e-02 9.6904294612198377e-02 2.5432816859676638e+01 33
1 0 1 1 3.3642563180388885e-02 2.4012641102568174e-02 1.0000003235542902e+00 7.5324076470159096e-02 9.7738429684160785e-02 2.5482816852380214e+01 33
1 0 1 1 3.3626371835327247e-02 2.3997569230018299e-02 1.0000003386259200e+00 7.5261770560197949e-02 9.8574722800513492e-02 2.5532816845081911e+01 33
1 0 1 1 3.3609982631115677e-02 2.3982419421280165e-02 1.0000003543058607e+00 7.5199577928397987e-02 9.9413156443805703e-02 2.5582816837765137e+01 33
1 0 1 1 3.3593397763233245e-02 2.3967192899577220e-02 1.0000003706144711e+00 7.5137499512531847e-02 1.0025371316108860e-01 2.5632816830449457e+01 33
1 0 1 1 3.3576619418382241e-02 2.3951890879680221e-02 1.0000003875726253e+00 7.5075536241340252e-02 1.0109637556293483e-01 2.5682816823120511e+01 33
1 0 1 1 3.3559649774373063e-02 2.3936514567900097e-02 1.0000004052017188e+00 7.5013689034472669e-02 1.0194112632453516e-01 2.5732816815784545e+01 33
1 0 1 1 3.3542491000050620e-02 2.3921065162118213e-02 1.0000004235236759e+00 7.4951958802529167e-02 1.0278794818550580e-01 2.5782816808446093e+01 33
1 0 1 1 3.3525145255197404e-02 2.3905543851792346e-02 1.0000004425609570e+00 7.4890346447078371e-02 1.0363682394988226e-01 2.5832816801097959e+01 33
1 0 1 1 3.3507614690446393e-02 2.3889951817973466e-02 1.0000004623365653e+00 7.4828852860639616e-02 1.0448773648670848e-01 2.5882816793745864e+01 33
1 0 1 1 3.3489901447198427e-02 2.3874290233319165e-02 1.0000004828740527e+00 7.4767478926718894e-02 1.0534066872989593e-01 2.5932816786391360e+01 33
1 0 1 1 3.3472002937937902e-02 2.3858560262119657e-02 1.0000005041975286e+00 7.4706225519820368e-02 1.0619560367835919e-01 2.5982816779030255e+01 33
1 0 1 1 3.3453921259354917e-02 2.3842763060304497e-02 1.0000005263316640e+00 7.4645093505444043e-02 1.0705252439637652e-01 2.6032816771665512e+01 33
1 0 1 1 3.3435663542308786e-02 2.3826899775463279e-02 1.0000005493016995e+00 7.4584083740111773e-02 1.0791141401364676e-01 2.6082816764302549e+01 33
1 0 1 1 3.3417231889042040e-02 2.3810971546873453e-02 1.0000005731334505e+00 7.4523197071397318e-02 1.0877225572515820e-01 2.6132816756933330e+01 33
1 0 1 1 3.3398628392125360e-02 2.3794979505506953e-02 1.0000005978533144e+00 7.4462434337910777e-02 1.0963503279174870e-01 2.6182816749561738e+01 33
1 0 1 1 3.3379855134400241e-02 2.3778924774060205e-02 1.0000006234882759e+00 7.4401796369333445e-02 1.1049972854005813e-01 2.6232816742193432e+01 33
1 0 1 1 3.3360914188909303e-02 2.3762808466970025e-02 1.0000006500659122e+00 7.4341283986449375e-02 1.1136632636241248e-01 2.6282816734822767e+01 33
1 0 1 1 3.3341807618834290e-02 2.3746631690440036e-02 1.0000006776144001e+00 7.4280898001140544e-02 1.1223480971723619e-01 2.6332816727449551e+01 33
1 0 1 1 3.3322537477427749e-02 2.3730395542452803e-02 1.0000007061625205e+00 7.4220639216409090e-02 1.1310516212920810e-01 2.6382816720082477e+01 33
1 0 1 1 3.3303105807969406e-02 2.3714101112809607e-02 1.0000007357396632e+00 7.4160508426424826e-02 1.1397736718890447e-01 2.6432816712712171e+01 33
1 0 1 1 3.3283514643689630e-02 2.3697749483135699e-02 1.0000007663758332e+00 7.4100506416507284e-02 1.1485140855343381e-01 2.6482816705342529e+01 33
1 0 1 1 3.3263766007725383e-02 2.3681341726912910e-02 1.0000007981016552e+00 7.4040633963166264e-02 1.1572726994633482e-01 2.6532816697979531e+01 33
1 0 1 1 3.3243861913071368e-02 2.3664878909509367e-02 1.0000008309483772e+00 7.3980891834138751e-02 1.1660493515741370e-01 2.6582816690616827e+01 33
1 0 1 1 3.3223804362518067e-02 2.3648362088191655e-02 1.0000008649478762e+00 7.3921280788386168e-02 1.1748438804318626e-01 2.6632816683256888e+01 33
1 0 1 1 3.3203595348611954e-02 2.3631792312163103e-02 1.0000009001326624e+00 7.3861801576130759e-02 1.1836561252680372e-01 2.6682816675901673e+01 33
1 0 1 1 3.3183236853604574e-02 2.3615170622583063e-02 1.0000009365358822e+00 7.3802454938882489e-02 1.1924859259802784e-01 2.6732816668547695e+01 33
1 0 1 1 3.3162730849403112e-02 2.3598498052588696e-02 1.0000009741913227e+00 7.3743241609449478e-02 1.2013331231355762e-01 2.6782816661200911e+01 33
1 0 1 1 3.3142079297540226e-02 2.3581775627336023e-02 1.0000010131334158e+00 7.3684162311984547e-02 1.2101975579680765e-01 2.6832816653860124e+01 32
1 0 1 1 3.3121284149122986e-02 2.3565004364016488e-02 1.0000010533972401e+00 7.3625217762002121e-02 1.2190790723800715e-01 2.6882816646519871e+01 32
1 0 1 1 3.3100347344792551e-02 2.3548185271884528e-02 1.0000010950185250e+00 7.3566408666387362e-02 1.2279775089464359e-01 2.6932816639192314e+01 32
1 0 1 1 3.3079270814698081e-02 2.3531319352295875e-02 1.0000011380336526e+00 7.3507735723466083e-02 1.2368927109074564e-01 2.6982816631864111e+01 32
1 0 1 1 3.3058056478444127e-02 2.3514407598720810e-02 1.0000011824796613e+00 7.3449199622978245e-02 1.2458245221782059e-01 2.7032816624546953e+01 32
1 0 1 1 3.3036706245074501e-02 2.3497450996790056e-02 1.0000012283942470e+00 7.3390801046154475e-02 1.2547727873412573e-01 2.7082816617234094e+01 32
1 0 1 1 3.3015222013028291e-02 2.3480450524311625e-02 1.0000012758157655e+00 7.3332540665711682e-02 1.2637373516527903e-01 2.7132816609933041e+01 32
1 0 1 1 3.2993605670118803e-02 2.3463407151310629e-02 1.0000013247832338e+00 7.3274419145912484e-02 1.2727180610371114e-01 2.7182816602632972e+01 32
1 0 1 1 3.2971859093492643e-02 2.3446321840047357e-02 1.0000013753363319e+00 7.3216437142552743e-02 1.2817147620948222e-01 2.7232816595349178e+01 32
1 0 1 1 3.2949984149619339e-02 2.3429195545062974e-02 1.0000014275154032e+00 7.3158595303049023e-02 1.2907273020928595e-01 2.7282816588066172e+01 32
1 0 1 1 3.2927982694249340e-02 2.3412029213196177e-02 1.0000014813614562e+00 7.3100894266406313e-02 1.2997555289753360e-01 2.7332816580797047e+01 32
1 0 1 1 3.2905856572407605e-02 2.3394823783628161e-02 1.0000015369161630e+00 7.3043334663302928e-02 1.3087992913554641e-01 2.7382816573537923e+01 32
1 0 1 1 3.2883607618359442e-02 2.3377580187904017e-02 1.0000015942218616e+00 7.2985917116098364e-02 1.3178584385185452e-01 2.7432816566284291e+01 32
1 0 1 1 3.2861237655591881e-02 2.3360299349966564e-02 1.0000016533215543e+00 7.2928642238854480e-02 1.3269328204243275e-01 2.7482816559043513e+01 32
1 0 1 1 3.2838748496800546e-02 2.3342982186193437e-02 1.0000017142589070e+00 7.2871510637393111e-02 1.3360222877029077e-01 2.7532816551812164e+01 32
1 0 1 1 3.2816141943870475e-02 2.3325629605426862e-02 1.0000017770782486e+00 7.2814522909311313e-02 1.3451266916579208e-01 2.7582816544593964e+01 32
1 0 1 1 3.2793419787859643e-02 2.3308242509006333e-02 1.0000018418245700e+00 7.2757679644029793e-02 1.3542458842632651e-01 2.7632816537382137e+01 32
1 0 1 1 3.2770583808981693e-02 2.3290821790799707e-02 1.0000019085435214e+00 7.2700981422801153e-02 1.3633797181679597e-01 2.7682816530186589e+01 32
1 0 1 1 3.2747635776603279e-02 2.3273368337243458e-02 1.0000019772814115e+00 7.2644428818779638e-02 1.3725280466896858e-01 2.7732816522999460e+01 32
1 0 1 1 3.2724577449221706e-02 2.3255883027368664e-02 1.0000020480852037e+00 7.2588022397022695e-02 1.3816907238201601e-01 2.7782816515825449e+01 32
1 0 1 1 3.2701410574462797e-02 2.3238366732839216e-02 1.0000021210025145e+00 7.2531762714546144e-02 1.3908676042215681e-01 2.7832816508663772e+01 32
1 0 1 1 3.2678136889068288e-02 2.3220820317983927e-02 1.0000021960816095e+00 7.2475650320352192e-02 1.4000585432274096e-01 2.7882816501514085e+01 32
1 0 1 1 3.2654758118894171e-02 2.3203244639834999e-02 1.0000022733714005e+00 7.2419685755464119e-02 1.4092633968428284e-01 2.7932816494379750e+01 32
1 0 1 1 3.2631275978902217e-02 2.3185640548159827e-02 1.0000023529214408e+00 7.2363869552972526e-02 1.4184820217417679e-01 2.7982816487254496e+01 32
1 0 1 1 3.2607692173151050e-02 2.3168008885490702e-02 1.0000024347819212e+00 7.2308202238048958e-02 1.4277142752711050e-01 2.8032816480146977e+01 32
1 0 1 1 3.2584008394805665e-02 2.3150350487173246e-02 1.0000025190036652e+00 7.2252684328013184e-02 1.4369600154445203e-01 2.8082816473049210e+01 32
1 0 1 1 3.2560226326120344e-02 2.3132666181384796e-02 1.0000026056381237e+00 7.2197316332337613e-02 1.4462191009481193e-01 2.8132816465970194e+01 32
1 0 1 1 3.2536347638457030e-02 2.3114956789187853e-02 1.0000026947373697e+00 7.2142098752718348e-02 1.4554913911339515e-01 2.8182816458902774e+01 32
1 0 1 1 3.2512373992266565e-02 2.3097223124548465e-02 1.0000027863540919e+00 7.2087032083083369e-02 1.4647767460236710e-01 2.8232816451846730e+01 32
1 0 1 1 3.2488307037101191e-02 2.3079465994381217e-02 1.0000028805415884e+00 7.2032116809633950e-02 1.4740750263087979e-01 2.8282816444812703e+01 32
1 0 1 1 3.2464148411627460e-02 2.3061686198591041e-02 1.0000029773537595e+00 7.1977353410913880e-02 1.4833860933441706e-01 2.8332816437790303e+01 32
1 0 1 1 3.2439899743609828e-02 2.3043884530092647e-02 1.0000030768451014e+00 7.1922742357808933e-02 1.4927098091533417e-01 2.8382816430780821e+01 32
1 0 1 1 3.2415562649931978e-02 2.3026061774861478e-02 1.0000031790706969e+00 7.1868284113596637e-02 1.5020460364271290e-01 2.8432816423792051e+01 32
1 0 1 1 3.2391138736600829e-02 2.3008218711964824e-02 1.0000032840862092e+00 7.1813979134005723e-02 1.5113946385180671e-01 2.8482816416813005e+01 32
1 0 1 1 3.2366629598747670e-02 2.2990356113593610e-02 1.0000033919478708e+00 7.1759827867215686e-02 1.5207554794479713e-01 2.8532816409857972e+01 32
1 0 1 1 3.2342036820652981e-02 2.2972474745112159e-02 1.0000035027124770e+00 7.1705830753947264e-02 1.5301284238967414e-01 2.8582816402910485e+01 32
1 0 1 1 3.2317361975734295e-02 2.2954575365075822e-02 1.0000036164373740e+00 7.1651988227440677e-02 1.5395133372138822e-01 2.8632816395989391e+01 32
1 0 1 1 3.2292606626585223e-02 2.2936658725290441e-02 1.0000037331804512e+00 7.1598300713564211e-02 1.5489100854037696e-01 2.8682816389074173e+01 32
1 0 1 1 3.2267772324955014e-02 2.2918725570823490e-02 1.0000038530001287e+00 7.1544768630777272e-02 1.5583185351399265e-01 2.8732816382185849e+01 31
1 0 1 1 3.2242860611797784e-02 2.2900776640068034e-02 1.0000039759553481e+00 7.1491392390247988e-02 1.5677385537495622e-01 2.8782816375309075e+01 31
1 0 1 1 3.2217873017256642e-02 2.2882812664757168e-02 1.0000041021055599e+00 7.1438172395831417e-02 1.5771700092237426e-01 2.8832816368451262e+01 31
1 0 1 1 3.2192811060698011e-02 2.2864834370016390e-02 1.0000042315107120e+00 7.1385109044143358e-02 1.5866127702107696e-01 2.8882816361611990e+01 31
1 0 1 1 3.2167676250719396e-02 2.2846842474390908e-02 1.0000043642312382e+00 7.1332202724592675e-02 1.5960667060163258e-01 2.8932816354789605e+01 31
1 0 1 1 3.2142470085169871e-02 2.2828837689889150e-02 1.0000045003280444e+00 7.1279453819417582e-02 1.6055316866036734e-01 2.8982816347986784e+01 31
1 0 1 1 3.2117194051169612e-02 2.2810820722019311e-02 1.0000046398624962e+00 7.1226862703735183e-02 1.6150075825905885e-01 2.9032816341200018e+01 31
1 0 1 1 3.2091849625123951e-02 2.2792792269822774e-02 1.0000047828964043e+00 7.1174429745569368e-02 1.6244942652508948e-01 2.9082816334433382e+01 31
1 0 1 1 3.2066438272749527e-02 2.2774753025916226e-02 1.0000049294920110e+00 7.1122155305905654e-02 1.6339916065108534e-01 2.9132816327685031e+01 31
1 0 1 1 3.2040961449090175e-02 2.2756703676525054e-02 1.0000050797119762e+00 7.1070039738723417e-02 1.6434994789495014e-01 2.9182816320954984e+01 31
1 0 1 1 3.2015420598544120e-02 2.2738644901525402e-02 1.0000052336193606e+00 7.1018083391038322e-02 1.6530177557981465e-01 2.9232816314248229e+01 31
1 0 1 1 3.1989817154887440e-02 2.2720577374481524e-02 1.0000053912776112e+00 7.0966286602958256e-02 1.6625463109352578e-01 2.9282816307554150e+01 31
1 0 1 1 3.1964152541283757e-02 2.2702501762674368e-02 1.0000055527505458e+00 7.0914649707690680e-02 1.6720850188920625e-01 2.9332816300882069e+01 31
1 0 1 1 3.1938428170327639e-02 2.2684418727152038e-02 1.0000057181023352e+00 7.0863173031616988e-02 1.6816337548462673e-01 2.9382816294234704e+01 31
1 0 1 1 3.1912645444064032e-02 2.2666328922762571e-02 1.0000058873974864e+00 7.0811856894335057e-02 1.6911923946190568e-01 2.9432816287599199e+01 31
1 0 1 1 3.1886805754000519e-02 2.2648232998183606e-02 1.0000060607008263e+00 7.0760701608663545e-02 1.7007608146814357e-01 2.9482816280986572e+01 31
1 0 1 1 3.1860910481152832e-02 2.2630131595973636e-02 1.0000062380774826e+00 7.0709707480722361e-02 1.7103388921463508e-01 2.9532816274397327e+01 31
1 0 1 1 3.1834960996064504e-02 2.2612025352600203e-02 1.0000064195928653e+00 7.0658874809967270e-02 1.7199265047679935e-01 2.9582816267825429e+01 31
1 0 1 1 3.1808958658833673e-02 2.2593914898481976e-02 1.0000066053126488e+00 7.0608203889216015e-02 1.7295235309439091e-01 2.9632816261275241e+01 31
1 0 1 1 3.1782904819144739e-02 2.2575800858024828e-02 1.0000067953027514e+00 7.0557695004706600e-02 1.7391298497098387e-01 2.9682816254742537e+01 31
1 0 1 1 3.1756800816290155e-02 2.2557683849654560e-02 1.0000069896293160e+00 7.0507348436122941e-02 1.7487453407420725e-01 2.9732816248233956e+01 31
1 0 1 1 3.1730647979214613e-02 2.2539564485864600e-02 1.0000071883586901e+00 7.0457164456658006e-02 1.7583698843523629e-01 2.9782816241747739e+01 31
1 0 1 1 3.1704447626540053e-02 2.2521443373250599e-02 1.0000073915574044e+00 7.0407143333046984e-02 1.7680033614877716e-01 2.9832816235280312e+01 31
1 0 1 1 3.1678201066588509e-02 2.2503321112539269e-02 1.0000075992921515e+00 7.0357285325601704e-02 1.7776456537296867e-01 2.9882816228829363e+01 31
1 0 1 1 3.1651909597420078e-02 2.2485198298632686e-02 1.0000078116297648e+00 7.0307590688246907e-02 1.7872966432959622e-01 2.9932816222411972e+01 31
1 0 1 1 3.1625574506883067e-02 2.2467075520655511e-02 1.0000080286371957e+00 7.0258059668610984e-02 1.7969562130279543e-01 2.9982816216005890e+01 31
1 0 1 1 3.1599197072613203e-02 2.2448953361970746e-02 1.0000082503814913e+00 7.0208692507996773e-02 1.8066242464031709e-01 3.0032816209622567e+01 31
1 0 1 1 3.1572778562092313e-02 2.2430832400232241e-02 1.0000084769297712e+00 7.0159489441469880e-02 1.8163006275258659e-01 3.0082816203266873e+01 31
1 0 1 1 3.1546320232681779e-02 2.2412713207422733e-02 1.0000087083492040e+00 7.0110450697904642e-02 1.8259852411234587e-01 3.0132816196926626e+01 31
1 0 1 1 3.1519823331644277e-02 2.2394596349881807e-02 1.0000089447069831e+00 7.0061576499991479e-02 1.8356779725528516e-01 3.0182816190613355e+01 31
1 0 1 1 3.1493289096196538e-02 2.2376482388354303e-02 1.0000091860703022e+00 7.0012867064318501e-02 1.8453787077909112e-01 3.0232816184321795e+01 31
1 0 1 1 3.1466718753531631e-02 2.2358371878017678e-02 1.0000094325063307e+00 6.9964322601391793e-02 1.8550873334358622e-01 3.0282816178045646e+01 31
1 0 1 1 3.1440113520853290e-02 2.2340265368518106e-02 1.0000096840821879e+00 6.9915943315663726e-02 1.8648037367107298e-01 3.0332816171803739e+01 31
1 0 1 1 3.1413474605440014e-02 2.2322163404026912e-02 1.0000099408649183e+00 6.9867729405629436e-02 1.8745278054490566e-01 3.0382816165574908e+01 31
1 0 1 1 3.1386803204644216e-02 2.2304066523248817e-02 1.0000102029214637e+00 6.9819681063800709e-02 1.8842594281076303e-01 3.0432816159372909e+01 31
1 0 1 1 3.1360100505961247e-02 2.2285975259482636e-02 1.0000104703186374e+00 6.9771798476799318e-02 1.8939984937547158e-01 3.0482816153194122e+01 31
1 0 1 1 3.1333367687051923e-02 2.2267890140643481e-02 1.0000107431230978e+00 6.9724081825379147e-02 1.9037448920718095e-01 3.0532816147036407e+01 31
1 0 1 1 3.1306604809527502e-02 2.2249811689308500e-02 1.0000110214013196e+00 6.9676531284466381e-02 1.9134985133526800e-01 3.0582816140902036e+01 31
1 0 1 1 3.1279808764213164e-02 2.2231740422747281e-02 1.0000113052195669e+00 6.9629147023208160e-02 1.9232592485003991e-01 3.0632816134792769e+01 31
1 0 1 1 3.1252986005783093e-02 2.2213676852963247e-02 1.0000115946438644e+00 6.9581929205017934e-02 1.9330269890246859e-01 3.0682816128704950e+01 31
1 0 1 1 3.1226137674926515e-02 2.2195621486727119e-02 1.0000118897399688e+00 6.9534877987607130e-02 1.9428016270428594e-01 3.0732816122643726e+01 31
1 0 1 1 3.1199264902686905e-02 2.2177574825615894e-02 1.0000121905733392e+00 6.9487993523043468e-02 1.9525830552731666e-01 3.0782816116598589e+01 31
1 0 1 1 3.1172368810491381e-02 2.2159537366042804e-02 1.0000124972091091e+00 6.9441275957761561e-02 1.9623711670419300e-01 3.0832816110588929e+01 30
1 0 1 1 3.1145450510215892e-02 2.2141509599307191e-02 1.0000128097120546e+00 6.9394725432662285e-02 1.9721658562665409e-01 3.0882816104587508e+01 30
1 0 1 1 3.1118511104190776e-02 2.2123492011609944e-02 1.0000131281465652e+00 6.9348342083071279e-02 1.9819670174750439e-01 3.0932816098629015e+01 30
1 0 1 1 3.1091551685292106e-02 2.2105485084117856e-02 1.0000134525766129e+00 6.9302126038888634e-02 1.9917745457774239e-01 3.0982816092674618e+01 30
1 0 1 1 3.1064573336921929e-02 2.2087489292962011e-02 1.0000137830657214e+00 6.9256077424508067e-02 2.0015883368924745e-01 3.1032816086757780e+01 30
1 0 1 1 3.1037577133114506e-02 2.2069505109314259e-02 1.0000141196769345e+00 6.9210196358969300e-02 2.0114082871222308e-01 3.1082816080864120e+01 30
1 0 1 1 3.1010564138540909e-02 2.2051532999397026e-02 1.0000144624727847e+00 6.9164482955941242e-02 2.0212342933611827e-01 3.1132816074988568e+01 30
1 0 1 1 3.0983535408554395e-02 2.2033573424520919e-02 1.0000148115152603e+00 6.9118937323762175e-02 2.0310662530951690e-01 3.1182816069139545e+01 30
1 0 1 1 3.0956491989246018e-02 2.2015626841127005e-02 1.0000151668657746e+00 6.9073559565503706e-02 2.0409040643947679e-01 3.1232816063315656e+01 30
1 0 1 1 3.0929434917486478e-02 2.1997693700822836e-02 1.0000155285851313e+00 6.9028349779002740e-02 2.0507476259161697e-01 3.1282816057519824e+01 30
1 0 1 1 3.0902365220970594e-02 2.1979774450415185e-02 1.0000158967334929e+00 6.8983308056912690e-02 2.0605968368957420e-01 3.1332816051742665e+01 30
1 0 1 1 3.0875283918250198e-02 2.1961869531938918e-02 1.0000162713703469e+00 6.8938434486719991e-02 2.0704515971539436e-01 3.1382816045992243e+01 30
1 0 1 1 3.0848192018795229e-02 2.1943979382703989e-02 1.0000166525544720e+00 6.8893729150810379e-02 2.0803118070883103e-01 3.1432816040268548e+01 30
1 0 1 1 3.0821090523032481e-02 2.1926104435323529e-02 1.0000170403439048e+00 6.8849192126504699e-02 2.0901773676721352e-01 3.1482816034567907e+01 30
1 0 1 1 3.0793980422386014e-02 2.1908245117746500e-02 1.0000174347959048e+00 6.8804823486091848e-02 2.1000481804534654e-01 3.1532816028888107e+01 30
1 0 1 1 3.0766862699324177e-02 2.1890401853295209e-02 1.0000178359669203e+00 6.8760623296865719e-02 2.1099241475561484e-01 3.1582816023243858e+01 30
1 0 1 1 3.0739738327422300e-02 2.1872575060707090e-02 1.0000182439125540e+00 6.8716591621203721e-02 2.1198051716667088e-01 3.1632816017611820e+01 30
1 0 1 1 3.0712608271372861e-02 2.1854765154148779e-02 1.0000186586875279e+00 6.8672728516542075e-02 2.1296911560492598e-01 3.1682816012016051e+01 30
1 0 1 1 3.0685473487076134e-02 2.1836972543278821e-02 1.0000190803456479e+00 6.8629034035489367e-02 2.1395820045258770e-01 3.1732816006439506e+01 30
1 0 1 1 3.0658334921648413e-02 2.1819197633256199e-02 1.0000195089397683e+00 6.8585508225810804e-02 2.1494776214863226e-01 3.1782816000884257e+01 30
1 0 1 1 3.0631193513481574e-02 2.1801440824783042e-02 1.0000199445217570e+00 6.8542151130484036e-02 2.1593779118851519e-01 3.1832815995367596e+01 30
1 0 1 1 3.0604050192311202e-02 2.1783702514152258e-02 1.0000203871424587e+00 6.8498962787779366e-02 2.1692827812269955e-01 3.1882815989858578e+01 30
1 0 1 1 3.0576905879215015e-02 2.1765983093251031e-02 1.0000208368516597e+00 6.8455943231215954e-02 2.1791921355869562e-01 3.1932815984391631e+01 30
1 0 1 1 3.0549761486719788e-02 2.1748282949632564e-02 1.0000212936980510e+00 6.8413092489702815e-02 2.1891058815833317e-01 3.1982815978940042e+01 30
1 0 1 1 3.0522617918793200e-02 2.1730602466511074e-02 1.0000217577291932e+00 6.8370410587494351e-02 2.1990239263946798e-01 3.2032815973513799e+01 30
1 0 1 1 3.0495476070924784e-02 2.1712942022822621e-02 1.0000222289914784e+00 6.8327897544270488e-02 2.2089461777508440e-01 3.2082815968123633e+01 30
1 0 1 1 3.0468336830174015e-02 2.1695301993252446e-02 1.0000227075300949e+00 6.8285553375195207e-02 2.2188725439230475e-01 3.2132815962744218e+01 30
1 0 1 1 3.0441201075185231e-02 2.1677682748251305e-02 1.0000231933889903e+00 6.8243378090891371e-02 2.2288029337387510e-01 3.2182815957398510e+01 30
1 0 1 1 3.0414069676274830e-02 2.1660084654092526e-02 1.0000236866108339e+00 6.8201371697547725e-02 2.2387372565639030e-01 3.2232815952080294e+01 30
1 0 1 1 3.0386943495460027e-02 2.1642508072891583e-02 1.0000241872369811e+00 6.8159534196929550e-02 2.2486754223064034e-01 3.2282815946782776e+01 30
1 0 1 1 3.0359823386500642e-02 2.1624953362635712e-02 1.0000246953074352e+00 6.8117865586407644e-02 2.2586173414171473e-01 3.2332815941514923e+01 30
1 0 1 1 3.0332710194962066e-02 2.1607420877225548e-02 1.0000252108608116e+00 6.8076365859021576e-02 2.2685629248814923e-01 3.2382815936269921e+01 30
1 0 1 1 3.0305604758251222e-02 2.1589910966501185e-02 1.0000257339342997e+00 6.8035035003497335e-02 2.2785120842223203e-01 3.2432815931051330e+01 30
1 0 1 1 3.0278507905669248e-02 2.1572423976274464e-02 1.0000262645636264e+00 6.7993873004298155e-02 2.2884647314951340e-01 3.2482815925860585e+01 30
1 0 1 1 3.0251420458461856e-02 2.1554960248364674e-02 1.0000268027830190e+00 6.7952879841664343e-02 2.2984207792852818e-01 3.2532815920693771e+01 30
1 0 1 1 3.0224343229862342e-02 2.1537520120626506e-02 1.0000273486251678e+00 6.7912055491642531e-02 2.3083801407077681e-01 3.2582815915551983e+01 30
1 0 1 1 3.0197277025139951e-02 2.1520103926980994e-02 1.0000279021211902e+00 6.7871399926128395e-02 2.3183427294048362e-01 3.2632815910441053e+01 30
1 0 1 1 3.0170222641657536e-02 2.1502711997453704e-02 1.0000284633005916e+00 6.7830913112917390e-02 2.3283084595392237e-01 3.2682815905348697e+01 30
1 0 1 1 3.0143180868901137e-02 2.1485344658195009e-02 1.0000290321912313e+00 6.7790595015712107e-02 2.3382772458009643e-01 3.2732815900289744e+01 30
1 0 1 1 3.0116152488549545e-02 2.1468002231521982e-02 1.0000296088192830e+00 6.7750445594200126e-02 2.3482490033930073e-01 3.2782815895246387e+01 30
1 0 1 1 3.0089138274496732e-02 2.1450685035937025e-02 1.0000301932092004e+00 6.7710464804042747e-02 2.3582236480441879e-01 3.2832815890243332e+01 30
1 0 1 1 3.0062138992937408e-02 2.1433393386178366e-02 1.0000307853836787e+00 6.7670652596978131e-02 2.3682010959882799e-01 3.2882815885255496e+01 30
1 0 1 1 3.0035155402373725e-02 2.1416127593227540e-02 1.0000313853636196e+00 6.7631008920789992e-02 2.3781812639789715e-01 3.2932815880293319e+01 30
1 0 1 1 3.0008188253683964e-02 2.1398887964349876e-02 1.0000319931680941e+00 6.7591533719381314e-02 2.3881640692800440e-01 3.2982815875366242e+01 30
1 0 1 1 2.9981238290185216e-02 2.1381674803138066e-02 1.0000326088143072e+00 6.7552226932825005e-02 2.3981494296578232e-01 3.3032815870454662e+01 30
1 0 1 1 2.9954306247643205e-02 2.1364488409512765e-02 1.0000332323175618e+00 6.7513088497354240e-02 2.4081372633918777e-01 3.3082815865576933e+01 29
1 0 1 1 2.9927392854359462e-02 2.1347329079781711e-02 1.0000338636912225e+00 6.7474118345449530e-02 2.4181274892585752e-01 3.3132815860716860e+01 29
1 0 1 1 2.9900498831185982e-02 2.1330197106646066e-02 1.0000345029466815e+00 6.7435316405828782e-02 2.4281200265421843e-01 3.3182815855891477e+01 29
1 0 1 1 2.9873624428271697e-02 2.1313088470070032e-02 1.0000351503960956e+00 6.7396682603529601e-02 2.4381149694952084e-01 3.3232816691708450e+01 29
1 0 1 1 2.9846771951765605e-02 2.1296006568667172e-02 1.0000358058707945e+00 6.7358218807044595e-02 2.4481116416659837e-01 3.3282815398575487e+01 29
1 0 1 1 2.9819940249199695e-02 2.1278952431037682e-02 1.0000364692845036e+00 6.7319921960072249e-02 2.4581106517602244e-01 3.3332815432532882e+01 29
1 0 1 1 2.9793130526750530e-02 2.1261926664221442e-02 1.0000371406284188e+00 6.7281792718068251e-02 2.4681117297923114e-01 3.3382815836683854e+01 29
1 0 1 1 2.9766343886492283e-02 2.1244929809222060e-02 1.0000378198934139e+00 6.7243831585341030e-02 2.4781146416932628e-01 3.3432815831977216e+01 29
1 0 1 1 2.9739580786316572e-02 2.1227961999014697e-02 1.0000385070841102e+00 6.7206038156284453e-02 2.4881193914899905e-01 3.3482815827310965e+01 29
1 0 1 1 2.9712841896364965e-02 2.1211023502530270e-02 1.0000392021974591e+00 6.7168412334322386e-02 2.4981259019115809e-01 3.3532815822667736e+01 29
1 0 1 1 2.9686127879716927e-02 2.1194114585318603e-02 1.0000399052281668e+00 6.7130954019411881e-02 2.5081340961722010e-01 3.3582815818040118e+01 29
1 0 1 1 2.9659439392433817e-02 2.1177235509575575e-02 1.0000406161686624e+00 6.7093663108072354e-02 2.5181438979733051e-01 3.3632815813452900e+01 29
1 0 1 1 2.9632777083642349e-02 2.1160386534191427e-02 1.0000413350090651e+00 6.7056539493473510e-02 2.5281552314839884e-01 3.3682815808876697e+01 29
1 0 1 1 2.9606141595531755e-02 2.1143567914750416e-02 1.0000420617371555e+00 6.7019583065396349e-02 2.5381680213616620e-01 3.3732815804341826e+01 29
1 0 1 1 2.9579533563456051e-02 2.1126779903591197e-02 1.0000427963383414e+00 6.6982793710345823e-02 2.5481821927249965e-01 3.3782815799814585e+01 29
1 0 1 1 2.9552953615919062e-02 2.1110022749795926e-02 1.0000435387956317e+00 6.6946171311498881e-02 2.5581976711775944e-01 3.3832815795326788e+01 29
1 0 1 1 2.9526402374679357e-02 2.1093296699254117e-02 1.0000442890896035e+00 6.6909715748820098e-02 2.5682143827819709e-01 3.3882815790857045e+01 29
1 0 1 1 2.9499880454756204e-02 2.1076601994664358e-02 1.0000450471983753e+00 6.6873426899034777e-02 2.5782322540745628e-01 3.3932815786416370e+01 29
1 0 1 1 2.9473388464497867e-02 2.1059938875575213e-02 1.0000458130975782e+00 6.6837304635696593e-02 2.5882512120531470e-01 3.3982815781996791e+01 29
1 0 1 1 2.9446927005613625e-02 2.1043307578402518e-02 1.0000465867603288e+00 6.6801348829197749e-02 2.5982711841811623e-01 3.4032815777603702e+01 29
1 0 1 1 2.9420496673229907e-02 2.1026708336463015e-02 1.0000473681572017e+00 6.6765559346815995e-02 2.6082920983823410e-01 3.4082815773239986e+01 29
1 0 1 1 2.9394098055937984e-02 2.1010141380000954e-02 1.0000481572562043e+00 6.6729936052750294e-02 2.6183138830363345e-01 3.4132815768895298e+01 29
1 0 1 1 2.9367731735824128e-02 2.0993606936203980e-02 1.0000489540227513e+00 6.6694478808131841e-02 2.6283364669815318e-01 3.4182815764571032e+01 29
1 0 1 1 2.9341398288521257e-02 2.0977105229234908e-02 1.0000497584196397e+00 6.6659187471062198e-02 2.6383597795141672e-01 3.4232815760286186e+01 29
1 0 1 1 2.9315098283281004e-02 2.0960636480272993e-02 1.0000505704070259e+00 6.6624061896681075e-02 2.6483837503731461e-01 3.4282815756012532e+01 29
1 0 1 1 2.9288832282969517e-02 2.0944200907506507e-02 1.0000513899424033e+00 6.6589101937134881e-02 2.6584083097563010e-01 3.4332815751767285e+01 29
1 0 1 1 2.9262600844152626e-02 2.0927798726187861e-02 1.0000522169805790e+00 6.6554307441654775e-02 2.6684333883060002e-01 3.4382815747550197e+01 29
1 0 1 1 2.9236404517127855e-02 2.0911430148645965e-02 1.0000530514736545e+00 6.6519678256577452e-02 2.6784589171074641e-01 3.4432815743347390e+01 29
1 0 1 1 2.9210243845955563e-02 2.0895095384307574e-02 1.0000538933710048e+00 6.6485214225349698e-02 2.6884848276965656e-01 3.4482815739178946e+01 29
1 0 1 1 2.9184119368530520e-02 2.0878794639733512e-02 1.0000547426192594e+00 6.6450915188603299e-02 2.6985110520425570e-01 3.4532815735025210e+01 29
1 0 1 1 2.9158031616594991e-02 2.0862528118628262e-02 1.0000555991622850e+00 6.6416780984137530e-02 2.7085375225619490e-01 3.4582815730904748e+01 29
1 0 1 1 2.9131981115816805e-02 2.0846296021884383e-02 1.0000564629411677e+00 6.6382811446994316e-02 2.7185641721016623e-01 3.4632815726800857e+01 29
1 0 1 1 2.9105968385799697e-02 2.0830098547584545e-02 1.0000573338941978e+00 6.6349006409447353e-02 2.7285909339487235e-01 3.4682815722720740e+01 29
1 0 1 1 2.9079993940147483e-02 2.0813935891040067e-02 1.0000582119568548e+00 6.6315365701052703e-02 2.7386177418218460e-01 3.4732815718662600e+01 29
1 0 1 1 2.9054058286498256e-02 2.0797808244808265e-02 1.0000590970617937e+00 6.6281889148669559e-02 2.7486445298726359e-01 3.4782815714632278e+01 29
1 0 1 1 2.9028161926577194e-02 2.0781715798721345e-02 1.0000599891388324e+00 6.6248576576500906e-02 2.7586712326788165e-01 3.4832815710619492e+01 29
1 0 1 1 2.9002305356224705e-02 2.0765658739902191e-02 1.0000608881149411e+00 6.6215427806100624e-02 2.7686977852499245e-01 3.4882815706635483e+01 29
1 0 1 1 2.8976489065458730e-02 2.0749637252798683e-02 1.0000617939142309e+00 6.6182442656427226e-02 2.7787241230153326e-01 3.4932815702663177e+01 29
1 0 1 1 2.8950713538487459e-02 2.0733651519188732e-02 1.0000627064579470e+00 6.6149620943834558e-02 2.7887501818350235e-01 3.4982815698720692e+01 29
1 0 1 1 2.8924979253783126e-02 2.0717701718221914e-02 1.0000636256644593e+00 6.6116962482139358e-02 2.7987758979863575e-01 3.5032815694805059e+01 29
1 0 1 1 2.8899282641448549e-02 2.0701788026438340e-02 1.0000645514492563e+00 6.6084467082635379e-02 2.8088012081616542e-01 3.5082815690888715e+01 29
1 0 1 1 2.8873621192667870e-02 2.0685910617764883e-02 1.0000654837249425e+00 6.6052134554071662e-02 2.8188260494879364e-01 3.5132815687028291e+01 29
1 0 1 1 2.8848002433920859e-02 2.0670069663594921e-02 1.0000664224012312e+00 6.6019964702792644e-02 2.8288503594828335e-01 3.5182815683153045e+01 29
1 0 1 1 2.8822426821579494e-02 2.0654265332733915e-02 1.0000673673849461e+00 6.5987957332612812e-02 2.8388740761051090e-01 3.5232815679326755e+01 29
1 0 1 1 2.8796894806512371e-02 2.0638497791496308e-02 1.0000683185800168e+00 6.5956112244988319e-02 2.8488971377042949e-01 3.5282815675504551e+01 29
1 0 1 1 2.8771406834034799e-02 2.0622767203667767e-02 1.0000692758874834e+00 6.5924429238933185e-02 2.8589194830532721e-01 3.5332815671705674e+01 29
1 0 1 1 2.8745963343998333e-02 2.0607073730561767e-02 1.0000702392054961e+00 6.5892908111099713e-02 2.8689410513308083e-01 3.5382815667933194e+01 29
1 0 1 1 2.8720564770823246e-02 2.0591417531031230e-02 1.0000712084293188e+00 6.5861548655798630e-02 2.8789617821182778e-01 3.5432815664168032e+01 28
1 0 1 1 2.8695211543513292e-02 2.0575798761476912e-02 1.0000721834513364e+00 6.5830350664989989e-02 2.8889816154130049e-01 3.5482815660443215e+01 28
1 0 1 1 2.8669904085750014e-02 2.0560217575900798e-02 1.0000731641610592e+00 6.5799313928373515e-02 2.8990004916000700e-01 3.5532815656711414e+01 28
1 0 1 1 2.8644642815851815e-02 2.0544674125876381e-02 1.0000741504451327e+00 6.5768438233316490e-02 2.9090183514845969e-01 3.5582815653015203e+01 28
1 0 1 1 2.8619428146890901e-02 2.0529168560618743e-02 1.0000751421873471e+00 6.5737723364969997e-02 2.9190351362606254e-01 3.5632815649338909e+01 28
1 0 1 1 2.8594260486695475e-02 2.0513701026980975e-02 1.0000761392686479e+00 6.5707169106246882e-02 2.9290507875208943e-01 3.5682815645665741e+01 28
1 0 1 1 2.8569140237869585e-02 2.0498271669462029e-02 1.0000771415671514e+00 6.5676775237824558e-02 2.9390652472648809e-01 3.5732815642026409e+01 28
1 0 1 1 2.8544067797880591e-02 2.0482880630257556e-02 1.0000781489581563e+00 6.5646541538224967e-02 2.9490784578763768e-01 3.5782815638394382e+01 28
1 0 1 1 2.8519043559051480e-02 2.0467528049252823e-02 1.0000791613141629e+00 6.5616467783779414e-02 2.9590903621423686e-01 3.5832815634787167e+01 28
1 0 1 1 2.8494067908629728e-02 2.0452214064058047e-02 1.0000801785048896e+00 6.5586553748692433e-02 2.9691009032362775e-01 3.5882815631191576e+01 28
1 0 1 1 2.8469141228803511e-02 2.0436938810016493e-02 1.0000812003972934e+00 6.5556799205033434e-02 2.9791100247247881e-01 3.5932815627604043e+01 28
1 0 1 1 2.8444263896734896e-02 2.0421702420220757e-02 1.0000822268555920e+00 6.5527203922756627e-02 2.9891176705711825e-01 3.5982815624055135e+01 28
1 0 1 1 2.8419436284643225e-02 2.0406505025560743e-02 1.0000832577412850e+00 6.5497767669773443e-02 2.9991237851126212e-01 3.6032815620502426e+01 28
1 0 1 1 2.8394658759771711e-02 2.0391346754697084e-02 1.0000842929131817e+00 6.5468490211893049e-02 3.0091283130858709e-01 3.6082815616966990e+01 28
1 0 1 1 2.8369931684469087e-02 2.0376227734110415e-02 1.0000853322274261e+00 6.5439371312893707e-02 3.0191311996110198e-01 3.6132815613457765e+01 28
1 0 1 1 2.8345255416226952e-02 2.0361148088118022e-02 1.0000863755375258e+00 6.5410410734547009e-02 3.0291323901869488e-01 3.6182815609956577e+01 28
1 0 1 1 2.8320630307692694e-02 2.0346107938877710e-02 1.0000874226943821e+00 6.5381608236607103e-02 3.0391318306977128e-01 3.6232815606456150e+01 28
1 0 1 1 2.8296056706699317e-02 2.0331107406405705e-02 1.0000884735463245e+00 6.5352963576824519e-02 3.0491294674186903e-01 3.6282815602996472e+01 28
1 0 1 1 2.8271534956355066e-02 2.0316146608621979e-02 1.0000895279391393e+00 6.5324476511030488e-02 3.0591252469866298e-01 3.6332815599523094e+01 28
1 0 1 1 2.8247065394994712e-02 2.0301225661322395e-02 1.0000905857161120e+00 6.5296146793054566e-02 3.0691191164378051e-01 3.6382815596081961e+01 28
1 0 1 1 2.8222648356292422e-02 2.0286344678239459e-02 1.0000916467180589e+00 6.5267974174837345e-02 3.0791110231719176e-01 3.6432815592646520e+01 28
1 0 1 1 2.8198284169246798e-02 2.0271503771031447e-02 1.0000927107833701e+00 6.5239958406387966e-02 3.0891009149703968e-01 3.6482815589214077e+01 28
1 0 1 1 2.8173973158219491e-02 2.0256703049301876e-02 1.0000937777480499e+00 6.5212099235808701e-02 3.0990887399953215e-01 3.6532815585806354e+01 28
1 0 1 1 2.8149715642997727e-02 2.0241942620633526e-02 1.0000948474457583e+00 6.5184396409344925e-02 3.1090744467747655e-01 3.6582815582401771e+01 28
1 0 1 1 2.8125511938791026e-02 2.0227222590581635e-02 1.0000959197078569e+00 6.5156849671361206e-02 3.1190579842180710e-01 3.6632815579017709e+01 28
1 0 1 1 2.8101362207894252e-02 2.0212541964899911e-02 1.0000969946023757e+00 6.5129458764394410e-02 3.1290393604609329e-01 3.6682815845951737e+01 28
1 0 1 1 2.8077266428461464e-02 2.0197895763523814e-02 1.0000980731207629e+00 6.5102223872963078e-02 3.1390186487570831e-01 3.6732816881257286e+01 28
1 0 1 1 2.8053227284664708e-02 2.0183291459209898e-02 1.0000991536325872e+00 6.5075146430741915e-02 3.1489948251841776e-01 3.6782813946611604e+01 28
1 0 1 1 2.8029240976488283e-02 2.0168726660645103e-02 1.0001002361446913e+00 6.5048221561257502e-02 3.1589695408649671e-01 3.6832815565703143e+01 28
1 0 1 1 2.8005310764454065e-02 2.0154203266285035e-02 1.0001013203440652e+00 6.5021452339177499e-02 3.1689415142781668e-01 3.6882815562371029e+01 28
1 0 1 1 2.7981436157917552e-02 2.0139720896778891e-02 1.0001024060843293e+00 6.4994837621873996e-02 3.1789110202367521e-01 3.6932815559022131e+01 28
1 0 1 1 2.7957617441057191e-02 2.0125279644100585e-02 1.0001034931820576e+00 6.4968377141090633e-02 3.1888780102428194e-01 3.6982815555715405e+01 28
1 0 1 1 2.7933854893799067e-02 2.0110879598358208e-02 1.0001045814519272e+00 6.4942070626890058e-02 3.1988424361397039e-01 3.7032815552387696e+01 28
1 0 1 1 2.7910148791746060e-02 2.0096520847748177e-02 1.0001056707067837e+00 6.4915917807554818e-02 3.2088042501560887e-01 3.7082815549078902e+01 28
1 0 1 1 2.7886499406283322e-02 2.0082203478616840e-02 1.0001067607576992e+00 6.4889918409682945e-02 3.2187634048736952e-01 3.7132815545773269e+01 28
1 0 1 1 2.7862907004569677e-02 2.0067927575447692e-02 1.0001078514140376e+00 6.4864072158162145e-02 3.2287198532405365e-01 3.7182815542471658e+01 28
1 0 1 1 2.7839371849578905e-02 2.0053693220888149e-02 1.0001089424835197e+00 6.4838378776191141e-02 3.2386735485690771e-01 3.7232815539183697e+01 28
1 0 1 1 2.7815894200140634e-02 2.0039500495765004e-02 1.0001100337722888e+00 6.4812837985306238e-02 3.2486244445246487e-01 3.7282815535875372e+01 28
1 0 1 1 2.7792474310919909e-02 2.0025349479072214e-02 1.0001111250849819e+00 6.4787449505340988e-02 3.2585724951519779e-01 3.7332815532604727e+01 28
1 0 1 1 2.7769112432535017e-02 2.0011240248037836e-02 1.0001122162247946e+00 6.4762213054532058e-02 3.2685176548336498e-01 3.7382815529316439e+01 28
1 0 1 1 2.7745808811495916e-02 1.9997172878082493e-02 1.0001133069935582e+00 6.4737128349434181e-02 3.2784598783278956e-01 3.7432815526035377e+01 28
1 0 1 1 2.7722563690283461e-02 1.9983147442862642e-02 1.0001143971918076e+00 6.4712195104987214e-02 3.2883991207449398e-01 3.7482815522751430e+01 28
1 0 1 1 2.7699377307354587e-02 1.9969164014271852e-02 1.0001154866188593e+00 6.4687413034501817e-02 3.2983353375585811e-01 3.7532815519479982e+01 28
1 0 1 1 2.7676249897194072e-02 1.9955222662468942e-02 1.0001165750728840e+00 6.4662781849695927e-02 3.3082684845957711e-01 3.7582815516212321e+01 28
1 0 1 1 2.7653181690328817e-02 1.9941323455879782e-02 1.0001176623509849e+00 6.4638301260690034e-02 3.3181985180371171e-01 3.7632815512921987e+01 28
1 0 1 1 2.7630172913321437e-02 1.9927466461192450e-02 1.0001187482492768e+00 6.4613970975984369e-02 3.3281253944350742e-01 3.7682815509658674e+01 28
1 0 1 1 2.7607223788870709e-02 1.9913651743414681e-02 1.0001198325629637e+00 6.4589790702543448e-02 3.3380490706813931e-01 3.7732815506386196e+01 28
1 0 1 1 2.7584334535773962e-02 1.9899879365844558e-02 1.0001209150864201e+00 6.4565760145741724e-02 3.3479695040326185e-01 3.7782815503115245e+01 28
1 0 1 1 2.7561505368986949e-02 1.9886149390106720e-02 1.0001219956132734e+00 6.4541879009402198e-02 3.3578866520960154e-01 3.7832815499832734e+01 28
1 0 1 1 2.7538736499623566e-02 1.9872461876144963e-02 1.0001230739364870e+00 6.4518146995783010e-02 3.3678004728392646e-01 3.7882815496555182e+01 28
1 0 1 1 2.7516028135005439e-02 1.9858816882251433e-02 1.0001241498484428e+00 6.4494563805611582e-02 3.3777109245834125e-01 3.7932815493294427e+01 27
1 0 1 1 2.7493380478705334e-02 1.9845214465088228e-02 1.0001252231410265e+00 6.4471129138105404e-02 3.3876179659905037e-01 3.7982815489996959e+01 27
1 0 1 1 2.7470793730495727e-02 1.9831654679651103e-02 1.0001262936057158e+00 6.4447842690908475e-02 3.3975215560989924e-01 3.8032815486726584e+01 27
1 0 1 1 2.7448268086476865e-02 1.9818137579346109e-02 1.0001273610336627e+00 6.4424704160198909e-02 3.4074216542770047e-01 3.8082815483428405e+01 27
1 0 1 1 2.7425803739005751e-02 1.9804663215941501e-02 1.0001284252157865e+00 6.4401713240604619e-02 3.4173182202678448e-01 3.8132815480162236e+01 27
1 0 1 1 2.7403393887236165e-02 1.9791231639637367e-02 1.0001294859428556e+00 6.4378869625308643e-02 3.4272112141392336e-01 3.8182815476848191e+01 27
1 0 1 1 2.7381041337867382e-02 1.9777842899010020e-02 1.0001305430055836e+00 6.4356173005935768e-02 3.4371005963413859e-01 3.8232815473560422e+01 27
1 0 1 1 2.7358750713809013e-02 1.9764497041086238e-02 1.0001315961947126e+00 6.4333623072678980e-02 3.4469863276544926e-01 3.8282815470265781e+01 27
1 0 1 1 2.7336522192801097e-02 1.9751194111322437e-02 1.0001326453011075e+00 6.4311219514241513e-02 3.4568683692139007e-01 3.8332815466950983e+01 27
1 0 1 1 2.7314355948982769e-02 1.9737934153607060e-02 1.0001336901158446e+00 6.4288962017840845e-02 3.4667466825124976e-01 3.8382815463638622e+01 28
1 0 1 1 2.7292252152948050e-02 1.9724717210294975e-02 1.0001347304303043e+00 6.4266850269245668e-02 3.4766212293907300e-01 3.8432815460336236e+01 28
1 0 1 1 2.7270210971774709e-02 1.9711543322216807e-02 1.0001357660362591e+00 6.4244883952786463e-02 3.4864919720283261e-01 3.8482815456997777e+01 28
1 0 1 1 2.7248232568989280e-02 1.9698412528657255e-02 1.0001367967259707e+00 6.4223062751305293e-02 3.4963588729741579e-01 3.8532815453675617e+01 28
1 0 1 1 2.7226317104664572e-02 1.9685324867408781e-02 1.0001378222922765e+00 6.4201386346239009e-02 3.5062218951128243e-01 3.8582815450353863e+01 28
1 0 1 1 2.7204464735417416e-02 1.9672280374766031e-02 1.0001388425286846e+00 6.4179854417591997e-02 3.5160810016714333e-01 3.8632815446983471e+01 28
1 0 1 1 2.7182675614366738e-02 1.9659279085499241e-02 1.0001398572294671e+00 6.4158466643889661e-02 3.5259361562555946e-01 3.8682815443667266e+01 28
1 0 1 1 2.7160949891304794e-02 1.9646321032951022e-02 1.0001408661897471e+00 6.4137222702320890e-02 3.5357873227753028e-01 3.8732815440285208e+01 28
1 0 1 1 2.7139287712538266e-02 1.9633406248937935e-02 1.0001418692055974e+00 6.4116122268572578e-02 3.5456344655316546e-01 3.8782815436936851e+01 28
1 0 1 1 2.7117689221072161e-02 1.9620534763858614e-02 1.0001428660741267e+00 6.4095165016989752e-02 3.5554775491411778e-01 3.8832815433557940e+01 28
1 0 1 1 2.7096154556520775e-02 1.9607706606635474e-02 1.0001438565935750e+00 6.4074350620475590e-02 3.5653165385881158e-01 3.8882815430188508e+01 28
1 0 1 1 2.7074683855201797e-02 1.9594921804767552e-02 1.0001448405634028e+00 6.4053678750565946e-02 3.5751513991898420e-01 3.8932815426798825e+01 28
1 0 1 1 2.7053277250113313e-02 1.9582180384313374e-02 1.0001458177843829e+00 6.4033149077388912e-02 3.5849820966162710e-01 3.8982815423389461e+01 28
1 0 1 1 2.7031934870958202e-02 1.9569482369902656e-02 1.0001467880586918e+00 6.4012761269679419e-02 3.5948085968925364e-01 3.9032815420007367e+01 28
1 0 1 1 2.7010656844226578e-02 1.9556827784780004e-02 1.0001477511899968e+00 6.3992514994838073e-02 3.6046308663671883e-01 3.9082815416586101e+01 28
1 0 1 1 2.6989443293127632e-02 1.9544216650764189e-02 1.0001487069835491e+00 6.3972409918851586e-02 3.6144488717559320e-01 3.9132815413168991e+01 28
1 0 1 1 2.6968294337681178e-02 1.9531648988294875e-02 1.0001496552462696e+00 6.3952445706366545e-02 3.6242625801065764e-01 3.9182815409734850e+01 28
1 0 1 1 2.6947210094700042e-02 1.9519124816421710e-02 1.0001505957868386e+00 6.3932622020657554e-02 3.6340719588189879e-01 3.9232815406300226e+01 28
1 0 1 1 2.6926190677837178e-02 1.9506644152827605e-02 1.0001515284157820e+00 6.3912938523658480e-02 3.6438769756334233e-01 3.9282815402862774e+01 28
1 0 1 1 2.6905236197604866e-02 1.9494207013838038e-02 1.0001524529455574e+00 6.3893394875962434e-02 3.6536775986296571e-01 3.9332815399397973e+01 28
1 0 1 1 2.6884346761364229e-02 1.9481813414408827e-02 1.0001533691906408e+00 6.3873990736802222e-02 3.6634737962422770e-01 3.9382815395941130e+01 28
1 0 1 1 2.6863522473396635e-02 1.9469463368167333e-02 1.0001542769676088e+00 6.3854725764100645e-02 3.6732655372368572e-01 3.9432815392466949e+01 28
1 0 1 1 2.6842763434883427e-02 1.9457156887394828e-02 1.0001551760952232e+00 6.3835599614439853e-02 3.6830527907294586e-01 3.9482815388992613e+01 28
1 0 1 1 2.6822069743960092e-02 1.9444893983057914e-02 1.0001560663945122e+00 6.3816611943093987e-02 3.6928355261702772e-01 3.9532815385495198e+01 28
1 0 1 1 2.6801440946111855e-02 1.9432671210788545e-02 1.0001569490030970e+00 6.3797762404005975e-02 3.7026139513251405e-01 3.9582816462515524e+01 28
1 0 1 1 2.6780878377258708e-02 1.9420488764026224e-02 1.0001578239502296e+00 6.3779051870336723e-02 3.7123874415326585e-01 3.9632815551010992e+01 28
1 0 1 1 2.6760381667172678e-02 1.9408350101484013e-02 1.0001586895576580e+00 6.3760478972334084e-02 3.7221562107249606e-01 3.9682814056258856e+01 28
1 0 1 1 2.6739949515053558e-02 1.9396254407745530e-02 1.0001595457135739e+00 6.3742042108610869e-02 3.7319208925145925e-01 3.9732815372245987e+01 28
1 0 1 1 2.6719583694803681e-02 1.9384202688279856e-02 1.0001603921795335e+00 6.3723742457144100e-02 3.7416806512469702e-01 3.9782815368748658e+01 28
1 0 1 1 2.6699283746676263e-02 1.9372194626440672e-02 1.0001612288136790e+00 6.3705579177252114e-02 3.7514357161296086e-01 3.9832815365197391e+01 28
1 0 1 1 2.6679049748011927e-02 1.9360230224054913e-02 1.0001620554542274e+00 6.3687551915275753e-02 3.7611860589916107e-01 3.9882815361670460e+01 28
1 0 1 1 2.6658881773310755e-02 1.9348309481727190e-02 1.0001628719422566e+00 6.3669660316335919e-02 3.7709316519773284e-01 3.9932815358134626e+01 28
1 0 1 1 2.6638779894194428e-02 1.9336432398810024e-02 1.0001636781217764e+00 6.3651904024287220e-02 3.7806724675698133e-01 3.9982815354570761e+01 28
1 0 1 1 2.6618744179415392e-02 1.9324598973407627e-02 1.0001644738397961e+00 6.3634282681716392e-02 3.7904084785986308e-01 4.0032815351017078e+01 28
1 0 1 1 2.6598774694922799e-02 1.9312809202411699e-02 1.0001652589463883e+00 6.3616795929989256e-02 3.8001396582178887e-01 4.0082815347460162e+01 28
1 0 1 1 2.6578871503856544e-02 1.9301063081494308e-02 1.0001660332947524e+00 6.3599443409236012e-02 3.8098659799182688e-01 4.0132815343901157e+01 28
1 0 1 1 2.6559034666582396e-02 1.9289360605123752e-02 1.0001667967412768e+00 6.3582224758365780e-02 3.8195874175165839e-01 4.0182815340306227e+01 28
1 0 1 1 2.6539264240663499e-02 1.9277701766546702e-02 1.0001675491455988e+00 6.3565139615040012e-02 3.8293039451841693e-01 4.0232815336757142e+01 28
1 0 1 1 2.6519560280988376e-02 1.9266086557859042e-02 1.0001682903706590e+00 6.3548187615765472e-02 3.8390155373902368e-01 4.0282815333163754e+01 28
1 0 1 1 2.6499922839668861e-02 1.9254514969941509e-02 1.0001690202827607e+00 6.3531368395798982e-02 3.8487221689613177e-01 4.0332815329575610e+01 29
1 0 1 1 2.6480351966136920e-02 1.9242986992514439e-02 1.0001697387516200e+00 6.3514681589223410e-02 3.8584238150449879e-01 4.0382815325999864e+01 29
1 0 1 1 2.6460847707164094e-02 1.9231502614146051e-02 1.0001704456504177e+00 6.3498126828949009e-02 3.8681204511085449e-01 4.0432815322398433e+01 29
1 0 1 1 2.6441410106829613e-02 1.9220061822229864e-02 1.0001711408558482e+00 6.3481703746686630e-02 3.8778120529663573e-01 4.0482815318836010e+01 29
1 0 1 1 2.6422039206637996e-02 1.9208664603049725e-02 1.0001718242481652e+00 6.3465411973025465e-02 3.8874985967264880e-01 4.0532815315208538e+01 29
1 0 1 1 2.6402735045393724e-02 1.9197310941702884e-02 1.0001724957112286e+00 6.3449251137331464e-02 3.8971800588667616e-01 4.0582815311643259e+01 29
1 0 1 1 2.6383497659394409e-02 1.9186000822212619e-02 1.0001731551325415e+00 6.3433220867894019e-02 3.9068564161479580e-01 4.0632815308053914e+01 29
1 0 1 1 2.6364327082327343e-02 1.9174734227460622e-02 1.0001738024032947e+00 6.3417320791829962e-02 3.9165276456710491e-01 4.0682815304444013e+01 29
1 0 1 1 2.6345223345309820e-02 1.9163511139208809e-02 1.0001744374184023e+00 6.3401550535116924e-02 3.9261937248710171e-01 4.0732815300881342e+01 29
1 0 1 1 2.6326186476987118e-02 1.9152331538153097e-02 1.0001750600765349e+00 6.3385909722659062e-02 3.9358546314735632e-01 4.0782815297279626e+01 29
1 0 1 1 2.6307216503443014e-02 1.9141195403868928e-02 1.0001756702801552e+00 6.3370397978208232e-02 3.9455103435522038e-01 4.0832815293699809e+01 29
1 0 1 1 2.6288313448304658e-02 1.9130102714867564e-02 1.0001762679355457e+00 6.3355014924445452e-02 3.9551608394836940e-01 4.0882815290127596e+01 29
1 0 1 1 2.6269476222082467e-02 1.9119053448585902e-02 1.0001768529528370e+00 6.3339760182964305e-02 3.9648060979636646e-01 4.0932815286561180e+01 29
1 0 1 1 2.6250696305145069e-02 1.9108047581404539e-02 1.0001774252460338e+00 6.3324633374285177e-02 3.9744460980009505e-01 4.0982815282986621e+01 29
1 0 1 1 2.6231983439983390e-02 1.9097085088637698e-02 1.0001779847330377e+00 6.3309634117853952e-02 3.9840808189262450e-01 4.1032815279433962e+01 29
1 0 1 1 2.6213337640140361e-02 1.9086165944571680e-02 1.0001785313356664e+00 6.3294762032079954e-02 3.9937102403699049e-01 4.1082815275866018e+01 29
1 0 1 1 2.6194758916746424e-02 1.9075290122440133e-02 1.0001790649796733e+00 6.3280016734308997e-02 4.0033343422926887e-01 4.1132815272346896e+01 29
1 0 1 1 2.6176247278623156e-02 1.9064457594477596e-02 1.0001795855947615e+00 6.3265397840895909e-02 4.0129531049366701e-01 4.1182815268796361e+01 29
1 0 1 1 2.6157802732201613e-02 1.9053668331874017e-02 1.0001800931145985e+00 6.3250904967137755e-02 4.0225665088827789e-01 4.1232815265294178e+01 29
1 0 1 1 2.6139425281654086e-02 1.9042922304843314e-02 1.0001805874768253e+00 6.3236537727367037e-02 4.0321745349858246e-01 4.1282815261752603e+01 29
1 0 1 1 2.6121114928793300e-02 1.9032219482564412e-02 1.0001810686230668e+00 6.3222295734874867e-02 4.0417771644419731e-01 4.1332815258274863e+01 29
1 0 1 1 2.6102871673223338e-02 1.9021559833265152e-02 1.0001815364989344e+00 6.3208178602022769e-02 4.0513743787183598e-01 4.1382815254797741e+01 29
1 0 1 1 2.6084695512277937e-02 1.9010943324181559e-02 1.0001819910540324e+00 6.3194185940185388e-02 4.0609661595917496e-01 4.1432815251301612e+01 29
1 0 1 1 2.6066586441026926e-02 1.9000369921560109e-02 1.0001824322419586e+00 6.3180317359761207e-02 4.0705524891600697e-01 4.1482815247879948e+01 29
1 0 1 1 2.6048544452404749e-02 1.8989839590728457e-02 1.0001828600203002e+00 6.3166572470259141e-02 4.0801333497802283e-01 4.1532815244423482e+01 29
1 0 1 1 2.6030569537096506e-02 1.8979352296025643e-02 1.0001832743506345e+00 6.3152950880210557e-02 4.0897087241390212e-01 4.1582815240999771e+01 29
1 0 1 1 2.6012661683649973e-02 1.8968908000864867e-02 1.0001836751985198e+00 6.3139452197254309e-02 4.0992785952056210e-01 4.1632815237614658e+01 29
1 0 1 1 2.5994820878485564e-02 1.8958506667733879e-02 1.0001840625334877e+00 6.3126076028139660e-02 4.1088429462322057e-01 4.1682815234226368e+01 29
1 0 1 1 2.5977047105877039e-02 1.8948148258183212e-02 1.0001844363290326e+00 6.3112821978709488e-02 4.1184017607775830e-01 4.1732815230876959e+01 29
1 0 1 1 2.5959340348027313e-02 1.8937832732864888e-02 1.0001847965625996e+00 6.3099689653952629e-02 4.1279550226732253e-01 4.1782815227525866e+01 29
1 0 1 1 2.5941700585028402e-02 1.8927560051507406e-02 1.0001851432155688e+00 6.3086678657978623e-02 4.1375027160584854e-01 4.1832815224244200e+01 29
1 0 1 1 2.5924127794977058e-02 1.8917330172978045e-02 1.0001854762732372e+00 6.3073788594091795e-02 4.1470448253219427e-01 4.1882815220917863e+01 29
1 0 1 1 2.5906621953847318e-02 1.8907143055207624e-02 1.0001857957248013e+00 6.3061019064709622e-02 4.1565813351882630e-01 4.1932815217713461e+01 29
1 0 1 1 2.5889183035724725e-02 1.8896998655320872e-02 1.0001861015633327e+00 6.3048369671517057e-02 4.1661122305919612e-01 4.1982815214426708e+01 29
1 0 1 1 2.5871811012570477e-02 1.8886896929497778e-02 1.0001863937857585e+00 6.3035840015305988e-02 4.1756374968207488e-01 4.2032815211245783e+01 29
1 0 1 1 2.5854505854472527e-02 1.8876837833117100e-02 1.0001866723928312e+00 6.3023429696157041e-02 4.1851571193906911e-01 4.2082815208106709e+01 30
1 0 1 1 2.5837267529577140e-02 1.8866821320710863e-02 1.0001869373891035e+00 6.3011138313376902e-02 4.1946710840850737e-01 4.2132815204908148e+01 30
1 0 1 1 2.5820096004007965e-02 1.8856847345915841e-02 1.0001871887828995e+00 6.2998965465457496e-02 4.2041793770167268e-01 4.2182815201851675e+01 30
1 0 1 1 2.5802991242118094e-02 1.8846915861616246e-02 1.0001874265862796e+00 6.2986910750241820e-02 4.2136819844934548e-01 4.2232815198744142e+01 30
1 0 1 1 2.5785953206265842e-02 1.8837026819811972e-02 1.0001876508150112e+00 6.2974973764774900e-02 4.2231788931569358e-01 4.2282815195739843e+01 30
1 0 1 1 2.5768980543432483e-02 1.8827173419628286e-02 1.0001878646182891e+00 6.2963154105457053e-02 4.2326707513630007e-01 4.2332818341593814e+01 30
1 0 1 1 2.5752077668030161e-02 1.8817363835099993e-02 1.0001880650447528e+00 6.2951453597222345e-02 4.2421551183893791e-01 4.2382812156786528e+01 30
1 0 1 1 2.5735238354462710e-02 1.8807594822796835e-02 1.0001882519885221e+00 6.2939867494646001e-02 4.2516354553209673e-01 4.2432814973726281e+01 30
1 0 1 1 2.5718466479589166e-02 1.8797868607179552e-02 1.0001884254329794e+00 6.2928398104078243e-02 4.2611095480265282e-01 4.2482815185238245e+01 30
1 0 1 1 2.5701761189109572e-02 1.8788184667428477e-02 1.0001885854204564e+00 6.2917044461077654e-02 4.2705778379608622e-01 4.2532815182418183e+01 30
1 0 1 1 2.5685122362624862e-02 1.8778542908876945e-02 1.0001887319881031e+00 6.2905806109475521e-02 4.2800403539002962e-01 4.2582815179580045e+01 30
1 0 1 1 2.5668549949992986e-02 1.8768943277859718e-02 1.0001888651757331e+00 6.2894682641880251e-02 4.2894970842793145e-01 4.2632815176866117e+01 30
1 0 1 1 2.5652043899454299e-02 1.8759385720019815e-02 1.0001889850265502e+00 6.2883673650365512e-02 4.2989480177278994e-01 4.2682815174131484e+01 30
1 0 1 1 2.5635604157477173e-02 1.8749870180215445e-02 1.0001890915871008e+00 6.2872778726374950e-02 4.3083931431694367e-01 4.2732815171475686e+01 30
1 0 1 1 2.5619230668897743e-02 1.8740396602599397e-02 1.0001891849072237e+00 6.2861997460821606e-02 4.3178324497543324e-01 4.2782815168903589e+01 30
1 0 1 1 2.5602923376936600e-02 1.8730964930624400e-02 1.0001892650400004e+00 6.2851329444091608e-02 4.3272659268543390e-01 4.2832815166307377e+01 30
1 0 1 1 2.5586682223111640e-02 1.8721575106990240e-02 1.0001893320417035e+00 6.2840774265997323e-02 4.3366935641262833e-01 4.2882815163817668e+01 30
1 0 1 1 2.5570507147397909e-02 1.8712227073732983e-02 1.0001893859717419e+00 6.2830331515884352e-02 4.3461153514275952e-01 4.2932815161368929e+01 30
1 0 1 1 2.5554398088156866e-02 1.8702920772182590e-02 1.0001894268926088e+00 6.2820000782589286e-02 4.3555312788698608e-01 4.2982815158995166e+01 30
1 0 1 1 2.5538354982208241e-02 1.8693656142999483e-02 1.0001894548698249e+00 6.2809781654488639e-02 4.3649413367825785e-01 4.3032815156652092e+01 30
1 0 1 1 2.5522377764802449e-02 1.8684433126156703e-02 1.0001894699718827e+00 6.2799673719484639e-02 4.3743455157411099e-01 4.3082815154377656e+01 30
1 0 1 1 2.5506466369680954e-02 1.8675251660972520e-02 1.0001894722701885e+00 6.2789676565048802e-02 4.3837438065409418e-01 4.3132815152168313e+01 30
1 0 1 1 2.5490620729079930e-02 1.8666111686108950e-02 1.0001894618390046e+00 6.2779789778230233e-02 4.3931362002051988e-01 4.3182815150032830e+01 30
1 0 1 1 2.5474840773772812e-02 1.8657013139593077e-02 1.0001894387553900e+00 6.2770012945679077e-02 4.4025226879659352e-01 4.3232815147905107e+01 30
1 0 1 1 2.5459126433003864e-02 1.8647955958777392e-02 1.0001894030991401e+00 6.2760345653624594e-02 4.4119032613198522e-01 4.3282815145955283e+01 30
1 0 1 1 2.5443477634693942e-02 1.8638940080454573e-02 1.0001893549527261e+00 6.2750787487993065e-02 4.4212779119089762e-01 4.3332815143966002e+01 30
1 0 1 1 2.5427894305228453e-02 1.8629965440732778e-02 1.0001892944012336e+00 6.2741338034286831e-02 4.4306466316586551e-01 4.3382815142081725e+01 30
1 0 1 1 2.5412376369639909e-02 1.8621031975138452e-02 1.0001892215322998e+00 6.2731996877705865e-02 4.4400094126800782e-01 4.3432815140302822e+01 30
1 0 1 1 2.5396923751607240e-02 1.8612139618612075e-02 1.0001891364360525e+00 6.2722763603142967e-02 4.4493662472748802e-01 4.3482815138522703e+01 30
1 0 1 1 2.5381536373363604e-02 1.8603288305454827e-02 1.0001890392050432e+00 6.2713637795147492e-02 4.4587171280079979e-01 4.3532815136930765e+01 30
1 0 1 1 2.5366214155926409e-02 1.8594477969454789e-02 1.0001889299341880e+00 6.2704619038052689e-02 4.4680620475688138e-01 4.3582815135283766e+01 31
1 0 1 1 2.5350957018848982e-02 1.8585708543746277e-02 1.0001888087206994e+00 6.2695706915845084e-02 4.4774009989397079e-01 4.3632815133818774e+01 31
1 0 1 1 2.5335758283300751e-02 1.8576979960961703e-02 1.0001886756640237e+00 6.2686901012330098e-02 4.4867339752275481e-01 4.3682815132368766e+01 31
1 0 1 1 2.5320621375099311e-02 1.8568292153128940e-02 1.0001885308657750e+00 6.2678200911034654e-02 4.4960609697946036e-01 4.3732815131072819e+01 31
1 0 1 1 2.5305549368801451e-02 1.8559645051775729e-02 1.0001883744296718e+00 6.2669606195315530e-02 4.5053819761379638e-01 4.3782815129745849e+01 31
1 0 1 1 2.5290542178422974e-02 1.8551038587819736e-02 1.0001882064614684e+00 6.2661116448267662e-02 4.5146969880291560e-01 4.3832815128639197e+01 31
1 0 1 1 2.5275599716894290e-02 1.8542472691723832e-02 1.0001880270688928e+00 6.2652731252882343e-02 4.5240059993402076e-01 4.3882815127522953e+01 31
1 0 1 1 2.5260721895830719e-02 1.8533947293366024e-02 1.0001878363615779e+00 6.2644450191925827e-02 4.5333090042000251e-01 4.3932815126535793e+01 31
1 0 1 1 2.5245908625715314e-02 1.8525462322139603e-02 1.0001876344509977e+00 6.2636272848048569e-02 4.5426059968877375e-01 4.3982815125627212e+01 31
1 0 1 1 2.5231159815832873e-02 1.8517017706912740e-02 1.0001874214503998e+00 6.2628198803759361e-02 4.5518969718848928e-01 4.4032815124851950e+01 31
1 0 1 1 2.5216475374364927e-02 1.8508613376082630e-02 1.0001871974747423e+00 6.2620227641474457e-02 4.5611819238220075e-01 4.4082815124092804e+01 31
1 0 1 1 2.5201855208280662e-02 1.8500249257507522e-02 1.0001869626406237e+00 6.2612358943474694e-02 4.5704608475583131e-01 4.4132815123506695e+01 31
1 0 1 1 2.5187299223511043e-02 1.8491925278606505e-02 1.0001867170662213e+00 6.2604592292002548e-02 4.5797337380809350e-01 4.4182815122992487e+01 31
1 0 1 1 2.5172807324851519e-02 1.8483641366300468e-02 1.0001864608712234e+00 6.2596927269216951e-02 4.5890005905739223e-01 4.4232815122576888e+01 31
1 0 1 1 2.5158379416028866e-02 1.8475397447049510e-02 1.0001861941767656e+00 6.2589363457233510e-02 4.5982614003863764e-01 4.4282815122254000e+01 31
1 0 1 1 2.5144015399689506e-02 1.8467193446840946e-02 1.0001859171053626e+00 6.2581900438132776e-02 4.6075161630472905e-01 4.4332815122082067e+01 31
1 0 1 1 2.5129715177480760e-02 1.8459029291237054e-02 1.0001856297808482e+00 6.2574537794001239e-02 4.6167648742235862e-01 4.4382815121965464e+01 31
1 0 1 1 2.5115478649965169e-02 1.8450904905321270e-02 1.0001853323283056e+00 6.2567275106901993e-02 4.6260075297829789e-01 4.4432815122010830e+01 31
1 0 1 1 2.5101305716756877e-02 1.8442820213776068e-02 1.0001850248740085e+00 6.2560111958943676e-02 4.6352441257152943e-01 4.4482815122111006e+01 31
1 0 1 1 2.5087196276414890e-02 1.8434775140816873e-02 1.0001847075453525e+00 6.2553047932240841e-02 4.6444746582081559e-01 4.4532815122371240e+01 31
1 0 1 1 2.5073150226568756e-02 1.8426769610265528e-02 1.0001843804707955e+00 6.2546082608981535e-02 4.6536991235780062e-01 4.4582815122744535e+01 31
1 0 1 1 2.5059167463874939e-02 1.8418803545519755e-02 1.0001840437797926e+00 6.2539215571413315e-02 4.6629175183030047e-01 4.4632815123225321e+01 31
1 0 1 1 2.5045247884039907e-02 1.8410876869566932e-02 1.0001836976027356e+00 6.2532446401861952e-02 4.6721298390193833e-01 4.4682815123840086e+01 31
1 0 1 1 2.5031391381856873e-02 1.8402989505001858e-02 1.0001833420708899e+00 6.2525774682756136e-02 4.6813360825036926e-01 4.4732815124564297e+01 31
1 0 1 1 2.5017597851186353e-02 1.8395141374012464e-02 1.0001829773163335e+00 6.2519199996630026e-02 4.6905362456948729e-01 4.4782815125456139e+01 31
1 0 1 1 2.5003867185037613e-02 1.8387332398426964e-02 1.0001826034718979e+00 6.2512721926162002e-02 4.6997303256487377e-01 4.4832815126418005e+01 31
1 0 1 1 2.4990199275482558e-02 1.8379562499660943e-02 1.0001822206711055e+00 6.2506340054147957e-02 4.7089183196031764e-01 4.4882815127565706e+01 32
1 0 1 1 2.4976594013778573e-02 1.8371831598784798e-02 1.0001818290481130e+00 6.2500053963565450e-02 4.7181002249043036e-01 4.4932815128839010e+01 32
1 0 1 1 2.4963051290323245e-02 1.8364139616498396e-02 1.0001814287376520e+00 6.2493863237556013e-02 4.7272760390451757e-01 4.4982815130221795e+01 32
1 0 1 1 2.4949570994654502e-02 1.8356486473127358e-02 1.0001810198749690e+00 6.2487767459439708e-02 4.7364457596745491e-01 4.5032815131804249e+01 32
1 0 1 1 2.4936151384423472e-02 1.8348866360780803e-02 1.0001806049492090e+00 6.2481766212760276e-02 4.7456104250434689e-01 4.5082820541643649e+01 32
1 0 1 1 2.4922798047718572e-02 1.8341286324523826e-02 1.0001801823140821e+00 6.2475861023253365e-02 4.7547661912907130e-01 4.5132810608927365e+01 32
1 0 1 1 2.4909503242246011e-02 1.8333742903217369e-02 1.0001797513876038e+00 6.2470047953545355e-02 4.7639183005183217e-01 4.5182814017904541e+01 32
1 0 1 1 2.4896271029549527e-02 1.8326238385698655e-02 1.0001793124382954e+00 6.2464328435555633e-02 4.7730638888636706e-01 4.5232815142740947e+01 32
1 0 1 1 2.4883100981497007e-02 1.8318772512090704e-02 1.0001788655936090e+00 6.2458701911411812e-02 4.7822031677089261e-01 4.5282815145112373e+01 32
1 0 1 1 2.4869992685221456e-02 1.8311345031588870e-02 1.0001784109808043e+00 6.2453167836492129e-02 4.7913363408378268e-01 4.5332815147507986e+01 32
1 0 1 1 2.4856946024819349e-02 1.8303955861947569e-02 1.0001779487370530e+00 6.2447725795880482e-02 4.8004634068126728e-01 4.5382815150131087e+01 32
1 0 1 1 2.4843960883718579e-02 1.8296604920645106e-02 1.0001774789996254e+00 6.2442375374986286e-02 4.8095843642864539e-01 4.5432815153023967e+01 32
1 0 1 1 2.4831037144724781e-02 1.8289292124905043e-02 1.0001770019058429e+00 6.2437116159553441e-02 4.8186992119688454e-01 4.5482815155891771e+01 32
1 0 1 1 2.4818174689778056e-02 1.8282017391558356e-02 1.0001765175930168e+00 6.2431947735584720e-02 4.8278079488119680e-01 4.5532815159133328e+01 32
1 0 1 1 2.4805373400323509e-02 1.8274780637250854e-02 1.0001760261984141e+00 6.2426869689489850e-02 4.8369105737523893e-01 4.5582815162435587e+01 32
1 0 1 1 2.4792633157021578e-02 1.8267581778278832e-02 1.0001755278591977e+00 6.2421881607977903e-02 4.8460070859253290e-01 4.5632815165958903e+01 32
1 0 1 1 2.4779953839914232e-02 1.8260420730680339e-02 1.0001750227123853e+00 6.2416983078138089e-02 4.8550974845550837e-01 4.5682815169748046e+01 32
1 0 1 1 2.4767335328465600e-02 1.8253297410257358e-02 1.0001745108948046e+00 6.2412173687450639e-02 4.8641817689299166e-01 4.5732815173601587e+01 32
1 0 1 1 2.4754777501389623e-02 1.8246211732476605e-02 1.0001739925430406e+00 6.2407453023741899e-02 4.8732599385368758e-01 4.5782815177826400e+01 32
1 0 1 1 2.4742280236955006e-02 1.8239163612639987e-02 1.0001734677934042e+00 6.2402820675290349e-02 4.8823319928441000e-01 4.5832815182046645e+01 32
1 0 1 1 2.4733760706896764e-02 1.8234360780862099e-02 1.0001731049837279e+00 6.2399700534256586e-02 4.8885382918843828e-01 4.5867040205068633e+01 32
1 0 1 1 2.4732904144550497e-02 1.8233877987313324e-02 1.0001730682787262e+00 6.2399388535753914e-02 4.8891632632403487e-01 4.5870487524567210e+01 31
1 0 1 1 2.4732046728485148e-02 1.8233394728741251e-02 1.0001730314954846e+00 6.2399076538811236e-02 4.8897890380885517e-01 4.5873939436783473e+01 41
