isScalarized | massIncreased | isMonotoneInside | isMonotoneOutside | mass_Baryon | mass_ADM | AST(radius) | radius  |  phi_c | rho_c | ctr |
1 0 1 1 3.3287108234746253e-02 2.4800791625448442e-02 1.0000000106110041e+00 8.3987999999995094e-02 3.7723762592609109e-03 1.9124237383062489e+01 65
1 1 1 1 3.3286997401840664e-02 2.4800718837778311e-02 1.0000000112839764e+00 8.3987749999995101e-02 3.8900774463295458e-03 1.9123940671655362e+01 21
1 1 1 1 3.3286886566864987e-02 2.4800646049054752e-02 1.0000000119569721e+00 8.3987499999995108e-02 4.0043144599668313e-03 1.9123643984743630e+01 21
1 1 1 1 3.3286775729820445e-02 2.4800573259280513e-02 1.0000000126299915e+00 8.3987249999995114e-02 4.1153757919052542e-03 1.9123347322327056e+01 21
1 1 1 1 3.3286664890705829e-02 2.4800500468453706e-02 1.0000000133030347e+00 8.3986999999995121e-02 4.2235119727710825e-03 1.9123050684404394e+01 21
1 1 1 1 3.3284802771992278e-02 2.4799277614372815e-02 1.0000000246119374e+00 8.3982800649995124e-02 5.7426187280773923e-03 1.9118071599280523e+01 22
1 1 1 1 3.3282940160522995e-02 2.4798054523699709e-02 1.0000000359269452e+00 8.3978601509962628e-02 6.9356291542285809e-03 1.9113099670562516e+01 21
1 1 1 1 3.3270369821212405e-02 2.4789802457736643e-02 1.0000001123707061e+00 8.3950297220496850e-02 1.2235235691313224e-02 1.9079766359736190e+01 47
1 1 1 1 3.3257652294170922e-02 2.4781457885680085e-02 1.0000001898536282e+00 8.3921723667644610e-02 1.5863210149692272e-02 1.9046433130168772e+01 37
1 1 1 1 3.3244783194592280e-02 2.4773018149274163e-02 1.0000002684072948e+00 8.3892873972614523e-02 1.8813092563424571e-02 1.9013099999463048e+01 27
1 1 1 1 3.3231757959190207e-02 2.4764480482038276e-02 1.0000003480645847e+00 8.3863740977060897e-02 2.1367795052734492e-02 1.8979766930331994e+01 22
1 1 1 1 3.3218571853274828e-02 2.4755842014391096e-02 1.0000004288596409e+00 8.3834317265518099e-02 2.3655888369514121e-02 1.8946433870305167e+01 17
1 1 1 1 3.3205219989896000e-02 2.4747099786659368e-02 1.0000005108277639e+00 8.3804595214628075e-02 2.5748723293341561e-02 1.8913100819768214e+01 14
1 1 1 1 3.3191697301271507e-02 2.4738250730848479e-02 1.0000005940055989e+00 8.3774566936041017e-02 2.7690778584557284e-02 1.8879767779155781e+01 12
1 1 1 1 3.3177998529966009e-02 2.4729291665398292e-02 1.0000006784312028e+00 8.3744224264097611e-02 2.9512002079763157e-02 1.8846434748893895e+01 12
1 1 1 1 3.3164118219588215e-02 2.4720219289658712e-02 1.0000007641441135e+00 8.3713558742896044e-02 3.1233700853379533e-02 1.8813101729453351e+01 12
1 1 1 1 3.3150050704885067e-02 2.4711030178001980e-02 1.0000008511854266e+00 8.3682561612531681e-02 3.2871677468116839e-02 1.8779768721332630e+01 12
1 1 1 1 3.3135790101236594e-02 2.4701720773585789e-02 1.0000009395978735e+00 8.3651223794532825e-02 3.4438039319974835e-02 1.8746435725037781e+01 12
1 1 1 1 3.3121330293526700e-02 2.4692287381749875e-02 1.0000010294259070e+00 8.3619535876478301e-02 3.5942308770374798e-02 1.8713102741125528e+01 12
1 1 1 1 3.3106664924274595e-02 2.4682726162967048e-02 1.0000011207157906e+00 8.3587488095617557e-02 3.7392138413695139e-02 1.8679769770174381e+01 12
1 1 1 1 3.3091787381041397e-02 2.4673033125377664e-02 1.0000012135156950e+00 8.3555070321530256e-02 3.8793790658935755e-02 1.8646436812798203e+01 12
1 1 1 1 3.3076690783015332e-02 2.4663204116827191e-02 1.0000013078757994e+00 8.3522272037700296e-02 4.0152470118457649e-02 1.8613103869640852e+01 12
1 1 1 1 3.3061367966739204e-02 2.4653234816408274e-02 1.0000014038484000e+00 8.3489082321955954e-02 4.1472560521561640e-02 1.8579770941401275e+01 12
1 1 1 1 3.3045811470871593e-02 2.4643120725423996e-02 1.0000015014880255e+00 8.3455489825621065e-02 4.2757797683191462e-02 1.8546438028800473e+01 12
1 1 1 1 3.3030013519966255e-02 2.4632857157776161e-02 1.0000016008515618e+00 8.3421482751394382e-02 4.4011398440735400e-02 1.8513105132612942e+01 12
1 1 1 1 3.3013966007143548e-02 2.4622439229701833e-02 1.0000017019983820e+00 8.3387048829753951e-02 4.5236158541453395e-02 1.8479772253661913e+01 12
1 1 1 1 3.2997660475576361e-02 2.4611861848805431e-02 1.0000018049904886e+00 8.3352175293816222e-02 4.6434528166191258e-02 1.8446439392821862e+01 12
1 1 1 1 3.2981088098699748e-02 2.4601119702341578e-02 1.0000019098926631e+00 8.3316848852521497e-02 4.7608671044475706e-02 1.8413106551015932e+01 12
1 1 1 1 3.2964239659047212e-02 2.4590207244689188e-02 1.0000020167726280e+00 8.3281055662030812e-02 4.8760511328326650e-02 1.8379773729232806e+01 12
1 1 1 1 3.2947105525572229e-02 2.4579118683930885e-02 1.0000021257012190e+00 8.3244781295147119e-02 4.9891771199342363e-02 1.8346440928521350e+01 12
1 1 1 1 3.2929675629348877e-02 2.4567847967474812e-02 1.0000022367525696e+00 8.3208010708638147e-02 5.1004001364394883e-02 1.8313108150003945e+01 12
1 1 1 1 3.2911939437506289e-02 2.4556388766646411e-02 1.0000023500043100e+00 8.3170728208250971e-02 5.2098606030238616e-02 1.8279775394863119e+01 12
1 1 1 1 3.2893885925250360e-02 2.4544734460140938e-02 1.0000024655377804e+00 8.3132917411290669e-02 5.3176863540997522e-02 1.8246442664385143e+01 12
1 1 1 1 3.2875503545765086e-02 2.4532878116235880e-02 1.0000025834382595e+00 8.3094561206419115e-02 5.4239943581052559e-02 1.8213109959918786e+01 12
1 1 1 1 3.2856780197872040e-02 2.4520812473678901e-02 1.0000027037952108e+00 8.3055641710615580e-02 5.5288921625076787e-02 1.8179777282917794e+01 12
1 1 1 1 3.2837703191187166e-02 2.4508529921110675e-02 1.0000028267025487e+00 8.3016140222895829e-02 5.6324791171379507e-02 1.8146444634935925e+01 12
1 1 1 1 3.2818259208560761e-02 2.4496022474878702e-02 1.0000029522589238e+00 8.2976037174574246e-02 5.7348474172293329e-02 1.8113112017636883e+01 12
1 1 1 1 3.2798434265555815e-02 2.4483281755115778e-02 1.0000030805680307e+00 8.2935312075737316e-02 5.8360829990352456e-02 1.8079779432799448e+01 12
1 1 1 1 3.2778213666680468e-02 2.4470298959910004e-02 1.0000032117389428e+00 8.2893943457597236e-02 5.9362663140992034e-02 1.8046446882335857e+01 12
1 1 1 1 3.2757581958054942e-02 2.4457064837375829e-02 1.0000033458864706e+00 8.2851908810311403e-02 6.0354730032499679e-02 1.8013114368294769e+01 12
1 1 1 1 3.2736522876174214e-02 2.4443569655430545e-02 1.0000034831315525e+00 8.2809184515875461e-02 6.1337744872100614e-02 1.7979781892883590e+01 12
1 1 1 1 3.2715019292367593e-02 2.4429803169045628e-02 1.0000036236016769e+00 8.2765745775573579e-02 6.2312384878138408e-02 1.7946449458469470e+01 12
1 1 1 1 3.2693053152539953e-02 2.4415754584717540e-02 1.0000037674313398e+00 8.2721566531511276e-02 6.3279294911345790e-02 1.7913117067599430e+01 12
1 1 1 1 3.2670605411709561e-02 2.4401412521894966e-02 1.0000039147625421e+00 8.2676619381617911e-02 6.4239091620015593e-02 1.7879784723037794e+01 12
1 1 1 1 3.2647655962755637e-02 2.4386764970993832e-02 1.0000040657453311e+00 8.2630875487387845e-02 6.5192367180891386e-02 1.7846452427733812e+01 12
1 1 1 1 3.2624183558872186e-02 2.4371799247722647e-02 1.0000042205383883e+00 8.2584304473833636e-02 6.6139692697299926e-02 1.7813120184906921e+01 12
1 1 1 1 3.2600165728915283e-02 2.4356501943238122e-02 1.0000043793096707e+00 8.2536874320543852e-02 6.7081621318205956e-02 1.7779787998020371e+01 12
1 1 1 1 3.2575578684980469e-02 2.4340858869736928e-02 1.0000045422371122e+00 8.2488551243167313e-02 6.8018691122399957e-02 1.7746455870815357e+01 12
1 1 1 1 3.2550397221325314e-02 2.4324855000974529e-02 1.0000047095093871e+00 8.2439299564212226e-02 6.8951427811511548e-02 1.7713123807377823e+01 12
1 1 1 1 3.2524594603568685e-02 2.4308474407073372e-02 1.0000048813267490e+00 8.2389081571849737e-02 6.9880347253425970e-02 1.7679791812104856e+01 12
1 1 1 1 3.2498142447230219e-02 2.4291700183091274e-02 1.0000050579019473e+00 8.2337857365704092e-02 7.0805957903529837e-02 1.7646459889802280e+01 12
1 1 1 1 3.2471010584173676e-02 2.4274514370485320e-02 1.0000052394612344e+00 8.2285584687826652e-02 7.1728763141028481e-02 1.7613128045687866e+01 12
1 1 1 1 3.2443166915650044e-02 2.4256897870729488e-02 1.0000054262454738e+00 8.2232218737383067e-02 7.2649263544962553e-02 1.7579796285445177e+01 12
1 1 1 1 3.2414577250267765e-02 2.4238830350096417e-02 1.0000056185113571e+00 8.2177711967064165e-02 7.3567959138365627e-02 1.7546464615282499e+01 12
1 1 1 1 3.2385205125019023e-02 2.4220290134511577e-02 1.0000058165327490e+00 8.2122013859020099e-02 7.4485351627531754e-02 1.7513133041970669e+01 12
1 1 1 1 3.2355011607283199e-02 2.4201254093262878e-02 1.0000060206021715e+00 8.2065070677932811e-02 7.5401946660222444e-02 1.7479801572936207e+01 12
1 1 1 1 3.2323955075287930e-02 2.4181697510098171e-02 1.0000062310324453e+00 8.2006825198239319e-02 7.6318256131987797e-02 1.7446470216301059e+01 11
1 1 1 1 3.2291990974313893e-02 2.4161593940114599e-02 1.0000064481585107e+00 8.1947216402444345e-02 7.7234800564307371e-02 1.7413138980989157e+01 11
1 1 1 1 3.2259071545325292e-02 2.4140915050508884e-02 1.0000066723394476e+00 8.1886179146645866e-02 7.8152111585488071e-02 1.7379807876807607e+01 11
1 1 1 1 3.2225145522330460e-02 2.4119630443027604e-02 1.0000069039607253e+00 8.1823643789073086e-02 7.9070734543243787e-02 1.7346476914558334e+01 11
1 1 1 1 3.2190157794094711e-02 2.4097707455552762e-02 1.0000071434367068e+00 8.1759535776644354e-02 7.9991231282836472e-02 1.7313146106154967e+01 11
1 1 1 1 3.2154049025180709e-02 2.4075110939893483e-02 1.0000073912134493e+00 8.1693775183845518e-02 8.0914183127104716e-02 1.7279815464759238e+01 11
1 1 1 1 3.2116755230426765e-02 2.4051803012349909e-02 1.0000076477718356e+00 8.1626276197290515e-02 8.1840194098979663e-02 1.7246485004955701e+01 11
1 1 1 1 3.2078207295895368e-02 2.4027742772956315e-02 1.0000079136310898e+00 8.1556946538133612e-02 8.2769894435048272e-02 1.7213154742895512e+01 11
1 1 1 1 3.2038330438349062e-02 2.4002885988795620e-02 1.0000081893527246e+00 8.1485686813538183e-02 8.3703944439369335e-02 1.7179824696558093e+01 11
1 1 1 1 3.1997043593510410e-02 2.3977184735673951e-02 1.0000084755449949e+00 8.1412389786278516e-02 8.4643038744553187e-02 1.7146494885936729e+01 11
1 1 1 1 3.1954258722043598e-02 2.3950586991699087e-02 1.0000087728679214e+00 8.1336939550443910e-02 8.5587911046005508e-02 1.7113165333354949e+01 11
1 1 1 1 3.1909880019732884e-02 2.3923036174883401e-02 1.0000090820389838e+00 8.1259210598303544e-02 8.6539339397263659e-02 1.7079836063771214e+01 11
1 1 1 1 3.1863803016011126e-02 2.3894470615497071e-02 1.0000094038395779e+00 8.1179066761177032e-02 8.7498152163219031e-02 1.7046507105151285e+01 11
1 1 1 1 3.1815913541790787e-02 2.3864822952071898e-02 1.0000097391223681e+00 8.1096360003738988e-02 8.8465234748628760e-02 1.7013178488907545e+01 11
1 1 1 1 3.1766086543741141e-02 2.3834019437710085e-02 1.0000100888196743e+00 8.1010929047241914e-02 8.9441537242229627e-02 1.6979850250396780e+01 11
1 1 1 1 3.1714184717492794e-02 2.3801979140632378e-02 1.0000104539530690e+00 8.0922597792443651e-02 9.0428083143259660e-02 1.6946522429516918e+01 12
1 1 1 1 3.1660056926407651e-02 2.3768613019508153e-02 1.0000108356443924e+00 8.0831173507036780e-02 9.1425979373205013e-02 1.6913195071394142e+01 12
1 1 1 1 3.1603536365368744e-02 2.3733822849893969e-02 1.0000112351284252e+00 8.0736444735247881e-02 9.2436427817400607e-02 1.6879868227194017e+01 12
1 1 1 1 3.1544438420022324e-02 2.3697499972859484e-02 1.0000116537675208e+00 8.0638178878304878e-02 9.3460738695474874e-02 1.6846541955071388e+01 12
1 1 1 1 3.1482558160616271e-02 2.3659523830298301e-02 1.0000120930685439e+00 8.0536119383439353e-02 9.4500346126539347e-02 1.6813216321297364e+01 12
1 1 1 1 3.1417667395219583e-02 2.3619760243006611e-02 1.0000125547025451e+00 8.0429982465223537e-02 9.5556826341141196e-02 1.6779891401581043e+01 12
1 1 1 1 3.1349509546262706e-02 2.3578044322441073e-02 1.0000130406270804e+00 8.0319453265827540e-02 9.6631945901965804e-02 1.6746566455708908e+01 12
1 1 1 1 3.1277805359304856e-02 2.3534224236834277e-02 1.0000135527999421e+00 8.0204189620843025e-02 9.7727531240623292e-02 1.6713244712006407e+01 12
1 1 1 1 3.1202223829480128e-02 2.3488106319694824e-02 1.0000140936015978e+00 8.0083784875093600e-02 9.8845873719788827e-02 1.6679921906091316e+01 12
1 1 1 1 3.1122407327590192e-02 2.3439480711610242e-02 1.0000146655933253e+00 7.9957809561182730e-02 9.9989289278007820e-02 1.6646600797266185e+01 12
1 1 1 1 3.1037942615596930e-02 2.3388104845993608e-02 1.0000152717109003e+00 7.9825768537253372e-02 1.0116049515838549e-01 1.6613281039944816e+01 12
1 1 1 1 3.0948359937835103e-02 2.3333703125971411e-02 1.0000159152608274e+00 7.9687104361473360e-02 1.0236254461809534e-01 1.6579962759003003e+01 12
1 1 1 1 3.0853121634844730e-02 2.3275960250446554e-02 1.0000165999872863e+00 7.9541185047929119e-02 1.0359890372789690e-01 1.6546646159079909e+01 12
1 1 1 1 3.0751609072094704e-02 2.3214513575428732e-02 1.0000173301452182e+00 7.9387290695640045e-02 1.0487353149533887e-01 1.6513331477608173e+01 12
1 1 1 1 3.0643106627657582e-02 2.3148943759728230e-02 1.0000181105859314e+00 7.9224597453482259e-02 1.0619097674453125e-01 1.6480018989583751e+01 13
1 1 1 1 3.0526781759811931e-02 2.3078763119055334e-02 1.0000189468583724e+00 7.9052157917037735e-02 1.0755649876860697e-01 1.6446709012869160e+01 13
1 1 1 1 3.0401660015592098e-02 2.3003401021297862e-02 1.0000198453284186e+00 7.8868877045553620e-02 1.0897621882576566e-01 1.6413401913219719e+01 13
1 1 1 1 3.0266593466011404e-02 2.2922185435056131e-02 1.0000208133182025e+00 7.8673482444283571e-02 1.1045731198534872e-01 1.6380098108119931e+01 13
1 1 1 1 3.0120214166525851e-02 2.2834319442055526e-02 1.0000218592663470e+00 7.8464487557375673e-02 1.1200825224762417e-01 1.6346798067607597e+01 13
1 1 1 1 2.9960835854810353e-02 2.2738851113673655e-02 1.0000229929072513e+00 7.8240145964738189e-02 1.1363912866299632e-01 1.6313502308770047e+01 13
1 1 1 1 2.9786560020129381e-02 2.2634634594582138e-02 1.0000242254616905e+00 7.7998394599419429e-02 1.1536205698674419e-01 1.6280211377880985e+01 13
1 1 1 1 2.9595009742645808e-02 2.2520279487997744e-02 1.0000255698190643e+00 7.7736783382582775e-02 1.1719172113179316e-01 1.6246925809339025e+01 14
1 1 1 1 2.9383277264006618e-02 2.2394084653775126e-02 1.0000270406680167e+00 7.7452388716640536e-02 1.1914609265553969e-01 1.6213646042111389e+01 14
1 1 1 1 2.9147776130444263e-02 2.2253951295253361e-02 1.0000286544860377e+00 7.7141708953936794e-02 1.2124739670193158e-01 1.6180372259166692e+01 14
1 1 1 1 2.8884034483562773e-02 2.2097177009795396e-02 1.0000304306090020e+00 7.6800542410870642e-02 1.2352353524135055e-01 1.6147102497864804e+01 14
1 1 1 1 2.8586519312864045e-02 2.1920595357965464e-02 1.0000323861229730e+00 7.6423904667213327e-02 1.2600922423021152e-01 1.6113841211791140e+01 14
1 1 1 1 2.8248094593470947e-02 2.1720038042586789e-02 1.0000345380653430e+00 7.6005715832230925e-02 1.2875006159732991e-01 1.6080576587504918e+01 14
1 1 1 1 2.7859783348170065e-02 2.1490314902659634e-02 1.0000368957454544e+00 7.5539042203594031e-02 1.3180394458938194e-01 1.6047306266205364e+01 13
1 1 1 1 2.7410530815507976e-02 2.1224771109300149e-02 1.0000394527775074e+00 7.5016017477960495e-02 1.3524749870345654e-01 1.6014013925290985e+01 11
1 1 1 1 2.7078418484009183e-02 2.1028526222361527e-02 1.0000412089376682e+00 7.4640937390570691e-02 1.3774860918272894e-01 1.5992291749469166e+01 21
1 1 1 1 2.6738836334852939e-02 2.0828002696479591e-02 1.0000428695833485e+00 7.4267732703617834e-02 1.4027883910624428e-01 1.5972165130802566e+01 22
1 1 1 1 2.6390939704899297e-02 2.0622684780266673e-02 1.0000444142999165e+00 7.3896394040099747e-02 1.4285346287473857e-01 1.5953379615242511e+01 23
1 1 1 1 2.6033723309904968e-02 2.0411787767510521e-02 1.0000458216477566e+00 7.3526912069899253e-02 1.4549069862096833e-01 1.5935705053648659e+01 24
1 1 1 1 2.5665674305485026e-02 2.0194463900096011e-02 1.0000470616580113e+00 7.3159277509549758e-02 1.4821288729062351e-01 1.5918929265704348e+01 25
1 1 1 1 2.5284555300809395e-02 1.9969519060161846e-02 1.0000480972322299e+00 7.2793481122002013e-02 1.5104920970740535e-01 1.5902845805883389e+01 27
1 1 1 1 2.4887553093451073e-02 1.9735021333659217e-02 1.0000488851760558e+00 7.2429513716392002e-02 1.5404034130889055e-01 1.5887238038297189e+01 29
1 1 1 1 2.4469975755230133e-02 1.9488381459913332e-02 1.0000493582272374e+00 7.2067366147810036e-02 1.5724603923248789e-01 1.5871859220802543e+01 31
1 1 1 1 2.0768092693300044e-02 1.7364040376901355e-02 1.0000217640293418e+00 7.1707029317070986e-02 2.0783589096612057e-01 1.5729732751007052e+01 38
