isScalarized | massIncreased | isMonotoneInside | isMonotoneOutside | mass_Baryon | mass_ADM | AST(radius) | radius  |  phi_c | rho_c | ctr |
1 1 1 1 3.4680976165150958e-02 2.5095682398653518e-02 1.0000000018571549e+00 8.0606614999985587e-02 4.2809427295880536e-04 2.2143033654306876e+01 48
1 1 1 1 3.4680724888242309e-02 2.5095549289109773e-02 1.0000000252377523e+00 8.0606364999985594e-02 1.5781331906295061e-03 2.2142792729365912e+01 34
1 1 1 1 3.4680473611794715e-02 2.5095416179454409e-02 1.0000000486177911e+00 8.0606114999985601e-02 2.1903770444791212e-03 2.2142551806561194e+01 31
1 1 1 1 3.4680222335808419e-02 2.5095283069688105e-02 1.0000000719972713e+00 8.0605864999985607e-02 2.6655217848802542e-03 2.2142310885893792e+01 29
1 1 1 1 3.4679971060283345e-02 2.5095149959810589e-02 1.0000000953761925e+00 8.0605614999985614e-02 3.0679421006366159e-03 2.2142069967363970e+01 28
1 1 1 1 3.4639468614023769e-02 2.5073689679512717e-02 1.0000038570262488e+00 8.0565312192485625e-02 1.9531149257420104e-02 2.2103259460829911e+01 19
1 1 1 1 3.4598998162087481e-02 2.5052237132816783e-02 1.0000076023486142e+00 8.0525029536389375e-02 2.7450286038092398e-02 2.2064525755492493e+01 26
1 1 1 1 3.4558559441544165e-02 2.5030792211479577e-02 1.0000113314280159e+00 8.0484767021621176e-02 3.3549336304842831e-02 2.2025870631275811e+01 26
1 1 1 1 3.4523645811519663e-02 2.5012269896561575e-02 1.0000145403308147e+00 8.0449996498318410e-02 3.8039197484363969e-02 2.1992537322190703e+01 25
1 1 1 1 3.4488691348290891e-02 2.4993719069869035e-02 1.0000177430942934e+00 8.0415177092120316e-02 4.2059109456567143e-02 2.1959204009878665e+01 17
1 1 1 1 3.4453694439009093e-02 2.4975138858089649e-02 1.0000209398493221e+00 8.0380307323467404e-02 4.5733239202738321e-02 2.1925870696159777e+01 17
1 1 1 1 3.4418653446484079e-02 2.4956528374081723e-02 1.0000241307271724e+00 8.0345385691813043e-02 4.9139280600406746e-02 2.1892537382069627e+01 17
1 1 1 1 3.4383566709158833e-02 2.4937886716834060e-02 1.0000273158594795e+00 8.0310410675712846e-02 5.2329675437776862e-02 2.1859204068358562e+01 17
1 1 1 1 3.4348432540070771e-02 2.4919212970902029e-02 1.0000304953782928e+00 8.0275380731901935e-02 5.5341796766373741e-02 2.1825870755035563e+01 17
1 1 1 1 3.4308183826296253e-02 2.4897808246758121e-02 1.0000341256071836e+00 8.0235243041535981e-02 5.8603974189287054e-02 2.1787742247529398e+01 22
1 1 1 1 3.4267962649635657e-02 2.4876398089438905e-02 1.0000377405069181e+00 8.0195125420015209e-02 6.1693287095456496e-02 2.1749702803724880e+01 22
1 1 1 1 3.4232663808115668e-02 2.4857600817957619e-02 1.0000409023774932e+00 8.0159909795924522e-02 6.4283376944329132e-02 2.1716372424483520e+01 17
1 1 1 1 3.4192497625078117e-02 2.4836203282796562e-02 1.0000444881719643e+00 8.0119829841026557e-02 6.7110194694493017e-02 2.1678509177623525e+01 21
1 1 1 1 3.4157076081294667e-02 2.4817326001668971e-02 1.0000476397565108e+00 8.0084477080330063e-02 6.9508594153982639e-02 2.1645175870813961e+01 17
1 1 1 1 3.4121595639661793e-02 2.4798410451713049e-02 1.0000507866056993e+00 8.0049058924098998e-02 7.1831430898665630e-02 2.1611842562014012e+01 17
1 1 1 1 3.4086054412881352e-02 2.4779455602902477e-02 1.0000539288541337e+00 8.0013573659593884e-02 7.4085869025551351e-02 2.1578509252635399e+01 17
1 1 1 1 3.4050450482437135e-02 2.4760460407502110e-02 1.0000570666369479e+00 7.9978019547621099e-02 7.6278029374596212e-02 2.1545175942954657e+01 17
1 1 1 1 3.4014781899607695e-02 2.4741423800580638e-02 1.0000602000896606e+00 7.9942394823712626e-02 7.8413190836391838e-02 2.1511842633755180e+01 17
1 1 1 1 3.3979046683352505e-02 2.4722344698863353e-02 1.0000633293483032e+00 7.9906697696179529e-02 8.0495944491708687e-02 2.1478509325046272e+01 17
1 1 1 1 3.3943242820354130e-02 2.4703222000721840e-02 1.0000664545493565e+00 7.9870926346342713e-02 8.2530313189422833e-02 2.1445176016838609e+01 17
1 1 1 1 3.3907368264230089e-02 2.4684054585731412e-02 1.0000695758297569e+00 7.9835078927922187e-02 8.4519845710224931e-02 2.1411842709153024e+01 17
1 1 1 1 3.3871420934677987e-02 2.4664841314186978e-02 1.0000726933269084e+00 7.9799153566379843e-02 8.6467691793752674e-02 2.1378509401987955e+01 17
1 1 1 1 3.3835398716672654e-02 2.4645581026644950e-02 1.0000758071786864e+00 7.9763148358318881e-02 8.8376662571788861e-02 2.1345176095364238e+01 17
1 1 1 1 3.3799299459558056e-02 2.4626272543409908e-02 1.0000789175234484e+00 7.9727061370784114e-02 9.0249279740882773e-02 2.1311842789297032e+01 17
1 1 1 1 3.3763120976145942e-02 2.4606914664024367e-02 1.0000820245000412e+00 7.9690890640577855e-02 9.2087815933224251e-02 2.1278509483792615e+01 17
1 1 1 1 3.3726861041804890e-02 2.4587506166749915e-02 1.0000851282478076e+00 7.9654634173577349e-02 9.3894328137838698e-02 2.1245176178867563e+01 17
1 1 1 1 3.3690517393487926e-02 2.4568045808014961e-02 1.0000882289065935e+00 7.9618289943997361e-02 9.5670685583204115e-02 2.1211842874538796e+01 17
1 1 1 1 3.3654087728739158e-02 2.4548532321856879e-02 1.0000913266167564e+00 7.9581855893639641e-02 9.7418593162388434e-02 2.1178509570815599e+01 17
1 1 1 1 3.3617569704685879e-02 2.4528964419342655e-02 1.0000944215191703e+00 7.9545329931144049e-02 9.9139611241034084e-02 2.1145176267715915e+01 17
1 1 1 1 3.3580960936973728e-02 2.4509340787967487e-02 1.0000975137552324e+00 7.9508709931187305e-02 1.0083517251069393e-01 2.1111842965256702e+01 17
1 1 1 1 3.3544258998673464e-02 2.4489660091034322e-02 1.0001006034668707e+00 7.9471993733668866e-02 1.0250659640821437e-01 2.1078509663446422e+01 17
1 1 1 1 3.3507461419183426e-02 2.4469920967030843e-02 1.0001036907965462e+00 7.9435179142899048e-02 1.0415510151649310e-01 2.1045176362305128e+01 17
1 1 1 1 3.3470565683055814e-02 2.4450122028962323e-02 1.0001067758872604e+00 7.9398263926724000e-02 1.0578181628420011e-01 2.1011843061858741e+01 17
1 1 1 1 3.3433569228764420e-02 2.4430261863650531e-02 1.0001098588825617e+00 7.9361245815614989e-02 1.0738778833573602e-01 2.0978509762102846e+01 17
1 1 1 1 3.3396469447552334e-02 2.4410339031082140e-02 1.0001129399265434e+00 7.9324122501829214e-02 1.0897399258556187e-01 2.0945176463076397e+01 17
1 1 1 1 3.3359263682058861e-02 2.4390352063623368e-02 1.0001160191638543e+00 7.9286891638390727e-02 1.1054133835094773e-01 2.0911843164783146e+01 17
1 1 1 1 3.3321949225071638e-02 2.4370299465317068e-02 1.0001190967396967e+00 7.9249550838185773e-02 1.1209067559864080e-01 2.0878509867248827e+01 17
1 1 1 1 3.3284506481222345e-02 2.4350179711078616e-02 1.0001221727998308e+00 7.9212097672933357e-02 1.1362280046045506e-01 2.0845176570488217e+01 17
1 1 1 1 3.3246943059732963e-02 2.4329991245905125e-02 1.0001252474905760e+00 7.9174529672180222e-02 1.1513846011436971e-01 2.0811843274524687e+01 17
1 1 1 1 3.3209262603949047e-02 2.4309732484043830e-02 1.0001283209588112e+00 7.9136844322229394e-02 1.1663835712199756e-01 2.0778509979374135e+01 17
1 1 1 1 3.3171462192203884e-02 2.4289401808137129e-02 1.0001313933519747e+00 7.9099039065067989e-02 1.1812315329238030e-01 2.0745176685059882e+01 17
1 1 1 1 3.3133538845655459e-02 2.4268997568327188e-02 1.0001344648180641e+00 7.9061111297234365e-02 1.1959347313641536e-01 2.0711843391602219e+01 17
1 1 1 1 3.3095489526681190e-02 2.4248518081345038e-02 1.0001375355056330e+00 7.9023058368667298e-02 1.2104990696255315e-01 2.0678510099022414e+01 17
1 1 1 1 3.3057311137205170e-02 2.4227961629557888e-02 1.0001406055637891e+00 7.8984877581515400e-02 1.2249301365928775e-01 2.0645176807344097e+01 17
1 1 1 1 3.3019000516965831e-02 2.4207326459979629e-02 1.0001436751421890e+00 7.8946566188904443e-02 1.2392332320279328e-01 2.0611843516591062e+01 17
1 1 1 1 3.2980554441724472e-02 2.4186610783256433e-02 1.0001467443910339e+00 7.8908121393668373e-02 1.2534133892253124e-01 2.0578510226781830e+01 17
1 1 1 1 3.2941969621426925e-02 2.4165812772614710e-02 1.0001498134610614e+00 7.8869540347059897e-02 1.2674753955209633e-01 2.0545176937948799e+01 17
1 1 1 1 3.2903242698254349e-02 2.4144930562753714e-02 1.0001528825035386e+00 7.8830820147373026e-02 1.2814238109290818e-01 2.0511843650109029e+01 17
1 1 1 1 3.2864370244664383e-02 2.4123962248726295e-02 1.0001559516702512e+00 7.8791957838584614e-02 1.2952629850739944e-01 2.0478510363296714e+01 17
1 1 1 1 3.2825348761299139e-02 2.4102905884751554e-02 1.0001590211134930e+00 7.8752950408885358e-02 1.3089970726561936e-01 2.0445177077530250e+01 17
1 1 1 1 3.2786174674875636e-02 2.4081759483009238e-02 1.0001620909860516e+00 7.8713794789231767e-02 1.3226300475608985e-01 2.0411843792841864e+01 17
1 1 1 1 3.2746844335951257e-02 2.4060521012365332e-02 1.0001651614411939e+00 7.8674487851795399e-02 1.3361657157965595e-01 2.0378510509260902e+01 17
1 1 1 1 3.2707354016624189e-02 2.4039188397063763e-02 1.0001682326326493e+00 7.8635026408384656e-02 1.3496077273627538e-01 2.0345177226810272e+01 17
1 1 1 1 3.2667699908166585e-02 2.4017759515373015e-02 1.0001713047145879e+00 7.8595407208835455e-02 1.3629595871542893e-01 2.0311843945524839e+01 17
1 1 1 1 3.2627878118535597e-02 2.3996232198169112e-02 1.0001743778416010e+00 7.8555626939308232e-02 1.3762246650190782e-01 2.0278510665439835e+01 17
1 1 1 1 3.2587884669790637e-02 2.3974604227463094e-02 1.0001774521686762e+00 7.8515682220538147e-02 1.3894062050471381e-01 2.0245177386570102e+01 17
1 1 1 1 3.2547715495485165e-02 2.3952873334906609e-02 1.0001805278511662e+00 7.8475569606098639e-02 1.4025073341302347e-01 2.0211844108972077e+01 17
1 1 1 1 3.2507366437809201e-02 2.3931037200170001e-02 1.0001836050447654e+00 7.8435285580453984e-02 1.4155310699520693e-01 2.0178510832656034e+01 17
1 1 1 1 3.2466833244808063e-02 2.3909093449345768e-02 1.0001866839054685e+00 7.8394826557140002e-02 1.4284803283411257e-01 2.0145177557673044e+01 17
1 1 1 1 3.2426111567323501e-02 2.3887039653209530e-02 1.0001897645895390e+00 7.8354188876708197e-02 1.4413579301679005e-01 2.0111844284051738e+01 17
1 1 1 1 3.2385196955918953e-02 2.3864873325456969e-02 1.0001928472534656e+00 7.8313368804716177e-02 1.4541666077402937e-01 2.0078511011826379e+01 17
1 1 1 1 3.2345938208554130e-02 2.3843590020166606e-02 1.0001957936035473e+00 7.8274212120313824e-02 1.4663372853063530e-01 2.0046676885001247e+01 17
1 1 1 1 3.2304634255758274e-02 2.3821181202669219e-02 1.0001988813410685e+00 7.8233028480550165e-02 1.4790184270971118e-01 2.0013344401319852e+01 17
1 1 1 1 3.2263124848182834e-02 2.3798652864110675e-02 1.0002019714551660e+00 7.8191652179175841e-02 1.4916378865294705e-01 1.9980012912785270e+01 17
1 1 1 1 3.2223891416676885e-02 2.3777352374412974e-02 1.0002048801648027e+00 7.8152556353086253e-02 1.5034529885208484e-01 1.9948663956009234e+01 17
1 1 1 1 3.2181964664234654e-02 2.3754581736717552e-02 1.0002079756826023e+00 7.8110789933609648e-02 1.5159610514722363e-01 1.9915330686943818e+01 17
1 1 1 1 3.2139816523860089e-02 2.3731682675772598e-02 1.0002110741303649e+00 7.8068817445221095e-02 1.5284147958556052e-01 1.9881997421405561e+01 17
1 1 1 1 3.2097441758769309e-02 2.3708652256456200e-02 1.0002141756647587e+00 7.8026634574054676e-02 1.5408164879598049e-01 1.9848664158884713e+01 17
1 1 1 1 3.2054835002869389e-02 2.3685487469977611e-02 1.0002172804421643e+00 7.7984236912736538e-02 1.5531683438884128e-01 1.9815330899126998e+01 17
1 1 1 1 3.2011990755062433e-02 2.3662185230652985e-02 1.0002203886186765e+00 7.7941619956360342e-02 1.5654725336771155e-01 1.9781997641149900e+01 17
1 1 1 1 3.1968903376870410e-02 2.3638742374482144e-02 1.0002235003498425e+00 7.7898779101860716e-02 1.5777311842183900e-01 1.9748664384995838e+01 17
1 1 1 1 3.1925567086333248e-02 2.3615155655698609e-02 1.0002266157906516e+00 7.7855709643767979e-02 1.5899463830530514e-01 1.9715331130709057e+01 17
1 1 1 1 3.1881975952994836e-02 2.3591421743891720e-02 1.0002297350954170e+00 7.7812406771156556e-02 1.6021201816260258e-01 1.9681997878355215e+01 17
1 1 1 1 3.1838123892609024e-02 2.3567537220983932e-02 1.0002328584176559e+00 7.7768865564414924e-02 1.6142545984352868e-01 1.9648664627970334e+01 17
1 1 1 1 3.1794004661738234e-02 2.3543498578132448e-02 1.0002359859099483e+00 7.7725080992030710e-02 1.6263516220225477e-01 1.9615331379616919e+01 17
1 1 1 1 3.1749611851997435e-02 2.3519302212433580e-02 1.0002391177237930e+00 7.7681047907142364e-02 1.6384132138896071e-01 1.9581998133351927e+01 17
1 1 1 1 3.1704938884095063e-02 2.3494944423511018e-02 1.0002422540094482e+00 7.7636761044017982e-02 1.6504413113071972e-01 1.9548664889229677e+01 17
1 1 1 1 3.1659979001600710e-02 2.3470421409940295e-02 1.0002453949157581e+00 7.7592215014413352e-02 1.6624378300414633e-01 1.9515331647302038e+01 17
1 1 1 1 3.1614725264462497e-02 2.3445729265538066e-02 1.0002485405899646e+00 7.7547404303812684e-02 1.6744046669984847e-01 1.9481998407642521e+01 17
1 1 1 1 3.1569170542129273e-02 2.3420863975414073e-02 1.0002516911775092e+00 7.7502323267456152e-02 1.6863437028323247e-01 1.9448665170297541e+01 16
1 1 1 1 3.1523307506503770e-02 2.3395821411937117e-02 1.0002548468218089e+00 7.7456966126349835e-02 1.6982568044622831e-01 1.9415331935340099e+01 16
1 1 1 1 3.1477128339799945e-02 2.3370597330418557e-02 1.0002580076640228e+00 7.7411326963009786e-02 1.7101458275794895e-01 1.9381998702830654e+01 16
1 1 1 1 3.1430596915966467e-02 2.3345187364655278e-02 1.0002611738427949e+00 7.7365399717131300e-02 1.7220126190978335e-01 1.9348665472833336e+01 16
1 1 1 1 3.1383733982400457e-02 2.3319587022241038e-02 1.0002643454939759e+00 7.7319178181078196e-02 1.7338590195839029e-01 1.9315332245415586e+01 16
1 1 1 1 3.1336531342013599e-02 2.3293791679652422e-02 1.0002675227503237e+00 7.7272655995206385e-02 1.7456868656686114e-01 1.9281999020646992e+01 16
1 1 1 1 3.1288980559217333e-02 2.3267796577095937e-02 1.0002707057411784e+00 7.7225826643017748e-02 1.7574979924493617e-01 1.9248665798595308e+01 16
1 1 1 1 3.1241072950535853e-02 2.3241596813117469e-02 1.0002738945921115e+00 7.7178683446152224e-02 1.7692942358868266e-01 1.9215332579331356e+01 16
1 1 1 1 3.1192799574740228e-02 2.3215187338934067e-02 1.0002770894245436e+00 7.7131219559190223e-02 1.7810774352094505e-01 1.9181999362928426e+01 16
1 1 1 1 3.1144151222498452e-02 2.3188562952484629e-02 1.0002802903553361e+00 7.7083427964265622e-02 1.7928494353333066e-01 1.9148666149457853e+01 16
1 1 1 1 3.1095118405527169e-02 2.3161718292198964e-02 1.0002834974963426e+00 7.7035301465499528e-02 1.8046120893006065e-01 1.9115332938993902e+01 16
1 1 1 1 3.1045691345182681e-02 2.3134647830436679e-02 1.0002867109539288e+00 7.6986832683224843e-02 1.8163672607525802e-01 1.9081999731607898e+01 16
1 1 1 1 3.0995859960496402e-02 2.3107345866607246e-02 1.0002899308284485e+00 7.6938014048025249e-02 1.8281168264348691e-01 1.9048666527379812e+01 16
1 1 1 1 3.0945613855564744e-02 2.3079806519918249e-02 1.0002931572136795e+00 7.6888837794528431e-02 1.8398626787596992e-01 1.9015333326383743e+01 16
1 1 1 1 3.0894942306319388e-02 2.3052023721764951e-02 1.0002963901962112e+00 7.6839295955015097e-02 1.8516067284184615e-01 1.8982000128690625e+01 16
1 1 1 1 3.0843834246615732e-02 2.3023991207721747e-02 1.0002996298547788e+00 7.6789380352814490e-02 1.8633509070566670e-01 1.8948666934380590e+01 16
1 1 1 1 3.0792278253561206e-02 2.2995702509103540e-02 1.0003028762595456e+00 7.6739082595433994e-02 1.8750971700341343e-01 1.8915333743527256e+01 16
1 1 1 1 3.0740262532087077e-02 2.2967150944079917e-02 1.0003061294713231e+00 7.6688394067490617e-02 1.8868474992644613e-01 1.8882000556200534e+01 16
1 1 1 1 3.0687774898710735e-02 2.2938329608324835e-02 1.0003093895407229e+00 7.6637305923412558e-02 1.8986039061478344e-01 1.8848667372477490e+01 16
1 1 1 1 3.0648364742905412e-02 2.2916682064325948e-02 1.0003118223296052e+00 7.6598987270450850e-02 1.9073659646166241e-01 1.8823838768348516e+01 16
1 1 1 1 3.0608934646485803e-02 2.2895002248331173e-02 1.0003142447022004e+00 7.6560687776815628e-02 1.9160773529782402e-01 1.8799168660636735e+01 16
1 1 1 1 3.0555228377760847e-02 2.2865463515825808e-02 1.0003175232005672e+00 7.6508579886704453e-02 1.9278556597911209e-01 1.8765841334946483e+01 16
1 1 1 1 3.0515755505384271e-02 2.2843746307871809e-02 1.0003199173630595e+00 7.6470325596761105e-02 1.9364494012862454e-01 1.8741548372265079e+01 16
1 1 1 1 3.0461135948859162e-02 2.2813686079145315e-02 1.0003232085088507e+00 7.6417454765212167e-02 1.9482542675888734e-01 1.8708215152571032e+01 16
1 1 1 1 3.0405973996781174e-02 2.2783316085385467e-02 1.0003265066117115e+00 7.6364134185525623e-02 1.9600762916677272e-01 1.8674881963429254e+01 16
1 1 1 1 3.0350254609000468e-02 2.2752627784666482e-02 1.0003298116365209e+00 7.6310353383123919e-02 1.9719177461090012e-01 1.8641548792064707e+01 16
1 1 1 1 3.0293962226977184e-02 2.2721612337259618e-02 1.0003331235282327e+00 7.6256101609806837e-02 1.9837809544527729e-01 1.8608215636197464e+01 16
1 1 1 1 3.0237080715552488e-02 2.2690260572904103e-02 1.0003364422121486e+00 7.6201367802771924e-02 1.9956683024144156e-01 1.8574882484379305e+01 16
1 1 1 1 3.0179593371019778e-02 2.2658562994562915e-02 1.0003397675900398e+00 7.6146140608777280e-02 2.0075822350096018e-01 1.8541549336626680e+01 16
1 1 1 1 3.0121482873605297e-02 2.2626509751506260e-02 1.0003430995392926e+00 7.6090408356022932e-02 2.0195252653558279e-01 1.8508216192941109e+01 16
1 1 1 1 3.0062731257368431e-02 2.2594090621939268e-02 1.0003464379107363e+00 7.6034159044301053e-02 2.0314999796768893e-01 1.8474883053321452e+01 16
1 1 1 1 3.0003319878232623e-02 2.2561294994554476e-02 1.0003497825262770e+00 7.5977380334931011e-02 2.0435090426320746e-01 1.8441549917730150e+01 16
1 1 1 1 2.9943229380191665e-02 2.2528111849013901e-02 1.0003531331763058e+00 7.5920059540669965e-02 2.0555552029571794e-01 1.8408216786128992e+01 16
1 1 1 1 2.9882439659327648e-02 2.2494529735179646e-02 1.0003564896168757e+00 7.5862183615419243e-02 2.0676412995036289e-01 1.8374883658431052e+01 16
1 1 1 1 2.9820893924760800e-02 2.2460536751136188e-02 1.0003598515666041e+00 7.5803739144032267e-02 2.0797702676461477e-01 1.8341550534546084e+01 16
1 1 1 1 2.9758603211784539e-02 2.2426120519756253e-02 1.0003632187032943e+00 7.5744712331991759e-02 2.0919451461639671e-01 1.8308217414333047e+01 16
1 1 1 1 2.9695548083582116e-02 2.2391268163864012e-02 1.0003665906602253e+00 7.5685088995288530e-02 2.1041690845819297e-01 1.8274884297612370e+01 16
1 1 1 1 2.9631705040306346e-02 2.2355966279801853e-02 1.0003699670220902e+00 7.5624854550451037e-02 2.1164453510410802e-01 1.8241551184171467e+01 16
1 1 1 1 2.9567049618400631e-02 2.2320200909284122e-02 1.0003733473205403e+00 7.5563994004792245e-02 2.1287773407599903e-01 1.8208218073734663e+01 16
1 1 1 1 2.9501556338836683e-02 2.2283957509461015e-02 1.0003767310292915e+00 7.5502491947117001e-02 2.1411685851171813e-01 1.8174884965967660e+01 16
1 1 1 1 2.9435198651977253e-02 2.2247220921038056e-02 1.0003801175587475e+00 7.5440332538943666e-02 2.1536227614346293e-01 1.8141551860466421e+01 16
1 1 1 1 2.9367948878824081e-02 2.2209975334290227e-02 1.0003835062500845e+00 7.5377499506438600e-02 2.1661437035254755e-01 1.8108218756746805e+01 16
1 1 1 1 2.9299778148390888e-02 2.2172204252839983e-02 1.0003868963687421e+00 7.5313976133259408e-02 2.1787354130847889e-01 1.8074885654227785e+01 16
1 1 1 1 2.9230656330920438e-02 2.2133890455022308e-02 1.0003902870972459e+00 7.5249745254569789e-02 2.1914020720048755e-01 1.8041552552218658e+01 16
1 1 1 1 2.9160551966635712e-02 2.2095015952669300e-02 1.0003936775272935e+00 7.5184789252499690e-02 2.2041480557137785e-01 1.8008219449900132e+01 16
1 1 1 1 2.9119881541760824e-02 2.2072440860092166e-02 1.0003956235349680e+00 7.5147196857873438e-02 2.2114971135603020e-01 1.7989098465445988e+01 16
1 1 1 1 2.9048173623613470e-02 2.2032622139964708e-02 1.0003990141969767e+00 7.5081077482600733e-02 2.2243754570817978e-01 1.7955769930702015e+01 16
1 1 1 1 2.9007358988983368e-02 2.2009950890897776e-02 1.0004009207019735e+00 7.5043536943859429e-02 2.2316614082449707e-01 1.7937017555889785e+01 16
1 1 1 1 2.8966489932141359e-02 2.1987244152712793e-02 1.0004028126188389e+00 7.5006015175387505e-02 2.2389256857528722e-01 1.7918397089406024e+01 16
1 1 1 1 2.8892457976393355e-02 2.1946098867009625e-02 1.0004061957291068e+00 7.4938224810830789e-02 2.2520062904312735e-01 1.7885063850117934e+01 16
1 1 1 1 2.8817275684452023e-02 2.1904296784312643e-02 1.0004095728397582e+00 7.4869620614826216e-02 2.2651897974392241e-01 1.7851730658060347e+01 16
1 1 1 1 2.8740902402337450e-02 2.1861814616203207e-02 1.0004129423285406e+00 7.4800182410652893e-02 2.2784820026475777e-01 1.7818397506493206e+01 16
1 1 1 1 2.8663295476157983e-02 2.1818627921772641e-02 1.0004163024046713e+00 7.4729889563779017e-02 2.2918890291862851e-01 1.7785064367005941e+01 16
1 1 1 1 2.8584410186980408e-02 2.1774711068826176e-02 1.0004196510888803e+00 7.4658721055431421e-02 2.3054173439172640e-01 1.7751731213630048e+01 16
1 1 1 1 2.8504199673469382e-02 2.1730037188209969e-02 1.0004229861918885e+00 7.4586655559250425e-02 2.3190737775385897e-01 1.7718398043058613e+01 16
1 1 1 1 2.8422573026799403e-02 2.1684578066276685e-02 1.0004263052950038e+00 7.4513671434984136e-02 2.3328655650882224e-01 1.7685064851400057e+01 16
1 1 1 1 2.8339508460637739e-02 2.1638304061336214e-02 1.0004296057258237e+00 7.4439746781397143e-02 2.3468003804285498e-01 1.7651731634094389e+01 16
1 1 1 1 2.8254963472904220e-02 2.1591184014440951e-02 1.0004328845310519e+00 7.4364859502574626e-02 2.3608863743185246e-01 1.7618398385788893e+01 16
1 1 1 1 2.8168880979504346e-02 2.1543185154241466e-02 1.0004361384460376e+00 7.4288987390337596e-02 2.3751322165104868e-01 1.7585065100200779e+01 16
1 1 1 1 2.8081200925865753e-02 2.1494272995603799e-02 1.0004393638606004e+00 7.4212108225911511e-02 2.3895471424029524e-01 1.7551731769925855e+01 16
1 1 1 1 2.8038712235311559e-02 2.1470562648387422e-02 1.0004408942120411e+00 7.4175002171798551e-02 2.3964992343089472e-01 1.7535800293243287e+01 16
1 1 1 1 2.7996131422057827e-02 2.1446795616361217e-02 1.0004424062997510e+00 7.4137914670712651e-02 2.4034453721731766e-01 1.7519977690107726e+01 16
1 1 1 1 2.7953456304537969e-02 2.1422970672544180e-02 1.0004438999082421e+00 7.4100845713377300e-02 2.4103863063554259e-01 1.7504262886141682e+01 16
1 1 1 1 2.7910684637723299e-02 2.1399086553925611e-02 1.0004453748158180e+00 7.4063795290520609e-02 2.4173227979302445e-01 1.7488654798894164e+01 16
1 1 1 1 2.7867814110221361e-02 2.1375141959839892e-02 1.0004468307943342e+00 7.4026763392875353e-02 2.4242556193929873e-01 1.7473152337573449e+01 16
1 1 1 1 2.7824839058392076e-02 2.1351119117555120e-02 1.0004482695827326e+00 7.3989750011178912e-02 2.4311860355500525e-01 1.7457753283918986e+01 16
1 1 1 1 2.7730469732978567e-02 2.1298340963671940e-02 1.0004513498744145e+00 7.3908852381505019e-02 2.4463395489186471e-01 1.7424428225688224e+01 16
1 1 1 1 2.7687154425658729e-02 2.1274107744268526e-02 1.0004527264405032e+00 7.3871897955314264e-02 2.4532662684483886e-01 1.7409354698851658e+01 16
1 1 1 1 2.7643727086605809e-02 2.1249806729605542e-02 1.0004540827796247e+00 7.3834962006336602e-02 2.4601935345922438e-01 1.7394381021667730e+01 16
1 1 1 1 2.7600184917298660e-02 2.1225436343044808e-02 1.0004554186170296e+00 7.3798044525333437e-02 2.4671222090426909e-01 1.7379506043099525e+01 16
1 1 1 1 2.7556525026189681e-02 2.1200994955393841e-02 1.0004567336693111e+00 7.3761145503070766e-02 2.4740531713000494e-01 1.7364728600823856e+01 16
1 1 1 1 2.7512744423995487e-02 2.1176480882269907e-02 1.0004580276440160e+00 7.3724264930319236e-02 2.4809873197868695e-01 1.7350047520654485e+01 16
1 1 1 1 2.7468840018690575e-02 2.1151892381302419e-02 1.0004593002392308e+00 7.3687402797854074e-02 2.4879255730298566e-01 1.7335461615919090e+01 16
1 1 1 1 2.7424808610173643e-02 2.1127227649155259e-02 1.0004605511431406e+00 7.3650559096455140e-02 2.4948688709169814e-01 1.7320969686782071e+01 16
1 1 1 1 2.7380646884571588e-02 2.1102484818337399e-02 1.0004617800335593e+00 7.3613733816906918e-02 2.5018181760355862e-01 1.7306570519510441e+01 16
1 1 1 1 2.7336351408173469e-02 2.1077661953820433e-02 1.0004629865774282e+00 7.3576926949998470e-02 2.5087744750976576e-01 1.7292262885679175e+01 16
1 1 1 1 2.7291918620931149e-02 2.1052757049402043e-02 1.0004641704302801e+00 7.3540138486523465e-02 2.5157387804616554e-01 1.7278045541307844e+01 16
1 1 1 1 2.7247326294697092e-02 2.1027768023829590e-02 1.0004653312356686e+00 7.3503368417280210e-02 2.5227121317569673e-01 1.7263917225927333e+01 16
1 1 1 1 2.7202577304548652e-02 2.1002692716650204e-02 1.0004664686245541e+00 7.3466616733071574e-02 2.5296955976209073e-01 1.7249876661569022e+01 16
1 1 1 1 2.7157679672400840e-02 2.0977528883756744e-02 1.0004675822146489e+00 7.3429883424705036e-02 2.5366902775591799e-01 1.7235922551668395e+01 16
1 1 1 1 2.7112629257741414e-02 2.0952274192612516e-02 1.0004686716097140e+00 7.3393168482992682e-02 2.5436973039400240e-01 1.7222053579877407e+01 16
1 1 1 1 2.7067421753639079e-02 2.0926926217121736e-02 1.0004697363988049e+00 7.3356471898751191e-02 2.5507178441356321e-01 1.7208268408775140e+01 16
1 1 1 1 2.7022052676864527e-02 2.0901482432113993e-02 1.0004707761554608e+00 7.3319793662801822e-02 2.5577531028227879e-01 1.7194565678471207e+01 16
1 1 1 1 2.6976517357249909e-02 2.0875940207399368e-02 1.0004717904368317e+00 7.3283133765970426e-02 2.5648043244574092e-01 1.7180944005092890e+01 16
1 1 1 1 2.6930810926211829e-02 2.0850296801368965e-02 1.0004727787827394e+00 7.3246492199087437e-02 2.5718727959465809e-01 1.7167401979131942e+01 16
1 1 1 1 2.6884928304366972e-02 2.0824549354075347e-02 1.0004737407146653e+00 7.3209868952987894e-02 2.5789598495257127e-01 1.7153938163660520e+01 16
1 1 1 1 2.6838864188138283e-02 2.0798694879765399e-02 1.0004746757346543e+00 7.3173264018511402e-02 2.5860668658738595e-01 1.7140551092379170e+01 15
1 1 1 1 2.6792613035256131e-02 2.0772730258782304e-02 1.0004755833241343e+00 7.3136677386502147e-02 2.5931952774812306e-01 1.7127239267499988e+01 15
1 1 1 1 2.6746169049040449e-02 2.0746652228804348e-02 1.0004764629426328e+00 7.3100109047808892e-02 2.6003465723035568e-01 1.7114001157431627e+01 15
1 1 1 1 2.6699523096128702e-02 2.0720443430011660e-02 1.0004773157693403e+00 7.3063558993284983e-02 2.6075227278655938e-01 1.7100834379291172e+01 15
1 1 1 1 2.6579386717372647e-02 2.0652897446067364e-02 1.0004793642674117e+00 7.2970254850022620e-02 2.6259811987975079e-01 1.7067507695041542e+01 15
1 1 1 1 2.6531977710537256e-02 2.0626233276575989e-02 1.0004801119437301e+00 7.2933769722597602e-02 2.6332580548741302e-01 1.7054583580508325e+01 15
1 1 1 1 2.6484338152477933e-02 2.0599434568723995e-02 1.0004808281697752e+00 7.2897302837736308e-02 2.6405672740437969e-01 1.7041723950686656e+01 15
1 1 1 1 2.6436460075831458e-02 2.0572496843501223e-02 1.0004815122201964e+00 7.2860854186317436e-02 2.6479108247911920e-01 1.7028926976903573e+01 15
1 1 1 1 2.6388335083977622e-02 2.0545415381702088e-02 1.0004821633335752e+00 7.2824423759224280e-02 2.6552907717113644e-01 1.7016190770437490e+01 15
1 1 1 1 2.6339954317446811e-02 2.0518185205201954e-02 1.0004827807097183e+00 7.2788011547344669e-02 2.6627092833274824e-01 1.7003513377403674e+01 15
1 1 1 1 2.6291308416875370e-02 2.0490801056314463e-02 1.0004833635066781e+00 7.2751617541571001e-02 2.6701686407159381e-01 1.6990892773095414e+01 15
1 1 1 1 2.6242387482066545e-02 2.0463257374985461e-02 1.0004839108374648e+00 7.2715241732800209e-02 2.6776712470435537e-01 1.6978326855709916e+01 15
1 1 1 1 2.6193165188288063e-02 2.0435548273522289e-02 1.0004844217664079e+00 7.2678884111933809e-02 2.6852196381371402e-01 1.6965813439378461e+01 15
1 1 1 1 2.6143626828363180e-02 2.0407667508557860e-02 1.0004848953051257e+00 7.2642544669877837e-02 2.6928164942230376e-01 1.6953350246409634e+01 15
1 1 1 1 2.6093780158144321e-02 2.0379608449832731e-02 1.0004853304080426e+00 7.2606223397542899e-02 2.7004646530071441e-01 1.6940934898623503e+01 15
1 1 1 1 2.6043612604189820e-02 2.0351364045367800e-02 1.0004857259673960e+00 7.2569920285844122e-02 2.7081671242749461e-01 1.6928564907665539e+01 15
1 1 1 1 2.5993110767738206e-02 2.0322926782490324e-02 1.0004860808076561e+00 7.2533635325701201e-02 2.7159271062473866e-01 1.6916237664128719e+01 15
1 1 1 1 2.5942260346112401e-02 2.0294288644097533e-02 1.0004863936792721e+00 7.2497368508038354e-02 2.7237480039482737e-01 1.6903950425317532e+01 15
1 1 1 1 2.5891046044236338e-02 2.0265441059423100e-02 1.0004866632516436e+00 7.2461119823784337e-02 2.7316334498955791e-01 1.6891700301440693e+01 15
1 1 1 1 2.5839451474682723e-02 2.0236374848436926e-02 1.0004868881051936e+00 7.2424889263872444e-02 2.7395873274921462e-01 1.6879484239972296e+01 15
1 1 1 1 2.5787459044401613e-02 2.0207080158845241e-02 1.0004870667223977e+00 7.2388676819240508e-02 2.7476137975512482e-01 1.6867299007890495e+01 15
1 1 1 1 2.5735049760281552e-02 2.0177546131457069e-02 1.0004871975099423e+00 7.2352482480830885e-02 2.7557173378676236e-01 1.6855141157105567e+01 15
1 1 1 1 2.5682195929191635e-02 2.0147732314797436e-02 1.0004872822848869e+00 7.2316306239590469e-02 2.7639038029934665e-01 1.6843005456099647e+01 15
1 1 1 1 2.5534259825573495e-02 2.0064265399070212e-02 1.0004872434357663e+00 7.2216817666787669e-02 2.7869056261526620e-01 1.6809689284582813e+01 15
1 1 1 1 2.5479552262046293e-02 2.0033392458231939e-02 1.0004871239616651e+00 7.2180709257954279e-02 2.7954494121300177e-01 1.6797605408809741e+01 15
1 1 1 1 2.5424284092225503e-02 2.0002200030725864e-02 1.0004869444561704e+00 7.2144618903325297e-02 2.8041040521756710e-01 1.6785523876307241e+01 15
1 1 1 1 2.5368422144312688e-02 1.9970669581066473e-02 1.0004867021516184e+00 7.2108546593873640e-02 2.8128773212311248e-01 1.6773439068476232e+01 15
1 1 1 1 2.5311929938286484e-02 1.9938780732446804e-02 1.0004863940174837e+00 7.2072492320576706e-02 2.8217777662210719e-01 1.6761344852115073e+01 15
1 1 1 1 2.5254742331665088e-02 1.9906510998328970e-02 1.0004860167227261e+00 7.2036456074416416e-02 2.8308148200849681e-01 1.6749234501949061e+01 15
1 1 1 1 2.5196820946739626e-02 1.9873835461424075e-02 1.0004855665908248e+00 7.2000437846379203e-02 2.8399989382994018e-01 1.6737100607751689e+01 15
1 1 1 1 2.5138134646636820e-02 1.9840726386881391e-02 1.0004850395456775e+00 7.1964437627456010e-02 2.8493417635513535e-01 1.6724934962162848e+01 15
1 1 1 1 2.5078627790600938e-02 1.9807152752375629e-02 1.0004844310459744e+00 7.1928455408642275e-02 2.8588563260018507e-01 1.6712728424071084e+01 15
1 1 1 1 2.5018237785130140e-02 1.9773079672167092e-02 1.0004837360048842e+00 7.1892491180937948e-02 2.8685572889991656e-01 1.6700470750762122e+01 15
1 1 1 1 2.4956893799087113e-02 1.9738467684286151e-02 1.0004829486908000e+00 7.1856544935347474e-02 2.8784612535128429e-01 1.6688150389667722e+01 15
1 1 1 1 2.4894515156072269e-02 1.9703271858835199e-02 1.0004820626033641e+00 7.1820616662879797e-02 2.8885871393807083e-01 1.6675754217214863e+01 16
1 1 1 1 2.4831002469683904e-02 1.9667417993850848e-02 1.0004810728752094e+00 7.1784706354548353e-02 2.8989577208514644e-01 1.6663265934373236e+01 16
1 1 1 1 2.4658165870679351e-02 1.9569822230738269e-02 1.0004779096179541e+00 7.1690581845153645e-02 2.9275224901557562e-01 1.6629932725786489e+01 15
1 1 1 1 2.4589519636323963e-02 1.9531067242124493e-02 1.0004764540347908e+00 7.1654736554231074e-02 2.9390221197763461e-01 1.6616945287628575e+01 16
1 1 1 1 2.4519062494273079e-02 1.9491296276953094e-02 1.0004748381477335e+00 7.1618909185953955e-02 2.9509263264420155e-01 1.6603756260710103e+01 16
1 1 1 1 2.4446529336922602e-02 1.9450375091217879e-02 1.0004730430411677e+00 7.1583099731360983e-02 2.9632921456932443e-01 1.6590326445674464e+01 16
1 1 1 1 2.4371606941443559e-02 1.9408136890377865e-02 1.0004710453018175e+00 7.1547308181495309e-02 2.9761905749446904e-01 1.6576607033622402e+01 17
1 1 1 1 2.4293949566839144e-02 1.9364370032665876e-02 1.0004688153328556e+00 7.1511534527404566e-02 2.9897118785858456e-01 1.6562535928227568e+01 17
1 1 1 1 2.4213060645637358e-02 1.9318799015709303e-02 1.0004663147510886e+00 7.1475778760140871e-02 3.0039738004455363e-01 1.6548032044163339e+01 17
1 1 1 1 2.4128272626457167e-02 1.9271053627042543e-02 1.0004634921702653e+00 7.1440040870760807e-02 3.0191349044253291e-01 1.6532986031974438e+01 17
1 1 1 1 2.4038629650715401e-02 1.9220564221407551e-02 1.0004602805486784e+00 7.1404320850325428e-02 3.0354213465367397e-01 1.6517240653709496e+01 17
1 1 1 1 2.3942761153481391e-02 1.9166597450755891e-02 1.0004565710480067e+00 7.1368618689900271e-02 3.0531607688967294e-01 1.6500569803311247e+01 18
1 1 1 1 2.3838470181134920e-02 1.9107946354372154e-02 1.0004521950314955e+00 7.1332934380555324e-02 3.0728783899574486e-01 1.6482609301016907e+01 18
1 1 1 1 2.3721788603903601e-02 1.9042435114148035e-02 1.0004468554094146e+00 7.1297267913365048e-02 3.0955143041557587e-01 1.6462705061630960e+01 19
1 1 1 1 2.3584201158107283e-02 1.8965367703167885e-02 1.0004399134023689e+00 7.1261619279408370e-02 3.1231030628427037e-01 1.6439437282560075e+01 20
1 1 1 1 2.3397467816511235e-02 1.8861053607229408e-02 1.0004292531952712e+00 7.1225988469768672e-02 3.1624470544319616e-01 1.6408041519400072e+01 22
1 1 1 1 2.3372086751392348e-02 1.8846898510175090e-02 1.0004276848251115e+00 7.1222427170345187e-02 3.1679919569165810e-01 1.6403778218634894e+01 15
1 1 1 1 2.3343911571002747e-02 1.8831196381969863e-02 1.0004259075409219e+00 7.1218866048986668e-02 3.1742091308557480e-01 1.6399043951774303e+01 16
1 1 1 1 2.3311571253278669e-02 1.8813188414567660e-02 1.0004238192354584e+00 7.1215305105684218e-02 3.1814291256212801e-01 1.6393606248122296e+01 16
