beta   |   likelihood  |
0.0 1.4252768949671284e-17
1.0 4.308310329083259e-22
4.0 2.9230238937494976e-20
7.0 2.5807747454173414e-20
10.0 2.6941298929891773e-20
13.0 2.5680324511660642e-20
16.0 2.4422192649082214e-20
19.0 2.202821744007467e-20
22.0 1.9778336204612493e-20
25.0 1.7562363454411363e-20
28.0 1.578148508122013e-20
30.0 1.4792819163791032e-20
33.0 1.3378305762380615e-20
36.0 1.2109669481010234e-20
39.0 1.0791227024171323e-20
42.0 9.927829123443436e-21
45.0 9.52027697269522e-21
48.0 8.44943926100309e-21
51.0 7.156994623114452e-21
54.0 7.123174555218786e-21
57.0 6.586832335761644e-21
60.0 6.1435408808858395e-21
63.0 5.789153737265443e-21
66.0 5.2553911972193266e-21
69.0 5.094474245671889e-21
72.0 4.7874667532766464e-21
75.0 4.501066275689745e-21
78.0 4.316497945294795e-21
93.0 3.3816882157049263e-21
102.0 3.0888448025302015e-21
105.0 2.974764050689423e-21
