1 1 1 1 3.2171349028793490e-02 2.4390928594620439e-02 1.0000000000243985e+00 8.5756599999985639e-02 2.3049077079099448e-03 1.7623986101611123e+01 34
1 1 1 1 3.2171364031731917e-02 2.4390919089238659e-02 1.0000000000260765e+00 8.5756349999985645e-02 2.3826263933757379e-03 1.7623644476698722e+01 44
1 1 1 1 3.2171379022996098e-02 2.4390909577707977e-02 1.0000000000277551e+00 8.5756099999985652e-02 2.4578787025086851e-03 1.7623302919565134e+01 45
1 1 1 1 3.2171394002586416e-02 2.4390900060028361e-02 1.0000000000294342e+00 8.5755849999985659e-02 2.5308846493293496e-03 1.7622961430198384e+01 46
1 1 1 1 3.2171408970502302e-02 2.4390890536200280e-02 1.0000000000311136e+00 8.5755599999985666e-02 2.6018333369326276e-03 1.7622620008588211e+01 46
1 1 1 1 3.2171663870002080e-02 2.4390726234926309e-02 1.0000000000599834e+00 8.5751312219985665e-02 3.6065968046186166e-03 1.7616774780690491e+01 22
1 1 1 1 3.2171915323589602e-02 2.4390560133972197e-02 1.0000000000889759e+00 8.5747024654374671e-02 4.3852745179688186e-03 1.7610949712922398e+01 21
1 1 1 1 3.2172163332394692e-02 2.4390392234244173e-02 1.0000000001180915e+00 8.5742737303141955e-02 5.0436947745440336e-03 1.7605144743951328e+01 21
1 1 1 1 3.2172407897584319e-02 2.4390222536666624e-02 1.0000000001473304e+00 8.5738450166276792e-02 5.6242561873461128e-03 1.7599359812456164e+01 20
1 1 1 1 3.2173765325343870e-02 2.4389197366428004e-02 1.0000000003202782e+00 8.5713458323641412e-02 8.2127905654562957e-03 1.7566026638259242e+01 41
1 1 1 1 3.2175030337006909e-02 2.4388088281221614e-02 1.0000000005011813e+00 8.5687958823702726e-02 1.0173342220023845e-02 1.7532693990183773e+01 42
1 1 1 1 3.2176196843434812e-02 2.4386890597425253e-02 1.0000000006905354e+00 8.5661929437884810e-02 1.1822981894701446e-02 1.7499361976883268e+01 37
1 1 1 1 3.2177258298413607e-02 2.4385599282535024e-02 1.0000000008888776e+00 8.5635346283911284e-02 1.3278504251561544e-02 1.7466030383583625e+01 30
1 1 1 1 3.2178207642993964e-02 2.4384208929310522e-02 1.0000000010967898e+00 8.5608183864556431e-02 1.4598483341572157e-02 1.7432698894821208e+01 27
1 1 1 1 3.2179037243945309e-02 2.4382713739334278e-02 1.0000000013149002e+00 8.5580415284987998e-02 1.5817265655308495e-02 1.7399367518884489e+01 24
1 1 1 1 3.2179738850319987e-02 2.4381107473762081e-02 1.0000000015438910e+00 8.5552011860117683e-02 1.6957059197028782e-02 1.7366036264842450e+01 23
1 1 1 1 3.2180303531647428e-02 2.4379383410810519e-02 1.0000000017845030e+00 8.5522942956049341e-02 1.8033222316968269e-02 1.7332705142659002e+01 21
1 1 1 1 3.2180721608613232e-02 2.4377534298203527e-02 1.0000000020375426e+00 8.5493175813876165e-02 1.9056916574044087e-02 1.7299374163360497e+01 20
1 1 1 1 3.2180982575149120e-02 2.4375552299856832e-02 1.0000000023038889e+00 8.5462675353324358e-02 2.0036571007275111e-02 1.7266043339101444e+01 19
1 1 1 1 3.2181075010662259e-02 2.4373428935971327e-02 1.0000000025845019e+00 8.5431403953655283e-02 2.0978750459922754e-02 1.7232712683339855e+01 19
1 1 1 1 3.2180986480921353e-02 2.4371155015563178e-02 1.0000000028804319e+00 8.5399321208504908e-02 2.1888700199361611e-02 1.7199382211019966e+01 18
1 1 1 1 3.2180703425836100e-02 2.4368720560261101e-02 1.0000000031928300e+00 8.5366383650888555e-02 2.2770703315672734e-02 1.7166051938755409e+01 18
1 1 1 1 3.2180211032086757e-02 2.4366114718047116e-02 1.0000000035229608e+00 8.5332544444006009e-02 2.3628324215721485e-02 1.7132721885050454e+01 17
1 1 1 1 3.2179493088149692e-02 2.4363325665325682e-02 1.0000000038722152e+00 8.5297753032684109e-02 2.4464579874034761e-02 1.7099392070561048e+01 17
1 1 1 1 3.2178531818808372e-02 2.4360340495438542e-02 1.0000000042421282e+00 8.5261954749372759e-02 2.5282063644368680e-02 1.7066062518451982e+01 17
1 1 1 1 3.2177307695698716e-02 2.4357145091356863e-02 1.0000000046343958e+00 8.5225090367330614e-02 2.6083037002810908e-02 1.7032733254656566e+01 17
1 1 1 1 3.2175799219711872e-02 2.4353723979863177e-02 1.0000000050508973e+00 8.5187095592755613e-02 2.6869499063445969e-02 1.6999404308417635e+01 17
1 1 1 1 3.2173978736663347e-02 2.4350060163973761e-02 1.0000000054937201e+00 8.5147900485209815e-02 2.7643240385223103e-02 1.6966075712680233e+01 17
1 1 1 1 3.2171806300491636e-02 2.4346134929708742e-02 1.0000000059651892e+00 8.5107428794491513e-02 2.8405885478901736e-02 1.6932747504738352e+01 17
1 1 1 1 3.2169270118979500e-02 2.4341927622454882e-02 1.0000000064679007e+00 8.5065597198948517e-02 2.9158927096707303e-02 1.6899419726910363e+01 17
1 1 1 1 3.2166337862229381e-02 2.4337415387170738e-02 1.0000000070047621e+00 8.5022314427521950e-02 2.9903754498327936e-02 1.6866092427363593e+01 17
1 1 1 1 3.2162973502253334e-02 2.4332572865374269e-02 1.0000000075790396e+00 8.4977480243857206e-02 3.0641677301114195e-02 1.6832765661098172e+01 17
1 1 1 1 3.2159136774722742e-02 2.4327371840227964e-02 1.0000000081944149e+00 8.4930984266056941e-02 3.1373946123411454e-02 1.6799439491148050e+01 17
1 1 1 1 3.2154782543951300e-02 2.4321780818984350e-02 1.0000000088550507e+00 8.4882704589548386e-02 3.2101770961426690e-02 1.6766113989995361e+01 17
1 1 1 1 3.2149860050160226e-02 2.4315764539419582e-02 1.0000000095656729e+00 8.4832506173030842e-02 3.2826338056484286e-02 1.6732789241303070e+01 17
1 1 1 1 3.2144312012711965e-02 2.4309283383501631e-02 1.0000000103316653e+00 8.4780238937664953e-02 3.3548825893300702e-02 1.6699465342037310e+01 17
1 1 1 1 3.2138073556067792e-02 2.4302292677168234e-02 1.0000000111591882e+00 8.4725735517141854e-02 3.4270420902254614e-02 1.6666142405031760e+01 17
1 1 1 1 3.2131070916154025e-02 2.4294741849422156e-02 1.0000000120553203e+00 8.4668808580268540e-02 3.4992333407898035e-02 1.6632820562175510e+01 18
1 1 1 1 3.2123219872818506e-02 2.4286573416374954e-02 1.0000000130282340e+00 8.4609247626532158e-02 3.5715814375379434e-02 1.6599499968349473e+01 18
1 1 1 1 3.2114423838230738e-02 2.4277721746045769e-02 1.0000000140874117e+00 8.4546815127530206e-02 3.6442173549176428e-02 1.6566180806301844e+01 18
1 1 1 1 3.2104571509693244e-02 2.4268111546330719e-02 1.0000000152439155e+00 8.4481241850658195e-02 3.7172799658738639e-02 1.6532863292817879e+01 18
1 1 1 1 3.2093533966462882e-02 2.4257656000636139e-02 1.0000000165107241e+00 8.4412221152165623e-02 3.7909183499147875e-02 1.6499547686433257e+01 18
1 1 1 1 3.2081161050662353e-02 2.4246254451145335e-02 1.0000000179031607e+00 8.4339401960883520e-02 3.8652944879364499e-02 1.6466234297272393e+01 18
1 1 1 1 3.2067276817591091e-02 2.4233789495803938e-02 1.0000000194394383e+00 8.4262380083349853e-02 3.9405864702047183e-02 1.6432923499632711e+01 18
1 1 1 1 3.2051673764131781e-02 2.4220123317846957e-02 1.0000000211413629e+00 8.4180687336382232e-02 4.0169923817211711e-02 1.6399615748166937e+01 18
1 1 1 1 3.2034105435224246e-02 2.4205092999815516e-02 1.0000000230352497e+00 8.4093777839152284e-02 4.0947350821943534e-02 1.6366311598957434e+01 18
1 1 1 1 3.2014276852042153e-02 2.4188504478112608e-02 1.0000000251531318e+00 8.4001010549981714e-02 4.1740681737616282e-02 1.6333011737027345e+01 19
1 1 1 1 3.1991831977553099e-02 2.4170124654781956e-02 1.0000000275343708e+00 8.3901626780190142e-02 4.2552835569932376e-02 1.6299717012716211e+01 19
1 1 1 1 3.1966337097211819e-02 2.4149670977261416e-02 1.0000000302278393e+00 8.3794720902653330e-02 4.3387211324774570e-02 1.6266428490031906e+01 19
1 1 1 1 3.1937258483488787e-02 2.4126797487643240e-02 1.0000000332949139e+00 8.3679201713440343e-02 4.4247814343620052e-02 1.6233147511495950e+01 19
1 1 1 1 3.1903931931944775e-02 2.4101075870368485e-02 1.0000000368136552e+00 8.3553740764058471e-02 4.5139423241252863e-02 1.6199875785777959e+01 18
1 1 1 1 3.1865519808651592e-02 2.4071954610109032e-02 1.0000000408852918e+00 8.3416702238394203e-02 4.6067833247926682e-02 1.6166614829265036e+01 18
1 1 1 1 3.1820955929264212e-02 2.4038764097605744e-02 1.0000000456411877e+00 8.3266054737556106e-02 4.7040053398506650e-02 1.6133369905377052e+01 17
1 1 1 1 3.1768849169026628e-02 2.4000625775603125e-02 1.0000000512575149e+00 8.3099204136181604e-02 4.8064977141345777e-02 1.6100141689853999e+01 16
1 1 1 1 3.1707370254944009e-02 2.3956386496724980e-02 1.0000000579732067e+00 8.2912842605781967e-02 4.9153696979083034e-02 1.6066936454639919e+01 11
1 1 1 1 3.1634055150356361e-02 2.3904502135502097e-02 1.0000000661206285e+00 8.2702639098027497e-02 5.0320534925081088e-02 1.6033760731056756e+01 19
1 1 1 1 3.1545514127995278e-02 2.3842861911570572e-02 1.0000000761735421e+00 8.2462820309332108e-02 5.1584289034472625e-02 1.6000622964203270e+01 22
1 1 1 1 3.1436969471381956e-02 2.3768510610929827e-02 1.0000000888264955e+00 8.2185526257558095e-02 5.2970148175041476e-02 1.5967534499537798e+01 25
1 1 1 1 3.1301499541050937e-02 2.3677197015716880e-02 1.0000001051307086e+00 8.1859799059680716e-02 5.4512673293887433e-02 1.5934510063460143e+01 27
1 1 1 1 3.1128767676556604e-02 2.3562619677139192e-02 1.0000001267346963e+00 8.1469968680255411e-02 5.6260506869916439e-02 1.5901567948163356e+01 30
1 1 1 1 3.0902821119898484e-02 2.3415130133914594e-02 1.0000001563252761e+00 8.0993030072027683e-02 5.8283986984110032e-02 1.5868728603398210e+01 34
1 1 1 1 3.0598185898830486e-02 2.3219449297145468e-02 1.0000001984580593e+00 8.0394360009471866e-02 6.0687668906273022e-02 1.5836008897286263e+01 38
1 1 1 1 3.0381422940322492e-02 2.3081899536831662e-02 1.0000002298750275e+00 7.9992388209424503e-02 6.2236346107904517e-02 1.5817956166743825e+01 30
1 1 1 1 3.0156562145587804e-02 2.2940347486002592e-02 1.0000002636171126e+00 7.9592426268377384e-02 6.3736684027556195e-02 1.5802365004154160e+01 33
1 1 1 1 2.9924128206787554e-02 2.2795045160848085e-02 1.0000002996069244e+00 7.9194464137035500e-02 6.5197012341711755e-02 1.5788733011093846e+01 34
1 1 1 1 2.9684563958091003e-02 2.2646198638207028e-02 1.0000003377449920e+00 7.8798491816350319e-02 6.6624219053967010e-02 1.5776678598228031e+01 36
1 1 1 1 2.9438238071100912e-02 2.2493964198054418e-02 1.0000003779118605e+00 7.8404499357268564e-02 6.8024149181119722e-02 1.5765908755129596e+01 37
1 1 1 1 2.9185452738477145e-02 2.2338463080348654e-02 1.0000004199646733e+00 7.8012476860482224e-02 6.9401882032186821e-02 1.5756196108788739e+01 44
1 1 1 1 2.9060120094534968e-02 2.2260185417343776e-02 1.0000004375479890e+00 7.7819476860482226e-02 7.0095389449401954e-02 1.5755978724110976e+01 55
1 1 0 0 2.9055464255607066e-02 2.2257339825683814e-02 1.0000004383266821e+00 7.7812476860482233e-02 -7.0119801103251153e-02 1.5755822977450174e+01 46
1 1 0 0 2.9051471632329261e-02 2.2254899738485559e-02 1.0000004389946007e+00 7.7806476860482227e-02 -7.0140723166440766e-02 1.5755689675577184e+01 47
1 1 0 0 2.9045479402343321e-02 2.2251237861978884e-02 1.0000004399972864e+00 7.7797476860482231e-02 -7.0172102466568589e-02 1.5755490059664098e+01 44
1 1 0 0 2.9042814920020105e-02 2.2249609688886902e-02 1.0000004404432352e+00 7.7793476860482227e-02 -7.0186047371507437e-02 1.5755401470895990e+01 46
1 1 0 0 2.9038150197195991e-02 2.2246759390269270e-02 1.0000004412241050e+00 7.7786476860482234e-02 -7.0210448824126581e-02 1.5755246631639555e+01 62
1 1 0 0 2.9030147967535530e-02 2.2241870215719422e-02 1.0000004425640963e+00 7.7774476860482236e-02 -7.0252273633847659e-02 1.5754981756879143e+01 46
1 1 1 1 2.9028813579667617e-02 2.2241054991213149e-02 1.0000004427875946e+00 7.7772476860482234e-02 7.0259243674203289e-02 1.5754937680137486e+01 58
1 1 1 1 2.9026144218657898e-02 2.2239424231842483e-02 1.0000004432347338e+00 7.7768476860482230e-02 7.0273183107182821e-02 1.5754849585689763e+01 89
1 1 0 0 2.9022138714105857e-02 2.2236977316884492e-02 1.0000004439057983e+00 7.7762476860482224e-02 -7.0294090645289409e-02 1.5754717591355254e+01 49
1 1 0 0 2.9016127165964793e-02 2.2233305198643628e-02 1.0000004449131945e+00 7.7753476860482229e-02 -7.0325448355240960e-02 1.5754519930467204e+01 69
1 1 0 0 2.9014790730091007e-02 2.2232488887862518e-02 1.0000004451371904e+00 7.7751476860482227e-02 -7.0332416153150196e-02 1.5754476059573131e+01 61
1 1 1 1 2.9012117273374941e-02 2.2230855955926655e-02 1.0000004455853237e+00 7.7747476860482223e-02 7.0346351117948680e-02 1.5754388376293997e+01 46
1 1 0 0 2.9004761246298100e-02 2.2226363259246273e-02 1.0000004468186641e+00 7.7736476860482226e-02 -7.0384667963827266e-02 1.5754147648556604e+01 54
1 1 1 1 2.8998068832199804e-02 2.2222276273641758e-02 1.0000004479411184e+00 7.7726476860482230e-02 7.0419496035926704e-02 1.5753929314071836e+01 43
1 1 1 1 2.8986680547775850e-02 2.2215322461645946e-02 1.0000004498519834e+00 7.7709476860482227e-02 7.0478692094942869e-02 1.5753559251815643e+01 52
1 1 1 1 2.8977291392387684e-02 2.2209590179457412e-02 1.0000004514281746e+00 7.7695476860482227e-02 7.0527430958021345e-02 1.5753255534724456e+01 45
1 1 0 0 2.8975278188944287e-02 2.2208361173586183e-02 1.0000004517662271e+00 7.7692476860482224e-02 -7.0537873746205682e-02 1.5753190574124030e+01 48
1 1 1 1 2.8969907504490976e-02 2.2205082686256355e-02 1.0000004526682127e+00 7.7684476860482229e-02 7.0565719041905839e-02 1.5753017554994594e+01 50
1 1 0 0 2.8960501311242445e-02 2.2199341349033581e-02 1.0000004542484751e+00 7.7670476860482229e-02 -7.0614440905698475e-02 1.5752715500930009e+01 67
1 1 0 0 2.8959829075316263e-02 2.2198931059462693e-02 1.0000004543614378e+00 7.7669476860482228e-02 -7.0617920682036789e-02 1.5752693961048150e+01 68
1 1 0 0 2.8955794637962377e-02 2.2196468778656817e-02 1.0000004550394577e+00 7.7663476860482222e-02 -7.0638798350716681e-02 1.5752564820608240e+01 53
1 1 0 0 2.8951085580699108e-02 2.2193594940352449e-02 1.0000004558310061e+00 7.7656476860482229e-02 -7.0663153501181949e-02 1.5752414370518633e+01 52
1 1 1 1 2.8947047348698782e-02 2.2191130641159629e-02 1.0000004565099261e+00 7.7650476860482223e-02 7.0684027535221308e-02 1.5752285596031047e+01 68
1 1 0 0 2.8943007365652047e-02 2.2188665410334749e-02 1.0000004571892607e+00 7.7644476860482217e-02 -7.0704899914166411e-02 1.5752156989770155e+01 57
1 1 0 0 2.8940986717550084e-02 2.2187432445546169e-02 1.0000004575290831e+00 7.7641476860482214e-02 -7.0715335487402040e-02 1.5752092749592165e+01 66
1 1 1 1 2.8911976009869281e-02 2.2169734351243142e-02 1.0000004624111918e+00 7.7598476860482213e-02 7.0864868014163293e-02 1.5751176552159320e+01 45
1 1 0 0 2.8909272770507023e-02 2.2168085583429066e-02 1.0000004628664125e+00 7.7594476860482209e-02 -7.0878773934889741e-02 1.5751091756623206e+01 48
1 1 0 0 2.8896421767329473e-02 2.2160248278500778e-02 1.0000004650311856e+00 7.7575476860482204e-02 -7.0944817884198985e-02 1.5750689973096136e+01 64
1 1 1 1 2.8882875451101353e-02 2.2151988383543170e-02 1.0000004673142937e+00 7.7555476860482198e-02 7.1014321820203050e-02 1.5750268808937744e+01 47
1 1 1 1 2.8877451485468192e-02 2.2148681524402847e-02 1.0000004682287948e+00 7.7547476860482203e-02 7.1042118910900759e-02 1.5750100847096814e+01 71
1 1 1 1 2.8872702966381975e-02 2.2145786662531277e-02 1.0000004690295710e+00 7.7540476860482210e-02 7.1066439303355614e-02 1.5749954115509469e+01 62
1 1 1 1 2.8871345809680139e-02 2.2144959325957402e-02 1.0000004692584648e+00 7.7538476860482208e-02 7.1073387636758315e-02 1.5749912232393816e+01 53
1 1 0 0 2.8865915240970236e-02 2.2141648943216602e-02 1.0000004701744862e+00 7.7530476860482214e-02 -7.1101179428847291e-02 1.5749744878156138e+01 55
1 1 0 0 2.8856404270219630e-02 2.2135851782651633e-02 1.0000004717792383e+00 7.7516476860482214e-02 -7.1149809210116571e-02 1.5749452692135208e+01 49
1 1 0 0 2.8850965158638022e-02 2.2132536838698480e-02 1.0000004726972163e+00 7.7508476860482220e-02 -7.1177594368003194e-02 1.5749286117876622e+01 46
1 1 0 0 2.8824405017804190e-02 2.2116352725679505e-02 1.0000004771824720e+00 7.7469476860482223e-02 -7.1313013970855918e-02 1.5748478087718025e+01 55
1 1 0 0 2.8797771096164333e-02 2.2100129160033077e-02 1.0000004816843675e+00 7.7430476860482225e-02 -7.1448381559479190e-02 1.5747676649733842e+01 68
1 1 0 0 2.8797087205191616e-02 2.2099712652152003e-02 1.0000004818000177e+00 7.7429476860482224e-02 -7.1451851873374897e-02 1.5747656185789912e+01 55
1 1 1 1 2.8787507640387292e-02 2.2093878816027975e-02 1.0000004834202547e+00 7.7415476860482224e-02 7.1500432977824185e-02 1.5747370137440900e+01 52
1 1 0 0 2.8786823022118053e-02 2.2093461918727714e-02 1.0000004835360667e+00 7.7414476860482223e-02 -7.1503902824286591e-02 1.5747349737265406e+01 83
1 1 1 1 2.8785453640130104e-02 2.2092628046230307e-02 1.0000004837677230e+00 7.7412476860482221e-02 7.1510842425337270e-02 1.5747308949624699e+01 49
1 1 0 0 2.8783399203529712e-02 2.2091377042733767e-02 1.0000004841152881e+00 7.7409476860482218e-02 -7.1521251598192989e-02 1.5747247799913392e+01 47
1 1 1 1 2.8775862536329425e-02 2.2086788030256731e-02 1.0000004853905196e+00 7.7398476860482221e-02 7.1559416243605151e-02 1.5747023909560379e+01 48
1 1 1 1 2.8773120475722717e-02 2.2085118519261909e-02 1.0000004858545615e+00 7.7394476860482217e-02 7.1573293403511082e-02 1.5746942621299404e+01 59
1 1 1 1 2.8760771604984144e-02 2.2077600575950970e-02 1.0000004879448625e+00 7.7376476860482213e-02 7.1635734869740259e-02 1.5746577654717488e+01 48
1 1 0 0 2.8746344740429537e-02 2.2068819000325510e-02 1.0000004903878974e+00 7.7355476860482220e-02 -7.1708571725811798e-02 1.5746153568201411e+01 48
1 1 1 1 2.8729830724000233e-02 2.2058768874008081e-02 1.0000004931856341e+00 7.7331476860482223e-02 7.1791799383603153e-02 1.5745671130855166e+01 59
1 1 0 0 2.8716047720868526e-02 2.2050382322845417e-02 1.0000004955216899e+00 7.7311476860482217e-02 -7.1861144592743204e-02 1.5745270903277012e+01 50
1 1 1 1 2.8713978598585689e-02 2.2049123442355927e-02 1.0000004958724578e+00 7.7308476860482214e-02 7.1871545532814857e-02 1.5745211009660879e+01 44
1 1 0 0 2.8709839045677813e-02 2.2046604978564158e-02 1.0000004965742739e+00 7.7302476860482208e-02 -7.1892346771306348e-02 1.5745091331972713e+01 54
1 1 0 0 2.8700864030013509e-02 2.2041145091675724e-02 1.0000004980961545e+00 7.7289476860482209e-02 -7.1937413244531720e-02 1.5744832529898996e+01 52
1 1 0 0 2.8699482531535959e-02 2.2040304718477510e-02 1.0000004983304451e+00 7.7287476860482207e-02 -7.1944346205428555e-02 1.5744792774702645e+01 47
1 1 1 1 2.8693263389851835e-02 2.2036521749826649e-02 1.0000004993852623e+00 7.7278476860482212e-02 7.1975543424040611e-02 1.5744614075351084e+01 65
1 1 1 1 2.8676659823912039e-02 2.2026423516015498e-02 1.0000005022021723e+00 7.7254476860482216e-02 7.2058727459910807e-02 1.5744139128558780e+01 63
1 1 0 0 2.8668347574718808e-02 2.2021368769038558e-02 1.0000005036128323e+00 7.7242476860482218e-02 -7.2100315023536990e-02 1.5743902514416694e+01 50
1 1 1 1 2.8658641131805097e-02 2.2015466818070900e-02 1.0000005052604493e+00 7.7228476860482217e-02 7.2148830289033780e-02 1.5743627183764682e+01 64
1 1 1 1 2.8644063659695174e-02 2.2006604303501778e-02 1.0000005077355825e+00 7.7207476860482224e-02 7.2221596370303814e-02 1.5743215630911784e+01 60
1 1 0 0 2.8642674214489749e-02 2.2005759654194695e-02 1.0000005079715406e+00 7.7205476860482222e-02 -7.2228526064815057e-02 1.5743176525276164e+01 47
1 1 0 0 2.8638504715856442e-02 2.2003225079683119e-02 1.0000005086796548e+00 7.7199476860482216e-02 -7.2249314736983372e-02 1.5743059301790064e+01 47
1 1 0 0 2.8637809629809274e-02 2.2002802559211405e-02 1.0000005087977089e+00 7.7198476860482215e-02 -7.2252779456359731e-02 1.5743039778149971e+01 44
1 1 1 1 2.8634333472671157e-02 2.2000689565146333e-02 1.0000005093881286e+00 7.7193476860482210e-02 7.2270102802864694e-02 1.5742942218174871e+01 47
1 1 0 0 2.8630160484897381e-02 2.1998153110403165e-02 1.0000005100969613e+00 7.7187476860482204e-02 -7.2290890276293041e-02 1.5742825274096862e+01 59
1 1 0 0 2.8628073336777478e-02 2.1996884530397155e-02 1.0000005104515119e+00 7.7184476860482201e-02 -7.2301283795160792e-02 1.5742766854280292e+01 47
1 1 1 1 2.8623897732045059e-02 2.1994346665000712e-02 1.0000005111608816e+00 7.7178476860482195e-02 7.2322070405847955e-02 1.5742650118884585e+01 59
1 1 1 1 2.8623201628301138e-02 2.1993923595985856e-02 1.0000005112791446e+00 7.7177476860482194e-02 7.2325534786351814e-02 1.5742630676479665e+01 53
1 1 1 1 2.8622505476093317e-02 2.1993500500840552e-02 1.0000005113974173e+00 7.7176476860482193e-02 7.2328999151422713e-02 1.5742611237926203e+01 47
1 1 1 1 2.8614844603122334e-02 2.1988844729379297e-02 1.0000005126990719e+00 7.7165476860482196e-02 7.2367106166988049e-02 1.5742397667596883e+01 64
1 1 0 0 2.8613451087069319e-02 2.1987997885678394e-02 1.0000005129358647e+00 7.7163476860482194e-02 -7.2374034522144151e-02 1.5742358886518220e+01 46
1 1 1 1 2.8595317735514120e-02 2.1976979398985155e-02 1.0000005160177476e+00 7.7137476860482196e-02 7.2464098034602173e-02 1.5741856122246281e+01 46
1 1 1 1 2.8585540050545418e-02 2.1971039042135557e-02 1.0000005176799591e+00 7.7123476860482196e-02 7.2512590096492829e-02 1.5741586466156145e+01 52
1 1 0 0 2.8576452263513151e-02 2.1965518402053269e-02 1.0000005192251442e+00 7.7110476860482197e-02 -7.2557616334409519e-02 1.5741336732933627e+01 48
1 1 0 0 2.8568056264386434e-02 2.1960418497863482e-02 1.0000005206529170e+00 7.7098476860482199e-02 -7.2599177341062790e-02 1.5741106772637124e+01 50
1 1 0 0 2.8566656252368969e-02 2.1959568147028295e-02 1.0000005208910137e+00 7.7096476860482197e-02 -7.2606104027287219e-02 1.5741068498251703e+01 69
1 1 1 1 2.8557551446318483e-02 2.1954038311211451e-02 1.0000005224395772e+00 7.7083476860482197e-02 7.2651126511720079e-02 1.5740820077903649e+01 47
1 1 0 0 2.8556850737164137e-02 2.1953612755724747e-02 1.0000005225587643e+00 7.7082476860482196e-02 -7.2654589712071393e-02 1.5740800994664303e+01 46
1 1 0 0 2.8556149979513456e-02 2.1953187174018538e-02 1.0000005226779611e+00 7.7081476860482195e-02 -7.2658052903073006e-02 1.5740781915134546e+01 47
1 1 0 0 2.8554748318721183e-02 2.1952335931943696e-02 1.0000005229163831e+00 7.7079476860482193e-02 -7.2664979257287848e-02 1.5740743767197955e+01 58
1 1 0 0 2.8552645463798952e-02 2.1951058872160808e-02 1.0000005232740878e+00 7.7076476860482190e-02 -7.2675368720095779e-02 1.5740686573078559e+01 63
1 1 0 0 2.8551243318022515e-02 2.1950207367846412e-02 1.0000005235126050e+00 7.7074476860482188e-02 -7.2682294983705778e-02 1.5740648462172325e+01 46
1 1 0 0 2.8542124641539168e-02 2.1944670032254438e-02 1.0000005250638937e+00 7.7061476860482189e-02 -7.2727314858548192e-02 1.5740401101313848e+01 47
1 1 0 0 2.8537211189577846e-02 2.1941686553295387e-02 1.0000005258998659e+00 7.7054476860482196e-02 -7.2751555760416309e-02 1.5740268164747812e+01 54
1 1 1 1 2.8528079900877634e-02 2.1936142394119826e-02 1.0000005274536106e+00 7.7041476860482197e-02 7.2796573612716395e-02 1.5740021759159779e+01 46
1 1 1 1 2.8525971516032450e-02 2.1934862342570468e-02 1.0000005278123925e+00 7.7038476860482194e-02 7.2806962181416759e-02 1.5739964984056927e+01 46
1 1 1 1 2.8524565683540195e-02 2.1934008843546911e-02 1.0000005280516271e+00 7.7036476860482192e-02 7.2813887861130133e-02 1.5739927152221584e+01 70
1 1 0 0 2.8521050253191651e-02 2.1931874636291798e-02 1.0000005286498779e+00 7.7031476860482187e-02 -7.2831201949517227e-02 1.5739832636366428e+01 55
1 1 0 0 2.8517533609758044e-02 2.1929739772219577e-02 1.0000005292483620e+00 7.7026476860482182e-02 -7.2848515885889822e-02 1.5739738211416554e+01 51
1 1 0 0 2.8512608270824046e-02 2.1926749858807437e-02 1.0000005300866313e+00 7.7019476860482189e-02 -7.2872755156687841e-02 1.5739606168870093e+01 49
1 1 1 1 2.8500636832697702e-02 2.1919483277467750e-02 1.0000005321243206e+00 7.7002476860482186e-02 7.2931620917335224e-02 1.5739286231477585e+01 51
1 1 0 0 2.8492883132780981e-02 2.1914777321312671e-02 1.0000005334442472e+00 7.6991476860482189e-02 -7.2969709857413703e-02 1.5739079767277433e+01 53
1 1 1 1 2.8490767467849495e-02 2.1913493326127544e-02 1.0000005338044200e+00 7.6988476860482186e-02 7.2980097672754748e-02 1.5739023534116599e+01 46
1 1 0 0 2.8479476541230956e-02 2.1906641350311395e-02 1.0000005357267328e+00 7.6972476860482184e-02 -7.3035498891841411e-02 1.5738724166532753e+01 77
1 1 1 1 2.8469586782234813e-02 2.1900640340399988e-02 1.0000005374106682e+00 7.6958476860482183e-02 7.3083974467542168e-02 1.5738462966358295e+01 56
1 1 1 1 2.8466052418288635e-02 2.1898495870845452e-02 1.0000005380125037e+00 7.6953476860482178e-02 7.3101287097677353e-02 1.5738369848661714e+01 45
1 1 0 0 2.8456857388126484e-02 2.1892917165302672e-02 1.0000005395783305e+00 7.6940476860482179e-02 -7.3146299830309791e-02 1.5738128154951390e+01 52
1 1 0 0 2.8454026496139064e-02 2.1891199743809566e-02 1.0000005400604286e+00 7.6936476860482175e-02 -7.3160149887190468e-02 1.5738053907130343e+01 44
1 1 0 0 2.8450486787821774e-02 2.1889052373329918e-02 1.0000005406632526e+00 7.6931476860482170e-02 -7.3177462459170284e-02 1.5737961176194110e+01 54
1 1 0 0 2.8442695152870238e-02 2.1884325835863951e-02 1.0000005419902507e+00 7.6920476860482173e-02 -7.3215550158690607e-02 1.5737757475693879e+01 51
1 1 1 1 2.8439860372943493e-02 2.1882606302987519e-02 1.0000005424730620e+00 7.6916476860482169e-02 7.3229400258139912e-02 1.5737683507365062e+01 54
1 1 0 0 2.8434188479756966e-02 2.1879165969605246e-02 1.0000005434391104e+00 7.6908476860482175e-02 -7.3257100523748245e-02 1.5737535737541902e+01 66
1 1 0 0 2.8419995132906665e-02 2.1870557737848156e-02 1.0000005458566998e+00 7.6888476860482169e-02 -7.3326351769152587e-02 1.5737167282196319e+01 72
1 1 1 1 2.8406493433718850e-02 2.1862370120645677e-02 1.0000005481566514e+00 7.6869476860482164e-02 7.3392141595405830e-02 1.5736818524390332e+01 57
1 1 1 1 2.8398668632786343e-02 2.1857625554547865e-02 1.0000005494896342e+00 7.6858476860482167e-02 7.3430231128494824e-02 1.5736617176065193e+01 52
1 1 0 0 2.8397245309076585e-02 2.1856762561941030e-02 1.0000005497321069e+00 7.6856476860482165e-02 -7.3437156561163161e-02 1.5736580611540623e+01 48
1 1 1 1 2.8383001363313926e-02 2.1848126807242834e-02 1.0000005521587225e+00 7.6836476860482159e-02 7.3506412110426425e-02 1.5736215712193067e+01 47
1 1 0 0 2.8371592184040558e-02 2.1841210568262610e-02 1.0000005541024715e+00 7.6820476860482156e-02 -7.3561818385883049e-02 1.5735924764446450e+01 47
1 1 1 1 2.8369451574845838e-02 2.1839913017369619e-02 1.0000005544671660e+00 7.6817476860482153e-02 7.3572207268162354e-02 1.5735870307428213e+01 63
1 1 1 1 2.8362313044328871e-02 2.1835586122437998e-02 1.0000005556833618e+00 7.6807476860482157e-02 7.3606837385371923e-02 1.5735689001457780e+01 54
1 1 0 0 2.8352310915513341e-02 2.1829524008167598e-02 1.0000005573874458e+00 7.6793476860482157e-02 -7.3655320964443965e-02 1.5735435733132324e+01 55
1 1 1 1 2.8345875930946209e-02 2.1825624184546068e-02 1.0000005584837914e+00 7.6784476860482162e-02 7.3686489924994381e-02 1.5735273261358676e+01 61
1 1 1 1 2.8340152629446023e-02 2.1822155866765818e-02 1.0000005594588852e+00 7.6776476860482168e-02 7.3714196334380075e-02 1.5735129066851469e+01 46
1 1 1 1 2.8331561825318204e-02 2.1816950197980692e-02 1.0000005609225160e+00 7.6764476860482170e-02 7.3755757200141520e-02 1.5734913170425491e+01 51
1 1 1 1 2.8326547279209916e-02 2.1813911788000486e-02 1.0000005617768468e+00 7.6757476860482177e-02 7.3780001770966025e-02 1.5734787449178013e+01 47
1 1 1 1 2.8325830720334854e-02 2.1813477622934310e-02 1.0000005618989267e+00 7.6756476860482176e-02 7.3783465326872272e-02 1.5734769502099521e+01 47
1 1 0 0 2.8317945352245907e-02 2.1808700049364364e-02 1.0000005632423445e+00 7.6745476860482179e-02 -7.3821565224498675e-02 1.5734572299863471e+01 52
1 1 0 0 2.8317228207796537e-02 2.1808265564650927e-02 1.0000005633645224e+00 7.6744476860482178e-02 -7.3825028924394534e-02 1.5734554391957813e+01 52
1 1 1 1 2.8316511014540288e-02 2.1807831053290240e-02 1.0000005634867082e+00 7.6743476860482177e-02 7.3828492636712387e-02 1.5734536487308528e+01 62
1 1 0 0 2.8312206829982558e-02 2.1805223425449181e-02 1.0000005642199932e+00 7.6737476860482171e-02 -7.3849275175108808e-02 1.5734429127727756e+01 45
1 1 1 1 2.8305029283576064e-02 2.1800875246243797e-02 1.0000005654427810e+00 7.6727476860482174e-02 7.3883913776160520e-02 1.5734250454783499e+01 53
1 1 1 1 2.8286344806478902e-02 2.1789557493179585e-02 1.0000005686257791e+00 7.6701476860482176e-02 7.3973980632036626e-02 1.5733787416308358e+01 54
1 1 1 1 2.8264023982505125e-02 2.1776039644275845e-02 1.0000005724278802e+00 7.6670476860482173e-02 7.4081381580835617e-02 1.5733238160901612e+01 53
1 1 1 1 2.8258256140661412e-02 2.1772546993732794e-02 1.0000005734102857e+00 7.6662476860482179e-02 7.4109100566741484e-02 1.5733096913017526e+01 45
1 1 1 1 2.8256092392667305e-02 2.1771236807979620e-02 1.0000005737788156e+00 7.6659476860482176e-02 7.4119495477825828e-02 1.5733043997188888e+01 47
1 1 1 1 2.8254649649332234e-02 2.1770363216896068e-02 1.0000005740245408e+00 7.6657476860482174e-02 7.4126425508259972e-02 1.5733008735740459e+01 50
1 1 1 1 2.8230816112531965e-02 2.1755933484505229e-02 1.0000005780834322e+00 7.6624476860482169e-02 7.4240781851167670e-02 1.5732428734733663e+01 48
1 1 1 1 2.8221412497705881e-02 2.1750241021788144e-02 1.0000005796846581e+00 7.6611476860482169e-02 7.4285837246048578e-02 1.5732201182508863e+01 46
1 1 0 0 2.8217793517231964e-02 2.1748050404297517e-02 1.0000005803008520e+00 7.6606476860482164e-02 -7.4303167186245009e-02 1.5732113801953226e+01 68
1 1 0 0 2.8212724885442374e-02 2.1744982411026015e-02 1.0000005811638373e+00 7.6599476860482171e-02 -7.4327430004885370e-02 1.5731991598999565e+01 47
1 1 1 1 2.8209827445618729e-02 2.1743228680537564e-02 1.0000005816571351e+00 7.6595476860482167e-02 7.4341294953066253e-02 1.5731921836608354e+01 70
1 1 1 1 2.8207653850780126e-02 2.1741913100288921e-02 1.0000005820271867e+00 7.6592476860482164e-02 7.4351693896702362e-02 1.5731869547150195e+01 54
1 1 1 1 2.8204030211672389e-02 2.1739719928526576e-02 1.0000005826440870e+00 7.6587476860482159e-02 7.4369025917555717e-02 1.5731782459552468e+01 61
1 1 0 0 2.8194603009378916e-02 2.1734014533088993e-02 1.0000005842488897e+00 7.6574476860482160e-02 -7.4414091847284231e-02 1.5731556390632393e+01 67
1 1 1 1 2.8188797531296588e-02 2.1730501258477315e-02 1.0000005852370759e+00 7.6566476860482166e-02 7.4441826696001745e-02 1.5731417528091923e+01 58
1 1 0 0 2.8174270086067585e-02 2.1721710524830757e-02 1.0000005877095730e+00 7.6546476860482160e-02 -7.4511170633400362e-02 1.5731071223387437e+01 68
1 1 0 0 2.8171362238884466e-02 2.1719951083363082e-02 1.0000005882044181e+00 7.6542476860482156e-02 -7.4525040623114450e-02 1.5731002107865971e+01 86
1 1 0 0 2.8168453605362409e-02 2.1718191210037270e-02 1.0000005886993779e+00 7.6538476860482152e-02 -7.4538911023454252e-02 1.5730933040650017e+01 53
1 1 0 0 2.8158995114222388e-02 2.1712468637753037e-02 1.0000005903087843e+00 7.6525476860482153e-02 -7.4583992711682312e-02 1.5730708904944077e+01 66
1 1 0 0 2.8156811205333029e-02 2.1711147395742779e-02 1.0000005906803560e+00 7.6522476860482150e-02 -7.4594396815870462e-02 1.5730657253411994e+01 51
1 1 1 1 2.8155355020144882e-02 2.1710266432594123e-02 1.0000005909281058e+00 7.6520476860482148e-02 7.4601333020167360e-02 1.5730622834043187e+01 58
1 1 0 0 2.8149528311609447e-02 2.1706741498533768e-02 1.0000005919193864e+00 7.6512476860482154e-02 -7.4629078927569925e-02 1.5730485276263215e+01 60
1 1 0 0 2.8141511445028744e-02 2.1701891887463062e-02 1.0000005932831291e+00 7.6501476860482157e-02 -7.4667232447022239e-02 1.5730296446211600e+01 48
1 1 0 0 2.8137865445735700e-02 2.1699686436169936e-02 1.0000005939032908e+00 7.6496476860482152e-02 -7.4684576085948834e-02 1.5730210733403514e+01 48
1 1 0 0 2.8134947759985162e-02 2.1697921587720270e-02 1.0000005943995449e+00 7.6492476860482148e-02 -7.4698451513611513e-02 1.5730142216590419e+01 46
1 1 1 1 2.8131299544678703e-02 2.1695714917683715e-02 1.0000005950200179e+00 7.6487476860482143e-02 7.4715796450833344e-02 1.5730056637250836e+01 59
1 1 1 1 2.8117425093001372e-02 2.1687323391332489e-02 1.0000005973793800e+00 7.6468476860482137e-02 7.4781713967542976e-02 1.5729732109098363e+01 53
1 1 1 1 2.8116694365823397e-02 2.1686881460823239e-02 1.0000005975036250e+00 7.6467476860482136e-02 7.4785183612369924e-02 1.5729715058111097e+01 48
1 1 0 0 2.8105727540515560e-02 2.1680249245644465e-02 1.0000005993681131e+00 7.6452476860482135e-02 -7.4837232000384293e-02 1.5729459645089443e+01 53
1 1 1 1 2.8091087837548691e-02 2.1671396782385086e-02 1.0000006018564414e+00 7.6432476860482129e-02 7.4906640969247235e-02 1.5729120115926305e+01 50
1 1 0 0 2.8086692075656720e-02 2.1668738921920307e-02 1.0000006026034569e+00 7.6426476860482123e-02 -7.4927466209083846e-02 1.5729018483692958e+01 52
1 1 1 1 2.8085959275800404e-02 2.1668295849916027e-02 1.0000006027279824e+00 7.6425476860482122e-02 7.4930937198889380e-02 1.5729001555118032e+01 75
1 1 0 0 2.8063952298997330e-02 2.1654991021789305e-02 1.0000006064667817e+00 7.6395476860482120e-02 -7.5035082756251731e-02 1.5728495037732284e+01 46
1 1 1 1 2.8023490488497577e-02 2.1630535013130406e-02 1.0000006133361312e+00 7.6340476860482120e-02 7.5226100538141535e-02 1.5727573087733525e+01 74
1 1 1 1 2.8016855188771915e-02 2.1626525237485206e-02 1.0000006144619928e+00 7.6331476860482125e-02 7.5257368985329531e-02 1.5727423035057711e+01 56
1 1 0 0 2.8014642528894771e-02 2.1625188152000721e-02 1.0000006148373894e+00 7.6328476860482122e-02 -7.5267792515343643e-02 1.5727373067829383e+01 44
1 1 1 1 2.8013167174109056e-02 2.1624296624513342e-02 1.0000006150876843e+00 7.6326476860482120e-02 7.5274741735353562e-02 1.5727339770300762e+01 72
1 1 0 0 2.8004310874347783e-02 2.1618945154141998e-02 1.0000006165899591e+00 7.6314476860482122e-02 -7.5316440447841138e-02 1.5727140219123365e+01 66
1 1 1 1 2.7997663955153938e-02 2.1614928956081917e-02 1.0000006177172309e+00 7.6305476860482127e-02 7.5347718348088399e-02 1.5726990818252288e+01 64
1 1 1 1 2.7994708476685188e-02 2.1613143264622704e-02 1.0000006182183951e+00 7.6301476860482123e-02 7.5361620715504035e-02 1.5726924489872523e+01 46
1 1 0 0 2.7987316300151877e-02 2.1608677110962454e-02 1.0000006194717186e+00 7.6291476860482127e-02 -7.5396379574151587e-02 1.5726758862250945e+01 51
1 1 1 1 2.7985097677357757e-02 2.1607336728353761e-02 1.0000006198478300e+00 7.6288476860482124e-02 7.5406808058335148e-02 1.5726709227709593e+01 68
1 1 0 0 2.7974738182862172e-02 2.1601078332916208e-02 1.0000006216037092e+00 7.6274476860482124e-02 -7.5455479435538111e-02 1.5726477926765810e+01 66
1 1 1 1 2.7973257458630274e-02 2.1600183835635521e-02 1.0000006218546416e+00 7.6272476860482122e-02 7.5462433184464217e-02 1.5726444927628274e+01 64
1 1 1 1 2.7969554776590647e-02 2.1597947110030460e-02 1.0000006224820732e+00 7.6267476860482117e-02 7.5479818325387277e-02 1.5726362477628873e+01 50
1 1 1 1 2.7956214808185536e-02 2.1589889187592411e-02 1.0000006247420072e+00 7.6249476860482113e-02 7.5542414042838943e-02 1.5726066221861190e+01 54
1 1 1 1 2.7955473225305887e-02 2.1589441262987449e-02 1.0000006248676130e+00 7.6248476860482112e-02 7.5545892010614096e-02 1.5726049789027320e+01 67
1 1 0 0 2.7954731592562197e-02 2.1588993310761355e-02 1.0000006249932241e+00 7.6247476860482111e-02 -7.5549370023893073e-02 1.5726033358904790e+01 47
1 1 1 1 2.7945085827939649e-02 2.1583167417202880e-02 1.0000006266266790e+00 7.6234476860482112e-02 7.5594588368694760e-02 1.5725820013599760e+01 59
1 1 0 0 2.7941373673091064e-02 2.1580925444723474e-02 1.0000006272551809e+00 7.6229476860482107e-02 -7.5611982122613025e-02 1.5725738079226071e+01 59
1 1 1 1 2.7938403050668987e-02 2.1579131368741570e-02 1.0000006277580817e+00 7.6225476860482103e-02 7.5625897968005895e-02 1.5725672580203911e+01 58
1 1 1 1 2.7927999579494493e-02 2.1572848614436139e-02 1.0000006295189239e+00 7.6211476860482102e-02 7.5674609389545316e-02 1.5725443672028316e+01 53
1 1 1 1 2.7902693210840625e-02 2.1557567870219358e-02 1.0000006337996403e+00 7.6177476860482096e-02 7.5792948152768227e-02 1.5724889930116422e+01 47
1 1 1 1 2.7887033893342898e-02 2.1548113716564194e-02 1.0000006364466405e+00 7.6156476860482103e-02 7.5866068689591670e-02 1.5724549441747495e+01 54
1 1 0 0 2.7875088142830295e-02 2.1540902308927336e-02 1.0000006384649145e+00 7.6140476860482101e-02 -7.5921794901468886e-02 1.5724290798950570e+01 46
1 1 1 1 2.7870605173961411e-02 2.1538196190637741e-02 1.0000006392220990e+00 7.6134476860482095e-02 7.5942695714672381e-02 1.5724193980245035e+01 67
1 1 0 0 2.7865372758598815e-02 2.1535037782694808e-02 1.0000006401057069e+00 7.6127476860482102e-02 -7.5967082429320862e-02 1.5724081143490759e+01 57
1 1 0 0 2.7864625069747351e-02 2.1534586469867584e-02 1.0000006402319563e+00 7.6126476860482101e-02 -7.5970566460865752e-02 1.5724065034346060e+01 57
1 1 0 0 2.7859389840722747e-02 2.1531426497857043e-02 1.0000006411158402e+00 7.6119476860482108e-02 -7.5994956197702912e-02 1.5723952342944701e+01 46
1 1 0 0 2.7847414351571835e-02 2.1524198560440740e-02 1.0000006431370416e+00 7.6103476860482105e-02 -7.6050714233875757e-02 1.5723695238399397e+01 46
1 1 1 1 2.7845167513560198e-02 2.1522842524710172e-02 1.0000006435161541e+00 7.6100476860482102e-02 7.6061170442276491e-02 1.5723647104766860e+01 49
1 1 0 0 2.7843669369889822e-02 2.1521938360888903e-02 1.0000006437689197e+00 7.6098476860482100e-02 -7.6068141526951225e-02 1.5723615028535761e+01 44
1 1 1 1 2.7833176724509263e-02 2.1515606076185228e-02 1.0000006455388091e+00 7.6084476860482100e-02 7.6116945421189269e-02 1.5723390782271231e+01 57
1 1 0 0 2.7822674202861445e-02 2.1509268294682013e-02 1.0000006473096150e+00 7.6070476860482100e-02 -7.6165760482116665e-02 1.5723167037086757e+01 64
1 1 0 0 2.7812161795299172e-02 2.1502925008786134e-02 1.0000006490813218e+00 7.6056476860482100e-02 -7.6214586904812961e-02 1.5722943790490950e+01 54
1 1 1 1 2.7809907849421021e-02 2.1501565016368844e-02 1.0000006494610887e+00 7.6053476860482097e-02 7.6225051206639874e-02 1.5722896016564025e+01 49
1 1 1 1 2.7801639492036168e-02 2.1496576210823362e-02 1.0000006508539123e+00 7.6042476860482100e-02 7.6263424884893266e-02 1.5722721040007404e+01 50
1 1 0 0 2.7781318496515009e-02 2.1484316505749636e-02 1.0000006542749156e+00 7.6015476860482101e-02 -7.6357645781608502e-02 1.5722292841709502e+01 45
1 1 0 0 2.7776044067228250e-02 2.1481134705441683e-02 1.0000006551623546e+00 7.6008476860482108e-02 -7.6382080731171059e-02 1.5722182124898145e+01 72
1 1 1 1 2.7773782837636384e-02 2.1479770652893672e-02 1.0000006555427490e+00 7.6005476860482105e-02 7.6392553787109033e-02 1.5722134712180232e+01 47
1 1 1 1 2.7761715241203019e-02 2.1472491407163428e-02 1.0000006575721536e+00 7.5989476860482102e-02 7.6448419652079089e-02 1.5721882221612093e+01 71
1 1 0 0 2.7757186544731173e-02 2.1469759821809584e-02 1.0000006583334524e+00 7.5983476860482096e-02 -7.6469373545120095e-02 1.5721787700977194e+01 44
1 1 1 1 2.7751900755864877e-02 2.1466571683000299e-02 1.0000006592218194e+00 7.5976476860482103e-02 7.6493822676601597e-02 1.5721677539116085e+01 56
1 1 0 0 2.7747368099037124e-02 2.1463837886802582e-02 1.0000006599834339e+00 7.5970476860482097e-02 -7.6514781598297055e-02 1.5721583210631108e+01 51
1 1 1 1 2.7736784784800978e-02 2.1457455055732357e-02 1.0000006617610899e+00 7.5956476860482097e-02 7.6563694898394277e-02 1.5721363454237579e+01 53
1 1 0 0 2.7735272069166091e-02 2.1456542768280351e-02 1.0000006620151036e+00 7.5954476860482095e-02 -7.6570683566885248e-02 1.5721332099611805e+01 46
1 1 0 0 2.7730732701162795e-02 2.1453805223728799e-02 1.0000006627772375e+00 7.5948476860482089e-02 -7.6591651166469724e-02 1.5721238094299745e+01 55
1 1 0 0 2.7708766576237370e-02 2.1440559313677093e-02 1.0000006664628140e+00 7.5919476860482088e-02 -7.6693028730659238e-02 1.5720784968331282e+01 55
1 1 1 1 2.7707250090737736e-02 2.1439644919124989e-02 1.0000006667171073e+00 7.5917476860482086e-02 7.6700022401807025e-02 1.5720753793256423e+01 52
1 1 0 0 2.7692833294654873e-02 2.1430952474703405e-02 1.0000006691336136e+00 7.5898476860482081e-02 -7.6766476132986650e-02 1.5720458109829426e+01 49
1 1 0 0 2.7692074005141350e-02 2.1430494691875808e-02 1.0000006692608339e+00 7.5897476860482080e-02 -7.6769974397687540e-02 1.5720442571531150e+01 48
1 1 1 1 2.7688276790893321e-02 2.1428205348714827e-02 1.0000006698969879e+00 7.5892476860482075e-02 7.6787466780268349e-02 1.5720364915915443e+01 54
1 1 1 1 2.7687517194678168e-02 2.1427747394255743e-02 1.0000006700242292e+00 7.5891476860482074e-02 7.6790965469117012e-02 1.5720349391961552e+01 61
1 1 1 1 2.7683718446543350e-02 2.1425457192651862e-02 1.0000006706604878e+00 7.5886476860482069e-02 7.6808459979088070e-02 1.5720271807992191e+01 61
1 1 1 1 2.7673075146750003e-02 2.1419040818795983e-02 1.0000006724424695e+00 7.5872476860482069e-02 7.6857454122115726e-02 1.5720054889563018e+01 61
1 1 0 0 2.7660899083865084e-02 2.1411700937073726e-02 1.0000006744798269e+00 7.5856476860482067e-02 -7.6913464806310880e-02 1.5719807551912718e+01 57
1 1 1 1 2.7658614611084348e-02 2.1410323890877932e-02 1.0000006748619250e+00 7.5853476860482064e-02 7.6923968896533121e-02 1.5719761243426479e+01 52
1 1 0 0 2.7650996366997631e-02 2.1405731868380545e-02 1.0000006761357958e+00 7.5843476860482067e-02 -7.6958987337124848e-02 1.5719607034830002e+01 52
1 1 0 0 2.7648709892870431e-02 2.1404353700737479e-02 1.0000006765180192e+00 7.5840476860482064e-02 -7.6969494319025500e-02 1.5719560818072598e+01 46
1 1 0 0 2.7646422956577262e-02 2.1402975274062357e-02 1.0000006769002712e+00 7.5837476860482061e-02 -7.6980001973618248e-02 1.5719514622424093e+01 46
1 1 1 1 2.7644898075564101e-02 2.1402056178995134e-02 1.0000006771551213e+00 7.5835476860482059e-02 7.6987007451396458e-02 1.5719483837041299e+01 61
1 1 0 0 2.7620472007640413e-02 2.1387334973815817e-02 1.0000006812343907e+00 7.5803476860482055e-02 -7.7099136368340287e-02 1.5718992540151676e+01 47
1 1 0 0 2.7597524659790838e-02 2.1373506964388597e-02 1.0000006850614203e+00 7.5773476860482053e-02 -7.7204329280409212e-02 1.5718534103028396e+01 56
1 1 1 1 2.7596758948213493e-02 2.1373045581641718e-02 1.0000006851890308e+00 7.5772476860482052e-02 7.7207836936305327e-02 1.5718518857423382e+01 54
1 1 1 1 2.7593695585241929e-02 2.1371199760510915e-02 1.0000006856995007e+00 7.5768476860482048e-02 7.7221868359388268e-02 1.5718457897898453e+01 54
1 1 0 0 2.7590631395385472e-02 2.1369353474985503e-02 1.0000006862100137e+00 7.5764476860482044e-02 -7.7235901065327753e-02 1.5718396974967392e+01 51
1 1 1 1 2.7582200607184408e-02 2.1364273793438481e-02 1.0000006876141416e+00 7.5753476860482047e-02 7.7274497661220173e-02 1.5718229625177656e+01 46
1 1 0 0 2.7578366361052296e-02 2.1361963684482371e-02 1.0000006882524852e+00 7.5748476860482042e-02 -7.7292044815253563e-02 1.5718153648162149e+01 45
1 1 0 0 2.7577599356519038e-02 2.1361501575421844e-02 1.0000006883801615e+00 7.5747476860482041e-02 -7.7295554490870971e-02 1.5718138459575862e+01 46
1 1 0 0 2.7566088072204047e-02 2.1354566445776067e-02 1.0000006902956087e+00 7.5732476860482040e-02 -7.7348209481883701e-02 1.5717910902789923e+01 47
1 1 1 1 2.7541491651583448e-02 2.1339749565670047e-02 1.0000006943836990e+00 7.5700476860482036e-02 7.7460602823163333e-02 1.5717427143433083e+01 63
1 1 0 0 2.7525321316830081e-02 2.1330009708846211e-02 1.0000006970677564e+00 7.5679476860482042e-02 -7.7534408322296355e-02 1.5717110920933138e+01 49
1 1 0 0 2.7522238648689742e-02 2.1328153031914755e-02 1.0000006975791109e+00 7.5675476860482038e-02 -7.7548470842263864e-02 1.5717050799160939e+01 77
1 1 0 0 2.7519155146362852e-02 2.1326295885258955e-02 1.0000006980904983e+00 7.5671476860482034e-02 -7.7562534759767057e-02 1.5716990712816651e+01 56
1 1 1 1 2.7513757009044758e-02 2.1323044747624711e-02 1.0000006989855035e+00 7.5664476860482041e-02 7.7587149993246604e-02 1.5716885646814637e+01 59
1 1 0 0 2.7495229682919432e-02 2.1311887045853926e-02 1.0000007020548094e+00 7.5640476860482045e-02 -7.7671578057070478e-02 1.5716526239469678e+01 51
1 1 0 0 2.7489047214406582e-02 2.1308164039942078e-02 1.0000007030781464e+00 7.5632476860482051e-02 -7.7699732222771004e-02 1.5716406717541409e+01 47
1 1 1 1 2.7483634805636970e-02 2.1304904860079410e-02 1.0000007039736578e+00 7.5625476860482058e-02 7.7724371879176551e-02 1.5716302250393332e+01 47
1 1 0 0 2.7482087931634404e-02 2.1303973399977191e-02 1.0000007042295336e+00 7.5623476860482056e-02 -7.7731412601277319e-02 1.5716272422233475e+01 44
1 1 0 0 2.7463509080019474e-02 2.1292786649238962e-02 1.0000007073005495e+00 7.5599476860482059e-02 -7.7815929974311485e-02 1.5715915161085089e+01 46
1 1 1 1 2.7404476042848222e-02 2.1257249022189287e-02 1.0000007170306777e+00 7.5523476860482053e-02 7.8083928278858808e-02 1.5714791980576923e+01 61
1 1 0 0 2.7401360588519556e-02 2.1255373844289115e-02 1.0000007175429702e+00 7.5519476860482049e-02 -7.8098049054815696e-02 1.5714733204731944e+01 48
1 1 1 1 2.7399802543454067e-02 2.1254436075556014e-02 1.0000007177991221e+00 7.5517476860482047e-02 7.8105110041157694e-02 1.5714703829399179e+01 52
1 1 1 1 2.7376406401693837e-02 2.1240355138090809e-02 1.0000007216418005e+00 7.5487476860482045e-02 7.8211073175850326e-02 1.5714264202425156e+01 50
1 1 0 0 2.7364690393957048e-02 2.1233304517764479e-02 1.0000007235633828e+00 7.5472476860482043e-02 -7.8264089165504161e-02 1.5714045090383742e+01 61
1 1 1 1 2.7357655037907682e-02 2.1229070888876080e-02 1.0000007247163953e+00 7.5463476860482048e-02 7.8295909934504498e-02 1.5713913846231295e+01 67
1 1 0 0 2.7352180108603508e-02 2.1225776375291508e-02 1.0000007256132113e+00 7.5456476860482055e-02 -7.8320665263923714e-02 1.5713811882701764e+01 46
1 1 1 1 2.7347485230980805e-02 2.1222951327539572e-02 1.0000007263819282e+00 7.5450476860482049e-02 7.8341888210264124e-02 1.5713724565455438e+01 51
1 1 0 0 2.7346702564513773e-02 2.1222480380372815e-02 1.0000007265100490e+00 7.5449476860482048e-02 -7.8345425736625299e-02 1.5713710019754794e+01 53
1 1 1 1 2.7319275548285331e-02 2.1205978133894215e-02 1.0000007309944756e+00 7.5414476860482055e-02 7.8469306249737927e-02 1.5713202205297540e+01 59
1 1 1 1 2.7312997302386798e-02 2.1202200967412221e-02 1.0000007320195210e+00 7.5406476860482061e-02 7.8497640323596921e-02 1.5713086482497184e+01 50
1 1 1 1 2.7302787824749066e-02 2.1196058914514933e-02 1.0000007336852268e+00 7.5393476860482062e-02 7.8543698111839644e-02 1.5712898708198539e+01 55
1 1 1 1 2.7298072694803253e-02 2.1193222382542828e-02 1.0000007344540129e+00 7.5387476860482056e-02 7.8564961825514035e-02 1.5712812157722428e+01 61
1 1 0 0 2.7294141940504970e-02 2.1190857766247812e-02 1.0000007350946658e+00 7.5382476860482051e-02 -7.8582684631972072e-02 1.5712740087455765e+01 53
1 1 0 0 2.7281554479508627e-02 2.1183285857779663e-02 1.0000007371447295e+00 7.5366476860482048e-02 -7.8639416343732713e-02 1.5712509798356066e+01 44
1 1 0 0 2.7269741195859384e-02 2.1176180072621075e-02 1.0000007390666068e+00 7.5351476860482047e-02 -7.8692628483967700e-02 1.5712294365070212e+01 50
1 1 0 0 2.7262647391627055e-02 2.1171913287135437e-02 1.0000007402196953e+00 7.5342476860482052e-02 -7.8724568043330265e-02 1.5712165319067426e+01 46
1 1 0 0 2.7260281816799185e-02 2.1170490472162479e-02 1.0000007406040505e+00 7.5339476860482049e-02 -7.8735216622903614e-02 1.5712122339284360e+01 51
1 1 0 0 2.7246078134279234e-02 2.1161947765536846e-02 1.0000007429100866e+00 7.5321476860482045e-02 -7.8799129891043512e-02 1.5711864832592431e+01 51
1 1 1 1 2.7235018679326678e-02 2.1155296531976741e-02 1.0000007447035364e+00 7.5307476860482045e-02 7.8848866262844736e-02 1.5711664988741818e+01 61
1 1 0 0 2.7233437888360860e-02 2.1154345861602142e-02 1.0000007449597326e+00 7.5305476860482043e-02 -7.8855973335421603e-02 1.5711636470864837e+01 52
1 1 1 1 2.7231856880023071e-02 2.1153395067576183e-02 1.0000007452159259e+00 7.5303476860482041e-02 7.8863080879238517e-02 1.5711607960782892e+01 60
1 1 0 0 2.7224739651045795e-02 2.1149114963253685e-02 1.0000007463687570e+00 7.5294476860482046e-02 -7.8895070676732015e-02 1.5711479761734109e+01 45
1 1 0 0 2.7217618014127122e-02 2.1144832350746334e-02 1.0000007475215213e+00 7.5285476860482051e-02 -7.8927070094668456e-02 1.5711351719939154e+01 65
1 1 0 0 2.7214451425942535e-02 2.1142928161400613e-02 1.0000007480338380e+00 7.5281476860482047e-02 -7.8941295162938394e-02 1.5711294862824175e+01 47
1 1 0 0 2.7212867804820406e-02 2.1141975880581320e-02 1.0000007482899909e+00 7.5279476860482045e-02 -7.8948408416185195e-02 1.5711266445865837e+01 69
1 1 1 1 2.7172411621049566e-02 2.1117650665453860e-02 1.0000007548204257e+00 7.5228476860482049e-02 7.9129960620085329e-02 1.5710544409154615e+01 49
1 1 1 1 2.7171616938571345e-02 2.1117172889120944e-02 1.0000007549484413e+00 7.5227476860482048e-02 7.9133523668474218e-02 1.5710530301200381e+01 51
1 1 0 0 2.7158098931388069e-02 2.1109045899627112e-02 1.0000007571244920e+00 7.5210476860482045e-02 -7.9194114643251490e-02 1.5710290755720745e+01 51
1 1 0 0 2.7147750904613643e-02 2.1102825025580269e-02 1.0000007587882369e+00 7.5197476860482046e-02 -7.9240473508777054e-02 1.5710107941854343e+01 76
1 1 0 0 2.7146954516940453e-02 2.1102346276843625e-02 1.0000007589162061e+00 7.5196476860482045e-02 -7.9244040464617055e-02 1.5710093892411606e+01 61
1 1 0 0 2.7127026889976372e-02 2.1090367324257037e-02 1.0000007621148823e+00 7.5171476860482048e-02 -7.9333256030412816e-02 1.5709743264730129e+01 54
1 1 1 1 2.7115852325831229e-02 2.1083650495368179e-02 1.0000007639056450e+00 7.5157476860482048e-02 7.9383252081083919e-02 1.5709547421937964e+01 44
1 1 1 1 2.7099070105814065e-02 2.1073563616110524e-02 1.0000007665910580e+00 7.5136476860482054e-02 7.9458294394295401e-02 1.5709254337858997e+01 47
1 1 0 0 2.7068639919510838e-02 2.1055275530282819e-02 1.0000007714479127e+00 7.5098476860482058e-02 -7.9594234904388259e-02 1.5708726052533672e+01 45
1 1 1 1 2.7050985587019009e-02 2.1044666613474174e-02 1.0000007742581694e+00 7.5076476860482064e-02 7.9673027076503811e-02 1.5708421403192768e+01 74
1 1 1 1 2.7038129034077232e-02 2.1036941287138181e-02 1.0000007763011849e+00 7.5060476860482062e-02 7.9730372547185513e-02 1.5708200387990180e+01 44
1 1 0 0 2.7026867750407028e-02 2.1030174870932023e-02 1.0000007780882332e+00 7.5046476860482061e-02 -7.9780579242286417e-02 1.5708007375957155e+01 46
1 1 0 0 2.7019622526946684e-02 2.1025821694848394e-02 1.0000007792367469e+00 7.5037476860482066e-02 -7.9812869597114269e-02 1.5707883481411731e+01 44
1 1 0 0 2.7013178494181750e-02 2.1021950008553510e-02 1.0000007802574429e+00 7.5029476860482072e-02 -7.9841581808883538e-02 1.5707773473791315e+01 40
1 1 0 0 2.6999472922529251e-02 2.1013715797627088e-02 1.0000007824257580e+00 7.5012476860482069e-02 -7.9902625722129597e-02 1.5707540083827821e+01 56
1 1 1 1 2.6972821256700356e-02 2.0997704948550244e-02 1.0000007866321199e+00 7.4979476860482064e-02 8.0021242542586621e-02 1.5707088483686237e+01 52
1 1 1 1 2.6972012664987409e-02 2.0997219217542350e-02 1.0000007867595266e+00 7.4978476860482063e-02 8.0024839488677280e-02 1.5707074828557296e+01 59
1 1 1 1 2.6952589375186107e-02 2.0985551867052591e-02 1.0000007898162007e+00 7.4954476860482067e-02 8.0111210827861143e-02 1.5706747626513096e+01 52
1 1 1 1 2.6932321801311148e-02 2.0973378295102544e-02 1.0000007929979171e+00 7.4929476860482069e-02 8.0201273107503773e-02 1.5706407848761977e+01 77
1 1 0 0 2.6926640465405521e-02 2.0969966010305586e-02 1.0000007938883542e+00 7.4922476860482076e-02 -8.0226507601080910e-02 1.5706312903158059e+01 45
1 1 1 1 2.6901446413238612e-02 2.0954835010783709e-02 1.0000007978292691e+00 7.4891476860482073e-02 8.0338351290964616e-02 1.5705893433049047e+01 62
1 1 1 1 2.6893307487726031e-02 2.0949947252586504e-02 1.0000007990996482e+00 7.4881476860482077e-02 8.0374461880761874e-02 1.5705758467372029e+01 55
1 1 1 1 2.6883533149543767e-02 2.0944077555762500e-02 1.0000008006235122e+00 7.4869476860482079e-02 8.0417815417596489e-02 1.5705596730797673e+01 52
1 1 1 1 2.6861510383289017e-02 2.0930853185650494e-02 1.0000008040497645e+00 7.4842476860482079e-02 8.0515444836157260e-02 1.5705233704930732e+01 46
1 1 1 1 2.6860693912330490e-02 2.0930362926252850e-02 1.0000008041765962e+00 7.4841476860482078e-02 8.0519062992345194e-02 1.5705220282857798e+01 46
1 1 1 1 2.6850074493654806e-02 2.0923986504691208e-02 1.0000008058249601e+00 7.4828476860482079e-02 8.0566113788250460e-02 1.5705045946833843e+01 54
1 1 0 0 2.6837809076360339e-02 2.0916622045015935e-02 1.0000008077258697e+00 7.4813476860482078e-02 -8.0620437453733637e-02 1.5704845137002728e+01 48
1 1 1 1 2.6814878426194379e-02 2.0902854769793731e-02 1.0000008112711181e+00 7.4785476860482078e-02 8.0721941092187610e-02 1.5704471280627370e+01 64
1 1 1 1 2.6806677763620567e-02 2.0897931461778464e-02 1.0000008125362609e+00 7.4775476860482082e-02 8.0758224137774864e-02 1.5704338070610744e+01 45
1 1 1 1 2.6805036925615738e-02 2.0896946393384040e-02 1.0000008127892239e+00 7.4773476860482080e-02 8.0765482768893504e-02 1.5704311448102972e+01 51
1 1 1 1 2.6802575227295188e-02 2.0895468536296466e-02 1.0000008131686264e+00 7.4770476860482077e-02 8.0776371983321618e-02 1.5704271526504810e+01 57
1 1 1 1 2.6791901741975221e-02 2.0889060955707788e-02 1.0000008148121227e+00 7.4757476860482078e-02 8.0823576225374727e-02 1.5704098701227556e+01 86
1 1 1 1 2.6783684584531540e-02 2.0884128133908903e-02 1.0000008160756968e+00 7.4747476860482082e-02 8.0859906800339124e-02 1.5703965944262137e+01 61
1 1 1 1 2.6782040444100475e-02 2.0883141160488550e-02 1.0000008163283425e+00 7.4745476860482080e-02 8.0867174973347708e-02 1.5703939412175112e+01 44
1 1 1 1 2.6767232527327073e-02 2.0874252251483670e-02 1.0000008186010967e+00 7.4727476860482075e-02 8.0932619595251318e-02 1.5703700911973272e+01 49
1 1 1 1 2.6758997606617371e-02 2.0869309177113063e-02 1.0000008198629020e+00 7.4717476860482079e-02 8.0969002032064002e-02 1.5703568635530241e+01 47
1 1 0 0 2.6751581097731326e-02 2.0864857476579398e-02 1.0000008209980054e+00 7.4708476860482084e-02 -8.1001761188799121e-02 1.5703449722741187e+01 45
1 1 1 1 2.6749932330226753e-02 2.0863867831834932e-02 1.0000008212501827e+00 7.4706476860482082e-02 8.1009042934980485e-02 1.5703423315132435e+01 66
1 1 0 0 2.6747458732401069e-02 2.0862383106773807e-02 1.0000008216284020e+00 7.4703476860482079e-02 -8.1019966876441946e-02 1.5703383715601328e+01 52
1 1 1 1 2.6730954364831087e-02 2.0852477015906052e-02 1.0000008241484146e+00 7.4683476860482073e-02 8.1092833911212026e-02 1.5703120082047155e+01 52
1 1 1 1 2.6705325301235327e-02 2.0837095240225159e-02 1.0000008280493029e+00 7.4652476860482070e-02 8.1205919477818300e-02 1.5702712690896805e+01 49
1 1 0 0 2.6700358173260517e-02 2.0834114268929668e-02 1.0000008288035709e+00 7.4646476860482064e-02 -8.1227827134220901e-02 1.5702634014075178e+01 45
1 1 1 1 2.6687930867189309e-02 2.0826656353175495e-02 1.0000008306881587e+00 7.4631476860482063e-02 8.1282625141626777e-02 1.5702437566111216e+01 48
1 1 1 1 2.6663035470576347e-02 2.0811716919296504e-02 1.0000008344525726e+00 7.4601476860482061e-02 8.1392346173228242e-02 1.5702045710036659e+01 70
1 1 0 0 2.6658049844786442e-02 2.0808725242502442e-02 1.0000008352046739e+00 7.4595476860482055e-02 -8.1414310592183459e-02 1.5701967504202399e+01 45
1 1 1 1 2.6657218694503507e-02 2.0808226506555304e-02 1.0000008353299983e+00 7.4594476860482054e-02 8.1417971988680851e-02 1.5701954475232910e+01 53
1 1 0 0 2.6643079829558641e-02 2.0799742602871797e-02 1.0000008374593730e+00 7.4577476860482050e-02 -8.1480244722456935e-02 1.5701733215361225e+01 47
1 1 0 0 2.6638085436787039e-02 2.0796745847782152e-02 1.0000008382103966e+00 7.4571476860482044e-02 -8.1502236473917897e-02 1.5701655228247331e+01 75
1 1 0 0 2.6637252824358516e-02 2.0796246264814567e-02 1.0000008383355405e+00 7.4570476860482043e-02 -8.1505902435587807e-02 1.5701642235686062e+01 53
1 1 0 0 2.6614749165595825e-02 2.0782744122842756e-02 1.0000008417114949e+00 7.4543476860482044e-02 -8.1604956236866644e-02 1.5701292005671339e+01 79
1 1 1 1 2.6609742283065122e-02 2.0779740128153788e-02 1.0000008424609272e+00 7.4537476860482038e-02 8.1626987400959361e-02 1.5701214325240480e+01 56
1 1 1 1 2.6604733187824341e-02 2.0776734850291318e-02 1.0000008432100707e+00 7.4531476860482032e-02 8.1649025605237582e-02 1.5701136698546275e+01 49
1 1 1 1 2.6601392560420843e-02 2.0774730618004840e-02 1.0000008437093379e+00 7.4527476860482028e-02 8.1663721665320502e-02 1.5701084977213835e+01 71
1 1 0 0 2.6600557249636437e-02 2.0774229470647068e-02 1.0000008438341346e+00 7.4526476860482027e-02 -8.1667396171920606e-02 1.5701072050600485e+01 44
1 1 1 1 2.6590528712102469e-02 2.0768212913135086e-02 1.0000008453310545e+00 7.4514476860482029e-02 8.1711505641202817e-02 1.5700917047062708e+01 59
1 1 0 0 2.6582164806459738e-02 2.0763195174999815e-02 1.0000008465775780e+00 7.4504476860482033e-02 -8.1748285337313625e-02 1.5700788040340909e+01 57
1 1 1 1 2.6580491283308309e-02 2.0762191196766644e-02 1.0000008468267825e+00 7.4502476860482031e-02 8.1755643666808306e-02 1.5700762256715977e+01 55
1 1 1 1 2.6572119951980732e-02 2.0757169149043384e-02 1.0000008480722979e+00 7.4492476860482035e-02 8.1792447318759329e-02 1.5700633426956431e+01 59
1 1 1 1 2.6552003429698365e-02 2.0745101530370708e-02 1.0000008510580352e+00 7.4468476860482039e-02 8.1880858308150534e-02 1.5700324833841703e+01 48
1 1 0 0 2.6531851010758986e-02 2.0733013062067443e-02 1.0000008540387049e+00 7.4444476860482042e-02 -8.1969386741044176e-02 1.5700017079561491e+01 63
1 1 1 1 2.6520920066458484e-02 2.0726456395923409e-02 1.0000008556510624e+00 7.4431476860482043e-02 8.2017389282034586e-02 1.5699850727016566e+01 52
1 1 1 1 2.6515871437544147e-02 2.0723428162686328e-02 1.0000008563947032e+00 7.4425476860482037e-02 8.2039556167495253e-02 1.5699774030898842e+01 52
1 1 1 1 2.6480467496657376e-02 2.0702193579838133e-02 1.0000008615906804e+00 7.4383476860482037e-02 8.2194936791691375e-02 1.5699238597217946e+01 58
1 1 1 1 2.6466950901122291e-02 2.0694087121230595e-02 1.0000008635656068e+00 7.4367476860482035e-02 8.2254228449695696e-02 1.5699035279843651e+01 66
1 1 0 0 2.6458494757609630e-02 2.0689015769826874e-02 1.0000008647986420e+00 7.4357476860482039e-02 -8.2291313861359572e-02 1.5698908389146595e+01 52
1 1 0 0 2.6449185631469776e-02 2.0683432993007157e-02 1.0000008661538142e+00 7.4346476860482041e-02 -8.2332132986782727e-02 1.5698768970939687e+01 52
1 1 0 0 2.6439868768323913e-02 2.0677845710164528e-02 1.0000008675077487e+00 7.4335476860482044e-02 -8.2372978651450768e-02 1.5698629721327803e+01 46
1 1 1 1 2.6432240112532372e-02 2.0673270937035727e-02 1.0000008686145818e+00 7.4326476860482049e-02 8.2406417693227985e-02 1.5698515914755177e+01 52
1 1 0 0 2.6401673366132639e-02 2.0654941468897126e-02 1.0000008730333445e+00 7.4290476860482055e-02 -8.2540354609756880e-02 1.5698061805148646e+01 40
1 1 0 0 2.6398271894362092e-02 2.0652901849341068e-02 1.0000008735234558e+00 7.4286476860482051e-02 -8.2555254514922544e-02 1.5698011458154760e+01 56
1 1 1 1 2.6388061255109448e-02 2.0646779360949965e-02 1.0000008749927343e+00 7.4274476860482053e-02 8.2599976084116733e-02 1.5697860547889093e+01 66
1 1 0 0 2.6377841260330704e-02 2.0640651415448050e-02 1.0000008764604131e+00 7.4262476860482055e-02 -8.2644730615512543e-02 1.5697709833021918e+01 59
1 1 0 0 2.6371022720428450e-02 2.0636563078716967e-02 1.0000008774379665e+00 7.4254476860482060e-02 -8.2674585397995382e-02 1.5697609464570368e+01 48
1 1 1 1 2.6368464691522132e-02 2.0635029324305200e-02 1.0000008778043619e+00 7.4251476860482057e-02 8.2685784759504569e-02 1.5697571848638775e+01 69
1 1 0 0 2.6357373102361800e-02 2.0628379088121741e-02 1.0000008793908857e+00 7.4238476860482058e-02 -8.2734339505561555e-02 1.5697408986017630e+01 54
1 1 1 1 2.6324031782016571e-02 2.0608389522341501e-02 1.0000008841386245e+00 7.4199476860482061e-02 8.2880242063846768e-02 1.5696921751437849e+01 63
1 1 1 1 2.6282858199381760e-02 2.0583706286583764e-02 1.0000008899567394e+00 7.4151476860482055e-02 8.3060314940843760e-02 1.5696324830204240e+01 56
1 1 0 0 2.6280279754474365e-02 2.0582160605108715e-02 1.0000008903194164e+00 7.4148476860482052e-02 -8.3071588159045709e-02 1.5696287622324078e+01 50
1 1 0 0 2.6273400956588231e-02 2.0578037065547648e-02 1.0000008912859948e+00 7.4140476860482057e-02 -8.3101660933394536e-02 1.5696188458226468e+01 46
1 1 0 0 2.6253600487818718e-02 2.0566167893401058e-02 1.0000008940603120e+00 7.4117476860482062e-02 -8.3188208731973010e-02 1.5695903820614125e+01 45
1 1 1 1 2.6239805230539141e-02 2.0557898778589618e-02 1.0000008959861850e+00 7.4101476860482060e-02 8.3248494129538830e-02 1.5695706211300102e+01 56
1 1 0 0 2.6216486416924856e-02 2.0543921629628148e-02 1.0000008992283203e+00 7.4074476860482061e-02 -8.3350373189919946e-02 1.5695373482573846e+01 59
1 1 0 0 2.6215621805512589e-02 2.0543403400147649e-02 1.0000008993482092e+00 7.4073476860482060e-02 -8.3354150075293620e-02 1.5695361176961818e+01 45
1 1 0 0 2.6205241148937665e-02 2.0537181530318655e-02 1.0000009007858004e+00 7.4061476860482062e-02 -8.3399492840436060e-02 1.5695213607582277e+01 52
1 1 1 1 2.6200912972501617e-02 2.0534587383952248e-02 1.0000009013842082e+00 7.4056476860482057e-02 8.3418396672022999e-02 1.5695152173595321e+01 44
1 1 0 0 2.6164488541044223e-02 2.0512756848963875e-02 1.0000009063968898e+00 7.4014476860482056e-02 -8.3577447584170045e-02 1.5694637355464641e+01 57
1 1 1 1 2.6103509379610541e-02 2.0476213224538842e-02 1.0000009146938542e+00 7.3944476860482056e-02 8.3843583847175676e-02 1.5693784126162173e+01 49
1 1 0 0 2.6100888319473593e-02 2.0474642568816103e-02 1.0000009150477727e+00 7.3941476860482053e-02 -8.3855019722888030e-02 1.5693747691283209e+01 77
1 1 1 1 2.6098266624921179e-02 2.0473071540548345e-02 1.0000009154015508e+00 7.3938476860482050e-02 8.3866458104116207e-02 1.5693711267151922e+01 59
1 1 0 0 2.6093895722814373e-02 2.0470452331360526e-02 1.0000009159908687e+00 7.3933476860482045e-02 -8.3885527652625816e-02 1.5693650584115163e+01 53
1 1 1 1 2.6072890768021752e-02 2.0457865663116089e-02 1.0000009188141012e+00 7.3909476860482048e-02 8.3977159183682260e-02 1.5693359718735465e+01 63
1 1 1 1 2.6056232815270475e-02 2.0447884160436497e-02 1.0000009210426166e+00 7.3890476860482043e-02 8.4049816577430020e-02 1.5693129932226997e+01 52
1 1 1 1 2.6018437767245401e-02 2.0425238319235480e-02 1.0000009260641807e+00 7.3847476860482042e-02 8.4214635904074631e-02 1.5692611443482139e+01 65
1 1 1 1 2.6010510307214980e-02 2.0420488571130622e-02 1.0000009271112751e+00 7.3838476860482047e-02 8.4249201354468922e-02 1.5692503192821611e+01 53
1 1 0 0 2.6004340445987754e-02 2.0416791934553799e-02 1.0000009279247246e+00 7.3831476860482054e-02 -8.4276102148362494e-02 1.5692419062014618e+01 45
1 1 1 1 2.5995520182619310e-02 2.0411507391076028e-02 1.0000009290853311e+00 7.3821476860482058e-02 8.4314557109879867e-02 1.5692298972171494e+01 62
1 1 1 1 2.5992872684132074e-02 2.0409921192670495e-02 1.0000009294331751e+00 7.3818476860482055e-02 8.4326099415089104e-02 1.5692262967415568e+01 50
1 1 1 1 2.5969900153151388e-02 2.0396157926347594e-02 1.0000009324412154e+00 7.3792476860482056e-02 8.4426246047662301e-02 1.5691951353025550e+01 53
1 1 1 1 2.5962821710914515e-02 2.0391917204483384e-02 1.0000009333643562e+00 7.3784476860482062e-02 8.4457101573490609e-02 1.5691855624858507e+01 54
1 1 0 0 2.5956624209766379e-02 2.0388204297195917e-02 1.0000009341711633e+00 7.3777476860482069e-02 -8.4484116182487926e-02 1.5691771921507508e+01 59
1 1 0 0 2.5945104970627596e-02 2.0381303246938969e-02 1.0000009356671691e+00 7.3764476860482070e-02 -8.4534326067540244e-02 1.5691616617443604e+01 47
1 1 0 0 2.5918474279286723e-02 2.0365349564926385e-02 1.0000009391076603e+00 7.3734476860482068e-02 -8.4650394938661874e-02 1.5691258937895789e+01 60
1 1 0 0 2.5910471991345000e-02 2.0360555751241568e-02 1.0000009401365406e+00 7.3725476860482073e-02 -8.4685270551520364e-02 1.5691151826996702e+01 71
1 1 0 0 2.5909582474117558e-02 2.0360022884734753e-02 1.0000009402507664e+00 7.3724476860482072e-02 -8.4689147197532233e-02 1.5691139931251952e+01 46
1 1 0 0 2.5908692881984757e-02 2.0359489974069150e-02 1.0000009403649734e+00 7.3723476860482071e-02 -8.4693024159811059e-02 1.5691128036598728e+01 46
1 1 1 1 2.5907803214924596e-02 2.0358957019231093e-02 1.0000009404791614e+00 7.3722476860482070e-02 8.4696901438542693e-02 1.5691116143036567e+01 57
1 1 0 0 2.5879294174198555e-02 2.0341879058295240e-02 1.0000009441231026e+00 7.3690476860482065e-02 -8.4821142569456207e-02 1.5690736122317837e+01 46
1 1 0 0 2.5854285228223414e-02 2.0326898365805108e-02 1.0000009472952396e+00 7.3662476860482065e-02 -8.4930124408903740e-02 1.5690404508196920e+01 55
1 1 1 1 2.5852496591689818e-02 2.0325826969086542e-02 1.0000009475212281e+00 7.3660476860482063e-02 8.4937918618069902e-02 1.5690380853469282e+01 59
1 1 0 0 2.5848918402183028e-02 2.0323683634792734e-02 1.0000009479729657e+00 7.3656476860482059e-02 -8.4953510979582272e-02 1.5690333556748374e+01 58
1 1 1 1 2.5831009077329582e-02 2.0312956115989936e-02 1.0000009502268323e+00 7.3636476860482053e-02 8.5031552057392643e-02 1.5690097326856813e+01 64
1 1 0 0 2.5824733554630455e-02 2.0309197199005497e-02 1.0000009510137708e+00 7.3629476860482060e-02 -8.5058897839252065e-02 1.5690014745836839e+01 52
1 1 1 1 2.5787900804654800e-02 2.0287135732329674e-02 1.0000009556026670e+00 7.3588476860482060e-02 8.5219397434664612e-02 1.5689532082020991e+01 46
1 1 0 0 2.5784300366022268e-02 2.0284979259152885e-02 1.0000009560484795e+00 7.3584476860482056e-02 -8.5235086560970411e-02 1.5689485085889237e+01 80
1 1 0 0 2.5781599216323590e-02 2.0283361419309372e-02 1.0000009563826160e+00 7.3581476860482053e-02 -8.5246857013250701e-02 1.5689449849564220e+01 62
1 1 1 1 2.5752743000272887e-02 2.0266078484281885e-02 1.0000009599347326e+00 7.3549476860482049e-02 8.5372602406814796e-02 1.5689074566625026e+01 49
1 1 0 0 2.5749130298793371e-02 2.0263914763008289e-02 1.0000009603771871e+00 7.3545476860482045e-02 -8.5388345705597654e-02 1.5689027729258649e+01 45
1 1 0 0 2.5746419941711670e-02 2.0262291480733902e-02 1.0000009607087981e+00 7.3542476860482042e-02 -8.5400156872220065e-02 1.5688992611815937e+01 45
1 1 0 0 2.5720182959759395e-02 2.0246577952148459e-02 1.0000009639041119e+00 7.3513476860482041e-02 -8.5514495835404838e-02 1.5688653608221685e+01 45
1 1 0 0 2.5702049340591636e-02 2.0235717878248828e-02 1.0000009660967921e+00 7.3493476860482035e-02 -8.5593525668500675e-02 1.5688420299735947e+01 52
1 1 0 0 2.5668417098969134e-02 2.0215576412342569e-02 1.0000009701290660e+00 7.3456476860482040e-02 -8.5740114832199801e-02 1.5687989713117441e+01 61
1 1 1 1 2.5657485451954148e-02 2.0209029900582324e-02 1.0000009714299640e+00 7.3444476860482041e-02 8.5787765809305083e-02 1.5687850348537362e+01 46
1 1 1 1 2.5309671866354581e-02 2.0000773841907349e-02 1.0000010101889976e+00 7.3069476860482041e-02 8.7306106570912395e-02 1.5683560728570686e+01 31
1 1 1 1 2.5278458461092099e-02 1.9982087291266062e-02 1.0000010134045294e+00 7.3036476860482036e-02 8.7442680348837051e-02 1.5683188869332104e+01 52
1 1 1 1 2.5272772192772252e-02 1.9978683127249010e-02 1.0000010139854218e+00 7.3030476860482030e-02 8.7467567968655457e-02 1.5683121348498256e+01 49
1 1 1 1 2.5251893066989290e-02 1.9966183643809334e-02 1.0000010161053425e+00 7.3008476860482036e-02 8.7558971994207563e-02 1.5682874005748502e+01 63
1 1 1 1 2.5218579978973019e-02 1.9946240756596744e-02 1.0000010194449975e+00 7.2973476860482042e-02 8.7704878018960583e-02 1.5682481252115522e+01 59
1 1 0 0 2.5088948133644273e-02 1.9868639755510092e-02 1.0000010319294286e+00 7.2838476860482046e-02 -8.8273543300328813e-02 1.5680974556926200e+01 45
1 1 0 0 2.5081208007388677e-02 1.9864006452824066e-02 1.0000010326485889e+00 7.2830476860482052e-02 -8.8307547009104675e-02 1.5680885663158129e+01 45
1 1 1 1 2.5072492398922449e-02 1.9858789235126274e-02 1.0000010334547800e+00 7.2821476860482057e-02 8.8345843365494170e-02 1.5680785708055476e+01 53
1 1 1 1 2.5036572210804554e-02 1.9837287363448454e-02 1.0000010367368417e+00 7.2784476860482061e-02 8.8503758932192048e-02 1.5680375333906531e+01 52
1 1 0 0 2.5024891274181858e-02 1.9830295198042452e-02 1.0000010377899868e+00 7.2772476860482063e-02 -8.8555141047019087e-02 1.5680242427390999e+01 57
1 1 1 1 2.4947603266109262e-02 1.9784031528246333e-02 1.0000010445806506e+00 7.2693476860482067e-02 8.8895499399921668e-02 1.5679369672724746e+01 63
1 1 0 0 2.4928912604705263e-02 1.9772843675090794e-02 1.0000010461759479e+00 7.2674476860482062e-02 -8.8977913621600471e-02 1.5679160324223814e+01 45
1 1 0 0 2.4891409500378093e-02 1.9750395226882392e-02 1.0000010493210050e+00 7.2636476860482066e-02 -8.9143409327279127e-02 1.5678742244928735e+01 46
1 1 1 1 2.4841811476389201e-02 1.9720707332416015e-02 1.0000010533643411e+00 7.2586476860482071e-02 8.9362556777101934e-02 1.5678193350776978e+01 70
1 1 1 1 2.4833848802154206e-02 1.9715941139900703e-02 1.0000010540010362e+00 7.2578476860482077e-02 8.9397770299341872e-02 1.5678105651052645e+01 63
1 1 0 0 2.4789909154861321e-02 1.9689598380650226e-02 1.0000010574967508e+00 7.2534476860482075e-02 -8.9592245750008223e-02 1.5677623782182312e+01 54
1 1 0 0 2.4761811066048058e-02 1.9672685096321377e-02 1.0000010597490752e+00 7.2506476860482075e-02 -8.9716754422131159e-02 1.5677317467419062e+01 50
1 1 0 0 2.4748733005306067e-02 1.9664813092952305e-02 1.0000010607823933e+00 7.2493476860482076e-02 -8.9774745894516506e-02 1.5677175377769681e+01 52
1 1 1 1 2.4743697445411092e-02 1.9661782094912462e-02 1.0000010611777050e+00 7.2488476860482071e-02 8.9797081705543597e-02 1.5677120749081588e+01 84
1 1 1 1 2.4736642470752187e-02 1.9657535599399444e-02 1.0000010617291524e+00 7.2481476860482077e-02 8.9828381326480480e-02 1.5677044288467412e+01 44
1 1 1 1 2.4701275976728557e-02 1.9636248430414900e-02 1.0000010644511703e+00 7.2446476860482084e-02 8.9985401448861954e-02 1.5676662320335856e+01 62
1 1 1 1 2.4670838679240147e-02 1.9617928756719541e-02 1.0000010667367720e+00 7.2416476860482082e-02 9.0120695086378932e-02 1.5676335348648257e+01 55
1 1 1 1 2.4605516505358867e-02 1.9578614324941620e-02 1.0000010714612406e+00 7.2352476860482087e-02 9.0411568011590823e-02 1.5675639051133368e+01 58
1 1 1 1 2.4602441279920742e-02 1.9576763547958766e-02 1.0000010716775158e+00 7.2349476860482084e-02 9.0425279601810085e-02 1.5675606451552607e+01 74
1 1 1 1 2.4541714743057684e-02 1.9540217314538685e-02 1.0000010758335820e+00 7.2290476860482081e-02 9.0696386789397884e-02 1.5674965991105619e+01 56
1 1 0 0 2.4537580442322921e-02 1.9537729299137729e-02 1.0000010761085314e+00 7.2286476860482077e-02 -9.0714868268539098e-02 1.5674922613935417e+01 98
1 1 0 0 2.4526199653909658e-02 1.9530880408272284e-02 1.0000010768600951e+00 7.2275476860482080e-02 -9.0765759975607679e-02 1.5674803354024789e+01 45
1 1 0 0 2.4462778136682375e-02 1.9492715017685010e-02 1.0000010809044773e+00 7.2214476860482074e-02 -9.1049814777576982e-02 1.5674142690648150e+01 54
1 1 1 1 2.4437678582939441e-02 1.9477611373138859e-02 1.0000010824369971e+00 7.2190476860482078e-02 9.1162449548377961e-02 1.5673883052809604e+01 73
1 1 1 1 2.4390387214775100e-02 1.9449154730567964e-02 1.0000010852181176e+00 7.2145476860482075e-02 9.1375019986240855e-02 1.5673396630835990e+01 57
1 1 1 1 2.4343849864338522e-02 1.9421152959760775e-02 1.0000010878175456e+00 7.2101476860482072e-02 9.1584662464789149e-02 1.5672921464079941e+01 76
1 1 1 1 2.4336418549324022e-02 1.9416681603550433e-02 1.0000010882198893e+00 7.2094476860482079e-02 9.1618182818694965e-02 1.5672845905457889e+01 63
1 1 0 0 2.4313012765767576e-02 1.9402598740591886e-02 1.0000010894639992e+00 7.2072476860482085e-02 -9.1723839229358409e-02 1.5672608493645706e+01 57
1 1 0 0 2.4291667914625191e-02 1.9389756155300239e-02 1.0000010905678072e+00 7.2052476860482079e-02 -9.1820300030872909e-02 1.5672392735544346e+01 43
1 1 0 0 2.4263822899501492e-02 1.9373002964620054e-02 1.0000010919633362e+00 7.2026476860482080e-02 -9.1946293642232516e-02 1.5672112339319186e+01 56
1 1 0 0 2.4214284984044182e-02 1.9343199052875376e-02 1.0000010943205131e+00 7.1980476860482076e-02 -9.2170896598683355e-02 1.5671616456633263e+01 51
1 1 1 1 2.4211041885991411e-02 1.9341247925092758e-02 1.0000010944691793e+00 7.1977476860482073e-02 9.2185621347041030e-02 1.5671584123822797e+01 53
1 1 1 1 2.4209960512796901e-02 1.9340597345522112e-02 1.0000010945185953e+00 7.1976476860482072e-02 9.2190531715396623e-02 1.5671573346389341e+01 50
1 1 0 0 2.4199137384901936e-02 1.9334085930509302e-02 1.0000010950089004e+00 7.1966476860482076e-02 -9.2239693912518184e-02 1.5671465576493439e+01 55
1 1 1 1 2.4165475998924001e-02 1.9313834942400597e-02 1.0000010964838242e+00 7.1935476860482073e-02 9.2392781400025645e-02 1.5671131532779198e+01 46
1 1 0 0 2.4151309906769180e-02 1.9305312672506084e-02 1.0000010970817834e+00 7.1922476860482074e-02 -9.2457292567846308e-02 1.5670991464381002e+01 50
1 1 0 0 2.4145853441874865e-02 1.9302030110899690e-02 1.0000010973084905e+00 7.1917476860482069e-02 -9.2482154570350542e-02 1.5670937593485339e+01 63
1 1 0 0 2.4094342703704388e-02 1.9271042470231831e-02 1.0000010993489588e+00 7.1870476860482063e-02 -9.2717243019573251e-02 1.5670431223385350e+01 49
1 1 1 1 2.4071196310935749e-02 1.9257118603601513e-02 1.0000011002066695e+00 7.1849476860482070e-02 9.2823110706530307e-02 1.5670204964857147e+01 58
1 1 0 0 2.4002371038779967e-02 1.9215717990610566e-02 1.0000011025373121e+00 7.1787476860482063e-02 -9.3138781913645260e-02 1.5669536817136516e+01 50
1 1 0 0 2.4000138443329613e-02 1.9214375055400041e-02 1.0000011026073587e+00 7.1785476860482061e-02 -9.3149044332953901e-02 1.5669515258361647e+01 53
1 1 0 0 2.3984488065279485e-02 1.9204961225476581e-02 1.0000011030884985e+00 7.1771476860482061e-02 -9.3221023906227454e-02 1.5669364333819416e+01 61
1 1 0 0 2.3948567860416065e-02 1.9183355436800227e-02 1.0000011041270573e+00 7.1739476860482057e-02 -9.3386500954100962e-02 1.5669019263520120e+01 87
1 1 0 0 2.3927141076207463e-02 1.9170467694063213e-02 1.0000011047026673e+00 7.1720476860482052e-02 -9.3485393538523628e-02 1.5668814299771851e+01 58
1 1 0 0 2.3912437292283373e-02 1.9161623837795266e-02 1.0000011050785631e+00 7.1707476860482053e-02 -9.3553337860172017e-02 1.5668674022411061e+01 42
1 1 0 0 2.3897697824494798e-02 1.9152758641260200e-02 1.0000011054396891e+00 7.1694476860482054e-02 -9.3621513984694371e-02 1.5668533710188656e+01 50
1 1 0 0 2.3846395237154247e-02 1.9121903169918505e-02 1.0000011065732957e+00 7.1649476860482050e-02 -9.3859342552875633e-02 1.5668047705055962e+01 49
1 1 0 0 2.3824600021279920e-02 1.9108795100635855e-02 1.0000011069964303e+00 7.1630476860482045e-02 -9.3960636882503321e-02 1.5667842338211196e+01 46
1 1 0 0 2.3747081657675737e-02 1.9062176353165775e-02 1.0000011082150051e+00 7.1563476860482048e-02 -9.4322190914333151e-02 1.5667117193791197e+01 50
1 1 1 1 2.3657836392289928e-02 1.9008509845689331e-02 1.0000011090548937e+00 7.1487476860482041e-02 9.4741038216140189e-02 1.5666292396306211e+01 47
1 1 1 1 2.3594717586104420e-02 1.8970557365694866e-02 1.0000011092776286e+00 7.1434476860482043e-02 9.5039042112230243e-02 1.5665715430118032e+01 86
1 1 0 0 2.3583923831567325e-02 1.8964067507160197e-02 1.0000011092844767e+00 7.1425476860482048e-02 -9.5090155802060983e-02 1.5665617286773227e+01 52
1 1 0 0 2.3542942823034881e-02 1.8939428013892440e-02 1.0000011092265584e+00 7.1391476860482042e-02 -9.5284638887427817e-02 1.5665246038316951e+01 66
1 1 0 0 2.3381814459746141e-02 1.8842563593587196e-02 1.0000011076870408e+00 7.1260476860482036e-02 -9.6056054720458944e-02 1.5663807147863558e+01 52
1 1 0 0 2.3341612663152520e-02 1.8818399185843677e-02 1.0000011069701167e+00 7.1228476860482032e-02 -9.6250301034236943e-02 1.5663453214591748e+01 52
1 1 1 1 2.3190151869500138e-02 1.8727373469530441e-02 1.0000011030396048e+00 7.1110476860482039e-02 9.6989053104924991e-02 1.5662137508775022e+01 59
1 1 0 0 2.3167881509363115e-02 1.8713991337380768e-02 1.0000011022948732e+00 7.1093476860482036e-02 -9.7098648219489450e-02 1.5661946381745446e+01 50
1 1 0 0 2.3094981005666055e-02 1.8670189850103998e-02 1.0000010995518076e+00 7.1038476860482036e-02 -9.7459246525821108e-02 1.5661324852606374e+01 58
1 1 0 0 2.3023422423249520e-02 1.8627201038058486e-02 1.0000010963981871e+00 7.0985476860482039e-02 -9.7816070154134391e-02 1.5660720827672067e+01 54
1 1 1 1 2.2996061875314656e-02 1.8610765988679608e-02 1.0000010950699803e+00 7.0965476860482032e-02 9.7953283424433338e-02 1.5660491448713012e+01 48
1 1 1 1 2.2991940187261323e-02 1.8608290245644171e-02 1.0000010948639759e+00 7.0962476860482029e-02 9.7973992099911006e-02 1.5660456969134504e+01 48
1 1 0 0 2.2746975261062501e-02 1.8461196708828481e-02 1.0000010797738141e+00 7.0790476860482024e-02 -9.9224107312678347e-02 1.5658442413315381e+01 67
1 1 1 1 2.2742533459929840e-02 1.8458530515543876e-02 1.0000010794474319e+00 7.0787476860482021e-02 9.9247148611829275e-02 1.5658406505935663e+01 56
1 1 0 0 2.2729168736275705e-02 1.8450508565271768e-02 1.0000010784538171e+00 7.0778476860482026e-02 -9.9316562132455793e-02 1.5658298597722828e+01 55
1 1 0 0 2.2626165449926652e-02 1.8388694879963398e-02 1.0000010702069262e+00 7.0710476860482027e-02 -9.9855988958067812e-02 1.5657473541508278e+01 55
1 1 0 0 2.2601370437016117e-02 1.8373818512432031e-02 1.0000010680641969e+00 7.0694476860482025e-02 -9.9987059896123567e-02 1.5657276669122826e+01 49
1 1 1 1 2.2541539395150550e-02 1.8337927433760528e-02 1.0000010626380742e+00 7.0656476860482029e-02 1.0030538372372966e-01 1.5656804364442532e+01 61
1 1 0 0 2.2465528933414195e-02 1.8292343889029072e-02 1.0000010552162064e+00 7.0609476860482023e-02 -1.0071414201423790e-01 1.5656209925613814e+01 47
1 1 0 0 2.2403936426416401e-02 1.8255418584530756e-02 1.0000010487611000e+00 7.0572476860482028e-02 -1.0104913327530367e-01 1.5655732800886508e+01 46
1 1 0 0 2.2354448843268725e-02 1.8225758603164683e-02 1.0000010432839421e+00 7.0543476860482027e-02 -1.0132085931031329e-01 1.5655352390052688e+01 49
1 1 1 1 2.2253610702493046e-02 1.8165347281555336e-02 1.0000010313068251e+00 7.0486476860482025e-02 1.0188206397368385e-01 1.5654585333767299e+01 63
1 1 0 0 2.2135494296615470e-02 1.8094633298588448e-02 1.0000010158501171e+00 7.0423476860482032e-02 -1.0255329600139931e-01 1.5653700604770307e+01 45
1 1 1 1 2.2024978361663491e-02 1.8028524824041568e-02 1.0000009999497792e+00 7.0368476860482032e-02 1.0319627562446300e-01 1.5652886252839945e+01 66
1 1 0 0 2.1829460011506097e-02 1.7911729460950408e-02 1.0000009682656799e+00 7.0281476860482028e-02 -1.0437422922531203e-01 1.5651477640952738e+01 53
1 1 1 1 2.1763675091342301e-02 1.7872530851433231e-02 1.0000009565555241e+00 7.0255476860482030e-02 1.0478323307561160e-01 1.5651013562178800e+01 56
1 1 1 1 2.1395954934925809e-02 1.7655320548359683e-02 1.0000008809090228e+00 7.0146476860482032e-02 1.0720858845180227e-01 1.5648523659036179e+01 52
1 1 0 0 2.1324296662043642e-02 1.7613161530964493e-02 1.0000008639148494e+00 7.0133476860482033e-02 -1.0771805392075565e-01 1.5648057241909605e+01 49
1 1 1 1 2.1290726436999193e-02 1.7593435875888890e-02 1.0000008556785498e+00 7.0128476860482028e-02 1.0796178048622673e-01 1.5647841025747786e+01 56
1 1 0 0 2.0842004536471875e-02 1.7332037381410544e-02 1.0000007260538224e+00 7.0148476860482034e-02 -1.1164405244124330e-01 1.5645117485872621e+01 55
1 1 1 1 2.0550842337735492e-02 1.7166835306158104e-02 1.0000006148118694e+00 7.0303476860482036e-02 1.1478559293420841e-01 1.5643600150085165e+01 49
1 1 0 0 2.0532028722969605e-02 1.7156405340535152e-02 1.0000006064411953e+00 7.0320476860482040e-02 -1.1502809478605144e-01 1.5643514063500115e+01 62
1 1 0 0 2.0496077846342914e-02 1.7136604433523349e-02 1.0000005898767492e+00 7.0356476860482034e-02 -1.1551204114787265e-01 1.5643355631040661e+01 49
1 1 0 0 2.0486006976957561e-02 1.7131091773525425e-02 1.0000005850895646e+00 7.0367476860482031e-02 -1.1565300057553138e-01 1.5643312837491351e+01 58
1 1 0 0 2.0418108899540752e-02 1.7094413488802990e-02 1.0000005507787293e+00 7.0454476860482035e-02 -1.1668004454726880e-01 1.5643046824488248e+01 60
1 1 1 1 2.0379073322817104e-02 1.7073830114560574e-02 1.0000005290170448e+00 7.0517476860482028e-02 1.1734922617272552e-01 1.5642916956145523e+01 72
1 1 1 1 2.0355674883175190e-02 1.7061738862392626e-02 1.0000005150035496e+00 7.0561476860482031e-02 1.1778876083986939e-01 1.5642850380584653e+01 83
1 1 0 0 2.0346418577046953e-02 1.7057019337205645e-02 1.0000005092130997e+00 7.0580476860482036e-02 -1.1797254460031567e-01 1.5642826955024061e+01 51
1 1 0 0 2.0345944621229413e-02 1.7056778770626741e-02 1.0000005089124127e+00 7.0581476860482037e-02 -1.1798212433271729e-01 1.5642825805386840e+01 50
1 1 0 0 2.0341736765471921e-02 1.7054647886469897e-02 1.0000005062240338e+00 7.0590476860482032e-02 -1.1806793661582346e-01 1.5642815823065241e+01 47
1 1 1 1 2.0329714656384525e-02 1.7048611732888182e-02 1.0000004983444530e+00 7.0617476860482031e-02 1.1832117052791806e-01 1.5642789679139769e+01 51
1 1 0 0 2.0322175955765479e-02 1.7044869944623970e-02 1.0000004932383679e+00 7.0635476860482035e-02 -1.1848668842493271e-01 1.5642775268888938e+01 52
1 1 0 0 2.0286407716924103e-02 1.7027712931784501e-02 1.0000004667606703e+00 7.0735476860482038e-02 -1.1936454323298941e-01 1.5642734312655698e+01 65
1 1 0 0 2.0284254204307045e-02 1.7026720219015488e-02 1.0000004650155108e+00 7.0742476860482031e-02 -1.1942364387797648e-01 1.5642733704158568e+01 47
