isScalarized | massIncreased | isMonotoneInside | isMonotoneOutside | mass_Baryon | mass_ADM | AST(radius) | radius  |  phi_c | rho_c | ctr |
1 1 1 1 3.2109378704794231e-02 2.4365692155735200e-02 1.0000000000074598e+00 8.5843199999995484e-02 1.6036928534425875e-03 1.7554898453376797e+01 28
1 1 1 1 3.2109976129093373e-02 2.4365542990103416e-02 1.0000000000341420e+00 8.5836533333328816e-02 3.4212908796257464e-03 1.7545731758922482e+01 39
1 1 1 1 3.2110564702987260e-02 2.4365389145640601e-02 1.0000000000610196e+00 8.5829866666662147e-02 4.5611188179384612e-03 1.7536615789866730e+01 38
1 0 1 1 3.2110564702987260e-02 2.4365389145640601e-02 1.0000000000610196e+00 8.5829866666662147e-02 4.5611188179385410e-03 1.7536615789866726e+01 35
1 1 1 1 3.2111144430171865e-02 2.4365230625590203e-02 1.0000000000880938e+00 8.5823199999995478e-02 5.4651364397846278e-03 1.7527550300330212e+01 35
1 1 1 1 3.2114664523627767e-02 2.4364098599801216e-02 1.0000000002671154e+00 8.5780288399995477e-02 9.3483274200671061e-03 1.7470389762957929e+01 26
1 1 1 1 3.2117818004920862e-02 2.4362774695922365e-02 1.0000000004544196e+00 8.5737398255795474e-02 1.1979211987468416e-02 1.7415272273004163e+01 25
1 1 1 1 3.2120606939696303e-02 2.4361260321465829e-02 1.0000000006502008e+00 8.5694529556667579e-02 1.4079918879682784e-02 1.7362130116624730e+01 25
1 1 1 1 3.2122977936642198e-02 2.4359601446495623e-02 1.0000000008494829e+00 8.5652742793625891e-02 1.5822676131575286e-02 1.7312142340332034e+01 38
1 1 1 1 3.2125075450312943e-02 2.4357692933712777e-02 1.0000000010650436e+00 8.5609429343555199e-02 1.7410224597620590e-02 1.7262154593317373e+01 30
1 1 1 1 3.2126867363018778e-02 2.4355510044715291e-02 1.0000000012986936e+00 8.5564471386469942e-02 1.8883033963730707e-02 1.7212167523181304e+01 27
1 1 1 1 3.2128317106639097e-02 2.4353024824980331e-02 1.0000000015525086e+00 8.5517737611380484e-02 2.0267466767494288e-02 1.7162181587631903e+01 25
1 1 1 1 3.2129382880926996e-02 2.4350205567936569e-02 1.0000000018288777e+00 8.5469081241651090e-02 2.1581936469663270e-02 1.7112197147490541e+01 23
1 1 1 1 3.2130016710323395e-02 2.4347016160136958e-02 1.0000000021305642e+00 8.5418337529561794e-02 2.2840010020226582e-02 1.7062214415114862e+01 22
1 1 1 1 3.2130163288493961e-02 2.4343415300868827e-02 1.0000000024607785e+00 8.5365320997606131e-02 2.4052122622015230e-02 1.7012233641424892e+01 21
1 1 1 1 3.2129758566503484e-02 2.4339355538180747e-02 1.0000000028232710e+00 8.5309821909953565e-02 2.5226604835923660e-02 1.6962255124552748e+01 21
1 1 1 1 3.2128728004491000e-02 2.4334782080651703e-02 1.0000000032224463e+00 8.5251601975281865e-02 2.6370334207656977e-02 1.6912279220707699e+01 20
1 1 1 1 3.2126984389646208e-02 2.4329631321313196e-02 1.0000000036635117e+00 8.5190389074504103e-02 2.7489171301610701e-02 1.6862306358143204e+01 20
1 1 1 1 3.2124425089823251e-02 2.4323828988538753e-02 1.0000000041526620e+00 8.5125870739796716e-02 2.8588266657273560e-02 1.6812337055151730e+01 19
1 1 1 1 3.2120928565183587e-02 2.4317287808562064e-02 1.0000000046973212e+00 8.5057686018913559e-02 2.9672288556518753e-02 1.6762371943479209e+01 19
1 1 1 1 3.2116328128299010e-02 2.4309904521507563e-02 1.0000000053064573e+00 8.4985415229182737e-02 3.0745602230400453e-02 1.6712411799020597e+01 19
1 1 1 1 3.2110454742984400e-02 2.4301556031343353e-02 1.0000000059909953e+00 8.4908566921848172e-02 3.1812420691412366e-02 1.6662457582621066e+01 19
1 1 1 1 3.2103113002707920e-02 2.4292094380355438e-02 1.0000000067643711e+00 8.4826561112098908e-02 3.2876941779061995e-02 1.6612510494654916e+01 18
1 1 1 1 3.2094045039594239e-02 2.4281340105464008e-02 1.0000000076432809e+00 8.4738707442689520e-02 3.3943483315781030e-02 1.6562572049102254e+01 18
1 1 1 1 3.2082932451742166e-02 2.4269073332195530e-02 1.0000000086487111e+00 8.4644176371023117e-02 3.5016627640505726e-02 1.6512644175241299e+01 18
1 1 1 1 3.2069377656510786e-02 2.4255021651319701e-02 1.0000000098073796e+00 8.4541960592625420e-02 3.6101387943409870e-02 1.6462729358979544e+01 18
1 1 1 1 3.2052877932025443e-02 2.4238843333587941e-02 1.0000000111537906e+00 8.4430822555749963e-02 3.7203411971531548e-02 1.6412830842244137e+01 17
1 1 1 1 3.2032788585944674e-02 2.4220103647789218e-02 1.0000000127332234e+00 8.4309221768599785e-02 3.8329244554983516e-02 1.6362952908125084e+01 16
1 1 1 1 3.2008269576393793e-02 2.4198240738676019e-02 1.0000000146061852e+00 8.4175212105342678e-02 3.9486680469460203e-02 1.6313101295127417e+01 13
1 1 1 1 3.1978206286674776e-02 2.4172515289889878e-02 1.0000000168552230e+00 8.4026293483732140e-02 4.0685256218102733e-02 1.6263283808215235e+01 14
1 1 1 1 3.1941088742137497e-02 2.4141934269146050e-02 1.0000000195956542e+00 8.3859192262024207e-02 4.1936958585689750e-02 1.6213511234263724e+01 19
1 1 1 1 3.1894821790888601e-02 2.4105131888223569e-02 1.0000000229930608e+00 8.3669526897971969e-02 4.3257279333549441e-02 1.6163798732873090e+01 22
1 1 1 1 3.1836416302778052e-02 2.4060177316302330e-02 1.0000000272929388e+00 8.3451282642391378e-02 4.4666838973593456e-02 1.6114167972803251e+01 24
1 1 1 1 3.1761466202378220e-02 2.4004244312267539e-02 1.0000000328734810e+00 8.3195956322831277e-02 4.6193987456103668e-02 1.6064650162405055e+01 26
1 1 1 1 3.1663224487003670e-02 2.3933044391491597e-02 1.0000000403438591e+00 8.2891111331308498e-02 4.7879085603474481e-02 1.6015291888405624e+01 29
1 1 1 1 3.1530881323275736e-02 2.3839829630573475e-02 1.0000000507369740e+00 8.2517806033555852e-02 4.9781955338583588e-02 1.5966162711309220e+01 33
1 1 1 1 3.1346143482489056e-02 2.3713270417013727e-02 1.0000000659254780e+00 8.2045789207586040e-02 5.1995703798690028e-02 1.5917359119431499e+01 37
1 1 1 1 3.1076085408560893e-02 2.3533227682430984e-02 1.0000000895679617e+00 8.1424222608893815e-02 5.4672534634175443e-02 1.5869017449521825e+01 41
1 1 1 1 3.0884178171015689e-02 2.3407785116473366e-02 1.0000001073734393e+00 8.1017101495849342e-02 5.6317360469547773e-02 1.5844266025366927e+01 28
1 1 1 1 3.0682346635695738e-02 2.3277508007648714e-02 1.0000001269520422e+00 8.0612015988370089e-02 5.7888922621919185e-02 1.5823582368817929e+01 30
1 1 1 1 3.0471386315560504e-02 2.3142775801325868e-02 1.0000001482942984e+00 8.0208955908428234e-02 5.9400703233940672e-02 1.5806032040649917e+01 32
1 1 1 1 3.0251971465344311e-02 2.3003875329868466e-02 1.0000001713807998e+00 7.9807911128886092e-02 6.0863236751038698e-02 1.5790928008801925e+01 34
1 1 1 1 3.0024679505670532e-02 2.2861086817772516e-02 1.0000001961714622e+00 7.9408871573241654e-02 6.2284925344962910e-02 1.5777759459369980e+01 36
1 1 1 1 2.9789999461814643e-02 2.2714638294487385e-02 1.0000002226104261e+00 7.9011827215375446e-02 6.3672670145053581e-02 1.5766141763550941e+01 37
1 1 1 1 2.9548341772501666e-02 2.2564708321088919e-02 1.0000002506264964e+00 7.8616768079298571e-02 6.5032285398235606e-02 1.5755781894592710e+01 38
1 1 1 1 2.6719811028811099e-02 2.0845350876938788e-02 1.0000005963377361e+00 7.4685929675333648e-02 7.8314082924687514e-02 1.5687729729145794e+01 38
