isScalarized | massIncreased | isMonotoneInside | isMonotoneOutside | mass_Baryon | mass_ADM | AST(radius) | radius  |  phi_c | rho_c | ctr |
1 1 1 1 3.3240570112759674e-02 2.4785993555183392e-02 1.0000000065776298e+00 8.4074499999985619e-02 3.1796184002882005e-03 1.9052262691306769e+01 22
1 1 1 1 3.3240464251454910e-02 2.4785923134041238e-02 1.0000000071457054e+00 8.4074249999985626e-02 3.3139999768183634e-03 1.9051964046488649e+01 21
1 1 1 1 3.3240358387837558e-02 2.4785852711728375e-02 1.0000000077138036e+00 8.4073999999985632e-02 3.4431337078321654e-03 1.9051665427337745e+01 21
1 1 1 1 3.3240252521907203e-02 2.4785782288244407e-02 1.0000000082819240e+00 8.4073749999985639e-02 3.5675894977732080e-03 1.9051366833852910e+01 21
1 1 1 1 3.3240146653663261e-02 2.4785711863589754e-02 1.0000000088500669e+00 8.4073499999985646e-02 3.6878409846224404e-03 1.9051068266034488e+01 21
1 1 1 1 3.3238366164063386e-02 2.4784527518596944e-02 1.0000000184065736e+00 8.4069296324985651e-02 5.3163231727965015e-03 1.9046051781072837e+01 22
1 1 1 1 3.3236585107604459e-02 2.4783342900903418e-02 1.0000000279689427e+00 8.4065092860169402e-02 6.5507169210882827e-03 1.9041042798993804e+01 22
1 1 1 1 3.3234803482639387e-02 2.4782158009742473e-02 1.0000000375371845e+00 8.4060889605526393e-02 7.5859066035339831e-03 1.9036041314901968e+01 21
1 1 1 1 3.3222845888301170e-02 2.4774208193310249e-02 1.0000001018285363e+00 8.4032719289243829e-02 1.2460687942493182e-02 1.9002708005750240e+01 34
1 1 1 1 3.3210739740630837e-02 2.4766164495340602e-02 1.0000001670476684e+00 8.4004271033461642e-02 1.5916330138801053e-02 1.8969374785162699e+01 30
1 1 1 1 3.3198480523238823e-02 2.4758024164607335e-02 1.0000002332233890e+00 8.3975537601851336e-02 1.8754644819699434e-02 1.8936041671192182e+01 25
1 1 1 1 3.3186063531817196e-02 2.4749784335440568e-02 1.0000003003857201e+00 8.3946511457729078e-02 2.1224959027725490e-02 1.8902708623993991e+01 21
1 1 1 1 3.3173483880252645e-02 2.4741442032351322e-02 1.0000003685658772e+00 8.3917184786235111e-02 2.3444086892271836e-02 1.8869375586869502e+01 17
1 1 1 1 3.3160736520088142e-02 2.4732994183509736e-02 1.0000004377961740e+00 8.3887549547411067e-02 2.5477930254425907e-02 1.8836042560249602e+01 14
1 1 1 1 3.3147816210603649e-02 2.4724437601481193e-02 1.0000005081101975e+00 8.3857597414367657e-02 2.7368003997020614e-02 1.8802709544620026e+01 12
1 1 1 1 3.3134717509193799e-02 2.4715768977494123e-02 1.0000005795428717e+00 8.3827319759613328e-02 2.9142465680265794e-02 1.8769376540475935e+01 12
1 1 1 1 3.3121434761172928e-02 2.4706984875356722e-02 1.0000006521305276e+00 8.3796707640636126e-02 3.0821457695747068e-02 1.8736043548347126e+01 12
1 1 1 1 3.3107962088939444e-02 2.4698081725004869e-02 1.0000007259109760e+00 8.3765751784592113e-02 3.2419981795865235e-02 1.8702710568794416e+01 12
1 1 1 1 3.3094293380455650e-02 2.4689055815638742e-02 1.0000008009235863e+00 8.3734442572067525e-02 3.3949570667786727e-02 1.8669377602409295e+01 12
1 1 1 1 3.3080422276992663e-02 2.4679903288425398e-02 1.0000008772093685e+00 8.3702770019847772e-02 3.5419319944389231e-02 1.8636044649807832e+01 12
1 1 1 1 3.3066342160097961e-02 2.4670620128738465e-02 1.0000009548110627e+00 8.3670723762642951e-02 3.6836556483015891e-02 1.8602711711668178e+01 12
1 1 1 1 3.3052046137681867e-02 2.4661202157880653e-02 1.0000010337732330e+00 8.3638293033591327e-02 3.8207288309119451e-02 1.8569378788671951e+01 12
1 1 1 1 3.3037527029230677e-02 2.4651645024286090e-02 1.0000011141423684e+00 8.3605466643638493e-02 3.9536517547198231e-02 1.8536045881586784e+01 12
1 1 1 1 3.3022777349972623e-02 2.4641944194102171e-02 1.0000011959669897e+00 8.3572232959442938e-02 4.0828464138465158e-02 1.8502712991179052e+01 12
1 1 1 1 3.3007789294039448e-02 2.4632094941182063e-02 1.0000012792977651e+00 8.3538579880003350e-02 4.2086729589293409e-02 1.8469380118303697e+01 12
1 1 1 1 3.2992554716406788e-02 2.4622092336344915e-02 1.0000013641876320e+00 8.3504494811598107e-02 4.3314419319115768e-02 1.8436047263840546e+01 12
1 1 1 1 3.2977065113639549e-02 2.4611931235942033e-02 1.0000014506919290e+00 8.3469964641159022e-02 4.4514235727962391e-02 1.8402714428740243e+01 12
1 1 1 1 3.2961311603244406e-02 2.4601606269589030e-02 1.0000015388685359e+00 8.3434975707780301e-02 4.5688550133693315e-02 1.8369381614010962e+01 12
1 1 1 1 3.2945284901568402e-02 2.4591111827044154e-02 1.0000016287780251e+00 8.3399513772295653e-02 4.6839459172101632e-02 1.8336048820722276e+01 12
1 1 1 1 3.2928975300108271e-02 2.4580442044148415e-02 1.0000017204838223e+00 8.3363563984750977e-02 4.7968829586456208e-02 1.8302716050019356e+01 12
1 1 1 1 3.2912372640069396e-02 2.4569590787721474e-02 1.0000018140523805e+00 8.3327110849569341e-02 4.9078334213833306e-02 1.8269383303116420e+01 12
1 1 1 1 3.2895466285071742e-02 2.4558551639382305e-02 1.0000019095533661e+00 8.3290138188257812e-02 5.0169481206182885e-02 1.8236050581317535e+01 12
1 1 1 1 3.2878245091768468e-02 2.4547317878115024e-02 1.0000020070598599e+00 8.3252629099388686e-02 5.1243637992948649e-02 1.8202717886012074e+01 12
1 1 1 1 3.2860697378257281e-02 2.4535882461549970e-02 1.0000021066485720e+00 8.3214565915663785e-02 5.2302051110061552e-02 1.8169385218678606e+01 12
1 1 1 1 3.2842810890051061e-02 2.4524238005796804e-02 1.0000022084000753e+00 8.3175930157806721e-02 5.3345862748007580e-02 1.8136052580912448e+01 12
1 1 1 1 3.2824572763360982e-02 2.4512376763687796e-02 1.0000023123990551e+00 8.3136702484933656e-02 5.4376124675124704e-02 1.8102719974408821e+01 12
1 1 1 1 3.2805969485496425e-02 2.4500290601331097e-02 1.0000024187345817e+00 8.3096862641181490e-02 5.5393810039913206e-02 1.8069387400996444e+01 12
1 1 1 1 3.2786986852044009e-02 2.4487970972754524e-02 1.0000025275004005e+00 8.3056389398146468e-02 5.6399823452166355e-02 1.8036054862623416e+01 12
1 1 1 1 3.2767609920576916e-02 2.4475408892514691e-02 1.0000026387952508e+00 8.3015260492847215e-02 5.7395009653256564e-02 1.8002722361397947e+01 12
1 1 1 1 3.2747822960482099e-02 2.4462594906004140e-02 1.0000027527232072e+00 8.2973452560664213e-02 5.8380161029182517e-02 1.7969389899566981e+01 12
1 1 1 1 3.2727609398607048e-02 2.4449519057310579e-02 1.0000028693940524e+00 8.2930941062918373e-02 5.9356024163302608e-02 1.7936057479571822e+01 12
1 1 1 1 3.2706951760199207e-02 2.4436170854293279e-02 1.0000029889236808e+00 8.2887700208383541e-02 6.0323305596906414e-02 1.7902725104014024e+01 12
1 1 1 1 3.2685831604772779e-02 2.4422539230677082e-02 1.0000031114345360e+00 8.2843702868350522e-02 6.1282676925341097e-02 1.7869392775727658e+01 12
1 1 1 1 3.2664229456243234e-02 2.4408612504768799e-02 1.0000032370560901e+00 8.2798920484341010e-02 6.2234779346159501e-02 1.7836060497742103e+01 12
1 1 1 1 3.2642124726861663e-02 2.4394378334527640e-02 1.0000033659253620e+00 8.2753322967983323e-02 6.3180227744534079e-02 1.7802728273357776e+01 12
1 1 1 1 3.2619495634142924e-02 2.4379823668513739e-02 1.0000034981874859e+00 8.2706878591969124e-02 6.4119614398843061e-02 1.7769396106130575e+01 12
1 1 1 1 3.2596319110120370e-02 2.4364934692315612e-02 1.0000036339963314e+00 8.2659553871352431e-02 6.5053512367827096e-02 1.7736063999902857e+01 12
1 1 1 1 3.2572570702055201e-02 2.4349696769966948e-02 1.0000037735151812e+00 8.2611313434093253e-02 6.5982478615617027e-02 1.7702731958873258e+01 12
1 1 1 1 3.2548224463540519e-02 2.4334094379699439e-02 1.0000039169174744e+00 8.2562119879510565e-02 6.6907056927316758e-02 1.7669399987562009e+01 12
1 1 1 1 3.2523252835057359e-02 2.4318111043508530e-02 1.0000040643876207e+00 8.2511933623613476e-02 6.7827780651372446e-02 1.7636068090906811e+01 12
1 1 1 1 3.2497626512585961e-02 2.4301729249696938e-02 1.0000042161218974e+00 8.2460712729504920e-02 6.8745175312861437e-02 1.7602736274279621e+01 12
1 1 1 1 3.2471314302924818e-02 2.4284930367607496e-02 1.0000043723294338e+00 8.2408412721306001e-02 6.9659761129438932e-02 1.7569404543533285e+01 12
1 1 1 1 3.2444282964089341e-02 2.4267694553594468e-02 1.0000045332332985e+00 8.2354986379628181e-02 7.0572055462877134e-02 1.7536072905052805e+01 12
1 1 1 1 3.2416497028937293e-02 2.4250000647151930e-02 1.0000046990716969e+00 8.2300383516392794e-02 7.1482575236218926e-02 1.7502741365827482e+01 12
1 1 1 1 3.2387918609873417e-02 2.4231826055927139e-02 1.0000048700992996e+00 8.2244550726416954e-02 7.2391839347132461e-02 1.7469409933503410e+01 12
1 1 1 1 3.2358507182232585e-02 2.4213146628230084e-02 1.0000050465887103e+00 8.2187431112955733e-02 7.3300371105279497e-02 1.7436078616464055e+01 12
1 1 1 1 3.2328219343518746e-02 2.4193936511373082e-02 1.0000052288320973e+00 8.2128963983856718e-02 7.4208700723589288e-02 1.7402747423923962e+01 11
1 1 1 1 3.2297008545247245e-02 2.4174167993946682e-02 1.0000054171430068e+00 8.2069084514493407e-02 7.5117367894560458e-02 1.7369416366011567e+01 11
1 1 1 1 3.2264824793672341e-02 2.4153811329844198e-02 1.0000056118583835e+00 8.2007723373175190e-02 7.6026924482535979e-02 1.7336085453886461e+01 11
1 1 1 1 3.2231614315039916e-02 2.4132834541498192e-02 1.0000058133408263e+00 8.1944806303932638e-02 7.6937937366677756e-02 1.7302754699886712e+01 11
1 1 1 1 3.2197319180233358e-02 2.4111203199309407e-02 1.0000060219811113e+00 8.1880253660713498e-02 7.7850991474790160e-02 1.7269424117624322e+01 11
1 1 1 1 3.2161876883050174e-02 2.4088880173914327e-02 1.0000062382010217e+00 8.1813979886460192e-02 7.8766693045099229e-02 1.7236093722211503e+01 11
1 1 1 1 3.2125219864980091e-02 2.4065825357109064e-02 1.0000064624565270e+00 8.1745892928759223e-02 7.9685673169179974e-02 1.7202763530406685e+01 11
1 1 1 1 3.2087274978507399e-02 2.4041995346772635e-02 1.0000066952413624e+00 8.1675893583100317e-02 8.0608591665318780e-02 1.7169433560852710e+01 11
1 1 1 1 3.2047962879234546e-02 2.4017343090110357e-02 1.0000069370910718e+00 8.1603874752710193e-02 8.1536141346566948e-02 1.7136103834329109e+01 11
1 1 1 1 3.2007197335500420e-02 2.3991817478608381e-02 1.0000071885875825e+00 8.1529720612204371e-02 8.2469052754698083e-02 1.7102774374050377e+01 11
1 1 1 1 3.1964884441942391e-02 2.3965362886761390e-02 1.0000074503643952e+00 8.1453305659917374e-02 8.3408099445038422e-02 1.7069445205987066e+01 11
1 1 1 1 3.1920921720986505e-02 2.3937918645234556e-02 1.0000077231124902e+00 8.1374493641147461e-02 8.4354103919152795e-02 1.7036116359292219e+01 11
1 1 1 1 3.1875197092864647e-02 2.3909418437111075e-02 1.0000080075870634e+00 8.1293136320826576e-02 8.5307944325925658e-02 1.7002787866732945e+01 11
1 1 1 1 3.1827587691105871e-02 2.3879789603765085e-02 1.0000083046152344e+00 8.1209072080461631e-02 8.6270562068004375e-02 1.6969459765248988e+01 11
1 1 1 1 3.1777958495422413e-02 2.3848952343950590e-02 1.0000086151048895e+00 8.1122124308754873e-02 8.7242970483732543e-02 1.6936132096578138e+01 11
1 1 1 1 3.1726160748103333e-02 2.3816818786327829e-02 1.0000089400548600e+00 8.1032099549376513e-02 8.8226264806518268e-02 1.6902804907993751e+01 11
1 1 1 1 3.1672030112556732e-02 2.3783291911264388e-02 1.0000092805666727e+00 8.0938785361689164e-02 8.9221633647347087e-02 1.6869478253183686e+01 11
1 1 1 1 3.1615384523328696e-02 2.3748264292321884e-02 1.0000096378581600e+00 8.0841947840717354e-02 9.0230372301200165e-02 1.6836152193274479e+01 12
1 1 1 1 3.1556021665298951e-02 2.3711616621059504e-02 1.0000100132792755e+00 8.0741328731007561e-02 9.1253898245266363e-02 1.6802826798046148e+01 12
1 1 1 1 3.1493714790478078e-02 2.3673204429941648e-02 1.0000104083928616e+00 8.0636642054293661e-02 9.2293790330239489e-02 1.6769501475875074e+01 12
1 1 1 1 3.1428216365858637e-02 2.3632890160488182e-02 1.0000108248055521e+00 8.0527576521103983e-02 9.3351690000619061e-02 1.6736178792374741e+01 12
1 1 1 1 3.1359236763488479e-02 2.3590504834335613e-02 1.0000112644212984e+00 8.0413767044229506e-02 9.4429608251373393e-02 1.6702855552329982e+01 12
1 1 1 1 3.1286460376875165e-02 2.3545862749882983e-02 1.0000117293172466e+00 8.0294823545929872e-02 9.5529612490665064e-02 1.6669533645199600e+01 12
1 1 1 1 3.1209525920914756e-02 2.3498751326989181e-02 1.0000122218574705e+00 8.0170301212213746e-02 9.6654084547973598e-02 1.6636213040138948e+01 12
1 1 1 1 3.1128023067851306e-02 2.3448929261372240e-02 1.0000127447102045e+00 8.0039699133111597e-02 9.7805700540157733e-02 1.6602893802620830e+01 12
1 1 1 1 3.1041483733485697e-02 2.3396121432609648e-02 1.0000133008970675e+00 7.9902451018178888e-02 9.8987482372991126e-02 1.6569576122180834e+01 12
1 1 1 1 3.0949371084638966e-02 2.3340012472654204e-02 1.0000138938539171e+00 7.9757913457093321e-02 1.0020286508594949e-01 1.6536260219504069e+01 12
1 1 1 1 3.0851066255315345e-02 2.3280239001756801e-02 1.0000145275020635e+00 7.9605352074398089e-02 1.0145577571473759e-01 1.6502946351586377e+01 12
1 1 1 1 3.0745851873182906e-02 2.3216380000475472e-02 1.0000152063335801e+00 7.9443924622520257e-02 1.0275073093730075e-01 1.6469634817787227e+01 13
1 1 1 1 3.0632891481905424e-02 2.3147944782818963e-02 1.0000159355135381e+00 7.9272660221382935e-02 1.0409295894326001e-01 1.6436325966380217e+01 13
1 1 1 1 3.0511203644140072e-02 2.3074357859272015e-02 1.0000167210023307e+00 7.9090433729665371e-02 1.0548855279738759e-01 1.6403020201265797e+01 13
1 1 1 1 3.0379629097887304e-02 2.2994939736428480e-02 1.0000175697013693e+00 7.8895933945047125e-02 1.0694466512558980e-01 1.6369717987974351e+01 13
1 1 1 1 3.0236788774240086e-02 2.2908882367933994e-02 1.0000184896250215e+00 7.8687623968950182e-02 1.0846975752921188e-01 1.6336419857255283e+01 13
1 1 1 1 3.0080977911805751e-02 2.2815217514498134e-02 1.0000194901000277e+00 7.8463691629944099e-02 1.1007392318405146e-01 1.6303126403080004e+01 13
1 1 1 1 2.9910227428616255e-02 2.2712775642607333e-02 1.0000205819895169e+00 7.8221987353115502e-02 1.1176930828139897e-01 1.6269838269050883e+01 13
1 1 1 1 2.9722121009242153e-02 2.2600132135204939e-02 1.0000217779295482e+00 7.7959946358011012e-02 1.1357066829321985e-01 1.6236556112360674e+01 13
1 1 1 1 2.9513667980516026e-02 2.2475536439149797e-02 1.0000230925467679e+00 7.7674491749284480e-02 1.1549610996599655e-01 1.6203280525505761e+01 14
1 1 1 1 2.9281161081339685e-02 2.2336818289100672e-02 1.0000245425862329e+00 7.7361915388866720e-02 1.1756809160258100e-01 1.6170011880032124e+01 14
1 1 1 1 2.9019957037555090e-02 2.2181205043960022e-02 1.0000261475787293e+00 7.7017735454155106e-02 1.1981485634461203e-01 1.6136749023692978e+01 14
1 1 1 1 2.8724240889524813e-02 2.2005304362581909e-02 1.0000279274105726e+00 7.6636567307380110e-02 1.2227194092211684e-01 1.6103493909781289e+01 14
1 1 1 1 2.8386576839313726e-02 2.1804784397334392e-02 1.0000299015275957e+00 7.6211861521724156e-02 1.2498551912545652e-01 1.6070240093189074e+01 13
1 1 1 1 2.7997351750074305e-02 2.1574103777695648e-02 1.0000320848231858e+00 7.5735913741107497e-02 1.2801538479571997e-01 1.6036980620318744e+01 12
1 1 1 1 2.7544706588363034e-02 2.1306192838093353e-02 1.0000344784003865e+00 7.5199925332743556e-02 1.3144028442668748e-01 1.6003701771592219e+01 12
1 1 1 1 2.7013531591441708e-02 2.0991958134123648e-02 1.0000370535872880e+00 7.4594556906431797e-02 1.3536569662078862e-01 1.5970373962633218e+01 16
1 1 1 1 2.6674428807208959e-02 2.0791552567595292e-02 1.0000385419957354e+00 7.4221584121899636e-02 1.3783690774109150e-01 1.5951648703961720e+01 23
1 1 1 1 2.6326984397727907e-02 2.0586305290988021e-02 1.0000399251388317e+00 7.3850476201290136e-02 1.4035391001504380e-01 1.5934126162907367e+01 24
1 1 1 1 2.5970117756205165e-02 2.0375387218331847e-02 1.0000411840041192e+00 7.3481223820283686e-02 1.4293463874896209e-01 1.5917595651818568e+01 25
1 1 1 1 2.5602254764691360e-02 2.0158002749418164e-02 1.0000422895481489e+00 7.3113817701182263e-02 1.4560107982772463e-01 1.5901862915303260e+01 27
1 1 1 1 2.5221205804989016e-02 1.9932895745656733e-02 1.0000432082709356e+00 7.2748248612676356e-02 1.4838228816191876e-01 1.5886736641410449e+01 29
1 1 1 1 2.4824028162285711e-02 1.9698057832849697e-02 1.0000439009106472e+00 7.2384507369612980e-02 1.5131897842906308e-01 1.5872013930839042e+01 31
