isScalarized | massIncreased | isMonotoneInside | isMonotoneOutside | mass_Baryon | mass_ADM | AST(radius) | radius  |  phi_c | rho_c | ctr |
1 0 1 1 3.2090299090539370e-02 2.4356578716845836e-02 1.0000000000019797e+00 8.5850399999999799e-02 4.5627824724793218e-03 1.7514107000505220e+01 35
1 1 1 1 3.2090561561121625e-02 2.4356685524719267e-02 1.0000000000019826e+00 8.5850024999999802e-02 4.5646733222202028e-03 1.7514398548391057e+01 37
1 1 1 1 3.2090824011349259e-02 2.4356792319496182e-02 1.0000000000019853e+00 8.5849649999999805e-02 4.5665639871348461e-03 1.7514690095910940e+01 37
1 1 1 1 3.2091086441223979e-02 2.4356899101177557e-02 1.0000000000019882e+00 8.5849274999999808e-02 4.5684544676222226e-03 1.7514981643063201e+01 37
1 1 1 1 3.2091348850746930e-02 2.4357005869764196e-02 1.0000000000019911e+00 8.5848899999999811e-02 4.5703447640801408e-03 1.7515273189846095e+01 37
1 1 1 1 3.2136057847357687e-02 2.4375126120880580e-02 1.0000000000025229e+00 8.5784578943275847e-02 4.8921670154704368e-03 1.7565273075210435e+01 35
1 1 1 1 3.2180191173535676e-02 2.4392872651178822e-02 1.0000000000031550e+00 8.5720231735284758e-02 5.2104226105662062e-03 1.7615273673436295e+01 35
1 1 1 1 3.2223759290261451e-02 2.4410251672921914e-02 1.0000000000039015e+00 8.5655849253594152e-02 5.5265011310255373e-03 1.7665274793875618e+01 35
1 1 1 1 3.2266770902018807e-02 2.4427268577763891e-02 1.0000000000047786e+00 8.5591424247349723e-02 5.8414956491418040e-03 1.7715276036805754e+01 35
1 1 1 1 3.2309233476146192e-02 2.4443928166661893e-02 1.0000000000058040e+00 8.5526950712711547e-02 6.1562839976580510e-03 1.7765277037626703e+01 35
1 1 1 1 3.2351092369597191e-02 2.4460234883201239e-02 1.0000000000069977e+00 8.5462423156308587e-02 6.4715850041110971e-03 1.7815277856259453e+01 35
1 1 1 1 3.2392376727164246e-02 2.4476192744681758e-02 1.0000000000083817e+00 8.5397836984580588e-02 6.7879931957512234e-03 1.7865278535320577e+01 35
1 1 1 1 3.2433129112504726e-02 2.4491805412653354e-02 1.0000000000099800e+00 8.5333188356876366e-02 7.1060056691254385e-03 1.7915279105692640e+01 35
1 1 1 1 3.2473354076916053e-02 2.4507076249540488e-02 1.0000000000118199e+00 8.5268474070299582e-02 7.4260417778329790e-03 1.7965279590059776e+01 35
1 1 1 1 3.2513055646695280e-02 2.4522008364835594e-02 1.0000000000139304e+00 8.5203691467696074e-02 7.7484578714781286e-03 1.8015280005354615e+01 35
1 1 1 1 3.2552237402754321e-02 2.4536604653253632e-02 1.0000000000163449e+00 8.5138838363139957e-02 8.0735585446245518e-03 1.8065280364403080e+01 35
1 1 1 1 3.2590904560959436e-02 2.4550853210897578e-02 1.0000000000190994e+00 8.5073912980727195e-02 8.4016215370636416e-03 1.8115283128917621e+01 35
1 1 1 1 3.2629058115607942e-02 2.4564726805030055e-02 1.0000000000222342e+00 8.5008923456044105e-02 8.7328548123041406e-03 1.8165285606497076e+01 35
1 1 1 1 3.2666690107494352e-02 2.4578268209006351e-02 1.0000000000257907e+00 8.4943877285380165e-02 9.0673615464245665e-03 1.8215274176289444e+01 35
1 1 1 1 3.2703827341334257e-02 2.4591488518690748e-02 1.0000000000298193e+00 8.4878731267508667e-02 9.4055288584764113e-03 1.8265281401324941e+01 35
1 1 1 1 3.2740452725143539e-02 2.4604383053397429e-02 1.0000000000343696e+00 8.4813518272740585e-02 9.7473305571544669e-03 1.8315281590130464e+01 35
1 1 1 1 3.2776573501010861e-02 2.4616955833607814e-02 1.0000000000394995e+00 8.4748228814335136e-02 1.0092940770453227e-02 1.8365281757942558e+01 35
1 1 1 1 3.2812191524960427e-02 2.4629208933123221e-02 1.0000000000452707e+00 8.4682862731254083e-02 1.0442469660839367e-02 1.8415281907407380e+01 35
1 1 1 1 3.2847271762740438e-02 2.4641144366378855e-02 1.0000000000517510e+00 8.4617420037623348e-02 1.0796012760865914e-02 1.8465282040735435e+01 36
1 1 1 1 3.2881801018113208e-02 2.4652764097753039e-02 1.0000000000590143e+00 8.4551900904108801e-02 1.1153652820445887e-02 1.8515282159834886e+01 36
1 1 1 1 3.2915831930155251e-02 2.4664070049582584e-02 1.0000000000671407e+00 8.4486305641529535e-02 1.1515461388620979e-02 1.8565282266329696e+01 36
1 1 1 1 3.2949366007377495e-02 2.4675064109120366e-02 1.0000000000762173e+00 8.4420634686216578e-02 1.1881500175938526e-02 1.8615282361646042e+01 36
1 1 1 1 3.2982404703594287e-02 2.4685748134521068e-02 1.0000000000863387e+00 8.4354888587065968e-02 1.2251822232023831e-02 1.8665282447038582e+01 36
1 1 1 1 3.3014949429305607e-02 2.4696123960001919e-02 1.0000000000976075e+00 8.4289067994022138e-02 1.2626472967014645e-02 1.8715282523584804e+01 36
1 1 1 1 3.3047001561660704e-02 2.4706193400301345e-02 1.0000000001101348e+00 8.4223173647713701e-02 1.3005491041029141e-02 1.8765282592283857e+01 36
1 1 1 1 3.3078562810513988e-02 2.4715954897469430e-02 1.0000000001240414e+00 8.4157206370410187e-02 1.3388913194797677e-02 1.8815283179899094e+01 36
1 1 1 1 3.3109638089771125e-02 2.4725366335102028e-02 1.0000000001394660e+00 8.4091169139735022e-02 1.3776807898774886e-02 1.8865289535474325e+01 36
1 1 1 1 3.3140212262299608e-02 2.4734472855259357e-02 1.0000000001565350e+00 8.4025087881993921e-02 1.4168992688989142e-02 1.8915275464860684e+01 36
1 1 1 1 3.3170312218886618e-02 2.4743283853697878e-02 1.0000000001754146e+00 8.3958908311705938e-02 1.4565814406732783e-02 1.8965282800930218e+01 36
1 1 1 1 3.3199921794414979e-02 2.4751795924580076e-02 1.0000000001962586e+00 8.3892669456898383e-02 1.4967061947542538e-02 1.9015282841549912e+01 36
1 1 1 1 3.3229046734161632e-02 2.4760012148874414e-02 1.0000000002192457e+00 8.3826362795078546e-02 1.5372804277766102e-02 1.9065282878250947e+01 36
1 1 1 1 3.3257688366401660e-02 2.4767934298927572e-02 1.0000000002445666e+00 8.3759989491803466e-02 1.5783049856270277e-02 1.9115282911480477e+01 36
1 1 1 1 3.3285848029425011e-02 2.4775564146074298e-02 1.0000000002724250e+00 8.3693550752782786e-02 1.6197804474304217e-02 1.9165282941595137e+01 36
1 1 1 1 3.3313520869532605e-02 2.4782903461649537e-02 1.0000000003030407e+00 8.3627047820126921e-02 1.6617071529610360e-02 1.9215282968949055e+01 36
1 1 1 1 3.3340644162017992e-02 2.4789954017799976e-02 1.0000000003366498e+00 8.3560481969172318e-02 1.7040852267179062e-02 1.9265282993821707e+01 36
1 1 1 1 3.3367289332587965e-02 2.4796717588173551e-02 1.0000000003735050e+00 8.3493854505477361e-02 1.7469145993197755e-02 1.9315283016488433e+01 36
1 1 1 1 3.3393457802799814e-02 2.4803195948454020e-02 1.0000000004138780e+00 8.3427166762268024e-02 1.7901950263514824e-02 1.9365283037169412e+01 36
1 1 1 1 3.3419151013514663e-02 2.4809390876804647e-02 1.0000000004580594e+00 8.3360420098030685e-02 1.8339261051520950e-02 1.9415283056074848e+01 36
1 1 1 1 3.3444370425944461e-02 2.4815304154205693e-02 1.0000000005063605e+00 8.3293615894428075e-02 1.8781072896684355e-02 1.9465283073377847e+01 36
1 1 1 1 3.3469117522532829e-02 2.4820937564719037e-02 1.0000000005591141e+00 8.3226755554356990e-02 1.9227379037120768e-02 1.9515283089237723e+01 36
1 1 1 1 3.3493393807656389e-02 2.4826292895671523e-02 1.0000000006166765e+00 8.3159840500228233e-02 1.9678171527546851e-02 1.9565283103796158e+01 36
1 1 1 1 3.3517200808181088e-02 2.4831371937786624e-02 1.0000000006794281e+00 8.3092872172404436e-02 2.0133441344598477e-02 1.9615283117171739e+01 36
1 1 1 1 3.3540541291267843e-02 2.4836160345881104e-02 1.0000000007477914e+00 8.3025852027755920e-02 2.0593200310758019e-02 1.9665285492133538e+01 36
1 1 1 1 3.3563414342655064e-02 2.4840648583180656e-02 1.0000000008222065e+00 8.2958791039918489e-02 2.1057386682227237e-02 1.9715284711343731e+01 36
1 1 1 1 3.3585820755015400e-02 2.4844865539312543e-02 1.0000000009031118e+00 8.2891687509597023e-02 2.1525973437140997e-02 1.9765279240404528e+01 36
1 1 1 1 3.3607768392921795e-02 2.4848814179430977e-02 1.0000000009910242e+00 8.2824524028974084e-02 2.1999080680981557e-02 1.9815283158866677e+01 36
1 1 1 1 3.3629252986695182e-02 2.4852495228094167e-02 1.0000000010864467e+00 8.2757319961786341e-02 2.2476570136854390e-02 1.9865283167728457e+01 36
1 1 1 1 3.3650277937380610e-02 2.4855910826557064e-02 1.0000000011899450e+00 8.2690071579283431e-02 2.2958464799835938e-02 1.9915283175890202e+01 35
1 1 1 1 3.3670844935935702e-02 2.4859062799950215e-02 1.0000000013021133e+00 8.2622780411224422e-02 2.3444750267992618e-02 1.9965283183406267e+01 35
1 1 1 1 3.3690955696860425e-02 2.4861952976308652e-02 1.0000000014235839e+00 8.2555447996695952e-02 2.3935411598136589e-02 2.0015283190317732e+01 35
1 1 1 1 3.3710611958066974e-02 2.4864583186430495e-02 1.0000000015550274e+00 8.2488075883340339e-02 2.4430433347685115e-02 2.0065283196674955e+01 35
1 1 1 1 3.3729815480675773e-02 2.4866955263708378e-02 1.0000000016971569e+00 8.2420665626693423e-02 2.4929799612245916e-02 2.0115283202502326e+01 35
1 1 1 1 3.3748520839176725e-02 2.4869071043965206e-02 1.0000000018507282e+00 8.2353218789471827e-02 2.5433494060697288e-02 2.0165283207844602e+01 35
1 1 1 1 3.3766760689553019e-02 2.4870932365268279e-02 1.0000000020165434e+00 8.2285736941009324e-02 2.5941499966401986e-02 2.0215283212722262e+01 35
1 1 1 1 3.3784553229302607e-02 2.4872541067746074e-02 1.0000000021954516e+00 8.2218221656627621e-02 2.6453800236609103e-02 2.0265283217171334e+01 35
1 1 1 1 3.3801900326476154e-02 2.4873898993391024e-02 1.0000000023883533e+00 8.2150674517129707e-02 2.6970377438624578e-02 2.0315283221199557e+01 35
1 1 1 1 3.3818803870818565e-02 2.4875007985860939e-02 1.0000000025962008e+00 8.2083097108205549e-02 2.7491213824955275e-02 2.0365283224852195e+01 35
1 1 1 1 3.3835265773403962e-02 2.4875869890276341e-02 1.0000000028200029e+00 8.2015491020037995e-02 2.8016291354936714e-02 2.0415283228124419e+01 35
1 1 1 1 3.3851287966319116e-02 2.4876486553012229e-02 1.0000000030608249e+00 8.1947857846715655e-02 2.8545591716467943e-02 2.0465283231052695e+01 35
1 1 1 1 3.3866872402283997e-02 2.4876859821493624e-02 1.0000000033197942e+00 8.1880199185873970e-02 2.9079096344499258e-02 2.0515283233646176e+01 35
1 1 1 1 3.3882021054285845e-02 2.4876991543977264e-02 1.0000000035981007e+00 8.1812516638218646e-02 2.9616786439133357e-02 2.0565283235918375e+01 35
1 0 1 1 3.3896735915200184e-02 2.4876883569348883e-02 1.0000000038970009e+00 8.1744811807115625e-02 3.0158642982067933e-02 2.0615283237884206e+01 35
1 0 1 1 3.3911018997401364e-02 2.4876537746906898e-02 1.0000000042178216e+00 8.1677086298199142e-02 3.0704646751894861e-02 2.0665283239560910e+01 35
1 0 1 1 3.3924873859270732e-02 2.4875921745222008e-02 1.0000000045621749e+00 8.1609341719006911e-02 3.1254830253341519e-02 2.0715287941703536e+01 35
1 0 1 1 3.3938297230065632e-02 2.4875071464579315e-02 1.0000000049312512e+00 8.1541598784780345e-02 3.1808966521329515e-02 2.0765278600958045e+01 35
1 0 1 1 3.3951298684320806e-02 2.4873988749890098e-02 1.0000000053268119e+00 8.1473821128735385e-02 3.2367345723568003e-02 2.0815283177561934e+01 35
1 0 1 1 3.3963875396424779e-02 2.4872675791168603e-02 1.0000000057503584e+00 8.1406035336023419e-02 3.2929743315673866e-02 2.0865283241825797e+01 35
1 0 1 1 3.3976030647259257e-02 2.4871134358943479e-02 1.0000000062036516e+00 8.1338236987796186e-02 3.3496188732062233e-02 2.0915283242211572e+01 35
1 0 1 1 3.3987766573895753e-02 2.4869366306370256e-02 1.0000000066885084e+00 8.1270427607972207e-02 3.4066662512618945e-02 2.0965283242368788e+01 35
1 0 1 1 3.3999085313751093e-02 2.4867373486931885e-02 1.0000000072068400e+00 8.1202608806655086e-02 3.4641144362237031e-02 2.1015283242289176e+01 35
1 0 1 1 3.4009989020470172e-02 2.4865157752721058e-02 1.0000000077606550e+00 8.1134782193507810e-02 3.5219613873555357e-02 2.1065283242002781e+01 35
1 0 1 1 3.4020479863475520e-02 2.4862720954234543e-02 1.0000000083520646e+00 8.1066949377564923e-02 3.5802050534347832e-02 2.1115283241496510e+01 34
1 0 1 1 3.4030560027563210e-02 2.4860064940176636e-02 1.0000000089832857e+00 8.0999111966857856e-02 3.6388433736163212e-02 2.1165283240784195e+01 34
1 0 1 1 3.4040231712476603e-02 2.4857191557264086e-02 1.0000000096566461e+00 8.0931271568190633e-02 3.6978742781373468e-02 2.1215283239878175e+01 34
1 0 1 1 3.4049497132482731e-02 2.4854102650041298e-02 1.0000000103745885e+00 8.0863429786891899e-02 3.7572956889935026e-02 2.1265283238772994e+01 34
1 0 1 1 3.4058324471413125e-02 2.4850800060678729e-02 1.0000000111396752e+00 8.0795588226513226e-02 3.8171055206376432e-02 2.1315283237481452e+01 34
1 0 1 1 3.4066735195650913e-02 2.4847285628797955e-02 1.0000000119545924e+00 8.0727748488618467e-02 3.8773016805670690e-02 2.1365283236006555e+01 34
1 0 1 1 3.4074746584064314e-02 2.4843561191282865e-02 1.0000000128221556e+00 8.0659912172525772e-02 3.9378820699236171e-02 2.1415283234352870e+01 34
1 0 1 1 3.4082360915662045e-02 2.4839628582100055e-02 1.0000000137453142e+00 8.0592080875073413e-02 3.9988445840482070e-02 2.1465283232525582e+01 34
1 0 1 1 3.4089580481682029e-02 2.4835489632124945e-02 1.0000000147271566e+00 8.0524256190392607e-02 4.0601871130065394e-02 2.1515283230529842e+01 34
1 0 1 1 3.4096407585176083e-02 2.4831146168963210e-02 1.0000000157709157e+00 8.0456439709686411e-02 4.1219075420913340e-02 2.1565283228372820e+01 34
1 0 1 1 3.4102844540599350e-02 2.4826600016785359e-02 1.0000000168799736e+00 8.0388633021023892e-02 4.1840037522767937e-02 2.1615283226047445e+01 34
1 0 1 1 3.4108893673410731e-02 2.4821852996152916e-02 1.0000000180578676e+00 8.0320837709083437e-02 4.2464736207202779e-02 2.1665283223573368e+01 34
1 0 1 1 3.4114557319665527e-02 2.4816906923863204e-02 1.0000000193082959e+00 8.0253055355014813e-02 4.3093150211284369e-02 2.1715283220946052e+01 34
1 0 1 1 3.4119837825612800e-02 2.4811763612778804e-02 1.0000000206351225e+00 8.0185287536193500e-02 4.3725258242020101e-02 2.1765283218165976e+01 34
1 0 1 1 3.4124737547302081e-02 2.4806424871674049e-02 1.0000000220423846e+00 8.0117535826021963e-02 4.4361038980314890e-02 2.1815283215243209e+01 34
1 0 1 1 3.4129258850192780e-02 2.4800892505085041e-02 1.0000000235342972e+00 8.0049801793764308e-02 4.5000471084491338e-02 2.1865283212181900e+01 34
1 0 1 1 3.4133404108754942e-02 2.4795168313152167e-02 1.0000000251152596e+00 7.9982087004357300e-02 4.5643533193795188e-02 2.1915283208977069e+01 34
1 0 1 1 3.4137175706090379e-02 2.4789254091470619e-02 1.0000000267898626e+00 7.9914393018198304e-02 4.6290203932149686e-02 2.1965283205643122e+01 34
1 0 1 1 3.4140576157899762e-02 2.4783143345672446e-02 1.0000000285632162e+00 7.9846721391018005e-02 4.6940476029281586e-02 2.2015284284692601e+01 34
1 0 1 1 3.4143607771242757e-02 2.4776829825298455e-02 1.0000000304406023e+00 7.9779078068691389e-02 4.7594300228049412e-02 2.2065284303661571e+01 34
1 0 1 1 3.4146272750405236e-02 2.4770332259770232e-02 1.0000000324265896e+00 7.9711464688071665e-02 4.8251624862069964e-02 2.2115280984289996e+01 34
1 0 1 1 3.4148573957694314e-02 2.4763651265171771e-02 1.0000000345269664e+00 7.9643870803671413e-02 4.8912545290664307e-02 2.2165283190311346e+01 33
1 0 1 1 3.4150513421524642e-02 2.4756789631634246e-02 1.0000000367470725e+00 7.9576308409404106e-02 4.9576938211207552e-02 2.2215283186367241e+01 33
1 0 1 1 3.4152093678603411e-02 2.4749748837162380e-02 1.0000000390928840e+00 7.9508776046276958e-02 5.0244811349126485e-02 2.2265283182299793e+01 33
1 0 1 1 3.4153317161939603e-02 2.4742530645391763e-02 1.0000000415705261e+00 7.9441275237552622e-02 5.0916143302874133e-02 2.2315283178122577e+01 33
1 0 1 1 3.4154186310220679e-02 2.4735136814238817e-02 1.0000000441863708e+00 7.9373807500728949e-02 5.1590912677571203e-02 2.2365283173833472e+01 33
1 0 1 1 3.4154703567456861e-02 2.4727569095770091e-02 1.0000000469470440e+00 7.9306374347367148e-02 5.2269098087618662e-02 2.2415283169436641e+01 33
1 0 1 1 3.4154871382636287e-02 2.4719829236094785e-02 1.0000000498594346e+00 7.9238977282963780e-02 5.2950678158799398e-02 2.2465283164932341e+01 33
1 0 1 1 3.4154692209381297e-02 2.4711918975250564e-02 1.0000000529307005e+00 7.9171617806804540e-02 5.3635631530528055e-02 2.2515283160324223e+01 33
1 0 1 1 3.4154168505606701e-02 2.4703840047088216e-02 1.0000000561682783e+00 7.9104297411837721e-02 5.4323936857901815e-02 2.2565283155617941e+01 33
1 0 1 1 3.4153302733190428e-02 2.4695594179175634e-02 1.0000000595798901e+00 7.9037017584556557e-02 5.5015572813576392e-02 2.2615283150812203e+01 33
1 0 1 1 3.4152097357638599e-02 2.4687183092687904e-02 1.0000000631735524e+00 7.8969779804858420e-02 5.5710518089816918e-02 2.2665283145908074e+01 33
1 0 1 1 3.4150554847755497e-02 2.4678608502303016e-02 1.0000000669575846e+00 7.8902585545921389e-02 5.6408751400362445e-02 2.2715283140909584e+01 33
1 0 1 1 3.4148677675332445e-02 2.4669872116112698e-02 1.0000000709406165e+00 7.8835436274091730e-02 5.7110251482256492e-02 2.2765283135826522e+01 33
1 0 1 1 3.4146468314818622e-02 2.4660975635524812e-02 1.0000000751315985e+00 7.8768333448795913e-02 5.7814997097156373e-02 2.2815283130644438e+01 33
1 0 1 1 3.4143929243011177e-02 2.4651920755160827e-02 1.0000000795398090e+00 7.8701278522361195e-02 5.8522967033812802e-02 2.2865283125382643e+01 33
1 0 1 1 3.4141039919744855e-02 2.4642709162787223e-02 1.0000000841748637e+00 7.8634272939985150e-02 5.9234140108790315e-02 2.2915283120030299e+01 33
1 0 1 1 3.4137817063229707e-02 2.4633342539205315e-02 1.0000000890467247e+00 7.8567318139565023e-02 5.9948495168781445e-02 2.2965283114600471e+01 33
1 0 1 1 3.4134272257172762e-02 2.4623822558188263e-02 1.0000000941657095e+00 7.8500415551649438e-02 6.0666011091475555e-02 2.3015283109084660e+01 33
1 0 1 1 3.4130407989216092e-02 2.4614150886380113e-02 1.0000000995425002e+00 7.8433566599289073e-02 6.1386666787571070e-02 2.3065283103492021e+01 33
1 0 1 1 3.4126226747684868e-02 2.4604329183233815e-02 1.0000001051881529e+00 7.8366772697976428e-02 6.2110441201825899e-02 2.3115283097824001e+01 33
1 0 1 1 3.4121731021289521e-02 2.4594359100925139e-02 1.0000001111141068e+00 7.8300035255543188e-02 6.2837313314455537e-02 2.3165283092076720e+01 33
1 0 1 1 3.4116923298848773e-02 2.4584242284277542e-02 1.0000001173321942e+00 7.8233355672049004e-02 6.3567262142775124e-02 2.3215283086263291e+01 33
1 0 1 1 3.4111806069012034e-02 2.4573980370702988e-02 1.0000001238546499e+00 7.8166735339740501e-02 6.4300266741830550e-02 2.3265283080368757e+01 33
1 0 1 1 3.4106381819979451e-02 2.4563574990114016e-02 1.0000001306941206e+00 7.8100175642893205e-02 6.5036306206581934e-02 2.3315283074415188e+01 32
1 0 1 1 3.4100653039241591e-02 2.4553027764876105e-02 1.0000001378636754e+00 7.8033677957819403e-02 6.5775359672039971e-02 2.3365283068388816e+01 32
1 0 1 1 3.4094622213305177e-02 2.4542340309732513e-02 1.0000001453768148e+00 7.7967243652713070e-02 6.6517406315231301e-02 2.3415283062294428e+01 32
1 0 1 1 3.4088291827433594e-02 2.4531514231741880e-02 1.0000001532474816e+00 7.7900874087598604e-02 6.7262425356117969e-02 2.3465283056141296e+01 32
1 0 1 1 3.4081664365395684e-02 2.4520551130227684e-02 1.0000001614900700e+00 7.7834570614279563e-02 6.8010396058389308e-02 2.3515283049922786e+01 32
1 0 1 1 3.4074742309202134e-02 2.4509452596710467e-02 1.0000001701194370e+00 7.7768334576230502e-02 6.8761297730914939e-02 2.3565283043642626e+01 32
1 0 1 1 3.4067528138866689e-02 2.4498220214860589e-02 1.0000001791509112e+00 7.7702167308542902e-02 6.9515109728662428e-02 2.3615283037307407e+01 32
1 0 1 1 3.4060024332152543e-02 2.4486855560438642e-02 1.0000001886003038e+00 7.7636070137873936e-02 7.0271811453461078e-02 2.3665283030911187e+01 32
1 0 1 1 3.4052233364339095e-02 2.4475360201253252e-02 1.0000001984839191e+00 7.7570044382350684e-02 7.1031382355365769e-02 2.3715283024461257e+01 32
1 0 1 1 3.4044157707978771e-02 2.4463735697104097e-02 1.0000002088185638e+00 7.7504091351535964e-02 7.1793801933243043e-02 2.3765283017955159e+01 32
1 0 1 1 3.4035799832666309e-02 2.4451983599738970e-02 1.0000002196215592e+00 7.7438212346348068e-02 7.2559049735946762e-02 2.3815283011397771e+01 32
1 0 1 1 3.4027162204809412e-02 2.4440105452807590e-02 1.0000002309107499e+00 7.7372408659019232e-02 7.3327105363020825e-02 2.3865283004789458e+01 32
1 0 1 1 3.4018247287409882e-02 2.4428102791826709e-02 1.0000002427045154e+00 7.7306681573033359e-02 7.4097948465666794e-02 2.3915282998132909e+01 32
1 0 1 1 3.4009057539830578e-02 2.4415977144126074e-02 1.0000002550217799e+00 7.7241032363079914e-02 7.4871558747425473e-02 2.3965282991423575e+01 32
1 0 1 1 3.3999595417589325e-02 2.4403730028822398e-02 1.0000002678820232e+00 7.7175462294979902e-02 7.5647915965347062e-02 2.4015282984672456e+01 32
1 0 1 1 3.3989863274423403e-02 2.4391357915150010e-02 1.0000002813072766e+00 7.7109972625677037e-02 7.6427009999821174e-02 2.4065283622571943e+01 32
1 0 1 1 3.3979863871906220e-02 2.4378859474648091e-02 1.0000002953192810e+00 7.7044567135879205e-02 7.7208797174675964e-02 2.4115283395064797e+01 32
1 0 1 1 3.3969599706927193e-02 2.4366244607811491e-02 1.0000003099361883e+00 7.6979246197744267e-02 7.7993250399049599e-02 2.4165281865546618e+01 32
1 0 1 1 3.3959072401710158e-02 2.4353513806587946e-02 1.0000003251809995e+00 7.6914005918984785e-02 7.8780411308457282e-02 2.4215282957128878e+01 32
1 0 1 1 3.3948285160593804e-02 2.4340669490701964e-02 1.0000003410750484e+00 7.6848852377493004e-02 7.9570201501309168e-02 2.4265282950170700e+01 32
1 0 1 1 3.3937240183276034e-02 2.4327712851167249e-02 1.0000003576417220e+00 7.6783785350680950e-02 8.0362618334221189e-02 2.4315282943173393e+01 32
1 0 1 1 3.3925939892600780e-02 2.4314645348927081e-02 1.0000003749047088e+00 7.6718806041049914e-02 8.1157641957891449e-02 2.4365282936144450e+01 32
1 0 1 1 3.3914386705962897e-02 2.4301468436400471e-02 1.0000003928883383e+00 7.6653915641954007e-02 8.1955252581724494e-02 2.4415282929075921e+01 32
1 0 1 1 3.3902583035123696e-02 2.4288183557459202e-02 1.0000004116175907e+00 7.6589115337531433e-02 8.2755430474871092e-02 2.4465282921970658e+01 32
1 0 1 1 3.3890531286032040e-02 2.4274792147409806e-02 1.0000004311181079e+00 7.6524406302687559e-02 8.3558155966710082e-02 2.4515282914834554e+01 32
1 0 1 1 3.3878233858652927e-02 2.4261295632976028e-02 1.0000004514162035e+00 7.6459789703080039e-02 8.4363409447278950e-02 2.4565282907667246e+01 32
1 0 1 1 3.3865693146789347e-02 2.4247695432281811e-02 1.0000004725388736e+00 7.6395266695083397e-02 8.5171171367866491e-02 2.4615282900463388e+01 31
1 0 1 1 3.3852911537914060e-02 2.4233992954831779e-02 1.0000004945138055e+00 7.6330838425742564e-02 8.5981422241920888e-02 2.4665282893234970e+01 31
1 0 1 1 3.3839891413008714e-02 2.4220189601504825e-02 1.0000005173693900e+00 7.6266506032793002e-02 8.6794142644986957e-02 2.4715282885974347e+01 31
1 0 1 1 3.3826635146394141e-02 2.4206286764532001e-02 1.0000005411347295e+00 7.6202270644598252e-02 8.7609313215771006e-02 2.4765282878688122e+01 31
1 0 1 1 3.3813145105578507e-02 2.4192285827495830e-02 1.0000005658396494e+00 7.6138133380158179e-02 8.8426914656228359e-02 2.4815282871371252e+01 31
1 0 1 1 3.3799423651100467e-02 2.4178188165314675e-02 1.0000005915147068e+00 7.6074095349063009e-02 8.9246927732506073e-02 2.4865282864035215e+01 31
1 0 1 1 3.3785473136375747e-02 2.4163995144235825e-02 1.0000006181912009e+00 7.6010157651519639e-02 9.0069333274765906e-02 2.4915282856668441e+01 31
1 0 1 1 3.3771295907549070e-02 2.4149708121828296e-02 1.0000006459011830e+00 7.5946321378283083e-02 9.0894112178372941e-02 2.4965282849280555e+01 31
1 0 1 1 3.3756894303348869e-02 2.4135328446978101e-02 1.0000006746774643e+00 7.5882587610684338e-02 9.1721245403797474e-02 2.5015282841869595e+01 31
1 0 1 1 3.3742270654946657e-02 2.4120857459882048e-02 1.0000007045536274e+00 7.5818957420599131e-02 9.2550713977336566e-02 2.5065282834439881e+01 31
1 0 1 1 3.3727427285818450e-02 2.4106296492050174e-02 1.0000007355640341e+00 7.5755431870453194e-02 9.3382498991234505e-02 2.5115282826983783e+01 31
1 0 1 1 3.3712366511604412e-02 2.4091646866292935e-02 1.0000007677438343e+00 7.5692012013179710e-02 9.4216581604640692e-02 2.5165282819515671e+01 31
1 0 1 1 3.3697090639987680e-02 2.4076909896739152e-02 1.0000008011289763e+00 7.5628698892266422e-02 9.5052943043157784e-02 2.5215282812020654e+01 31
1 0 1 1 3.3681601970548647e-02 2.4062086888811899e-02 1.0000008357562136e+00 7.5565493541681905e-02 9.5891564600245519e-02 2.5265282804517017e+01 31
1 0 1 1 3.3665902794657539e-02 2.4047179139256161e-02 1.0000008716631150e+00 7.5502396985946352e-02 9.6732427636434332e-02 2.5315282796986633e+01 31
1 0 1 1 3.3649995395332005e-02 2.4032187936117364e-02 1.0000009088880721e+00 7.5439410240045357e-02 9.7575513580956730e-02 2.5365282789451808e+01 31
1 0 1 1 3.3633882047139178e-02 2.4017114558770612e-02 1.0000009474703075e+00 7.5376534309520460e-02 9.8420803930675024e-02 2.5415282781890870e+01 31
1 0 1 1 3.3617565016053563e-02 2.4001960277899248e-02 1.0000009874498830e+00 7.5313770190370444e-02 9.9268280251851457e-02 2.5465282774324049e+01 31
1 0 1 1 3.3601046559366486e-02 2.3986726355524551e-02 1.0000010288677070e+00 7.5251118869139322e-02 1.0011792417922739e-01 2.5515282766739968e+01 31
1 0 1 1 3.3584328925558300e-02 2.3971414044995525e-02 1.0000010717655423e+00 7.5188581322858161e-02 1.0096971741720673e-01 2.5565282759147770e+01 31
1 0 1 1 3.3567414354203864e-02 2.3956024591012755e-02 1.0000011161860130e+00 7.5126158519089631e-02 1.0182364173948298e-01 2.5615282751537407e+01 31
1 0 1 1 3.3550305075848809e-02 2.3940559229617867e-02 1.0000011621726113e+00 7.5063851415886368e-02 1.0267967899005880e-01 2.5665282743923356e+01 31
1 0 1 1 3.3533003311931077e-02 2.3925019188227099e-02 1.0000012097697049e+00 7.5001660961853150e-02 1.0353781108267843e-01 2.5715282736294906e+01 31
1 0 1 1 3.3515511274658100e-02 2.3909405685621166e-02 1.0000012590225433e+00 7.4939588096102017e-02 1.0439802000180641e-01 2.5765282728658423e+01 31
1 0 1 1 3.3497831166925250e-02 2.3893719931971195e-02 1.0000013099772633e+00 7.4877633748289874e-02 1.0526028780251551e-01 2.5815282721015794e+01 31
1 0 1 1 3.3479965182219705e-02 2.3877963128848576e-02 1.0000013626808961e+00 7.4815798838625908e-02 1.0612459661073877e-01 2.5865282713365247e+01 31
1 0 1 1 3.3461915504520157e-02 2.3862136469232634e-02 1.0000014171813716e+00 7.4754084277873667e-02 1.0699092862352354e-01 2.5915282705702673e+01 31
1 0 1 1 3.3443684308216169e-02 2.3846241137532129e-02 1.0000014735275247e+00 7.4692490967346953e-02 1.0785926610964279e-01 2.5965282698043712e+01 31
1 0 1 1 3.3425273758027459e-02 2.3830278309604713e-02 1.0000015317691000e+00 7.4631019798976628e-02 1.0872959140887908e-01 2.6015282690370569e+01 31
1 0 1 1 3.3406683148801804e-02 2.3814249152755790e-02 1.0000015919567569e+00 7.4569671655249026e-02 1.0960188693337397e-01 2.6065282682697941e+01 30
1 0 1 1 3.3387911598614949e-02 2.3798154825779426e-02 1.0000016541420729e+00 7.4508447409283751e-02 1.1047613516689778e-01 2.6115282675019522e+01 30
1 0 1 1 3.3368967398996523e-02 2.3781996478954546e-02 1.0000017183775489e+00 7.4447347924812390e-02 1.1135231866556743e-01 2.6165282667339202e+01 30
1 0 1 1 3.3349852673545226e-02 2.3765775254081450e-02 1.0000017847166123e+00 7.4386374056212512e-02 1.1223042005778244e-01 2.6215282659656630e+01 30
1 0 1 1 3.3330569535741268e-02 2.3749492284490321e-02 1.0000018532136203e+00 7.4325526648518964e-02 1.1311042204445425e-01 2.6265282651971198e+01 30
1 0 1 1 3.3311120088876524e-02 2.3733148695062527e-02 1.0000019239238633e+00 7.4264806537438999e-02 1.1399230739919425e-01 2.6315282644283577e+01 30
1 0 1 1 3.3291506425991255e-02 2.3716745602253352e-02 1.0000019969035672e+00 7.4204214549371816e-02 1.1487605896850875e-01 2.6365282636598252e+01 30
1 0 1 1 3.3271730629814797e-02 2.3700284114120541e-02 1.0000020722098957e+00 7.4143751501441146e-02 1.1576165967176370e-01 2.6415282628913179e+01 30
1 0 1 1 3.3251794772693535e-02 2.3683765330334648e-02 1.0000021499009522e+00 7.4083418201505269e-02 1.1664909250142919e-01 2.6465282621226628e+01 30
1 0 1 1 3.3231700916533276e-02 2.3667190342207794e-02 1.0000022300357816e+00 7.4023215448173696e-02 1.1753834052326015e-01 2.6515282613539693e+01 30
1 0 1 1 3.3211451112743894e-02 2.3650560232715195e-02 1.0000023126743711e+00 7.3963144030831623e-02 1.1842938687651559e-01 2.6565282605862443e+01 30
1 0 1 1 3.3191047402189110e-02 2.3633876076527116e-02 1.0000023978776507e+00 7.3903204729694749e-02 1.1932221477344782e-01 2.6615282598178688e+01 30
1 0 1 1 3.3170491815119781e-02 2.3617138940019843e-02 1.0000024857074938e+00 7.3843398315770969e-02 1.2021680750047890e-01 2.6665282590506443e+01 30
1 0 1 1 3.3149786371140931e-02 2.3600349881317914e-02 1.0000025762267173e+00 7.3783725550957441e-02 1.2111314841707722e-01 2.6715282582829502e+01 30
1 0 1 1 3.3128933079141006e-02 2.3583509950300102e-02 1.0000026694990802e+00 7.3724187187995116e-02 1.2201122095703325e-01 2.6765282575164143e+01 30
1 0 1 1 3.3107933937272946e-02 2.3566620188650748e-02 1.0000027655892836e+00 7.3664783970561615e-02 1.2291100862751966e-01 2.6815282567501729e+01 30
1 0 1 1 3.3086790932883713e-02 2.3549681629862922e-02 1.0000028645629684e+00 7.3605516633255597e-02 1.2381249500972864e-01 2.6865282559840836e+01 30
1 0 1 1 3.3065506042483810e-02 2.3532695299278355e-02 1.0000029664867141e+00 7.3546385901626432e-02 1.2471566375901699e-01 2.6915282552190966e+01 30
1 0 1 1 3.3044081231710348e-02 2.3515662214116877e-02 1.0000030714280357e+00 7.3487392492232628e-02 1.2562049860445929e-01 2.6965282544544927e+01 30
1 0 1 1 3.3022518455282576e-02 2.3498583383500690e-02 1.0000031794553819e+00 7.3428537112639192e-02 1.2652698334939108e-01 2.7015282536905730e+01 30
1 0 1 1 3.3000819656965934e-02 2.3481459808482947e-02 1.0000032906381304e+00 7.3369820461462371e-02 1.2743510187128476e-01 2.7065282529277543e+01 30
1 0 1 1 3.2978986769543105e-02 2.3464292482083048e-02 1.0000034050465862e+00 7.3311243228410067e-02 1.2834483812150388e-01 2.7115282521649728e+01 30
1 0 1 1 3.2957021714770142e-02 2.3447082389306789e-02 1.0000035227519752e+00 7.3252806094273842e-02 1.2925617612613066e-01 2.7165282514040676e+01 30
1 0 1 1 3.2934926403365594e-02 2.3429830507191895e-02 1.0000036438264406e+00 7.3194509731027924e-02 1.3016909998477513e-01 2.7215282506431151e+01 30
1 0 1 1 3.2912702734958388e-02 2.3412537804822175e-02 1.0000037683430378e+00 7.3136354801783598e-02 1.3108359387194937e-01 2.7265282498838271e+01 30
1 0 1 1 3.2890352598081762e-02 2.3395205243373556e-02 1.0000038963757285e+00 7.3078341960892523e-02 1.3199964203585046e-01 2.7315282491248446e+01 30
1 0 1 1 3.2867877870129049e-02 2.3377833776130098e-02 1.0000040279993738e+00 7.3020471853920410e-02 1.3291722879945439e-01 2.7365282483676904e+01 30
1 0 1 1 3.2845280417353191e-02 2.3360424348537148e-02 1.0000041632897287e+00 7.2962745117741201e-02 1.3383633855942403e-01 2.7415282476107475e+01 30
1 0 1 1 3.2822562094820096e-02 2.3342977898210993e-02 1.0000043023234344e+00 7.2905162380506150e-02 1.3475695578729377e-01 2.7465282468557994e+01 30
1 0 1 1 3.2799724746414446e-02 2.3325495354992398e-02 1.0000044451780097e+00 7.2847724261748403e-02 1.3567906502822216e-01 2.7515282461012895e+01 30
1 0 1 1 3.2776770204798376e-02 2.3307977640963290e-02 1.0000045919318437e+00 7.2790431372353387e-02 1.3660265090209744e-01 2.7565282453483903e+01 30
1 0 1 1 3.2753700291412335e-02 2.3290425670491000e-02 1.0000047426641872e+00 7.2733284314644209e-02 1.3752769810270651e-01 2.7615282445966635e+01 29
1 0 1 1 3.2730516816451886e-02 2.3272840350258329e-02 1.0000048974551423e+00 7.2676283682393539e-02 1.3845419139810616e-01 2.7665282438461809e+01 29
1 0 1 1 3.2707221578858962e-02 2.3255222579299139e-02 1.0000050563856533e+00 7.2619430060866602e-02 1.3938211563050434e-01 2.7715282430970859e+01 29
1 0 1 1 3.2683816366304991e-02 2.3237573249028413e-02 1.0000052195374960e+00 7.2562724026861536e-02 1.4031145571614773e-01 2.7765282423492234e+01 29
1 0 1 1 3.2660302955188271e-02 2.3219893243285501e-02 1.0000053869932672e+00 7.2506166148740225e-02 1.4124219664544763e-01 2.7815282416029834e+01 29
1 0 1 1 3.2636683110620457e-02 2.3202183438361116e-02 1.0000055588363721e+00 7.2449756986479513e-02 1.4217432348267306e-01 2.7865282408580146e+01 29
1 0 1 1 3.2612958586422221e-02 2.3184444703038470e-02 1.0000057351510137e+00 7.2393497091695291e-02 1.4310782136615216e-01 2.7915282401145138e+01 29
1 0 1 1 3.2589131125116425e-02 2.3166677898624772e-02 1.0000059160221790e+00 7.2337387007689796e-02 1.4404267550813238e-01 2.7965282393728650e+01 29
1 0 1 1 3.2565202457928689e-02 2.3148883878992506e-02 1.0000061015356261e+00 7.2281427269501042e-02 1.4497887119443381e-01 2.8015282386320958e+01 29
1 0 1 1 3.2541174304773768e-02 2.3131063490605144e-02 1.0000062917778709e+00 7.2225618403908731e-02 1.4591639378510129e-01 2.8065282378937642e+01 29
1 0 1 1 3.2517048374276769e-02 2.3113217572572939e-02 1.0000064868361724e+00 7.2169960929529542e-02 1.4685522871331591e-01 2.8115282371565076e+01 29
1 0 1 1 3.2492826363747285e-02 2.3095346956666974e-02 1.0000066867985180e+00 7.2114455356803608e-02 1.4779536148620326e-01 2.8165282364208327e+01 29
1 0 1 1 3.2468509959196222e-02 2.3077452467368274e-02 1.0000068917536076e+00 7.2059102188061164e-02 1.4873677768442969e-01 2.8215282356873917e+01 29
1 0 1 1 3.2444100835342583e-02 2.3059534921907706e-02 1.0000071017908381e+00 7.2003901917578272e-02 1.4967946296172316e-01 2.8265282349549082e+01 29
1 0 1 1 3.2419600655602857e-02 2.3041595130292553e-02 1.0000073170002868e+00 7.1948855031574360e-02 1.5062340304569938e-01 2.8315282342250548e+01 29
1 0 1 1 3.2395011072119409e-02 2.3023633895359032e-02 1.0000075374726938e+00 7.1893962008314660e-02 1.5156858373662030e-01 2.8365282334964164e+01 29
1 0 1 1 3.2370333725740316e-02 2.3005652012790673e-02 1.0000077632994446e+00 7.1839223318096279e-02 1.5251499090820680e-01 2.8415282327693465e+01 29
1 0 1 1 3.2345570246047464e-02 2.2987650271171292e-02 1.0000079945725522e+00 7.1784639423311369e-02 1.5346261050740892e-01 2.8465282320452722e+01 29
1 0 1 1 3.2320722251371226e-02 2.2969629452025245e-02 1.0000082313846363e+00 7.1730210778529535e-02 1.5441142855329723e-01 2.8515282313214858e+01 29
1 0 1 1 3.2295791348767158e-02 2.2951590329830952e-02 1.0000084738289068e+00 7.1675937830448733e-02 1.5536143113880646e-01 2.8565282306009436e+01 29
1 0 1 1 3.2270779134077762e-02 2.2933533672096936e-02 1.0000087219991407e+00 7.1621821018046955e-02 1.5631260442861375e-01 2.8615282298816762e+01 29
1 0 1 1 3.2245687191903336e-02 2.2915460239366206e-02 1.0000089759896638e+00 7.1567860772543401e-02 1.5726493466049329e-01 2.8665282291646555e+01 29
1 0 1 1 3.2220517095640007e-02 2.2897370785275602e-02 1.0000092358953274e+00 7.1514057517487684e-02 1.5821840814431568e-01 2.8715282284491352e+01 29
1 0 1 1 3.2195270407481096e-02 2.2879266056581690e-02 1.0000095018114890e+00 7.1460411668771762e-02 1.5917301126260344e-01 2.8765282277363049e+01 29
1 0 1 1 3.2169948678449731e-02 2.2861146793211867e-02 1.0000097738339866e+00 7.1406923634714820e-02 1.6012873046959103e-01 2.8815282270250762e+01 29
1 0 1 1 3.2144553448401753e-02 2.2843013728293057e-02 1.0000100520591189e+00 7.1353593816066624e-02 1.6108555229189250e-01 2.8865282263162971e+01 29
1 0 1 1 3.2119086246055667e-02 2.2824867588198006e-02 1.0000103365836195e+00 7.1300422606086045e-02 1.6204346332765263e-01 2.8915282256090894e+01 29
1 0 1 1 3.2093548588997788e-02 2.2806709092573679e-02 1.0000106275046337e+00 7.1247410390552268e-02 1.6300245024708263e-01 2.8965282249044257e+01 29
1 0 1 1 3.2067941983719199e-02 2.2788538954392940e-02 1.0000109249196933e+00 7.1194557547844373e-02 1.6396249979161787e-01 2.9015282242015104e+01 29
1 0 1 1 3.2042267925627373e-02 2.2770357879986429e-02 1.0000112289266920e+00 7.1141864448954817e-02 1.6492359877450971e-01 2.9065282235016625e+01 29
1 0 1 1 3.2016527899081680e-02 2.2752166569089998e-02 1.0000115396238580e+00 7.1089331457580562e-02 1.6588573407955937e-01 2.9115282228025968e+01 29
1 0 1 1 3.1990723377388015e-02 2.2733965714863736e-02 1.0000118571097294e+00 7.1036958930091432e-02 1.6684889266265293e-01 2.9165282221072317e+01 29
1 0 1 1 3.1964855822865484e-02 2.2715756003961377e-02 1.0000121814831249e+00 7.0984747215676713e-02 1.6781306154949452e-01 2.9215282214127775e+01 29
1 0 1 1 3.1938926686828774e-02 2.2697538116540589e-02 1.0000125128431179e+00 7.0932696656287514e-02 1.6877822783754390e-01 2.9265282207216476e+01 28
1 0 1 1 3.1912937409653369e-02 2.2679312726326836e-02 1.0000128512890079e+00 7.0880807586773398e-02 1.6974437869408765e-01 2.9315282200324145e+01 28
1 0 1 1 3.1886889420773931e-02 2.2661080500634149e-02 1.0000131969202903e+00 7.0829080334869343e-02 1.7071150135709276e-01 2.9365282193451208e+01 28
1 0 1 1 3.1860784138723099e-02 2.2642842100413698e-02 1.0000135498366292e+00 7.0777515221253806e-02 1.7167958313493784e-01 2.9415282186607765e+01 28
1 0 1 1 3.1834622971168104e-02 2.2624598180295916e-02 1.0000139101378251e+00 7.0726112559621801e-02 1.7264861140565088e-01 2.9465282179784321e+01 28
1 0 1 1 3.1808407314927442e-02 2.2606349388622677e-02 1.0000142779237859e+00 7.0674872656697418e-02 1.7361857361737576e-01 2.9515282172985096e+01 28
1 0 1 1 3.1782138556009337e-02 2.2588096367492854e-02 1.0000146532944956e+00 7.0623795812299439e-02 1.7458945728781150e-01 2.9565282166208778e+01 28
1 0 1 1 3.1755818069637287e-02 2.2569839752794734e-02 1.0000150363499813e+00 7.0572882319379526e-02 1.7556125000420900e-01 2.9615282159458989e+01 28
1 0 1 1 3.1729447220291654e-02 2.2551580174256257e-02 1.0000154271902828e+00 7.0522132464079956e-02 1.7653393942292517e-01 2.9665282152730438e+01 28
1 0 1 1 3.1703027361732167e-02 2.2533318255475381e-02 1.0000158259154184e+00 7.0471546525762652e-02 1.7750751326967612e-01 2.9715282146032667e+01 28
1 0 1 1 3.1676559837045884e-02 2.2515054613969823e-02 1.0000162326253517e+00 7.0421124777086952e-02 1.7848195933856412e-01 2.9765282139350312e+01 28
1 0 1 1 3.1650045978656574e-02 2.2496789861198924e-02 1.0000166474199581e+00 7.0370867484006477e-02 1.7945726549300575e-01 2.9815282132701395e+01 28
1 0 1 1 3.1623487108388956e-02 2.2478524602624343e-02 1.0000170703989903e+00 7.0320774905876404e-02 1.8043341966417775e-01 2.9865282126068035e+01 28
1 0 1 1 3.1596884537478331e-02 2.2460259437731979e-02 1.0000175016620427e+00 7.0270847295436589e-02 1.8141040985230586e-01 2.9915282119473069e+01 28
1 0 1 1 3.1570239566635107e-02 2.2441994960088602e-02 1.0000179413085162e+00 7.0221084898935332e-02 1.8238822412464420e-01 2.9965282112888158e+01 28
1 0 1 1 3.1543553486045393e-02 2.2423731757359764e-02 1.0000183894375816e+00 7.0171487956081469e-02 1.8336685061745239e-01 3.0015282106344987e+01 28
1 0 1 1 3.1516827575454251e-02 2.2405470411378074e-02 1.0000188461481438e+00 7.0122056700198887e-02 1.8434627753333716e-01 3.0065282099811249e+01 28
1 0 1 1 3.1490063104150111e-02 2.2387211498145612e-02 1.0000193115388043e+00 7.0072791358161690e-02 1.8532649314352273e-01 3.0115282093317777e+01 28
1 0 1 1 3.1463261331058825e-02 2.2368955587913568e-02 1.0000197857078224e+00 7.0023692150548433e-02 1.8630748578527981e-01 3.0165282086838246e+01 28
1 0 1 1 3.1436423504734370e-02 2.2350703245185250e-02 1.0000202687530784e+00 6.9974759291594746e-02 1.8728924386381021e-01 3.0215282080397351e+01 28
1 0 1 1 3.1409550863442472e-02 2.2332455028787637e-02 1.0000207607720342e+00 6.9925992989327002e-02 1.8827175585002762e-01 3.0265282073968866e+01 28
1 0 1 1 3.1382643240575138e-02 2.2314211491879437e-02 1.0000212618616942e+00 6.9877393445520103e-02 1.8925501028238775e-01 3.0315282067580664e+01 28
1 0 1 1 3.1355698481509355e-02 2.2295973182018713e-02 1.0000217721185651e+00 6.9828960855837896e-02 1.9023899576453271e-01 3.0365282061207225e+01 28
1 0 1 1 3.1328722485784978e-02 2.2277740641178548e-02 1.0000222916386166e+00 6.9780695409791871e-02 1.9122370096704100e-01 3.0415282054869483e+01 28
1 0 1 1 3.1301716452877104e-02 2.2259514405805703e-02 1.0000228205172390e+00 6.9732597290862230e-02 1.9220911462563084e-01 3.0465282048556606e+01 28
1 0 1 1 3.1274681572132132e-02 2.2241295006844627e-02 1.0000233588492038e+00 6.9684666676501444e-02 1.9319522554165694e-01 3.0515282042262985e+01 28
1 0 1 1 3.1247619022811320e-02 2.2223082969778735e-02 1.0000239067286212e+00 6.9636903738173606e-02 1.9418202258226669e-01 3.0565282036007972e+01 28
1 0 1 1 3.1220529974158969e-02 2.2204878814682916e-02 1.0000244642488969e+00 6.9589308641454545e-02 1.9516949467896599e-01 3.0615282029776228e+01 28
1 0 1 1 3.1193415585418317e-02 2.2186683056245788e-02 1.0000250315026911e+00 6.9541881546026835e-02 1.9615763082836046e-01 3.0665282023567187e+01 28
1 0 1 1 3.1166277005880223e-02 2.2168496203809448e-02 1.0000256085818751e+00 6.9494622605735801e-02 1.9714642009180885e-01 3.0715282017390500e+01 28
1 0 1 1 3.1139115374942159e-02 2.2150318761419482e-02 1.0000261955774863e+00 6.9447531968659409e-02 1.9813585159470420e-01 3.0765282011241762e+01 28
1 0 1 1 3.1111931822145240e-02 2.2132151227857930e-02 1.0000267925796860e+00 6.9400609777137717e-02 1.9912591452662115e-01 3.0815282005122771e+01 28
1 0 1 1 3.1084727467216838e-02 2.2113994096677518e-02 1.0000273996777138e+00 6.9353856167828964e-02 2.0011659814065391e-01 3.0865281999021491e+01 28
1 0 1 1 3.1057503420107272e-02 2.2095847856236257e-02 1.0000280169598441e+00 6.9307271271722315e-02 2.0110789175420457e-01 3.0915281992963866e+01 28
1 0 1 1 3.1030260781071052e-02 2.2077712989758302e-02 1.0000286445133384e+00 6.9260855214258621e-02 2.0209978474682272e-01 3.0965281986918225e+01 28
1 0 1 1 3.1003000640659962e-02 2.2059589975335483e-02 1.0000292824244024e+00 6.9214608115278409e-02 2.0309226656235979e-01 3.1015281980917031e+01 27
1 0 1 1 3.0975724079828865e-02 2.2041479286005829e-02 1.0000299307781384e+00 6.9168530089173064e-02 2.0408532670617371e-01 3.1065281974928769e+01 27
1 0 1 1 3.0948432169925988e-02 2.2023381389753491e-02 1.0000305896584993e+00 6.9122621244828375e-02 2.0507895474733173e-01 3.1115281968982082e+01 27
1 0 1 1 3.0921125972789867e-02 2.2005296749576447e-02 1.0000312591482414e+00 6.9076881685764646e-02 2.0607314031616134e-01 3.1165281963056557e+01 27
1 0 1 1 3.0893806540759950e-02 2.1987225823503705e-02 1.0000319393288779e+00 6.9031311510112048e-02 2.0706787310552446e-01 3.1215281957158933e+01 27
1 0 1 1 3.0866474916743179e-02 2.1969169064642771e-02 1.0000326302806311e+00 6.8985910810687029e-02 2.0806314287006319e-01 3.1265281951299198e+01 27
1 0 1 1 3.0839132134267901e-02 2.1951126921219030e-02 1.0000333320823840e+00 6.8940679675058375e-02 2.0905893942524736e-01 3.1315281945456633e+01 27
1 0 1 1 3.0811779217505907e-02 2.1933099836598999e-02 1.0000340448116336e+00 6.8895618185535829e-02 2.1005525264854705e-01 3.1365281939651201e+01 27
1 0 1 1 3.0784417181353999e-02 2.1915088249346189e-02 1.0000347685444406e+00 6.8850726419278058e-02 2.1105207247771579e-01 3.1415281933871686e+01 27
1 0 1 1 3.0757047031459685e-02 2.1897092593243992e-02 1.0000355033553818e+00 6.8806004448297070e-02 2.1204938891143810e-01 3.1465281928121499e+01 27
1 0 1 1 3.0729669764278943e-02 2.1879113297336633e-02 1.0000362493175015e+00 6.8761452339520135e-02 2.1304719200874342e-01 3.1515281922403343e+01 27
1 0 1 1 3.0702286367130269e-02 2.1861150785970347e-02 1.0000370065022599e+00 6.8717070154839410e-02 2.1404547188852363e-01 3.1565281916708237e+01 27
1 0 1 1 3.0674897818228825e-02 2.1843205478818729e-02 1.0000377749794864e+00 6.8672857951133148e-02 2.1504421872998555e-01 3.1615281911052413e+01 27
1 0 1 1 3.0647505086763390e-02 2.1825277790937087e-02 1.0000385548173281e+00 6.8628815780356289e-02 2.1604342277111985e-01 3.1665281905414215e+01 27
1 0 1 1 3.0620109132908344e-02 2.1807368132773012e-02 1.0000393460821995e+00 6.8584943689522337e-02 2.1704307431007147e-01 3.1715281899816986e+01 27
1 0 1 1 3.0592710907917337e-02 2.1789476910231989e-02 1.0000401488387336e+00 6.8541241720818769e-02 2.1804316370311841e-01 3.1765281894241344e+01 27
1 0 1 1 3.0565311354136690e-02 2.1771604524688602e-02 1.0000409631497300e+00 6.8497709911589932e-02 2.1904368136590205e-01 3.1815281888700898e+01 27
1 0 1 1 3.0537911405081105e-02 2.1753751373037991e-02 1.0000417890761053e+00 6.8454348294427259e-02 2.2004461777197939e-01 3.1865281883184167e+01 27
1 0 1 1 3.0510511985462372e-02 2.1735917847717546e-02 1.0000426266768419e+00 6.8411156897176417e-02 2.2104596345348998e-01 3.1915281877701759e+01 27
1 0 1 1 3.0483114011263225e-02 2.1718104336757742e-02 1.0000434760089367e+00 6.8368135743013925e-02 2.2204770900020024e-01 3.1965281872252518e+01 27
1 0 1 1 3.0455718389779025e-02 2.1700311223811004e-02 1.0000443371273509e+00 6.8325284850482892e-02 2.2304984505923398e-01 3.2015281866824495e+01 27
1 0 1 1 3.0428326019654551e-02 2.1682538888177682e-02 1.0000452100849579e+00 6.8282604233509986e-02 2.2405236233560533e-01 3.2065281861435487e+01 27
1 0 1 1 3.0400937790964238e-02 2.1664787704860022e-02 1.0000460949324927e+00 6.8240093901497767e-02 2.2505525159063752e-01 3.2115281856068307e+01 27
1 0 1 1 3.0373554585229189e-02 2.1647058044572863e-02 1.0000469917185004e+00 6.8197753859316590e-02 2.2605850364299432e-01 3.2165281850737053e+01 27
1 0 1 1 3.0346177275501925e-02 2.1629350273803992e-02 1.0000479004892844e+00 6.8155584107391975e-02 2.2706210936740537e-01 3.2215281845436465e+01 27
1 0 1 1 3.0318806726397418e-02 2.1611664754830586e-02 1.0000488212888556e+00 6.8113584641727176e-02 2.2806605969473800e-01 3.2265281840161258e+01 27
1 0 1 1 3.0291443794144123e-02 2.1594001845756956e-02 1.0000497541588811e+00 6.8071755453938010e-02 2.2907034561199097e-01 3.2315281834918871e+01 27
1 0 1 1 3.0264089326646867e-02 2.1576361900554581e-02 1.0000506991386320e+00 6.8030096531314865e-02 2.3007495816164919e-01 3.2365281829712167e+01 27
1 0 1 1 3.0236744163537305e-02 2.1558745269093727e-02 1.0000516562649322e+00 6.7988607856868472e-02 2.3107988844109001e-01 3.2415281824524435e+01 27
1 0 1 1 3.0209409136204311e-02 2.1541152297166990e-02 1.0000526255721087e+00 6.7947289409333089e-02 2.3208512760347208e-01 3.2465281819377005e+01 27
1 0 1 1 3.0182085067880140e-02 2.1523583326542847e-02 1.0000536070919377e+00 6.7906141163266431e-02 2.3309066685590904e-01 3.2515281814253363e+01 27
1 0 1 1 3.0154772773660261e-02 2.1506038694978483e-02 1.0000546008535958e+00 6.7865163089041503e-02 2.3409649746056080e-01 3.2565281809167686e+01 27
1 0 1 1 3.0127473060582239e-02 2.1488518736271358e-02 1.0000556068836082e+00 6.7824355152931892e-02 2.3510261073312860e-01 3.2615281804104171e+01 27
1 0 1 1 3.0100186727649990e-02 2.1471023780274566e-02 1.0000566252057974e+00 6.7783717317109277e-02 2.3610899804378618e-01 3.2665281799077519e+01 27
1 0 1 1 3.0072914565909645e-02 2.1453554152944032e-02 1.0000576558412340e+00 6.7743249539727352e-02 2.3711565081564354e-01 3.2715281794071352e+01 27
1 0 1 1 3.0045657358477057e-02 2.1436110176358991e-02 1.0000586988081852e+00 6.7702951774916725e-02 2.3812256052603226e-01 3.2765281789115271e+01 27
1 0 1 1 3.0018415880632591e-02 2.1418692168777589e-02 1.0000597541220642e+00 6.7662823972903241e-02 2.3912971870375396e-01 3.2815281784163901e+01 26
1 0 1 1 2.9991190899799992e-02 2.1401300444626601e-02 1.0000608217953821e+00 6.7622866079931232e-02 2.4013711693220149e-01 3.2865281779264961e+01 26
1 0 1 1 2.9963983175683905e-02 2.1383935314587245e-02 1.0000619018376971e+00 6.7583078038435218e-02 2.4114474684555851e-01 3.2915281774385107e+01 26
1 0 1 1 2.9936793460250539e-02 2.1366597085579600e-02 1.0000629942555650e+00 6.7543459786979565e-02 2.4215260013103854e-01 3.2965281769536155e+01 26
1 0 1 1 2.9909622214770636e-02 2.1349283406793072e-02 1.0000640993562546e+00 6.7504011260345109e-02 2.4316067897140722e-01 3.3015282249903848e+01 26
1 0 1 1 2.9882470857388529e-02 2.1331994047045836e-02 1.0000652172459210e+00 6.7464733537117183e-02 2.4416894981537129e-01 3.3065281943780114e+01 26
1 0 1 1 2.9855340024207130e-02 2.1314732684808515e-02 1.0000663475270413e+00 6.7425625833321678e-02 2.4517740799675319e-01 3.3115281069451505e+01 26
1 0 1 1 2.9828229285240312e-02 2.1297498880757795e-02 1.0000674902425450e+00 6.7386686416621600e-02 2.4618608824208679e-01 3.3165281750275888e+01 26
1 0 1 1 2.9801140570094614e-02 2.1280293697237954e-02 1.0000686453328664e+00 6.7347916956256693e-02 2.4719493729900782e-01 3.3215281745590211e+01 26
1 0 1 1 2.9774074213668740e-02 2.1263117183519680e-02 1.0000698128016166e+00 6.7309316833435273e-02 2.4820396099036776e-01 3.3265281740923058e+01 26
1 0 1 1 2.9747030915347000e-02 2.1245969621814177e-02 1.0000709926334892e+00 6.7270885960836801e-02 2.4921315136139222e-01 3.3315281736290316e+01 26
1 0 1 1 2.9720011367221331e-02 2.1228851290833871e-02 1.0000721848097958e+00 6.7232624247642009e-02 2.5022250050687300e-01 3.3365281731693983e+01 26
1 0 1 1 2.9693016254140999e-02 2.1211762465823819e-02 1.0000733893084204e+00 6.7194531599566759e-02 2.5123200057080031e-01 3.3415281727116884e+01 26
1 0 1 1 2.9666046253737473e-02 2.1194703418575985e-02 1.0000746061037773e+00 6.7156607918864408e-02 2.5224164374717289e-01 3.3465281722576869e+01 26
1 0 1 1 2.9639102036505494e-02 2.1177674417476356e-02 1.0000758351667651e+00 6.7118853104409515e-02 2.5325142227844993e-01 3.3515281718064479e+01 26
1 0 1 1 2.9612184265834389e-02 2.1160675727524988e-02 1.0000770764647244e+00 6.7081267051705695e-02 2.5426132845612548e-01 3.3565281713584426e+01 26
1 0 1 1 2.9585293598070064e-02 2.1143707610373045e-02 1.0000783299613962e+00 6.7043849652939136e-02 2.5527135461989764e-01 3.3615281709127970e+01 26
1 0 1 1 2.9558430682546231e-02 2.1126770324336862e-02 1.0000795956168800e+00 6.7006600796994553e-02 2.5628149315808535e-01 3.3665281704708370e+01 26
1 0 1 1 2.9531596161662316e-02 2.1109864124450112e-02 1.0000808733875928e+00 6.6969520369523805e-02 2.5729173650640225e-01 3.3715281700311913e+01 26
1 0 1 1 2.9504790670901837e-02 2.1092989262467152e-02 1.0000821632262307e+00 6.6932608252947279e-02 2.5830207714868270e-01 3.3765281695949298e+01 26
1 0 1 1 2.9478014838907933e-02 2.1076145986912782e-02 1.0000834650817287e+00 6.6895864326519394e-02 2.5931250761582442e-01 3.3815281691614977e+01 26
1 0 1 1 2.9451269287519025e-02 2.1059334543100657e-02 1.0000847788992246e+00 6.6859288466347810e-02 2.6032302048589040e-01 3.3865281687306066e+01 26
1 0 1 1 2.9424554631814318e-02 2.1042555173157718e-02 1.0000861046200209e+00 6.6822880545426289e-02 2.6133360838401787e-01 3.3915281683031516e+01 26
1 0 1 1 2.9397871480178597e-02 2.1025808116064339e-02 1.0000874421815491e+00 6.6786640433689037e-02 2.6234426398162719e-01 3.3965281678785459e+01 26
1 0 1 1 2.9371220434336959e-02 2.1009093607671229e-02 1.0000887915173364e+00 6.6750567998030308e-02 2.6335497999638086e-01 3.4015281674558828e+01 26
1 0 1 1 2.9344602089396300e-02 2.0992411880725884e-02 1.0000901525569719e+00 6.6714663102323546e-02 2.6436574919268674e-01 3.4065281670376081e+01 26
1 0 1 1 2.9318017033927616e-02 2.0975763164917574e-02 1.0000915252260725e+00 6.6678925607508599e-02 2.6537656437965434e-01 3.4115281666208190e+01 26
1 0 1 1 2.9291465849965621e-02 2.0959147686876328e-02 1.0000929094462545e+00 6.6643355371556801e-02 2.6638741841283009e-01 3.4165281662070484e+01 26
1 0 1 1 2.9264949113090171e-02 2.0942565670221614e-02 1.0000943051351028e+00 6.6607952249548963e-02 2.6739830419298533e-01 3.4215281657975055e+01 26
1 0 1 1 2.9238467392483324e-02 2.0926017335592500e-02 1.0000957122061411e+00 6.6572716093725004e-02 2.6840921466491008e-01 3.4265281653884372e+01 26
1 0 1 1 2.9212021250920452e-02 2.0909502900641214e-02 1.0000971305688078e+00 6.6537646753439095e-02 2.6942014281974702e-01 3.4315281649838440e+01 26
1 0 1 1 2.9185611244887246e-02 2.0893022580101776e-02 1.0000985601284276e+00 6.6502744075287529e-02 2.7043108169185393e-01 3.4365281645812274e+01 26
1 0 1 1 2.9159237924576305e-02 2.0876576585785442e-02 1.0001000007861882e+00 6.6468007903072224e-02 2.7144202436057635e-01 3.4415281641815362e+01 26
1 0 1 1 2.9132901833956986e-02 2.0860165126621359e-02 1.0001014524391187e+00 6.6433438077865059e-02 2.7245296394912644e-01 3.4465281637848271e+01 26
1 0 1 1 2.9106603510818306e-02 2.0843788408677871e-02 1.0001029149800664e+00 6.6399034438035687e-02 2.7346389362425050e-01 3.4515281633898610e+01 26
1 0 1 1 2.9080343486798613e-02 2.0827446635181227e-02 1.0001043882976790e+00 6.6364796819259109e-02 2.7447480659687784e-01 3.4565281629983851e+01 25
1 0 1 1 2.9054122287459534e-02 2.0811140006555442e-02 1.0001058722763851e+00 6.6330725054585038e-02 2.7548569612069307e-01 3.4615281626093036e+01 25
1 0 1 1 2.9027940432309496e-02 2.0794868720435098e-02 1.0001073667963796e+00 6.6296818974439953e-02 2.7649655549269819e-01 3.4665281622225763e+01 25
1 0 1 1 2.9001798434852625e-02 2.0778632971690303e-02 1.0001088717336077e+00 6.6263078406662457e-02 2.7750737805278880e-01 3.4715281618382953e+01 25
1 0 1 1 2.8975696802635356e-02 2.0762432952455102e-02 1.0001103869597527e+00 6.6229503176534033e-02 2.7851815718370232e-01 3.4765281614574704e+01 25
1 0 1 1 2.8949636037305954e-02 2.0746268852159026e-02 1.0001119123422249e+00 6.6196093106827725e-02 2.7952888630982609e-01 3.4815281610772580e+01 25
1 0 1 1 2.8923616634612997e-02 2.0730140857523435e-02 1.0001134477441533e+00 6.6162848017779552e-02 2.8053955889927407e-01 3.4865281607023419e+01 25
1 0 1 1 2.8897628234028049e-02 2.0714049152633311e-02 1.0001149930243751e+00 6.6129767727217792e-02 2.8155016845986863e-01 3.4915281603261057e+01 25
1 0 1 1 2.8871681956018164e-02 2.0697993918891874e-02 1.0001165480374370e+00 6.6096852050447186e-02 2.8256070854403909e-01 3.4965281599559226e+01 25
1 0 1 1 2.8845778539382375e-02 2.0681975335124187e-02 1.0001181126335834e+00 6.6064100800442394e-02 2.8357117274296978e-01 3.5015281595852109e+01 25
1 0 1 1 2.8819918457366481e-02 2.0665993577525788e-02 1.0001196866587627e+00 6.6031513787721013e-02 2.8458155469162238e-01 3.5065281592193081e+01 25
1 0 1 1 2.8794102177595177e-02 2.0650048819746435e-02 1.0001212699546225e+00 6.5999090820500206e-02 2.8559184806398297e-01 3.5115281588529811e+01 25
1 0 1 1 2.8768330162019289e-02 2.0634141232855514e-02 1.0001228623585172e+00 6.5966831704602491e-02 2.8660204657711597e-01 3.5165281584914375e+01 25
1 0 1 1 2.8742602867052061e-02 2.0618270985422096e-02 1.0001244637035080e+00 6.5934736243600273e-02 2.8761214398692436e-01 3.5215281581303010e+01 25
1 0 1 1 2.8716920743529432e-02 2.0602438243486398e-02 1.0001260738183753e+00 6.5902804238739732e-02 2.8862213409128568e-01 3.5265281577720948e+01 25
1 0 1 1 2.8691284236805330e-02 2.0586643170615371e-02 1.0001276925276235e+00 6.5871035489031948e-02 2.8963201072769135e-01 3.5315281574154405e+01 25
1 0 1 1 2.8665693786760559e-02 2.0570885927903383e-02 1.0001293196514964e+00 6.5839429791240273e-02 2.9064176777438144e-01 3.5365281570616439e+01 25
1 0 1 1 2.8640149827870613e-02 2.0555166674011693e-02 1.0001309550059889e+00 6.5807986939935170e-02 2.9165139914909238e-01 3.5415281567093004e+01 25
1 0 1 1 2.8614652789220880e-02 2.0539485565172273e-02 1.0001325984028644e+00 6.5776706727488671e-02 2.9266089880974749e-01 3.5465281563586416e+01 25
1 0 1 1 2.8589203094553720e-02 2.0523842755213757e-02 1.0001342496496732e+00 6.5745588944108146e-02 2.9367026075419500e-01 3.5515281560110964e+01 25
1 0 1 1 2.8563801162331485e-02 2.0508238395597275e-02 1.0001359085497732e+00 6.5714633377883136e-02 2.9467947901884983e-01 3.5565281556632776e+01 25
1 0 1 1 2.8538447405719477e-02 2.0492672635401658e-02 1.0001375749023553e+00 6.5683839814743739e-02 2.9568854768121977e-01 3.5615281553203957e+01 25
1 0 1 1 2.8513142232712913e-02 2.0477145621396138e-02 1.0001392485024658e+00 6.5653208038587652e-02 2.9669746085556242e-01 3.5665281549755129e+01 25
1 0 1 1 2.8487886046059306e-02 2.0461657497990695e-02 1.0001409291410404e+00 6.5622737831161349e-02 2.9770621269793429e-01 3.5715281546352990e+01 25
1 0 1 1 2.8462679243413506e-02 2.0446208407326364e-02 1.0001426166049288e+00 6.5592428972223837e-02 2.9871479740113072e-01 3.5765281542957261e+01 25
1 0 1 1 2.8437522217298752e-02 2.0430798489249245e-02 1.0001443106769337e+00 6.5562281239471276e-02 2.9972320919764356e-01 3.5815281539573512e+01 25
1 0 1 1 2.8412415355164315e-02 2.0415427881338589e-02 1.0001460111358438e+00 6.5532294408586322e-02 3.0073144235860239e-01 3.5865281536209253e+01 25
1 0 1 1 2.8387359039433246e-02 2.0400096718936292e-02 1.0001477177564746e+00 6.5502468253266416e-02 3.0173949119344451e-01 3.5915281532862572e+01 25
1 0 1 1 2.8362353647531858e-02 2.0384805135157912e-02 1.0001494303097072e+00 6.5472802545237963e-02 3.0274735004980535e-01 3.5965281529524603e+01 25
1 0 1 1 2.8337399551918330e-02 2.0369553260908661e-02 1.0001511485625354e+00 6.5443297054262661e-02 3.0375501331382393e-01 3.6015281526199828e+01 25
1 0 1 1 2.8312497120124087e-02 2.0354341224902220e-02 1.0001528722781101e+00 6.5413951548166649e-02 3.0476247540967555e-01 3.6065281522890317e+01 25
1 0 1 1 2.8287646714794029e-02 2.0339169153685104e-02 1.0001546012157896e+00 6.5384765792859623e-02 3.0576973079952990e-01 3.6115281519597858e+01 25
1 0 1 1 2.8262848693721830e-02 2.0324037171651616e-02 1.0001563351311906e+00 6.5355739552356046e-02 3.0677677398324943e-01 3.6165281516315943e+01 25
1 0 1 1 2.8238103409879232e-02 2.0308945401058334e-02 1.0001580737762439e+00 6.5326872588783114e-02 3.0778359949821338e-01 3.6215281513025921e+01 25
1 0 1 1 2.8213411211424066e-02 2.0293893962026317e-02 1.0001598168992529e+00 6.5298164662368763e-02 3.0879020192081763e-01 3.6265281509776607e+01 25
1 0 1 1 2.8188772441808296e-02 2.0278882972602993e-02 1.0001615642449491e+00 6.5269615531542341e-02 3.0979657586310999e-01 3.6315281506521998e+01 25
1 0 1 1 2.8164187439734808e-02 2.0263912548731614e-02 1.0001633155545600e+00 6.5241224952860694e-02 3.1080271597567388e-01 3.6365281503269280e+01 24
1 0 1 1 2.8139656539215140e-02 2.0248982804281609e-02 1.0001650705658724e+00 6.5212992681054460e-02 3.1180861694660311e-01 3.6415281500033110e+01 24
1 0 1 1 2.8115180069619810e-02 2.0234093851078081e-02 1.0001668290132995e+00 6.5184918469059994e-02 3.1281427350094371e-01 3.6465281496810938e+01 24
1 0 1 1 2.8090757568913060e-02 2.0219239806694871e-02 1.0001685926934236e+00 6.5157002068025938e-02 3.1381971005597520e-01 3.6515282753598512e+01 24
1 0 1 1 2.8066391798645018e-02 2.0204426395152089e-02 1.0001703597102540e+00 6.5129245335760977e-02 3.1482482275013907e-01 3.6565280518254980e+01 24
1 0 1 1 2.8042080015094666e-02 2.0189653280275086e-02 1.0001721295002377e+00 6.5101644301867739e-02 3.1582973328670355e-01 3.6615281155971729e+01 24
1 0 1 1 2.8017824081080247e-02 2.0174921509443992e-02 1.0001739016724829e+00 6.5074200481118782e-02 3.1683437255540170e-01 3.6665281484168887e+01 24
1 0 1 1 2.7993624312744395e-02 2.0160231190226953e-02 1.0001756759447025e+00 6.5046913626609137e-02 3.1783873503171450e-01 3.6715281480969338e+01 24
1 0 1 1 2.7969480851263332e-02 2.0145582324789413e-02 1.0001774520442392e+00 6.5019783298302186e-02 3.1884282232238448e-01 3.6765281477790360e+01 24
1 0 1 1 2.7945393994354882e-02 2.0130975011137444e-02 1.0001792296838499e+00 6.4992809236888438e-02 3.1984662941029657e-01 3.6815281474597803e+01 24
1 0 1 1 2.7921364035308101e-02 2.0116409345325704e-02 1.0001810085735350e+00 6.4965991181324956e-02 3.2085015131610689e-01 3.6865281471409681e+01 24
1 0 1 1 2.7897391263044864e-02 2.0101885421490610e-02 1.0001827884206285e+00 6.4939328868885815e-02 3.2185338309696671e-01 3.6915281468235698e+01 24
1 0 1 1 2.7873475962158310e-02 2.0087403331868557e-02 1.0001845689298907e+00 6.4912822035180118e-02 3.2285631984582008e-01 3.6965281465044427e+01 24
1 0 1 1 2.7849618412897695e-02 2.0072963166785592e-02 1.0001863498036085e+00 6.4886470414114050e-02 3.2385895669344067e-01 3.7015281461866138e+01 24
1 0 1 1 2.7825818891248411e-02 2.0058565014701088e-02 1.0001881307416893e+00 6.4860273737956525e-02 3.2486128880611942e-01 3.7065281458679415e+01 24
1 0 1 1 2.7802077668919910e-02 2.0044208962197326e-02 1.0001899114417665e+00 6.4834231737305903e-02 3.2586331138740915e-01 3.7115281455499911e+01 24
1 0 1 1 2.7778395013406010e-02 2.0029895094011933e-02 1.0001916915992999e+00 6.4808344141131291e-02 3.2686501967656006e-01 3.7165281452303169e+01 24
1 0 1 1 2.7754771187971608e-02 2.0015623493026484e-02 1.0001934709076843e+00 6.4782610676739738e-02 3.2786640895026864e-01 3.7215281449113654e+01 24
1 0 1 1 2.7731206451721540e-02 2.0001394240306090e-02 1.0001952490583557e+00 6.4757031069827942e-02 3.2886747452125126e-01 3.7265281445933525e+01 24
1 0 1 1 2.7707701059624966e-02 1.9987207415107518e-02 1.0001970257409003e+00 6.4731605044486273e-02 3.2986821173752012e-01 3.7315281442708347e+01 24
1 0 1 1 2.7684255262469634e-02 1.9973063094852056e-02 1.0001988006431735e+00 6.4706332323128946e-02 3.3086861598631334e-01 3.7365281439522633e+01 24
1 0 1 1 2.7660869307013187e-02 1.9958961355210480e-02 1.0002005734514041e+00 6.4681212626637646e-02 3.3186868268825176e-01 3.7415281436309620e+01 24
1 0 1 1 2.7637543435899772e-02 1.9944902270049695e-02 1.0002023438503198e+00 6.4656245674246743e-02 3.3286840730205181e-01 3.7465281433086332e+01 24
1 0 1 1 2.7614277887729990e-02 1.9930885911472629e-02 1.0002041115232621e+00 6.4631431183599292e-02 3.3386778532262468e-01 3.7515281429858597e+01 24
1 0 1 1 2.7591072897084973e-02 1.9916912349829154e-02 1.0002058761523058e+00 6.4606768870751841e-02 3.3486681228139020e-01 3.7565281426636624e+01 24
1 0 1 1 2.7567928694564692e-02 1.9902981653734178e-02 1.0002076374183819e+00 6.4582258450194358e-02 3.3586548374526920e-01 3.7615281423385134e+01 24
1 0 1 1 2.7544845506768459e-02 1.9889093890055082e-02 1.0002093950014026e+00 6.4557899634805765e-02 3.3686379531895683e-01 3.7665281420135258e+01 24
1 0 1 1 2.7521823556366620e-02 1.9875249123948495e-02 1.0002111485803851e+00 6.4533692135912701e-02 3.3786174264264823e-01 3.7715281416871910e+01 24
1 0 1 1 2.7498863062096948e-02 1.9861447418858109e-02 1.0002128978335796e+00 6.4509635663262815e-02 3.3885932139346497e-01 3.7765281413603041e+01 24
1 0 1 1 2.7475964238805686e-02 1.9847688836532200e-02 1.0002146424385965e+00 6.4485729925047086e-02 3.3985652728443771e-01 3.7815281410309275e+01 24
1 0 1 1 2.7453127297444029e-02 1.9833973437022097e-02 1.0002163820725394e+00 6.4461974627875340e-02 3.4085335606602807e-01 3.7865281407017839e+01 24
1 0 1 1 2.7430352445130542e-02 1.9820301278713474e-02 1.0002181164121318e+00 6.4438369476822688e-02 3.4184980352419514e-01 3.7915281403706025e+01 24
1 0 1 1 2.7407635760556048e-02 1.9806672418316788e-02 1.0002198451338531e+00 6.4414914175395133e-02 3.4284586548194884e-01 3.7965281400377471e+01 24
1 0 1 1 2.7384974250911909e-02 1.9793086910886441e-02 1.0002215679140709e+00 6.4391608425546143e-02 3.4384153779906851e-01 3.8015281397046330e+01 24
1 0 1 1 2.7362375503057916e-02 1.9779544809839254e-02 1.0002232844291747e+00 6.4368451927697024e-02 3.4483681637116392e-01 3.8065281393689688e+01 24
1 0 1 1 2.7339839708819071e-02 1.9766046166943878e-02 1.0002249943557129e+00 6.4345444380707051e-02 3.4583169713112538e-01 3.8115281390319545e+01 24
1 0 1 1 2.7317367056282606e-02 1.9752591032351302e-02 1.0002266973705276e+00 6.4322585481899175e-02 3.4682617604823429e-01 3.8165281386934332e+01 24
1 0 1 1 2.7294957729806120e-02 1.9739179454591461e-02 1.0002283931508928e+00 6.4299874927056189e-02 3.4782024912864173e-01 3.8215281383544671e+01 24
1 0 1 1 2.7272611910063967e-02 1.9725811480600569e-02 1.0002300813746496e+00 6.4277312410439158e-02 3.4881391241402998e-01 3.8265281380102209e+01 24
1 0 1 1 2.7250329773997245e-02 1.9712487155687009e-02 1.0002317617203504e+00 6.4254897624725305e-02 3.4980716198548828e-01 3.8315281376694372e+01 24
1 0 1 1 2.7228111494965585e-02 1.9699206523618361e-02 1.0002334338673864e+00 6.4232630261134460e-02 3.5079999395702172e-01 3.8365281373215566e+01 24
1 0 1 1 2.7205957242606663e-02 1.9685969626536126e-02 1.0002350974961398e+00 6.4210510009273469e-02 3.5179240448357885e-01 3.8415281369769339e+01 24
1 0 1 1 2.7183867183022799e-02 1.9672776505059469e-02 1.0002367522881095e+00 6.4188536557300724e-02 3.5278438975287674e-01 3.8465281366256761e+01 24
1 0 1 1 2.7161841478648457e-02 1.9659627198207751e-02 1.0002383979260625e+00 6.4166709591773397e-02 3.5377594599290507e-01 3.8515281362750386e+01 24
1 0 1 1 2.7139880288386042e-02 1.9646521743474504e-02 1.0002400340941628e+00 6.4145028797768289e-02 3.5476706946667419e-01 3.8565281359230390e+01 24
1 0 1 1 2.7117983767585747e-02 1.9633460176814867e-02 1.0002416604781148e+00 6.4123493858836700e-02 3.5575775647398239e-01 3.8615281355669950e+01 24
1 0 1 1 2.7096152068037810e-02 1.9620442532634737e-02 1.0002432767653033e+00 6.4102104456983056e-02 3.5674800335282375e-01 3.8665281352106724e+01 24
1 0 1 1 2.7074385338050667e-02 1.9607468843836004e-02 1.0002448826449268e+00 6.4080860272718143e-02 3.5773780647672726e-01 3.8715281348505442e+01 24
1 0 1 1 2.7052683722411878e-02 1.9594539141790129e-02 1.0002464778081410e+00 6.4059760985007042e-02 3.5872716225775136e-01 3.8765281344908274e+01 25
1 0 1 1 2.7031047362475517e-02 1.9581653456384351e-02 1.0002480619481895e+00 6.4038806271332349e-02 3.5971606714304499e-01 3.8815281341260260e+01 25
1 0 1 1 2.7009476396103183e-02 1.9568811815986398e-02 1.0002496347605467e+00 6.4017995807619132e-02 3.6070451761891287e-01 3.8865281337611954e+01 25
1 0 1 1 2.6987970957759420e-02 1.9556014247496437e-02 1.0002511959430478e+00 6.3997329268311060e-02 3.6169251020727622e-01 3.8915281333940257e+01 25
1 0 1 1 2.6966531178490880e-02 1.9543260776330004e-02 1.0002527451960255e+00 6.3976806326330682e-02 3.6268004146739724e-01 3.8965281330234703e+01 25
1 0 1 1 2.6945157185942932e-02 1.9530551426427133e-02 1.0002542822224449e+00 6.3956426653077325e-02 3.6366710799632329e-01 3.9015281326517631e+01 25
1 0 1 1 2.6923849104406164e-02 1.9517886220274047e-02 1.0002558067280332e+00 6.3936189918455871e-02 3.6465370642755424e-01 3.9065281322777054e+01 25
1 0 1 1 2.6902607054820029e-02 1.9505265178904239e-02 1.0002573184214116e+00 6.3916095790858940e-02 3.6563983343185602e-01 3.9115281319005383e+01 25
1 0 1 1 2.6881431154782021e-02 1.9492688321899206e-02 1.0002588170142270e+00 6.3896143937164029e-02 3.6662548571786524e-01 3.9165281315230771e+01 25
1 0 1 1 2.6860321518608132e-02 1.9480155667420535e-02 1.0002603022212748e+00 6.3876334022768710e-02 3.6761066003005749e-01 3.9215281311412745e+01 25
1 0 1 1 2.6839278257294156e-02 1.9467667232185359e-02 1.0002617737606323e+00 6.3856665711540722e-02 3.6859535315176445e-01 3.9265281307594449e+01 25
1 0 1 1 2.6818301478601838e-02 1.9455223031512061e-02 1.0002632313537765e+00 6.3837138665879117e-02 3.6957956190174240e-01 3.9315281303728632e+01 25
1 0 1 1 2.6797390924625294e-02 1.9442820614198476e-02 1.0002646761872449e+00 6.3817752546652395e-02 3.7056329743665667e-01 3.9365281873546849e+01 25
1 0 1 1 2.6776547042510909e-02 1.9430457859343990e-02 1.0002661094993963e+00 6.3798507679737715e-02 3.7154653744249005e-01 3.9415281877447008e+01 25
1 0 1 1 2.6755770693064392e-02 1.9418139863356224e-02 1.0002675280324731e+00 6.3779403730405804e-02 3.7252924837595824e-01 3.9465280077648423e+01 25
1 0 1 1 2.6735059972913547e-02 1.9405865451259326e-02 1.0002689316575950e+00 6.3760438520622187e-02 3.7351152182074959e-01 3.9515281289004797e+01 25
1 0 1 1 2.6714416728098093e-02 1.9393635671237044e-02 1.0002703199943406e+00 6.3741613316125878e-02 3.7449327172452379e-01 3.9565281285056315e+01 25
1 0 1 1 2.6693840543099010e-02 1.9381450231324652e-02 1.0002716928201356e+00 6.3722927307919230e-02 3.7547451900807155e-01 3.9615281281093580e+01 25
1 0 1 1 2.6673331503474014e-02 1.9369309137073708e-02 1.0002730498823125e+00 6.3704380148187079e-02 3.7645526074821378e-01 3.9665281277081014e+01 25
1 0 1 1 2.6652889691638482e-02 1.9357212392662967e-02 1.0002743909325180e+00 6.3685971487610904e-02 3.7743549406069749e-01 3.9715281273074851e+01 25
1 0 1 1 2.6632515186960297e-02 1.9345160000950927e-02 1.0002757157268167e+00 6.3667700975437225e-02 3.7841521609669376e-01 3.9765281269045126e+01 25
1 0 1 1 2.6612208065733563e-02 1.9333151963456207e-02 1.0002770240257948e+00 6.3649568259437184e-02 3.7939442404458651e-01 3.9815281264968490e+01 25
1 0 1 1 2.6591968401175264e-02 1.9321188280352689e-02 1.0002783155946624e+00 6.3631572985895002e-02 3.8037311513160588e-01 3.9865281260913513e+01 25
1 0 1 1 2.6571796263532461e-02 1.9309268950528445e-02 1.0002795902033459e+00 6.3613714799685112e-02 3.8135128661908840e-01 3.9915281256800505e+01 25
1 0 1 1 2.6551691719988155e-02 1.9297393971527802e-02 1.0002808476265888e+00 6.3595993344180229e-02 3.8232893580846328e-01 3.9965281252709424e+01 25
1 0 1 1 2.6531654834801702e-02 1.9285563339631447e-02 1.0002820876440361e+00 6.3578408261356356e-02 3.8330606003513135e-01 4.0015281248568144e+01 25
1 0 1 1 2.6511685669220054e-02 1.9273777049797824e-02 1.0002833100403297e+00 6.3560959191706540e-02 3.8428265667369527e-01 4.0065281244424639e+01 25
1 0 1 1 2.6491784281572440e-02 1.9262035095718444e-02 1.0002845146051880e+00 6.3543645774310931e-02 3.8525872313450371e-01 4.0115281240271472e+01 25
1 0 1 1 2.6471950727273454e-02 1.9250337469815391e-02 1.0002857011334911e+00 6.3526467646822626e-02 3.8623425686427743e-01 4.0165281236080503e+01 25
1 0 1 1 2.6452185058807354e-02 1.9238684163226570e-02 1.0002868694253599e+00 6.3509424445449131e-02 3.8720925534782635e-01 4.0215281231896483e+01 25
1 0 1 1 2.6432487325809675e-02 1.9227075165853789e-02 1.0002880192862298e+00 6.3492515805006533e-02 3.8818371610526176e-01 4.0265281227695056e+01 25
1 0 1 1 2.6412857575049499e-02 1.9215510466345932e-02 1.0002891505269234e+00 6.3475741358892779e-02 3.8915763669340658e-01 4.0315281223460637e+01 25
1 0 1 1 2.6393295850434078e-02 1.9203990052099905e-02 1.0002902629637223e+00 6.3459100739085894e-02 3.9013101470704320e-01 4.0365281219254271e+01 25
1 0 1 1 2.6373802193109155e-02 1.9192513909315249e-02 1.0002913564184270e+00 6.3442593576210737e-02 3.9110384777443052e-01 4.0415281214987267e+01 25
1 0 1 1 2.6354376641357077e-02 1.9181082022930191e-02 1.0002924307184258e+00 6.3426219499450764e-02 3.9207613356359217e-01 4.0465281210750568e+01 25
1 0 1 1 2.6335019230745580e-02 1.9169694376708485e-02 1.0002934856967465e+00 6.3409978136659134e-02 3.9304786977604139e-01 4.0515281206494805e+01 25
1 0 1 1 2.6315729994074298e-02 1.9158350953199791e-02 1.0002945211921159e+00 6.3393869114301005e-02 3.9401905414984290e-01 4.0565281202195145e+01 25
1 0 1 1 2.6296508961373897e-02 1.9147051733740667e-02 1.0002955370490116e+00 6.3377892057451202e-02 3.9498968446136984e-01 4.0615281197945762e+01 25
1 0 1 1 2.6277356160037610e-02 1.9135796698522962e-02 1.0002965331177045e+00 6.3362046589889975e-02 3.9595975851904497e-01 4.0665281193645598e+01 25
1 0 1 1 2.6258270408200734e-02 1.9124585826530087e-02 1.0002975092543100e+00 6.3346332334003219e-02 3.9692927417061108e-01 4.0715281189376014e+01 25
1 0 1 1 2.6239243316237441e-02 1.9113419095611733e-02 1.0002984653208227e+00 6.3330748910887302e-02 3.9789822929604651e-01 4.0765281185044763e+01 25
1 0 1 1 2.6220284599912842e-02 1.9102296482419758e-02 1.0002994011851596e+00 6.3315295940257255e-02 3.9886662181523835e-01 4.0815281180786442e+01 26
1 0 1 1 2.6201394275651688e-02 1.9091217962515381e-02 1.0003003167211850e+00 6.3299973040593316e-02 3.9983444967819282e-01 4.0865281176466084e+01 26
1 0 1 1 2.6182572357197429e-02 1.9080183510275774e-02 1.0003012118087489e+00 6.3284779829007515e-02 4.0080171087441191e-01 4.0915281172169379e+01 26
1 0 1 1 2.6163818855756506e-02 1.9069193098975038e-02 1.0003020863337073e+00 6.3269715921356606e-02 4.0176840342661319e-01 4.0965281167886417e+01 26
1 0 1 1 2.6145133779992287e-02 1.9058246700775713e-02 1.0003029401879462e+00 6.3254780932224641e-02 4.0273452539158233e-01 4.1015281163563522e+01 26
1 0 1 1 2.6126517135988705e-02 1.9047344286705018e-02 1.0003037732694025e+00 6.3239974474892935e-02 4.0370007486350312e-01 4.1065281159283799e+01 26
1 0 1 1 2.6107968927371664e-02 1.9036485826723352e-02 1.0003045854820749e+00 6.3225296161429578e-02 4.0466504996871289e-01 4.1115281155003281e+01 26
1 0 1 1 2.6089489155267001e-02 1.9025671289693111e-02 1.0003053767360388e+00 6.3210745602649138e-02 4.0562944886846614e-01 4.1165281150704423e+01 26
1 0 1 1 2.6071077818315597e-02 1.9014900643386259e-02 1.0003061469474537e+00 6.3196322408121064e-02 4.0659326975959414e-01 4.1215281146438180e+01 26
1 0 1 1 2.6052734912750324e-02 1.9004173854525418e-02 1.0003068960385655e+00 6.3182026186224760e-02 4.0755651087138245e-01 4.1265281142171439e+01 26
1 0 1 1 2.6034460432372758e-02 1.8993490888764765e-02 1.0003076239377098e+00 6.3167856544126100e-02 4.0851917046758546e-01 4.1315281137902268e+01 26
1 0 1 1 2.6016254368579409e-02 1.8982851710704480e-02 1.0003083305793079e+00 6.3153813087795996e-02 4.0948124684650516e-01 4.1365281133672511e+01 26
1 0 1 1 2.5998116710429949e-02 1.8972256283926354e-02 1.0003090159038606e+00 6.3139895422056280e-02 4.1044273833815770e-01 4.1415281129430724e+01 26
1 0 1 1 2.5980047444600512e-02 1.8961704570960112e-02 1.0003096798579383e+00 6.3126103150546009e-02 4.1140364330778523e-01 4.1465281125227662e+01 26
1 0 1 1 2.5962046555483079e-02 1.8951196533342447e-02 1.0003103223941685e+00 6.3112435875785522e-02 4.1236396015173321e-01 4.1515281121008329e+01 26
1 0 1 1 2.5944114025126044e-02 1.8940732131573778e-02 1.0003109434712194e+00 6.3098893199137862e-02 4.1332368730145391e-01 4.1565281116835948e+01 26
1 0 1 1 2.5926249833341637e-02 1.8930311325181103e-02 1.0003115430537786e+00 6.3085474720881662e-02 4.1428282321902843e-01 4.1615281112666572e+01 26
1 0 1 1 2.5908453957662354e-02 1.8919934072688490e-02 1.0003121211125321e+00 6.3072180040180781e-02 4.1524136640063630e-01 4.1665281108542381e+01 26
1 0 1 1 2.5890726373426674e-02 1.8909600331661336e-02 1.0003126776241353e+00 6.3059008755140949e-02 4.1619931537253302e-01 4.1715281104394165e+01 26
1 0 1 1 2.5873067053712697e-02 1.8899310058666310e-02 1.0003132125711873e+00 6.3045960462765449e-02 4.1715666869620288e-01 4.1765281100321708e+01 26
1 0 1 1 2.5855475969478278e-02 1.8889063209347433e-02 1.0003137259421928e+00 6.3033034759055917e-02 4.1811342496151077e-01 4.1815281096249478e+01 26
1 0 1 1 2.5837953089490988e-02 1.8878859738383987e-02 1.0003142177315310e+00 6.3020231238956198e-02 4.1906958279160844e-01 4.1865281092193356e+01 26
1 0 1 1 2.5820498380376845e-02 1.8868699599513858e-02 1.0003146879394151e+00 6.3007549496394477e-02 4.2002514084152748e-01 4.1915281088201695e+01 26
1 0 1 1 2.5803111806691897e-02 1.8858582745571395e-02 1.0003151365718495e+00 6.2994989124329659e-02 4.2098009779501749e-01 4.1965281084202211e+01 26
1 0 1 1 2.5785793330855133e-02 1.8848509128446829e-02 1.0003155636405865e+00 6.2982549714709957e-02 4.2193445236974442e-01 4.2015281080286918e+01 26
1 0 1 1 2.5768542799965457e-02 1.8838478025162142e-02 1.0003159696565762e+00 6.2970230858567677e-02 4.2288820835430430e-01 4.2065281287490144e+01 26
1 0 1 1 2.5751359423212248e-02 1.8828483766302452e-02 1.0003163588542705e+00 6.2958032301751732e-02 4.2384139562747863e-01 4.2115282881893741e+01 26
1 0 1 1 2.5734245904673058e-02 1.8818533734334737e-02 1.0003167264989472e+00 6.2945954800737614e-02 4.2479387203899172e-01 4.2165278977070038e+01 26
1 0 1 1 2.5717198265694956e-02 1.8808625590726501e-02 1.0003170727077380e+00 6.2933995169338314e-02 4.2574585537177984e-01 4.2215281066268226e+01 26
1 0 1 1 2.5700219223871976e-02 1.8798760890302257e-02 1.0003173974605732e+00 6.2922154943349295e-02 4.2669719045121951e-01 4.2265281062508905e+01 26
1 0 1 1 2.5683308014739500e-02 1.8788939163879945e-02 1.0003177008162729e+00 6.2910433206371019e-02 4.2764791603068752e-01 4.2315281058775973e+01 26
1 0 1 1 2.5666464586903342e-02 1.8779160357065700e-02 1.0003179828240958e+00 6.2898829544247914e-02 4.2859803103258820e-01 4.2365281055112838e+01 26
1 0 1 1 2.5649688887102912e-02 1.8769424414649030e-02 1.0003182435386135e+00 6.2887343542013585e-02 4.2954753440631244e-01 4.2415281051474565e+01 26
1 0 1 1 2.5632980860186401e-02 1.8759731280584901e-02 1.0003184830196472e+00 6.2875974783873634e-02 4.3049642513061132e-01 4.2465281047867201e+01 27
1 0 1 1 2.5616340449130900e-02 1.8750080898004201e-02 1.0003187013321932e+00 6.2864722853234467e-02 4.3144470221405357e-01 4.2515281044387372e+01 27
1 0 1 1 2.5599767595174436e-02 1.8740473209284611e-02 1.0003188985463554e+00 6.2853587332782124e-02 4.3239236468799169e-01 4.2565281040865742e+01 27
1 0 1 1 2.5583262237648070e-02 1.8730908155951173e-02 1.0003190747372701e+00 6.2842567804382798e-02 4.3333941161754191e-01 4.2615281037462225e+01 27
1 0 1 1 2.5566824314189860e-02 1.8721385678797390e-02 1.0003192299850303e+00 6.2831663849226171e-02 4.3428584209041987e-01 4.2665281034091173e+01 27
1 0 1 1 2.5550453760642213e-02 1.8711905717820956e-02 1.0003193643746084e+00 6.2820875047766234e-02 4.3523165522382601e-01 4.2715281030802352e+01 27
1 0 1 1 2.5534150511157625e-02 1.8702468212282271e-02 1.0003194779957778e+00 6.2810200979787151e-02 4.3617685015921182e-01 4.2765281027518192e+01 27
1 0 1 1 2.5517914498123202e-02 1.8693073100658597e-02 1.0003195709430308e+00 6.2799641224367320e-02 4.3712142606812437e-01 4.2815281024359216e+01 27
1 0 1 1 2.5501745652309046e-02 1.8683720320726217e-02 1.0003196433154964e+00 6.2789195359980898e-02 4.3806538214461382e-01 4.2865281021258461e+01 27
1 0 1 1 2.5485643902817698e-02 1.8674409809526588e-02 1.0003196952168565e+00 6.2778862964462390e-02 4.3900871760880505e-01 4.2915281018166084e+01 27
1 0 1 1 2.5469609177060891e-02 1.8665141503350437e-02 1.0003197267552602e+00 6.2768643615009001e-02 4.3995143170977880e-01 4.2965281015219638e+01 27
1 0 1 1 2.5453641400927818e-02 1.8655915337834120e-02 1.0003197380432365e+00 6.2758536888283867e-02 4.4089352371665691e-01 4.3015281012284305e+01 27
1 0 1 1 2.5437740498643932e-02 1.8646731247871005e-02 1.0003197291976056e+00 6.2748542360340831e-02 4.4183499292793182e-01 4.3065281009467924e+01 27
1 0 1 1 2.5421906392930800e-02 1.8637589167703385e-02 1.0003197003393911e+00 6.2738659606725700e-02 4.4277583866303660e-01 4.3115281006687241e+01 27
1 0 1 1 2.5406139004920850e-02 1.8628489030869749e-02 1.0003196515937272e+00 6.2728888202433830e-02 4.4371606026870530e-01 4.3165281004022788e+01 27
1 0 1 1 2.5390438254282104e-02 1.8619430770272331e-02 1.0003195830897689e+00 6.2719227721987125e-02 4.4465565711210792e-01 4.3215281001370535e+01 27
1 0 1 1 2.5374804059104927e-02 1.8610414318110682e-02 1.0003194949605967e+00 6.2709677739385516e-02 4.4559462858939614e-01 4.3265280998913632e+01 27
1 0 1 1 2.5359236336135196e-02 1.8601439606011943e-02 1.0003193873431271e+00 6.2700237828240329e-02 4.4653297411217235e-01 4.3315280996416888e+01 27
1 0 1 1 2.5343735000529992e-02 1.8592506564886660e-02 1.0003192603780133e+00 6.2690907561646636e-02 4.4747069312351295e-01 4.3365280994099258e+01 27
1 0 1 1 2.5328299966136749e-02 1.8583615125088278e-02 1.0003191142095542e+00 6.2681686512349455e-02 4.4840778508217133e-01 4.3415280991805645e+01 27
1 0 1 1 2.5312921439593516e-02 1.8574765216307888e-02 1.0003189489855961e+00 6.2672574252653268e-02 4.4934424947404417e-01 4.3465280989637549e+01 27
1 0 1 1 2.5297609022658592e-02 1.8565956767657911e-02 1.0003187648574376e+00 6.2663570354515974e-02 4.5028008580451995e-01 4.3515280987559706e+01 27
1 0 1 1 2.5282362711175673e-02 1.8557189707649330e-02 1.0003185619797315e+00 6.2654674389537451e-02 4.5121529360103324e-01 4.3565280985554537e+01 27
1 0 1 1 2.5267182412995460e-02 1.8548463964195881e-02 1.0003183405103879e+00 6.2645885928976852e-02 4.5214987241419413e-01 4.3615280983697765e+01 27
1 0 1 1 2.5252068034718057e-02 1.8539779464670270e-02 1.0003181006104789e+00 6.2637204543812219e-02 4.5308382181139917e-01 4.3665280981833874e+01 27
1 0 1 1 2.5237019481536050e-02 1.8531136135814388e-02 1.0003178424441352e+00 6.2628629804674929e-02 4.5401714138849875e-01 4.3715280980217230e+01 27
1 0 1 1 2.5222036657527085e-02 1.8522533903901781e-02 1.0003175661784549e+00 6.2620161282010811e-02 4.5494983075183254e-01 4.3765280978566729e+01 27
1 0 1 1 2.5207119465365791e-02 1.8513972694570811e-02 1.0003172719833977e+00 6.2611798545936626e-02 4.5588188953776049e-01 4.3815280977129284e+01 28
1 0 1 1 2.5192267806623963e-02 1.8505452432994719e-02 1.0003169600316937e+00 6.2603541166410842e-02 4.5681331739472208e-01 4.3865280975733292e+01 28
1 0 1 1 2.5177481581589695e-02 1.8496973043774463e-02 1.0003166304987394e+00 6.2595388713143407e-02 4.5774411399553461e-01 4.3915280974465581e+01 28
1 0 1 1 2.5162760689394416e-02 1.8488534451009470e-02 1.0003162835625028e+00 6.2587340755676624e-02 4.5867427903062918e-01 4.3965280973324568e+01 28
1 0 1 1 2.5148105028011063e-02 1.8480136578291992e-02 1.0003159194034235e+00 6.2579396863392367e-02 4.5960381220886937e-01 4.4015280972282042e+01 28
1 0 1 1 2.5133514494253002e-02 1.8471779348706949e-02 1.0003155382043156e+00 6.2571556605520773e-02 4.6053271325896694e-01 4.4065280971373213e+01 28
1 0 1 1 2.5118988983828399e-02 1.8463462684859093e-02 1.0003151401502699e+00 6.2563819551178568e-02 4.6146098192684887e-01 4.4115280970572449e+01 28
1 0 1 1 2.5104528391329352e-02 1.8455186508862263e-02 1.0003147254285556e+00 6.2556185269373343e-02 4.6238861797717717e-01 4.4165280969892905e+01 28
1 0 1 1 2.5090132610266117e-02 1.8446950742361082e-02 1.0003142942285248e+00 6.2548653329031256e-02 4.6331562119264669e-01 4.4215280969361331e+01 28
1 0 1 1 2.5075801533103823e-02 1.8438755306544749e-02 1.0003138467415145e+00 6.2541223299025950e-02 4.6424199137209227e-01 4.4265280968935706e+01 28
1 0 1 1 2.5061535051248755e-02 1.8430600122139287e-02 1.0003133831607520e+00 6.2533894748178082e-02 4.6516772833255338e-01 4.4315280968630198e+01 28
1 0 1 1 2.5047333055070155e-02 1.8422485109417974e-02 1.0003129036812568e+00 6.2526667245283829e-02 4.6609283190904877e-01 4.4365280968519990e+01 28
1 0 1 1 2.5033195433996014e-02 1.8414410188251417e-02 1.0003124084997512e+00 6.2519540359162684e-02 4.6701730194883218e-01 4.4415280968446496e+01 28
1 0 1 1 2.5019122076370852e-02 1.8406375278027128e-02 1.0003118978145575e+00 6.2512513658605606e-02 4.6794113832220036e-01 4.4465280968616788e+01 28
1 0 1 1 2.5005112869673853e-02 1.8398380297768295e-02 1.0003113718255130e+00 6.2505586712490763e-02 4.6886434090879958e-01 4.4515280968880546e+01 28
1 0 1 1 2.4991167700391462e-02 1.8390425166061986e-02 1.0003108307338733e+00 6.2498759089723077e-02 4.6978690960691882e-01 4.4565280969244839e+01 28
1 0 1 1 2.4977286454042895e-02 1.8382509801069223e-02 1.0003102747422175e+00 6.2492030359270534e-02 4.7070884433311844e-01 4.4615280969873602e+01 28
1 0 1 1 2.4963469015353248e-02 1.8374634120621978e-02 1.0003097040543660e+00 6.2485400090241561e-02 4.7163014501109529e-01 4.4665280970496170e+01 28
1 0 1 1 2.4949715267990009e-02 1.8366798042072214e-02 1.0003091188752771e+00 6.2478867851787301e-02 4.7255081159097895e-01 4.4715280971471003e+01 28
1 0 1 1 2.4936025094947675e-02 1.8359001482506954e-02 1.0003085194109740e+00 6.2472433213277029e-02 4.7347084402373557e-01 4.4765280972410231e+01 28
1 0 1 1 2.4922397876315359e-02 1.8351242215950005e-02 1.0003079073151711e+00 6.2466095744141942e-02 4.7439027136678413e-01 4.4815282389594678e+01 28
1 0 1 1 2.4908834095898010e-02 1.8343518459182299e-02 1.0003072844250438e+00 6.2459855551061289e-02 4.7530904772928639e-01 4.4865282547207414e+01 28
1 0 1 1 2.4895334849683839e-02 1.8335834757999880e-02 1.0003066478834690e+00 6.2453712259455008e-02 4.7622710045606398e-01 4.4915277837989734e+01 28
1 0 1 1 2.4881896588696866e-02 1.8328189076540338e-02 1.0003059977363344e+00 6.2447663885190713e-02 4.7714466305671172e-01 4.4965280980782019e+01 29
1 0 1 1 2.4868522154978968e-02 1.8320583016228048e-02 1.0003053343343602e+00 6.2441711341851586e-02 4.7806153374706772e-01 4.5015280982680956e+01 29
1 0 1 1 2.4855210580459714e-02 1.8313016010262105e-02 1.0003046578473913e+00 6.2435853817070563e-02 4.7897777022231813e-01 4.5065280984590629e+01 29
1 0 1 1 2.4841961742309220e-02 1.8305487972951041e-02 1.0003039684861665e+00 6.2430090881630512e-02 4.7989337254193409e-01 4.5115280986913255e+01 29
1 0 1 1 2.4828775517176407e-02 1.8297998818409846e-02 1.0003032664618412e+00 6.2424422106670124e-02 4.8080834076254747e-01 4.5165280989212995e+01 29
1 0 1 1 2.4815651780785871e-02 1.8290548460329716e-02 1.0003025519858839e+00 6.2418847063528293e-02 4.8172267496715482e-01 4.5215280991825331e+01 29
1 0 1 1 2.4802590408273907e-02 1.8283136812167519e-02 1.0003018252700144e+00 6.2413365323900766e-02 4.8263637524275099e-01 4.5265280994649117e+01 29
1 0 1 1 2.4789591274083055e-02 1.8275763787082594e-02 1.0003010865261233e+00 6.2407976459795955e-02 4.8354944168812886e-01 4.5315280997585482e+01 29
1 0 1 1 2.4776654251922981e-02 1.8268429297915095e-02 1.0003003359661902e+00 6.2402680043531361e-02 4.8446187441766947e-01 4.5365281000757967e+01 29
1 0 1 1 2.4763779214868657e-02 1.8261133257236373e-02 1.0002995738022156e+00 6.2397475647789746e-02 4.8537367355527339e-01 4.5415281004197013e+01 29
1 0 1 1 2.4750966035391366e-02 1.8253875577369398e-02 1.0002988002461486e+00 6.2392362845632737e-02 4.8628483923306309e-01 4.5465281007776568e+01 29
1 0 1 1 2.4738214585263051e-02 1.8246656170329112e-02 1.0002980155098087e+00 6.2387341210478675e-02 4.8719537159888587e-01 4.5515281011642735e+01 29
1 0 1 1 2.4725524735708104e-02 1.8239474947908840e-02 1.0002972198048237e+00 6.2382410316166953e-02 4.8810527080628496e-01 4.5565281015673598e+01 29
1 0 1 1 2.4712896357286667e-02 1.8232331821611193e-02 1.0002964133425527e+00 6.2377569736926708e-02 4.8901453702374947e-01 4.5615281020001483e+01 29
1 0 1 1 2.4700329320027331e-02 1.8225226702723155e-02 1.0002955963340265e+00 6.2372819047435718e-02 4.8992317042609013e-01 4.5665281024549955e+01 29
1 0 1 1 2.4687823493369451e-02 1.8218159502280527e-02 1.0002947689898771e+00 6.2368157822804582e-02 4.9083117119906272e-01 4.5715281029300662e+01 29
1 0 1 1 2.4675378746169818e-02 1.8211130131071118e-02 1.0002939315202721e+00 6.2363585638590624e-02 4.9173853953989216e-01 4.5765281034334016e+01 29
1 0 1 1 2.4662994946770659e-02 1.8204138499669897e-02 1.0002930841348563e+00 6.2359102070830952e-02 4.9264527565291000e-01 4.5815281039602006e+01 29
1 0 1 1 2.4650671962939130e-02 1.8197184518406087e-02 1.0002922270426826e+00 6.2354706696037016e-02 4.9355137975518742e-01 4.5865281045249262e+01 29
1 0 1 1 2.4638409662020536e-02 1.8190268097446081e-02 1.0002913604521648e+00 6.2350399091247510e-02 4.9445685206559103e-01 4.5915281051020685e+01 30
1 0 1 1 2.4626207910733430e-02 1.8183389146677536e-02 1.0002904845710010e+00 6.2346178833970561e-02 4.9536169282079245e-01 4.5965281057156538e+01 30
1 0 1 1 2.4614066575386374e-02 1.8176547575829285e-02 1.0002895996061318e+00 6.2342045502267296e-02 4.9626590225995920e-01 4.6015281063559009e+01 30
1 0 1 1 2.4601985521782374e-02 1.8169743294416129e-02 1.0002887057636773e+00 6.2337998674724393e-02 4.9716948063244965e-01 4.6065281070227442e+01 30
1 0 1 1 2.4589964615211516e-02 1.8162976211735384e-02 1.0002878032488796e+00 6.2334037930471820e-02 4.9807242819965758e-01 4.6115281077371819e+01 30
1 0 1 1 2.4578003720645090e-02 1.8156246236972134e-02 1.0002868922660646e+00 6.2330162849241144e-02 4.9897474522044466e-01 4.6165281084616602e+01 30
1 0 1 1 2.4566102702445983e-02 1.8149553279035353e-02 1.0002859730185689e+00 6.2326373011283742e-02 4.9987643197380538e-01 4.6215281092266977e+01 30
1 0 1 1 2.4554254416859905e-02 1.8142897246694177e-02 1.0002850457087047e+00 6.2322667997465525e-02 5.0077748874214245e-01 4.6265281100391768e+01 30
1 0 1 1 2.4542464253203798e-02 1.8136278048591973e-02 1.0002841105377149e+00 6.2319047389273213e-02 5.0167791580850729e-01 4.6315281108681049e+01 30
1 0 1 1 2.4530733616858414e-02 1.8129695593127052e-02 1.0002831677057085e+00 6.2315510768760657e-02 5.0257771347406255e-01 4.6365281117424047e+01 30
1 0 1 1 2.4519062370203928e-02 1.8123149788582239e-02 1.0002822174116319e+00 6.2312057718630770e-02 5.0347688204059993e-01 4.6415281126550347e+01 30
1 0 1 1 2.4507450375204250e-02 1.8116640543067223e-02 1.0002812598532156e+00 6.2308687822214326e-02 5.0437542181968364e-01 4.6465281136145073e+01 30
1 0 1 1 2.4495897493527194e-02 1.8110167764581755e-02 1.0002802952269414e+00 6.2305400663501459e-02 5.0527333312325162e-01 4.6515281145936690e+01 30
1 0 1 1 2.4484403586316272e-02 1.8103731360888508e-02 1.0002793237279810e+00 6.2302195827095480e-02 5.0617061628250426e-01 4.6565281156357955e+01 28
1 0 1 1 2.4483273631874063e-02 1.8103098785390962e-02 1.0002792275865857e+00 6.2301884316116343e-02 5.0625904218591977e-01 4.6570210476879538e+01 25
1 0 1 1 2.4482141359671014e-02 1.8102464944977931e-02 1.0002791311341792e+00 6.2301572806694766e-02 5.0634768825472443e-01 4.6575152412014205e+01 34
1 0 1 1 2.4482028004596895e-02 1.8102401491164075e-02 1.0002791214717750e+00 6.2301541655908364e-02 5.0635656501118420e-01 4.6575647301688484e+01 42
1 0 1 1 2.4481914626155024e-02 1.8102338024597400e-02 1.0002791118062369e+00 6.2301510505137533e-02 5.0636544398746275e-01 4.6576142318550382e+01 44
