beta   |   likelihood  |
0.0 1.8796987856072888e-18
6.0 1.8796987856072888e-18
11.0 1.8796987856072888e-18
16.0 1.932007797844479e-18
21.0 1.950662760621265e-18
26.0 1.9567022658458542e-18
31.0 1.9737935238620882e-18
36.0 1.987061507349829e-18
41.0 1.9638348837991098e-18
46.0 1.9727637492627143e-18
51.0 1.9802993700270258e-18
56.0 1.9868117636548427e-18
61.0 1.9922709075624282e-18
66.0 1.9973883750646684e-18
71.0 1.9681759325433163e-18
76.0 1.9724024481230023e-18
81.0 1.9760407800113225e-18
86.0 1.9792959676818748e-18
91.0 1.982464801260918e-18
96.0 1.985408308471798e-18
101.0 1.9882230940312784e-18
106.0 1.9907075533263635e-18
