isScalarized | massIncreased | isMonotoneInside | isMonotoneOutside | mass_Baryon | mass_ADM | AST(radius) | radius  |  phi_c | rho_c | ctr |
1 0 1 1 3.1560686045065886e-02 2.4131411868829430e-02 1.0000000000000038e+00 8.6550299999999802e-02 9.5485002013990367e-04 1.6960240589450741e+01 37
1 1 1 1 3.1560988438037382e-02 2.4131544809389498e-02 1.0000000000000038e+00 8.6549924999999805e-02 9.5914996312887913e-04 1.6960531552828026e+01 42
1 1 1 1 3.1561290808622564e-02 2.4131677735119556e-02 1.0000000000000038e+00 8.6549549999999809e-02 9.6343204069687064e-04 1.6960822525315489e+01 39
1 1 1 1 3.1561593156823622e-02 2.4131810646020990e-02 1.0000000000000038e+00 8.6549174999999812e-02 9.6769649113338622e-04 1.6961113506890470e+01 40
1 1 0 0 3.1561895482641607e-02 2.4131943542095292e-02 1.0000000000000040e+00 8.6548799999999815e-02 9.7194354756512222e-04 1.6961404497529596e+01 40
1 1 1 1 3.1613395824630665e-02 2.4154508754998985e-02 1.0000000000000118e+00 8.6484511499293149e-02 1.5480615645181693e-03 1.7011407439118386e+01 29
1 1 1 1 3.1664081346125250e-02 2.4176572900399707e-02 1.0000000000000224e+00 8.6420434590550710e-02 1.9819372400975716e-03 1.7061421991352077e+01 38
1 1 1 1 3.1714024759973557e-02 2.4198171447460094e-02 1.0000000000000366e+00 8.6356494304959175e-02 2.3556035094046183e-03 1.7111444991304449e+01 38
1 1 1 1 3.1763267313392865e-02 2.4219325550405551e-02 1.0000000000000551e+00 8.6292651667286502e-02 2.6957204841104422e-03 1.7161464890135129e+01 36
1 1 1 1 3.1811822551604481e-02 2.4240052822669944e-02 1.0000000000000786e+00 8.6228874330742500e-02 3.0149352281532318e-03 1.7211476969147519e+01 38
1 1 1 1 3.1859654467465859e-02 2.4260369922225335e-02 1.0000000000001084e+00 8.6165129377766936e-02 3.3204353556627202e-03 1.7261484767046152e+01 38
1 1 1 1 3.1906875728246763e-02 2.4280289641752894e-02 1.0000000000001454e+00 8.6101392908278451e-02 3.6167351222197346e-03 1.7311490052363276e+01 38
1 1 1 1 3.1953505275590495e-02 2.4299822218713032e-02 1.0000000000001910e+00 8.6037646820625757e-02 3.9068845474343411e-03 1.7361493780122654e+01 38
1 1 1 1 3.1999558238161453e-02 2.4318976090181434e-02 1.0000000000002465e+00 8.5973877002569532e-02 4.1930563832193440e-03 1.7411496498492546e+01 38
1 1 1 1 3.2045046949548246e-02 2.4337758366309501e-02 1.0000000000003137e+00 8.5910072223804756e-02 4.4768617182476510e-03 1.7461498538130190e+01 38
1 1 1 1 3.2089987813610166e-02 2.4356138761417206e-02 1.0000000000003950e+00 8.5846223414955014e-02 4.7595699923408405e-03 1.7511506652197241e+01 38
1 1 1 1 3.2134370209858272e-02 2.4374125283754773e-02 1.0000000000004918e+00 8.5782348247512352e-02 5.0420268804210171e-03 1.7561499601033677e+01 38
1 1 1 1 3.2178219193177669e-02 2.4391757822996196e-02 1.0000000000006073e+00 8.5718408890110342e-02 5.3251191919524814e-03 1.7611497643557676e+01 38
1 1 1 1 3.2221542747939473e-02 2.4409041227389076e-02 1.0000000000007438e+00 8.5654397379889391e-02 5.6094883430318297e-03 1.7661503130409152e+01 38
1 1 1 1 3.2264335480511448e-02 2.4425974972999021e-02 1.0000000000009048e+00 8.5590325331379113e-02 5.8955816006844783e-03 1.7711503796372476e+01 38
1 1 1 1 3.2306606070101079e-02 2.4442564109447163e-02 1.0000000000010938e+00 8.5526183350446705e-02 6.1838556439636691e-03 1.7761504354241929e+01 38
1 1 1 1 3.2348300798915486e-02 2.4458811763324911e-02 1.0000000000013147e+00 8.5461968650749010e-02 6.4746712002821047e-03 1.7811504826715755e+01 38
1 1 1 1 3.2389439458525196e-02 2.4474720819473810e-02 1.0000000000015721e+00 8.5397678973044011e-02 6.7683327793382313e-03 1.7861505230569282e+01 38
1 1 1 1 3.2430065758034872e-02 2.4490293959509003e-02 1.0000000000018709e+00 8.5333312511435666e-02 7.0650987421510807e-03 1.7911505578433811e+01 38
1 1 1 1 3.2470182441496166e-02 2.4505533693860097e-02 1.0000000000022167e+00 8.5268867852682284e-02 7.3651891386254525e-03 1.7961505879940063e+01 38
1 1 1 1 3.2509791954014648e-02 2.4520442388698667e-02 1.0000000000026157e+00 8.5204343925394499e-02 7.6687919121581766e-03 1.8011506142589830e+01 38
1 1 1 1 3.2548896489011984e-02 2.4535022288650777e-02 1.0000000000030751e+00 8.5139739957179328e-02 7.9760678847164077e-03 1.8061506372268070e+01 38
1 1 1 1 3.2587499588188358e-02 2.4549264242836318e-02 1.0000000000036025e+00 8.5075055437864755e-02 8.2871667224538315e-03 1.8111508475387861e+01 38
1 1 1 1 3.2625603335534423e-02 2.4563134517856532e-02 1.0000000000042064e+00 8.5010297469597096e-02 8.6022072579090662e-03 1.8161512508696216e+01 38
1 1 1 1 3.2663194628140386e-02 2.4576677212426505e-02 1.0000000000048963e+00 8.4945480963638298e-02 8.9211682238459107e-03 1.8211499343165929e+01 38
1 1 1 1 3.2700303568041315e-02 2.4589904542537105e-02 1.0000000000056828e+00 8.4880556660715589e-02 9.2443794341710260e-03 1.8261507040848791e+01 38
1 1 1 1 3.2736910286881409e-02 2.4602810748058247e-02 1.0000000000065774e+00 8.4815561712747123e-02 9.5717325885664797e-03 1.8311507162361206e+01 38
1 1 1 1 3.2773021787687255e-02 2.4615399703301684e-02 1.0000000000075926e+00 8.4750486709682105e-02 9.9033391590847251e-03 1.8361507269764147e+01 38
1 1 1 1 3.2808639361223586e-02 2.4627673225483294e-02 1.0000000000087428e+00 8.4685332174726458e-02 1.0239252544492828e-02 1.8411507364774401e+01 38
1 1 1 1 3.2843734019432892e-02 2.4639633104990580e-02 1.0000000000100435e+00 8.4620098741169159e-02 1.0579517844826407e-02 1.8461507448902818e+01 38
1 1 1 1 3.2878279247887207e-02 2.4651281110794888e-02 1.0000000000115112e+00 8.4554787139997589e-02 1.0924172914060315e-02 1.8511507523477793e+01 38
1 1 1 1 3.2912333638865775e-02 2.4662618995026152e-02 1.0000000000131650e+00 8.4489398189012022e-02 1.1273249266738445e-02 1.8561507589656959e+01 38
1 1 1 1 3.2945898369919548e-02 2.4673648496862169e-02 1.0000000000150253e+00 8.4423932783221523e-02 1.1626772860603414e-02 1.8611507648466421e+01 38
1 1 1 1 3.2978974606484843e-02 2.4684371345792676e-02 1.0000000000171141e+00 8.4358391886440620e-02 1.1984764772890219e-02 1.8661507700799476e+01 38
1 1 1 1 3.3011563508294275e-02 2.4694789264384499e-02 1.0000000000194562e+00 8.4292776523862634e-02 1.2347241786098809e-02 1.8711507747457073e+01 38
1 1 1 1 3.3043666234776205e-02 2.4704903970573133e-02 1.0000000000220783e+00 8.4227087775599452e-02 1.2714216895363060e-02 1.8761507789120490e+01 38
1 1 1 1 3.3075283949689151e-02 2.4714717179597685e-02 1.0000000000250093e+00 8.4161326770909262e-02 1.3085699749447108e-02 1.8811507826403627e+01 38
1 1 1 1 3.3106423021066145e-02 2.4724181253421615e-02 1.0000000000282836e+00 8.4095494683199434e-02 1.3461755660970413e-02 1.8861515609529402e+01 38
1 1 1 1 3.3137065262327917e-02 2.4733341935468396e-02 1.0000000000319320e+00 8.4029623337096904e-02 1.3842154977378623e-02 1.8911500336370537e+01 38
1 1 1 1 3.3167239925527357e-02 2.4742210255412966e-02 1.0000000000359959e+00 8.3963653482809597e-02 1.4227247676547379e-02 1.8961507775122932e+01 38
1 1 1 1 3.3196929906529442e-02 2.4750782489318710e-02 1.0000000000405138e+00 8.3897625927814468e-02 1.4616804551594653e-02 1.9011507937703225e+01 38
1 1 1 1 3.3226140781717588e-02 2.4759061660454006e-02 1.0000000000455309e+00 8.3831532572255174e-02 1.5010877958899337e-02 1.9061507959810811e+01 38
1 1 1 1 3.3254873886502091e-02 2.4767049530574951e-02 1.0000000000510956e+00 8.3765374568118167e-02 1.5409465069567599e-02 1.9111507979854512e+01 38
1 1 1 1 3.3283130495106922e-02 2.4774747841155489e-02 1.0000000000572604e+00 8.3699153273896598e-02 1.5812560488168738e-02 1.9161507998067659e+01 38
1 1 1 1 3.3310911904330144e-02 2.4782158337800269e-02 1.0000000000640819e+00 8.3632870070119381e-02 1.6220157473459194e-02 1.9211508014644732e+01 38
1 1 1 1 3.3338143808477383e-02 2.4789282770504548e-02 1.0000000000716214e+00 8.3566526357406024e-02 1.6632248071559240e-02 1.9261508029762322e+01 38
1 1 1 1 3.3364902117754544e-02 2.4796122893813582e-02 1.0000000000799456e+00 8.3500123554756334e-02 1.7048823233546655e-02 1.9311508043574079e+01 38
1 1 1 1 3.3391189023540505e-02 2.4802680466932701e-02 1.0000000000891260e+00 8.3433663098003708e-02 1.7469872919685325e-02 1.9361508056204585e+01 38
1 1 1 1 3.3417005940878965e-02 2.4808957253773349e-02 1.0000000000992402e+00 8.3367146438383999e-02 1.7895386192288879e-02 1.9411508067773671e+01 38
1 1 1 1 3.3442354310043609e-02 2.4814955022960827e-02 1.0000000001103717e+00 8.3300575041287850e-02 1.8325351298137373e-02 1.9461508078382764e+01 38
1 1 1 1 3.3467235596712330e-02 2.4820675547786938e-02 1.0000000001226108e+00 8.3233950385102839e-02 1.8759755742098167e-02 1.9511508088108364e+01 38
1 1 1 1 3.3491651292087810e-02 2.4826120606147049e-02 1.0000000001360538e+00 8.3167273960113808e-02 1.9198586353388926e-02 1.9561508097040164e+01 38
1 1 1 1 3.3515602912898929e-02 2.4831291980430430e-02 1.0000000001508058e+00 8.3100547267589309e-02 1.9641829344343584e-02 1.9611508105238414e+01 38
1 1 1 1 3.3539092918956522e-02 2.4836179408428978e-02 1.0000000001669815e+00 8.3033771818850771e-02 2.0089486295064289e-02 1.9661509883550028e+01 38
1 1 1 1 3.3562121813205413e-02 2.4840765329181991e-02 1.0000000001847060e+00 8.2966956229800493e-02 2.0541519752813778e-02 1.9711510894564626e+01 38
1 1 1 1 3.3584687599311873e-02 2.4845082217388452e-02 1.0000000002041001e+00 8.2900106056795764e-02 2.0997845066422830e-02 1.9761503602976820e+01 38
1 1 1 1 3.3606800928807322e-02 2.4849133592162179e-02 1.0000000002253111e+00 8.2833195923978226e-02 2.1458630583808258e-02 1.9811508129727279e+01 38
1 1 1 1 3.3628456118167414e-02 2.4852919884778894e-02 1.0000000002484819e+00 8.2766249227364530e-02 2.1923710517762009e-02 1.9861508135032093e+01 38
1 1 1 1 3.3649656854484407e-02 2.4856443290320520e-02 1.0000000002737739e+00 8.2699261467652274e-02 2.2393109796074749e-02 1.9911508139875217e+01 38
1 1 1 1 3.3670404829181322e-02 2.4859705628686293e-02 1.0000000003013587e+00 8.2632234198885879e-02 2.2866811546752047e-02 1.9961508144275161e+01 38
1 1 1 1 3.3690701757674746e-02 2.4862708722695408e-02 1.0000000003314198e+00 8.2565168980443110e-02 2.3344798588555891e-02 2.0011508148267492e+01 38
1 1 1 1 3.3710549379019017e-02 2.4865454397848940e-02 1.0000000003641527e+00 8.2498067376561374e-02 2.3827053455131177e-02 2.0061508151871230e+01 38
1 1 1 1 3.3729949455564290e-02 2.4867944482111715e-02 1.0000000003997673e+00 8.2430930955821602e-02 2.4313558417529569e-02 2.0111508155104801e+01 38
1 1 1 1 3.3748862451276472e-02 2.4870180805677738e-02 1.0000000004384877e+00 8.2363761290677018e-02 2.4804295504813421e-02 2.0161508157995250e+01 38
1 1 1 1 3.3767309193764035e-02 2.4872165200735968e-02 1.0000000004805523e+00 8.2296559957041659e-02 2.5299246522627741e-02 2.0211508160550796e+01 38
1 1 1 1 3.3785313813811203e-02 2.4873899501236762e-02 1.0000000005262162e+00 8.2229328533827084e-02 2.5798393070857042e-02 2.0261508162794129e+01 38
1 1 1 1 3.3802878179479183e-02 2.4875385542654928e-02 1.0000000005757512e+00 8.2162068602573468e-02 2.6301716559342370e-02 2.0311508164736921e+01 38
1 1 1 1 3.3820004179962872e-02 2.4876625161755636e-02 1.0000000006294469e+00 8.2094781747047207e-02 2.6809198222734070e-02 2.0361508166391687e+01 38
1 1 1 1 3.3836693725165477e-02 2.4877620196355480e-02 1.0000000006876115e+00 8.2027469552871768e-02 2.7320819134093278e-02 2.0411508167770052e+01 38
1 1 1 1 3.3852948745279332e-02 2.4878372485090641e-02 1.0000000007505732e+00 8.1960133607170388e-02 2.7836560217555581e-02 2.0461508168888589e+01 38
1 1 1 1 3.3868771190344600e-02 2.4878883867182882e-02 1.0000000008186811e+00 8.1892775498245446e-02 2.8356402259822697e-02 2.0511508169750179e+01 38
1 1 1 1 3.3884163029821328e-02 2.4879156182205354e-02 1.0000000008923060e+00 8.1825396815218054e-02 2.8880325921257399e-02 2.0561508170368519e+01 38
1 1 1 1 3.3899126252150594e-02 2.4879191269857253e-02 1.0000000009718422e+00 8.1757999147733462e-02 2.9408311745810184e-02 2.0611508170753407e+01 38
1 0 1 1 3.3913662864309836e-02 2.4878990969733068e-02 1.0000000010577084e+00 8.1690584085654300e-02 2.9940340170366675e-02 2.0661508170907915e+01 38
1 0 1 1 3.3927776322432227e-02 2.4878525734015052e-02 1.0000000011504027e+00 8.1623153218744970e-02 3.0476438217793504e-02 2.0711512509044450e+01 38
1 0 1 1 3.3941463796670172e-02 2.4877825741715213e-02 1.0000000012503305e+00 8.1555725687354086e-02 3.1016403975297584e-02 2.0761504286289441e+01 37
1 0 1 1 3.3954733962511717e-02 2.4876895817108811e-02 1.0000000013580364e+00 8.1488269810156860e-02 3.1560478972733251e-02 2.0811507710741033e+01 37
1 0 1 1 3.3967584908660295e-02 2.4875738016710412e-02 1.0000000014740213e+00 8.1420806885585340e-02 3.2108485320115406e-02 2.0861508167831307e+01 37
1 0 1 1 3.3980019416121186e-02 2.4874354149070233e-02 1.0000000015988522e+00 8.1353335114122044e-02 3.2660430134816662e-02 2.0911508166975196e+01 37
1 0 1 1 3.3992039713349083e-02 2.4872746046255584e-02 1.0000000017331241e+00 8.1285855461894430e-02 3.3216298375430470e-02 2.0961508165942664e+01 37
1 0 1 1 3.4003647924687561e-02 2.4870915548139000e-02 1.0000000018774668e+00 8.1218369510994315e-02 3.3776069944732083e-02 2.1011508164716528e+01 37
1 0 1 1 3.4014846189521247e-02 2.4868864492631551e-02 1.0000000020325455e+00 8.1150878841573904e-02 3.4339724694983538e-02 2.1061508163328128e+01 37
1 0 1 1 3.4025636661809078e-02 2.4866594715483147e-02 1.0000000021990629e+00 8.1083385031734539e-02 3.4907242432018357e-02 2.1111508161758838e+01 37
1 0 1 1 3.4036021509683434e-02 2.4864108050092402e-02 1.0000000023777624e+00 8.1015889657189810e-02 3.5478602921122419e-02 2.1161508160028959e+01 37
1 0 1 1 3.4046002914998562e-02 2.4861406327307531e-02 1.0000000025694280e+00 8.0948394291128711e-02 3.6053785890923756e-02 2.1211508158134837e+01 37
1 0 1 1 3.4055583072918297e-02 2.4858491375244346e-02 1.0000000027748879e+00 8.0880900503956854e-02 3.6632771038160858e-02 2.1261508156086396e+01 37
1 0 1 1 3.4064732706988475e-02 2.4855365019097211e-02 1.0000000029950153e+00 8.0813409863120134e-02 3.7215538031511938e-02 2.1311508153883867e+01 37
1 0 1 1 3.4073467947767243e-02 2.4852029080960757e-02 1.0000000032307312e+00 8.0745923932883990e-02 3.7802066515614630e-02 2.1361508151530330e+01 37
1 0 1 1 3.4081808796950899e-02 2.4848485379653562e-02 1.0000000034830059e+00 8.0678444274138006e-02 3.8392336114807135e-02 2.1411508149038220e+01 37
1 0 1 1 3.4089757509508177e-02 2.4844735730543261e-02 1.0000000037528618e+00 8.0610972444238982e-02 3.8986326436203630e-02 2.1461508146395811e+01 37
1 0 1 1 3.4097316351433003e-02 2.4840781945373359e-02 1.0000000040413757e+00 8.0543509996760076e-02 3.9584017073670201e-02 2.1511508143625466e+01 37
1 0 1 1 3.4104487599328770e-02 2.4836625832108453e-02 1.0000000043496802e+00 8.0476058481395052e-02 4.0185387610108203e-02 2.1561508140713041e+01 37
1 0 1 1 3.4111273540014281e-02 2.4832269194759695e-02 1.0000000046789677e+00 8.0408619443699175e-02 4.0790417621201197e-02 2.1611508137673887e+01 37
1 0 1 1 3.4117676470122073e-02 2.4827713833232082e-02 1.0000000050304911e+00 8.0341194424979667e-02 4.1399086677669408e-02 2.1661508134506157e+01 37
1 0 1 1 3.4123698695712495e-02 2.4822961543171564e-02 1.0000000054055682e+00 8.0273784962097638e-02 4.2011374348256365e-02 2.1711508131216554e+01 37
1 0 1 1 3.4129342531880470e-02 2.4818014115812304e-02 1.0000000058055831e+00 8.0206392587325787e-02 4.2627260202042334e-02 2.1761508127801342e+01 37
1 0 1 1 3.4134610302372283e-02 2.4812873337823709e-02 1.0000000062319894e+00 8.0139018828161185e-02 4.3246723811179985e-02 2.1811508124271615e+01 36
1 0 1 1 3.4139504339207913e-02 2.4807540991176054e-02 1.0000000066863126e+00 8.0071665207207543e-02 4.3869744752856543e-02 2.1861508120624922e+01 36
1 0 1 1 3.4144026982305030e-02 2.4802018852993331e-02 1.0000000071701540e+00 8.0004333241997821e-02 4.4496302611748466e-02 2.1911508116865647e+01 36
1 0 1 1 3.4148180579110371e-02 2.4796308695420041e-02 1.0000000076851929e+00 7.9937024444859645e-02 4.5126376982045344e-02 2.1961508112998452e+01 36
1 0 1 1 3.4151967620700656e-02 2.4790403806169807e-02 1.0000000082332936e+00 7.9869740322778493e-02 4.5759961635011087e-02 2.2011509223845820e+01 36
1 0 1 1 3.4155390349747718e-02 2.4784298143511980e-02 1.0000000088163910e+00 7.9802486877481954e-02 4.6397007507602624e-02 2.2061509186142565e+01 36
1 0 1 1 3.4158450924543025e-02 2.4778010345783221e-02 1.0000000094362222e+00 7.9735265468559746e-02 4.7037466792382882e-02 2.2111505882065227e+01 36
1 0 1 1 3.4161152232369277e-02 2.4771541050960053e-02 1.0000000100949265e+00 7.9668065776699104e-02 4.7681431899023657e-02 2.2161508095775162e+01 36
1 0 1 1 3.4163496199424589e-02 2.4764892991293863e-02 1.0000000107945275e+00 7.9600899684670601e-02 4.8328783209298634e-02 2.2211508091409591e+01 36
1 0 1 1 3.4165485338580166e-02 2.4758067627234381e-02 1.0000000115372742e+00 7.9533765688381830e-02 4.8979528902502539e-02 2.2261508086956709e+01 36
1 0 1 1 3.4167122039982331e-02 2.4751066696237754e-02 1.0000000123254893e+00 7.9466665259136759e-02 4.9633648690788533e-02 2.2311508082402749e+01 36
1 0 1 1 3.4168408698505237e-02 2.4743891929685725e-02 1.0000000131616005e+00 7.9399599861978754e-02 5.0291122310086318e-02 2.2361508077765976e+01 36
1 0 1 1 3.4169347713422518e-02 2.4736545052793362e-02 1.0000000140481458e+00 7.9332570955650328e-02 5.0951929520784811e-02 2.2411508073039776e+01 36
1 0 1 1 3.4169941488075069e-02 2.4729027784494286e-02 1.0000000149877759e+00 7.9265579992434970e-02 5.1616050109501488e-02 2.2461508068223505e+01 36
1 0 1 1 3.4170192429554769e-02 2.4721341837341867e-02 1.0000000159832594e+00 7.9198628418047368e-02 5.2283463890511771e-02 2.2511508063331085e+01 36
1 0 1 1 3.4170102948389174e-02 2.4713488917420961e-02 1.0000000170374863e+00 7.9131717671574009e-02 5.2954150706537376e-02 2.2561508058355223e+01 36
1 0 1 1 3.4169675458224288e-02 2.4705470724247187e-02 1.0000000181534725e+00 7.9064849185327635e-02 5.3628090430326590e-02 2.2611508053294820e+01 36
1 0 1 1 3.4168912375519181e-02 2.4697288950669933e-02 1.0000000193343639e+00 7.8998024384745569e-02 5.4305262965958383e-02 2.2661508048165178e+01 36
1 0 1 1 3.4167816119244430e-02 2.4688945282799659e-02 1.0000000205834403e+00 7.8931244688344504e-02 5.4985648249391686e-02 2.2711508042954829e+01 36
1 0 1 1 3.4166389110582035e-02 2.4680441399909905e-02 1.0000000219041214e+00 7.8864511507566459e-02 5.5669226250186943e-02 2.2761508037672975e+01 36
1 0 1 1 3.4164633772629092e-02 2.4671778974356216e-02 1.0000000232999697e+00 7.8797826246728514e-02 5.6355976972184647e-02 2.2811508032322443e+01 36
1 0 1 1 3.4162552530110746e-02 2.4662959671504704e-02 1.0000000247746961e+00 7.8731190302932019e-02 5.7045880454460213e-02 2.2861508026895656e+01 36
1 0 1 1 3.4160119925419702e-02 2.4653985149642260e-02 1.0000000263321647e+00 7.8664605065942694e-02 5.7738916772751649e-02 2.2911508021408117e+01 36
1 0 1 1 3.4157362003103070e-02 2.4644857059911686e-02 1.0000000279763970e+00 7.8598071918166951e-02 5.8435066039743182e-02 2.2961508015850793e+01 36
1 0 1 1 3.4154285771112056e-02 2.4635577046237291e-02 1.0000000297115774e+00 7.8531592234520387e-02 5.9134308406546994e-02 2.3011508010231857e+01 35
1 0 1 1 3.4150893662437634e-02 2.4626146745253156e-02 1.0000000315420587e+00 7.8465167382386125e-02 5.9836624063140879e-02 2.3061508004545264e+01 35
1 0 1 1 3.4147188110151182e-02 2.4616567786236384e-02 1.0000000334723662e+00 7.8398798721504404e-02 6.0541993239696487e-02 2.3111507998805443e+01 35
1 0 1 1 3.4143171547139223e-02 2.4606841791048804e-02 1.0000000355072036e+00 7.8332487603955225e-02 6.1250396206742434e-02 2.3161507993000733e+01 35
1 0 1 1 3.4138846405839696e-02 2.4596970374061916e-02 1.0000000376514584e+00 7.8266235374029131e-02 6.1961813276605347e-02 2.3211507987139864e+01 35
1 0 1 1 3.4134215117997024e-02 2.4586955142111091e-02 1.0000000399102065e+00 7.8200043368198580e-02 6.2676224803797462e-02 2.3261507981225215e+01 35
1 0 1 1 3.4129280114405525e-02 2.4576797694432426e-02 1.0000000422887194e+00 7.8133912915049009e-02 6.3393611185752985e-02 2.3311507975252844e+01 35
1 0 1 1 3.4124043824663872e-02 2.4566499622604005e-02 1.0000000447924677e+00 7.8067845335196590e-02 6.4113952863792428e-02 2.3361507969230136e+01 35
1 0 1 1 3.4118508676934063e-02 2.4556062510497294e-02 1.0000000474271287e+00 7.8001841941254341e-02 6.4837230323517389e-02 2.3411507963155106e+01 35
1 0 1 1 3.4112677097705997e-02 2.4545487934229258e-02 1.0000000501985911e+00 7.7935904037756298e-02 6.5563424095674533e-02 2.3461507957029845e+01 35
1 0 1 1 3.4106551511555769e-02 2.4534777462103023e-02 1.0000000531129607e+00 7.7870032921107724e-02 6.6292514756736615e-02 2.3511507950856199e+01 35
1 0 1 1 3.4100134340927062e-02 2.4523932654575732e-02 1.0000000561765672e+00 7.7804229879531894e-02 6.7024482929550183e-02 2.3561507944636858e+01 35
1 0 1 1 3.4093428005894225e-02 2.4512955064200918e-02 1.0000000593959699e+00 7.7738496193023504e-02 6.7759309283865740e-02 2.3611507938370423e+01 35
1 0 1 1 3.4086434923949617e-02 2.4501846235598021e-02 1.0000000627779635e+00 7.7672833133288544e-02 6.8496974537067670e-02 2.3661507932060619e+01 35
1 0 1 1 3.4079157509775693e-02 2.4490607705399747e-02 1.0000000663295843e+00 7.7607241963708384e-02 6.9237459454574116e-02 2.3711507925705114e+01 35
1 0 1 1 3.4071598175038631e-02 2.4479241002222100e-02 1.0000000700581171e+00 7.7541723939278051e-02 6.9980744850656168e-02 2.3761507919313221e+01 35
1 0 1 1 3.4063759328178837e-02 2.4467747646631961e-02 1.0000000739711008e+00 7.7476280306595868e-02 7.0726811588529254e-02 2.3811507912875840e+01 35
1 0 1 1 3.4055643374193208e-02 2.4456129151095445e-02 1.0000000780763354e+00 7.7410912303777613e-02 7.1475640581405125e-02 2.3861507906401627e+01 35
1 0 1 1 3.4047252714446120e-02 2.4444387019965610e-02 1.0000000823818880e+00 7.7345621160453210e-02 7.2227212792596446e-02 2.3911507899889553e+01 35
1 0 1 1 3.4038589746460582e-02 2.4432522749435567e-02 1.0000000868960992e+00 7.7280408097713471e-02 7.2981509236189346e-02 2.3961507893341761e+01 35
1 0 1 1 3.4029656863727629e-02 2.4420537827519909e-02 1.0000000916275908e+00 7.7215274328081090e-02 7.3738510977409050e-02 2.4011507886755805e+01 35
1 0 1 1 3.4020456234919408e-02 2.4408421595862574e-02 1.0000000965870592e+00 7.7150221055462709e-02 7.4498222946401363e-02 2.4061509444299592e+01 35
1 0 1 1 3.4010991320955947e-02 2.4396187314176802e-02 1.0000001017818481e+00 7.7085255578938416e-02 7.5260533905185667e-02 2.4111506499844907e+01 35
1 0 1 1 3.4001262868567354e-02 2.4383835994532015e-02 1.0000001072221438e+00 7.7020367633006515e-02 7.6025556061278643e-02 2.4161507646467090e+01 35
1 0 1 1 3.3991274205912220e-02 2.4371370322595034e-02 1.0000001129172442e+00 7.6955564923327030e-02 7.6793194069033302e-02 2.4211507859945822e+01 35
1 0 1 1 3.3981027570147267e-02 2.4358791571799588e-02 1.0000001188773571e+00 7.6890847692027975e-02 7.7563440110636914e-02 2.4261507853213416e+01 35
1 0 1 1 3.3970525283269506e-02 2.4346101126310433e-02 1.0000001251129642e+00 7.6826216813839443e-02 7.8336278942361073e-02 2.4311507846446631e+01 35
1 0 1 1 3.3959769705385723e-02 2.4333300416526892e-02 1.0000001316348515e+00 7.6761673440263772e-02 7.9111692000265257e-02 2.4361507839655555e+01 35
1 0 1 1 3.3948763191136717e-02 2.4320390864434598e-02 1.0000001384541399e+00 7.6697218714036841e-02 7.9889660774739218e-02 2.4411507832836765e+01 34
1 0 1 1 3.3937508089529229e-02 2.4307373883584258e-02 1.0000001455822938e+00 7.6632853769082687e-02 8.0670166811167870e-02 2.4461507825993088e+01 34
1 0 1 1 3.3926006743774481e-02 2.4294250879081308e-02 1.0000001530311262e+00 7.6568579730505931e-02 8.1453191710096101e-02 2.4511507819121324e+01 34
1 0 1 1 3.3914261491131178e-02 2.4281023247575098e-02 1.0000001608128075e+00 7.6504397714556638e-02 8.2238717127828501e-02 2.4561507812228594e+01 34
1 0 1 1 3.3902274662752280e-02 2.4267692377247074e-02 1.0000001689398712e+00 7.6440308828638531e-02 8.3026724776455577e-02 2.4611507805313170e+01 34
1 0 1 1 3.3890048583535143e-02 2.4254259647809365e-02 1.0000001774252225e+00 7.6376314171279769e-02 8.3817196424325308e-02 2.4661507798373368e+01 34
1 0 1 1 3.3877585571969286e-02 2.4240726430487920e-02 1.0000001862821439e+00 7.6312414832112874e-02 8.4610113896458741e-02 2.4711507791414530e+01 34
1 0 1 1 3.3864887939997035e-02 2.4227094088025387e-02 1.0000001955243034e+00 7.6248611891879758e-02 8.5405459074635898e-02 2.4761507784434841e+01 34
1 0 1 1 3.3851957992867589e-02 2.4213363974671425e-02 1.0000002051657608e+00 7.6184906422407328e-02 8.6203213897849462e-02 2.4811507777435498e+01 34
1 0 1 1 3.3838798029001221e-02 2.4199537436181737e-02 1.0000002152209755e+00 7.6121299486601846e-02 8.7003360362556403e-02 2.4861507770418395e+01 34
1 0 1 1 3.3825410339852320e-02 2.4185615809815722e-02 1.0000002257048133e+00 7.6057792138443658e-02 8.7805880522903473e-02 2.4911507763382819e+01 34
1 0 1 1 3.3811797209778352e-02 2.4171600424335849e-02 1.0000002366325536e+00 7.5994385422973959e-02 8.8610756491091403e-02 2.4961507756331319e+01 34
1 0 1 1 3.3797960915908712e-02 2.4157492600006835e-02 1.0000002480198960e+00 7.5931080376296284e-02 8.9417970437523073e-02 2.5011507749262645e+01 34
1 0 1 1 3.3783903728021016e-02 2.4143293648599184e-02 1.0000002598829678e+00 7.5867878025563107e-02 9.0227504591215160e-02 2.5061507742181462e+01 34
1 0 1 1 3.3769627908414417e-02 2.4129004873390262e-02 1.0000002722383310e+00 7.5804779388988275e-02 9.1039341239770935e-02 2.5111507735081432e+01 34
1 0 1 1 3.3755135711787211e-02 2.4114627569163723e-02 1.0000002851029890e+00 7.5741785475816337e-02 9.1853462730047797e-02 2.5161507727971756e+01 34
1 0 1 1 3.3740429385128806e-02 2.4100163022226548e-02 1.0000002984943939e+00 7.5678897286356572e-02 9.2669851467927458e-02 2.5211507720848395e+01 34
1 0 1 1 3.3725511167590601e-02 2.4085612510399167e-02 1.0000003124304526e+00 7.5616115811959400e-02 9.3488489918793202e-02 2.5261507713710067e+01 34
1 0 1 1 3.3710383290383242e-02 2.4070977303030684e-02 1.0000003269295346e+00 7.5553442035014989e-02 9.4309360607876050e-02 2.5311507706565816e+01 34
1 0 1 1 3.3695047976668106e-02 2.4056258661010084e-02 1.0000003420104777e+00 7.5490876928985651e-02 9.5132446119970390e-02 2.5361507699404736e+01 34
1 0 1 1 3.3679507441439140e-02 2.4041457836762078e-02 1.0000003576925960e+00 7.5428421458361872e-02 9.5957729100320632e-02 2.5411507692237691e+01 34
1 0 1 1 3.3663763891434079e-02 2.4026576074270372e-02 1.0000003739956851e+00 7.5366076578711694e-02 9.6785192254246866e-02 2.5461507685062490e+01 34
1 0 1 1 3.3647819525023583e-02 2.4011614609082164e-02 1.0000003909400292e+00 7.5303843236667556e-02 9.7614818347475527e-02 2.5511507677872238e+01 34
1 0 1 1 3.3631676532108093e-02 2.3996574668311409e-02 1.0000004085464083e+00 7.5241722369909503e-02 9.8446590206768936e-02 2.5561507670682534e+01 34
1 0 1 1 3.3615337094037002e-02 2.3981457470668606e-02 1.0000004268361027e+00 7.5179714907229689e-02 9.9280490719248576e-02 2.5611507663479486e+01 34
1 0 1 1 3.3598803383497827e-02 2.3966264226457906e-02 1.0000004458309011e+00 7.5117821768478366e-02 1.0011650283339756e-01 2.5661507656269759e+01 34
1 0 1 1 3.3582077564433870e-02 2.3950996137594931e-02 1.0000004655531061e+00 7.5056043864606181e-02 1.0095460955888619e-01 2.5711507649060316e+01 34
1 0 1 1 3.3565161791960313e-02 2.3935654397631543e-02 1.0000004860255391e+00 7.4994382097690243e-02 1.0179479396637965e-01 2.5761507641836886e+01 34
1 0 1 1 3.3548058212260909e-02 2.3920240191751690e-02 1.0000005072715485e+00 7.4932837360889959e-02 1.0263703918853238e-01 2.5811507634614344e+01 34
1 0 1 1 3.3530768962524340e-02 2.3904754696806731e-02 1.0000005293150132e+00 7.4871410538519673e-02 1.0348132841929393e-01 2.5861507627386327e+01 34
1 0 1 1 3.3513296170849603e-02 2.3889199081320769e-02 1.0000005521803492e+00 7.4810102506025128e-02 1.0432764491453697e-01 2.5911507620154033e+01 34
1 0 1 1 3.3495633747557700e-02 2.3873574505510288e-02 1.0000005758925155e+00 7.4748914130006450e-02 1.0517597199206441e-01 2.5961507612918382e+01 34
1 0 1 1 3.3477790525164079e-02 2.3857882121306986e-02 1.0000006004770186e+00 7.4687846268232105e-02 1.0602629303175645e-01 2.6011507605680638e+01 34
1 0 1 1 3.3459770362676722e-02 2.3842123072367768e-02 1.0000006259599181e+00 7.4626899769656141e-02 1.0687859147569861e-01 2.6061507598442919e+01 33
1 0 1 1 3.3441575349688502e-02 2.3826298494106710e-02 1.0000006523678320e+00 7.4566075474439442e-02 1.0773285082817016e-01 2.6111507591199523e+01 33
1 0 1 1 3.3423207566277285e-02 2.3810409513701603e-02 1.0000006797279410e+00 7.4505374213944209e-02 1.0858905465614668e-01 2.6161507583960130e+01 33
1 0 1 1 3.3404669082950041e-02 2.3794457250127028e-02 1.0000007080679938e+00 7.4444796810787306e-02 1.0944718658884642e-01 2.6211507576716279e+01 33
1 0 1 1 3.3385961960568478e-02 2.3778442814164916e-02 1.0000007374163102e+00 7.4384344078820608e-02 1.1030723031842446e-01 2.6261507569475746e+01 33
1 0 1 1 3.3367088250296204e-02 2.3762367308436852e-02 1.0000007678017879e+00 7.4324016823182570e-02 1.1116916959954054e-01 2.6311507562231117e+01 33
1 0 1 1 3.3348049993530138e-02 2.3746231827415754e-02 1.0000007992539039e+00 7.4263815840284075e-02 1.1203298825005709e-01 2.6361507554994976e+01 33
1 0 1 1 3.3328849221857304e-02 2.3730037457465689e-02 1.0000008318027205e+00 7.4203741917876542e-02 1.1289867015033685e-01 2.6411507547753164e+01 33
1 0 1 1 3.3309487956977794e-02 2.3713785276842394e-02 1.0000008654788872e+00 7.4143795835014459e-02 1.1376619924425886e-01 2.6461507540519204e+01 33
1 0 1 1 3.3289968210673850e-02 2.3697476355741830e-02 1.0000009003136465e+00 7.4083978362132930e-02 1.1463555953842088e-01 2.6511507533282451e+01 33
1 0 1 1 3.3270291984738125e-02 2.3681111756304662e-02 1.0000009363388342e+00 7.4024290261021419e-02 1.1550673510296476e-01 2.6561507526051688e+01 33
1 0 1 1 3.3250461270939412e-02 2.3664692532654578e-02 1.0000009735868853e+00 7.3964732284883483e-02 1.1637971007115486e-01 2.6611507518826276e+01 33
1 0 1 1 3.3230478050968751e-02 2.3648219730921568e-02 1.0000010120908349e+00 7.3905305178350006e-02 1.1725446863950736e-01 2.6661507511599311e+01 33
1 0 1 1 3.3210344296389846e-02 2.3631694389261895e-02 1.0000010518843214e+00 7.3846009677480839e-02 1.1813099506829310e-01 2.6711507504382819e+01 33
1 0 1 1 3.3190061968605980e-02 2.3615117537894796e-02 1.0000010930015883e+00 7.3786846509833137e-02 1.1900927368087072e-01 2.6761507497165983e+01 33
1 0 1 1 3.3169633018804587e-02 2.3598490199120088e-02 1.0000011354774878e+00 7.3727816394440149e-02 1.1988928886447191e-01 2.6811507489956384e+01 33
1 0 1 1 3.3149059387928760e-02 2.3581813387352865e-02 1.0000011793474799e+00 7.3668920041869979e-02 1.2077102506979699e-01 2.6861507482754071e+01 33
1 0 1 1 3.3128343006634926e-02 2.3565088109150045e-02 1.0000012246476369e+00 7.3610158154244876e-02 1.2165446681111584e-01 2.6911507475554359e+01 33
1 0 1 1 3.3107485795250934e-02 2.3548315363233055e-02 1.0000012714146418e+00 7.3551531425252475e-02 1.2253959866658584e-01 2.6961507468363255e+01 33
1 0 1 1 3.3086489663750586e-02 2.3531496140526100e-02 1.0000013196857913e+00 7.3493040540195176e-02 1.2342640527793595e-01 2.7011507461176965e+01 33
1 0 1 1 3.3065356511714626e-02 2.3514631424178929e-02 1.0000013694989960e+00 7.3434686175999297e-02 1.2431487135083823e-01 2.7061507454000875e+01 33
1 0 1 1 3.3044088228301349e-02 2.3497722189597590e-02 1.0000014208927794e+00 7.3376469001263656e-02 1.2520498165457811e-01 2.7111507446829151e+01 33
1 0 1 1 3.3022686692217890e-02 2.3480769404477523e-02 1.0000014739062801e+00 7.3318389676264584e-02 1.2609672102252639e-01 2.7161507439669045e+01 33
1 0 1 1 3.3001153771690862e-02 2.3463774028829744e-02 1.0000015285792498e+00 7.3260448853013083e-02 1.2699007435163454e-01 2.7211507432511649e+01 33
1 0 1 1 3.2979491324437837e-02 2.3446737015012549e-02 1.0000015849520534e+00 7.3202647175248714e-02 1.2788502660309836e-01 2.7261507425367242e+01 33
1 0 1 1 3.2957701197649319e-02 2.3429659307764635e-02 1.0000016430656682e+00 7.3144985278508712e-02 1.2878156280176792e-01 2.7311507418231656e+01 33
1 0 1 1 3.2935785227961784e-02 2.3412541844236287e-02 1.0000017029616826e+00 7.3087463790136697e-02 1.2967966803647576e-01 2.7361507411103293e+01 33
1 0 1 1 3.2913745241433909e-02 2.3395385554017822e-02 1.0000017646822943e+00 7.3030083329312157e-02 1.3057932746009251e-01 2.7411507403985773e+01 33
1 0 1 1 3.2891583053530384e-02 2.3378191359174474e-02 1.0000018282703083e+00 7.2972844507093376e-02 1.3148052628931212e-01 2.7461507396875433e+01 33
1 0 1 1 3.2869300469100110e-02 2.3360960174276676e-02 1.0000018937691355e+00 7.2915747926433294e-02 1.3238324980500293e-01 2.7511507389780455e+01 33
1 0 1 1 3.2846899282367815e-02 2.3343692906437473e-02 1.0000019612227893e+00 7.2858794182240200e-02 1.3328748335170654e-01 2.7561507382693186e+01 33
1 0 1 1 3.2824381276906976e-02 2.3326390455337583e-02 1.0000020306758826e+00 7.2801983861379982e-02 1.3419321233811282e-01 2.7611507375616483e+01 33
1 0 1 1 3.2801748225631013e-02 2.3309053713263011e-02 1.0000021021736252e+00 7.2745317542723842e-02 1.3510042223678606e-01 2.7661507368548651e+01 33
1 0 1 1 3.2779001890779084e-02 2.3291683565135095e-02 1.0000021757618194e+00 7.2688795797171524e-02 1.3600909858441831e-01 2.7711507361498189e+01 33
1 0 1 1 3.2756144023915947e-02 2.3274280888554974e-02 1.0000022514868567e+00 7.2632419187712627e-02 1.3691922698130493e-01 2.7761507354455194e+01 33
1 0 1 1 3.2733176365903463e-02 2.3256846553819432e-02 1.0000023293957128e+00 7.2576188269423525e-02 1.3783079309195315e-01 2.7811507347426268e+01 33
1 0 1 1 3.2710100646908061e-02 2.3239381423971091e-02 1.0000024095359425e+00 7.2520103589529816e-02 1.3874378264458312e-01 2.7861507340407474e+01 33
1 0 1 1 3.2686918586381772e-02 2.3221886354819220e-02 1.0000024919556758e+00 7.2464165687421978e-02 1.3965818143143910e-01 2.7911507333403240e+01 32
1 0 1 1 3.2663631893067528e-02 2.3204362194986925e-02 1.0000025767036111e+00 7.2408375094706628e-02 1.4057397530849400e-01 2.7961507326410903e+01 32
1 0 1 1 3.2640242264988767e-02 2.3186809785937661e-02 1.0000026638290100e+00 7.2352732335229458e-02 1.4149115019565259e-01 2.8011507319433825e+01 32
1 0 1 1 3.2616751389444053e-02 2.3169229962008379e-02 1.0000027533816906e+00 7.2297237925123436e-02 1.4240969207641108e-01 2.8061507312464776e+01 32
1 0 1 1 3.2593160943008452e-02 2.3151623550450019e-02 1.0000028454120207e+00 7.2241892372818750e-02 1.4332958699841275e-01 2.8111507305517232e+01 32
1 0 1 1 3.2569472591539722e-02 2.3133991371464303e-02 1.0000029399709112e+00 7.2186696179125043e-02 1.4425082107252904e-01 2.8161507298578300e+01 32
1 0 1 1 3.2545687990163275e-02 2.3116334238229324e-02 1.0000030371098076e+00 7.2131649837218204e-02 1.4517338047362413e-01 2.8211507291652026e+01 32
1 0 1 1 3.2521808783282084e-02 2.3098652956939594e-02 1.0000031368806834e+00 7.2076753832698404e-02 1.4609725144027089e-01 2.8261507284746639e+01 32
1 0 1 1 3.2497836604590428e-02 2.3080948326851432e-02 1.0000032393360305e+00 7.2022008643647439e-02 1.4702242027425666e-01 2.8311507277849937e+01 32
1 0 1 1 3.2473773077055026e-02 2.3063221140298955e-02 1.0000033445288508e+00 7.1967414740623181e-02 1.4794887334131143e-01 2.8361507270971952e+01 32
1 0 1 1 3.2449619812941186e-02 2.3045472182747866e-02 1.0000034525126471e+00 7.1912972586736346e-02 1.4887659707033377e-01 2.8411507264105545e+01 32
1 0 1 1 3.2425378413805966e-02 2.3027702232820711e-02 1.0000035633414142e+00 7.1858682637657323e-02 1.4980557795395863e-01 2.8461507257260124e+01 32
1 0 1 1 3.2401050470515953e-02 2.3009912062339689e-02 1.0000036770696272e+00 7.1804545341688120e-02 1.5073580254776001e-01 2.8511507250422131e+01 32
1 0 1 1 3.2376637563242446e-02 2.2992102436355393e-02 1.0000037937522328e+00 7.1750561139751590e-02 1.5166725747120077e-01 2.8561507243608940e+01 32
1 0 1 1 3.2352141261488040e-02 2.2974274113192292e-02 1.0000039134446368e+00 7.1696730465491298e-02 1.5259992940635220e-01 2.8611507236804215e+01 32
1 0 1 1 3.2327563124078300e-02 2.2956427844474176e-02 1.0000040362026943e+00 7.1643053745247626e-02 1.5353380509900494e-01 2.8661507230020508e+01 32
1 0 1 1 3.2302904699190102e-02 2.2938564375170001e-02 1.0000041620826972e+00 7.1589531398145861e-02 1.5446887135770224e-01 2.8711507223251765e+01 32
1 0 1 1 3.2278167524354563e-02 2.2920684443626133e-02 1.0000042911413618e+00 7.1536163836106559e-02 1.5540511505415533e-01 2.8761507216498973e+01 32
1 0 1 1 3.2253353126472047e-02 2.2902788781601867e-02 1.0000044234358163e+00 7.1482951463892164e-02 1.5634252312306507e-01 2.8811507209765050e+01 32
1 0 1 1 3.2228463021832146e-02 2.2884878114311672e-02 1.0000045590235889e+00 7.1429894679153116e-02 1.5728108256187492e-01 2.8861507203045480e+01 32
1 0 1 1 3.2203498716117517e-02 2.2866953160451706e-02 1.0000046979625921e+00 7.1376993872451333e-02 1.5822078043095222e-01 2.8911507196342786e+01 32
1 0 1 1 3.2178461704432199e-02 2.2849014632246908e-02 1.0000048403111113e+00 7.1324249427309139e-02 1.5916160385347936e-01 2.8961507189664633e+01 32
1 0 1 1 3.2153353471321228e-02 2.2831063235488089e-02 1.0000049861277882e+00 7.1271661720269580e-02 1.6010354001480531e-01 2.9011507182994389e+01 32
1 0 1 1 3.2128175490767595e-02 2.2813099669554252e-02 1.0000051354716077e+00 7.1219231120882354e-02 1.6104657616342777e-01 2.9061507176347888e+01 32
1 0 1 1 3.2102929226234811e-02 2.2795124627465614e-02 1.0000052884018820e+00 7.1166957991800395e-02 1.6199069960982318e-01 2.9111507169716209e+01 32
1 0 1 1 3.2077616130674419e-02 2.2777138795913952e-02 1.0000054449782347e+00 7.1114842688780988e-02 1.6293589772711287e-01 2.9161507163105675e+01 32
1 0 1 1 3.2052237646553343e-02 2.2759142855300268e-02 1.0000056052605855e+00 7.1062885560751132e-02 1.6388215795050909e-01 2.9211507156514312e+01 32
1 0 1 1 3.2026795205872802e-02 2.2741137479774437e-02 1.0000057693091324e+00 7.1011086949837432e-02 1.6482946777730129e-01 2.9261507149935504e+01 32
1 0 1 1 3.2001290230181223e-02 2.2723123337261019e-02 1.0000059371843364e+00 7.0959447191388414e-02 1.6577781476720224e-01 2.9311507143382592e+01 32
1 0 1 1 3.1975724130617521e-02 2.2705101089514238e-02 1.0000061089469028e+00 7.0907966614056711e-02 1.6672718654137272e-01 2.9361507136842100e+01 32
1 0 1 1 3.1950098307913941e-02 2.2687071392137749e-02 1.0000062846577640e+00 7.0856645539790958e-02 1.6767757078331130e-01 2.9411507130326704e+01 32
1 0 1 1 3.1924414152440656e-02 2.2669034894637487e-02 1.0000064643780611e+00 7.0805484283922304e-02 1.6862895523780558e-01 2.9461507123825417e+01 32
1 0 1 1 3.1898673044210998e-02 2.2650992240442164e-02 1.0000066481691250e+00 7.0754483155163889e-02 1.6958132771163476e-01 2.9511507117346856e+01 32
1 0 1 1 3.1872876352926093e-02 2.2632944066956213e-02 1.0000068360924577e+00 7.0703642455683613e-02 1.7053467607281597e-01 2.9561507110884953e+01 32
1 0 1 1 3.1847025437985656e-02 2.2614891005582925e-02 1.0000070282097129e+00 7.0652962481120685e-02 1.7148898825098266e-01 2.9611507104445604e+01 32
1 0 1 1 3.1821121648530598e-02 2.2596833681773842e-02 1.0000072245826752e+00 7.0602443520647151e-02 1.7244425223684964e-01 2.9661507098024160e+01 32
1 0 1 1 3.1795166323456928e-02 2.2578772715053132e-02 1.0000074252732405e+00 7.0552085856991298e-02 1.7340045608242291e-01 2.9711507091623524e+01 32
1 0 1 1 3.1769160791458119e-02 2.2560708719068436e-02 1.0000076303433953e+00 7.0501889766489800e-02 1.7435758790069703e-01 2.9761507085243604e+01 32
1 0 1 1 3.1743106371044320e-02 2.2542642301615946e-02 1.0000078398551948e+00 7.0451855519126083e-02 1.7531563586547338e-01 2.9811507078879441e+01 32
1 0 1 1 3.1717004370573031e-02 2.2524574064680430e-02 1.0000080538707419e+00 7.0401983378556743e-02 1.7627458821169489e-01 2.9861507072544658e+01 32
1 0 1 1 3.1690856088294660e-02 2.2506504604481798e-02 1.0000082724521646e+00 7.0352273602193566e-02 1.7723443323428287e-01 2.9911507066217677e+01 32
1 0 1 1 3.1664662812352737e-02 2.2488434511489318e-02 1.0000084956615944e+00 7.0302726441175023e-02 1.7819515928957572e-01 2.9961507059923708e+01 32
1 0 1 1 3.1638425820856769e-02 2.2470364370488140e-02 1.0000087235611428e+00 7.0253342140491171e-02 1.7915675479345008e-01 3.0011507053643577e+01 31
1 0 1 1 3.1612146381880528e-02 2.2452294760592604e-02 1.0000089562128782e+00 7.0204120938954617e-02 1.8011920822257632e-01 3.0061507047386058e+01 31
1 0 1 1 3.1585825753512022e-02 2.2434226255292143e-02 1.0000091936788025e+00 7.0155063069279378e-02 1.8108250811353022e-01 3.0111507041149284e+01 31
1 0 1 1 3.1559465183881676e-02 2.2416159422486297e-02 1.0000094360208267e+00 7.0106168758109128e-02 1.8204664306291532e-01 3.0161507034933980e+01 31
1 0 1 1 3.1533065911199115e-02 2.2398094824522857e-02 1.0000096833007472e+00 7.0057438226061808e-02 1.8301160172712042e-01 3.0211507028738190e+01 31
1 0 1 1 3.1506629163784779e-02 2.2380033018232246e-02 1.0000099355802201e+00 7.0008871687764263e-02 1.8397737282239487e-01 3.0261507022568587e+01 31
1 0 1 1 3.1480156160113626e-02 2.2361974554968272e-02 1.0000101929207368e+00 6.9960469351912857e-02 1.8494394512421869e-01 3.0311507016415771e+01 31
1 0 1 1 3.1453648108835677e-02 2.2343919980637048e-02 1.0000104553835982e+00 6.9912231421285082e-02 1.8591130746772438e-01 3.0361507010283113e+01 31
1 0 1 1 3.1427106208820665e-02 2.2325869835736343e-02 1.0000107230298889e+00 6.9864158092794754e-02 1.8687944874736348e-01 3.0411507004177693e+01 31
1 0 1 1 3.1400531649204158e-02 2.2307824655399936e-02 1.0000109959204508e+00 6.9816249557548671e-02 1.8784835791641691e-01 3.0461506998092471e+01 31
1 0 1 1 3.1373925609408597e-02 2.2289784969422227e-02 1.0000112741158567e+00 6.9768506000865371e-02 1.8881802398718406e-01 3.0511506992024138e+01 31
1 0 1 1 3.1347289259183252e-02 2.2271751302295986e-02 1.0000115576763835e+00 6.9720927602311994e-02 1.8978843603108617e-01 3.0561506985986338e+01 31
1 0 1 1 3.1320623758658059e-02 2.2253724173259600e-02 1.0000118466619845e+00 6.9673514535782299e-02 1.9075958317754468e-01 3.0611506979959870e+01 31
1 0 1 1 3.1293930258354072e-02 2.2235704096314039e-02 1.0000121411322620e+00 6.9626266969477657e-02 1.9173145461530042e-01 3.0661506973968621e+01 31
1 0 1 1 3.1267206350421302e-02 2.2217691580281411e-02 1.0000124411464395e+00 6.9579185066023647e-02 1.9270403959044924e-01 3.0711506967987216e+01 31
1 0 1 1 3.1240453626591804e-02 2.2199687128816068e-02 1.0000127467633337e+00 6.9532268982428536e-02 1.9367732740811164e-01 3.0761506962034357e+01 31
1 0 1 1 3.1213676233825750e-02 2.2181691240461307e-02 1.0000130580413251e+00 6.9485518870188862e-02 1.9465130743095538e-01 3.0811506956105855e+01 31
1 0 1 1 3.1186875286588461e-02 2.2163704408676668e-02 1.0000133750383302e+00 6.9438934875306363e-02 1.9562596907943403e-01 3.0861506950195057e+01 31
1 0 1 1 3.1160051889922210e-02 2.2145727121866153e-02 1.0000136978117713e+00 6.9392517138315402e-02 1.9660130183196300e-01 3.0911506944310805e+01 31
1 0 1 1 3.1133207139504317e-02 2.2127759863427628e-02 1.0000140264185480e+00 6.9346265794349826e-02 1.9757729522412473e-01 3.0961506938444522e+01 31
1 0 1 1 3.1106342121671463e-02 2.2109803111774438e-02 1.0000143609150067e+00 6.9300180973154824e-02 1.9855393884924916e-01 3.1011506932609315e+01 31
1 0 1 1 3.1079457913481486e-02 2.2091857340385893e-02 1.0000147013569118e+00 6.9254262799167243e-02 1.9953122235721202e-01 3.1061506926786791e+01 31
1 0 1 1 3.1052555582724822e-02 2.2073923017822621e-02 1.0000150477994139e+00 6.9208511391500693e-02 2.0050913545556642e-01 3.1111506920993712e+01 31
1 0 1 1 3.1025636187996690e-02 2.2056000607779614e-02 1.0000154002970205e+00 6.9162926864039298e-02 2.0148766790824882e-01 3.1161506915225111e+01 31
1 0 1 1 3.0998700778725893e-02 2.2038090569114960e-02 1.0000157589035645e+00 6.9117509325454463e-02 2.0246680953576768e-01 3.1211506909472227e+01 31
1 0 1 1 3.0971750395205472e-02 2.2020193355874660e-02 1.0000161236721741e+00 6.9072258879226911e-02 2.0344655021558036e-01 3.1261506903751304e+01 31
1 0 1 1 3.0944786068662921e-02 2.2002309417346110e-02 1.0000164946552410e+00 6.9027175623732118e-02 2.0442687988082267e-01 3.1311506898047558e+01 31
1 0 1 1 3.0917808821274380e-02 2.1984439198074496e-02 1.0000168719043887e+00 6.8982259652233174e-02 2.0540778852114708e-01 3.1361506892366862e+01 31
1 0 1 1 3.0890819666223229e-02 2.1966583137905393e-02 1.0000172554704423e+00 6.8937511052944517e-02 2.0638926618218906e-01 3.1411506886718179e+01 31
1 0 1 1 3.0863819607753043e-02 2.1948741672027466e-02 1.0000176454033947e+00 6.8892929909090267e-02 2.0737130296471770e-01 3.1461506881078968e+01 31
1 0 1 1 3.0836809641175709e-02 2.1930915230981538e-02 1.0000180417523765e+00 6.8848516298882972e-02 2.0835388902603472e-01 3.1511506875476123e+01 31
1 0 1 1 3.0809790752962044e-02 2.1913104240725973e-02 1.0000184445656231e+00 6.8804270295642844e-02 2.0933701457786055e-01 3.1561506869887495e+01 31
1 0 1 1 3.0782763920744378e-02 2.1895309122643012e-02 1.0000188538904420e+00 6.8760191967765422e-02 2.1032066988791959e-01 3.1611506864332018e+01 31
1 0 1 1 3.0755730113394390e-02 2.1877530293594620e-02 1.0000192697731813e+00 6.8716281378822547e-02 2.1130484527812898e-01 3.1661506858787121e+01 31
1 0 1 1 3.0728690291032895e-02 2.1859768165934938e-02 1.0000196922591966e+00 6.8672538587533638e-02 2.1228953112626256e-01 3.1711506853282131e+01 31
1 0 1 1 3.0701645405117047e-02 2.1842023147566874e-02 1.0000201213928184e+00 6.8628963647890368e-02 2.1327471786351682e-01 3.1761506847785622e+01 31
1 0 1 1 3.0674596398437018e-02 2.1824295641950254e-02 1.0000205572173193e+00 6.8585556609101650e-02 2.1426039597665658e-01 3.1811506842322075e+01 31
1 0 1 1 3.0647544205203010e-02 2.1806586048157436e-02 1.0000209997748815e+00 6.8542317515710716e-02 2.1524655600600404e-01 3.1861506836880892e+01 31
1 0 1 1 3.0620489751064597e-02 2.1788894760890892e-02 1.0000214491065633e+00 6.8499246407592806e-02 2.1623318854609339e-01 3.1911506831458915e+01 31
1 0 1 1 3.0593433953162011e-02 2.1771222170522190e-02 1.0000219052522670e+00 6.8456343319993673e-02 2.1722028424570208e-01 3.1961506826071009e+01 31
1 0 1 1 3.0566377720187381e-02 2.1753568663131433e-02 1.0000223682507046e+00 6.8413608283605098e-02 2.1820783380654579e-01 3.2011506820694621e+01 31
1 0 1 1 3.0539321952394106e-02 2.1735934620518510e-02 1.0000228381393659e+00 6.8371041324540971e-02 2.1919582798469650e-01 3.2061506815351009e+01 31
1 0 1 1 3.0512267541684707e-02 2.1718320420263976e-02 1.0000233149544850e+00 6.8328642464439038e-02 2.2018425758886062e-01 3.2111506810027279e+01 31
1 0 1 1 3.0485215371624626e-02 2.1700726435737307e-02 1.0000237987310068e+00 6.8286411720455242e-02 2.2117311348128557e-01 3.2161506804733293e+01 31
1 0 1 1 3.0458166317510547e-02 2.1683153036146076e-02 1.0000242895025546e+00 6.8244349105334196e-02 2.2216238657658538e-01 3.2211506799451207e+01 31
1 0 1 1 3.0431121246385792e-02 2.1665600586547231e-02 1.0000247873013965e+00 6.8202454627398323e-02 2.2315206784298700e-01 3.2261506794208820e+01 30
1 0 1 1 3.0404081017134602e-02 2.1648069447911200e-02 1.0000252921584125e+00 6.8160728290660583e-02 2.2414214830021334e-01 3.2311506788982157e+01 30
1 0 1 1 3.0377046480479498e-02 2.1630559977119934e-02 1.0000258041030623e+00 6.8119170094791348e-02 2.2513261902079876e-01 3.2361506783772384e+01 30
1 0 1 1 3.0350018479043537e-02 2.1613072527011591e-02 1.0000263231633513e+00 6.8077780035171953e-02 2.2612347112994272e-01 3.2411506778607738e+01 30
1 0 1 1 3.0322997847431029e-02 2.1595607446431481e-02 1.0000268493657978e+00 6.8036558102995304e-02 2.2711469580326885e-01 3.2461506773441066e+01 30
1 0 1 1 3.0295985412198613e-02 2.1578165080215823e-02 1.0000273827354020e+00 6.7995504285179809e-02 2.2810628427005333e-01 3.2511506768322469e+01 30
1 0 1 1 3.0268981991992874e-02 2.1560745769283410e-02 1.0000279232956115e+00 6.7954618564547709e-02 2.2909822780930725e-01 3.2561506763211199e+01 30
1 0 1 1 3.0241988397513360e-02 2.1543349850608635e-02 1.0000284710682898e+00 6.7913900919739811e-02 2.3009051775266695e-01 3.2611506758132705e+01 30
1 0 1 1 3.0215005431617030e-02 2.1525977657293256e-02 1.0000290260736842e+00 6.7873351325334424e-02 2.3108314548215217e-01 3.2661506753074526e+01 30
1 0 1 1 3.0188033889335195e-02 2.1508629518577776e-02 1.0000295883303936e+00 6.7832969751839417e-02 2.3207610243112214e-01 3.2711506748044684e+01 30
1 0 1 1 3.0161074557933504e-02 2.1491305759877406e-02 1.0000301578553357e+00 6.7792756165755141e-02 2.3306938008329919e-01 3.2761506743033451e+01 30
1 0 1 1 3.0134128216944406e-02 2.1474006702806487e-02 1.0000307346637174e+00 6.7752710529583704e-02 2.3406296997326653e-01 3.2811506738047576e+01 30
1 0 1 1 3.0107195638227526e-02 2.1456732665217481e-02 1.0000313187690020e+00 6.7712832801884670e-02 2.3505686368594339e-01 3.2861506733093961e+01 30
1 0 1 1 3.0080277586017699e-02 2.1439483961228124e-02 1.0000319101828774e+00 6.7673122937322860e-02 2.3605105285578815e-01 3.2911506728150869e+01 30
1 0 1 1 3.0053374816945765e-02 2.1422260901240171e-02 1.0000325089152273e+00 6.7633580886653055e-02 2.3704552916814961e-01 3.2961506723244199e+01 30
1 0 1 1 3.0026488080125108e-02 2.1405063791990253e-02 1.0000331149740993e+00 6.7594206596823775e-02 2.3804028435723529e-01 3.3011506718356856e+01 30
1 0 1 1 2.9999618117164784e-02 2.1387892936560675e-02 1.0000337283656742e+00 6.7555000010960986e-02 2.3903531020708521e-01 3.3061506713486985e+01 30
1 0 1 1 2.9972765662218674e-02 2.1370748634407733e-02 1.0000343490942378e+00 6.7515961068408625e-02 2.4003059855145920e-01 3.3111506708653202e+01 30
1 0 1 1 2.9945931442061494e-02 2.1353631181412723e-02 1.0000349771621497e+00 6.7477089704803372e-02 2.4102614127248437e-01 3.3161506703835741e+01 30
1 0 1 1 2.9919116176098357e-02 2.1336540869886265e-02 1.0000356125698151e+00 6.7438385852057914e-02 2.4202193030178396e-01 3.3211506699043632e+01 30
1 0 1 1 2.9892320576430400e-02 2.1319477988608490e-02 1.0000362553156559e+00 6.7399849438426113e-02 2.4301795761948175e-01 3.3261506694275134e+01 30
1 0 1 1 2.9865544930701437e-02 2.1302438954953869e-02 1.0000369056695464e+00 6.7361480388527295e-02 2.4401423096409341e-01 3.3311507448617434e+01 30
1 0 1 1 2.9838791303838975e-02 2.1285426177279604e-02 1.0000375635144261e+00 6.7323280369611604e-02 2.4501069142579682e-01 3.3361506412251963e+01 30
1 0 1 1 2.9812059005401022e-02 2.1268441406679415e-02 1.0000382287081993e+00 6.7285246933746101e-02 2.4600738241047548e-01 3.3411506177304744e+01 30
1 0 1 1 2.9785348756306798e-02 2.1251484943248414e-02 1.0000389012407969e+00 6.7247380054492545e-02 2.4700429473670169e-01 3.3461506675307049e+01 30
1 0 1 1 2.9758661892998608e-02 2.1234557478338089e-02 1.0000395810840326e+00 6.7209680579048914e-02 2.4800139599165649e-01 3.3511506670655727e+01 30
1 0 1 1 2.9731998816022089e-02 2.1217659110086204e-02 1.0000402682308660e+00 6.7172148032701551e-02 2.4899868846565032e-01 3.3561506666032365e+01 30
1 0 1 1 2.9705360187582908e-02 2.1200790103899234e-02 1.0000409626653584e+00 6.7134782318845954e-02 2.4999616447478062e-01 3.3611506661433815e+01 30
1 0 1 1 2.9678746662946367e-02 2.1183950721866397e-02 1.0000416643693737e+00 6.7097583337480143e-02 2.5099381638234552e-01 3.3661506656860340e+01 30
1 0 1 1 2.9652158890483126e-02 2.1167141222784115e-02 1.0000423733225532e+00 6.7060550985241163e-02 2.5199163659849300e-01 3.3711506652308707e+01 30
1 0 1 1 2.9625597511711441e-02 2.1150361862183033e-02 1.0000430895022916e+00 6.7023685155431389e-02 2.5298961758016608e-01 3.3761506647778774e+01 30
1 0 1 1 2.9599063161342802e-02 2.1133612892354364e-02 1.0000438128837157e+00 6.6986985738051591e-02 2.5398775183080213e-01 3.3811506643268281e+01 30
1 0 1 1 2.9572556467321879e-02 2.1116894562373201e-02 1.0000445434396603e+00 6.6950452619826795e-02 2.5498603190047309e-01 3.3861506638790040e+01 30
1 0 1 1 2.9546078050892113e-02 2.1100207118137985e-02 1.0000452811406471e+00 6.6914085684265212e-02 2.5598445038492812e-01 3.3911506634333442e+01 30
1 0 1 1 2.9519628526621999e-02 2.1083550802385467e-02 1.0000460259548640e+00 6.6877884811663679e-02 2.5698299992586743e-01 3.3961506629887666e+01 30
1 0 1 1 2.9493208502437349e-02 2.1066925854709533e-02 1.0000467778481454e+00 6.6841849879122173e-02 2.5798167321163412e-01 3.4011506625486184e+01 30
1 0 1 1 2.9466818579715875e-02 2.1050332511616122e-02 1.0000475367839519e+00 6.6805980760646477e-02 2.5898046297447508e-01 3.4061506621079658e+01 30
1 0 1 1 2.9440459353250507e-02 2.1033771006500265e-02 1.0000483027233522e+00 6.6770277327063587e-02 2.5997936199413491e-01 3.4111506616724874e+01 30
1 0 1 1 2.9414131411393908e-02 2.1017241569734554e-02 1.0000490756250051e+00 6.6734739446190350e-02 2.6097836309333844e-01 3.4161506612367972e+01 30
1 0 1 1 2.9387835336002179e-02 2.1000744428630813e-02 1.0000498554451438e+00 6.6699366982728325e-02 2.6197745914168707e-01 3.4211506608049405e+01 30
1 0 1 1 2.9361571702558743e-02 2.0984279807515160e-02 1.0000506421375575e+00 6.6664159798401179e-02 2.6297664305237894e-01 3.4261506603749041e+01 30
1 0 1 1 2.9335341080173220e-02 2.0967847927725332e-02 1.0000514356535783e+00 6.6629117751924261e-02 2.6397590778354557e-01 3.4311506599462334e+01 30
1 0 1 1 2.9309144031626804e-02 2.0951449007636350e-02 1.0000522359420667e+00 6.6594240699036078e-02 2.6497524633821617e-01 3.4361506595207857e+01 30
1 0 1 1 2.9282981113442345e-02 2.0935083262702350e-02 1.0000530429493975e+00 6.6559528492563858e-02 2.6597465176306928e-01 3.4411506590974071e+01 30
1 0 1 1 2.9256852875905001e-02 2.0918750905465647e-02 1.0000538566194479e+00 6.6524980982422599e-02 2.6697411714899544e-01 3.4461506586756862e+01 30
1 0 1 1 2.9230759863106196e-02 2.0902452145583488e-02 1.0000546768935863e+00 6.6490598015642721e-02 2.6797363563092369e-01 3.4511506582559242e+01 30
1 0 1 1 2.9204702612987795e-02 2.0886187189850636e-02 1.0000555037106624e+00 6.6456379436404200e-02 2.6897320038771405e-01 3.4561506578396127e+01 30
1 0 1 1 2.9178681657409090e-02 2.0869956242240757e-02 1.0000563370069968e+00 6.6422325086092193e-02 2.6997280464087525e-01 3.4611506574237872e+01 30
1 0 1 1 2.9152697522138771e-02 2.0853759503896119e-02 1.0000571767163737e+00 6.6388434803263008e-02 2.7097244165631978e-01 3.4661506570108159e+01 29
1 0 1 1 2.9126750726943453e-02 2.0837597173182142e-02 1.0000580227700342e+00 6.6354708423729480e-02 2.7197210474253619e-01 3.4711506566000509e+01 29
1 0 1 1 2.9100841785609715e-02 2.0821469445696104e-02 1.0000588750966684e+00 6.6321145780564278e-02 2.7297178725109100e-01 3.4761506561912924e+01 29
1 0 1 1 2.9074971205989734e-02 2.0805376514295457e-02 1.0000597336224128e+00 6.6287746704128347e-02 2.7397148257634690e-01 3.4811506557841241e+01 29
1 0 1 1 2.9049139490034372e-02 2.0789318569112324e-02 1.0000605982708453e+00 6.6254511022090512e-02 2.7497118415552085e-01 3.4861506553791884e+01 29
1 0 1 1 2.9023347133845374e-02 2.0773295797584374e-02 1.0000614689629825e+00 6.6221438559466772e-02 2.7597088546826143e-01 3.4911506549768795e+01 29
1 0 1 1 2.8997594627721352e-02 2.0757308384480404e-02 1.0000623456172790e+00 6.6188529138651753e-02 2.7697058003601344e-01 3.4961506545749764e+01 29
1 0 1 1 2.8971882456164683e-02 2.0741356511900864e-02 1.0000632281496273e+00 6.6155782579402300e-02 2.7797026142352477e-01 3.5011506541770686e+01 29
1 0 1 1 2.8946211097983413e-02 2.0725440359339764e-02 1.0000641164733577e+00 6.6123198698938235e-02 2.7896992323602099e-01 3.5061506537791445e+01 29
1 0 1 1 2.8920581026256945e-02 2.0709560103656269e-02 1.0000650104992421e+00 6.6090777311879068e-02 2.7996955912198596e-01 3.5111506533845066e+01 29
1 0 1 1 2.8894988431639838e-02 2.0693715919144023e-02 1.0000659101354969e+00 6.6058518230347280e-02 2.8096916277054468e-01 3.5161506529912565e+01 29
1 0 1 1 2.8869431269019332e-02 2.0677907977520778e-02 1.0000668152877878e+00 6.6026421263943758e-02 2.8196872791264399e-01 3.5211506525991766e+01 29
1 0 1 1 2.8843916825198618e-02 2.0662136447956163e-02 1.0000677258592365e+00 6.5994486219777548e-02 2.8296824832114498e-01 3.5261506522109080e+01 29
1 0 1 1 2.8818445551442414e-02 2.0646401497115191e-02 1.0000686417504272e+00 6.5962712902537968e-02 2.8396771780862823e-01 3.5311506518217584e+01 29
1 0 1 1 2.8793017893464279e-02 2.0630703289133287e-02 1.0000695628594172e+00 6.5931101114424462e-02 2.8496713023056403e-01 3.5361506514363334e+01 29
1 0 1 1 2.8767634291547634e-02 2.0615041985687553e-02 1.0000704890817453e+00 6.5899650655271147e-02 2.8596647948190845e-01 3.5411506510522557e+01 29
1 0 1 1 2.8742295180534054e-02 2.0599417745985595e-02 1.0000714203104446e+00 6.5868361322507979e-02 2.8696575949883296e-01 3.5461506506695798e+01 29
1 0 1 1 2.8717000989873273e-02 2.0583830726792523e-02 1.0000723564360552e+00 6.5837232911197752e-02 2.8796496425809898e-01 3.5511506502884231e+01 29
1 0 1 1 2.8691752143661930e-02 2.0568281082451914e-02 1.0000732973466382e+00 6.5806265214058801e-02 2.8896408777697585e-01 3.5561506499092566e+01 29
1 0 1 1 2.8666549060688308e-02 2.0552768964910591e-02 1.0000742429277922e+00 6.5775458021494426e-02 2.8996312411294156e-01 3.5611506495321052e+01 29
1 0 1 1 2.8641392154467749e-02 2.0537294523734595e-02 1.0000751930626701e+00 6.5744811121614677e-02 2.9096206736345737e-01 3.5661506491562172e+01 29
1 0 1 1 2.8616281833273784e-02 2.0521857906127077e-02 1.0000761476319977e+00 6.5714324300246901e-02 2.9196091166613714e-01 3.5711506487815143e+01 29
1 0 1 1 2.8591218500176145e-02 2.0506459256947360e-02 1.0000771065140941e+00 6.5683997340958422e-02 2.9295965119860817e-01 3.5761506484086013e+01 29
1 0 1 1 2.8566202553082894e-02 2.0491098718731181e-02 1.0000780695848930e+00 6.5653830025087123e-02 2.9395828017800180e-01 3.5811506480369992e+01 29
1 0 1 1 2.8541234384772265e-02 2.0475776431710419e-02 1.0000790367179664e+00 6.5623822131751497e-02 2.9495679286150378e-01 3.5861506476684070e+01 29
1 0 1 1 2.8516314382954412e-02 2.0460492533845173e-02 1.0000800077845478e+00 6.5593973437903796e-02 2.9595518354469064e-01 3.5911506472991128e+01 29
1 0 1 1 2.8491442930251350e-02 2.0445247160806219e-02 1.0000809826535595e+00 6.5564283718282657e-02 2.9695344656371642e-01 3.5961506469316355e+01 29
1 0 1 1 2.8466620404280042e-02 2.0430040446026521e-02 1.0000819611916403e+00 6.5534752745487951e-02 2.9795157629368468e-01 3.6011506465670806e+01 29
1 0 1 1 2.8441847177691767e-02 2.0414872520717012e-02 1.0000829432631719e+00 6.5505380290007409e-02 2.9894956714804510e-01 3.6061506462029016e+01 29
1 0 1 1 2.8417123618176544e-02 2.0399743513869723e-02 1.0000839287303125e+00 6.5476166120193718e-02 2.9994741357971294e-01 3.6111506458389371e+01 29
1 0 1 1 2.8392450088497952e-02 2.0384653552271467e-02 1.0000849174530275e+00 6.5447110002290504e-02 3.0094511008115449e-01 3.6161506454786625e+01 29
1 0 1 1 2.8367826946582821e-02 2.0369602760559106e-02 1.0000859092891217e+00 6.5418211700506573e-02 3.0194265118188468e-01 3.6211506451169932e+01 29
1 0 1 1 2.8343254545468096e-02 2.0354591261179729e-02 1.0000869040942766e+00 6.5389470976939562e-02 3.0294003145208381e-01 3.6261506447592211e+01 29
1 0 1 1 2.8318733233431991e-02 2.0339619174469817e-02 1.0000879017220836e+00 6.5360887591700723e-02 3.0393724549830597e-01 3.6311506443998994e+01 29
1 0 1 1 2.8294263353930739e-02 2.0324686618609953e-02 1.0000889020240860e+00 6.5332461302823913e-02 3.0493428796756589e-01 3.6361506440440479e+01 29
1 0 1 1 2.8269845245724384e-02 2.0309793709701880e-02 1.0000899048498142e+00 6.5304191866385086e-02 3.0593115354336181e-01 3.6411506436875761e+01 29
1 0 1 1 2.8245479242833018e-02 2.0294940561734819e-02 1.0000909100468294e+00 6.5276079036434453e-02 3.0692783694888542e-01 3.6461506433340766e+01 29
1 0 1 1 2.8221165674637970e-02 2.0280127286643392e-02 1.0000919174607632e+00 6.5248122565088246e-02 3.0792433294373583e-01 3.6511506429788263e+01 29
1 0 1 1 2.8196904865836599e-02 2.0265353994279620e-02 1.0000929269353656e+00 6.5220322202456549e-02 3.0892063632757683e-01 3.6561506426275741e+01 29
1 0 1 1 2.8172697136568243e-02 2.0250620792481331e-02 1.0000939383125440e+00 6.5192677696767343e-02 3.0991674193577695e-01 3.6611506422753152e+01 29
1 0 1 1 2.8148542802362713e-02 2.0235927787041388e-02 1.0000949514324156e+00 6.5165188794283707e-02 3.1091264464307633e-01 3.6661506419250294e+01 29
1 0 1 1 2.8124442174228086e-02 2.0221275081753625e-02 1.0000959661333517e+00 6.5137855239386588e-02 3.1190833936091478e-01 3.6711506415749170e+01 29
1 0 1 1 2.8100395371629946e-02 2.0206661401755432e-02 1.0000969825368939e+00 6.5110676774550125e-02 3.1290382849391774e-01 3.6761506757225767e+01 29
1 0 1 1 2.8076402547611966e-02 2.0192082391626502e-02 1.0000980014638905e+00 6.5083653702378896e-02 3.1389911219857458e-01 3.6811507599362677e+01 29
1 0 1 1 2.8052466063446298e-02 2.0177545066144404e-02 1.0000990214333312e+00 6.5056787130277405e-02 3.1489410100619780e-01 3.6861504827205685e+01 29
1 0 1 1 2.8028582402001977e-02 2.0163047207392447e-02 1.0001000424394453e+00 6.5030072520468218e-02 3.1588894840930326e-01 3.6911506402022454e+01 29
1 0 1 1 2.8004754686869547e-02 2.0148590630854120e-02 1.0001010641916142e+00 6.5003512786554363e-02 3.1688353159644567e-01 3.6961506398551165e+01 29
1 0 1 1 2.7980982447714513e-02 2.0134174970420499e-02 1.0001020865509040e+00 6.4977106816101637e-02 3.1787787710973292e-01 3.7011506395120051e+01 29
1 0 1 1 2.7957265964673943e-02 2.0119800316363755e-02 1.0001031093447794e+00 6.4950854340596498e-02 3.1887198012054840e-01 3.7061506391669802e+01 29
1 0 1 1 2.7933605513549009e-02 2.0105466757037494e-02 1.0001041323993802e+00 6.4924755089688257e-02 3.1986583583924105e-01 3.7111506388242844e+01 29
1 0 1 1 2.7910001365914316e-02 2.0091174378936767e-02 1.0001051555395764e+00 6.4898808791287732e-02 3.2085943951134910e-01 3.7161506384797804e+01 28
1 0 1 1 2.7886453789074107e-02 2.0076923266669874e-02 1.0001061785890333e+00 6.4873015171502735e-02 3.2185278642093396e-01 3.7211506381381092e+01 28
1 0 1 1 2.7862963046168199e-02 2.0062713503018512e-02 1.0001072013702703e+00 6.4847373954732945e-02 3.2284587188741287e-01 3.7261506377971060e+01 28
1 0 1 1 2.7839529396159413e-02 2.0048545168924872e-02 1.0001082237047250e+00 6.4821884863636881e-02 3.2383869126667586e-01 3.7311506374538745e+01 28
1 0 1 1 2.7816153093834683e-02 2.0034418343490148e-02 1.0001092454128189e+00 6.4796547619112799e-02 3.2483123995264085e-01 3.7361506371129046e+01 28
1 0 1 1 2.7792834389895653e-02 2.0020333104026133e-02 1.0001102663140209e+00 6.4771361940381023e-02 3.2582351337469967e-01 3.7411506367736045e+01 28
1 0 1 1 2.7769573530970829e-02 2.0006289526057694e-02 1.0001112862269135e+00 6.4746327544973281e-02 3.2681550699785089e-01 3.7461506364312989e+01 28
1 0 1 1 2.7746370759583337e-02 1.9992287683298905e-02 1.0001123049692631e+00 6.4721444148684304e-02 3.2780721632555104e-01 3.7511506360920365e+01 28
1 0 1 1 2.7723226314274131e-02 1.9978327647726925e-02 1.0001133223580836e+00 6.4696711465681289e-02 3.2879863689565381e-01 3.7561506357522994e+01 28
1 0 1 1 2.7700140429563275e-02 1.9964409489551548e-02 1.0001143382097100e+00 6.4672129208446227e-02 3.2978976428292656e-01 3.7611506354121758e+01 28
1 0 1 1 2.7677113335994201e-02 1.9950533277239772e-02 1.0001153523398656e+00 6.4647697087802658e-02 3.3078059409839489e-01 3.7661506350723009e+01 28
1 0 1 1 2.7654145260164516e-02 1.9936699077531598e-02 1.0001163645637345e+00 6.4623414812932989e-02 3.3177112198937175e-01 3.7711506347343374e+01 28
1 0 1 1 2.7631236424778140e-02 1.9922906955465468e-02 1.0001173746960315e+00 6.4599282091410914e-02 3.3276134363777776e-01 3.7761506343928311e+01 28
1 0 1 1 2.7608387048592413e-02 1.9909156974346278e-02 1.0001183825510780e+00 6.4575298629133526e-02 3.3375125476430473e-01 3.7811506340564989e+01 28
1 0 1 1 2.7585597346579033e-02 1.9895449195833737e-02 1.0001193879428689e+00 6.4551464130466696e-02 3.3474085112166285e-01 3.7861506337145364e+01 28
1 0 1 1 2.7562867529781328e-02 1.9881783679857965e-02 1.0001203906851546e+00 6.4527778298082511e-02 3.3573012850272621e-01 3.7911506333779364e+01 28
1 0 1 1 2.7540197805519570e-02 1.9868160484735959e-02 1.0001213905915067e+00 6.4504240833151566e-02 3.3671908273202361e-01 3.7961506330368643e+01 28
1 0 1 1 2.7517588377252353e-02 1.9854579667085689e-02 1.0001223874754004e+00 6.4480851435186004e-02 3.3770770967337355e-01 3.8011506326995601e+01 28
1 0 1 1 2.7495039444744518e-02 1.9841041281924387e-02 1.0001233811502837e+00 6.4457609802191618e-02 3.3869600522328092e-01 3.8061506323591594e+01 28
1 0 1 1 2.7472551203976670e-02 1.9827545382608759e-02 1.0001243714296577e+00 6.4434515630560185e-02 3.3968396531618189e-01 3.8111506320206004e+01 28
1 0 1 1 2.7450123847257313e-02 1.9814092020899624e-02 1.0001253581271499e+00 6.4411568615166281e-02 3.4067158592047952e-01 3.8161506316808143e+01 28
1 0 1 1 2.7427757563190797e-02 1.9800681246938973e-02 1.0001263410565926e+00 6.4388768449320066e-02 3.4165886304117571e-01 3.8211506313423634e+01 28
1 0 1 1 2.7405445298601727e-02 1.9787313109291872e-02 1.0001273200320975e+00 6.4366114824821130e-02 3.4264579271741452e-01 3.8261506310011825e+01 28
1 0 1 1 2.7383190371210706e-02 1.9773987654917197e-02 1.0001282948681363e+00 6.4343607431907257e-02 3.4363237102556421e-01 3.8311506306626178e+01 28
1 0 1 1 2.7360997133938580e-02 1.9760704929228944e-02 1.0001292653796126e+00 6.4321245959343104e-02 3.4461859407535389e-01 3.8361506303220636e+01 28
1 0 1 1 2.7338865760814287e-02 1.9747464976066130e-02 1.0001302313819442e+00 6.4299030094355336e-02 3.4560445801320910e-01 3.8411506299820658e+01 28
1 0 1 1 2.7316796422319777e-02 1.9734267837727783e-02 1.0001311926911378e+00 6.4276959522688581e-02 3.4658995902000378e-01 3.8461506296413546e+01 28
1 0 1 1 2.7294789285389153e-02 1.9721113554969725e-02 1.0001321491238664e+00 6.4255033928589389e-02 3.4757509331231673e-01 3.8511506293014818e+01 28
1 0 1 1 2.7272844513463738e-02 1.9708002167035211e-02 1.0001331004975471e+00 6.4233252994839229e-02 3.4855985714089521e-01 3.8561506289591620e+01 28
1 0 1 1 2.7250962266465308e-02 1.9694933711633503e-02 1.0001340466304189e+00 6.4211616402718052e-02 3.4954424679299784e-01 3.8611506286186128e+01 28
1 0 1 1 2.7229142700882676e-02 1.9681908224988866e-02 1.0001349873416179e+00 6.4190123832072954e-02 3.5052825858955727e-01 3.8661506282773750e+01 28
1 0 1 1 2.7207385969755978e-02 1.9668925741827787e-02 1.0001359224512545e+00 6.4168774961285202e-02 3.5151188888691798e-01 3.8711506279353920e+01 28
1 0 1 1 2.7185692222709383e-02 1.9655986295393314e-02 1.0001368517804916e+00 6.4147569467287280e-02 3.5249513407607652e-01 3.8761506275915210e+01 28
1 0 1 1 2.7164061605955310e-02 1.9643089917446122e-02 1.0001377751516192e+00 6.4126507025555224e-02 3.5347799058415863e-01 3.8811506272512759e+01 28
1 0 1 1 2.7142494262391743e-02 1.9630236638317464e-02 1.0001386923881281e+00 6.4105587310185064e-02 3.5446045487050426e-01 3.8861506269072457e+01 28
1 0 1 1 2.7120990331523251e-02 1.9617426486858845e-02 1.0001396033147898e+00 6.4084809993800951e-02 3.5544252343138305e-01 3.8911506265633655e+01 28
1 0 1 1 2.7099549949550307e-02 1.9604659490491647e-02 1.0001405077577274e+00 6.4064174747630043e-02 3.5642419279715970e-01 3.8961506262208381e+01 28
1 0 1 1 2.7078173249394221e-02 1.9591935675218872e-02 1.0001414055444899e+00 6.4043681241511052e-02 3.5740545953202302e-01 3.9011506258770389e+01 28
1 0 1 1 2.7056860360693352e-02 1.9579255065617307e-02 1.0001422965041278e+00 6.4023329143872126e-02 3.5838632023493566e-01 3.9061506255306938e+01 28
1 0 1 1 2.7035611409811332e-02 1.9566617684842538e-02 1.0001431804672647e+00 6.4003118121730707e-02 3.5936677154083491e-01 3.9111506251882531e+01 28
1 0 1 1 2.7014426519941192e-02 1.9554023554682401e-02 1.0001440572661668e+00 6.3983047840776686e-02 3.6034681011630143e-01 3.9161506248423272e+01 28
1 0 1 1 2.6993305811029381e-02 1.9541472695512905e-02 1.0001449267348188e+00 6.3963117965281868e-02 3.6132643266431996e-01 3.9211506244960262e+01 28
1 0 1 1 2.6972249399847329e-02 1.9528965126334268e-02 1.0001457887089913e+00 6.3943328158163393e-02 3.6230563592205695e-01 3.9261506241522447e+01 28
1 0 1 1 2.6951257400047036e-02 1.9516500864801160e-02 1.0001466430263091e+00 6.3923678081013680e-02 3.6328441665908806e-01 3.9311506238047805e+01 28
1 0 1 1 2.6930329922099813e-02 1.9504079927182900e-02 1.0001474895263227e+00 6.3904167394035066e-02 3.6426277168133697e-01 3.9361506234589051e+01 29
1 0 1 1 2.6909467073400199e-02 1.9491702328420873e-02 1.0001483280505732e+00 6.3884795756121715e-02 3.6524069782716551e-01 3.9411506231117421e+01 29
1 0 1 1 2.6888668958238389e-02 1.9479368082109677e-02 1.0001491584426598e+00 6.3865562824820837e-02 3.6621819196975547e-01 3.9461506227647710e+01 29
1 0 1 1 2.6867935677847236e-02 1.9467077200520450e-02 1.0001499805483045e+00 6.3846468256365974e-02 3.6719525101583977e-01 3.9511506224178092e+01 29
1 0 1 1 2.6847267330419738e-02 1.9454829694609058e-02 1.0001507942154162e+00 6.3827511705679435e-02 3.6817187190598044e-01 3.9561506220707493e+01 29
1 0 1 1 2.6826664011134083e-02 1.9442625574024860e-02 1.0001515992941530e+00 6.3808692826381297e-02 3.6914805161409292e-01 3.9611506217216181e+01 29
1 0 1 1 2.6806125264714497e-02 1.9430461453710093e-02 1.0001523968172716e+00 6.3790011270776686e-02 3.7012381116796417e-01 3.9661507321269134e+01 29
1 0 1 1 2.6785652430349791e-02 1.9418337419644084e-02 1.0001531868651874e+00 6.3771467929775394e-02 3.7109908768418359e-01 3.9711506432462848e+01 29
1 0 1 1 2.6765245186968913e-02 1.9406257010308969e-02 1.0001539678945863e+00 6.3753061466275573e-02 3.7207389990817935e-01 3.9761504811018604e+01 29
1 0 1 1 2.6744902093016186e-02 1.9394219327739572e-02 1.0001547398224033e+00 6.3734790158776977e-02 3.7304831797305077e-01 3.9811506204052201e+01 29
1 0 1 1 2.6724625026767489e-02 1.9382225439141976e-02 1.0001555024416511e+00 6.3716655273100498e-02 3.7402225303594411e-01 3.9861506200550913e+01 29
1 0 1 1 2.6704413496713295e-02 1.9370275009600653e-02 1.0001562556381665e+00 6.3698655943129817e-02 3.7499572949267107e-01 3.9911506197084677e+01 29
1 0 1 1 2.6684267577615235e-02 1.9358368039799383e-02 1.0001569992787407e+00 6.3680791813757742e-02 3.7596874454847345e-01 3.9961506193590303e+01 29
1 0 1 1 2.6664187341355682e-02 1.9346504529166232e-02 1.0001577332328628e+00 6.3663062528609815e-02 3.7694129544348870e-01 4.0011506190102075e+01 29
1 0 1 1 2.6644172857017739e-02 1.9334684475919295e-02 1.0001584573727689e+00 6.3645467730103295e-02 3.7791337945001030e-01 4.0061506186614842e+01 29
1 0 1 1 2.6624224190883311e-02 1.9322907877058711e-02 1.0001591715734892e+00 6.3628007059440939e-02 3.7888499387345670e-01 4.0111506183141472e+01 29
1 0 1 1 2.6604341406480103e-02 1.9311174728393433e-02 1.0001598757128962e+00 6.3610680156635901e-02 3.7985613605101731e-01 4.0161506179646452e+01 29
1 0 1 1 2.6584524564557708e-02 1.9299485024523780e-02 1.0001605696717502e+00 6.3593486660484116e-02 3.8082680335394642e-01 4.0211506176169664e+01 29
1 0 1 1 2.6564773723163720e-02 1.9287838758880418e-02 1.0001612533337416e+00 6.3576426208619974e-02 3.8179699318450844e-01 4.0261506172675851e+01 29
1 0 1 1 2.6545088937610317e-02 1.9276235923704251e-02 1.0001619265855339e+00 6.3559498437481765e-02 3.8276670297906518e-01 4.0311506169218326e+01 29
1 0 1 1 2.6525470260572594e-02 1.9264676510098222e-02 1.0001625893168016e+00 6.3542702982381349e-02 3.8373593020364105e-01 4.0361506165716797e+01 29
1 0 1 1 2.6505917742000663e-02 1.9253160507973946e-02 1.0001632414202710e+00 6.3526039477426188e-02 3.8470467235974820e-01 4.0411506162263642e+01 29
1 0 1 1 2.6486431429265912e-02 1.9241687906133956e-02 1.0001638827917536e+00 6.3509507555633948e-02 3.8567292697792271e-01 4.0461506158796624e+01 29
1 0 1 1 2.6467011367096161e-02 1.9230258692228976e-02 1.0001645133301826e+00 6.3493106848864195e-02 3.8664069162163545e-01 4.0511506155306861e+01 29
1 0 1 1 2.6447657597596149e-02 1.9218872852768371e-02 1.0001651329376458e+00 6.3476836987835211e-02 3.8760796388768409e-01 4.0561506151865757e+01 29
1 0 1 1 2.6428370160349896e-02 1.9207530373174790e-02 1.0001657415194134e+00 6.3460697602198357e-02 3.8857474140175374e-01 4.0611506148402619e+01 29
1 0 1 1 2.6409149092343976e-02 1.9196231237738302e-02 1.0001663389839694e+00 6.3444688320470261e-02 3.8954102182363975e-01 4.0661506144980542e+01 29
1 0 1 1 2.6389994428090573e-02 1.9184975429682456e-02 1.0001669252430367e+00 6.3428808770118805e-02 3.9050680284122707e-01 4.0711506141492272e+01 29
1 0 1 1 2.6370906199499899e-02 1.9173762931087426e-02 1.0001675002116057e+00 6.3413058577462128e-02 3.9147208217878393e-01 4.0761506138096998e+01 29
1 0 1 1 2.6351884436106251e-02 1.9162593723019931e-02 1.0001680638079504e+00 6.3397437367842063e-02 3.9243685758600255e-01 4.0811506134659261e+01 29
1 0 1 1 2.6332929164905119e-02 1.9151467785432589e-02 1.0001686159536567e+00 6.3381944765483422e-02 3.9340112684730028e-01 4.0861506131238535e+01 29
1 0 1 1 2.6314040410471338e-02 1.9140385097230952e-02 1.0001691565736364e+00 6.3366580393588334e-02 3.9436488777688505e-01 4.0911506127841243e+01 29
1 0 1 1 2.6295218194976308e-02 1.9129345636279774e-02 1.0001696855961471e+00 6.3351343874337135e-02 3.9532813821858243e-01 4.0961506124418470e+01 29
1 0 1 1 2.6276461956201182e-02 1.9118349379373501e-02 1.0001702029528068e+00 6.3336234828857335e-02 3.9629087604958013e-01 4.1011506121069509e+01 29
1 0 1 1 2.6257762131906906e-02 1.9107396302322496e-02 1.0001707085786053e+00 6.3321252877329898e-02 3.9725309917301549e-01 4.1061506117663484e+01 29
1 0 1 1 2.6239128975622156e-02 1.9096486379861614e-02 1.0001712024119189e+00 6.3306397638871276e-02 3.9821480552705651e-01 4.1111506114320008e+01 29
1 0 1 1 2.6220562499701346e-02 1.9085619585753597e-02 1.0001716843945165e+00 6.3291668731671802e-02 3.9917599307641088e-01 4.1161506110975957e+01 29
1 0 1 1 2.6202062714161395e-02 1.9074795892741976e-02 1.0001721544715685e+00 6.3277065772930019e-02 4.0013665981675295e-01 4.1211506107624153e+01 30
1 0 1 1 2.6183629626708282e-02 1.9064015272566237e-02 1.0001726125916528e+00 6.3262588378873774e-02 4.0109680377470236e-01 4.1261506104319999e+01 30
1 0 1 1 2.6165263242818638e-02 1.9053277696002662e-02 1.0001730587067570e+00 6.3248236164816563e-02 4.0205642300425426e-01 4.1311506101005477e+01 30
1 0 1 1 2.6146963565681799e-02 1.9042583132829367e-02 1.0001734927722810e+00 6.3234008745112896e-02 4.0301551559100968e-01 4.1361506097737852e+01 30
1 0 1 1 2.6128730596304758e-02 1.9031931551884214e-02 1.0001739147470359e+00 6.3219905733229664e-02 4.0397407964743492e-01 4.1411506094450658e+01 30
1 0 1 1 2.6110564333440986e-02 1.9021322921019018e-02 1.0001743245932433e+00 6.3205926741694202e-02 4.0493211331776496e-01 4.1461506091219853e+01 30
1 0 1 1 2.6092464773712892e-02 1.9010757207167307e-02 1.0001747222765294e+00 6.3192071382179749e-02 4.0588961477230845e-01 4.1511506087975349e+01 30
1 0 1 1 2.6074431911540002e-02 1.9000234376300641e-02 1.0001751077659209e+00 6.3178339265448746e-02 4.0684658221226017e-01 4.1561506084760971e+01 30
1 0 1 1 2.6056465739217088e-02 1.8989754393470327e-02 1.0001754810338364e+00 6.3164730001413094e-02 4.0780301386678186e-01 4.1611506081592239e+01 30
1 0 1 1 2.6038566246941959e-02 1.8979317222819644e-02 1.0001758420560762e+00 6.3151243199150442e-02 4.0875890799220765e-01 4.1661506078424523e+01 30
1 0 1 1 2.6020733422795612e-02 1.8968922827568901e-02 1.0001761908118132e+00 6.3137878466883568e-02 4.0971426287403112e-01 4.1711506075266243e+01 30
1 0 1 1 2.6002967252773953e-02 1.8958571170032648e-02 1.0001765272835779e+00 6.3124635412007385e-02 4.1066907682649489e-01 4.1761506072166924e+01 30
1 0 1 1 2.5985267720860229e-02 1.8948262211655596e-02 1.0001768514572438e+00 6.3111513641135986e-02 4.1162334818919266e-01 4.1811506069050360e+01 30
1 0 1 1 2.5967634808948856e-02 1.8937995912968169e-02 1.0001771633220129e+00 6.3098512760052045e-02 4.1257707533275756e-01 4.1861506066021796e+01 30
1 0 1 1 2.5950068497000628e-02 1.8927772233671043e-02 1.0001774628703939e+00 6.3085632373812206e-02 4.1353025665082577e-01 4.1911506062957542e+01 30
1 0 1 1 2.5932568762913576e-02 1.8917591132557365e-02 1.0001777500981865e+00 6.3072872086653076e-02 4.1448289056824322e-01 4.1961506059945393e+01 30
1 0 1 1 2.5915135582651457e-02 1.8907452567586538e-02 1.0001780250044572e+00 6.3060231502089503e-02 4.1543497553535585e-01 4.2011506056995167e+01 30
1 0 1 1 2.5897768930265290e-02 1.8897356495889854e-02 1.0001782875915168e+00 6.3047710222918940e-02 4.1638651002702154e-01 4.2061506053998031e+01 30
1 0 1 1 2.5880468777791037e-02 1.8887302873711251e-02 1.0001785378648973e+00 6.3035307851159600e-02 4.1733749255012259e-01 4.2111506051131400e+01 30
1 0 1 1 2.5863235095478675e-02 1.8877291656535317e-02 1.0001787758333232e+00 6.3023023988205806e-02 4.1828792163121153e-01 4.2161506048220637e+01 30
1 0 1 1 2.5846067851600450e-02 1.8867322798972391e-02 1.0001790015086864e+00 6.3010858234692407e-02 4.1923779582823983e-01 4.2211506045366733e+01 30
1 0 1 1 2.5828967012605970e-02 1.8857396254848429e-02 1.0001792149060160e+00 6.2998810190608656e-02 4.2018711372322753e-01 4.2261506042570652e+01 30
1 0 1 1 2.5811932543116957e-02 1.8847511977195048e-02 1.0001794160434476e+00 6.2986879455293798e-02 4.2113587392313157e-01 4.2311506039792214e+01 30
1 0 1 1 2.5794964405920707e-02 1.8837669918244582e-02 1.0001796049421920e+00 6.2975065627428051e-02 4.2208407506120577e-01 4.2361506037030800e+01 30
1 0 1 1 2.5778061349640145e-02 1.8827863961745024e-02 1.0001797841406701e+00 6.2963368305052614e-02 4.2303177798253144e-01 4.2411509043416459e+01 30
1 0 1 1 2.5761227389164833e-02 1.8818100803304628e-02 1.0001799515840397e+00 6.2951789193861352e-02 4.2397875828223641e-01 4.2461503506039030e+01 30
1 0 1 1 2.5744457123588957e-02 1.8808378299689149e-02 1.0001801068828904e+00 6.2940324044544249e-02 4.2492531711973697e-01 4.2511505443057260e+01 30
1 0 1 1 2.5727753481255278e-02 1.8798698123887916e-02 1.0001802500400458e+00 6.2928974498653700e-02 4.2587128602982699e-01 4.2561506027753403e+01 30
1 0 1 1 2.5711116156768354e-02 1.8789060073548462e-02 1.0001803810937848e+00 6.2917739971635744e-02 4.2681667827718106e-01 4.2611506025250598e+01 30
1 0 1 1 2.5694544905944083e-02 1.8779463982231421e-02 1.0001805000841111e+00 6.2906619924810614e-02 4.2776150375448663e-01 4.2661506022717390e+01 30
1 0 1 1 2.5678039679422723e-02 1.8769909796669038e-02 1.0001806070521049e+00 6.2895613952893670e-02 4.2870576126917470e-01 4.2711506020299574e+01 30
1 0 1 1 2.5661600426278110e-02 1.8760397462924069e-02 1.0001807020416342e+00 6.2884721650134145e-02 4.2964944964717500e-01 4.2761506017862025e+01 30
1 0 1 1 2.5645227093864641e-02 1.8750926926300249e-02 1.0001807850993139e+00 6.2873942610224054e-02 4.3059256774308874e-01 4.2811506015539038e+01 30
1 0 1 1 2.5628919628001526e-02 1.8741498131446217e-02 1.0001808562744607e+00 6.2863276426416481e-02 4.3153511443035303e-01 4.2861506013224101e+01 31
1 0 1 1 2.5612677972863731e-02 1.8732111022288191e-02 1.0001809156190509e+00 6.2852722691456780e-02 4.3247708860824208e-01 4.2911506010953943e+01 31
1 0 1 1 2.5596502071054121e-02 1.8722765542069714e-02 1.0001809631876735e+00 6.2842280997635946e-02 4.3341848919897236e-01 4.2961506008766747e+01 31
1 0 1 1 2.5580391863646752e-02 1.8713461633374409e-02 1.0001809990374859e+00 6.2831950936820757e-02 4.3435931514603671e-01 4.3011506006625297e+01 31
1 0 1 1 2.5564347290167350e-02 1.8704199238111108e-02 1.0001810232281660e+00 6.2821732100444144e-02 4.3529956541619980e-01 4.3061506004535410e+01 31
1 0 1 1 2.5548368288632953e-02 1.8694978297532763e-02 1.0001810358218659e+00 6.2811624079530393e-02 4.3623923899791095e-01 4.3111506002473959e+01 31
1 0 1 1 2.5532454795535949e-02 1.8685798752228436e-02 1.0001810368831623e+00 6.2801626464694699e-02 4.3717833490373093e-01 4.3161506000528313e+01 31
1 0 1 1 2.5516606745955132e-02 1.8676660542179559e-02 1.0001810264790092e+00 6.2791738846210421e-02 4.3811685216399721e-01 4.3211505998573770e+01 31
1 0 1 1 2.5500824073429827e-02 1.8667563606689242e-02 1.0001810046786870e+00 6.2781960813943632e-02 4.3905478983590285e-01 4.3261505996767625e+01 31
1 0 1 1 2.5485106710166339e-02 1.8658507884495343e-02 1.0001809715537533e+00 6.2772291957473136e-02 4.3999214699155764e-01 4.3311505994925277e+01 31
1 0 1 1 2.5469454586845051e-02 1.8649493313658637e-02 1.0001809271779922e+00 6.2762731865983939e-02 4.4092892273071316e-01 4.3361505993211040e+01 31
1 0 1 1 2.5453867632819656e-02 1.8640519831674109e-02 1.0001808716273624e+00 6.2753280128395345e-02 4.4186511616991136e-01 4.3411505991572056e+01 31
1 0 1 1 2.5438345776071326e-02 1.8631587375441436e-02 1.0001808049799468e+00 6.2743936333325867e-02 4.4280072644554513e-01 4.3461505989912609e+01 31
1 0 1 1 2.5422888943133444e-02 1.8622695881220081e-02 1.0001807273158991e+00 6.2734700069067062e-02 4.4373575271999322e-01 4.3511505988435530e+01 31
1 0 1 1 2.5407497059313600e-02 1.8613845284755279e-02 1.0001806387173926e+00 6.2725570923714002e-02 4.4467019416885256e-01 4.3561505986970445e+01 31
1 0 1 1 2.5392170048533790e-02 1.8605035521180507e-02 1.0001805392685670e+00 6.2716548485069107e-02 4.4560404999115966e-01 4.3611505985533469e+01 31
1 0 1 1 2.5376907833376532e-02 1.8596266525044890e-02 1.0001804290554743e+00 6.2707632340687991e-02 4.4653731940812963e-01 4.3661505984272225e+01 31
1 0 1 1 2.5361710335237639e-02 1.8587538230396147e-02 1.0001803081660279e+00 6.2698822077963234e-02 4.4747000165424178e-01 4.3711505983000265e+01 31
1 0 1 1 2.5346572359543910e-02 1.8578850570679241e-02 1.0001801766899465e+00 6.2690117284031482e-02 4.4840209598931235e-01 4.3761505981855059e+01 31
1 0 1 1 2.5331494377668719e-02 1.8570203478834032e-02 1.0001800347187022e+00 6.2681517545879861e-02 4.4933360168773850e-01 4.3811505980735902e+01 31
1 0 1 1 2.5316480939378015e-02 1.8561596887235028e-02 1.0001798823454653e+00 6.2673022450293048e-02 4.5026451804646545e-01 4.3861505979741224e+01 31
1 0 1 1 2.5301531960622948e-02 1.8553030727753925e-02 1.0001797196650513e+00 6.2664631583927877e-02 4.5119484437878665e-01 4.3911505978849256e+01 31
1 0 1 1 2.5286647356181143e-02 1.8544504931755953e-02 1.0001795467738670e+00 6.2656344533307540e-02 4.5212458001474215e-01 4.3961505977950424e+01 31
1 0 1 1 2.5271827039571659e-02 1.8536019430049684e-02 1.0001793637698553e+00 6.2648160884789333e-02 4.5305372430768676e-01 4.4011505977213531e+01 31
1 0 1 1 2.5257070923233923e-02 1.8527574152987100e-02 1.0001791707524423e+00 6.2640080224666744e-02 4.5398227662394636e-01 4.4061505976540879e+01 31
1 0 1 1 2.5242378918430501e-02 1.8519169030405715e-02 1.0001789678224828e+00 6.2632102139120516e-02 4.5491023634965372e-01 4.4111505975947907e+01 31
1 0 1 1 2.5227750935296844e-02 1.8510803991655531e-02 1.0001787550822063e+00 6.2624226214253564e-02 4.5583760288870045e-01 4.4161505975464564e+01 31
1 0 1 1 2.5213186882878352e-02 1.8502478965615285e-02 1.0001785326351640e+00 6.2616452036116099e-02 4.5676437566091882e-01 4.4211505975051104e+01 31
1 0 1 1 2.5198686669110366e-02 1.8494193880681745e-02 1.0001783005861737e+00 6.2608779190699543e-02 4.5769055410436238e-01 4.4261505974730639e+01 32
1 0 1 1 2.5184250200847098e-02 1.8485948664783369e-02 1.0001780590412672e+00 6.2601207263964731e-02 4.5861613767466303e-01 4.4311505974567552e+01 32
1 0 1 1 2.5169877383953442e-02 1.8477743245429331e-02 1.0001778081076387e+00 6.2593735841881798e-02 4.5954112583918133e-01 4.4361505974362274e+01 32
1 0 1 1 2.5155568123107534e-02 1.8469577549595839e-02 1.0001775478935859e+00 6.2586364510353792e-02 4.6046551809146147e-01 4.4411505974446051e+01 32
1 0 1 1 2.5141322322156021e-02 1.8461451503927060e-02 1.0001772785084670e+00 6.2579092855388013e-02 4.6138931392852123e-01 4.4461505974461943e+01 32
1 0 1 1 2.5127139883757338e-02 1.8453365034527942e-02 1.0001770000626378e+00 6.2571920462930697e-02 4.6231251287497266e-01 4.4511505974683843e+01 32
1 0 1 1 2.5113020709693682e-02 1.8445318067142100e-02 1.0001767126674068e+00 6.2564846919028860e-02 4.6323511446371618e-01 4.4561505974981259e+01 32
1 0 1 1 2.5098964700730773e-02 1.8437310527067444e-02 1.0001764164349811e+00 6.2557871809762078e-02 4.6415711824549466e-01 4.4611505975349196e+01 32
1 0 1 1 2.5084971756634808e-02 1.8429342339167386e-02 1.0001761114784133e+00 6.2550994721269099e-02 4.6507852378937625e-01 4.4661505975944998e+01 32
1 0 1 1 2.5071041776338655e-02 1.8421413427958847e-02 1.0001757979115546e+00 6.2544215239821899e-02 4.6599933067166505e-01 4.4711505976499389e+01 32
1 0 1 1 2.5057174657703782e-02 1.8413523717478942e-02 1.0001754758489996e+00 6.2537532951722707e-02 4.6691953849309076e-01 4.4761505977258395e+01 32
1 0 1 1 2.5043370297764298e-02 1.8405673131420372e-02 1.0001751454060395e+00 6.2530947443433821e-02 4.6783914686345368e-01 4.4811505978162934e+01 32
1 0 1 1 2.5029628592661817e-02 1.8397861593091279e-02 1.0001748066986120e+00 6.2524458301544794e-02 4.6875815540638305e-01 4.4861505979117659e+01 32
1 0 1 1 2.5015949437597617e-02 1.8390089025388027e-02 1.0001744598432507e+00 6.2518065112759869e-02 4.6967656376353284e-01 4.4911505980229521e+01 32
1 0 1 1 2.5002332726947345e-02 1.8382355350857589e-02 1.0001741049570385e+00 6.2511767463956092e-02 4.7059437158762851e-01 4.4961505981440659e+01 32
1 0 1 1 2.4988778354185004e-02 1.8374660491653410e-02 1.0001737421575567e+00 6.2505564942164193e-02 4.7151157854872383e-01 4.5011505982880593e+01 32
1 0 1 1 2.4975286212042969e-02 1.8367004369622856e-02 1.0001733715628431e+00 6.2499457134633840e-02 4.7242818432345207e-01 4.5061505984290363e+01 32
1 0 1 1 2.4961856192280005e-02 1.8359386906174606e-02 1.0001729932913370e+00 6.2493443628746509e-02 4.7334418861208133e-01 4.5111505985964001e+01 32
1 0 1 1 2.4948486923846273e-02 1.8351803737536213e-02 1.0001726090261882e+00 6.2487524012148049e-02 4.7425967273571307e-01 4.5161510265036092e+01 32
1 0 1 1 2.4935182246898210e-02 1.8344258450918697e-02 1.0001722183512194e+00 6.2481699387715056e-02 4.7517436732246193e-01 4.5211504191378978e+01 32
1 0 1 1 2.4921937993692096e-02 1.8336750846380350e-02 1.0001718202870240e+00 6.2475967217711259e-02 4.7608855353616891e-01 4.5261503253363330e+01 32
1 0 1 1 2.4908754454167011e-02 1.8329281072153095e-02 1.0001714149626950e+00 6.2470327281734128e-02 4.7700220439517171e-01 4.5311505997865488e+01 32
1 0 1 1 2.4895633211914951e-02 1.8321850008639635e-02 1.0001710025497710e+00 6.2464779895697986e-02 4.7791520224730438e-01 4.5361506000062825e+01 32
1 0 1 1 2.4882573429284720e-02 1.8314457164285123e-02 1.0001705831460239e+00 6.2459324336637312e-02 4.7882759699578881e-01 4.5411506002675893e+01 32
1 0 1 1 2.4869574992826604e-02 1.8307102458063256e-02 1.0001701568713741e+00 6.2453960193804448e-02 4.7973938841689712e-01 4.5461506005286630e+01 32
1 0 1 1 2.4856637788212770e-02 1.8299785808549782e-02 1.0001697238458027e+00 6.2448687056677693e-02 4.8065057630985369e-01 4.5511506008076410e+01 32
1 0 1 1 2.4843761700448868e-02 1.8292507134042808e-02 1.0001692841893184e+00 6.2443504515060311e-02 4.8156116048318304e-01 4.5561506011086621e+01 32
1 0 1 1 2.4830946613870503e-02 1.8285266352559462e-02 1.0001688380219145e+00 6.2438412159086187e-02 4.8247114075560965e-01 4.5611506014277630e+01 32
1 0 1 1 2.4818192412149873e-02 1.8278063381835574e-02 1.0001683854635315e+00 6.2433409579219279e-02 4.8338051695575640e-01 4.5661506017522086e+01 32
1 0 1 1 2.4805498978185656e-02 1.8270898139264538e-02 1.0001679266340120e+00 6.2428496366231323e-02 4.8428928893140238e-01 4.5711506021123824e+01 32
1 0 1 1 2.4797344889576019e-02 1.8266297094699031e-02 1.0001676274547115e+00 6.2425374941413009e-02 4.8487505479010912e-01 4.5743752089625815e+01 43
