isScalarized | massIncreased | isMonotoneInside | isMonotoneOutside | mass_Baryon | mass_ADM | AST(radius) | radius  |  phi_c | rho_c | ctr |
1 1 1 1 3.4826139337072688e-02 2.5094864230743207e-02 1.0000000539849487e+00 8.0072169999985579e-02 2.1290318628132388e-03 2.2645782440242698e+01 30
1 1 1 1 3.4825873090820518e-02 2.5094725583619033e-02 1.0000000845955956e+00 8.0071919999985586e-02 2.6651601665576585e-03 2.2645548179808468e+01 30
1 1 1 1 3.4825606844826225e-02 2.5094586936247151e-02 1.0000001152054656e+00 8.0071669999985592e-02 3.1102092010788793e-03 2.2645313920063469e+01 28
1 1 1 1 3.4825340599089587e-02 2.5094448288626968e-02 1.0000001458145589e+00 8.0071419999985599e-02 3.4991062232201621e-03 2.2645079661007490e+01 27
1 1 1 1 3.4825074353609653e-02 2.5094309640757137e-02 1.0000001764228752e+00 8.0071169999985606e-02 3.8489099715045693e-03 2.2644845402641202e+01 26
1 1 1 1 3.4782439846867040e-02 2.5072103029009557e-02 1.0000050680940813e+00 8.0031134414985619e-02 2.0656753812267309e-02 2.2607339865464084e+01 24
1 1 1 1 3.4739806114026085e-02 2.5049901071353457e-02 1.0000099374557052e+00 7.9991118847778125e-02 2.8963772080019663e-02 2.2569872230700597e+01 26
1 1 1 1 3.4697200170617844e-02 2.5027703682637296e-02 1.0000147845828868e+00 7.9951123288354242e-02 3.5375140269125221e-02 2.2532443939461757e+01 26
1 1 1 1 3.4659239846950338e-02 2.5007918287341013e-02 1.0000190871557013e+00 7.9915483739530224e-02 4.0241711246725050e-02 2.2499110620634728e+01 25
1 1 1 1 3.4621263187931503e-02 2.4988116511582385e-02 1.0000233764677648e+00 7.9879824283026896e-02 4.4586835839550087e-02 2.2465777300311714e+01 18
1 1 1 1 3.4583268815125037e-02 2.4968297625118339e-02 1.0000276526653835e+00 7.9844143742520524e-02 4.8550786345939866e-02 2.2432443979344345e+01 18
1 1 1 1 3.4545255332753697e-02 2.4948460887777850e-02 1.0000319158946540e+00 7.9808440928218094e-02 5.2220500842497963e-02 2.2399110658228402e+01 18
1 1 1 1 3.4507221327606141e-02 2.4928605549399654e-02 1.0000361663014330e+00 7.9772714636856701e-02 5.5654274084768356e-02 2.2365777337332151e+01 18
1 1 1 1 3.4469165368399807e-02 2.4908730849483293e-02 1.0000404040313662e+00 7.9736963651199866e-02 5.8893448394086695e-02 2.2332444016663789e+01 18
1 1 1 1 3.4431086005810276e-02 2.4888836017190892e-02 1.0000446292298413e+00 7.9701186740159136e-02 6.1968603480146933e-02 2.2299110696220854e+01 18
1 1 1 1 3.4392981772106326e-02 2.4868920271136897e-02 1.0000488420419829e+00 7.9665382658555328e-02 6.4903112439021457e-02 2.2265777376012974e+01 18
1 1 1 1 3.4354851180740484e-02 2.4848982819159659e-02 1.0000530426126530e+00 7.9629550146830985e-02 6.7715316420643948e-02 2.2232444056049619e+01 18
1 1 1 1 3.4316692725922797e-02 2.4829022858078538e-02 1.0000572310864508e+00 7.9593687930764767e-02 7.0419922098406473e-02 2.2199110736320595e+01 18
1 1 1 1 3.4278504882262459e-02 2.4809039573492866e-02 1.0000614076077035e+00 7.9557794721238306e-02 7.3028936627659261e-02 2.2165777416847551e+01 18
1 1 1 1 3.4240286104273231e-02 2.4789032139502898e-02 1.0000655723204703e+00 7.9521869213888874e-02 7.5552314463439504e-02 2.2132444097623438e+01 18
1 1 1 1 3.4202034825987167e-02 2.4768999718488380e-02 1.0000697253685344e+00 7.9485910088864686e-02 7.7998417644728160e-02 2.2099110778663380e+01 18
1 1 1 1 3.4163749460463765e-02 2.4748941460837188e-02 1.0000738668954035e+00 7.9449916010484151e-02 8.0374351365757254e-02 2.2065777459962320e+01 18
1 1 1 1 3.4125428399366921e-02 2.4728856504698107e-02 1.0000779970443003e+00 7.9413885626966663e-02 8.2686213790630209e-02 2.2032444141535283e+01 18
1 1 1 1 3.4087070012449261e-02 2.4708743975694496e-02 1.0000821159581641e+00 7.9377817570081000e-02 8.4939285472040743e-02 2.1999110823380384e+01 18
1 1 1 1 3.4048672647101222e-02 2.4688602986668553e-02 1.0000862237796406e+00 7.9341710454852443e-02 8.7138175306539778e-02 2.1965777505508523e+01 18
1 1 1 1 3.4010234627824064e-02 2.4668432637381280e-02 1.0000903206510803e+00 7.9305562879210950e-02 8.9286934632066994e-02 2.1932444187923597e+01 18
1 1 1 1 3.3971754255725767e-02 2.4648232014229138e-02 1.0000944067145312e+00 7.9269373423662692e-02 9.1389147570920093e-02 2.1899110870630071e+01 17
1 1 1 1 3.3933229807994472e-02 2.4628000189944509e-02 1.0000984821117325e+00 7.9233140650946443e-02 9.3448003397882520e-02 2.1865777553632945e+01 17
1 1 1 1 3.3894659537359026e-02 2.4607736223289784e-02 1.0001025469841067e+00 7.9196863105682413e-02 9.5466355119048663e-02 2.1832444236947854e+01 17
1 1 1 1 3.3856041671503127e-02 2.4587439158730396e-02 1.0001066014727562e+00 7.9160539313980094e-02 9.7446767345651233e-02 2.1799110920567223e+01 17
1 1 1 1 3.3817374412532991e-02 2.4567108026123424e-02 1.0001106457184501e+00 7.9124167783114430e-02 9.9391555754557312e-02 2.1765777604505946e+01 17
1 1 1 1 3.3775316089352608e-02 2.4544982688057299e-02 1.0001150271771024e+00 7.9084605699222876e-02 1.0146605753724573e-01 2.1729571047476352e+01 19
1 1 1 1 3.3733276874961506e-02 2.4522843504871248e-02 1.0001193888367990e+00 7.9045063396373266e-02 1.0349951594456212e-01 2.1693434612849451e+01 19
1 1 1 1 3.3694446495216711e-02 2.4502385801251528e-02 1.0001234014205167e+00 7.9008538666894335e-02 1.0534410628602695e-01 2.1660105912467881e+01 17
1 1 1 1 3.3652448980184574e-02 2.4480250432378333e-02 1.0001277238336428e+00 7.8969034397560881e-02 1.0730469166487533e-01 2.1624113972382542e+01 19
1 1 1 1 3.3613492114024764e-02 2.4459709263391121e-02 1.0001317170981587e+00 7.8932390082214726e-02 1.0909291103670732e-01 2.1590780660199453e+01 17
1 1 1 1 3.3574473990633527e-02 2.4439127683255416e-02 1.0001357010193650e+00 7.8895688212644255e-02 1.1085601001666424e-01 2.1557447347186624e+01 17
1 1 1 1 3.3535392608646047e-02 2.4418504605172413e-02 1.0001396757349825e+00 7.8858927148387881e-02 1.1259521750149992e-01 2.1524114034031186e+01 17
1 1 1 1 3.3496245935050670e-02 2.4397838924332681e-02 1.0001436413823794e+00 7.8822105226078576e-02 1.1431167313021678e-01 2.1490780720863636e+01 17
1 1 1 1 3.3457031905403958e-02 2.4377129518000282e-02 1.0001475980984582e+00 7.8785220759885893e-02 1.1600643625551070e-01 2.1457447408084008e+01 17
1 1 1 1 3.3417748422286286e-02 2.4356375244669524e-02 1.0001515460197195e+00 7.8748272040305101e-02 1.1768049386331794e-01 2.1424114095690907e+01 17
1 1 1 1 3.3378393354995546e-02 2.4335574943866345e-02 1.0001554852821921e+00 7.8711257334129647e-02 1.1933476747453554e-01 2.1390780783706610e+01 17
1 1 1 1 3.3338964538689203e-02 2.4314727435669297e-02 1.0001594160214236e+00 7.8674174883900883e-02 1.2097011924985317e-01 2.1357447472127447e+01 17
1 1 1 1 3.3299459773588412e-02 2.4293831520251902e-02 1.0001633383724526e+00 7.8637022907442955e-02 1.2258735738466510e-01 2.1324114160967227e+01 17
1 1 1 1 3.3259876824092940e-02 2.4272885977381677e-02 1.0001672524697931e+00 7.8599799597311670e-02 1.2418724089937036e-01 2.1290780850234508e+01 17
1 1 1 1 3.3220213417895897e-02 2.4251889565917218e-02 1.0001711584474098e+00 7.8562503120261751e-02 1.2577048390222426e-01 2.1257447539938195e+01 17
1 1 1 1 3.3180467245070414e-02 2.4230841023290903e-02 1.0001750564386962e+00 7.8525131616694249e-02 1.2733775939565742e-01 2.1224114230086819e+01 17
1 1 1 1 3.3140635957124021e-02 2.4209739064969406e-02 1.0001789465764486e+00 7.8487683200092001e-02 1.2888970268425487e-01 2.1190780920691672e+01 17
1 1 1 1 3.3100717166017368e-02 2.4188582383895495e-02 1.0001828289928409e+00 7.8450155956432371e-02 1.3042691443511539e-01 2.1157447611758382e+01 17
1 1 1 1 3.3060708443180917e-02 2.4167369649932408e-02 1.0001867038193948e+00 7.8412547943605970e-02 1.3194996343173246e-01 2.1124114303300811e+01 17
1 1 1 1 3.3020607318456033e-02 2.4146099509257397e-02 1.0001905711869514e+00 7.8374857190790626e-02 1.3345938906052177e-01 2.1090780995326380e+01 17
1 1 1 1 3.2980411279049382e-02 2.4124770583771590e-02 1.0001944312256394e+00 7.8337081697836736e-02 1.3495570355892658e-01 2.1057447687849329e+01 17
1 1 1 1 3.2940117768405185e-02 2.4103381470454380e-02 1.0001982840648422e+00 7.8299219434609768e-02 1.3643939405512365e-01 2.1024114380874206e+01 17
1 1 1 1 3.2899724185099281e-02 2.4081930740737313e-02 1.0002021298331611e+00 7.8261268340352741e-02 1.3791092442003478e-01 2.0990781074414663e+01 17
1 1 1 1 3.2859227881649446e-02 2.4060416939825073e-02 1.0002059686583782e+00 7.8223226322997108e-02 1.3937073695515170e-01 2.0957447768483625e+01 17
1 1 1 1 3.2818612599733350e-02 2.4038838586007784e-02 1.0002098006674185e+00 7.8185091258465927e-02 1.4081925393275041e-01 2.0924114463085331e+01 17
1 1 1 1 3.2777876726654186e-02 2.4017194169959153e-02 1.0002136259863041e+00 7.8146860989986633e-02 1.4225687900279713e-01 2.0890781158242742e+01 17
1 1 1 1 3.2737030036054000e-02 2.3995482153981916e-02 1.0002174447401144e+00 7.8108533327319235e-02 1.4368399848486296e-01 2.0857447853955978e+01 17
1 1 1 1 3.2696069682935480e-02 2.3973700971275200e-02 1.0002212570529345e+00 7.8070106046052801e-02 1.4510098255075635e-01 2.0824114550240111e+01 17
1 1 1 1 3.2654992769807732e-02 2.3951849025134073e-02 1.0002250630478071e+00 7.8031576886818721e-02 1.4650818631419552e-01 2.0790781247112850e+01 17
1 1 1 1 3.2613796345253049e-02 2.3929924688138027e-02 1.0002288628466809e+00 7.7992943554488492e-02 1.4790595083503100e-01 2.0757447944575951e+01 17
1 1 1 1 3.2572477402498759e-02 2.3907926301333027e-02 1.0002326565703512e+00 7.7954203717403386e-02 1.4929460404374334e-01 2.0724114642654495e+01 17
1 1 1 1 3.2531032877843841e-02 2.3885852173338031e-02 1.0002364443384058e+00 7.7915355006496434e-02 1.5067446159989542e-01 2.0690781341345637e+01 17
1 1 1 1 3.2489459649159572e-02 2.3863700579487099e-02 1.0002402262691548e+00 7.7876395014502831e-02 1.5204582768263586e-01 2.0657448040680393e+01 17
1 1 1 1 3.2447754534184511e-02 2.3841469760857697e-02 1.0002440024795736e+00 7.7837321295015999e-02 1.5340899572936020e-01 2.0624114740654392e+01 17
1 1 1 1 3.2405914288933101e-02 2.3819157923366037e-02 1.0002477730852235e+00 7.7798131361663747e-02 1.5476424911667386e-01 2.0590781441295242e+01 17
1 1 1 1 3.2363935605884991e-02 2.3796763236731355e-02 1.0002515382001851e+00 7.7758822687128637e-02 1.5611186179936579e-01 2.0557448142602453e+01 17
1 1 1 1 3.2321815112257166e-02 2.3774283833487328e-02 1.0002552979369725e+00 7.7719392702264523e-02 1.5745209890148093e-01 2.0524114844606014e+01 17
1 1 1 1 3.2279549368079211e-02 2.3751717807892286e-02 1.0002590524064576e+00 7.7679838795064932e-02 1.5878521727302020e-01 2.0490781547305971e+01 17
1 1 1 1 3.2237134864328942e-02 2.3729063214856697e-02 1.0002628017177759e+00 7.7640158309729590e-02 1.6011146600644702e-01 2.0457448250722969e+01 17
1 1 1 1 3.2194568020908719e-02 2.3706318068791709e-02 1.0002665459782358e+00 7.7600348545613651e-02 1.6143108692371333e-01 2.0424114954870031e+01 17
1 1 1 1 3.2151845184592881e-02 2.3683480342435226e-02 1.0002702852932204e+00 7.7560406756194772e-02 1.6274431503187478e-01 2.0390781659764350e+01 17
1 1 1 1 3.2108962626885534e-02 2.3660547965633074e-02 1.0002740197660829e+00 7.7520330147991312e-02 1.6405137895254110e-01 2.0357448365411834e+01 17
1 1 1 1 3.2065916541838414e-02 2.3637518824086001e-02 1.0002777494980333e+00 7.7480115879495576e-02 1.6535250132443061e-01 2.0324115071841828e+01 17
1 1 1 1 3.2022703043701382e-02 2.3614390758012156e-02 1.0002814745880277e+00 7.7439761059991896e-02 1.6664789918654960e-01 2.0290781779054264e+01 17
1 1 1 1 3.1979318164614419e-02 2.3591161560826607e-02 1.0002851951326370e+00 7.7399262748463205e-02 1.6793778433624248e-01 2.0257448487075212e+01 17
1 1 1 1 3.1937841687811469e-02 2.3568939115826394e-02 1.0002887343527420e+00 7.7360563117088971e-02 1.6916114693126175e-01 2.0225706654085979e+01 17
1 1 1 1 3.1894111174950765e-02 2.3545489186834207e-02 1.0002924474922448e+00 7.7319779944199196e-02 1.7044083556711856e-01 2.0192373795229305e+01 17
1 1 1 1 3.1850199692922507e-02 2.3521932797327495e-02 1.0002961561646775e+00 7.7278846716955257e-02 1.7171553367021519e-01 2.0159042931125182e+01 17
1 1 1 1 3.1808729826475507e-02 2.3499677578122959e-02 1.0002996403522926e+00 7.7240207293596777e-02 1.7291006950183943e-01 2.0127695451931622e+01 17
1 1 1 1 3.1764446475895151e-02 2.3475903238481342e-02 1.0003033412986977e+00 7.7198966110931355e-02 1.7417587516203797e-01 2.0094362161275651e+01 17
1 1 1 1 3.1719966551198485e-02 2.3452013792114281e-02 1.0003070382423835e+00 7.7157562988618700e-02 1.7543732706539933e-01 2.0061028872780629e+01 17
1 1 1 1 3.1675285445728465e-02 2.3428006667877817e-02 1.0003107312594128e+00 7.7115994604475213e-02 1.7669460933210043e-01 2.0027695586083496e+01 17
1 1 1 1 3.1630398448774598e-02 2.3403879235282039e-02 1.0003144204221743e+00 7.7074257575997618e-02 1.7794790312355377e-01 1.9994362301001100e+01 17
1 1 1 1 3.1585300741375305e-02 2.3379628802124020e-02 1.0003181057992521e+00 7.7032348458085376e-02 1.7919738690519538e-01 1.9961029016866089e+01 17
1 1 1 1 3.1539987394452539e-02 2.3355252613368974e-02 1.0003217874550765e+00 7.6990263743024367e-02 1.8044323663258743e-01 1.9927695733680753e+01 17
1 1 1 1 3.1494453364372461e-02 2.3330747848631952e-02 1.0003254654497633e+00 7.6947999858171634e-02 1.8168562599757068e-01 1.9894362451473967e+01 17
1 1 1 1 3.1448693489183673e-02 2.3306111620036103e-02 1.0003291398388725e+00 7.6905553164353269e-02 1.8292472664520026e-01 1.9861029170249576e+01 17
1 1 1 1 3.1402702484808261e-02 2.3281340970023642e-02 1.0003328106731417e+00 7.6862919954337083e-02 1.8416070838122583e-01 1.9827695890026302e+01 17
1 1 1 1 3.1356474941008849e-02 2.3256432869048861e-02 1.0003364779982098e+00 7.6820096451194420e-02 1.8539373937638962e-01 1.9794362610818538e+01 17
1 1 1 1 3.1310005317223277e-02 2.3231384213194324e-02 1.0003401418543225e+00 7.6777078806655269e-02 1.8662398636521413e-01 1.9761029332638508e+01 17
1 1 1 1 3.1263287938221432e-02 2.3206191821680554e-02 1.0003438022760183e+00 7.6733863099428590e-02 1.8785161484076179e-01 1.9727696055497685e+01 17
1 1 1 1 3.1216316989597502e-02 2.3180852434286050e-02 1.0003474592917945e+00 7.6690445333487511e-02 1.8907678924587193e-01 1.9694362779409516e+01 17
1 1 1 1 3.1169086513049903e-02 2.3155362708639628e-02 1.0003511129237554e+00 7.6646821436310741e-02 1.9029967316182408e-01 1.9661029504384231e+01 17
1 1 1 1 3.1121588432629858e-02 2.3129719217422455e-02 1.0003547631872360e+00 7.6602987257100574e-02 1.9152042949431619e-01 1.9627696230433834e+01 17
1 1 1 1 3.1073789708294625e-02 2.3103918445430638e-02 1.0003584100904026e+00 7.6558938564954993e-02 1.9273922065818908e-01 1.9594362957563906e+01 17
1 1 1 1 3.1025712778993512e-02 2.3077956786536503e-02 1.0003620536338271e+00 7.6514671047029165e-02 1.9395620876021782e-01 1.9561029685785098e+01 17
1 1 1 1 3.0977351059581291e-02 2.3051830540498076e-02 1.0003656938100376e+00 7.6470180306638214e-02 1.9517155578208731e-01 1.9527696415101833e+01 17
1 1 1 1 3.0928697794421575e-02 2.3025535909647694e-02 1.0003693306030355e+00 7.6425461861353849e-02 1.9638542376256626e-01 1.9494363145519046e+01 17
1 1 1 1 3.0879746051348852e-02 2.2999068995426242e-02 1.0003729639877859e+00 7.6380511141060370e-02 1.9759797498040396e-01 1.9461029877040236e+01 17
1 1 1 1 3.0830488715375619e-02 2.2972425794774751e-02 1.0003765939296720e+00 7.6335323485985596e-02 1.9880937213819008e-01 1.9427696609664455e+01 17
1 1 1 1 3.0780918482128314e-02 2.2945602196364868e-02 1.0003802203839156e+00 7.6289894144717874e-02 2.0001977854731129e-01 1.9394363343393486e+01 17
1 1 1 1 3.0731027850968377e-02 2.2918593976651837e-02 1.0003838432949601e+00 7.6244218272181086e-02 2.0122935831584049e-01 1.9361030078213698e+01 17
1 1 1 1 3.0680809117872205e-02 2.2891396795785487e-02 1.0003874625958091e+00 7.6198290927647183e-02 2.0243827653709592e-01 1.9327696814129425e+01 17
1 1 1 1 3.0630254367888271e-02 2.2864006193279093e-02 1.0003910782073284e+00 7.6152107072645719e-02 2.0364669948404462e-01 1.9294363551121872e+01 17
1 1 1 1 3.0579355467361711e-02 2.2836417583548724e-02 1.0003946900374936e+00 7.6105661568959371e-02 2.0485479480492327e-01 1.9261030289175764e+01 17
1 1 1 1 3.0528104055748306e-02 2.2808626251204476e-02 1.0003982979805925e+00 7.6058949176571661e-02 2.0606273172424702e-01 1.9227697028276765e+01 17
1 1 1 1 3.0476491537049028e-02 2.2780627346139431e-02 1.0004019019163719e+00 7.6011964551608302e-02 2.0727068124913578e-01 1.9194363768396940e+01 17
1 1 1 1 3.0424509070882996e-02 2.2752415878392235e-02 1.0004055017091256e+00 7.5964702244328108e-02 2.0847881638021051e-01 1.9161030509508784e+01 17
1 1 1 1 3.0372147563122790e-02 2.2723986712775840e-02 1.0004090972067221e+00 7.5917156697104249e-02 2.0968731232957494e-01 1.9127697251574915e+01 17
1 1 1 1 3.0330292936635792e-02 2.2701247355324770e-02 1.0004119497468948e+00 7.5879198118755695e-02 2.1064730878789673e-01 1.9101228483262197e+01 17
1 1 1 1 3.0277228181430173e-02 2.2672393177735596e-02 1.0004155393519620e+00 7.5831134571662295e-02 2.1185688093545388e-01 1.9067895493844318e+01 17
1 1 1 1 3.0223761620528703e-02 2.2643308394993060e-02 1.0004191239080407e+00 7.5782775323248897e-02 2.1306722529186917e-01 1.9034565037887337e+01 17
1 1 1 1 3.0181814296358800e-02 2.2620481378201784e-02 1.0004219134318872e+00 7.5744883935587273e-02 2.1401100706268894e-01 1.9008594954511938e+01 17
1 1 1 1 3.0127595825420898e-02 2.2590965621409408e-02 1.0004254892230933e+00 7.5695973093301727e-02 2.1522345245762742e-01 1.8975261682896036e+01 17
1 1 1 1 3.0072942506776897e-02 2.2561200656253440e-02 1.0004290595567085e+00 7.5646745948281413e-02 2.1643728639314960e-01 1.8941928419434074e+01 17
1 1 1 1 3.0017843308723795e-02 2.2531180238286812e-02 1.0004326241431813e+00 7.5597196184278209e-02 2.1765270467968603e-01 1.8908595161958381e+01 17
1 1 1 1 2.9962286860474519e-02 2.2500897928803720e-02 1.0004361826664496e+00 7.5547317365343952e-02 2.1886990723545216e-01 1.8875261909273373e+01 17
1 1 1 1 2.9906261430998300e-02 2.2470347082894741e-02 1.0004397347826421e+00 7.5497102928152315e-02 2.2008909854834938e-01 1.8841928656868163e+01 17
1 1 1 1 2.9849754927171235e-02 2.2439520848005753e-02 1.0004432801173782e+00 7.5446546192470348e-02 2.2131048771601941e-01 1.8808595404591301e+01 17
1 1 1 1 2.9792754871184247e-02 2.2408412151174083e-02 1.0004468182642112e+00 7.5395640353877219e-02 2.2253428894173927e-01 1.8775262152285116e+01 17
1 1 1 1 2.9735248384325137e-02 2.2377013689713541e-02 1.0004503487824585e+00 7.5344378483187979e-02 2.2376072189013732e-01 1.8741928899759483e+01 17
1 1 1 1 2.9677222170012060e-02 2.2345317921463163e-02 1.0004538711948601e+00 7.5292753526249756e-02 2.2499001206058464e-01 1.8708595646814238e+01 17
1 1 1 1 2.9618662495878859e-02 2.2313317054501167e-02 1.0004573849850664e+00 7.5240758304024880e-02 2.2622239118395190e-01 1.8675262393201137e+01 17
1 1 1 1 2.9559517010504233e-02 2.2281003036391984e-02 1.0004608895949243e+00 7.5188385513196121e-02 2.2745809763957067e-01 1.8641929138660352e+01 17
1 1 1 1 2.9499808777846557e-02 2.2248367542835275e-02 1.0004643844215617e+00 7.5135627727151572e-02 2.2869737689945793e-01 1.8608595882892992e+01 17
1 1 1 1 2.9439523179714960e-02 2.2215401965733104e-02 1.0004678688142379e+00 7.5082477397563269e-02 2.2994048199897621e-01 1.8575262625551808e+01 17
1 1 1 1 2.9378644544950268e-02 2.2182097400684341e-02 1.0004713420709459e+00 7.5028926856638145e-02 2.3118767403563206e-01 1.8541929366265258e+01 16
1 1 1 1 2.9317156662735377e-02 2.2148444633760495e-02 1.0004748034347486e+00 7.4974968320005136e-02 2.3243922270248668e-01 1.8508596104591554e+01 16
1 1 1 1 2.9255042758510451e-02 2.2114434127673648e-02 1.0004782520898112e+00 7.4920593890554665e-02 2.3369540685313619e-01 1.8475262840057912e+01 16
1 1 1 1 2.9192285468471444e-02 2.2080056007142763e-02 1.0004816871571225e+00 7.4865795563103799e-02 2.3495651510786522e-01 1.8441929572111086e+01 16
1 1 1 1 2.9128866812857198e-02 2.2045300043556582e-02 1.0004851076898538e+00 7.4810565230266246e-02 2.3622284649822348e-01 1.8408596300142481e+01 16
1 1 1 1 2.9064768167739174e-02 2.2010155638797820e-02 1.0004885126683423e+00 7.4754894689486345e-02 2.3749471115852694e-01 1.8375263023459176e+01 16
1 1 1 1 2.8999970235369151e-02 2.1974611808235615e-02 1.0004919009946480e+00 7.4698775651545701e-02 2.3877243106525192e-01 1.8341929741284300e+01 16
1 1 1 1 2.8934452984958024e-02 2.1938657021039591e-02 1.0004952715044586e+00 7.4642199750673738e-02 2.4005634132116169e-01 1.8308596439042340e+01 16
1 1 1 1 2.8891121207733773e-02 2.1914850265969819e-02 1.0004974721855058e+00 7.4604878650798401e-02 2.4090117000384736e-01 1.8286754049536682e+01 16
1 1 1 1 2.8824379041964113e-02 2.1878168156236302e-02 1.0005008133864917e+00 7.4547543184034282e-02 2.4219586044444202e-01 1.8253426626209915e+01 16
1 1 1 1 2.8780874972716589e-02 2.1854249130341286e-02 1.0005029594356527e+00 7.4510269412442265e-02 2.4303557265133308e-01 1.8231908154566909e+01 16
1 1 1 1 2.8712831896621105e-02 2.1816824466981008e-02 1.0005062652341006e+00 7.4452130460790467e-02 2.4434245633860094e-01 1.8198574829074879e+01 16
1 1 1 1 2.8643974644694887e-02 2.1778934952260309e-02 1.0005095470417948e+00 7.4393498090131405e-02 2.4565713466604996e-01 1.8165241497978183e+01 16
1 1 1 1 2.8600164237675536e-02 2.1754818896197771e-02 1.0005116015448086e+00 7.4356301341086339e-02 2.4648959758237529e-01 1.8144240833976443e+01 16
1 1 1 1 2.8556274710713477e-02 2.1730652417582496e-02 1.0005136334123002e+00 7.4319123190415795e-02 2.4732051534249988e-01 1.8123363346866896e+01 16
1 1 1 1 2.8512303988983141e-02 2.1706434371589620e-02 1.0005156424359991e+00 7.4281963628820585e-02 2.4814997042930903e-01 1.8102608214800565e+01 16
1 1 1 1 2.8468249941534872e-02 2.1682163581701469e-02 1.0005176284009543e+00 7.4244822647006173e-02 2.4897804624967398e-01 1.8081974597863635e+01 16
1 1 1 1 2.8424110378839872e-02 2.1657838838345624e-02 1.0005195910852993e+00 7.4207700235682669e-02 2.4980482720208358e-01 1.8061461637879901e+01 16
1 1 1 1 2.8379883050201133e-02 2.1633458897455052e-02 1.0005215302600046e+00 7.4170596385564821e-02 2.5063039874706960e-01 1.8041068458192303e+01 16
1 1 1 1 2.8335565641011976e-02 2.1609022478949722e-02 1.0005234456886158e+00 7.4133511087372039e-02 2.5145484748145580e-01 1.8020794163402336e+01 16
1 1 1 1 2.8291151965370180e-02 2.1584528265126721e-02 1.0005253371269780e+00 7.4096444331828354e-02 2.5227826121581221e-01 1.8000637839087013e+01 16
1 1 1 1 2.8246617158580640e-02 2.1559974898964707e-02 1.0005272043229421e+00 7.4059396109662445e-02 2.5310072905608572e-01 1.7980598551474340e+01 16
1 1 1 1 2.8201985123925292e-02 2.1535360982326186e-02 1.0005290470160566e+00 7.4022366411607615e-02 2.5392234148919934e-01 1.7960675347087125e+01 16
1 1 1 1 2.8157253259819340e-02 2.1510685074047627e-02 1.0005308649372386e+00 7.3985355228401814e-02 2.5474319047345201e-01 1.7940867252341221e+01 16
1 1 1 1 2.8112418884509289e-02 2.1485945687922912e-02 1.0005326578084273e+00 7.3948362550787614e-02 2.5556336953355147e-01 1.7921173273107112e+01 16
1 1 1 1 2.8067479232212259e-02 2.1461141290563018e-02 1.0005344253422150e+00 7.3911388369512221e-02 2.5638297386111258e-01 1.7901592394221851e+01 16
1 1 1 1 2.8022431449010027e-02 2.1436270299118730e-02 1.0005361672414577e+00 7.3874432675327464e-02 2.5720210042091324e-01 1.7882123578951095e+01 16
1 1 1 1 2.7977272588495545e-02 2.1411331078866652e-02 1.0005378831988576e+00 7.3837495458989807e-02 2.5802084806309084e-01 1.7862765768404063e+01 16
1 1 1 1 2.7931999607136840e-02 2.1386321940639677e-02 1.0005395728965238e+00 7.3800576711260307e-02 2.5883931764220913e-01 1.7843517880887454e+01 16
1 1 1 1 2.7886609359343135e-02 2.1361241138093463e-02 1.0005412360055015e+00 7.3763676422904684e-02 2.5965761214360716e-01 1.7824378811197445e+01 16
1 1 1 1 2.7841098592211011e-02 2.1336086864792270e-02 1.0005428721852732e+00 7.3726794584693237e-02 2.6047583681730968e-01 1.7805347429852286e+01 16
1 1 1 1 2.7795463939919690e-02 2.1310857251106610e-02 1.0005444810832258e+00 7.3689931187400887e-02 2.6129409932082864e-01 1.7786422582244978e+01 16
1 1 1 1 2.7749701917753444e-02 2.1285550360898943e-02 1.0005460623340825e+00 7.3653086221807190e-02 2.6211250987076556e-01 1.7767603087728894e+01 16
1 1 1 1 2.7703808915713408e-02 2.1260164187986760e-02 1.0005476155592967e+00 7.3616259678696283e-02 2.6293118140464100e-01 1.7748887738615586e+01 16
1 1 1 1 2.7657776977168865e-02 2.1234676749736701e-02 1.0005491430723716e+00 7.3579451548856936e-02 2.6375029669272521e-01 1.7730273690204665e+01 16
1 1 1 1 2.7574378239991561e-02 2.1188478017095523e-02 1.0005518263274664e+00 7.3513094066962603e-02 2.6522938219470282e-01 1.7696948724380263e+01 16
1 1 1 1 2.7527946749240254e-02 2.1162747975977236e-02 1.0005532723298374e+00 7.3476337519929116e-02 2.6605020759128356e-01 1.7678616253174198e+01 16
1 1 1 1 2.7481364967362556e-02 2.1136928024203298e-02 1.0005546882756853e+00 7.3439599351169157e-02 2.6687187985345401e-01 1.7660381746664648e+01 16
1 1 1 1 2.7434628404569061e-02 2.1111015664026015e-02 1.0005560736944947e+00 7.3402879551493577e-02 2.6769453157116851e-01 1.7642243814500443e+01 16
1 1 1 1 2.7387732388290679e-02 2.1085008295817734e-02 1.0005574280970371e+00 7.3366178111717834e-02 2.6851829950218792e-01 1.7624201029645612e+01 16
1 1 1 1 2.7340672052086200e-02 2.1058903211934123e-02 1.0005587509743263e+00 7.3329495022661978e-02 2.6934332485030715e-01 1.7606251926428953e+01 16
1 1 1 1 2.7293442323675629e-02 2.1032697590092599e-02 1.0005600417964904e+00 7.3292830275150642e-02 2.7016975356534512e-01 1.7588394998417726e+01 16
1 1 1 1 2.7246037912009632e-02 2.1006388486218577e-02 1.0005613000115570e+00 7.3256183860013063e-02 2.7099773666709503e-01 1.7570628696097213e+01 16
1 1 1 1 2.7198453293285903e-02 2.0979972826711275e-02 1.0005625250441392e+00 7.3219555768083061e-02 2.7182743059567038e-01 1.7552951424336772e+01 16
1 1 1 1 2.7150682695801846e-02 2.0953447400064159e-02 1.0005637162940151e+00 7.3182945990199019e-02 2.7265899759074369e-01 1.7535361539625214e+01 16
1 1 1 1 2.7102695260716417e-02 2.0926808847786530e-02 1.0005648731345878e+00 7.3146354517203915e-02 2.7349260610304782e-01 1.7517857347044028e+01 16
1 1 1 1 2.7054500760956873e-02 2.0900053654523486e-02 1.0005659949112145e+00 7.3109781339945307e-02 2.7432843124134049e-01 1.7500437096956627e+01 16
1 1 1 1 2.7006101508403293e-02 2.0873178137327010e-02 1.0005670809393921e+00 7.3073226449275330e-02 2.7516665525889333e-01 1.7483098981377619e+01 16
1 1 1 1 2.6957490559155722e-02 2.0846178433951534e-02 1.0005681305027803e+00 7.3036689836050689e-02 2.7600746808354143e-01 1.7465841129994864e+01 16
1 1 1 1 2.6908660623394465e-02 2.0819050490079302e-02 1.0005691428510479e+00 7.3000171491132665e-02 2.7685106789673580e-01 1.7448661605794129e+01 16
1 1 1 1 2.6859604040109203e-02 2.0791790045363724e-02 1.0005701171975199e+00 7.2963671405387093e-02 2.7769766176671273e-01 1.7431558400251582e+01 16
1 1 1 1 2.6810312749394483e-02 2.0764392618119243e-02 1.0005710527166023e+00 7.2927189569684400e-02 2.7854746634261501e-01 1.7414529428034616e+01 16
1 1 1 1 2.6760778262045318e-02 2.0736853488537026e-02 1.0005719485409614e+00 7.2890725974899553e-02 2.7940070861686167e-01 1.7397572521151822e+01 16
1 1 1 1 2.6710991626121464e-02 2.0709167680216765e-02 1.0005728037584236e+00 7.2854280611912098e-02 2.8025762676353261e-01 1.7380685422497642e+01 16
1 1 1 1 2.6660943390079246e-02 2.0681329939814645e-02 1.0005736174085647e+00 7.2817853471606145e-02 2.8111847106350168e-01 1.7363865778691824e+01 16
1 1 1 1 2.6610623360736635e-02 2.0653333852921792e-02 1.0005743885979648e+00 7.2781444544870344e-02 2.8198350804123834e-01 1.7347111069455643e+01 16
1 1 1 1 2.6560015037119179e-02 2.0625148284186743e-02 1.0005751197461505e+00 7.2745053822597910e-02 2.8285310703213423e-01 1.7330416898903170e+01 16
1 1 1 1 2.6457566005799474e-02 2.0568072373416842e-02 1.0005764505623498e+00 7.2672086201634234e-02 2.8461274103784701e-01 1.7297095386508389e+01 16
1 1 1 1 2.6406038823714739e-02 2.0539356740523158e-02 1.0005770433630388e+00 7.2635750158533421e-02 2.8549760883156727e-01 1.7280572215400014e+01 16
1 1 1 1 2.6354180085448119e-02 2.0510450398547604e-02 1.0005775875545959e+00 7.2599432283454154e-02 2.8638822778699047e-01 1.7264099845944905e+01 16
1 1 1 1 2.6301975399575423e-02 2.0481345357141474e-02 1.0005780817053826e+00 7.2563132567312422e-02 2.8728496919696395e-01 1.7247674966495495e+01 16
1 1 1 1 2.6249409385557060e-02 2.0452033078839870e-02 1.0005785242905445e+00 7.2526851001028764e-02 2.8818822877915512e-01 1.7231294072240427e+01 16
1 1 1 1 2.6196465574731102e-02 2.0422504424467983e-02 1.0005789136829724e+00 7.2490587575528245e-02 2.8909842917420520e-01 1.7214953445350591e+01 16
1 1 1 1 2.6143126298180164e-02 2.0392749591321774e-02 1.0005792481430860e+00 7.2454342281740483e-02 2.9001602277728783e-01 1.7198649132422716e+01 16
1 1 1 1 2.6089349462383043e-02 2.0362758042927729e-02 1.0005795258072367e+00 7.2418115110599618e-02 2.9094149495859278e-01 1.7182376918772029e+01 16
1 1 1 1 2.6035121174534468e-02 2.0332518428917451e-02 1.0005797446745039e+00 7.2381906053044315e-02 2.9187536774002687e-01 1.7166132299026007e+01 16
1 1 1 1 2.5980435973176390e-02 2.0302018493279683e-02 1.0005799025915920e+00 7.2345715100017791e-02 2.9281820401018110e-01 1.7149910443344805e+01 15
1 1 1 1 2.5925269910994090e-02 2.0271244968840921e-02 1.0005799972354896e+00 7.2309542242467786e-02 2.9377061237628183e-01 1.7133706158467998e+01 15
1 1 1 1 2.5869596987644211e-02 2.0240183455359169e-02 1.0005800260934634e+00 7.2273387471346554e-02 2.9473325277567530e-01 1.7117513842578830e+01 15
1 1 1 1 2.5813388892729255e-02 2.0208818278017310e-02 1.0005799864398710e+00 7.2237250777610881e-02 2.9570684299586431e-01 1.7101327432776834e+01 15
1 1 1 1 2.5756614705801192e-02 2.0177132322295076e-02 1.0005798753091419e+00 7.2201132152222069e-02 2.9669216629143935e-01 1.7085140343601825e+01 15
1 1 1 1 2.5699240544330818e-02 2.0145106840231717e-02 1.0005796894641239e+00 7.2165031586145956e-02 2.9769008032974026e-01 1.7068945394723873e+01 15
1 1 1 1 2.5641226353053791e-02 2.0112710857166944e-02 1.0005794267321639e+00 7.2128949070352888e-02 2.9870157242850215e-01 1.7052733994538304e+01 15
1 1 1 1 2.5582527292949294e-02 2.0079908251879858e-02 1.0005790849609089e+00 7.2092884595817711e-02 2.9972774282141151e-01 1.7036496561220908e+01 15
1 1 1 1 2.5460157376938145e-02 2.0011513934537654e-02 1.0005781113771348e+00 7.2019176721650813e-02 3.0187699556788766e-01 1.7003168371147289e+01 15
1 1 1 1 2.5399088210672709e-02 1.9977377029902682e-02 1.0005774907485041e+00 7.1983167133289991e-02 3.0295523835661897e-01 1.6986793272861352e+01 16
1 1 1 1 2.5337120206792265e-02 1.9942735362201806e-02 1.0005767672776225e+00 7.1947175549723352e-02 3.0405362908799427e-01 1.6970347875292443e+01 16
1 1 1 1 2.5274180580945931e-02 1.9907548737860700e-02 1.0005759342029257e+00 7.1911201961948487e-02 3.0517400939643125e-01 1.6953817069249006e+01 16
1 1 1 1 2.5210172729578369e-02 1.9871771375212025e-02 1.0005749838511382e+00 7.1875246360967510e-02 3.0631847890945901e-01 1.6937183654063485e+01 16
1 1 1 1 2.5144978195959691e-02 1.9835350746329337e-02 1.0005739074507494e+00 7.1839308737787030e-02 3.0748944923686289e-01 1.6920427895210423e+01 16
1 1 1 1 2.5078523488162162e-02 1.9798226090109009e-02 1.0005726948928999e+00 7.1803389083418143e-02 3.0868971336603623e-01 1.6903526954875353e+01 16
1 1 1 1 2.5010679903418664e-02 1.9760326474650779e-02 1.0005713344202716e+00 7.1767487388876436e-02 3.0992253619692878e-01 1.6886454148003036e+01 16
1 1 1 1 2.4941295565472196e-02 1.9721568229670902e-02 1.0005698122154463e+00 7.1731603645181996e-02 3.1119177465427922e-01 1.6869177953898575e+01 16
1 1 1 1 2.4870189107993417e-02 1.9681851478634747e-02 1.0005681118457863e+00 7.1695737843359406e-02 3.1250204010685256e-01 1.6851660677788516e+01 16
1 1 1 1 2.4797135218934407e-02 1.9641038248679486e-02 1.0005662154979285e+00 7.1659889974437729e-02 3.1385902307840280e-01 1.6833855276988064e+01 17
1 1 1 1 2.4721858120036494e-02 1.9598964638377986e-02 1.0005641005442163e+00 7.1624060029450515e-02 3.1526971426556316e-01 1.6815704123217721e+01 17
1 1 1 1 2.4644028974438473e-02 1.9555475080499519e-02 1.0005617329732481e+00 7.1588247999435792e-02 3.1674259414864597e-01 1.6797138642518018e+01 17
1 1 1 1 2.4563212816267839e-02 1.9510330266564471e-02 1.0005590740384680e+00 7.1552453875436073e-02 3.1828878745956574e-01 1.6778067534744689e+01 17
1 1 1 1 2.4478835711128317e-02 1.9463214564121714e-02 1.0005560728254255e+00 7.1516677648498353e-02 3.1992299901335264e-01 1.6758369913895471e+01 17
1 1 1 1 2.4390065995171621e-02 1.9413696726613468e-02 1.0005526600281593e+00 7.1480919309674110e-02 3.2166536592690459e-01 1.6737879912267861e+01 18
1 1 1 1 2.4295797504000811e-02 1.9361159963412391e-02 1.0005487368895101e+00 7.1445178850019275e-02 3.2354475844144609e-01 1.6716359203535049e+01 18
1 1 1 1 2.4194348029305597e-02 1.9304665829651665e-02 1.0005441537087791e+00 7.1409456260594265e-02 3.2560521285024691e-01 1.6693443374019871e+01 18
1 1 1 1 2.4082869044267437e-02 1.9242644750573447e-02 1.0005386632968798e+00 7.1373751532463961e-02 3.2792022779345903e-01 1.6668522348390358e+01 19
1 1 1 1 2.3955873755070467e-02 1.9172027328894253e-02 1.0005317994770155e+00 7.1338064656697731e-02 3.3063152270914059e-01 1.6640414900845109e+01 20
1 1 1 1 2.3799893456529782e-02 1.9085483813677598e-02 1.0005223887651933e+00 7.1302395624369380e-02 3.3408861308030979e-01 1.6606204601690575e+01 21
1 1 1 1 2.3781436209098797e-02 1.9075259727758184e-02 1.0005211985788152e+00 7.1298830504588157e-02 3.3450821570497352e-01 1.6602172940138470e+01 15
1 1 1 1 2.3762154984859996e-02 1.9064586938420190e-02 1.0005199375144449e+00 7.1295265563062926e-02 3.3494899477122653e-01 1.6597965364905690e+01 15
1 1 1 1 2.3741903068663792e-02 1.9053388356421674e-02 1.0005185934972232e+00 7.1291700799784780e-02 3.3541460871394624e-01 1.6593551194501828e+01 15
1 1 1 1 2.3720505659905373e-02 1.9041561870613049e-02 1.0005171505387440e+00 7.1288136214744793e-02 3.3590990486441791e-01 1.6588889763277962e+01 15
1 1 1 1 2.3697706729115166e-02 1.9028967240000836e-02 1.0005155866882054e+00 7.1284571807934058e-02 3.3644154259272446e-01 1.6583925185256579e+01 15
1 1 1 1 2.3673137657640432e-02 1.9015402561842507e-02 1.0005138703548011e+00 7.1281007579343664e-02 3.3701911214753949e-01 1.6578576951285335e+01 15
1 1 1 1 2.3646232632897089e-02 1.9000557939199362e-02 1.0005119530679556e+00 7.1277443528964701e-02 3.3765733785667995e-01 1.6572721410320039e+01 15
1 1 1 1 2.3616038990512272e-02 1.8983911619997559e-02 1.0005097532509486e+00 7.1273879656788247e-02 3.3838101759638134e-01 1.6566150244982229e+01 15
1 1 1 1 2.3580698444664500e-02 1.8964445913134519e-02 1.0005071118453919e+00 7.1270315962805406e-02 3.3923853529507625e-01 1.6558456858502396e+01 15
1 1 1 1 2.3535408836909476e-02 1.8939531046022084e-02 1.0005036179947318e+00 7.1266752447007267e-02 3.4035495853574610e-01 1.6548589853976949e+01 15
1 1 1 1 2.3475715441756775e-02 1.8906750342565233e-02 1.0004988170303684e+00 7.1263885978330777e-02 3.4185882551792662e-01 1.6535560700729619e+01 20
1 1 1 1 2.3325580562326417e-02 1.8824557030996850e-02 1.0004856695826843e+00 7.1267082055915809e-02 3.4582986419850764e-01 1.6502553768482976e+01 16
