isScalarized | massIncreased | isMonotoneInside | isMonotoneOutside | mass_Baryon | mass_ADM | AST(radius) | radius  |  phi_c | rho_c | ctr |
1 0 1 1 3.2092853101262218e-02 2.4357843602889308e-02 1.0000000000025659e+00 8.5850099999999790e-02 4.3084803891867418e-03 1.7519002509403656e+01 38
1 1 1 1 3.2093116044021243e-02 2.4357950630290125e-02 1.0000000000025697e+00 8.5849724999999794e-02 4.3104972839237646e-03 1.7519293335704084e+01 39
1 1 1 1 3.2093378966381439e-02 2.4358057644565122e-02 1.0000000000025737e+00 8.5849349999999797e-02 4.3125138398769566e-03 1.7519584162428327e+01 39
1 1 1 1 3.2093641868345325e-02 2.4358164645717859e-02 1.0000000000025777e+00 8.5848974999999800e-02 4.3145300576932881e-03 1.7519874989573569e+01 39
1 1 1 1 3.2093904749913943e-02 2.4358271633747923e-02 1.0000000000025817e+00 8.5848599999999803e-02 4.3165459380230939e-03 1.7520165817137663e+01 39
1 1 1 1 3.2138794110516587e-02 2.4376469517921984e-02 1.0000000000033260e+00 8.5784134425921366e-02 4.6585896261129743e-03 1.7570165561864396e+01 38
1 1 1 1 3.2183086918741464e-02 2.4394284421882656e-02 1.0000000000042122e+00 8.5719668244520153e-02 4.9934146263937197e-03 1.7620166418293294e+01 38
1 1 1 1 3.2226796713921098e-02 2.4411724012690334e-02 1.0000000000052602e+00 8.5655189496828155e-02 5.3231603494725745e-03 1.7670168013212272e+01 38
1 1 1 1 3.2269934687469547e-02 2.4428794867010287e-02 1.0000000000064921e+00 8.5590688752438859e-02 5.6494510129987859e-03 1.7720169748622002e+01 38
1 1 1 1 3.2312510406781958e-02 2.4445502790285987e-02 1.0000000000079325e+00 8.5526158231585880e-02 5.9735539072069549e-03 1.7770171113801190e+01 38
1 1 1 1 3.2354465823925468e-02 2.4461853137603434e-02 1.0000000000096081e+00 8.5461590781634844e-02 6.2964826120983555e-03 1.7820172206834936e+01 38
1 1 1 1 3.2395842151918451e-02 2.4477850708900722e-02 1.0000000000115488e+00 8.5396980437842218e-02 6.6190593538340767e-03 1.7870173095926152e+01 38
1 1 1 1 3.2436678307505212e-02 2.4493499845947873e-02 1.0000000000137876e+00 8.5332322209979272e-02 6.9419608920245485e-03 1.7920173829468450e+01 38
1 1 1 1 3.2476980093912353e-02 2.4508804508439095e-02 1.0000000000163609e+00 8.5267611918749431e-02 7.2657510022250760e-03 1.7970174442428245e+01 38
1 1 1 1 3.2516752645918502e-02 2.4523768334740664e-02 1.0000000000193081e+00 8.5202846068158866e-02 7.5909040486605182e-03 1.8020174960499517e+01 38
1 1 1 1 3.2556000533526495e-02 2.4538394691137756e-02 1.0000000000226728e+00 8.5138021744377346e-02 7.9178224707354070e-03 1.8070175402814591e+01 38
1 1 1 1 3.2594730353137161e-02 2.4552668565600122e-02 1.0000000000265037e+00 8.5073136534268790e-02 8.2468701344052108e-03 1.8120178830843191e+01 38
1 1 1 1 3.2632941575268672e-02 2.4566569597547262e-02 1.0000000000308535e+00 8.5008200322136185e-02 8.5783051314603214e-03 1.8170179603576980e+01 38
1 1 1 1 3.2670631440057205e-02 2.4580138903433291e-02 1.0000000000357774e+00 8.4943213233563686e-02 8.9123296196761542e-03 1.8220169955853560e+01 38
1 1 1 1 3.2707823060766583e-02 2.4593386323278389e-02 1.0000000000413405e+00 8.4878139199516478e-02 9.2493434154995949e-03 1.8270176654485041e+01 38
1 1 1 1 3.2744502081475696e-02 2.4606308223162683e-02 1.0000000000476086e+00 8.4813006928700196e-02 9.5893849807997828e-03 1.8320176878827844e+01 38
1 1 1 1 3.2780675879995329e-02 2.4618908733755072e-02 1.0000000000546561e+00 8.4747807324602464e-02 9.9326640603255648e-03 1.8370177077723199e+01 38
1 1 1 1 3.2816346819344408e-02 2.4631190164887851e-02 1.0000000000625633e+00 8.4682539904891774e-02 1.0279325665013987e-02 1.8420177254615158e+01 38
1 1 1 1 3.2851474403386975e-02 2.4643154746852466e-02 1.0000000000714175e+00 8.4617204394222711e-02 1.0629496176834501e-02 1.8470177412343883e+01 38
1 1 1 1 3.2886057628549493e-02 2.4654804641702655e-02 1.0000000000813134e+00 8.4551800702301116e-02 1.0983285756261806e-02 1.8520177553275381e+01 38
1 1 1 1 3.2920143696171120e-02 2.4666141953080315e-02 1.0000000000923532e+00 8.4486328904550601e-02 1.1340790383850160e-02 1.8570177679401642e+01 38
1 1 1 1 3.2953734479156498e-02 2.4677168734751145e-02 1.0000000001046481e+00 8.4420789224990689e-02 1.1702093603913078e-02 1.8620177792424876e+01 38
1 1 1 1 3.2986831768284694e-02 2.4687886998017872e-02 1.0000000001183174e+00 8.4355182021043251e-02 1.2067268022714952e-02 1.8670177893797103e+01 38
1 1 1 1 3.3019437286218589e-02 2.4698298718172491e-02 1.0000000001334910e+00 8.4289507769937377e-02 1.2436376603043886e-02 1.8720177984800785e+01 38
1 1 1 1 3.3051552699698457e-02 2.4708405840070745e-02 1.0000000001503080e+00 8.4223767056655463e-02 1.2809473786948128e-02 1.8770178066541153e+01 38
1 1 1 1 3.3083180365275140e-02 2.4718203412411804e-02 1.0000000001689209e+00 8.4157960563065293e-02 1.3186614659093158e-02 1.8820179219360078e+01 38
1 1 1 1 3.3114323687515768e-02 2.4727656115714727e-02 1.0000000001894997e+00 8.4092093320575600e-02 1.3567858936309275e-02 1.8870183954210177e+01 38
1 1 1 1 3.3144971113785573e-02 2.4736806606738885e-02 1.0000000002122036e+00 8.4026184630454748e-02 1.3953080800163891e-02 1.8920171493906725e+01 38
1 1 1 1 3.3175146514322622e-02 2.4745663422970358e-02 1.0000000002372367e+00 8.3960187309711221e-02 1.4342590602827039e-02 1.8970178315836488e+01 38
1 1 1 1 3.3204835506527253e-02 2.4754223704769481e-02 1.0000000002647880e+00 8.3894136702620858e-02 1.4736211224637842e-02 1.9020178364024108e+01 38
1 1 1 1 3.3234043720471396e-02 2.4762490528066696e-02 1.0000000002950773e+00 8.3828024917593724e-02 1.5134015191527895e-02 1.9070178407448463e+01 38
1 1 1 1 3.3262772664725652e-02 2.4770465742126071e-02 1.0000000003283362e+00 8.3761853043439860e-02 1.5536018841587026e-02 1.9120178446608229e+01 38
1 1 1 1 3.3291023847299935e-02 2.4778151190056018e-02 1.0000000003648131e+00 8.3695622215870347e-02 1.5942235160249032e-02 1.9170178481942994e+01 38
1 1 1 1 3.3318786990102454e-02 2.4785548710225050e-02 1.0000000004047735e+00 8.3629333612969425e-02 1.6352674130234043e-02 1.9220178513853728e+01 38
1 1 1 1 3.3346010612104050e-02 2.4792660137445435e-02 1.0000000004485019e+00 8.3562988451166220e-02 1.6767343040881434e-02 1.9270178542690832e+01 38
1 1 1 1 3.3372760770793597e-02 2.4799487303981627e-02 1.0000000004963017e+00 8.3496587981581494e-02 1.7186246762395753e-02 1.9320178568781436e+01 38
1 1 1 1 3.3399039022533425e-02 2.4806032040370792e-02 1.0000000005484975e+00 8.3430133486808000e-02 1.7609387988446596e-02 1.9370178592390779e+01 38
1 1 1 1 3.3424846935895931e-02 2.4812296176121497e-02 1.0000000006054355e+00 8.3363626277904279e-02 1.8036767452279792e-02 1.9420178613784209e+01 38
1 1 1 1 3.3450186093183308e-02 2.4818281540276741e-02 1.0000000006674845e+00 8.3297067691819104e-02 1.8468384117899441e-02 1.9470178633182371e+01 38
1 1 1 1 3.3475058091716386e-02 2.4823989961863673e-02 1.0000000007350383e+00 8.3230459088986186e-02 1.8904235350603371e-02 1.9520178650775744e+01 38
1 1 1 1 3.3499464544926687e-02 2.4829423270262538e-02 1.0000000008085150e+00 8.3163801851148245e-02 1.9344317069019002e-02 1.9570178666751165e+01 38
1 1 1 1 3.3523407083223329e-02 2.4834583295486563e-02 1.0000000008883612e+00 8.3097097379457252e-02 1.9788623880214181e-02 1.9620178681257087e+01 38
1 1 1 1 3.3546888841589496e-02 2.4839452343077283e-02 1.0000000009750749e+00 8.3030347092672291e-02 2.0237175077483967e-02 1.9670181565555303e+01 38
1 1 1 1 3.3569907774196682e-02 2.4844027489871589e-02 1.0000000010691557e+00 8.2963563925150779e-02 2.0689890727582518e-02 1.9720179295765714e+01 38
1 1 1 1 3.3592467044861074e-02 2.4848334713706753e-02 1.0000000011711230e+00 8.2896740184291107e-02 2.1146792155798094e-02 1.9770175278633495e+01 38
1 1 1 1 3.3614572435149911e-02 2.4852376607251050e-02 1.0000000012815660e+00 8.2829865011850023e-02 2.1607954711232853e-02 1.9820178725276435e+01 38
1 1 1 1 3.3636220793903215e-02 2.4856154103255344e-02 1.0000000014010650e+00 8.2762954455060073e-02 2.2073267991178563e-02 1.9870178734264137e+01 38
1 1 1 1 3.3657415398970665e-02 2.4859669335687538e-02 1.0000000015302672e+00 8.2696005402307038e-02 2.2542752429450363e-02 1.9920178742409433e+01 38
1 1 1 1 3.3678158012807394e-02 2.4862924152583288e-02 1.0000000016698505e+00 8.2629019346787208e-02 2.3016396222493154e-02 1.9970178749792389e+01 38
1 1 1 1 3.3698450417478432e-02 2.4865920402886630e-02 1.0000000018205326e+00 8.2561997790680630e-02 2.3494186938287413e-02 2.0020178756468120e+01 38
1 1 1 1 3.3718294414642733e-02 2.4868659936369778e-02 1.0000000019830730e+00 8.2494942244247305e-02 2.3976111568574449e-02 2.0070178762489903e+01 38
1 1 1 1 3.3737691825472121e-02 2.4871144603528923e-02 1.0000000021582751e+00 8.2427854225022301e-02 2.4462156575986646e-02 2.0120178767905628e+01 38
1 1 1 1 3.3756591475380959e-02 2.4873376255459996e-02 1.0000000023469879e+00 8.2360735257062501e-02 2.4952307937014567e-02 2.0170178772770942e+01 38
1 1 1 1 3.3775037545309250e-02 2.4875356743727251e-02 1.0000000025501086e+00 8.2293586870295310e-02 2.5446551180497216e-02 2.0220178777099107e+01 38
1 1 1 1 3.3793042608945868e-02 2.4877087920225794e-02 1.0000000027685840e+00 8.2226410599760241e-02 2.5944871424084557e-02 2.0270178780956353e+01 38
1 1 1 1 3.3810608580187723e-02 2.4878571637019974e-02 1.0000000030034140e+00 8.2159207985137706e-02 2.6447253405543193e-02 2.0320178784347682e+01 38
1 1 1 1 3.3827737391328355e-02 2.4879809746191469e-02 1.0000000032556524e+00 8.2091980570048739e-02 2.6953681513416615e-02 2.0370178787318068e+01 38
1 1 1 1 3.3844430992760910e-02 2.4880804099670004e-02 1.0000000035264105e+00 8.2024729901604254e-02 2.7464139813509540e-02 2.0420178789884758e+01 38
1 1 1 1 3.3860691352710470e-02 2.4881556549065612e-02 1.0000000038168593e+00 8.1957457529848954e-02 2.7978612074213143e-02 2.0470178792078364e+01 38
1 1 1 1 3.3876520456916401e-02 2.4882068945493625e-02 1.0000000041282315e+00 8.1890165007319105e-02 2.8497081789058902e-02 2.0520178793910389e+01 38
1 1 1 1 3.3891920308327425e-02 2.4882343139397033e-02 1.0000000044618251e+00 8.1822853888546210e-02 2.9019532198139544e-02 2.0570178795408960e+01 38
1 1 1 1 3.3906892926763903e-02 2.4882380980367245e-02 1.0000000048190052e+00 8.1755525729668599e-02 2.9545946307208498e-02 2.0620178796590064e+01 38
1 0 1 1 3.3921440509476368e-02 2.4882180887513282e-02 1.0000000052012297e+00 8.1688182088009459e-02 3.0076311958614189e-02 2.0670179272062803e+01 38
1 0 1 1 3.3935565973222594e-02 2.4881716841883207e-02 1.0000000056101981e+00 8.1620826439404631e-02 3.0610637972625674e-02 2.0720182657079008e+01 38
1 0 1 1 3.3949267172683234e-02 2.4881022241613465e-02 1.0000000060472132e+00 8.1553474019674888e-02 3.1148750887845078e-02 2.0770174460679652e+01 38
1 0 1 1 3.3962552788569231e-02 2.4880098597185145e-02 1.0000000065141541e+00 8.1486093897570527e-02 3.1690892612970874e-02 2.0820178796819434e+01 38
1 0 1 1 3.3975420334877125e-02 2.4878948014083212e-02 1.0000000070126205e+00 8.1418710357783863e-02 3.2236863292216623e-02 2.0870178796638580e+01 38
1 0 1 1 3.3987873095392765e-02 2.4877572270167733e-02 1.0000000075444873e+00 8.1351319114167486e-02 3.2786691700831705e-02 2.0920178796219396e+01 38
1 0 1 1 3.3999913198073807e-02 2.4875973211237339e-02 1.0000000081116789e+00 8.1283921722049512e-02 3.3340359637733560e-02 2.0970178795570241e+01 37
1 0 1 1 3.4011542784865817e-02 2.4874152680662693e-02 1.0000000087162131e+00 8.1216519735584081e-02 3.3897848778784496e-02 2.1020178794703408e+01 37
1 0 1 1 3.4022764011309138e-02 2.4872112519201062e-02 1.0000000093602031e+00 8.1149114707479847e-02 3.4459140686482627e-02 2.1070178793622201e+01 37
1 0 1 1 3.4033579046171811e-02 2.4869854564831987e-02 1.0000000100458617e+00 8.1081708188703361e-02 3.5024216819375620e-02 2.1120178792342330e+01 37
1 0 1 1 3.4043990071056525e-02 2.4867380652579679e-02 1.0000000107755054e+00 8.1014301728249083e-02 3.5593058540333330e-02 2.1170178790865769e+01 37
1 0 1 1 3.4053999280030230e-02 2.4864692614353371e-02 1.0000000115515579e+00 8.0946896872858554e-02 3.6165647124800457e-02 2.1220178789202421e+01 37
1 0 1 1 3.4063608879229698e-02 2.4861792278767839e-02 1.0000000123765536e+00 8.0879495166792548e-02 3.6741963768127772e-02 2.1270178787355885e+01 37
1 0 1 1 3.4072779150995935e-02 2.4858681470993516e-02 1.0000000132531415e+00 8.0812098151580913e-02 3.7321989592747656e-02 2.1320178785336971e+01 37
1 0 1 1 3.4081547070686447e-02 2.4855362012586285e-02 1.0000000141840903e+00 8.0744707365814794e-02 3.7905705654575933e-02 2.1370178783148194e+01 37
1 0 1 1 3.4089922262299649e-02 2.4851835721335265e-02 1.0000000151722916e+00 8.0677324344910262e-02 3.8493092949361436e-02 2.1420178780798743e+01 37
1 0 1 1 3.4097906987217215e-02 2.4848104411104157e-02 1.0000000162207641e+00 8.0609950620913667e-02 3.9084132418322988e-02 2.1470178778290403e+01 37
1 0 1 1 3.4105503516804546e-02 2.4844169891682467e-02 1.0000000173326584e+00 8.0542587722280762e-02 3.9678804953736699e-02 2.1520178775628736e+01 37
1 0 1 1 3.4112714132039021e-02 2.4840033968634125e-02 1.0000000185112614e+00 8.0475237173683239e-02 4.0277091404061729e-02 2.1570178772822427e+01 37
1 0 1 1 3.4119541123133576e-02 2.4835698443146002e-02 1.0000000197600003e+00 8.0407900495830631e-02 4.0878972578624113e-02 2.1620178769870748e+01 37
1 0 1 1 3.4125986789186061e-02 2.4831165111899679e-02 1.0000000210824478e+00 8.0340579205262080e-02 4.1484429252427721e-02 2.1670178766784467e+01 37
1 0 1 1 3.4132053437799258e-02 2.4826435766915390e-02 1.0000000224823264e+00 8.0273274814196272e-02 4.2093442170161199e-02 2.1720178763561801e+01 37
1 0 1 1 3.4137743384730759e-02 2.4821512195424902e-02 1.0000000239635136e+00 8.0205988830329700e-02 4.2705992050515944e-02 2.1770178760209554e+01 37
1 0 1 1 3.4143058953531591e-02 2.4816396179734183e-02 1.0000000255300465e+00 8.0138722756684655e-02 4.3322059589871752e-02 2.1820178756730758e+01 37
1 0 1 1 3.4148002475194186e-02 2.4811089497090717e-02 1.0000000271861265e+00 8.0071478091439441e-02 4.3941625466029470e-02 2.1870178753133324e+01 37
1 0 1 1 3.4152576287801065e-02 2.4805593919561896e-02 1.0000000289361248e+00 8.0004256327787904e-02 4.4564670341443284e-02 2.1920178749413569e+01 37
1 0 1 1 3.4156782736178899e-02 2.4799911213903778e-02 1.0000000307845880e+00 7.9937058953756357e-02 4.5191174866784471e-02 2.1970178745581510e+01 37
1 0 1 1 3.4160624408069315e-02 2.4794028579720722e-02 1.0000000327368401e+00 7.9869887452086674e-02 4.5821143917667936e-02 2.2020180659700618e+01 37
1 0 1 1 3.4164103177275355e-02 2.4787952393089549e-02 1.0000000347974920e+00 7.9802751029663554e-02 4.6454478892001126e-02 2.2070178222375969e+01 37
1 0 1 1 3.4167221774147542e-02 2.4781694351615809e-02 1.0000000369715236e+00 7.9735641355705156e-02 4.7091234540818531e-02 2.2120177307736821e+01 36
1 0 1 1 3.4169982576133635e-02 2.4775256080977626e-02 1.0000000392642918e+00 7.9668558807878515e-02 4.7731402239409478e-02 2.2170178728476078e+01 36
1 0 1 1 3.4172387739348636e-02 2.4768639802881298e-02 1.0000000416811379e+00 7.9601509891410654e-02 4.8374914568698323e-02 2.2220178724133742e+01 36
1 0 1 1 3.4174439725792621e-02 2.4761847072683325e-02 1.0000000442278441e+00 7.9534494147430523e-02 4.9021770362992302e-02 2.2270178719693106e+01 36
1 0 1 1 3.4176140918120365e-02 2.4754879620454539e-02 1.0000000469103427e+00 7.9467513023202291e-02 4.9671950267300827e-02 2.2320178715156608e+01 36
1 0 1 1 3.4177493703096251e-02 2.4747739169955540e-02 1.0000000497347865e+00 7.9400567959792862e-02 5.0325434935446486e-02 2.2370178710529775e+01 36
1 0 1 1 3.4178500471284644e-02 2.4740427438541806e-02 1.0000000527075532e+00 7.9333660391966043e-02 5.0982205032062383e-02 2.2420178705816703e+01 36
1 0 1 1 3.4179163616739124e-02 2.4732946137069646e-02 1.0000000558352533e+00 7.9266791748074578e-02 5.1642241234482952e-02 2.2470178701014831e+01 36
1 0 1 1 3.4179485536701339e-02 2.4725296969802062e-02 1.0000000591247342e+00 7.9199963449933020e-02 5.2305524234848425e-02 2.2520178696132831e+01 36
1 0 1 1 3.4179468631299788e-02 2.4717481634325553e-02 1.0000000625830880e+00 7.9133176912741438e-02 5.2972034741548331e-02 2.2570178691164728e+01 36
1 0 1 1 3.4179115303252107e-02 2.4709501821456006e-02 1.0000000662176571e+00 7.9066433544947468e-02 5.3641753481340586e-02 2.2620178686121257e+01 36
1 0 1 1 3.4178427957579811e-02 2.4701359215166255e-02 1.0000000700360399e+00 7.8999734748187000e-02 5.4314661200595971e-02 2.2670178681000976e+01 36
1 0 1 1 3.4177409001315488e-02 2.4693055492498402e-02 1.0000000740460986e+00 7.8933081917168496e-02 5.4990738667071520e-02 2.2720178675806590e+01 36
1 0 1 1 3.4176060843218253e-02 2.4684592323486916e-02 1.0000000782559642e+00 7.8866476439588440e-02 5.5669966671258724e-02 2.2770178670534484e+01 36
1 0 1 1 3.4174385893502843e-02 2.4675971371087374e-02 1.0000000826740441e+00 7.8799919696019682e-02 5.6352326028164694e-02 2.2820178665200935e+01 36
1 0 1 1 3.4172381511634216e-02 2.4667194291103100e-02 1.0000000873090280e+00 7.8733413059883600e-02 5.7037797577973233e-02 2.2870178659790536e+01 36
1 0 1 1 3.4170027683880777e-02 2.4658262732107156e-02 1.0000000921698948e+00 7.8666957897290724e-02 5.7726362188228617e-02 2.2920178654320488e+01 36
1 0 1 1 3.4167354609399479e-02 2.4649178335389304e-02 1.0000000972659195e+00 7.8600555567033659e-02 5.8418000754265044e-02 2.2970178648780408e+01 36
1 0 1 1 3.4164364706219572e-02 2.4639942734875301e-02 1.0000001026066789e+00 7.8534207420449864e-02 5.9112694201087390e-02 2.3020178643181943e+01 36
1 0 1 1 3.4161060392326810e-02 2.4630557557079880e-02 1.0000001082020600e+00 7.8467914801395450e-02 5.9810423484013289e-02 2.3070178637521686e+01 36
1 0 1 1 3.4157444085400036e-02 2.4621024421032325e-02 1.0000001140622652e+00 7.8401679046145145e-02 6.0511169590055189e-02 2.3120178631801430e+01 36
1 0 1 1 3.4153518202565146e-02 2.4611344938225439e-02 1.0000001201978206e+00 7.8335501483328934e-02 6.1214913538892163e-02 2.3170178626021507e+01 36
1 0 1 1 3.4149285160152122e-02 2.4601520712556810e-02 1.0000001266195815e+00 7.8269383433858697e-02 6.1921636384077841e-02 2.3220178620194392e+01 36
1 0 1 1 3.4144747373453410e-02 2.4591553340284397e-02 1.0000001333387407e+00 7.8203326210905755e-02 6.2631319213430042e-02 2.3270178614302736e+01 36
1 0 1 1 3.4139907256480764e-02 2.4581444409958103e-02 1.0000001403668342e+00 7.8137331119760567e-02 6.3343943150919541e-02 2.3320178608366632e+01 36
1 0 1 1 3.4134767221735418e-02 2.4571195502384662e-02 1.0000001477157490e+00 7.8071399457857849e-02 6.4059489356605284e-02 2.3370178602375010e+01 36
1 0 1 1 3.4129329679981356e-02 2.4560808190576343e-02 1.0000001553977298e+00 7.8005532514655362e-02 6.4777939028263079e-02 2.3420178596339028e+01 35
1 0 1 1 3.4123597040014331e-02 2.4550284039705803e-02 1.0000001634253863e+00 7.7939731571627674e-02 6.5499273401634375e-02 2.3470178590250868e+01 35
1 0 1 1 3.4117571708440209e-02 2.4539624607059801e-02 1.0000001718117000e+00 7.7873997902170616e-02 6.6223473751723841e-02 2.3520178584118003e+01 35
1 0 1 1 3.4111256089456213e-02 2.4528831442000243e-02 1.0000001805700309e+00 7.7808332771581223e-02 6.6950521393250889e-02 2.3570178577940588e+01 35
1 0 1 1 3.4104652584641980e-02 2.4517906085929110e-02 1.0000001897141255e+00 7.7742737436998277e-02 6.7680397681538496e-02 2.3620178571721198e+01 35
1 0 1 1 3.4097763592741963e-02 2.4506850072246154e-02 1.0000001992581224e+00 7.7677213147363033e-02 6.8413084013137213e-02 2.3670178565458258e+01 35
1 0 1 1 3.4090591509462025e-02 2.4495664926316302e-02 1.0000002092165612e+00 7.7611761143363767e-02 6.9148561826622823e-02 2.3720178559153062e+01 35
1 0 1 1 3.4083138727260806e-02 2.4484352165430167e-02 1.0000002196043880e+00 7.7546382657395413e-02 6.9886812603302498e-02 2.3770178552812325e+01 35
1 0 1 1 3.4075407635158865e-02 2.4472913298783219e-02 1.0000002304369626e+00 7.7481078913538670e-02 7.0627817867618001e-02 2.3820178546431613e+01 35
1 0 1 1 3.4067400618535575e-02 2.4461349827437938e-02 1.0000002417300666e+00 7.7415851127497270e-02 7.1371559188039405e-02 2.3870178540013757e+01 35
1 0 1 1 3.4059120058935431e-02 2.4449663244293800e-02 1.0000002534999093e+00 7.7350700506572778e-02 7.2118018177543472e-02 2.3920178533560676e+01 35
1 0 1 1 3.4050568333885131e-02 2.4437855034070356e-02 1.0000002657631346e+00 7.7285628249630256e-02 7.2867176494199895e-02 2.3970178527073443e+01 35
1 0 1 1 3.4041747742636831e-02 2.4425922371887898e-02 1.0000002785383650e+00 7.7220635547064570e-02 7.3619024203424990e-02 2.4020179075295903e+01 35
1 0 1 1 3.4032660856790714e-02 2.4413861847023668e-02 1.0000002918448849e+00 7.7155725743565384e-02 7.4373528297261238e-02 2.4070179195614877e+01 35
1 0 1 1 3.4023310301973239e-02 2.4401684806437875e-02 1.0000003056972089e+00 7.7090900505602689e-02 7.5130645513493896e-02 2.4120177241344066e+01 35
1 0 1 1 3.4013697439849125e-02 2.4389391410564211e-02 1.0000003201152921e+00 7.7026154144159087e-02 7.5890437864986601e-02 2.4170178500681267e+01 35
1 0 1 1 3.4003825471086713e-02 2.4376984198012232e-02 1.0000003351168170e+00 7.6961493620714722e-02 7.6652819327481067e-02 2.4220178494052288e+01 35
1 0 1 1 3.3993696505255841e-02 2.4364464294611060e-02 1.0000003507215587e+00 7.6896918442407425e-02 7.7417791044080517e-02 2.4270178487391032e+01 35
1 0 1 1 3.3983312886753228e-02 2.4351833127585595e-02 1.0000003669494169e+00 7.6832429748054931e-02 7.8185335003392115e-02 2.4320178480706893e+01 35
1 0 1 1 3.3972676954570062e-02 2.4339092115764193e-02 1.0000003838207805e+00 7.6768028667854371e-02 7.8955433242883150e-02 2.4370178473994603e+01 35
1 0 1 1 3.3961791042120146e-02 2.4326242669551038e-02 1.0000004013565340e+00 7.6703716323332283e-02 7.9728067849654999e-02 2.4420178467257401e+01 35
1 0 1 1 3.3950657477098946e-02 2.4313286190932180e-02 1.0000004195780641e+00 7.6639493827339922e-02 8.0503220960758320e-02 2.4470178460500360e+01 35
1 0 1 1 3.3939278581323694e-02 2.4300224073459217e-02 1.0000004385072654e+00 7.6575362284049098e-02 8.1280874763374866e-02 2.4520178453716710e+01 35
1 0 1 1 3.3927656670582368e-02 2.4287057702238119e-02 1.0000004581665469e+00 7.6511322788906710e-02 8.2061011495619673e-02 2.4570178446914845e+01 35
1 0 1 1 3.3915794054494040e-02 2.4273788453932507e-02 1.0000004785788381e+00 7.6447376428654484e-02 8.2843613446464556e-02 2.4620178440089255e+01 35
1 0 1 1 3.3903693036356770e-02 2.4260417696746774e-02 1.0000004997675944e+00 7.6383524281286697e-02 8.3628662956452354e-02 2.4670178433243592e+01 35
1 0 1 1 3.3891355913017014e-02 2.4246946790433418e-02 1.0000005217568035e+00 7.6319767416054118e-02 8.4416142417944748e-02 2.4720178426383953e+01 35
1 0 1 1 3.3878784974728536e-02 2.4233377086284789e-02 1.0000005445709907e+00 7.6256106893470427e-02 8.5206034275169318e-02 2.4770178419500876e+01 35
1 0 1 1 3.3865982505016635e-02 2.4219709927132221e-02 1.0000005682352244e+00 7.6192543765264020e-02 8.5998321025079955e-02 2.4820178412602903e+01 35
1 0 1 1 3.3852950780546710e-02 2.4205946647343369e-02 1.0000005927751221e+00 7.6129079074406636e-02 8.6792985217206048e-02 2.4870178405687540e+01 35
1 0 1 1 3.3839692071001660e-02 2.4192088572829874e-02 1.0000006182168550e+00 7.6065713855087896e-02 8.7590009454229928e-02 2.4920178398758107e+01 35
1 0 1 1 3.3826208638951839e-02 2.4178137021043676e-02 1.0000006445871530e+00 7.6002449132723221e-02 8.8389376392109850e-02 2.4970178391813295e+01 34
1 0 1 1 3.3812502739733012e-02 2.4164093300981258e-02 1.0000006719133101e+00 7.5939285923940780e-02 8.9191068740458804e-02 2.5020178384852922e+01 34
1 0 1 1 3.3798576621325190e-02 2.4149958713184917e-02 1.0000007002231897e+00 7.5876225236577610e-02 8.9995069262907346e-02 2.5070178377883568e+01 34
1 0 1 1 3.3784432524244283e-02 2.4135734549758814e-02 1.0000007295452278e+00 7.5813268069699680e-02 9.0801360777008899e-02 2.5120178370895768e+01 34
1 0 1 1 3.3770072681412432e-02 2.4121422094356901e-02 1.0000007599084386e+00 7.5750415413561173e-02 9.1609926155106727e-02 2.5170178363902359e+01 34
1 0 1 1 3.3755499318065894e-02 2.4107022622210157e-02 1.0000007913424183e+00 7.5687668249656559e-02 9.2420748323868415e-02 2.5220178356893847e+01 34
1 0 1 1 3.3740714651628062e-02 2.4092537400116909e-02 1.0000008238773495e+00 7.5625027550676516e-02 9.3233810265143574e-02 2.5270178349876858e+01 34
1 0 1 1 3.3725720891614214e-02 2.4077967686462261e-02 1.0000008575440043e+00 7.5562494280541070e-02 9.4049095015809089e-02 2.5320178342850074e+01 34
1 0 1 1 3.3710520239527510e-02 2.4063314731227557e-02 1.0000008923737491e+00 7.5500069394391189e-02 9.4866585668144154e-02 2.5370178335813531e+01 34
1 0 1 1 3.3695114888750426e-02 2.4048579775992077e-02 1.0000009283985476e+00 7.5437753838593802e-02 9.5686265370072909e-02 2.5420178328770490e+01 34
1 0 1 1 3.3679507024458988e-02 2.4033764053959645e-02 1.0000009656509632e+00 7.5375548550757454e-02 9.6508117325231846e-02 2.5470178321718215e+01 34
1 0 1 1 3.3663698823513340e-02 2.4018868789954351e-02 1.0000010041641638e+00 7.5313454459725648e-02 9.7332124793380020e-02 2.5520178314661337e+01 34
1 0 1 1 3.3647692454377209e-02 2.4003895200449835e-02 1.0000010439719229e+00 7.5251472485601933e-02 9.8158271090319646e-02 2.5570178307594528e+01 34
1 0 1 1 3.3631490077013507e-02 2.3988844493566728e-02 1.0000010851086232e+00 7.5189603539734695e-02 9.8986539588458586e-02 2.5620178300525790e+01 34
1 0 1 1 3.3615093842811000e-02 2.3973717869104998e-02 1.0000011276092589e+00 7.5127848524757401e-02 9.9816913716557640e-02 2.5670178293449627e+01 34
1 0 1 1 3.3598505894484404e-02 2.3958516518542854e-02 1.0000011715094368e+00 7.5066208334572171e-02 1.0064937696030153e-01 2.5720178286371571e+01 34
1 0 1 1 3.3581728366002872e-02 2.3943241625068685e-02 1.0000012168453800e+00 7.5004683854384302e-02 1.0148391286211596e-01 2.5770178279286359e+01 34
1 0 1 1 3.3564763382498079e-02 2.3927894363584723e-02 1.0000012636539275e+00 7.4943275960690392e-02 1.0232050502169558e-01 2.5820178272200373e+01 34
1 0 1 1 3.3547613060190898e-02 2.3912475900730222e-02 1.0000013119725368e+00 7.4881985521316224e-02 1.0315913709581749e-01 2.5870178265111139e+01 34
1 0 1 1 3.3530270275512516e-02 2.3896987394903823e-02 1.0000013618392849e+00 7.4820813395415464e-02 1.0399979279869268e-01 2.5920178258018854e+01 34
1 0 1 1 3.3512745545373000e-02 2.3881429996277143e-02 1.0000014132928681e+00 7.4759760433486588e-02 1.0484245590210624e-01 2.5970178250926583e+01 34
1 0 1 1 3.3495042045283710e-02 2.3865804846815209e-02 1.0000014663726040e+00 7.4698827477397284e-02 1.0568711023542804e-01 2.6020178243832586e+01 34
1 0 1 1 3.3477161853754565e-02 2.3850113080299256e-02 1.0000015211184301e+00 7.4638015360391552e-02 1.0653373968586222e-01 2.6070178236737025e+01 34
1 0 1 1 3.3459107039969758e-02 2.3834355822345735e-02 1.0000015775709055e+00 7.4577324907107612e-02 1.0738232819858526e-01 2.6120178229642686e+01 34
1 0 1 1 3.3440879663722618e-02 2.3818534190428384e-02 1.0000016357712089e+00 7.4516756933603490e-02 1.0823285977672885e-01 2.6170178222546710e+01 34
1 0 1 1 3.3422481775355110e-02 2.3802649293900094e-02 1.0000016957611391e+00 7.4456312247362100e-02 1.0908531848176031e-01 2.6220178215456063e+01 34
1 0 1 1 3.3403915415700113e-02 2.3786702234018679e-02 1.0000017575831130e+00 7.4395991647335763e-02 1.0993968843316519e-01 2.6270178208362385e+01 34
1 0 1 1 3.3385182616015814e-02 2.3770694103964238e-02 1.0000018212801658e+00 7.4335795923931608e-02 1.1079595380907015e-01 2.6320178201272004e+01 34
1 0 1 1 3.3366285397938573e-02 2.3754625988869332e-02 1.0000018868959477e+00 7.4275725859058839e-02 1.1165409884599536e-01 2.6370178194185602e+01 34
1 0 1 1 3.3347225773423389e-02 2.3738498965837865e-02 1.0000019544747234e+00 7.4215782226145555e-02 1.1251410783898594e-01 2.6420178187100372e+01 34
1 0 1 1 3.3328005744692211e-02 2.3722314103973113e-02 1.0000020240613687e+00 7.4155965790150602e-02 1.1337596514181458e-01 2.6470178180015978e+01 34
1 0 1 1 3.3308627304185698e-02 2.3706072464401772e-02 1.0000020957013689e+00 7.4096277307585390e-02 1.1423965516719473e-01 2.6520178172942103e+01 34
1 0 1 1 3.3289092434520141e-02 2.3689775100305174e-02 1.0000021694408154e+00 7.4036717526568152e-02 1.1510516238630472e-01 2.6570178165865929e+01 34
1 0 1 1 3.3269403108426521e-02 2.3673423056933748e-02 1.0000022453264026e+00 7.3977287186797414e-02 1.1597247132963327e-01 2.6620178158796477e+01 34
1 0 1 1 3.3249561288718824e-02 2.3657017371642733e-02 1.0000023234054236e+00 7.3917987019615217e-02 1.1684156658649376e-01 2.6670178151732301e+01 34
1 0 1 1 3.3229568928251546e-02 2.3640559073921614e-02 1.0000024037257678e+00 7.3858817748017780e-02 1.1771243280533777e-01 2.6720178144675177e+01 34
1 0 1 1 3.3209427969872099e-02 2.3624049185413942e-02 1.0000024863359152e+00 7.3799780086688360e-02 1.1858505469362106e-01 2.6770178137619045e+01 33
1 0 1 1 3.3189140346382373e-02 2.3607488719947941e-02 1.0000025712849323e+00 7.3740874742000834e-02 1.1945941701827589e-01 2.6820178130573080e+01 33
1 0 1 1 3.3168707980508590e-02 2.3590878683568739e-02 1.0000026586224671e+00 7.3682102412079287e-02 1.2033550460525534e-01 2.6870178123532561e+01 33
1 0 1 1 3.3148132784859688e-02 2.3574220074563734e-02 1.0000027483987433e+00 7.3623463786801319e-02 1.2121330233992973e-01 2.6920178116498228e+01 33
1 0 1 1 3.3127416661893470e-02 2.3557513883489527e-02 1.0000028406645556e+00 7.3564959547831488e-02 1.2209279516706845e-01 2.6970178109472702e+01 33
1 0 1 1 3.3106561503890214e-02 2.3540761093210013e-02 1.0000029354712623e+00 7.3506590368655755e-02 1.2297396809074634e-01 2.7020178102451904e+01 33
1 0 1 1 3.3085569192911404e-02 2.3523962678912679e-02 1.0000030328707794e+00 7.3448356914593393e-02 1.2385680617470010e-01 2.7070178095443652e+01 33
1 0 1 1 3.3064441600785074e-02 2.3507119608153791e-02 1.0000031329155743e+00 7.3390259842853772e-02 1.2474129454186687e-01 2.7120178088438699e+01 33
1 0 1 1 3.3043180589065912e-02 2.3490232840878374e-02 1.0000032356586575e+00 7.3332299802528811e-02 1.2562741837506514e-01 2.7170178081447368e+01 33
1 0 1 1 3.3021788009019074e-02 2.3473303329455977e-02 1.0000033411535754e+00 7.3274477434662810e-02 1.2651516291634757e-01 2.7220178074461661e+01 33
1 0 1 1 3.3000265701586859e-02 2.3456332018707868e-02 1.0000034494544028e+00 7.3216793372247735e-02 1.2740451346755580e-01 2.7270178067484430e+01 33
1 0 1 1 3.2978615497373583e-02 2.3439319845943104e-02 1.0000035606157336e+00 7.3159248240268121e-02 1.2829545539018750e-01 2.7320178060520629e+01 33
1 0 1 1 3.2956839216624928e-02 2.3422267740989353e-02 1.0000036746926728e+00 7.3101842655744154e-02 1.2918797410520130e-01 2.7370178053565525e+01 33
1 0 1 1 3.2934938669202357e-02 2.3405176626221266e-02 1.0000037917408269e+00 7.3044577227744600e-02 1.3008205509328585e-01 2.7420178046618549e+01 33
1 0 1 1 3.2912915654566263e-02 2.3388047416594619e-02 1.0000039118162940e+00 7.2987452557419841e-02 1.3097768389485379e-01 2.7470178039682118e+01 33
1 0 1 1 3.2890771961763508e-02 2.3370881019679979e-02 1.0000040349756549e+00 7.2930469238039586e-02 1.3187484611007133e-01 2.7520178032762882e+01 33
1 0 1 1 3.2868509369417237e-02 2.3353678335702215e-02 1.0000041612759616e+00 7.2873627855044643e-02 1.3277352739838208e-01 2.7570178025844427e+01 33
1 0 1 1 3.2846129645688942e-02 2.3336440257550741e-02 1.0000042907747271e+00 7.2816928986022433e-02 1.3367371347957882e-01 2.7620178018947431e+01 33
1 0 1 1 3.2823634548300999e-02 2.3319167670844607e-02 1.0000044235299141e+00 7.2760373200816852e-02 1.3457539013246397e-01 2.7670178012054222e+01 33
1 0 1 1 3.2801025824493110e-02 2.3301861453936781e-02 1.0000045595999234e+00 7.2703961061488687e-02 1.3547854319611480e-01 2.7720178005179967e+01 33
1 0 1 1 3.2778305211039978e-02 2.3284522477972205e-02 1.0000046990435825e+00 7.2647693122411261e-02 1.3638315856879621e-01 2.7770177998311993e+01 33
1 0 1 1 3.2755474434216260e-02 2.3267151606898032e-02 1.0000048419201315e+00 7.2591569930251620e-02 1.3728922220885514e-01 2.7820177991460589e+01 33
1 0 1 1 3.2732535209813035e-02 2.3249749697517922e-02 1.0000049882892130e+00 7.2535592024046414e-02 1.3819672013401491e-01 2.7870177984619961e+01 33
1 0 1 1 3.2709489243116924e-02 2.3232317599515651e-02 1.0000051382108566e+00 7.2479759935209193e-02 1.3910563842178106e-01 2.7920177977791592e+01 33
1 0 1 1 3.2686338228911212e-02 2.3214856155491233e-02 1.0000052917454663e+00 7.2424074187574017e-02 1.4001596320938964e-01 2.7970177970982562e+01 33
1 0 1 1 3.2663083851476718e-02 2.3197366201000359e-02 1.0000054489538062e+00 7.2368535297451075e-02 1.4092768069326528e-01 2.8020177964176838e+01 33
1 0 1 1 3.2639727784571797e-02 2.3179848564575438e-02 1.0000056098969867e+00 7.2313143773606758e-02 1.4184077713007620e-01 2.8070177957394396e+01 33
1 0 1 1 3.2616271691458337e-02 2.3162304067780887e-02 1.0000057746364492e+00 7.2257900117371654e-02 1.4275523883543151e-01 2.8120177950621276e+01 33
1 0 1 1 3.2592717224877880e-02 2.3144733525229711e-02 1.0000059432339510e+00 7.2202804822617817e-02 1.4367105218482795e-01 2.8170177943863134e+01 33
1 0 1 1 3.2569066027066274e-02 2.3127137744629718e-02 1.0000061157515494e+00 7.2147858375823271e-02 1.4458820361315364e-01 2.8220177937119576e+01 33
1 0 1 1 3.2545319729751082e-02 2.3109517526812860e-02 1.0000062922515864e+00 7.2093061256101154e-02 1.4550667961479433e-01 2.8270177930392379e+01 33
1 0 1 1 3.2521479954159424e-02 2.3091873665777030e-02 1.0000064727966718e+00 7.2038413935242074e-02 1.4642646674346180e-01 2.8320177923677544e+01 33
1 0 1 1 3.2497548311014819e-02 2.3074206948712886e-02 1.0000066574496667e+00 7.1983916877737086e-02 1.4734755161238491e-01 2.8370177916978456e+01 33
1 0 1 1 3.2473526400550026e-02 2.3056518156046136e-02 1.0000068462736660e+00 7.1929570540826715e-02 1.4826992089409366e-01 2.8420177910296154e+01 33
1 0 1 1 3.2449415812512615e-02 2.3038808061472543e-02 1.0000070393319807e+00 7.1875375374538003e-02 1.4919356132034825e-01 2.8470177903628070e+01 33
1 0 1 1 3.2425218126168304e-02 2.3021077431989664e-02 1.0000072366881207e+00 7.1821331821713325e-02 1.5011845968225090e-01 2.8520177896976783e+01 33
1 0 1 1 3.2400934910314594e-02 2.3003327027936823e-02 1.0000074384057758e+00 7.1767440318057124e-02 1.5104460282998705e-01 2.8570177890338659e+01 33
1 0 1 1 3.2376567723288133e-02 2.2985557603029980e-02 1.0000076445487969e+00 7.1713701292159759e-02 1.5197197767313217e-01 2.8620177883723187e+01 33
1 0 1 1 3.2352118112980575e-02 2.2967769904399509e-02 1.0000078551811769e+00 7.1660115165566252e-02 1.5290057117989844e-01 2.8670177877115801e+01 33
1 0 1 1 3.2327587616837863e-02 2.2949964672620102e-02 1.0000080703670320e+00 7.1606682352763573e-02 1.5383037037808672e-01 2.8720177870531721e+01 33
1 0 1 1 3.2302977761888195e-02 2.2932142641755665e-02 1.0000082901705802e+00 7.1553403261274073e-02 1.5476136235395205e-01 2.8770177863958686e+01 32
1 0 1 1 3.2278290064740110e-02 2.2914304539384655e-02 1.0000085146561228e+00 7.1500278291644848e-02 1.5569353425310012e-01 2.8820177857408400e+01 32
1 0 1 1 3.2253526031615756e-02 2.2896451086652243e-02 1.0000087438880225e+00 7.1447307837530394e-02 1.5662687327957928e-01 2.8870177850871027e+01 32
1 0 1 1 3.2228687158346321e-02 2.2878582998288616e-02 1.0000089779306827e+00 7.1394492285693001e-02 1.5756136669649823e-01 2.8920177844352494e+01 32
1 0 1 1 3.2203774930403328e-02 2.2860700982659427e-02 1.0000092168485264e+00 7.1341832016065809e-02 1.5849700182554335e-01 2.8970177837851892e+01 32
1 0 1 1 3.2178790822907366e-02 2.2842805741793957e-02 1.0000094607059742e+00 7.1289327401783675e-02 1.5943376604699575e-01 2.9020177831366748e+01 32
1 0 1 1 3.2153736300647565e-02 2.2824897971424441e-02 1.0000097095674221e+00 7.1236978809215368e-02 1.6037164679978547e-01 2.9070177824899464e+01 32
1 0 1 1 3.2128612818101018e-02 2.2806978361021631e-02 1.0000099634972197e+00 7.1184786598010141e-02 1.6131063158133641e-01 2.9120177818453541e+01 32
1 0 1 1 3.2103421819458453e-02 2.2789047593836265e-02 1.0000102225596461e+00 7.1132751121144866e-02 1.6225070794730362e-01 2.9170177812023649e+01 32
1 0 1 1 3.2078164738632849e-02 2.2771106346926858e-02 1.0000104868188884e+00 7.1080872724946120e-02 1.6319186351174814e-01 2.9220177805609385e+01 32
1 0 1 1 3.2052842999284931e-02 2.2753155291199749e-02 1.0000107563390166e+00 7.1029151749131159e-02 1.6413408594708351e-01 2.9270177799216789e+01 32
1 0 1 1 3.2027458014853252e-02 2.2735195091451853e-02 1.0000110311839610e+00 7.0977588526863533e-02 1.6507736298370990e-01 2.9320177792843349e+01 32
1 0 1 1 3.2002011188566867e-02 2.2717226406398398e-02 1.0000113114174876e+00 7.0926183384781460e-02 1.6602168241003731e-01 2.9370177786484351e+01 32
1 0 1 1 3.1976503913466237e-02 2.2699249888708879e-02 1.0000115971031733e+00 7.0874936643025660e-02 1.6696703207265434e-01 2.9420177780146371e+01 32
1 0 1 1 3.1950937572440767e-02 2.2681266185054030e-02 1.0000118883043818e+00 7.0823848615299251e-02 1.6791339987595785e-01 2.9470177773832191e+01 32
1 0 1 1 3.1925313538248463e-02 2.2663275936137085e-02 1.0000121850842378e+00 7.0772919608911022e-02 1.6886077378177675e-01 2.9520177767526416e+01 32
1 0 1 1 3.1899633173521152e-02 2.2645279776715953e-02 1.0000124875056025e+00 7.0722149924769662e-02 1.6980914181027451e-01 2.9570177761248271e+01 32
1 0 1 1 3.1873897830826045e-02 2.2627278335666082e-02 1.0000127956310465e+00 7.0671539857486865e-02 1.7075849203865112e-01 2.9620177754987765e+01 32
1 0 1 1 3.1848108852666729e-02 2.2609272235998006e-02 1.0000131095228253e+00 7.0621089695375006e-02 1.7170881260177809e-01 2.9670177748744848e+01 32
1 0 1 1 3.1822267571517626e-02 2.2591262094897886e-02 1.0000134292428520e+00 7.0570799720495014e-02 1.7266009169198795e-01 2.9720177742523727e+01 32
1 0 1 1 3.1796375309855400e-02 2.2573248523767984e-02 1.0000137548526713e+00 7.0520670208706643e-02 1.7361231755872414e-01 2.9770177736319646e+01 32
1 0 1 1 3.1770433380178396e-02 2.2555232128253808e-02 1.0000140864134326e+00 7.0470701429691723e-02 1.7456547850877205e-01 2.9820177730137154e+01 32
1 0 1 1 3.1744443085048542e-02 2.2537213508293550e-02 1.0000144239858624e+00 7.0420893647009514e-02 1.7551956290584794e-01 2.9870177723973207e+01 32
1 0 1 1 3.1718405717108392e-02 2.2519193258140471e-02 1.0000147676302378e+00 7.0371247118124314e-02 1.7647455917074373e-01 2.9920177717831688e+01 32
1 0 1 1 3.1692322559123610e-02 2.2501171966411361e-02 1.0000151174063581e+00 7.0321762094458229e-02 1.7743045578093850e-01 2.9970177711707912e+01 32
1 0 1 1 3.1666194884001804e-02 2.2483150216112240e-02 1.0000154733735174e+00 7.0272438821415179e-02 1.7838724127077971e-01 3.0020177705604635e+01 32
1 0 1 1 3.1640023954833056e-02 2.2465128584682234e-02 1.0000158355904769e+00 7.0223277538430884e-02 1.7934490423121477e-01 3.0070177699523565e+01 32
1 0 1 1 3.1613811024917692e-02 2.2447107644024050e-02 1.0000162041154355e+00 7.0174278479014918e-02 1.8030343330955986e-01 3.0120177693459997e+01 32
1 0 1 1 3.1587557337796973e-02 2.2429087960541758e-02 1.0000165790060027e+00 7.0125441870776573e-02 1.8126281720972581e-01 3.0170177687420097e+01 32
1 0 1 1 3.1561264127291856e-02 2.2411070095178651e-02 1.0000169603191689e+00 7.0076767935484341e-02 1.8222304469163672e-01 3.0220177681397310e+01 32
1 0 1 1 3.1534932617529696e-02 2.2393054603450528e-02 1.0000173481112766e+00 7.0028256889083346e-02 1.8318410457160758e-01 3.0270177675397800e+01 32
1 0 1 1 3.1508564022983576e-02 2.2375042035481379e-02 1.0000177424379921e+00 6.9979908941755764e-02 1.8414598572181171e-01 3.0320177669420051e+01 32
1 0 1 1 3.1482159548506083e-02 2.2357032936042069e-02 1.0000181433542752e+00 6.9931724297952330e-02 1.8510867707026551e-01 3.0370177663459714e+01 32
1 0 1 1 3.1455720389356678e-02 2.2339027844580035e-02 1.0000185509143502e+00 6.9883703156421562e-02 1.8607216760089881e-01 3.0420177657520064e+01 32
1 0 1 1 3.1429247731243219e-02 2.2321027295258096e-02 1.0000189651716773e+00 6.9835845710259498e-02 1.8703644635331182e-01 3.0470177651606146e+01 32
1 0 1 1 3.1402742750364233e-02 2.2303031816995118e-02 1.0000193861789211e+00 6.9788152146960103e-02 1.8800150242236874e-01 3.0520177645710184e+01 32
1 0 1 1 3.1376206613429221e-02 2.2285041933489822e-02 1.0000198139879215e+00 6.9740622648431838e-02 1.8896732495847959e-01 3.0570177639833254e+01 32
1 0 1 1 3.1349640477703625e-02 2.2267058163263232e-02 1.0000202486496650e+00 6.9693257391044594e-02 1.8993390316745032e-01 3.0620177633983904e+01 32
1 0 1 1 3.1323045491054864e-02 2.2249081019698722e-02 1.0000206902142523e+00 6.9646056545690144e-02 1.9090122630977804e-01 3.0670177628148867e+01 32
1 0 1 1 3.1296422791966164e-02 2.2231111011061278e-02 1.0000211387308700e+00 6.9599020277781587e-02 1.9186928370138512e-01 3.0720177622338014e+01 32
1 0 1 1 3.1269773509595145e-02 2.2213148640547142e-02 1.0000215942477590e+00 6.9552148747326403e-02 1.9283806471281634e-01 3.0770177616549717e+01 32
1 0 1 1 3.1243096421912218e-02 2.2195194406314421e-02 1.0000220568121856e+00 6.9505442108954263e-02 1.9380755876933792e-01 3.0820177610783073e+01 32
1 0 1 1 3.1216390543519719e-02 2.2177248801515292e-02 1.0000225264704092e+00 6.9458900511955773e-02 1.9477775535072772e-01 3.0870177605034339e+01 32
1 0 1 1 3.1189661352848921e-02 2.2159312314330524e-02 1.0000230032676540e+00 6.9412524100312012e-02 1.9574864399144226e-01 3.0920177599312520e+01 32
1 0 1 1 3.1162909943992571e-02 2.2141385428008125e-02 1.0000234872480764e+00 6.9366313012758640e-02 1.9672021427977901e-01 3.0970177593603783e+01 31
1 0 1 1 3.1136137401873716e-02 2.2123468620889337e-02 1.0000239784547360e+00 6.9320267382782574e-02 1.9769245585887044e-01 3.1020177587929364e+01 31
1 0 1 1 3.1109344802312294e-02 2.2105562366457394e-02 1.0000244769295641e+00 6.9274387338724402e-02 1.9866535842494501e-01 3.1070177582264396e+01 31
1 0 1 1 3.1082533212030711e-02 2.2087667133353306e-02 1.0000249827133332e+00 6.9228673003740360e-02 1.9963891172901413e-01 3.1120177576630809e+01 31
1 0 1 1 3.1055703688725862e-02 2.2069783385426943e-02 1.0000254958456274e+00 6.9183124495912712e-02 2.0061310557502232e-01 3.1170177571010971e+01 31
1 0 1 1 3.1028857281080905e-02 2.2051911581755023e-02 1.0000260163648107e+00 6.9137741928228469e-02 2.0158792982110713e-01 3.1220177565419007e+01 31
1 0 1 1 3.1001995028830862e-02 2.2034052176689852e-02 1.0000265443079972e+00 6.9092525408665117e-02 2.0256337437835409e-01 3.1270177559844885e+01 31
1 0 1 1 3.0975117962784269e-02 2.2016205619881893e-02 1.0000270797110200e+00 6.9047475040194012e-02 2.0353942921148835e-01 3.1320177554297153e+01 31
1 0 1 1 3.0948227104878431e-02 2.1998372356320701e-02 1.0000276226084017e+00 6.9002590920847151e-02 2.0451608433799029e-01 3.1370177548765696e+01 31
1 0 1 1 3.0921323468205156e-02 2.1980552826359703e-02 1.0000281730333238e+00 6.8957873143724063e-02 2.0549332982872123e-01 3.1420177543260994e+01 31
1 0 1 1 3.0894408057068834e-02 2.1962747465759755e-02 1.0000287310175957e+00 6.8913321797061777e-02 2.0647115580699410e-01 3.1470177537774585e+01 31
1 0 1 1 3.0867481867012124e-02 2.1944956705711033e-02 1.0000292965916258e+00 6.8868936964244759e-02 2.0744955244912683e-01 3.1520177532315138e+01 31
1 0 1 1 3.0840545884875874e-02 2.1927180972880767e-02 1.0000298697843903e+00 6.8824718723869971e-02 2.0842850998355653e-01 3.1570177526870314e+01 31
1 0 1 1 3.0813601088816454e-02 2.1909420689425568e-02 1.0000304506234052e+00 6.8780667149748287e-02 2.0940801869164910e-01 3.1620177521457013e+01 31
1 0 1 1 3.0786648448380062e-02 2.1891676273049041e-02 1.0000310391346945e+00 6.8736782310991007e-02 2.1038806890631709e-01 3.1670177516057663e+01 31
1 0 1 1 3.0759688924509875e-02 2.1873948137008357e-02 1.0000316353427616e+00 6.8693064271994064e-02 2.1136865101308164e-01 3.1720177510683069e+01 31
1 0 1 1 3.0732723469613830e-02 2.1856236690165363e-02 1.0000322392705607e+00 6.8649513092512049e-02 2.1234975544907531e-01 3.1770177505328832e+01 31
1 0 1 1 3.0705753027595980e-02 2.1838542337010623e-02 1.0000328509394667e+00 6.8606128827676360e-02 2.1333137270349198e-01 3.1820177500006473e+01 31
1 0 1 1 3.0678778533916876e-02 2.1820865477707192e-02 1.0000334703692462e+00 6.8562911528064596e-02 2.1431349331635241e-01 3.1870177494688409e+01 31
1 0 1 1 3.0651800915592369e-02 2.1803206508092546e-02 1.0000340975780300e+00 6.8519861239663915e-02 2.1529610788037465e-01 3.1920177489411564e+01 31
1 0 1 1 3.0624821091300915e-02 2.1785565819753470e-02 1.0000347325822827e+00 6.8476978004011924e-02 2.1627920703815451e-01 3.1970177484141484e+01 31
1 0 1 1 3.0597839971362679e-02 2.1767943800016849e-02 1.0000353753967772e+00 6.8434261858128564e-02 2.1726278148451050e-01 3.2020177478899420e+01 31
1 0 1 1 3.0570858457826405e-02 2.1750340832007480e-02 1.0000360260345647e+00 6.8391712834623725e-02 2.1824682196478037e-01 3.2070177473684403e+01 31
1 0 1 1 3.0543877444502796e-02 2.1732757294673756e-02 1.0000366845069475e+00 6.8349330961717580e-02 2.1923131927486969e-01 3.2120177468483391e+01 31
1 0 1 1 3.0516897816992728e-02 2.1715193562810882e-02 1.0000373508234524e+00 6.8307116263248424e-02 2.2021626426181481e-01 3.2170177463307468e+01 31
1 0 1 1 3.0489920452746466e-02 2.1697650007097908e-02 1.0000380249918037e+00 6.8265068758741027e-02 2.2120164782288185e-01 3.2220177458155334e+01 31
1 0 1 1 3.0462946221105600e-02 2.1680126994131431e-02 1.0000387070178960e+00 6.8223188463432061e-02 2.2218746090562749e-01 3.2270177453023400e+01 31
1 0 1 1 3.0435975983339612e-02 2.1662624886449919e-02 1.0000393969057686e+00 6.8181475388299356e-02 2.2317369450779659e-01 3.2320177447909202e+01 31
1 0 1 1 3.0409010592688957e-02 2.1645144042563631e-02 1.0000400946575794e+00 6.8139929540092514e-02 2.2416033967749716e-01 3.2370177442828343e+01 31
1 0 1 1 3.0382050894431023e-02 2.1627684817000215e-02 1.0000408002735794e+00 6.8098550921405460e-02 2.2514738751187574e-01 3.2420177437755278e+01 31
1 0 1 1 3.0355097725882314e-02 2.1610247560307959e-02 1.0000415137520888e+00 6.8057339530644273e-02 2.2613482915880403e-01 3.2470177432716994e+01 31
1 0 1 1 3.0328151916490194e-02 2.1592832619115734e-02 1.0000422350894704e+00 6.8016295362138546e-02 2.2712265581468008e-01 3.2520177427689852e+01 31
1 0 1 1 3.0301214287832376e-02 2.1575440336135010e-02 1.0000429642801079e+00 6.7975418406105936e-02 2.2811085872605566e-01 3.2570177422690037e+01 31
1 0 1 1 3.0274285653694170e-02 2.1558071050211246e-02 1.0000437013163803e+00 6.7934708648737296e-02 2.2909942918829126e-01 3.2620177417713499e+01 31
1 0 1 1 3.0247366820100187e-02 2.1540725096345595e-02 1.0000444461886400e+00 6.7894166072212020e-02 2.3008835854579918e-01 3.2670177412756374e+01 31
1 0 1 1 3.0220458585353435e-02 2.1523402805720293e-02 1.0000451988851897e+00 6.7853790654727270e-02 2.3107763819187754e-01 3.2720177407814845e+01 31
1 0 1 1 3.0193561740075620e-02 2.1506104505726237e-02 1.0000459593922613e+00 6.7813582370523984e-02 2.3206725956895879e-01 3.2770177402905780e+01 31
1 0 1 1 3.0166677067277613e-02 2.1488830520009397e-02 1.0000467276939924e+00 6.7773541189959763e-02 2.3305721416734163e-01 3.2820177398010451e+01 31
1 0 1 1 3.0139805342369388e-02 2.1471581168477364e-02 1.0000475037724079e+00 6.7733667079492216e-02 2.3404749352641557e-01 3.2870177393144857e+01 31
1 0 1 1 3.0112947333234510e-02 2.1454356767347499e-02 1.0000482876073973e+00 6.7693960001759479e-02 2.3503808923303360e-01 3.2920177388285374e+01 31
1 0 1 1 3.0086103800233355e-02 2.1437157629149817e-02 1.0000490791766969e+00 6.7654419915550712e-02 2.3602899292318924e-01 3.2970177383461568e+01 31
1 0 1 1 3.0059275496299376e-02 2.1419984062788909e-02 1.0000498784558698e+00 6.7615046775916177e-02 2.3702019627989768e-01 3.3020177378657266e+01 31
1 0 1 1 3.0032463166948214e-02 2.1402836373550192e-02 1.0000506854182871e+00 6.7575840534149334e-02 2.3801169103414449e-01 3.3070177373866215e+01 31
1 0 1 1 3.0005667550318877e-02 2.1385714863125516e-02 1.0000515000351109e+00 6.7536801137816183e-02 2.3900346896494498e-01 3.3120177369103494e+01 31
1 0 1 1 2.9978889377240126e-02 2.1368619829655235e-02 1.0000523222752769e+00 6.7497928530821760e-02 2.3999552189812884e-01 3.3170177364352135e+01 31
1 0 1 1 2.9952129371247055e-02 2.1351551567740885e-02 1.0000531521054783e+00 6.7459222653396322e-02 2.4098784170772225e-01 3.3220177359640125e+01 31
1 0 1 1 2.9925388248667913e-02 2.1334510368496994e-02 1.0000539894901486e+00 6.7420683442198148e-02 2.4198042031354766e-01 3.3270177354928308e+01 31
1 0 1 1 2.9898666718603594e-02 2.1317496519540423e-02 1.0000548343914493e+00 6.7382310830246817e-02 2.4297324968377620e-01 3.3320177350246041e+01 30
1 0 1 1 2.9871965425056095e-02 2.1300509768847800e-02 1.0000556868175385e+00 6.7344104747037170e-02 2.4396632399582077e-01 3.3370177449117897e+01 30
1 0 1 1 2.9845284649652297e-02 2.1283545159390769e-02 1.0000565472124792e+00 6.7306065355697747e-02 2.4495965075350340e-01 3.3420178374122209e+01 30
1 0 1 1 2.9818627211201945e-02 2.1266609802971525e-02 1.0000574149618007e+00 6.7268194698555772e-02 2.4595314257963893e-01 3.3470176182953665e+01 30
1 0 1 1 2.9791990348481276e-02 2.1249701787592015e-02 1.0000582901307755e+00 6.7230487805555850e-02 2.4694691991451603e-01 3.3520177331571027e+01 30
1 0 1 1 2.9765377130270568e-02 2.1232822905669323e-02 1.0000591725920813e+00 6.7192947991297602e-02 2.4794088567481098e-01 3.3570177327000280e+01 30
1 0 1 1 2.9738787608827519e-02 2.1215973034825218e-02 1.0000600623143021e+00 6.7155574296259679e-02 2.4893505502459295e-01 3.3620177322440242e+01 30
1 0 1 1 2.9712222444113749e-02 2.1199152439665525e-02 1.0000609592435630e+00 6.7118366629111303e-02 2.4992942025657081e-01 3.3670177317899700e+01 30
1 0 1 1 2.9685682289247808e-02 2.1182361381523414e-02 1.0000618633236200e+00 6.7081324895186450e-02 2.5092397370913350e-01 3.3720177313384667e+01 30
1 0 1 1 2.9659167790551347e-02 2.1165600118487674e-02 1.0000627744958530e+00 6.7044448996519901e-02 2.5191870776602537e-01 3.3770177308889714e+01 30
1 0 1 1 2.9632679587585933e-02 2.1148868905426114e-02 1.0000636926992588e+00 6.7007738831864283e-02 2.5291361485629882e-01 3.3820177304402357e+01 30
1 0 1 1 2.9606218313176266e-02 2.1132167993996986e-02 1.0000646178704455e+00 6.6971194296696124e-02 2.5390868745515510e-01 3.3870177299953774e+01 30
1 0 1 1 2.9579784593503536e-02 2.1115497632706735e-02 1.0000655499436271e+00 6.6934815283313936e-02 2.5490391808144364e-01 3.3920177295500146e+01 30
1 0 1 1 2.9553379048073272e-02 2.1098858066889825e-02 1.0000664888506208e+00 6.6898601680762115e-02 2.5589929930091354e-01 3.3970177291093293e+01 30
1 0 1 1 2.9527002289847327e-02 2.1082249538787842e-02 1.0000674345208418e+00 6.6862553374986700e-02 2.5689482372207073e-01 3.4020177286680436e+01 30
1 0 1 1 2.9500654925191765e-02 2.1065672287516570e-02 1.0000683868813041e+00 6.6826670248731235e-02 2.5789048399989378e-01 3.4070177282297699e+01 30
1 0 1 1 2.9474337553990711e-02 2.1049126549135985e-02 1.0000693458566174e+00 6.6790952181663255e-02 2.5888627283305909e-01 3.4120177277938048e+01 30
1 0 1 1 2.9448050769662636e-02 2.1032612556657920e-02 1.0000703113689879e+00 6.6755399050368702e-02 2.5988218296450605e-01 3.4170177273587107e+01 30
1 0 1 1 2.9421795159185492e-02 2.1016130540059273e-02 1.0000712833382197e+00 6.6720010728357038e-02 2.6087820718197580e-01 3.4220177269257555e+01 30
1 0 1 1 2.9395571303162074e-02 2.0999680726322315e-02 1.0000722616817168e+00 6.6684787086118913e-02 2.6187433831705925e-01 3.4270177264947982e+01 30
1 0 1 1 2.9369379775854736e-02 2.0983263339455424e-02 1.0000732463144857e+00 6.6649727991143326e-02 2.6287056924533564e-01 3.4320177260656614e+01 30
1 0 1 1 2.9343221145222021e-02 2.0966878600510802e-02 1.0000742371491402e+00 6.6614833307942878e-02 2.6386689288623316e-01 3.4370177256382547e+01 30
1 0 1 1 2.9317095972962851e-02 2.0950526727612370e-02 1.0000752340959072e+00 6.6580102898079752e-02 2.6486330220272231e-01 3.4420177252116005e+01 30
1 0 1 1 2.9291004814540743e-02 2.0934207935968112e-02 1.0000762370626324e+00 6.6545536620171819e-02 2.6585979020207329e-01 3.4470177247883981e+01 30
1 0 1 1 2.9264948219267398e-02 2.0917922437920303e-02 1.0000772459547880e+00 6.6511134329974686e-02 2.6685634993392393e-01 3.4520177243659639e+01 30
1 0 1 1 2.9238926730295302e-02 2.0901670442938027e-02 1.0000782606754819e+00 6.6476895880344777e-02 2.6785297449187895e-01 3.4570177239449663e+01 30
1 0 1 1 2.9212940884678476e-02 2.0885452157652869e-02 1.0000792811254671e+00 6.6442821121290796e-02 2.6884965701275282e-01 3.4620177235262830e+01 30
1 0 1 1 2.9186991213419798e-02 2.0869267785885739e-02 1.0000803072031526e+00 6.6408909900010360e-02 2.6984639067594973e-01 3.4670177231085745e+01 30
1 0 1 1 2.9161078241492475e-02 2.0853117528659600e-02 1.0000813388046157e+00 6.6375162060886006e-02 2.7084316870424513e-01 3.4720177226927738e+01 30
1 0 1 1 2.9135202487894040e-02 2.0837001584227671e-02 1.0000823758236153e+00 6.6341577445533401e-02 2.7183998436307621e-01 3.4770177222793038e+01 30
1 0 1 1 2.9109364465690249e-02 2.0820920148100119e-02 1.0000834181516058e+00 6.6308155892829401e-02 2.7283683096002842e-01 3.4820177218660717e+01 30
1 0 1 1 2.9083564682025262e-02 2.0804873413047990e-02 1.0000844656777543e+00 6.6274897238896263e-02 2.7383370184618611e-01 3.4870177214558609e+01 30
1 0 1 1 2.9057803638205596e-02 2.0788861569150899e-02 1.0000855182889545e+00 6.6241801317186350e-02 2.7483059041375901e-01 3.4920177210451151e+01 30
1 0 1 1 2.9032081829678629e-02 2.0772884803783281e-02 1.0000865758698481e+00 6.6208867958425843e-02 2.7582749009891744e-01 3.4970177206387369e+01 30
1 0 1 1 2.9006399746154009e-02 2.0756943301684903e-02 1.0000876383028401e+00 6.6176096990745226e-02 2.7682439437796352e-01 3.5020177202315331e+01 30
1 0 1 1 2.8980757871552697e-02 2.0741037244928318e-02 1.0000887054681233e+00 6.6143488239586101e-02 2.7782129677084005e-01 3.5070177198263799e+01 30
1 0 1 1 2.8955156684102999e-02 2.0725166812973150e-02 1.0000897772436963e+00 6.6111041527799674e-02 2.7881819083871789e-01 3.5120177194227992e+01 30
1 0 1 1 2.8929596656361318e-02 2.0709332182679417e-02 1.0000908535053883e+00 6.6078756675644834e-02 2.7981507018484553e-01 3.5170177190217196e+01 30
1 0 1 1 2.8904078121231871e-02 2.0693533528336378e-02 1.0000919341268808e+00 6.6046633500832258e-02 2.8081192845326963e-01 3.5220177186196963e+01 30
1 0 1 1 2.8878590712860988e-02 2.0677771021648961e-02 1.0000930189797363e+00 6.6014671818480752e-02 2.8180875933115423e-01 3.5270177182211782e+01 30
1 0 1 1 2.8853145895399952e-02 2.0662044831808786e-02 1.0000941079334207e+00 6.5982871441231772e-02 2.8280555654555861e-01 3.5320177178227922e+01 30
1 0 1 1 2.8827744119593331e-02 2.0646355125469536e-02 1.0000952008553334e+00 6.5951232179191299e-02 2.8380231386594434e-01 3.5370177174266267e+01 30
1 0 1 1 2.8802385830706444e-02 2.0630702066797919e-02 1.0000962976108339e+00 6.5919753840004841e-02 2.8479902510224225e-01 3.5420177170309834e+01 30
1 0 1 1 2.8777071468528103e-02 2.0615085817469025e-02 1.0000973980632737e+00 6.5888436228838609e-02 2.8579568410595552e-01 3.5470177166365829e+01 30
1 0 1 1 2.8751801467426525e-02 2.0599506536701385e-02 1.0000985020740263e+00 6.5857279148419823e-02 2.8679228476958685e-01 3.5520177162440909e+01 30
1 0 1 1 2.8726576256389792e-02 2.0583964381276347e-02 1.0000996095025185e+00 6.5826282399064850e-02 2.8778882102622538e-01 3.5570177158526967e+01 30
1 0 1 1 2.8701396259050625e-02 2.0568459505549298e-02 1.0001007202062657e+00 6.5795445778684208e-02 2.8878528684974758e-01 3.5620177154616492e+01 30
1 0 1 1 2.8676261893716616e-02 2.0552992061468153e-02 1.0001018340409049e+00 6.5764769082792912e-02 2.8978167625519258e-01 3.5670177150725742e+01 30
1 0 1 1 2.8651173573427002e-02 2.0537562198601526e-02 1.0001029508602308e+00 6.5734252104559548e-02 2.9077798329778404e-01 3.5720177146852215e+01 30
1 0 1 1 2.8626131705983777e-02 2.0522170064155847e-02 1.0001040705162323e+00 6.5703894634815907e-02 2.9177420207270555e-01 3.5770177142967619e+01 29
1 0 1 1 2.8601136693948006e-02 2.0506815802971621e-02 1.0001051928591325e+00 6.5673696462029751e-02 2.9277032671703335e-01 3.5820177139119757e+01 29
1 0 1 1 2.8576188934748566e-02 2.0491499557583188e-02 1.0001063177374234e+00 6.5643657372414399e-02 2.9376635140640506e-01 3.5870177135271405e+01 29
1 0 1 1 2.8551288820653414e-02 2.0476221468200891e-02 1.0001074449979110e+00 6.5613777149866548e-02 2.9476227035748548e-01 3.5920177131427828e+01 29
1 0 1 1 2.8526436738824112e-02 2.0460981672739756e-02 1.0001085744857536e+00 6.5584055576010242e-02 2.9575807782722241e-01 3.5970177127604835e+01 29
1 0 1 1 2.8501633071368361e-02 2.0445780306847565e-02 1.0001097060445048e+00 6.5554492430236866e-02 2.9675376811179699e-01 3.6020177123781174e+01 29
1 0 1 1 2.8476878195341233e-02 2.0430617503903521e-02 1.0001108395161571e+00 6.5525087489681916e-02 2.9774933554811694e-01 3.6070177119977799e+01 29
1 0 1 1 2.8452172482816018e-02 2.0415493395058038e-02 1.0001119747411864e+00 6.5495840529286559e-02 2.9874477451210163e-01 3.6120177116176428e+01 29
1 0 1 1 2.8427516300885622e-02 2.0400408109228513e-02 1.0001131115585977e+00 6.5466751321776678e-02 2.9974007941995701e-01 3.6170177112388792e+01 29
1 0 1 1 2.8402910011721131e-02 2.0385361773134207e-02 1.0001142498059712e+00 6.5437819637707256e-02 3.0073524472697755e-01 3.6220177108599991e+01 29
1 0 1 1 2.8378353972576657e-02 2.0370354511292953e-02 1.0001153893195105e+00 6.5409045245449493e-02 3.0173026492884564e-01 3.6270177104839696e+01 29
1 0 1 1 2.8353848535873361e-02 2.0355386446071141e-02 1.0001165299340897e+00 6.5380427911262001e-02 3.0272513455918232e-01 3.6320177101062178e+01 29
1 0 1 1 2.8329394049158404e-02 2.0340457697653986e-02 1.0001176714833053e+00 6.5351967399222971e-02 3.0371984819271219e-01 3.6370177097310538e+01 29
1 0 1 1 2.8304990855211064e-02 2.0325568384106690e-02 1.0001188137995245e+00 6.5323663471332255e-02 3.0471440044218118e-01 3.6420177093566160e+01 29
1 0 1 1 2.8280639292037755e-02 2.0310718621368871e-02 1.0001199567139367e+00 6.5295515887481226e-02 3.0570878595969331e-01 3.6470177089819686e+01 29
1 0 1 1 2.8256339692898581e-02 2.0295908523265262e-02 1.0001211000566077e+00 6.5267524405463295e-02 3.0670299943680923e-01 3.6520177086080956e+01 29
1 0 1 1 2.8232092386354667e-02 2.0281138201532944e-02 1.0001222436565307e+00 6.5239688781006194e-02 3.0769703560418576e-01 3.6570177082364459e+01 29
1 0 1 1 2.8207897696317163e-02 2.0266407765846987e-02 1.0001233873416804e+00 6.5212008767806473e-02 3.0869088923045102e-01 3.6620177078637099e+01 29
1 0 1 1 2.8183755942031968e-02 2.0251717323806071e-02 1.0001245309390692e+00 6.5184484117490005e-02 3.0968455512412502e-01 3.6670177074919216e+01 29
1 0 1 1 2.8159667438146480e-02 2.0237066980971646e-02 1.0001256742748017e+00 6.5157114579669773e-02 3.1067802813236767e-01 3.6720177071225564e+01 29
1 0 1 1 2.8135632494758457e-02 2.0222456840892845e-02 1.0001268171741302e+00 6.5129899901975319e-02 3.1167130313977898e-01 3.6770177067508463e+01 29
1 0 1 1 2.8111651417375771e-02 2.0207887005077575e-02 1.0001279594615142e+00 6.5102839829991210e-02 3.1266437507155259e-01 3.6820177063821596e+01 29
1 0 1 1 2.8087723624776031e-02 2.0193351079193175e-02 1.0001291024567680e+00 6.5075934107369449e-02 3.1365727380660630e-01 3.6870178658671506e+01 29
1 0 1 1 2.8063852462164512e-02 2.0178856062247980e-02 1.0001302446378584e+00 6.5049185053812353e-02 3.1464986907343467e-01 3.6920175674703742e+01 29
1 0 1 1 2.8040034093853989e-02 2.0164400487244622e-02 1.0001313857965650e+00 6.5022587625270856e-02 3.1564232779304691e-01 3.6970176794571366e+01 29
1 0 1 1 2.8016271179871165e-02 2.0149985888428895e-02 1.0001325256410005e+00 6.4996144217675689e-02 3.1663454639322730e-01 3.7020177049283973e+01 29
1 0 1 1 2.7992563713294422e-02 2.0135612181298657e-02 1.0001336640061560e+00 6.4969854240822439e-02 3.1762653203810232e-01 3.7070177045632178e+01 29
1 0 1 1 2.7968911850150380e-02 2.0121279381140965e-02 1.0001348007185902e+00 6.4943717291656378e-02 3.1861828500830758e-01 3.7120177041957639e+01 29
1 0 1 1 2.7945315865039056e-02 2.0106987575901535e-02 1.0001359355985808e+00 6.4917733102231423e-02 3.1960980049632876e-01 3.7170177038310783e+01 29
1 0 1 1 2.7921776028302134e-02 2.0092736851650941e-02 1.0001370684660758e+00 6.4891901402763852e-02 3.2060107373072677e-01 3.7220177034647676e+01 29
1 0 1 1 2.7898292605978314e-02 2.0078527292555614e-02 1.0001381991407596e+00 6.4866221921562828e-02 3.2159209997950916e-01 3.7270177031003023e+01 29
1 0 1 1 2.7874865859893790e-02 2.0064358980928981e-02 1.0001393274421126e+00 6.4840694385109754e-02 3.2258287454746037e-01 3.7320177027359293e+01 29
1 0 1 1 2.7851496047654828e-02 2.0050231997220575e-02 1.0001404531894755e+00 6.4815318518033654e-02 3.2357339277736269e-01 3.7370177023713346e+01 29
1 0 1 1 2.7828183422684710e-02 2.0036146420038037e-02 1.0001415762021129e+00 6.4790094043127050e-02 3.2456365004980231e-01 3.7420177020068486e+01 29
1 0 1 1 2.7804928234252492e-02 2.0022102326160099e-02 1.0001426962992768e+00 6.4765020681362584e-02 3.2555364178320989e-01 3.7470177016441113e+01 29
1 0 1 1 2.7781730727521950e-02 2.0008099790559692e-02 1.0001438133002687e+00 6.4740098151927272e-02 3.2654336343259582e-01 3.7520177012801632e+01 29
1 0 1 1 2.7758591143543017e-02 1.9994138886398966e-02 1.0001449270245069e+00 6.4715326172189558e-02 3.2753281049134064e-01 3.7570177009166422e+01 29
1 0 1 1 2.7735509719303168e-02 1.9980219685053740e-02 1.0001460372915880e+00 6.4690704457743609e-02 3.2852197849009646e-01 3.7620177005548285e+01 29
1 0 1 1 2.7712486687774575e-02 1.9966342256140121e-02 1.0001471439213516e+00 6.4666232722432881e-02 3.2951086299577520e-01 3.7670177001907078e+01 29
1 0 1 1 2.7689522277880185e-02 1.9952506667489499e-02 1.0001482467339473e+00 6.4641910678303938e-02 3.3049945961444360e-01 3.7720176998301270e+01 29
1 0 1 1 2.7666616714615195e-02 1.9938712985217488e-02 1.0001493455498942e+00 6.4617738035711414e-02 3.3148776398684243e-01 3.7770176994664489e+01 29
1 0 1 1 2.7643770218970062e-02 1.9924961273674643e-02 1.0001504401901515e+00 6.4593714503220545e-02 3.3247577179297777e-01 3.7820176991041514e+01 29
1 0 1 1 2.7620983008033055e-02 1.9911251595505278e-02 1.0001515304761788e+00 6.4569839787700423e-02 3.3346347874918109e-01 3.7870176987443344e+01 29
1 0 1 1 2.7598255295021901e-02 1.9897584011659988e-02 1.0001526162299996e+00 6.4546113594335153e-02 3.3445088060716571e-01 3.7920176983803664e+01 29
1 0 1 1 2.7575587289223730e-02 1.9883958581359659e-02 1.0001536972742719e+00 6.4522535626546418e-02 3.3543797315843321e-01 3.7970176980204748e+01 29
1 0 1 1 2.7552979196145359e-02 1.9870375362179039e-02 1.0001547734323437e+00 6.4499105586133310e-02 3.3642475222842166e-01 3.8020176976586114e+01 29
1 0 1 1 2.7530431217440487e-02 1.9856834409999375e-02 1.0001558445283241e+00 6.4475823173177294e-02 3.3741121368077098e-01 3.8070176972964056e+01 29
1 0 1 1 2.7507943550975321e-02 1.9843335779047504e-02 1.0001569103871439e+00 6.4452688086095278e-02 3.3839735341602178e-01 3.8120176969368650e+01 29
1 0 1 1 2.7485516390885097e-02 1.9829879521921674e-02 1.0001579708346180e+00 6.4429700021682745e-02 3.3938316736982099e-01 3.8170176965758614e+01 29
1 0 1 1 2.7463149927547174e-02 1.9816465689573560e-02 1.0001590256975110e+00 6.4406858675065459e-02 3.4036865151513790e-01 3.8220176962136328e+01 29
1 0 1 1 2.7440844347618190e-02 1.9803094331327820e-02 1.0001600748035995e+00 6.4384163739725941e-02 3.4135380186217751e-01 3.8270176958547779e+01 29
1 0 1 1 2.7418596081584437e-02 1.9789765494928831e-02 1.0001611179817316e+00 6.4361614907569975e-02 3.4233861445525871e-01 3.8320176954927838e+01 29
1 0 1 1 2.7396401455633743e-02 1.9776479226493761e-02 1.0001621550618938e+00 6.4339211868842727e-02 3.4332308537727368e-01 3.8370176951331558e+01 29
1 0 1 1 2.7374268324748981e-02 1.9763235570580125e-02 1.0001631858752673e+00 6.4316954312229307e-02 3.4430721074558424e-01 3.8420176947729210e+01 29
1 0 1 1 2.7352196860931169e-02 1.9750034570162583e-02 1.0001642102542925e+00 6.4294841924810886e-02 3.4529098671415981e-01 3.8470176944120105e+01 29
1 0 1 1 2.7330187232593318e-02 1.9736876266655008e-02 1.0001652280327287e+00 6.4272874392084844e-02 3.4627440947343535e-01 3.8520176940527769e+01 29
1 0 1 1 2.7308239604612906e-02 1.9723760699932910e-02 1.0001662390457113e+00 6.4251051398003634e-02 3.4725747524867562e-01 3.8570176936923481e+01 29
1 0 1 1 2.7286354138318106e-02 1.9710687908326655e-02 1.0001672431298156e+00 6.4229372624944325e-02 3.4824018030200626e-01 3.8620176933331585e+01 29
1 0 1 1 2.7264530991552672e-02 1.9697657928652156e-02 1.0001682401231102e+00 6.4207837753758101e-02 3.4922252093028022e-01 3.8670176929727056e+01 29
1 0 1 1 2.7242770318660511e-02 1.9684670796199573e-02 1.0001692298652187e+00 6.4186446463742941e-02 3.5020449346711757e-01 3.8720176926143452e+01 29
1 0 1 1 2.7221072270564715e-02 1.9671726544776672e-02 1.0001702121973743e+00 6.4165198432702575e-02 3.5118609428015513e-01 3.8770176922537011e+01 29
1 0 1 1 2.7199436994725924e-02 1.9658825206679983e-02 1.0001711869624776e+00 6.4144093336895081e-02 3.5216731977414800e-01 3.8820176918949741e+01 29
1 0 1 1 2.7177864635232241e-02 1.9645966812745844e-02 1.0001721540051507e+00 6.4123130851105742e-02 3.5314816638814689e-01 3.8870176915369605e+01 29
1 0 1 1 2.7156355332801415e-02 1.9633151392345106e-02 1.0001731131717917e+00 6.4102310648631977e-02 3.5412863059591315e-01 3.8920176911757352e+01 29
1 0 1 1 2.7134909224755647e-02 1.9620378973367738e-02 1.0001740643106309e+00 6.4081632401252531e-02 3.5510870890892088e-01 3.8970176908203854e+01 29
1 0 1 1 2.7113526445176186e-02 1.9607649582307658e-02 1.0001750072717785e+00 6.4061095779353872e-02 3.5608839786946744e-01 3.9020176904583927e+01 29
1 0 1 1 2.7092207124741897e-02 1.9594963244166010e-02 1.0001759419072829e+00 6.4040700451771571e-02 3.5706769405994709e-01 3.9070176901034479e+01 29
1 0 1 1 2.7070951390965582e-02 1.9582319982586353e-02 1.0001768680711742e+00 6.4020446085993499e-02 3.5804659409248019e-01 3.9120176897429538e+01 29
1 0 1 1 2.7049759368017345e-02 1.9569719819745094e-02 1.0001777856195213e+00 6.4000332347988298e-02 3.5902509461844001e-01 3.9170176893873631e+01 29
1 0 1 1 2.7028631176921739e-02 1.9557162776467081e-02 1.0001786944104738e+00 6.3980358902371304e-02 3.6000319232010886e-01 3.9220176890278701e+01 29
1 0 1 1 2.7007566935438963e-02 1.9544648872149219e-02 1.0001795943043157e+00 6.3960525412285640e-02 3.6098088391755195e-01 3.9270176886722282e+01 29
1 0 1 1 2.6986566758211133e-02 1.9532178124845322e-02 1.0001804851635068e+00 6.3940831539525039e-02 3.6195816616265908e-01 3.9320176883147404e+01 29
1 0 1 1 2.6965630756694101e-02 1.9519750551219364e-02 1.0001813668527317e+00 6.3921276944460037e-02 3.6293503584339454e-01 3.9370176879586722e+01 29
1 0 1 1 2.6944759039242983e-02 1.9507366166595600e-02 1.0001822392389419e+00 6.3901861286102007e-02 3.6391148978088894e-01 3.9420176876017472e+01 29
1 0 1 1 2.6923951711093960e-02 1.9495024984941510e-02 1.0001831021914003e+00 6.3882584222078848e-02 3.6488752483128839e-01 3.9470176872463561e+01 29
1 0 1 1 2.6903208874424801e-02 1.9482727018902177e-02 1.0001839555817218e+00 6.3863445408678166e-02 3.6586313788411801e-01 3.9520176868916316e+01 29
1 0 1 1 2.6882530628363495e-02 1.9470472279798829e-02 1.0001847992839146e+00 6.3844444500843478e-02 3.6683832586267284e-01 3.9570176865361574e+01 29
1 0 1 1 2.6861917068998716e-02 1.9458260777633379e-02 1.0001856331744192e+00 6.3825581152173794e-02 3.6781308572463339e-01 3.9620176861816603e+01 29
1 0 1 1 2.6841368289428850e-02 1.9446092521114133e-02 1.0001864571321475e+00 6.3806855014955643e-02 3.6878741446090052e-01 3.9670176858275802e+01 29
1 0 1 1 2.6820884217835919e-02 1.9433966514357276e-02 1.0001872713915829e+00 6.3788265740163386e-02 3.6976131618388619e-01 3.9720177180614563e+01 29
1 0 1 1 2.6800464450056471e-02 1.9421877481163485e-02 1.0001880777786127e+00 6.3769813340490256e-02 3.7073480799699177e-01 3.9770178647807803e+01 29
1 0 1 1 2.6780111943590743e-02 1.9409833069456619e-02 1.0001888738087692e+00 6.3751499089671371e-02 3.7170775373752679e-01 3.9820174660980754e+01 29
1 0 1 1 2.6759822049017459e-02 1.9397830483201501e-02 1.0001896595553916e+00 6.3733318379579074e-02 3.7268037674112903e-01 3.9870176844836649e+01 29
1 0 1 1 2.6739598244164702e-02 1.9385871736112576e-02 1.0001904347770123e+00 6.3715273911395615e-02 3.7365251153325785e-01 3.9920176841319552e+01 29
1 0 1 1 2.6719439715666492e-02 1.9373956303200678e-02 1.0001911994020165e+00 6.3697364531556111e-02 3.7462419786043594e-01 3.9970176837799727e+01 29
1 0 1 1 2.6699346536325490e-02 1.9362084184245822e-02 1.0001919533268873e+00 6.3679589883540222e-02 3.7559543294548936e-01 4.0020176834334784e+01 29
1 0 1 1 2.6679318776191074e-02 1.9350255377841245e-02 1.0001926964508314e+00 6.3661949609649909e-02 3.7656621404097396e-01 4.0070176830833432e+01 29
1 0 1 1 2.6659356502470307e-02 1.9338469881338114e-02 1.0001934286758107e+00 6.3644443350920343e-02 3.7753653843469670e-01 4.0120176827345809e+01 29
1 0 1 1 2.6639459779622308e-02 1.9326727690898392e-02 1.0001941499065627e+00 6.3627070747202252e-02 3.7850640344649256e-01 4.0170176823905486e+01 29
1 0 1 1 2.6619628669414579e-02 1.9315028801521909e-02 1.0001948600506243e+00 6.3609831437192954e-02 3.7947580642578943e-01 4.0220176820411055e+01 29
1 0 1 1 2.6599863230818338e-02 1.9303373206983613e-02 1.0001955590183569e+00 6.3592725058344846e-02 3.8044474475838463e-01 4.0270176816982584e+01 29
1 0 1 1 2.6580163520194711e-02 1.9291760899938566e-02 1.0001962467229624e+00 6.3575751247015283e-02 3.8141321585803822e-01 4.0320176813535518e+01 29
1 0 1 1 2.6560529591193718e-02 1.9280191871859011e-02 1.0001969230805059e+00 6.3558909638369743e-02 3.8238121717231888e-01 4.0370176810089625e+01 30
1 0 1 1 2.6540961494815447e-02 1.9268666113066827e-02 1.0001975880099319e+00 6.3542199866433835e-02 3.8334874618101533e-01 4.0420176806695409e+01 30
1 0 1 1 2.6521459279490785e-02 1.9257183612777701e-02 1.0001982414330786e+00 6.3525621564146539e-02 3.8431580039270530e-01 4.0470176803263463e+01 30
1 0 1 1 2.6502022990987268e-02 1.9245744359041823e-02 1.0001988832746973e+00 6.3509174363279880e-02 3.8528237735069276e-01 4.0520176799880296e+01 30
1 0 1 1 2.6482652672555684e-02 1.9234348338826548e-02 1.0001995134624599e+00 6.3492857894551225e-02 3.8624847462654016e-01 4.0570176796481093e+01 30
1 0 1 1 2.6463348364850068e-02 1.9222995537966102e-02 1.0002001319269760e+00 6.3476671787555172e-02 3.8721408982534050e-01 4.0620176793131222e+01 30
1 0 1 1 2.6444110106048517e-02 1.9211685941229822e-02 1.0002007386017979e+00 6.3460615670852344e-02 3.8817922058042797e-01 4.0670176789759388e+01 30
1 0 1 1 2.6424937931778469e-02 1.9200419532272195e-02 1.0002013334234350e+00 6.3444689171903379e-02 3.8914386455801447e-01 4.0720176786407670e+01 30
1 0 1 1 2.6405831875199525e-02 1.9189196293681779e-02 1.0002019163313576e+00 6.3428891917134245e-02 3.9010801945452395e-01 4.0770176783100105e+01 30
1 0 1 1 2.6386791967043445e-02 1.9178016206997561e-02 1.0002024872680029e+00 6.3413223531960161e-02 3.9107168299498035e-01 4.0820176779769071e+01 30
1 0 1 1 2.6367818235559459e-02 1.9166879252675965e-02 1.0002030461787821e+00 6.3397683640736419e-02 3.9203485293712081e-01 4.0870176776475972e+01 30
1 0 1 1 2.6348910706617795e-02 1.9155785410145839e-02 1.0002035930120814e+00 6.3382271866838646e-02 3.9299752706698809e-01 4.0920176773192459e+01 30
1 0 1 1 2.6330069403684073e-02 1.9144734657793039e-02 1.0002041277192639e+00 6.3366987832637001e-02 3.9395970320145901e-01 4.0970176769938867e+01 30
1 0 1 1 2.6311294347875287e-02 1.9133726972986362e-02 1.0002046502546711e+00 6.3351831159534855e-02 3.9492137918593956e-01 4.1020176766675007e+01 30
1 0 1 1 2.6292585557933928e-02 1.9122762332061706e-02 1.0002051605756217e+00 6.3336801467943099e-02 3.9588255289698837e-01 4.1070176763443875e+01 30
1 0 1 1 2.6273935399796760e-02 1.9111840710356272e-02 1.0002056586424080e+00 6.3321898377336483e-02 3.9684322224006485e-01 4.1120176760265302e+01 30
1 0 1 1 2.6255348508141318e-02 1.9100962082233559e-02 1.0002061444182924e+00 6.3307121506275765e-02 3.9780338514740771e-01 4.1170176757033147e+01 30
1 0 1 1 2.6236828001337892e-02 1.9090126421017269e-02 1.0002066178695044e+00 6.3292470472330886e-02 3.9876303958520187e-01 4.1220176753899047e+01 30
1 0 1 1 2.6218373888678467e-02 1.9079333699115714e-02 1.0002070789652304e+00 6.3277944892238980e-02 3.9972218354291356e-01 4.1270176750724637e+01 30
1 0 1 1 2.6199986177134281e-02 1.9068583887917660e-02 1.0002075276776103e+00 6.3263544381774311e-02 4.0068081504324199e-01 4.1320176747611264e+01 30
1 0 1 1 2.6181664871524530e-02 1.9057876957889172e-02 1.0002079639817245e+00 6.3249268555873289e-02 4.0163893213427665e-01 4.1370176744499275e+01 30
1 0 1 1 2.6163409974445800e-02 1.9047212878528549e-02 1.0002083878555861e+00 6.3235117028578480e-02 4.0259653289421959e-01 4.1420176741424413e+01 30
1 0 1 1 2.6145221486346671e-02 1.9036591618405888e-02 1.0002087992801278e+00 6.3221089413094372e-02 4.0355361542835616e-01 4.1470176738369979e+01 30
1 0 1 1 2.6127099405531092e-02 1.9026013145161235e-02 1.0002091982391899e+00 6.3207185321780601e-02 4.0451017786965399e-01 4.1520176735307018e+01 30
1 0 1 1 2.6109043728140508e-02 1.9015477425494139e-02 1.0002095847195065e+00 6.3193404366145650e-02 4.0546621838130814e-01 4.1570176732336797e+01 30
1 0 1 1 2.6091054448293152e-02 1.9004984425236782e-02 1.0002099587106885e+00 6.3179746156943967e-02 4.0642173514960395e-01 4.1620176729329295e+01 30
1 0 1 1 2.6073131557945838e-02 1.8994534109274874e-02 1.0002103202052095e+00 6.3166210304073184e-02 4.0737672639283579e-01 4.1670176726397600e+01 30
1 0 1 1 2.6055275047071211e-02 1.8984126441643410e-02 1.0002106691983856e+00 6.3152796416699630e-02 4.0833119035224497e-01 4.1720176723435117e+01 30
1 0 1 1 2.6037484903529990e-02 1.8973761385452224e-02 1.0002110056883595e+00 6.3139504103168292e-02 4.0928512530030559e-01 4.1770176720558979e+01 30
1 0 1 1 2.6019761113238570e-02 1.8963438902978306e-02 1.0002113296760773e+00 6.3126332971124438e-02 4.1023852953247042e-01 4.1820176717688597e+01 30
1 0 1 1 2.6002103660086845e-02 1.8953158955617340e-02 1.0002116411652704e+00 6.3113282627447254e-02 4.1119140137268229e-01 4.1870176714842586e+01 30
1 0 1 1 2.5984512525992206e-02 1.8942921503907733e-02 1.0002119401624319e+00 6.3100352678294502e-02 4.1214373917120450e-01 4.1920176712038725e+01 30
1 0 1 1 2.5966987690940503e-02 1.8932726507555390e-02 1.0002122266767937e+00 6.3087542729124396e-02 4.1309554130338039e-01 4.1970176709235929e+01 30
1 0 1 1 2.5949529132946205e-02 1.8922573925405615e-02 1.0002125007203027e+00 6.3074852384676611e-02 4.1404680617320472e-01 4.2020176706534400e+01 30
1 0 1 1 2.5932136828196579e-02 1.8912463715524106e-02 1.0002127623075947e+00 6.3062281249066210e-02 4.1499753220583552e-01 4.2070176703791432e+01 30
1 0 1 1 2.5914810750904408e-02 1.8902395835106861e-02 1.0002130114559702e+00 6.3049828925681395e-02 4.1594771785678175e-01 4.2120176701116115e+01 31
1 0 1 1 2.5897550873469621e-02 1.8892370240573140e-02 1.0002132481853658e+00 6.3037495017297995e-02 4.1689736160403229e-01 4.2170176698464708e+01 31
1 0 1 1 2.5880357166419846e-02 1.8882386887527566e-02 1.0002134725183263e+00 6.3025279126041944e-02 4.1784646195250741e-01 4.2220176695886202e+01 31
1 0 1 1 2.5863229598505975e-02 1.8872445730810736e-02 1.0002136844799761e+00 6.3013180853448092e-02 4.1879501742913078e-01 4.2270176693273399e+01 31
1 0 1 1 2.5846168136588958e-02 1.8862546724432643e-02 1.0002138840979904e+00 6.3001199800393481e-02 4.1974302659082469e-01 4.2320176690795300e+01 31
1 0 1 1 2.5829172745869475e-02 1.8852689821701213e-02 1.0002140714025627e+00 6.2989335567243343e-02 4.2069048801181141e-01 4.2370176688237429e+01 31
1 0 1 1 2.5812243389639892e-02 1.8842874975075967e-02 1.0002142464263759e+00 6.2977587753694109e-02 4.2163740029907631e-01 4.2420176685830000e+01 31
1 0 1 1 2.5795379357849684e-02 1.8833098796426081e-02 1.0002144105511526e+00 6.2965955958975195e-02 4.2258379662289458e-01 4.2470178358446212e+01 31
1 0 1 1 2.5778582207883066e-02 1.8823361720495403e-02 1.0002145640048381e+00 6.2954440948751245e-02 4.2352958537806323e-01 4.2520176913206122e+01 31
1 0 1 1 2.5761851237228212e-02 1.8813666749731010e-02 1.0002147052752872e+00 6.2943041322026466e-02 4.2447480582858693e-01 4.2570174667842863e+01 31
1 0 1 1 2.5745184717570598e-02 1.8804012857537702e-02 1.0002148344172861e+00 6.2931755535811096e-02 4.2541955218740563e-01 4.2620176677742627e+01 31
1 0 1 1 2.5728584697276385e-02 1.8794401205403433e-02 1.0002149514579257e+00 6.2920584609641284e-02 4.2636370471982643e-01 4.2670176675487582e+01 31
1 0 1 1 2.5712050457568931e-02 1.8784831351892375e-02 1.0002150564490369e+00 6.2909527683776945e-02 4.2730730019972507e-01 4.2720176673301893e+01 31
1 0 1 1 2.5695581950103685e-02 1.8775303244222153e-02 1.0002151494392677e+00 6.2898584354496939e-02 4.2825033739211538e-01 4.2770176671114157e+01 31
1 0 1 1 2.5679179124878479e-02 1.8765816828882922e-02 1.0002152304794896e+00 6.2887754217592184e-02 4.2919281508780943e-01 4.2820176669017648e+01 31
1 0 1 1 2.5662841930356749e-02 1.8756372051709543e-02 1.0002152996227580e+00 6.2877036868446812e-02 4.3013473209744318e-01 4.2870176666961946e+01 31
1 0 1 1 2.5646570313425928e-02 1.8746968857850429e-02 1.0002153569242773e+00 6.2866431902008746e-02 4.3107608725431307e-01 4.2920176664916475e+01 31
1 0 1 1 2.5630364219387334e-02 1.8737607191762772e-02 1.0002154024413596e+00 6.2855938912794451e-02 4.3201687941652428e-01 4.2970176662994511e+01 31
1 0 1 1 2.5614223592099753e-02 1.8728286997290757e-02 1.0002154362333888e+00 6.2845557494973364e-02 4.3295710745885818e-01 4.3020176661032124e+01 31
1 0 1 1 2.5598148373806338e-02 1.8719008217563306e-02 1.0002154583617791e+00 6.2835287242270721e-02 4.3389677028438423e-01 4.3070176659217601e+01 31
1 0 1 1 2.5582138505374798e-02 1.8709770795129733e-02 1.0002154688899372e+00 6.2825127748114662e-02 4.3483586681079162e-01 4.3120176657374692e+01 31
1 0 1 1 2.5566193926101686e-02 1.8700574671845847e-02 1.0002154678832211e+00 6.2815078605522490e-02 4.3577439598323603e-01 4.3170176655657301e+01 31
1 0 1 1 2.5550314573925387e-02 1.8691419788992029e-02 1.0002154554089016e+00 6.2805139407228650e-02 4.3671235676221187e-01 4.3220176653914720e+01 31
1 0 1 1 2.5534500385258056e-02 1.8682306087174246e-02 1.0002154315361189e+00 6.2795309745591305e-02 4.3764974813463614e-01 4.3270176652294325e+01 31
1 0 1 1 2.5518751295165808e-02 1.8673233506427127e-02 1.0002153963358442e+00 6.2785589212708715e-02 4.3858656910428445e-01 4.3320176650741814e+01 31
1 0 1 1 2.5503067237323377e-02 1.8664201986182627e-02 1.0002153498808373e+00 6.2775977400384542e-02 4.3952281869477638e-01 4.3370176649171512e+01 31
1 0 1 1 2.5487448143955874e-02 1.8655211465235442e-02 1.0002152922456051e+00 6.2766473900105313e-02 4.4045849595439723e-01 4.3420176647735438e+01 31
1 0 1 1 2.5471893946009752e-02 1.8646261881839547e-02 1.0002152235063608e+00 6.2757078303144087e-02 4.4139359994656346e-01 4.3470176646324255e+01 31
1 0 1 1 2.5456404573038910e-02 1.8637353173638876e-02 1.0002151437409810e+00 6.2747790200496645e-02 4.4232812975760655e-01 4.3520176644994962e+01 31
1 0 1 1 2.5440979953299962e-02 1.8628485277719889e-02 1.0002150530289646e+00 6.2738609182941940e-02 4.4326208449176735e-01 4.3570176643714277e+01 31
1 0 1 1 2.5425620013724115e-02 1.8619658130593221e-02 1.0002149514513892e+00 6.2729534841030388e-02 4.4419546327382620e-01 4.3620176642510337e+01 31
1 0 1 1 2.5410324679971584e-02 1.8610871668223193e-02 1.0002148390908712e+00 6.2720566765116614e-02 4.4512826524667443e-01 4.3670176641352541e+01 32
1 0 1 1 2.5395093876404113e-02 1.8602125826009102e-02 1.0002147160315207e+00 6.2711704545353741e-02 4.4606048957392946e-01 4.3720176640304047e+01 32
1 0 1 1 2.5379927526169462e-02 1.8593420538830976e-02 1.0002145823589013e+00 6.2702947771742901e-02 4.4699213543546512e-01 4.3770176639292650e+01 32
1 0 1 1 2.5364824563785169e-02 1.8584755741015216e-02 1.0002144381599862e+00 6.2694296034104563e-02 4.4792320203171887e-01 4.3820176638352528e+01 32
1 0 1 1 2.5349777193548424e-02 1.8576131366364278e-02 1.0002142835231160e+00 6.2685748922117535e-02 4.4885368858125507e-01 4.3870176637504528e+01 32
1 0 1 1 2.5334794108780683e-02 1.8567547348174996e-02 1.0002141185379576e+00 6.2677306025337498e-02 4.4978359431899617e-01 4.3920176636671357e+01 32
1 0 1 1 2.5319875227271447e-02 1.8559003619190564e-02 1.0002139432954584e+00 6.2668966933171089e-02 4.5071291850288864e-01 4.3970176636048016e+01 32
1 0 1 1 2.5305020465786903e-02 1.8550500111731403e-02 1.0002137578878092e+00 6.2660731234990774e-02 4.5164166039909326e-01 4.4020176635314144e+01 32
1 0 1 1 2.5290229739745179e-02 1.8542036757507950e-02 1.0002135624083950e+00 6.2652598519978009e-02 4.5256981930381363e-01 4.4070176634821557e+01 32
1 0 1 1 2.5275502963602578e-02 1.8533613487840366e-02 1.0002133569517593e+00 6.2644568377333260e-02 4.5349739451981069e-01 4.4120176634338669e+01 32
1 0 1 1 2.5260840050605707e-02 1.8525230233513150e-02 1.0002131416135580e+00 6.2636640396143917e-02 4.5442438537247087e-01 4.4170176633927518e+01 32
1 0 1 1 2.5246240912908776e-02 1.8516886924840725e-02 1.0002129164905187e+00 6.2628814165454794e-02 4.5535079120349076e-01 4.4220176633613754e+01 32
1 0 1 1 2.5231705461590120e-02 1.8508583491674117e-02 1.0002126816803989e+00 6.2621089274281616e-02 4.5627661137046904e-01 4.4270176633375641e+01 32
1 0 1 1 2.5217233606634956e-02 1.8500319863390940e-02 1.0002124372819436e+00 6.2613465311612049e-02 4.5720184524922519e-01 4.4320176633278983e+01 32
1 0 1 1 2.5202825257030975e-02 1.8492095968945389e-02 1.0002121833948461e+00 6.2605941866450743e-02 4.5812649222784857e-01 4.4370176633166352e+01 32
1 0 1 1 2.5188480320621605e-02 1.8483911736783931e-02 1.0002119201197024e+00 6.2598518527758912e-02 4.5905055171745895e-01 4.4420176633249689e+01 32
1 0 1 1 2.5174198704331470e-02 1.8475767094971885e-02 1.0002116475579759e+00 6.2591194884571044e-02 4.5997402313824559e-01 4.4470176633364979e+01 32
1 0 1 1 2.5159980314004279e-02 1.8467661971098823e-02 1.0002113658119511e+00 6.2583970525917909e-02 4.6089690593086635e-01 4.4520176633599206e+01 32
1 0 1 1 2.5145825054533739e-02 1.8459596292350385e-02 1.0002110749846984e+00 6.2576845040893170e-02 4.6181919954828693e-01 4.4570176633858992e+01 32
1 0 1 1 2.5131732829753936e-02 1.8451569985445126e-02 1.0002107751800280e+00 6.2569818018616608e-02 4.6274090346443736e-01 4.4620176634350592e+01 32
1 0 1 1 2.5117703542657552e-02 1.8443582976756676e-02 1.0002104665024565e+00 6.2562889048337456e-02 4.6366201716025607e-01 4.4670176634831805e+01 32
1 0 1 1 2.5103737095174824e-02 1.8435635192185232e-02 1.0002101490571618e+00 6.2556057719334063e-02 4.6458254013900085e-01 4.4720176635453676e+01 32
1 0 1 1 2.5089833388353844e-02 1.8427726557258661e-02 1.0002098229499474e+00 6.2549323621008179e-02 4.6550247191520289e-01 4.4770176636170859e+01 32
1 0 1 1 2.5075992322295137e-02 1.8419856997094097e-02 1.0002094882872012e+00 6.2542686342862308e-02 4.6642181201991162e-01 4.4820176637036404e+01 32
1 0 1 1 2.5062213796243401e-02 1.8412026436446828e-02 1.0002091451758603e+00 6.2536145474538007e-02 4.6734055999487295e-01 4.4870176637894289e+01 32
1 0 1 1 2.5048497708432992e-02 1.8404234799622315e-02 1.0002087937233670e+00 6.2529700605764404e-02 4.6825871540430508e-01 4.4920176639031197e+01 32
1 0 1 1 2.5034843956373707e-02 1.8396482010635797e-02 1.0002084340376387e+00 6.2523351326487397e-02 4.6917627781601001e-01 4.4970176640157241e+01 32
1 0 1 1 2.5021252436590140e-02 1.8388767993062598e-02 1.0002080662270241e+00 6.2517097226753138e-02 4.7009324681957748e-01 4.5020176641406671e+01 32
1 0 1 1 2.5007723044769694e-02 1.8381092670121398e-02 1.0002076904002684e+00 6.2510937896792906e-02 4.7100962201772545e-01 4.5070176642876696e+01 32
1 0 1 1 2.4994255675848898e-02 1.8373455964718666e-02 1.0002073066664803e+00 6.2504872927053867e-02 4.7192540302032537e-01 4.5120176644310931e+01 33
1 0 1 1 2.4980850223783879e-02 1.8365857799321483e-02 1.0002069151350876e+00 6.2498901908116578e-02 4.7284058946176150e-01 4.5170176646054884e+01 33
1 0 1 1 2.4967506292938219e-02 1.8358297122252832e-02 1.0002065162626490e+00 6.2493024430843896e-02 4.7375519969459801e-01 4.5220177629674588e+01 33
1 0 1 1 2.4954223086654806e-02 1.8350769366120755e-02 1.0002061119302086e+00 6.2487240431588764e-02 4.7466927540041820e-01 4.5270181686502184e+01 33
1 0 1 1 2.4941005544396381e-02 1.8343282258973550e-02 1.0002057002290610e+00 6.2481550903091737e-02 4.7558247447744573e-01 4.5320170363390162e+01 33
1 0 1 1 2.4927844836393539e-02 1.8335830782137640e-02 1.0002052809972186e+00 6.2475951687520209e-02 4.7649539935905749e-01 4.5370176657351450e+01 33
1 0 1 1 2.4914747165938712e-02 1.8328418431851984e-02 1.0002048545430438e+00 6.2470445085114595e-02 4.7740761305500257e-01 4.5420176659773333e+01 33
1 0 1 1 2.4901710762721116e-02 1.8321044188487186e-02 1.0002044209248089e+00 6.2465029977707448e-02 4.7831923016681988e-01 4.5470176662156156e+01 33
1 0 1 1 2.4888735515302358e-02 1.8313707971971023e-02 1.0002039802531624e+00 6.2459705957638695e-02 4.7923025041595324e-01 4.5520176664719322e+01 32
1 0 1 1 2.4881048544272311e-02 1.8309363380175657e-02 1.0002037149023388e+00 6.2456582972340816e-02 4.7977171890334386e-01 4.5549909902170789e+01 32
