isScalarized | massIncreased | isMonotoneInside | isMonotoneOutside | mass_Baryon | mass_ADM | AST(radius) | radius  |  phi_c | rho_c | ctr |
1 0 1 1 3.6182865784999359e-02 2.6353488558203998e-02 1.0000031703209920e+00 8.5374810000000009e-02 4.2561115138960805e-02 1.9163004526026779e+01 30
1 0 1 1 3.6172383972021299e-02 2.6359663653585403e-02 1.0000029649072815e+00 8.5474810000000012e-02 4.1650434373682724e-02 1.9101637309363088e+01 30
1 0 1 1 3.6161082842567333e-02 2.6365410333198044e-02 1.0000027696664178e+00 8.5574810000000015e-02 4.0745034508678363e-02 1.9040288349211341e+01 30
1 0 1 1 3.6148954978170167e-02 2.6370723456363526e-02 1.0000025842315567e+00 8.5674810000000018e-02 3.9844790429632619e-02 1.8978955935772682e+01 30
1 0 1 1 3.6135983371075341e-02 2.6375597770460890e-02 1.0000024082448549e+00 8.5774810000000021e-02 3.8949566210030505e-02 1.8917638438951730e+01 30
1 0 1 1 3.6122107898608175e-02 2.6380027906845575e-02 1.0000022413573353e+00 8.5874810000000024e-02 3.8059213925005962e-02 1.8856334315159273e+01 30
1 0 1 1 3.6107382175298283e-02 2.6384008376446638e-02 1.0000020832287546e+00 8.5974810000000026e-02 3.7173572320844069e-02 1.8795042114828810e+01 30
1 0 1 1 3.6091798181890275e-02 2.6387533565055070e-02 1.0000019335274706e+00 8.6074810000000029e-02 3.6292465317577217e-02 1.8733760490731722e+01 30
1 0 1 1 3.6075347723757326e-02 2.6390597728245643e-02 1.0000017919303124e+00 8.6174810000000032e-02 3.5415700317458922e-02 1.8672488207182180e+01 30
1 0 1 1 3.6058022422148797e-02 2.6393194985904363e-02 1.0000016581224511e+00 8.6274810000000035e-02 3.4543066286929304e-02 1.8611224150272076e+01 30
1 0 1 1 3.6039813704678667e-02 2.6395319316346665e-02 1.0000015317972726e+00 8.6374810000000038e-02 3.3674331572117168e-02 1.8549967339258739e+01 30
1 0 1 1 3.6020712794977372e-02 2.6396964549956069e-02 1.0000014126562495e+00 8.6474810000000041e-02 3.2809241399616669e-02 1.8488716939291805e+01 31
1 0 1 1 3.6000710701437462e-02 2.6398124362330487e-02 1.0000013004088177e+00 8.6574810000000044e-02 3.1947515002630530e-02 1.8427472275661607e+01 31
1 0 1 1 3.5979798204972768e-02 2.6398792266864982e-02 1.0000011947722502e+00 8.6674810000000047e-02 3.1088842298993755e-02 1.8366232849836209e+01 31
1 0 1 1 3.5957968028442595e-02 2.6398914263393500e-02 1.0000010955055947e+00 8.6774810000000049e-02 3.0232952042854293e-02 1.8305003484740894e+01 31
1 1 1 1 3.5935208609657397e-02 2.6398527342601560e-02 1.0000010023041992e+00 8.6874810000000052e-02 2.9379396177527176e-02 1.8243779341568725e+01 31
1 1 1 1 3.5911509813285294e-02 2.6397627906057652e-02 1.0000009149059581e+00 8.6974810000000055e-02 2.8527745622953373e-02 1.8182560197737747e+01 31
1 1 1 1 3.5886861366581514e-02 2.6396208754349268e-02 1.0000008330587489e+00 8.7074810000000058e-02 2.7677527187562990e-02 1.8121346464112570e+01 31
1 1 1 1 3.5861252689718674e-02 2.6394262479152514e-02 1.0000007565176539e+00 8.7174810000000061e-02 2.6828210840827968e-02 1.8060138847122747e+01 31
1 1 1 1 3.5834672875341610e-02 2.6391781451233911e-02 1.0000006850448420e+00 8.7274810000000064e-02 2.5979200640432538e-02 1.7998938384357288e+01 31
1 1 1 1 3.5807110666227542e-02 2.6388757807403816e-02 1.0000006184094505e+00 8.7374810000000067e-02 2.5129823710333368e-02 1.7937746485947322e+01 31
1 1 1 1 3.5778554430849714e-02 2.6385183436282978e-02 1.0000005563874685e+00 8.7474810000000069e-02 2.4279316726186318e-02 1.7876564982987617e+01 31
1 1 1 1 3.5748901133151080e-02 2.6381049962762030e-02 1.0000004987616200e+00 8.7574810000000072e-02 2.3426809176342947e-02 1.7815396184512831e+01 31
1 1 1 1 3.5718226385872222e-02 2.6376348730983032e-02 1.0000004453212483e+00 8.7674810000000075e-02 2.2571302400990690e-02 1.7754242944974916e+01 31
1 1 1 1 3.5686520235788374e-02 2.6371070785642010e-02 1.0000003958622026e+00 8.7774810000000078e-02 2.1711643028517760e-02 1.7693108744694950e+01 31
1 1 1 1 3.5653769303549299e-02 2.6365206851395210e-02 1.0000003501867234e+00 8.7874810000000081e-02 2.0846488864487187e-02 1.7631997786432485e+01 31
1 1 1 1 3.5619959672109291e-02 2.6358747310065652e-02 1.0000003081033313e+00 8.7974810000000084e-02 1.9974264444262410e-02 1.7570915112189674e+01 31
1 1 1 1 3.5585076842266514e-02 2.6351682175322654e-02 1.0000002694267156e+00 8.8074810000000087e-02 1.9093102162447299e-02 1.7509866745576346e+01 30
1 1 1 1 3.5549105682737406e-02 2.6344001064366483e-02 1.0000002339776264e+00 8.8174810000000090e-02 1.8200762848200974e-02 1.7448859866817038e+01 30
1 1 1 1 3.5512035008226070e-02 2.6335633580171103e-02 1.0000002015920784e+00 8.8274810000000092e-02 1.7294628528030612e-02 1.7387909818474355e+01 30
1 1 1 1 3.5473844240596707e-02 2.6326623513617982e-02 1.0000001720915761e+00 8.8374810000000095e-02 1.6371253516740167e-02 1.7327020508504646e+01 30
1 1 1 1 3.5434515630158508e-02 2.6316963776833673e-02 1.0000001453139187e+00 8.8474810000000098e-02 1.5426416206498747e-02 1.7266203586412992e+01 30
1 1 1 1 3.5394030866201194e-02 2.6306642068796415e-02 1.0000001211033651e+00 8.8574810000000101e-02 1.4454707030516521e-02 1.7205473663144069e+01 30
1 1 1 1 3.5352370623220337e-02 2.6295645480107644e-02 1.0000000993097180e+00 8.8674810000000104e-02 1.3448994621193420e-02 1.7144848352054616e+01 30
1 1 1 1 3.5309514439398143e-02 2.6283960426812011e-02 1.0000000797882416e+00 8.8774810000000107e-02 1.2399561873634061e-02 1.7084349023306956e+01 30
1 1 1 1 3.5265364188624748e-02 2.6271572570614670e-02 1.0000000623995937e+00 8.8874810000000110e-02 1.1292595119253564e-02 1.7024001814493676e+01 30
1 1 1 1 3.5219933821493583e-02 2.6258466720832326e-02 1.0000000470097707e+00 8.8974810000000112e-02 1.0107316247287761e-02 1.6963839010270028e+01 29
1 1 1 1 3.5173238101048415e-02 2.6244626711292341e-02 1.0000000334900769e+00 8.9074810000000115e-02 8.8098902619979502e-03 1.6903900966754993e+01 29
1 1 1 1 3.5125250171340563e-02 2.6230035241788893e-02 1.0000000217171230e+00 8.9174810000000118e-02 7.3381438359272364e-03 1.6844238863523660e+01 29
1 1 1 1 3.5075940771256524e-02 2.6214673667845370e-02 1.0000000115728751e+00 8.9274810000000121e-02 5.5509304272925710e-03 1.6784918755454758e+01 28
1 1 1 1 3.5025277755307435e-02 2.6198520975885070e-02 1.0000000029447913e+00 8.9374810000000124e-02 2.9075400844485507e-03 1.6726027833190102e+01 30
