isScalarized | massIncreased | isMonotoneInside | isMonotoneOutside | mass_Baryon | mass_ADM | AST(radius) | radius  |  phi_c | rho_c | ctr |
1 0 1 1 3.1554870171256098e-02 2.4128439316767055e-02 1.0000000000000000e+00 8.6550799999999817e-02 2.4169782105527039e-03 1.6941379090728070e+01 34
1 1 1 1 3.1555171279682326e-02 2.4128571635687619e-02 1.0000000000000000e+00 8.6550424999999820e-02 2.4182687043813305e-03 1.6941679228967985e+01 37
1 1 1 1 3.1555472366697375e-02 2.4128703940298653e-02 1.0000000000000000e+00 8.6550049999999823e-02 2.4195591424194126e-03 1.6941979365631084e+01 37
1 1 1 1 3.1555773432302418e-02 2.4128836230600990e-02 1.0000000000000000e+00 8.6549674999999826e-02 2.4208495250173019e-03 1.6942279500715383e+01 37
1 1 1 1 3.1556074476499017e-02 2.4128968506595631e-02 1.0000000000000000e+00 8.6549299999999829e-02 2.4221398525250543e-03 1.6942579634218990e+01 37
1 1 1 1 3.1605951461183605e-02 2.4150815869284397e-02 1.0000000000000002e+00 8.6486798347323202e-02 2.6366826196255375e-03 1.6992579533312313e+01 34
1 1 1 1 3.1655290611348086e-02 2.4172292626073892e-02 1.0000000000000002e+00 8.6424229843148903e-02 2.8512766924935003e-03 1.7042580251740599e+01 34
1 1 1 1 3.1704100958524620e-02 2.4193404360524039e-02 1.0000000000000002e+00 8.6361585913856675e-02 3.0669747625059894e-03 1.7092581596101905e+01 34
1 1 1 1 3.1752389355534365e-02 2.4214155616760675e-02 1.0000000000000002e+00 8.6298860217042528e-02 3.2845770100991840e-03 1.7142583045162350e+01 34
1 1 1 1 3.1800161311995437e-02 2.4234550284890556e-02 1.0000000000000004e+00 8.6236047711692521e-02 3.5047064472365462e-03 1.7192584176927134e+01 34
1 1 1 1 3.1847314697372245e-02 2.4254591909105887e-02 1.0000000000000004e+00 8.6173143854090473e-02 3.7278581964280454e-03 1.7242585079528400e+01 34
1 1 1 1 3.1893958450281173e-02 2.4274283572002946e-02 1.0000000000000007e+00 8.6110145060309951e-02 3.9544291524090253e-03 1.7292585811313909e+01 34
1 1 1 1 3.1940096549600762e-02 2.4293627988033920e-02 1.0000000000000009e+00 8.6047048528213432e-02 4.1847404090845745e-03 1.7342586412099038e+01 34
1 1 1 1 3.1985731535147742e-02 2.4312627576528162e-02 1.0000000000000011e+00 8.5983852100015301e-02 4.4190534731863140e-03 1.7392586909864132e+01 34
1 1 1 1 3.2030865452097781e-02 2.4331284519855036e-02 1.0000000000000013e+00 8.5920554153323059e-02 4.6575823257791740e-03 1.7442587324964357e+01 34
1 1 1 1 3.2075503304055314e-02 2.4349581089028349e-02 1.0000000000000016e+00 8.5857153513305418e-02 4.9005201189527585e-03 1.7492591243072543e+01 34
1 1 1 1 3.2119640763245146e-02 2.4367492337345076e-02 1.0000000000000020e+00 8.5793662965102380e-02 5.1479795542339985e-03 1.7542592122841469e+01 34
1 1 1 1 3.2163270471324903e-02 2.4385061689173926e-02 1.0000000000000024e+00 8.5730084271186446e-02 5.4000311438423196e-03 1.7592580628341388e+01 34
1 1 1 1 3.2206420812374091e-02 2.4402301836730002e-02 1.0000000000000031e+00 8.5666376938907884e-02 5.6569332812882777e-03 1.7642588414118830e+01 34
1 1 1 1 3.2249069110405607e-02 2.4419204954111068e-02 1.0000000000000038e+00 8.5602575202357090e-02 5.9186298800667858e-03 1.7692588589134260e+01 34
1 1 1 1 3.2291222526577484e-02 2.4435775186721739e-02 1.0000000000000047e+00 8.5538669610352169e-02 6.1852254428787189e-03 1.7742588737160666e+01 34
1 1 1 1 3.2332853638518060e-02 2.4452013997814343e-02 1.0000000000000058e+00 8.5474660520215962e-02 6.4567738214400061e-03 1.7792588862640258e+01 34
1 1 1 1 3.2373920235744022e-02 2.4467922817837218e-02 1.0000000000000071e+00 8.5410548427024779e-02 6.7333187502564770e-03 1.7842588969302554e+01 34
1 1 1 1 3.2414492405168673e-02 2.4483503053605946e-02 1.0000000000000087e+00 8.5346333943524977e-02 7.0148954578743081e-03 1.7892589060281935e+01 34
1 1 1 1 3.2454570510745587e-02 2.4498756095735531e-02 1.0000000000000104e+00 8.5282017783403163e-02 7.3015319922009178e-03 1.7942589138211435e+01 34
1 1 1 1 3.2494154896457274e-02 2.4513683324663416e-02 1.0000000000000124e+00 8.5217600747370503e-02 7.5932503131983303e-03 1.7992589205281913e+01 34
1 1 1 1 3.2533245897264855e-02 2.4528286115535800e-02 1.0000000000000151e+00 8.5153083711536348e-02 7.8900671963488198e-03 1.8042589263319897e+01 34
1 1 1 1 3.2571843848054401e-02 2.4542565842141883e-02 1.0000000000000182e+00 8.5088467617735919e-02 8.1919949815590695e-03 1.8092589313836886e+01 34
1 1 1 1 3.2609955848588376e-02 2.4556474274779867e-02 1.0000000000000218e+00 8.5023753465440444e-02 8.4990938752990044e-03 1.8142597703982652e+01 34
1 1 1 1 3.2647557613024139e-02 2.4570048320297098e-02 1.0000000000000258e+00 8.4958974713649826e-02 8.8111694858902662e-03 1.8192582313644497e+01 34
1 1 1 1 3.2684683432930545e-02 2.4583308914248737e-02 1.0000000000000309e+00 8.4894072473229609e-02 9.1285055435438873e-03 1.8242588267289506e+01 34
1 1 1 1 3.2721314075986968e-02 2.4596250385352361e-02 1.0000000000000366e+00 8.4829081713299115e-02 9.4509388105291203e-03 1.8292589458466757e+01 34
1 1 1 1 3.2757452686482308e-02 2.4608875141440733e-02 1.0000000000000433e+00 8.4763998942362528e-02 9.7784892852279415e-03 1.8342589486225862e+01 34
1 1 1 1 3.2793100569119549e-02 2.4621184916753230e-02 1.0000000000000513e+00 8.4698823855122396e-02 1.0111160174997172e-02 1.8392589511314402e+01 34
1 1 1 1 3.2828257483074115e-02 2.4633181152652013e-02 1.0000000000000604e+00 8.4633557683190364e-02 1.0448945569081963e-02 1.8442589534129350e+01 34
1 1 1 1 3.2862837545856165e-02 2.4644865302198518e-02 1.0000000000000711e+00 8.4568201685562561e-02 1.0791838052465719e-02 1.8492589554983930e+01 34
1 1 1 1 3.2896927879578285e-02 2.4656238830615330e-02 1.0000000000000835e+00 8.4502757146389718e-02 1.1139828870674924e-02 1.8542589574153244e+01 34
1 1 1 1 3.2930529089148015e-02 2.4667303215587230e-02 1.0000000000000979e+00 8.4437225373111546e-02 1.1492908071583235e-02 1.8592589591841680e+01 34
1 1 1 1 3.2963641815177878e-02 2.4678059947493128e-02 1.0000000000001146e+00 8.4371607694718243e-02 1.1851064629066186e-02 1.8642589608255388e+01 34
1 1 1 1 3.2996266734614692e-02 2.4688510529492402e-02 1.0000000000001339e+00 8.4305905460375308e-02 1.2214286549660289e-02 1.8692589623524071e+01 34
1 1 1 1 3.3028404561340353e-02 2.4698656477603536e-02 1.0000000000001561e+00 8.4240120038012234e-02 1.2582560966969648e-02 1.8742589637798304e+01 34
1 1 1 1 3.3060056046478700e-02 2.4708499320652392e-02 1.0000000000001816e+00 8.4174252813260686e-02 1.2955874223266758e-02 1.8792589651164057e+01 34
1 1 1 1 3.3091225339567563e-02 2.4718008656961585e-02 1.0000000000002109e+00 8.4108305188305532e-02 1.3334250066428537e-02 1.8842594668907683e+01 34
1 1 1 1 3.3121902571031085e-02 2.4727196869050335e-02 1.0000000000002447e+00 8.4042298387895675e-02 1.3717542790970223e-02 1.8892587562952567e+01 34
1 1 1 1 3.3152099898127341e-02 2.4736087685613289e-02 1.0000000000002836e+00 8.3976205653988834e-02 1.4105877888057946e-02 1.8942586851647427e+01 34
1 1 1 1 3.3181816362404803e-02 2.4744682105463187e-02 1.0000000000003277e+00 8.3910032161858661e-02 1.4499218611830433e-02 1.8992589694758422e+01 34
1 1 1 1 3.3211049096310334e-02 2.4752980629220139e-02 1.0000000000003784e+00 8.3843787820305604e-02 1.4897498144693018e-02 1.9042589704787474e+01 34
1 1 1 1 3.3239800773300701e-02 2.4760985368706637e-02 1.0000000000004363e+00 8.3777470352698613e-02 1.5300721487681895e-02 1.9092589714306857e+01 34
1 1 1 1 3.3268072407044560e-02 2.4768697951930884e-02 1.0000000000005020e+00 8.3711081240845864e-02 1.5708871075295686e-02 1.9142589723346592e+01 34
1 1 1 1 3.3295865048212581e-02 2.4776120018071168e-02 1.0000000000005771e+00 8.3644621977979006e-02 1.6121928949143532e-02 1.9192589731939623e+01 34
1 1 1 1 3.3323131268186888e-02 2.4783253217171206e-02 1.0000000000006626e+00 8.3578094068217923e-02 1.6539876787364821e-02 1.9242589740113885e+01 34
1 1 1 1 3.3349892739342898e-02 2.4790099209855504e-02 1.0000000000007594e+00 8.3511499026054148e-02 1.6962695931330211e-02 1.9292589747891874e+01 34
1 1 1 1 3.3376178347375697e-02 2.4796659667005339e-02 1.0000000000008693e+00 8.3444838375855201e-02 1.7390367409892776e-02 1.9342589755290593e+01 34
1 1 1 1 3.3401989308954251e-02 2.4802936269453832e-02 1.0000000000009939e+00 8.3378113651383090e-02 1.7822871961596674e-02 1.9392589762335984e+01 34
1 1 1 1 3.3427326875809446e-02 2.4808930707653498e-02 1.0000000000011349e+00 8.3311326395377305e-02 1.8260190054616945e-02 1.9442589769037294e+01 33
1 1 1 1 3.3452192334320924e-02 2.4814644681358775e-02 1.0000000000012943e+00 8.3244478159092805e-02 1.8702301905412454e-02 1.9492589775410639e+01 33
1 1 1 1 3.3476587005059899e-02 2.4820079899287289e-02 1.0000000000014742e+00 8.3177570501899223e-02 1.9149187495572227e-02 1.9542589781469637e+01 33
1 1 1 1 3.3500512242327772e-02 2.4825238078789408e-02 1.0000000000016771e+00 8.3110604990881437e-02 1.9600826587350996e-02 1.9592589787222241e+01 33
1 1 1 1 3.3523969433693727e-02 2.4830120945523327e-02 1.0000000000019058e+00 8.3043583200438226e-02 2.0057198738141487e-02 1.9642589792684646e+01 33
1 1 1 1 3.3546962922418190e-02 2.4834690886982213e-02 1.0000000000021634e+00 8.2976506711931353e-02 2.0518336651689423e-02 1.9692595552535170e+01 33
1 1 1 1 3.3569483693577769e-02 2.4838983936239123e-02 1.0000000000024527e+00 8.2909400274063905e-02 2.0984010676922321e-02 1.9742584587942428e+01 33
1 1 1 1 3.3591547810700090e-02 2.4843008227999928e-02 1.0000000000027780e+00 8.2842221305306163e-02 2.1454501413449709e-02 1.9792589289035512e+01 33
1 1 1 1 3.3613147872394174e-02 2.4846763838587981e-02 1.0000000000031430e+00 8.2774998048574633e-02 2.1929602596112527e-02 1.9842589809287123e+01 33
1 1 1 1 3.3634287073184506e-02 2.4850252854185979e-02 1.0000000000035520e+00 8.2707727187229851e-02 2.2409327103922520e-02 1.9892589813413736e+01 33
1 1 1 1 3.3654967214746229e-02 2.4853477094129897e-02 1.0000000000040101e+00 8.2640409636476425e-02 2.2893658389439887e-02 1.9942589817287168e+01 33
1 1 1 1 3.3675189903225378e-02 2.4856438343450350e-02 1.0000000000045228e+00 8.2573047009707690e-02 2.3382574897672256e-02 1.9992589820910474e+01 33
1 1 1 1 3.3694956773961220e-02 2.4859138392687968e-02 1.0000000000050957e+00 8.2505640924870005e-02 2.3876054952094428e-02 2.0042589824301739e+01 33
1 1 1 1 3.3714269490934347e-02 2.4861579037563905e-02 1.0000000000057354e+00 8.2438193004196914e-02 2.4374076761808181e-02 2.0092589827451398e+01 33
1 1 1 1 3.3733112566219144e-02 2.4863762078669471e-02 1.0000000000064493e+00 8.2370704873835465e-02 2.4876618429144837e-02 2.0142589830370092e+01 33
1 1 1 1 3.3751458635526387e-02 2.4865689321137200e-02 1.0000000000072451e+00 8.2303178163577684e-02 2.5383657956130106e-02 2.0192589833062957e+01 33
1 1 1 1 3.3769355710975689e-02 2.4867362574343653e-02 1.0000000000081313e+00 8.2235614506557031e-02 2.5895173250849911e-02 2.0242589835532044e+01 33
1 1 1 1 3.3786805582493556e-02 2.4868783651591616e-02 1.0000000000091176e+00 8.2168015538946038e-02 2.6411142133515308e-02 2.0292589837783112e+01 33
1 1 1 1 3.3803810065784777e-02 2.4869954369810533e-02 1.0000000000102141e+00 8.2100382899675639e-02 2.6931542342060067e-02 2.0342589839817659e+01 33
1 1 1 1 3.3820371001792068e-02 2.4870876549252175e-02 1.0000000000114320e+00 8.2032718230139579e-02 2.7456351537546678e-02 2.0392589841634955e+01 33
1 1 1 1 3.3836490256175536e-02 2.4871552013200331e-02 1.0000000000127840e+00 8.1965023173897394e-02 2.7985547309494683e-02 2.0442589843252161e+01 33
1 1 1 1 3.3852169718757111e-02 2.4871982587669650e-02 1.0000000000142835e+00 8.1897299376451682e-02 2.8519107180258900e-02 2.0492589844657964e+01 33
1 1 1 1 3.3867411303011317e-02 2.4872170101129531e-02 1.0000000000159450e+00 8.1829548484908421e-02 2.9057008610177230e-02 2.0542589845860928e+01 33
1 0 1 1 3.3882216945523166e-02 2.4872116384208484e-02 1.0000000000177849e+00 8.1761772147741052e-02 2.9599229001774124e-02 2.0592589846868755e+01 33
1 0 1 1 3.3896588605460534e-02 2.4871823269422895e-02 1.0000000000198204e+00 8.1693972014535626e-02 3.0145745703841542e-02 2.0642589847675040e+01 32
1 0 1 1 3.3910529037922188e-02 2.4871275351799685e-02 1.0000000000220717e+00 8.1626149735689879e-02 3.0696562195588445e-02 2.0692592215706910e+01 32
1 0 1 1 3.3924038295030899e-02 2.4870474534395434e-02 1.0000000000245590e+00 8.1558316596113789e-02 3.1251577307585501e-02 2.0742589859159441e+01 32
1 0 1 1 3.3937119602091857e-02 2.4869439958161172e-02 1.0000000000273050e+00 8.1490464654298267e-02 3.1810819690767600e-02 2.0792587466309218e+01 32
1 0 1 1 3.3949776201192446e-02 2.4868173335451126e-02 1.0000000000303346e+00 8.1422589028944226e-02 3.2374320926781677e-02 2.0842589847726828e+01 32
1 0 1 1 3.3962008314750783e-02 2.4866676676402685e-02 1.0000000000336740e+00 8.1354701082097608e-02 3.2941977813078359e-02 2.0892589847610946e+01 32
1 0 1 1 3.3973818639383618e-02 2.4864951771841646e-02 1.0000000000373521e+00 8.1286799230804618e-02 3.3513794193060970e-02 2.0942589847325724e+01 32
1 0 1 1 3.3985209277786123e-02 2.4863000467318461e-02 1.0000000000414007e+00 8.1218885123675089e-02 3.4089747144594076e-02 2.0992589846852265e+01 32
1 0 1 1 3.3996182351150130e-02 2.4860824608048279e-02 1.0000000000458540e+00 8.1150960408394174e-02 3.4669813720601517e-02 2.1042589846218497e+01 32
1 0 1 1 3.4006739998639332e-02 2.4858426038678310e-02 1.0000000000507490e+00 8.1083026731605917e-02 3.5253970950916869e-02 2.1092589845404021e+01 32
1 0 1 1 3.4016884376916058e-02 2.4855806603046867e-02 1.0000000000561253e+00 8.1015085738574244e-02 3.5842195846118856e-02 2.1142589844426258e+01 32
1 0 1 1 3.4026617659639255e-02 2.4852968143960093e-02 1.0000000000620271e+00 8.0947139073035967e-02 3.6434465399599700e-02 2.1192589843282168e+01 32
1 0 1 1 3.4035942036976789e-02 2.4849912502954909e-02 1.0000000000685005e+00 8.0879188376942801e-02 3.7030756590523996e-02 2.1242589841974599e+01 32
1 0 1 1 3.4044850778439370e-02 2.4846641520093905e-02 1.0000000000755969e+00 8.0811235290251082e-02 3.7631046386341765e-02 2.1292589840507368e+01 32
1 0 1 1 3.4053315160449162e-02 2.4843157033733652e-02 1.0000000000833706e+00 8.0743281450711080e-02 3.8235311745224126e-02 2.1342589838881267e+01 31
1 0 1 1 3.4061377502583784e-02 2.4839460880321858e-02 1.0000000000918809e+00 8.0675328493648113e-02 3.8843529618592242e-02 2.1392589837103905e+01 31
1 0 1 1 3.4069040067239979e-02 2.4835554894181631e-02 1.0000000001011917e+00 8.0607378051776840e-02 3.9455676953178309e-02 2.1442589835167158e+01 31
1 0 1 1 3.4076305130753673e-02 2.4831440907314751e-02 1.0000000001113716e+00 8.0539431754952429e-02 4.0071730693789172e-02 2.1492589833087969e+01 31
1 0 1 1 3.4083174982922161e-02 2.4827120749197139e-02 1.0000000001224949e+00 8.0471491230034442e-02 4.0691667784855480e-02 2.1542589830855267e+01 31
1 0 1 1 3.4089651926560917e-02 2.4822596246583294e-02 1.0000000001346412e+00 8.0403558100625411e-02 4.1315465173219088e-02 2.1592589828482925e+01 31
1 0 1 1 3.4095738277040717e-02 2.4817869223316698e-02 1.0000000001478968e+00 8.0335633986934635e-02 4.1943099809599725e-02 2.1642589825960528e+01 31
1 0 1 1 3.4101436361853525e-02 2.4812941500141964e-02 1.0000000001623541e+00 8.0267720505527718e-02 4.2574548651265004e-02 2.1692589823305628e+01 31
1 0 1 1 3.4106748520159637e-02 2.4807814894522901e-02 1.0000000001781124e+00 8.0199819269209049e-02 4.3209788663301253e-02 2.1742589820508634e+01 31
1 0 1 1 3.4111677102353494e-02 2.4802491220457412e-02 1.0000000001952787e+00 8.0131931886779778e-02 4.3848796821086285e-02 2.1792589817577447e+01 31
1 0 1 1 3.4116224469632583e-02 2.4796972288309023e-02 1.0000000002139675e+00 8.0064059962891232e-02 4.4491550111846738e-02 2.1842589814513552e+01 31
1 0 1 1 3.4120392993567041e-02 2.4791259904631994e-02 1.0000000002343024e+00 7.9996205097859152e-02 4.5138025536550754e-02 2.1892589811318473e+01 31
1 0 1 1 3.4124185055680829e-02 2.4785355872007267e-02 1.0000000002564153e+00 7.9928368887489137e-02 4.5788200111722424e-02 2.1942589807997656e+01 31
1 0 1 1 3.4127603047025189e-02 2.4779261988874368e-02 1.0000000002804481e+00 7.9860552922920269e-02 4.6442050870971162e-02 2.1992589804545830e+01 31
1 0 1 1 3.4130649640979192e-02 2.4772960592990511e-02 1.0000000003065654e+00 7.9792758790427604e-02 4.7099588324795445e-02 2.2042592338258462e+01 30
1 0 1 1 3.4133326624025961e-02 2.4766468543019161e-02 1.0000000003349190e+00 7.9724998391042357e-02 4.7760664843852732e-02 2.2092587962349718e+01 30
1 0 1 1 3.4135637055710079e-02 2.4759791491819033e-02 1.0000000003656873e+00 7.9657255523538972e-02 4.8425421208722029e-02 2.2142589067682792e+01 30
1 0 1 1 3.4137583034044537e-02 2.4752931978816856e-02 1.0000000003990537e+00 7.9589539708354362e-02 4.9093757109415305e-02 2.2192589788807542e+01 30
1 0 1 1 3.4139166990547386e-02 2.4745891836189447e-02 1.0000000004352176e+00 7.9521852970847018e-02 4.9765645013127247e-02 2.2242589784781199e+01 30
1 0 1 1 3.4140391395807795e-02 2.4738672739920333e-02 1.0000000004743934e+00 7.9454195887777357e-02 5.0441071755939829e-02 2.2292589780638732e+01 30
1 0 1 1 3.4141258696303849e-02 2.4731276458844108e-02 1.0000000005168086e+00 7.9386570012255964e-02 5.1120014536914588e-02 2.2342589776388326e+01 30
1 0 1 1 3.4141771344871868e-02 2.4723704756363117e-02 1.0000000005627074e+00 7.9318976891514126e-02 5.1802450584540402e-02 2.2392589772029417e+01 30
1 0 1 1 3.4141931800330920e-02 2.4715959390315376e-02 1.0000000006123495e+00 7.9251418066747542e-02 5.2488357158287133e-02 2.2442589767565519e+01 30
1 0 1 1 3.4141742527113654e-02 2.4708042112851616e-02 1.0000000006660126e+00 7.9183895072988231e-02 5.3177711549845776e-02 2.2492589762996243e+01 30
1 0 1 1 3.4141205994900697e-02 2.4699954670309193e-02 1.0000000007239924e+00 7.9116409438960089e-02 5.3870491084582091e-02 2.2542589758327278e+01 30
1 0 1 1 3.4140324678256395e-02 2.4691698803091244e-02 1.0000000007866041e+00 7.9048962686963931e-02 5.4566673122629153e-02 2.2592589753556325e+01 30
1 0 1 1 3.4139101056277966e-02 2.4683276245553665e-02 1.0000000008541838e+00 7.8981556332730241e-02 5.5266235060397254e-02 2.2642589748691137e+01 30
1 0 1 1 3.4137537612238471e-02 2.4674688725888259e-02 1.0000000009270891e+00 7.8914191885320228e-02 5.5969154331492681e-02 2.2692589743727339e+01 30
1 0 1 1 3.4135636833244748e-02 2.4665937966013161e-02 1.0000000010057006e+00 7.8846870846975337e-02 5.6675408408273467e-02 2.2742589738673686e+01 30
1 0 1 1 3.4133401209890758e-02 2.4657025681467659e-02 1.0000000010904233e+00 7.8779594713030365e-02 5.7384974802623799e-02 2.2792589733523478e+01 30
1 0 1 1 3.4130833235922316e-02 2.4647953581299287e-02 1.0000000011816879e+00 7.8712364971758708e-02 5.8097831067603405e-02 2.2842589728290310e+01 29
1 0 1 1 3.4127932567634682e-02 2.4638723367979235e-02 1.0000000012799517e+00 7.8645183104311844e-02 5.8813954797935830e-02 2.2892589722962899e+01 29
1 0 1 1 3.4124675606299310e-02 2.4629336737283479e-02 1.0000000013857009e+00 7.8578050584549364e-02 5.9533323631819499e-02 2.2942589717555585e+01 29
1 0 1 1 3.4121094111428447e-02 2.4619795378217787e-02 1.0000000014994515e+00 7.8510968878991116e-02 6.0255915251341531e-02 2.2992589712061861e+01 29
1 0 1 1 3.4117190590652123e-02 2.4610100972906869e-02 1.0000000016217516e+00 7.8443939446670524e-02 6.0981707383988233e-02 2.3042589706486734e+01 29
1 0 1 1 3.4112967552971156e-02 2.4600255196518261e-02 1.0000000017531820e+00 7.8376963739053840e-02 6.1710677803458749e-02 2.3092589700831770e+01 29
1 0 1 1 3.4108427508441563e-02 2.4590259717168841e-02 1.0000000018943593e+00 7.8310043199937091e-02 6.2442804330692915e-02 2.3142589695096802e+01 29
1 0 1 1 3.4103572967877756e-02 2.4580116195842671e-02 1.0000000020459361e+00 7.8243179265343160e-02 6.3178064835025041e-02 2.3192589689291815e+01 29
1 0 1 1 3.4098406442547413e-02 2.4569826286310555e-02 1.0000000022086046e+00 7.8176373363462115e-02 6.3916437234657078e-02 2.3242589683403679e+01 29
1 0 1 1 3.4092930443879968e-02 2.4559391635045356e-02 1.0000000023830975e+00 7.8109626914498798e-02 6.4657899498374791e-02 2.3292589677449083e+01 29
1 0 1 1 3.4087147483180466e-02 2.4548813881155880e-02 1.0000000025701901e+00 7.8042941330653814e-02 6.5402429645692040e-02 2.3342589671422058e+01 29
1 0 1 1 3.4081060071340943e-02 2.4538094656307258e-02 1.0000000027707032e+00 7.7976318015996415e-02 6.6150005748204718e-02 2.3392589665324856e+01 29
1 0 1 1 3.4074670718556278e-02 2.4527235584646038e-02 1.0000000029855043e+00 7.7909758366392634e-02 6.6900605930335755e-02 2.3442589659159143e+01 29
1 0 1 1 3.4067981934055830e-02 2.4516238282739331e-02 1.0000000032155110e+00 7.7843263769424076e-02 6.7654208370280286e-02 2.3492589652931692e+01 29
1 0 1 1 3.4060996225829691e-02 2.4505104359509023e-02 1.0000000034616923e+00 7.7776835604329964e-02 6.8410791300560270e-02 2.3542589646635527e+01 29
1 0 1 1 3.4053716100356242e-02 2.4493835416158731e-02 1.0000000037250725e+00 7.7710475241897226e-02 6.9170333009295884e-02 2.3592589640280032e+01 28
1 0 1 1 3.4046144062344234e-02 2.4482433046121022e-02 1.0000000040067318e+00 7.7644184044424747e-02 6.9932811840552597e-02 2.3642589633860847e+01 28
1 0 1 1 3.4038282614474835e-02 2.4470898834998374e-02 1.0000000043078117e+00 7.7577963365624142e-02 7.0698206195497965e-02 2.3692589627384290e+01 28
1 0 1 1 3.4030134257142117e-02 2.4459234360498926e-02 1.0000000046295150e+00 7.7511814550575792e-02 7.1466494532891417e-02 2.3742589620849692e+01 28
1 0 1 1 3.4021701488210376e-02 2.4447441192392033e-02 1.0000000049731106e+00 7.7445738935651764e-02 7.2237655369985554e-02 2.3792589614259064e+01 28
1 0 1 1 3.4012986802762983e-02 2.4435520892449696e-02 1.0000000053399358e+00 7.7379737848458086e-02 7.3011667283179454e-02 2.3842589607612229e+01 28
1 0 1 1 3.4003992692861404e-02 2.4423475014395537e-02 1.0000000057314000e+00 7.7313812607767624e-02 7.3788508908829320e-02 2.3892589600913116e+01 28
1 0 1 1 3.3994721647310364e-02 2.4411305103861448e-02 1.0000000061489871e+00 7.7247964523472268e-02 7.4568158943829579e-02 2.3942589594162140e+01 28
1 0 1 1 3.3985176151425378e-02 2.4399012698340397e-02 1.0000000065942589e+00 7.7182194896521311e-02 7.5350596146405407e-02 2.3992589587363412e+01 28
1 0 1 1 3.3975358686800398e-02 2.4386599327140272e-02 1.0000000070688599e+00 7.7116505018880177e-02 7.6135799336552387e-02 2.4042589580510445e+01 28
1 0 1 1 3.3965271582826737e-02 2.4374059175217042e-02 1.0000000075746429e+00 7.7050896173447903e-02 7.6923762182782310e-02 2.4092590510208460e+01 28
1 0 1 1 3.3954917917912129e-02 2.4361395957498387e-02 1.0000000081133946e+00 7.6985373320166584e-02 7.7714416249309998e-02 2.4142589375664784e+01 28
1 0 1 1 3.3944299597507950e-02 2.4348616381665928e-02 1.0000000086869676e+00 7.6919933289988418e-02 7.8507781653424050e-02 2.4192588784241043e+01 28
1 0 1 1 3.3933418897652515e-02 2.4335721728970344e-02 1.0000000092973831e+00 7.6854576274205971e-02 7.9303850581395982e-02 2.4242589552575403e+01 28
1 0 1 1 3.3922278738137267e-02 2.4322714036198831e-02 1.0000000099467270e+00 7.6789306311347005e-02 8.0102568225133119e-02 2.4292589545508317e+01 28
1 0 1 1 3.3910881406987961e-02 2.4309594583963624e-02 1.0000000106372251e+00 7.6724123624120982e-02 8.0903926113459895e-02 2.4342589538406692e+01 28
1 0 1 1 3.3899229353725628e-02 2.4296364843455188e-02 1.0000000113712033e+00 7.6659029440111687e-02 8.1707903517232727e-02 2.4392589531260491e+01 27
1 0 1 1 3.3887325022460127e-02 2.4283026277331067e-02 1.0000000121511019e+00 7.6594024977547692e-02 8.2514479774341884e-02 2.4442589524079480e+01 27
1 0 1 1 3.3875170851706049e-02 2.4269580339700992e-02 1.0000000129794795e+00 7.6529111445308662e-02 8.3323634289708556e-02 2.4492589516859745e+01 27
1 0 1 1 3.3862769274185280e-02 2.4256028476095894e-02 1.0000000138590186e+00 7.6464290042865868e-02 8.4135346536130598e-02 2.4542589509603850e+01 27
1 0 1 1 3.3850122716650846e-02 2.4242372123451730e-02 1.0000000147925292e+00 7.6399561960260709e-02 8.4949596054737883e-02 2.4592589502317736e+01 27
1 0 1 1 3.3837233599699243e-02 2.4228612710087364e-02 1.0000000157829554e+00 7.6334928378091693e-02 8.5766362455182696e-02 2.4642589494991974e+01 27
1 0 1 1 3.3824104337589422e-02 2.4214751655679455e-02 1.0000000168333794e+00 7.6270390467445159e-02 8.6585625416713247e-02 2.4692589487638234e+01 27
1 0 1 1 3.3810737338076068e-02 2.4200790371253073e-02 1.0000000179470272e+00 7.6205949389916150e-02 8.7407364688049688e-02 2.4742589480253045e+01 27
1 0 1 1 3.3797135002232401e-02 2.4186730259161317e-02 1.0000000191272744e+00 7.6141606297558451e-02 8.8231560088132849e-02 2.4792589472835605e+01 27
1 0 1 1 3.3783299724283185e-02 2.4172572713068833e-02 1.0000000203776511e+00 7.6077362332860304e-02 8.9058191506641987e-02 2.4842589465392440e+01 27
1 0 1 1 3.3769233891448633e-02 2.4158319117947805e-02 1.0000000217018481e+00 7.6013218628744050e-02 8.9887238904170497e-02 2.4892589457921659e+01 27
1 0 1 1 3.3754939883774822e-02 2.4143970850056623e-02 1.0000000231037229e+00 7.5949176308532873e-02 9.0718682312768611e-02 2.4942589450420730e+01 27
1 0 1 1 3.3740420073980475e-02 2.4129529276932720e-02 1.0000000245873055e+00 7.5885236485923824e-02 9.1552501836583228e-02 2.4992589442900226e+01 27
1 0 1 1 3.3725676827307816e-02 2.4114995757389669e-02 1.0000000261568045e+00 7.5821400265008859e-02 9.2388677651648834e-02 2.5042589435347480e+01 27
1 0 1 1 3.3710712501363968e-02 2.4100371641498579e-02 1.0000000278166135e+00 7.5757668740203676e-02 9.3227190007162869e-02 2.5092589427780059e+01 27
1 0 1 1 3.3695529445985993e-02 2.4085658270596087e-02 1.0000000295713183e+00 7.5694042996306221e-02 9.4068019224798224e-02 2.5142589420182173e+01 27
1 0 1 1 3.3680130003085965e-02 2.4070856977265073e-02 1.0000000314257023e+00 7.5630524108411396e-02 9.4911145700168856e-02 2.5192589412570619e+01 26
1 0 1 1 3.3664516506522801e-02 2.4055969085343850e-02 1.0000000333847543e+00 7.5567113141973452e-02 9.5756549902144064e-02 2.5242589404933035e+01 26
1 0 1 1 3.3648691281956127e-02 2.4040995909916926e-02 1.0000000354536751e+00 7.5503811152736855e-02 9.6604212374016785e-02 2.5292589397276672e+01 26
1 0 1 1 3.3632656646717933e-02 2.4025938757314881e-02 1.0000000376378846e+00 7.5440619186763619e-02 9.7454113733410466e-02 2.5342589389603688e+01 26
1 0 1 1 3.3616414909683610e-02 2.4010798925116275e-02 1.0000000399430289e+00 7.5377538280425760e-02 9.8306234672654827e-02 2.5392589381914405e+01 26
1 0 1 1 3.3599968371144318e-02 2.3995577702151605e-02 1.0000000423749884e+00 7.5314569460400105e-02 9.9160555959051877e-02 2.5442589374204349e+01 26
1 0 1 1 3.3583319322678440e-02 2.3980276368497047e-02 1.0000000449398843e+00 7.5251713743648058e-02 1.0001705843545314e-01 2.5492589366480981e+01 26
1 0 1 1 3.3566470047040740e-02 2.3964896195490103e-02 1.0000000476440869e+00 7.5188972137441079e-02 1.0087572302020853e-01 2.5542589358743296e+01 26
1 0 1 1 3.3549422818037862e-02 2.3949438445726366e-02 1.0000000504942237e+00 7.5126345639348724e-02 1.0173653070760040e-01 2.5592589350991105e+01 26
1 0 1 1 3.3532179900415855e-02 2.3933904373067475e-02 1.0000000534971869e+00 7.5063835237239418e-02 1.0259946256812033e-01 2.5642589343225293e+01 26
1 0 1 1 3.3514743549749267e-02 2.3918295222649533e-02 1.0000000566601421e+00 7.5001441909284094e-02 1.0346449974870445e-01 2.5692589335446197e+01 26
1 0 1 1 3.3497116012329430e-02 2.3902612230885908e-02 1.0000000599905359e+00 7.4939166623957998e-02 1.0433162347307381e-01 2.5742589327659005e+01 26
1 0 1 1 3.3479299525069700e-02 2.3886856625487573e-02 1.0000000634961046e+00 7.4877010340061723e-02 1.0520081504171493e-01 2.5792589319858298e+01 26
1 0 1 1 3.3461296315389771e-02 2.3871029625462316e-02 1.0000000671848832e+00 7.4814974006703172e-02 1.0607205583245351e-01 2.5842589312047682e+01 26
1 0 1 1 3.3443108601119965e-02 2.3855132441125648e-02 1.0000000710652139e+00 7.4753058563320096e-02 1.0694532730048670e-01 2.5892589304229162e+01 26
1 0 1 1 3.3424738590413637e-02 2.3839166274124583e-02 1.0000000751457545e+00 7.4691264939689805e-02 1.0782061097861495e-01 2.5942589296403327e+01 26
1 0 1 1 3.3406188481641556e-02 2.3823132317437847e-02 1.0000000794354880e+00 7.4629594055938497e-02 1.0869788847739570e-01 2.5992589288566979e+01 25
1 0 1 1 3.3387460463305839e-02 2.3807031755395783e-02 1.0000000839437311e+00 7.4568046822538925e-02 1.0957714148558680e-01 2.6042589280726581e+01 25
1 0 1 1 3.3368556713949872e-02 2.3790865763691865e-02 1.0000000886801446e+00 7.4506624140344979e-02 1.1045835176996541e-01 2.6092589272877575e+01 25
1 0 1 1 3.3349476090305509e-02 2.3774635509399879e-02 1.0000000936547411e+00 7.4445326900581754e-02 1.1134150117590420e-01 2.6142589265026473e+01 25
1 0 1 1 3.3330219194302589e-02 2.3758342150996713e-02 1.0000000988778961e+00 7.4384155984884626e-02 1.1222657162713336e-01 2.6192589257167402e+01 25
1 0 1 1 3.3310793308075230e-02 2.3741986838364017e-02 1.0000001043603564e+00 7.4323112265287233e-02 1.1311354512632212e-01 2.6242589249306199e+01 25
1 0 1 1 3.3291200567790905e-02 2.3725570712820679e-02 1.0000001101132507e+00 7.4262196604260533e-02 1.1400240375490216e-01 2.6292589241441014e+01 25
1 0 1 1 3.3271443099212747e-02 2.3709094907137202e-02 1.0000001161480987e+00 7.4201409854716682e-02 1.1489312967341417e-01 2.6342589233573442e+01 25
1 0 1 1 3.3251523017625788e-02 2.3692560545551553e-02 1.0000001224768220e+00 7.4140752860032660e-02 1.1578570512154562e-01 2.6392589225703023e+01 25
1 0 1 1 3.3231442427770944e-02 2.3675968743792988e-02 1.0000001291117531e+00 7.4080226454064424e-02 1.1668011241836747e-01 2.6442589217832630e+01 25
1 0 1 1 3.3211203423780616e-02 2.3659320609103113e-02 1.0000001360656459e+00 7.4019831461175328e-02 1.1757633396233350e-01 2.6492589209961562e+01 25
1 0 1 1 3.3190808089110554e-02 2.3642617240255247e-02 1.0000001433516865e+00 7.3959568696250810e-02 1.1847435223143765e-01 2.6542589202087608e+01 25
1 0 1 1 3.3170258496478922e-02 2.3625859727577470e-02 1.0000001509835030e+00 7.3899438964711545e-02 1.1937414978349337e-01 2.6592589194216227e+01 25
1 0 1 1 3.3149556707813804e-02 2.3609049152979702e-02 1.0000001589751757e+00 7.3839443062553523e-02 1.2027570925601033e-01 2.6642589186347990e+01 25
1 0 1 1 3.3128704774190249e-02 2.3592186589973092e-02 1.0000001673412477e+00 7.3779581776367731e-02 1.2117901336626295e-01 2.6692589178477018e+01 25
1 0 1 1 3.3107704735772084e-02 2.3575273103690481e-02 1.0000001760967365e+00 7.3719855883343455e-02 1.2208404491174474e-01 2.6742589170611176e+01 24
1 0 1 1 3.3086558621770339e-02 2.3558309750920711e-02 1.0000001852571427e+00 7.3660266151321929e-02 1.2299078676980767e-01 2.6792589162747319e+01 24
1 0 1 1 3.3065268450386473e-02 2.3541297580129086e-02 1.0000001948384620e+00 7.3600813338803112e-02 1.2389922189801159e-01 2.6842589154886344e+01 24
1 0 1 1 3.3043836228766506e-02 2.3524237631483823e-02 1.0000002048571957e+00 7.3541498194976795e-02 1.2480933333415396e-01 2.6892589147031075e+01 24
1 0 1 1 3.3022263952954142e-02 2.3507130936880935e-02 1.0000002153303613e+00 7.3482321459756916e-02 1.2572110419617721e-01 2.6942589139177901e+01 24
1 0 1 1 3.3000553607848301e-02 2.3489978519974853e-02 1.0000002262755034e+00 7.3423283863793876e-02 1.2663451768245676e-01 2.6992589131328941e+01 24
1 0 1 1 3.2978707167158762e-02 2.3472781396200890e-02 1.0000002377107040e+00 7.3364386128510761e-02 1.2754955707180032e-01 2.7042589123489766e+01 24
1 0 1 1 3.2956726593377998e-02 2.3455540572814463e-02 1.0000002496545946e+00 7.3305628966147507e-02 1.2846620572317866e-01 2.7092589115651833e+01 24
1 0 1 1 3.2934613837727632e-02 2.3438257048905970e-02 1.0000002621263655e+00 7.3247013079758005e-02 1.2938444707631672e-01 2.7142589107822985e+01 24
1 0 1 1 3.2912370840135506e-02 2.3420931815438660e-02 1.0000002751457779e+00 7.3188539163271504e-02 1.3030426465120934e-01 2.7192589099999410e+01 24
1 0 1 1 3.2889999529198251e-02 2.3403565855276552e-02 1.0000002887331743e+00 7.3130207901502986e-02 1.3122564204852785e-01 2.7242589092186080e+01 24
1 0 1 1 3.2867501822153367e-02 2.3386160143217774e-02 1.0000003029094886e+00 7.3072019970203517e-02 1.3214856294925378e-01 2.7292589084375912e+01 24
1 0 1 1 3.2844879624838813e-02 2.3368715646013203e-02 1.0000003176962586e+00 7.3013976036064132e-02 1.3307301111519984e-01 2.7342589076577688e+01 24
1 0 1 1 3.2822134831681782e-02 2.3351233322413727e-02 1.0000003331156353e+00 7.2956076756781063e-02 1.3399897038848130e-01 2.7392589068786460e+01 24
1 0 1 1 3.2799269325661976e-02 2.3333714123191067e-02 1.0000003491903948e+00 7.2898322781064728e-02 1.3492642469192651e-01 2.7442589061005954e+01 24
1 0 1 1 3.2776284978292811e-02 2.3316158991174757e-02 1.0000003659439476e+00 7.2840714748689250e-02 1.3585535802876109e-01 2.7492589053231669e+01 24
1 0 1 1 3.2753183649595882e-02 2.3298568861279869e-02 1.0000003834003510e+00 7.2783253290507721e-02 1.3678575448301675e-01 2.7542589045473498e+01 23
1 0 1 1 3.2729967188087621e-02 2.3280944660546102e-02 1.0000004015843182e+00 7.2725939028521536e-02 1.3771759821879057e-01 2.7592589037716742e+01 23
1 0 1 1 3.2706637430746408e-02 2.3263287308158603e-02 1.0000004205212298e+00 7.2668772575859686e-02 1.3865087348133318e-01 2.7642589029981682e+01 23
1 0 1 1 3.2683196203021875e-02 2.3245597715502903e-02 1.0000004402371441e+00 7.2611754536889894e-02 1.3958556459559490e-01 2.7692589022246775e+01 23
1 0 1 1 3.2659645318787699e-02 2.3227876786172490e-02 1.0000004607588067e+00 7.2554885507169375e-02 1.4052165596776006e-01 2.7742589014532761e+01 23
1 0 1 1 3.2635986580359821e-02 2.3210125416026971e-02 1.0000004821136617e+00 7.2498166073563658e-02 1.4145913208375457e-01 2.7792589006824823e+01 23
1 0 1 1 3.2612221778457996e-02 2.3192344493205824e-02 1.0000005043298617e+00 7.2441596814219245e-02 1.4239797751031402e-01 2.7842588999131976e+01 23
1 0 1 1 3.2588352692214280e-02 2.3174534898178178e-02 1.0000005274362769e+00 7.2385178298641217e-02 1.4333817689422484e-01 2.7892588991448815e+01 23
1 0 1 1 3.2564381089156207e-02 2.3156697503770897e-02 1.0000005514625068e+00 7.2328911087704784e-02 1.4427971496280248e-01 2.7942588983783875e+01 23
1 0 1 1 3.2540308725207551e-02 2.3138833175208540e-02 1.0000005764388877e+00 7.2272795733724582e-02 1.4522257652323919e-01 2.7992588976128239e+01 23
1 0 1 1 3.2516137344669717e-02 2.3120942770140016e-02 1.0000006023965042e+00 7.2216832780458706e-02 1.4616674646311195e-01 2.8042588968485678e+01 23
1 0 1 1 3.2491868680230691e-02 2.3103027138684118e-02 1.0000006293671977e+00 7.2161022763165272e-02 1.4711220975013853e-01 2.8092588960863036e+01 23
1 0 1 1 3.2467504452960705e-02 2.3085087123461856e-02 1.0000006573835754e+00 7.2105366208658955e-02 1.4805895143162295e-01 2.8142588953245323e+01 23
1 0 1 1 3.2443046372298945e-02 2.3067123559626371e-02 1.0000006864790205e+00 7.2049863635298694e-02 1.4900695663547711e-01 2.8192588945653135e+01 23
1 0 1 1 3.2418496136079701e-02 2.3049137274916257e-02 1.0000007166876999e+00 7.1994515553102184e-02 1.4995621056872449e-01 2.8242588938068337e+01 23
1 0 1 1 3.2393855430507129e-02 2.3031129089674165e-02 1.0000007480445736e+00 7.1939322463714261e-02 1.5090669851870323e-01 2.8292588930501729e+01 23
1 0 1 1 3.2369125930176011e-02 2.3013099816894297e-02 1.0000007805854032e+00 7.1884284860494641e-02 1.5185840585214500e-01 2.8342588922949748e+01 22
1 0 1 1 3.2344309298067753e-02 2.2995050262253392e-02 1.0000008143467591e+00 7.1829403228537508e-02 1.5281131801550676e-01 2.8392588915416841e+01 22
1 0 1 1 3.2319407185568846e-02 2.2976981224159771e-02 1.0000008493660300e+00 7.1774678044729701e-02 1.5376542053454240e-01 2.8442588907897662e+01 22
1 0 1 1 3.2294421232459243e-02 2.2958893493772940e-02 1.0000008856814295e+00 7.1720109777772739e-02 1.5472069901445876e-01 2.8492588900391713e+01 22
1 0 1 1 3.2269353066934188e-02 2.2940787855054667e-02 1.0000009233320044e+00 7.1665698888225826e-02 1.5567713913998571e-01 2.8542588892911617e+01 22
1 0 1 1 3.2244204305622082e-02 2.2922665084810244e-02 1.0000009623576411e+00 7.1611445828585418e-02 1.5663472667442990e-01 2.8592588885440268e+01 22
1 0 1 1 3.2218976553570478e-02 2.2904525952708570e-02 1.0000010027990733e+00 7.1557351043267381e-02 1.5759344746068790e-01 2.8642588877989699e+01 22
1 0 1 1 3.2193671404283072e-02 2.2886371221338419e-02 1.0000010446978884e+00 7.1503414968697721e-02 1.5855328742030661e-01 2.8692588870558289e+01 22
1 0 1 1 3.2168290439725050e-02 2.2868201646241534e-02 1.0000010880965331e+00 7.1449638033340340e-02 1.5951423255359951e-01 2.8742588863143315e+01 22
1 0 1 1 3.2142835230332428e-02 2.2850017975945512e-02 1.0000011330383212e+00 7.1396020657734288e-02 1.6047626893956243e-01 2.8792588855743514e+01 22
1 0 1 1 3.2117307335030279e-02 2.2831820952005172e-02 1.0000011795674373e+00 7.1342563254533642e-02 1.6143938273592559e-01 2.8842588848368585e+01 22
1 0 1 1 3.2091708301264107e-02 2.2813611309052535e-02 1.0000012277289434e+00 7.1289266228579895e-02 1.6240356017843002e-01 2.8892588841008468e+01 22
1 0 1 1 3.2066039664994841e-02 2.2795389774815763e-02 1.0000012775687841e+00 7.1236129976909535e-02 1.6336878758131423e-01 2.8942588833666683e+01 22
1 0 1 1 3.2040302950733880e-02 2.2777157070172353e-02 1.0000013291337904e+00 7.1183154888815436e-02 1.6433505133693693e-01 2.8992588826347575e+01 22
1 0 1 1 3.2014499671563688e-02 2.2758913909188310e-02 1.0000013824716842e+00 7.1130341345899906e-02 1.6530233791539106e-01 2.9042588819044152e+01 22
1 0 1 1 3.1988631329148177e-02 2.2740660999147375e-02 1.0000014376310835e+00 7.1077689722095383e-02 1.6627063386480889e-01 2.9092588811762123e+01 22
1 0 1 1 3.1962699413766130e-02 2.2722399040599351e-02 1.0000014946615037e+00 7.1025200383730003e-02 1.6723992581084279e-01 2.9142588804500900e+01 21
1 0 1 1 3.1936705404330933e-02 2.2704128727397209e-02 1.0000015536133631e+00 7.0972873689565730e-02 1.6821020045659854e-01 2.9192588797258360e+01 21
1 0 1 1 3.1910650768414546e-02 2.2685850746735278e-02 1.0000016145379840e+00 7.0920709990837605e-02 1.6918144458262280e-01 2.9242588790038717e+01 21
1 0 1 1 3.1884536962275452e-02 2.2667565779191365e-02 1.0000016774875959e+00 7.0868709631312088e-02 1.7015364504637284e-01 2.9292588782833789e+01 21
1 0 1 1 3.1858365430874135e-02 2.2649274498756797e-02 1.0000017425153371e+00 7.0816872947304488e-02 1.7112678878272439e-01 2.9342588775658157e+01 21
1 0 1 1 3.1832137607924256e-02 2.2630977572895870e-02 1.0000018096752563e+00 7.0765200267771611e-02 1.7210086280278133e-01 2.9392588768496374e+01 21
1 0 1 1 3.1805854915891441e-02 2.2612675662561789e-02 1.0000018790223133e+00 7.0713691914302435e-02 1.7307585419478330e-01 2.9442588761359296e+01 21
1 0 1 1 3.1779518766046608e-02 2.2594369422255574e-02 1.0000019506123805e+00 7.0662348201205427e-02 1.7405175012315008e-01 2.9492588754243808e+01 21
1 0 1 1 3.1753130558483181e-02 2.2576059500055517e-02 1.0000020245022421e+00 7.0611169435536442e-02 1.7502853782858402e-01 2.9542588747147960e+01 21
1 0 1 1 3.1726691682148311e-02 2.2557746537657519e-02 1.0000021007495938e+00 7.0560155917141321e-02 1.7600620462796257e-01 2.9592588740074810e+01 21
1 0 1 1 3.1700203514879455e-02 2.2539431170418775e-02 1.0000021794130427e+00 7.0509307938710686e-02 1.7698473791401537e-01 2.9642588733025718e+01 21
1 0 1 1 3.1673667423435706e-02 2.2521114027396438e-02 1.0000022605521053e+00 7.0458625785827345e-02 1.7796412515499932e-01 2.9692588725993630e+01 21
1 0 1 1 3.1647084763524271e-02 2.2502795731383012e-02 1.0000023442272059e+00 7.0408109736991187e-02 1.7894435389506524e-01 2.9742588718991808e+01 21
1 0 1 1 3.1620456879851794e-02 2.2484476898958355e-02 1.0000024304996744e+00 7.0357760063707031e-02 1.7992541175311469e-01 2.9792588712005685e+01 21
1 0 1 1 3.1593785106133324e-02 2.2466158140510017e-02 1.0000025194317437e+00 7.0307577030480572e-02 1.8090728642360843e-01 2.9842588705044840e+01 21
1 0 1 1 3.1567070765148364e-02 2.2447840060289929e-02 1.0000026110865452e+00 7.0257560894901039e-02 1.8188996567562790e-01 2.9892588698105090e+01 21
1 0 1 1 3.1540315168768228e-02 2.2429523256445816e-02 1.0000027055281067e+00 7.0207711907667281e-02 1.8287343735318398e-01 2.9942588691195198e+01 20
1 0 1 1 3.1513519618002563e-02 2.2411208321068948e-02 1.0000028028213459e+00 7.0158030312662240e-02 1.8385768937423910e-01 2.9992588684297885e+01 20
1 0 1 1 3.1486685403014962e-02 2.2392895840219199e-02 1.0000029030320676e+00 7.0108516346945315e-02 1.8484270973177197e-01 3.0042588677434555e+01 20
1 0 1 1 3.1459813803190517e-02 2.2374586393982120e-02 1.0000030062269565e+00 7.0059170240868773e-02 1.8582848649199252e-01 3.0092588670586466e+01 20
1 0 1 1 3.1432905764554139e-02 2.2356280556494666e-02 1.0000031124735713e+00 7.0009992218057260e-02 1.8681500779559354e-01 3.0142588663768262e+01 20
1 0 1 1 3.1405957307838343e-02 2.2337978895996351e-02 1.0000032218403394e+00 6.9960982495507529e-02 1.8780226185639792e-01 3.0192588656971751e+01 20
1 0 1 1 3.1378975160029438e-02 2.2319681974857175e-02 1.0000033343965478e+00 6.9912141283601847e-02 1.8879023696174882e-01 3.0242588650196879e+01 20
1 0 1 1 3.1351960559816087e-02 2.2301390349624951e-02 1.0000034502123365e+00 6.9863468786159844e-02 1.8977892147226474e-01 3.0292588643450330e+01 20
1 0 1 1 3.1324914735280381e-02 2.2283104571065727e-02 1.0000035693586893e+00 6.9814965200501899e-02 1.9076830382120108e-01 3.0342588636725516e+01 20
1 0 1 1 3.1297838903930439e-02 2.2264825184197704e-02 1.0000036919074260e+00 6.9766630717473521e-02 1.9175837251471806e-01 3.0392588630027763e+01 20
1 0 1 1 3.1270734272749935e-02 2.2246552728335183e-02 1.0000038179311912e+00 6.9718465521510731e-02 1.9274911613119050e-01 3.0442588623351440e+01 20
1 0 1 1 3.1243602038232957e-02 2.2228287737123809e-02 1.0000039475034448e+00 6.9670469790667267e-02 1.9374052332141131e-01 3.0492588616702076e+01 20
1 0 1 1 3.1216443386437316e-02 2.2210030738585778e-02 1.0000040806984514e+00 6.9622643696678949e-02 1.9473258280802272e-01 3.0542588610080028e+01 20
1 0 1 1 3.1189259493022217e-02 2.2191782255153992e-02 1.0000042175912687e+00 6.9574987405007449e-02 1.9572528338514736e-01 3.0592588603474375e+01 20
1 0 1 1 3.1162051523284304e-02 2.2173542803708382e-02 1.0000043582577347e+00 6.9527501074857029e-02 1.9671861391907355e-01 3.0642588596909203e+01 20
1 0 1 1 3.1134820632233703e-02 2.2155312895633408e-02 1.0000045027744560e+00 6.9480184859291583e-02 1.9771256334616238e-01 3.0692588590351360e+01 20
1 0 1 1 3.1107567964585480e-02 2.2137093036821782e-02 1.0000046512187932e+00 6.9433038905178046e-02 1.9870712067505439e-01 3.0742588583833999e+01 20
1 0 1 1 3.1080294654866183e-02 2.2118883727754553e-02 1.0000048036688485e+00 6.9386063353340743e-02 1.9970227498398480e-01 3.0792588577334101e+01 19
1 0 1 1 3.1053001827412226e-02 2.2100685463507418e-02 1.0000049602034489e+00 6.9339258338525001e-02 2.0069801542236781e-01 3.0842588570865150e+01 19
1 0 1 1 3.1025690596448149e-02 2.2082498733812694e-02 1.0000051209021328e+00 6.9292623989495233e-02 2.0169433120934102e-01 3.0892588564416389e+01 19
1 0 1 1 3.0998362066106379e-02 2.2064324023075788e-02 1.0000052858451329e+00 6.9246160429042747e-02 2.0269121163438258e-01 3.0942588557997965e+01 19
1 0 1 1 3.0971017330498674e-02 2.2046161810433146e-02 1.0000054551133595e+00 6.9199867774064727e-02 2.0368864605635617e-01 3.0992588551605234e+01 19
1 0 1 1 3.0943657473750826e-02 2.2028012569781156e-02 1.0000056287883834e+00 6.9153746135591665e-02 2.0468662390363501e-01 3.1042588545238477e+01 19
1 0 1 1 3.0916283570055325e-02 2.2009876769817985e-02 1.0000058069524180e+00 6.9107795618837869e-02 2.0568513467376548e-01 3.1092588538899257e+01 19
1 0 1 1 3.0888896683716652e-02 2.1991754874077590e-02 1.0000059896883005e+00 6.9062016323251041e-02 2.0668416793302746e-01 3.1142588532582455e+01 19
1 0 1 1 3.0861497869198545e-02 2.1973647340969963e-02 1.0000061770794717e+00 6.9016408342543412e-02 2.0768371331661956e-01 3.1192588526298159e+01 19
1 0 1 1 3.0834088171184628e-02 2.1955554623824113e-02 1.0000063692099574e+00 6.8970971764766131e-02 2.0868376052771029e-01 3.1242588520038620e+01 19
1 0 1 1 3.0806668624615879e-02 2.1937477170920164e-02 1.0000065661643460e+00 6.8925706672329501e-02 2.0968429933771213e-01 3.1292588513805033e+01 19
1 0 1 1 3.0779240254741456e-02 2.1919415425525741e-02 1.0000067680277678e+00 6.8880613142057012e-02 2.1068531958574577e-01 3.1342588507595206e+01 19
1 0 1 1 3.0751804077169594e-02 2.1901369825936684e-02 1.0000069748858731e+00 6.8835691245223041e-02 2.1168681117877197e-01 3.1392588501423379e+01 19
1 0 1 1 3.0724361097934257e-02 2.1883340805522167e-02 1.0000071868248079e+00 6.8790941047635612e-02 2.1268876409022938e-01 3.1442588495267010e+01 19
1 0 1 1 3.0696912313512171e-02 2.1865328792743437e-02 1.0000074039311924e+00 6.8746362609617917e-02 2.1369116836132487e-01 3.1492588489144325e+01 19
1 0 1 1 3.0669458710906775e-02 2.1847334211210736e-02 1.0000076262920943e+00 6.8701955986112062e-02 2.1469401409952776e-01 3.1542588483054075e+01 19
1 0 1 1 3.0642001267689289e-02 2.1829357479714134e-02 1.0000078539950052e+00 6.8657721226710100e-02 2.1569729147827546e-01 3.1592588476974793e+01 19
1 0 1 1 3.0614540952022307e-02 2.1811399012243538e-02 1.0000080871278143e+00 6.8613658375647479e-02 2.1670099073831964e-01 3.1642588470946166e+01 18
1 0 1 1 3.0587078722774250e-02 2.1793459218064932e-02 1.0000083257787817e+00 6.8569767471957782e-02 2.1770510218454672e-01 3.1692588464925326e+01 18
1 0 1 1 3.0559615529495005e-02 2.1775538501709293e-02 1.0000085700365120e+00 6.8526048549389235e-02 2.1870961618885440e-01 3.1742588458944191e+01 18
1 0 1 1 3.0532152312530574e-02 2.1757637263048087e-02 1.0000088199899244e+00 6.8482501636553894e-02 2.1971452318745871e-01 3.1792588452990596e+01 18
1 0 1 1 3.0504690003046252e-02 2.1739755897313386e-02 1.0000090757282258e+00 6.8439126756922541e-02 2.2071981368161467e-01 3.1842588447057867e+01 18
1 0 1 1 3.0477229523072587e-02 2.1721894795127636e-02 1.0000093373408809e+00 6.8395923928862234e-02 2.2172547823764174e-01 3.1892588441161713e+01 18
1 0 1 1 3.0449771785583966e-02 2.1704054342558350e-02 1.0000096049175808e+00 6.8352893165720907e-02 2.2273150748567000e-01 3.1942588435292180e+01 18
1 0 1 1 3.0422317694529844e-02 2.1686234921139490e-02 1.0000098785482130e+00 6.8310034475839443e-02 2.2373789211999673e-01 3.1992588429446460e+01 18
1 0 1 1 3.0394868144888395e-02 2.1668436907907433e-02 1.0000101583228300e+00 6.8267347862595890e-02 2.2474462289894745e-01 3.2042588423637049e+01 18
1 0 1 1 3.0367424022740803e-02 2.1650660675453418e-02 1.0000104443316151e+00 6.8224833324480150e-02 2.2575169064381009e-01 3.2092588417853001e+01 18
1 0 1 1 3.0339986205299724e-02 2.1632906591939494e-02 1.0000107366648512e+00 6.8182490855106026e-02 2.2675908623926908e-01 3.2142588412097702e+01 18
1 0 1 1 3.0312555560973786e-02 2.1615175021142647e-02 1.0000110354128853e+00 6.8140320443270230e-02 2.2776680063270985e-01 3.2192588406369090e+01 18
1 0 1 1 3.0285132949418005e-02 2.1597466322489642e-02 1.0000113406660940e+00 6.8098322072988049e-02 2.2877482483428882e-01 3.2242588400677931e+01 18
1 0 1 1 3.0257719221600508e-02 2.1579780851098063e-02 1.0000116525148479e+00 6.8056495723564231e-02 2.2978314991578461e-01 3.2292588395006881e+01 18
1 0 1 1 3.0230315219829960e-02 2.1562118957796986e-02 1.0000119710494759e+00 6.8014841369590823e-02 2.3079176701149096e-01 3.2342588389369496e+01 18
1 0 1 1 3.0202921777835501e-02 2.1544480989178001e-02 1.0000122963602269e+00 6.7973358981031906e-02 2.3180066731707247e-01 3.2392588383769102e+01 18
1 0 1 1 3.0175539720817501e-02 2.1526867287626525e-02 1.0000126285372331e+00 6.7932048523267285e-02 2.3280984208885155e-01 3.2442588378179380e+01 18
1 0 1 1 3.0148169865464914e-02 2.1509278191334930e-02 1.0000129676704701e+00 6.7890909957074114e-02 2.3381928264546867e-01 3.2492588372641634e+01 18
1 0 1 1 3.0120813020079146e-02 2.1491714034381475e-02 1.0000133138497185e+00 6.7849943238778826e-02 2.3482898036464636e-01 3.2542588367120239e+01 17
1 0 1 1 3.0093469984558280e-02 2.1474175146718479e-02 1.0000136671645228e+00 6.7809148320196189e-02 2.3583892668547901e-01 3.2592588361632146e+01 17
1 0 1 1 3.0066141550492087e-02 2.1456661854233835e-02 1.0000140277041509e+00 6.7768525148732467e-02 2.3684911310669707e-01 3.2642588356176283e+01 17
1 0 1 1 3.0038828501207881e-02 2.1439174478780552e-02 1.0000143955575524e+00 6.7728073667414290e-02 2.3785953118669773e-01 3.2692588350750732e+01 17
1 0 1 1 3.0011531611818597e-02 2.1421713338202902e-02 1.0000147708133154e+00 6.7687793814929564e-02 2.3887017254312332e-01 3.2742588345348814e+01 17
1 0 1 1 2.9984251649275689e-02 2.1404278746375426e-02 1.0000151535596236e+00 6.7647685525655699e-02 2.3988102885328724e-01 3.2792588339994232e+01 17
1 0 1 1 2.9956989372452076e-02 2.1386871013247880e-02 1.0000155438842113e+00 6.7607748729759221e-02 2.4089209185195415e-01 3.2842588334649456e+01 17
1 0 1 1 2.9929745525894318e-02 2.1369490385870375e-02 1.0000159418769243e+00 6.7567983353142624e-02 2.4190335357140075e-01 3.2892588340842210e+01 17
1 0 1 1 2.9902520215039044e-02 2.1352131001048911e-02 1.0000163479046564e+00 6.7528389344985118e-02 2.4291483013096121e-01 3.2942589530556830e+01 17
1 0 1 1 2.9875316794607948e-02 2.1334800643203197e-02 1.0000167617558560e+00 6.7488969459628956e-02 2.4392641543903582e-01 3.2992587086170680e+01 17
1 0 1 1 2.9848132016574661e-02 2.1317497075197516e-02 1.0000171835769591e+00 6.7449717850544100e-02 2.4493824927826366e-01 3.3042588313408729e+01 17
1 0 1 1 2.9820969267814246e-02 2.1300222287582285e-02 1.0000176134124550e+00 6.7410638289328972e-02 2.4595022444761339e-01 3.3092588308239321e+01 17
1 0 1 1 2.9793828589368593e-02 2.1282976141152602e-02 1.0000180513571992e+00 6.7371729711749928e-02 2.4696235796644803e-01 3.3142588303089148e+01 17
1 0 1 1 2.9766710684856760e-02 2.1265758919827904e-02 1.0000184974949764e+00 6.7332992019186910e-02 2.4797464197348243e-01 3.3192588297978510e+01 17
1 0 1 1 2.9739616250248409e-02 2.1248570903853608e-02 1.0000189519087468e+00 6.7294425109132971e-02 2.4898706866288642e-01 3.3242588292896400e+01 17
1 0 1 1 2.9712545973894368e-02 2.1231412369819545e-02 1.0000194146805970e+00 6.7256028875200380e-02 2.4999963028495498e-01 3.3292588287849775e+01 17
1 0 1 1 2.9685500536595615e-02 2.1214283590700937e-02 1.0000198858916862e+00 6.7217803207184235e-02 2.5101231914510358e-01 3.3342588282830576e+01 17
1 0 1 1 2.9658480611641669e-02 2.1197184835878621e-02 1.0000203656221942e+00 6.7179747991082672e-02 2.5202512760418555e-01 3.3392588277848581e+01 17
1 0 1 1 2.9631486864884874e-02 2.1180116371186646e-02 1.0000208539512676e+00 6.7141863109163147e-02 2.5303804807744623e-01 3.3442588272895385e+01 16
1 0 1 1 2.9604519954776375e-02 2.1163078458929330e-02 1.0000213509569640e+00 6.7104148439980638e-02 2.5405107303485708e-01 3.3492588267978547e+01 16
1 0 1 1 2.9577580532436216e-02 2.1146071357925161e-02 1.0000218567161985e+00 6.7066603858439489e-02 2.5506419500018385e-01 3.3542588263091680e+01 16
1 0 1 1 2.9550669241692688e-02 2.1129095323526050e-02 1.0000223713046865e+00 6.7029229235817001e-02 2.5607740655104427e-01 3.3592588258234926e+01 16
1 0 1 1 2.9523786719142363e-02 2.1112150607655089e-02 1.0000228947968868e+00 6.6992024439807313e-02 2.5709070031880765e-01 3.3642588253425942e+01 16
1 0 1 1 2.9496933594227778e-02 2.1095237458850873e-02 1.0000234272659438e+00 6.6954989334599285e-02 2.5810406898676835e-01 3.3692588248627125e+01 16
1 0 1 1 2.9470110489228915e-02 2.1078356122257572e-02 1.0000239687836308e+00 6.6918123780831062e-02 2.5911750529262345e-01 3.3742588243885500e+01 16
1 0 1 1 2.9443318019402823e-02 2.1061506839712953e-02 1.0000245194202873e+00 6.6881427635745699e-02 2.6013100202458667e-01 3.3792588239156572e+01 16
1 0 1 1 2.9416556792951989e-02 2.1044689849722346e-02 1.0000250792447634e+00 6.6844900753115860e-02 2.6114455202463410e-01 3.3842588234482655e+01 16
1 0 1 1 2.9389827411157532e-02 2.1027905387539413e-02 1.0000256483243546e+00 6.6808542983394725e-02 2.6215814818464311e-01 3.3892588229819161e+01 16
1 0 1 1 2.9363130468351921e-02 2.1011153685146330e-02 1.0000262267247444e+00 6.6772354173642801e-02 2.6317178344966102e-01 3.3942588225212866e+01 16
1 0 1 1 2.9336466552057110e-02 2.0994434971336150e-02 1.0000268145099391e+00 6.6736334167685318e-02 2.6418545081398292e-01 3.3992588220625763e+01 16
1 0 1 1 2.9309836242965310e-02 2.0977749471697376e-02 1.0000274117422068e+00 6.6700482806052175e-02 2.6519914332373895e-01 3.4042588216079764e+01 16
1 0 1 1 2.9283240115038099e-02 2.0961097408671619e-02 1.0000280184820123e+00 6.6664799926081902e-02 2.6621285407461437e-01 3.4092588211561839e+01 16
1 0 1 1 2.9256678735533819e-02 2.0944479001569111e-02 1.0000286347879541e+00 6.6629285361922197e-02 2.6722657621284457e-01 3.4142588207089510e+01 16
1 0 1 1 2.9230152665087474e-02 2.0927894466611311e-02 1.0000292607166983e+00 6.6593938944611575e-02 2.6824030293353790e-01 3.4192588202646910e+01 16
1 0 1 1 2.9203662457738352e-02 2.0911344016946640e-02 1.0000298963229131e+00 6.6558760502079817e-02 2.6925402748129040e-01 3.4242588198231175e+01 16
1 0 1 1 2.9177208660981332e-02 2.0894827862677490e-02 1.0000305416592037e+00 6.6523749859188935e-02 2.7026774315003266e-01 3.4292588193863239e+01 16
1 0 1 1 2.9150791815852596e-02 2.0878346210911301e-02 1.0000311967760429e+00 6.6488906837812528e-02 2.7128144328156256e-01 3.4342588189531924e+01 15
1 0 1 1 2.9124412456957637e-02 2.0861899265771273e-02 1.0000318617217054e+00 6.6454231256844964e-02 2.7229512126571570e-01 3.4392588185220710e+01 15
1 0 1 1 2.9098071112504866e-02 2.0845487228415487e-02 1.0000325365421991e+00 6.6419722932214709e-02 2.7330877054120023e-01 3.4442588180965878e+01 15
1 0 1 1 2.9071768304415053e-02 2.0829110297098569e-02 1.0000332212811949e+00 6.6385381676998922e-02 2.7432238459258607e-01 3.4492588176725988e+01 15
1 0 1 1 2.9045504548300884e-02 2.0812768667156523e-02 1.0000339159799594e+00 6.6351207301365345e-02 2.7533595695317620e-01 3.4542588172540583e+01 15
1 0 1 1 2.9019280353590443e-02 2.0796462531077985e-02 1.0000346206772828e+00 6.6317199612706323e-02 2.7634948120168384e-01 3.4592588168384324e+01 15
1 0 1 1 2.8993096223530752e-02 2.0780192078503963e-02 1.0000353354094100e+00 6.6283358415610338e-02 2.7736295096382246e-01 3.4642588164262065e+01 15
1 0 1 1 2.8966952655251836e-02 2.0763957496259415e-02 1.0000360602099680e+00 6.6249683511922508e-02 2.7837635991133031e-01 3.4692588160179959e+01 15
1 0 1 1 2.8940850139828826e-02 2.0747758968391539e-02 1.0000367951098961e+00 6.6216174700789943e-02 2.7938970176148353e-01 3.4742588156137437e+01 15
1 0 1 1 2.8914786354031986e-02 2.0731596676189065e-02 1.0000375401373713e+00 6.6182831778696660e-02 2.8040297027663336e-01 3.4792588152123407e+01 15
1 0 1 1 2.8888756356425765e-02 2.0715470798205082e-02 1.0000382953177389e+00 6.6149654539481240e-02 2.8141615926468788e-01 3.4842588148156487e+01 15
1 0 1 1 2.8862768893861822e-02 2.0699381510301287e-02 1.0000390606734371e+00 6.6116642774413426e-02 2.8242926257740464e-01 3.4892588144218799e+01 15
1 0 1 1 2.8836824434223505e-02 2.0683328985651023e-02 1.0000398362239251e+00 6.6083796272189854e-02 2.8344227411151018e-01 3.4942588140329740e+01 15
1 0 1 1 2.8810923439593936e-02 2.0667313394793309e-02 1.0000406219856088e+00 6.6051114819016293e-02 2.8445518780670087e-01 3.4992588136463581e+01 15
1 0 1 1 2.8785066366259372e-02 2.0651334905627490e-02 1.0000414179717683e+00 6.6018598198588352e-02 2.8546799764717051e-01 3.5042588132643615e+01 15
1 0 1 1 2.8759253664802056e-02 2.0635393683466639e-02 1.0000422241924813e+00 6.5986246192181380e-02 2.8648069765977668e-01 3.5092588128869046e+01 15
1 0 1 1 2.8733485780142627e-02 2.0619489891059408e-02 1.0000430406545506e+00 6.5954058578675645e-02 2.8749328191376466e-01 3.5142588125118635e+01 15
1 0 1 1 2.8707763151560484e-02 2.0603623688596844e-02 1.0000438673614300e+00 6.5922035134557300e-02 2.8850574452168265e-01 3.5192588121413841e+01 15
1 0 1 1 2.8682086212780265e-02 2.0587795233760888e-02 1.0000447043131473e+00 6.5890175634000875e-02 2.8951807963767878e-01 3.5242588117752575e+01 15
1 0 1 1 2.8656455392012035e-02 2.0572004681744076e-02 1.0000455515062314e+00 6.5858479848892149e-02 2.9053028145722148e-01 3.5292588114112498e+01 14
1 0 1 1 2.8630871111968416e-02 2.0556252185255721e-02 1.0000464089336378e+00 6.5826947548826231e-02 2.9154234421845004e-01 3.5342588110535729e+01 14
1 0 1 1 2.8605333789982257e-02 2.0540537894587808e-02 1.0000472765846715e+00 6.5795578501226665e-02 2.9255426219868086e-01 3.5392588106973790e+01 14
1 0 1 1 2.8579843837971335e-02 2.0524861957590495e-02 1.0000481544449151e+00 6.5764372471278115e-02 2.9356602971787626e-01 3.5442588103476133e+01 14
1 0 1 1 2.8554401662575266e-02 2.0509224519748230e-02 1.0000490424961515e+00 6.5733329222070314e-02 2.9457764113424434e-01 3.5492588099990996e+01 14
1 0 1 1 2.8529007665113539e-02 2.0493625724152364e-02 1.0000499407162915e+00 6.5702448514521339e-02 2.9558909084791191e-01 3.5542588096563250e+01 14
1 0 1 1 2.8503662241713464e-02 2.0478065711570813e-02 1.0000508490792988e+00 6.5671730107512205e-02 2.9660037329722855e-01 3.5592588093170441e+01 14
1 0 1 1 2.8478365783312837e-02 2.0462544620448681e-02 1.0000517675551157e+00 6.5641173757863214e-02 2.9761148296026757e-01 3.5642588089812747e+01 14
1 0 1 1 2.8453118675713308e-02 2.0447062586931911e-02 1.0000526961095899e+00 6.5610779220380361e-02 2.9862241435423120e-01 3.5692588086502703e+01 14
1 0 1 1 2.8427921299648114e-02 2.0431619744906145e-02 1.0000536347044016e+00 6.5580546247909904e-02 2.9963316203428869e-01 3.5742588083223552e+01 14
1 0 1 1 2.8402774030800482e-02 2.0416216226002436e-02 1.0000545832969905e+00 6.5550474591339586e-02 3.0064372059443173e-01 3.5792588079989187e+01 14
1 0 1 1 2.8377677239875217e-02 2.0400852159634712e-02 1.0000555418404842e+00 6.5520563999662662e-02 3.0165408466603960e-01 3.5842588076790548e+01 14
1 0 1 1 2.8352631292628994e-02 2.0385527673016015e-02 1.0000565102836265e+00 6.5490814219990034e-02 3.0266424891834542e-01 3.5892588073634698e+01 14
1 0 1 1 2.8327636549926455e-02 2.0370242891183169e-02 1.0000574885707068e+00 6.5461224997599599e-02 3.0367420805753148e-01 3.5942588070518752e+01 14
1 0 1 1 2.8302693367785858e-02 2.0354997937025148e-02 1.0000584766414899e+00 6.5431796075962112e-02 3.0468395682662280e-01 3.5992588067438923e+01 14
1 0 1 1 2.8277802097414127e-02 2.0339792931293451e-02 1.0000594744311488e+00 6.5402527196769200e-02 3.0569349000529722e-01 3.6042588064400526e+01 14
1 0 1 1 2.8252963085265596e-02 2.0324627992637855e-02 1.0000604818701948e+00 6.5373418099975600e-02 3.0670280240931486e-01 3.6092588061404079e+01 14
1 0 1 1 2.8228176673083492e-02 2.0309503237623559e-02 1.0000614988844116e+00 6.5344468523830357e-02 3.0771188889013074e-01 3.6142588058443906e+01 14
1 0 1 1 2.8203443197939323e-02 2.0294418780750612e-02 1.0000625253947895e+00 6.5315678204900224e-02 3.0872074433468238e-01 3.6192588055513390e+01 14
1 0 1 1 2.8178762992266487e-02 2.0279374734471042e-02 1.0000635613174624e+00 6.5287046878091642e-02 3.0972936366597981e-01 3.6242588052650397e+01 13
1 0 1 1 2.8154136383962285e-02 2.0264371209243730e-02 1.0000646065636418e+00 6.5258574276745612e-02 3.1073774183983893e-01 3.6292588049791526e+01 13
1 0 1 1 2.8129563696328835e-02 2.0249408313493117e-02 1.0000656610395597e+00 6.5230260132554369e-02 3.1174587384901192e-01 3.6342588046993470e+01 13
1 0 1 1 2.8105045248219093e-02 2.0234486153695868e-02 1.0000667246464043e+00 6.5202104175705544e-02 3.1275375471889361e-01 3.6392588044234294e+01 13
1 0 1 1 2.8080580446944985e-02 2.0219598057912628e-02 1.0000677987719004e+00 6.5174106134855303e-02 3.1376141544489250e-01 3.6442589680610965e+01 13
1 0 1 1 2.8056172826984836e-02 2.0204751660123865e-02 1.0000688819241939e+00 6.5146268487978443e-02 3.1476871933538203e-01 3.6492586538974557e+01 13
1 0 1 1 2.8031818198396962e-02 2.0189945016869340e-02 1.0000699740311747e+00 6.5118585717412358e-02 3.1577584718638951e-01 3.6542587850427239e+01 13
1 0 1 1 2.8007519586526669e-02 2.0175179883913982e-02 1.0000710748529724e+00 6.5091060653116706e-02 3.1678268171084090e-01 3.6592588033537659e+01 13
1 0 1 1 2.7983276828044579e-02 2.0160456078255087e-02 1.0000721842858225e+00 6.5063692492717096e-02 3.1778923709482332e-01 3.6642588030966174e+01 13
1 0 1 1 2.7959090125311257e-02 2.0145773640102040e-02 1.0000733022042501e+00 6.5036480855063805e-02 3.1879551230457859e-01 3.6692588028438927e+01 13
1 0 1 1 2.7934959766856577e-02 2.0131132662752182e-02 1.0000744284732856e+00 6.5009425460201109e-02 3.1980150259753526e-01 3.6742588025931823e+01 13
1 0 1 1 2.7910886037026829e-02 2.0116533237668415e-02 1.0000755629524960e+00 6.4982526026826026e-02 3.2080720326391904e-01 3.6792588023471176e+01 13
1 0 1 1 2.7886869216068144e-02 2.0101975454527469e-02 1.0000767054959410e+00 6.4955782272362483e-02 3.2181260962490027e-01 3.6842588021054468e+01 13
1 0 1 1 2.7862909580151612e-02 2.0087459401225777e-02 1.0000778559521353e+00 6.4929193912974997e-02 3.2281771703237955e-01 3.6892588018655395e+01 13
1 0 1 1 2.7839007401384550e-02 2.0072985163886878e-02 1.0000790141640159e+00 6.4902760663558545e-02 3.2382252087035857e-01 3.6942588016302636e+01 13
1 0 1 1 2.7815162947891114e-02 2.0058552826901787e-02 1.0000801799689070e+00 6.4876482237814864e-02 3.2482701655262425e-01 3.6992588013979663e+01 13
1 0 1 1 2.7791376483819623e-02 2.0044162472930300e-02 1.0000813531984922e+00 6.4850358348242210e-02 3.2583119952385464e-01 3.7042588011691791e+01 13
1 0 1 1 2.7767648269394561e-02 2.0029814182926743e-02 1.0000825336787895e+00 6.4824388706175129e-02 3.2683506525867800e-01 3.7092588009431942e+01 13
1 0 1 1 2.7743978560942340e-02 2.0015508036152659e-02 1.0000837212301286e+00 6.4798573021795619e-02 3.2783860926202901e-01 3.7142588007209945e+01 13
1 0 1 1 2.7720367610941467e-02 2.0001244110201304e-02 1.0000849156671323e+00 6.4772911004173178e-02 3.2884182706829490e-01 3.7192588005022394e+01 13
1 0 1 1 2.7696815668055735e-02 1.9987022481013271e-02 1.0000861167987025e+00 6.4747402361280348e-02 3.2984471424094580e-01 3.7242588002845039e+01 12
1 0 1 1 2.7673322977135487e-02 1.9972843222874202e-02 1.0000873244280104e+00 6.4722046799981392e-02 3.3084726637426376e-01 3.7292588000729957e+01 12
1 0 1 1 2.7649889779330382e-02 1.9958706408476523e-02 1.0000885383524871e+00 6.4696844026135819e-02 3.3184947908928736e-01 3.7342587998614469e+01 12
1 0 1 1 2.7626516312025923e-02 1.9944612108876793e-02 1.0000897583638251e+00 6.4671793744514205e-02 3.3285134803791122e-01 3.7392587996535916e+01 12
1 0 1 1 2.7603202808949259e-02 1.9930560393558328e-02 1.0000909842479775e+00 6.4646895658892645e-02 3.3385286889979821e-01 3.7442587994485784e+01 12
1 0 1 1 2.7579949500172896e-02 1.9916551330424585e-02 1.0000922157851666e+00 6.4622149472045420e-02 3.3485403738315178e-01 3.7492587992460194e+01 12
1 0 1 1 2.7556756612150336e-02 1.9902584985820555e-02 1.0000934527498935e+00 6.4597554885763658e-02 3.3585484922479225e-01 3.7542587990470572e+01 12
1 0 1 1 2.7533624367767229e-02 1.9888661424556364e-02 1.0000946949109550e+00 6.4573111600892075e-02 3.3685530018859450e-01 3.7592587988475195e+01 12
1 0 1 1 2.7510552986312869e-02 1.9874780709888091e-02 1.0000959420314668e+00 6.4548819317285455e-02 3.3785538606836063e-01 3.7642587986530394e+01 12
1 0 1 1 2.7487542683598827e-02 1.9860942903583624e-02 1.0000971938688852e+00 6.4524677733914626e-02 3.3885510268360947e-01 3.7692587984587817e+01 12
1 0 1 1 2.7464593671907154e-02 1.9847148065889220e-02 1.0000984501750432e+00 6.4500686548798647e-02 3.3985444588313429e-01 3.7742587982679268e+01 12
1 0 1 1 2.7441706160080768e-02 1.9833396255578475e-02 1.0000997106961835e+00 6.4476845459081056e-02 3.4085341154211501e-01 3.7792587980779061e+01 12
1 0 1 1 2.7418880353509829e-02 1.9819687529940195e-02 1.0001009751730039e+00 6.4453154160999171e-02 3.4185199556371965e-01 3.7842587978890343e+01 12
1 0 1 1 2.7396112294714087e-02 1.9806021944798333e-02 1.0001022433407034e+00 6.4429612349910792e-02 3.4285019387879118e-01 3.7892587977035255e+01 12
1 0 1 1 2.7373399087492443e-02 1.9792399554544753e-02 1.0001035149290356e+00 6.4406219720334862e-02 3.4384800244410413e-01 3.7942587975171691e+01 12
1 0 1 1 2.7350748254854895e-02 1.9778820412113447e-02 1.0001047896623705e+00 6.4382975965902922e-02 3.4484541724524370e-01 3.7992587973343063e+01 12
1 0 1 1 2.7328159988663444e-02 1.9765284569037062e-02 1.0001060672597564e+00 6.4359880779441159e-02 3.4584243429275624e-01 3.8042587971488935e+01 12
1 0 1 1 2.7305634477413337e-02 1.9751792075401203e-02 1.0001073474349966e+00 6.4336933852887468e-02 3.4683904962690693e-01 3.8092587969687585e+01 12
1 0 1 1 2.7283171906380986e-02 1.9738342979930087e-02 1.0001086298967199e+00 6.4314134877421492e-02 3.4783525931184361e-01 3.8142587967865509e+01 12
1 0 1 1 2.7260772457536518e-02 1.9724937329930525e-02 1.0001099143484722e+00 6.4291483543356620e-02 3.4883105944045445e-01 3.8192587966043149e+01 12
1 0 1 1 2.7238436309612295e-02 1.9711575171327329e-02 1.0001112004888024e+00 6.4268979540198001e-02 3.4982644613245628e-01 3.8242587964242432e+01 12
1 0 1 1 2.7216163638148591e-02 1.9698256548691100e-02 1.0001124880113592e+00 6.4246622556667965e-02 3.5082141553343016e-01 3.8292587962437445e+01 12
1 0 1 1 2.7193954615482987e-02 1.9684981505225706e-02 1.0001137766049961e+00 6.4224412280676157e-02 3.5181596381595404e-01 3.8342587960612811e+01 12
1 0 1 1 2.7171809410756666e-02 1.9671750082769213e-02 1.0001150659538816e+00 6.4202348399314213e-02 3.5281008718064699e-01 3.8392587958816847e+01 12
1 0 1 1 2.7149728190007050e-02 1.9658562321847504e-02 1.0001163557376118e+00 6.4180430598923366e-02 3.5380378185264150e-01 3.8442587956981939e+01 12
1 0 1 1 2.7127711116086105e-02 1.9645418261619599e-02 1.0001176456313392e+00 6.4158658565001525e-02 3.5479704408630774e-01 3.8492587955163039e+01 12
1 0 1 1 2.7105758348772890e-02 1.9632317939945826e-02 1.0001189353058975e+00 6.4137031982293757e-02 3.5578987016117997e-01 3.8542587953328713e+01 12
1 0 1 1 2.7083870044738619e-02 1.9619261393360302e-02 1.0001202244279397e+00 6.4115550534739385e-02 3.5678225638423933e-01 3.8592587951475124e+01 12
1 0 1 1 2.7062046357571517e-02 1.9606248657084494e-02 1.0001215126600835e+00 6.4094213905479536e-02 3.5777419908975089e-01 3.8642587949614324e+01 12
1 0 1 1 2.7040287437810815e-02 1.9593279765044411e-02 1.0001227996610571e+00 6.4073021776871436e-02 3.5876569463858948e-01 3.8692587947736733e+01 12
1 0 1 1 2.7018593432952469e-02 1.9580354749871891e-02 1.0001240850858590e+00 6.4051973830473452e-02 3.5975673941870961e-01 3.8742587945830017e+01 12
1 0 1 1 2.6996964487451359e-02 1.9567473642901373e-02 1.0001253685859197e+00 6.4031069747032016e-02 3.6074732984599922e-01 3.8792587943918562e+01 12
1 0 1 1 2.6975400742775473e-02 1.9554636474201924e-02 1.0001266498092714e+00 6.4010309206511046e-02 3.6173746236251286e-01 3.8842587941967359e+01 12
1 0 1 1 2.6953902337369513e-02 1.9541843272550628e-02 1.0001279284007254e+00 6.3989691888041461e-02 3.6272713343899898e-01 3.8892587940005100e+01 12
1 0 1 1 2.6932469406719856e-02 1.9529094065470192e-02 1.0001292040020531e+00 6.3969217469960926e-02 3.6371633957259664e-01 3.8942587938000152e+01 12
1 0 1 1 2.6911102083324097e-02 1.9516388879208185e-02 1.0001304762521777e+00 6.3948885629764279e-02 3.6470507728899498e-01 3.8992587935962405e+01 12
1 0 1 1 2.6889800496723106e-02 1.9503727738753369e-02 1.0001317447873683e+00 6.3928696044117411e-02 3.6569334314179353e-01 3.9042587933903810e+01 12
1 0 1 1 2.6868564773525599e-02 1.9491110667847446e-02 1.0001330092414409e+00 6.3908648388860290e-02 3.6668113371201683e-01 3.9092587931805767e+01 12
1 0 1 1 2.6847395037403538e-02 1.9478537688980752e-02 1.0001342692459674e+00 6.3888742338977289e-02 3.6766844560893092e-01 3.9142587929650368e+01 12
1 0 1 1 2.6826291409082409e-02 1.9466008823384926e-02 1.0001355244304908e+00 6.3868977568573931e-02 3.6865527547145382e-01 3.9192587927483125e+01 12
1 0 1 1 2.6805254006415907e-02 1.9453524091072250e-02 1.0001367744227403e+00 6.3849353750921822e-02 3.6964161996504841e-01 3.9242587925246255e+01 12
1 0 1 1 2.6784282624713968e-02 1.9441081381494321e-02 1.0001380199633660e+00 6.3829870558374080e-02 3.7062748885148400e-01 3.9292588476060182e+01 12
1 0 1 1 2.6763377587163874e-02 1.9428677875447078e-02 1.0001392623967240e+00 6.3810528308174269e-02 3.7161286583105796e-01 3.9342588746333057e+01 12
1 0 1 1 2.6742540168406135e-02 1.9416319226596871e-02 1.0001404985161615e+00 6.3791326985298269e-02 3.7259769749885485e-01 3.9392586465535935e+01 12
1 0 1 1 2.6721767858581689e-02 1.9404003898426798e-02 1.0001417280986042e+00 6.3772263851528455e-02 3.7358210437972467e-01 3.9442587916753894e+01 12
1 0 1 1 2.6701062920066954e-02 1.9391733184965437e-02 1.0001429506371944e+00 6.3753340562341942e-02 3.7456598115649337e-01 3.9492587914283739e+01 12
1 0 1 1 2.6680424848648351e-02 1.9379506740085022e-02 1.0001441657884531e+00 6.3734556229444739e-02 3.7554935329528860e-01 3.9542587911744910e+01 12
1 0 1 1 2.6659853742103518e-02 1.9367324575099820e-02 1.0001453731728687e+00 6.3715910519796803e-02 3.7653221766774897e-01 3.9592587909181617e+01 12
1 0 1 1 2.6639349695412904e-02 1.9355186700130204e-02 1.0001465724109970e+00 6.3697403099420541e-02 3.7751457117328424e-01 3.9642587906505923e+01 12
1 0 1 1 2.6618912800650502e-02 1.9343093124038611e-02 1.0001477631237290e+00 6.3679033633284754e-02 3.7849641074550616e-01 3.9692587903810299e+01 12
1 0 1 1 2.6598543147127670e-02 1.9331043854511242e-02 1.0001489449325502e+00 6.3660801785406340e-02 3.7947773334535900e-01 3.9742587901004114e+01 12
1 0 1 1 2.6578240821263848e-02 1.9319038897981918e-02 1.0001501174598169e+00 6.3642707218716954e-02 3.8045853596840318e-01 3.9792587898169643e+01 12
1 0 1 1 2.6558005906721638e-02 1.9307078259707511e-02 1.0001512803290205e+00 6.3624749595154351e-02 3.8143881563821574e-01 3.9842587895211700e+01 12
1 0 1 1 2.6537838484274087e-02 1.9295161943689583e-02 1.0001524331650697e+00 6.3606928575527411e-02 3.8241856941380831e-01 3.9892587892220654e+01 12
1 0 1 1 2.6517738631939795e-02 1.9283289952753118e-02 1.0001535755945605e+00 6.3589243819612340e-02 3.8339779438363875e-01 3.9942587889151532e+01 12
1 0 1 1 2.6497706424920144e-02 1.9271462288504564e-02 1.0001547072460575e+00 6.3571694986068794e-02 3.8437648766855287e-01 3.9992587885959729e+01 12
1 0 1 1 2.6477741935561353e-02 1.9259678951312326e-02 1.0001558277503768e+00 6.3554281732390749e-02 3.8535464642498102e-01 4.0042587882747306e+01 13
1 0 1 1 2.6457845233491366e-02 1.9247939940381639e-02 1.0001569367408596e+00 6.3537003714995544e-02 3.8633226783795516e-01 4.0092587879391992e+01 13
1 0 1 1 2.6438016385454784e-02 1.9236245253658316e-02 1.0001580338536631e+00 6.3519860589062727e-02 3.8730934913021337e-01 4.0142587875996156e+01 13
1 0 1 1 2.6418255455463040e-02 1.9224594887914604e-02 1.0001591187280332e+00 6.3502852008643224e-02 3.8828588755532611e-01 4.0192587872520519e+01 13
1 0 1 1 2.6398562504741461e-02 1.9212988838715524e-02 1.0001601910065920e+00 6.3485977626579176e-02 3.8926188040018911e-01 4.0242587868894773e+01 13
1 0 1 1 2.6378937591651656e-02 1.9201427100373845e-02 1.0001612503356205e+00 6.3469237094429476e-02 3.9023732499022279e-01 4.0292587865269198e+01 13
1 0 1 1 2.6359380771891136e-02 1.9189909666062824e-02 1.0001622963653309e+00 6.3452630062605098e-02 3.9121221867915901e-01 4.0342587861475700e+01 13
1 0 1 1 2.6339892098266302e-02 1.9178436527683161e-02 1.0001633287501557e+00 6.3436156180160075e-02 3.9218655886129483e-01 4.0392587857640287e+01 13
1 0 1 1 2.6320471620884123e-02 1.9167007675974092e-02 1.0001643471490165e+00 6.3419815094928778e-02 3.9316034296235047e-01 4.0442587853698591e+01 13
1 0 1 1 2.6301119387050178e-02 1.9155623100449687e-02 1.0001653512256039e+00 6.3403606453417222e-02 3.9413356844479858e-01 4.0492587849655301e+01 13
1 0 1 1 2.6281835441296503e-02 1.9144282789415611e-02 1.0001663406486483e+00 6.3387529900805761e-02 3.9510623280726742e-01 4.0542587845537767e+01 13
1 0 1 1 2.6262619825413627e-02 1.9132986729984706e-02 1.0001673150921881e+00 6.3371585080952447e-02 3.9607833358324973e-01 4.0592587841315620e+01 13
1 0 1 1 2.6243471991077124e-02 1.9121734908056173e-02 1.0001682742358373e+00 6.3355771636342706e-02 3.9704986834360612e-01 4.0642587837014261e+01 13
1 0 1 1 2.6224382322157062e-02 1.9110527308336536e-02 1.0001692177650452e+00 6.3340089208101941e-02 3.9802083469434102e-01 4.0692587832588181e+01 13
1 0 1 1 2.6205361169940922e-02 1.9099363914308810e-02 1.0001701453713570e+00 6.3324537435931416e-02 3.9899123028047301e-01 4.0742587828104782e+01 13
1 0 1 1 2.6186408564860042e-02 1.9088244708279044e-02 1.0001710567526625e+00 6.3309115958159218e-02 3.9996105278194133e-01 4.0792587823521998e+01 13
1 0 1 1 2.6167524534594328e-02 1.9077169671346619e-02 1.0001719516134466e+00 6.3293824411674277e-02 4.0093029991632678e-01 4.0842587818814629e+01 13
1 0 1 1 2.6148709104053224e-02 1.9066138783392774e-02 1.0001728296650323e+00 6.3278662431898558e-02 4.0189896944092673e-01 4.0892587814069316e+01 13
1 0 1 1 2.6129962295482263e-02 1.9055152023138570e-02 1.0001736906258116e+00 6.3263629652848874e-02 4.0286705914725884e-01 4.0942587809190215e+01 13
1 0 1 1 2.6111284128349774e-02 1.9044209368077766e-02 1.0001745342214818e+00 6.3248725707024889e-02 4.0383456686766900e-01 4.0992587804227853e+01 13
1 0 1 1 2.6092674619421403e-02 1.9033310794517734e-02 1.0001753601852643e+00 6.3233950225457081e-02 4.0480149047223862e-01 4.1042587799210352e+01 13
1 0 1 1 2.6074133782795050e-02 1.9022456277599010e-02 1.0001761682581209e+00 6.3219302837704938e-02 4.0576782786721299e-01 4.1092587794049891e+01 13
1 0 1 1 2.6055661629795852e-02 1.9011645791230922e-02 1.0001769581889659e+00 6.3204783171768364e-02 4.0673357700153961e-01 4.1142587788873797e+01 13
1 0 1 1 2.6037258169151159e-02 1.9000879308189222e-02 1.0001777297348604e+00 6.3190390854197309e-02 4.0769873585762251e-01 4.1192587783537668e+01 13
1 0 1 1 2.6018923406808506e-02 1.8990156800012734e-02 1.0001784826612137e+00 6.3176125509938119e-02 4.0866330246232574e-01 4.1242587778184486e+01 13
1 0 1 1 2.6000657346130236e-02 1.8979478237108469e-02 1.0001792167419583e+00 6.3161986762467009e-02 4.0962727487663414e-01 4.1292587772705780e+01 13
1 0 1 1 2.5982459987749954e-02 1.8968843588670466e-02 1.0001799317597337e+00 6.3147974233665305e-02 4.1059065120449090e-01 4.1342587767190373e+01 13
1 0 1 1 2.5964331329705027e-02 1.8958252822751695e-02 1.0001806275060474e+00 6.3134087543904621e-02 4.1155342958609420e-01 4.1392587761572834e+01 13
1 0 1 1 2.5946271367358099e-02 1.8947705906216104e-02 1.0001813037814358e+00 6.3120326311970953e-02 4.1251560820279143e-01 4.1442587755882229e+01 13
1 0 1 1 2.5928280093448795e-02 1.8937202804767329e-02 1.0001819603956104e+00 6.3106690155093792e-02 4.1347718527520055e-01 4.1492587750140672e+01 13
1 0 1 1 2.5910357498117171e-02 1.8926743482958811e-02 1.0001825971675968e+00 6.3093178688950674e-02 4.1443815906264014e-01 4.1542587744331186e+01 13
1 0 1 1 2.5892503568898790e-02 1.8916327904188322e-02 1.0001832139258628e+00 6.3079791527648060e-02 4.1539852786403736e-01 4.1592587738442148e+01 13
1 0 1 1 2.5874718290725216e-02 1.8905956030695104e-02 1.0001838105084380e+00 6.3066528283713397e-02 4.1635829001880842e-01 4.1642587732512737e+01 13
1 0 1 1 2.5857001645978862e-02 1.8895627823590354e-02 1.0001843867630198e+00 6.3053388568123370e-02 4.1731744390459713e-01 4.1692587726513885e+01 13
1 0 1 1 2.5839353614464898e-02 1.8885343242836989e-02 1.0001849425470730e+00 6.3040371990274430e-02 4.1827598793974397e-01 4.1742587720478134e+01 13
1 0 1 1 2.5821774173464294e-02 1.8875102247275486e-02 1.0001854777279151e+00 6.3027478158013017e-02 4.1923392058097753e-01 4.1792587714382421e+01 13
1 0 1 1 2.5804263297719041e-02 1.8864904794617103e-02 1.0001859921827954e+00 6.3014706677614662e-02 4.2019124032542116e-01 4.1842587708251990e+01 13
1 0 1 1 2.5786820959475085e-02 1.8854750841462174e-02 1.0001864857989586e+00 6.3002057153809327e-02 4.2114794570896302e-01 4.1892587702081194e+01 13
1 0 1 1 2.5769447128485067e-02 1.8844640343298625e-02 1.0001869584737006e+00 6.2989529189776627e-02 4.2210403530692403e-01 4.1942587695872994e+01 13
1 0 1 1 2.5752141713100429e-02 1.8834572895972429e-02 1.0001874103933828e+00 6.2977122387154860e-02 4.2305951031920341e-01 4.1992587796587422e+01 13
1 0 1 1 2.5734903741930451e-02 1.8824542151229195e-02 1.0001878464444047e+00 6.2964836425537796e-02 4.2401440930836670e-01 4.2042589588807623e+01 13
1 0 1 1 2.5717736163808274e-02 1.8814555923419383e-02 1.0001882612559785e+00 6.2952672226791129e-02 4.2496857788588960e-01 4.2092585587417325e+01 13
1 0 1 1 2.5700634859996758e-02 1.8804611790904955e-02 1.0001886548617180e+00 6.2940626498847546e-02 4.2592224151196229e-01 4.2142587672983325e+01 13
1 0 1 1 2.5683602593758265e-02 1.8794711335383071e-02 1.0001890271401042e+00 6.2928700822365069e-02 4.2687524288633222e-01 4.2192587666668551e+01 13
1 0 1 1 2.5666638603656668e-02 1.8784854088812395e-02 1.0001893780636317e+00 6.2916894285376890e-02 4.2782762072264685e-01 4.2242587660355007e+01 13
1 0 1 1 2.5649742842794136e-02 1.8775039999033839e-02 1.0001897075980393e+00 6.2905206480898423e-02 4.2877937386208292e-01 4.2292587654026001e+01 13
1 0 1 1 2.5632915261933679e-02 1.8765269012839002e-02 1.0001900157191919e+00 6.2893637000480590e-02 4.2973050118472617e-01 4.2342587647714325e+01 13
1 0 1 1 2.5616155809554710e-02 1.8755541076000148e-02 1.0001903024130430e+00 6.2882185434247839e-02 4.3068100160759148e-01 4.2392587641410152e+01 13
1 0 1 1 2.5599464431861028e-02 1.8745856133269848e-02 1.0001905676755860e+00 6.2870851370902370e-02 4.3163087408510559e-01 4.2442587635100594e+01 13
1 0 1 1 2.5582841072784600e-02 1.8736214128379877e-02 1.0001908115127940e+00 6.2859634397734065e-02 4.3258011761026538e-01 4.2492587628845875e+01 13
1 0 1 1 2.5566285674064333e-02 1.8726615004084696e-02 1.0001910339405506e+00 6.2848534100677422e-02 4.3352873121134161e-01 4.2542587622620701e+01 13
1 0 1 1 2.5549798175246552e-02 1.8717058702155790e-02 1.0001912349845723e+00 6.2837550064307246e-02 4.3447671395261134e-01 4.2592587616369187e+01 13
1 0 1 1 2.5533378513642700e-02 1.8707545163354829e-02 1.0001914146803184e+00 6.2826681871828355e-02 4.3542406493855035e-01 4.2642587610244547e+01 13
1 0 1 1 2.5517026624512905e-02 1.8698074327536993e-02 1.0001915730728939e+00 6.2815929105196733e-02 4.3637078330431167e-01 4.2692587604123368e+01 13
1 0 1 1 2.5500742440954974e-02 1.8688646133580372e-02 1.0001917102169426e+00 6.2805291345046671e-02 4.3731686822295979e-01 4.2742587598007141e+01 13
1 0 1 1 2.5484525893933442e-02 1.8679260519401886e-02 1.0001918261765308e+00 6.2794768170733650e-02 4.3826231890583273e-01 4.2792587592062084e+01 13
1 0 1 1 2.5468376912475804e-02 1.8669917422064638e-02 1.0001919210250225e+00 6.2784359160453662e-02 4.3920713459167643e-01 4.2842587586064177e+01 13
1 0 1 1 2.5452295423445858e-02 1.8660616777644627e-02 1.0001919948449471e+00 6.2774063891115728e-02 4.4015131456161832e-01 4.2892587580212890e+01 13
1 0 1 1 2.5436281351806572e-02 1.8651358521376945e-02 1.0001920477278579e+00 6.2763881938515842e-02 4.4109485812478622e-01 4.2942587574392945e+01 13
1 0 1 1 2.5420334620486446e-02 1.8642142587578178e-02 1.0001920797741839e+00 6.2753812877266724e-02 4.4203776462795813e-01 4.2992587568706142e+01 13
1 0 1 1 2.5404455150533380e-02 1.8632968909726579e-02 1.0001920910930726e+00 6.2743856280902510e-02 4.4298003344725956e-01 4.3042587563057623e+01 13
1 0 1 1 2.5388642861032016e-02 1.8623837420414610e-02 1.0001920818022279e+00 6.2734011721839567e-02 4.4392166399481536e-01 4.3092587557529896e+01 13
1 0 1 1 2.5372897669220039e-02 1.8614748051410536e-02 1.0001920520277394e+00 6.2724278771464470e-02 4.4486265571320954e-01 4.3142587552115053e+01 13
1 0 1 1 2.5357219490493358e-02 1.8605700733657009e-02 1.0001920019039054e+00 6.2714657000147778e-02 4.4580300807631612e-01 4.3192587546784132e+01 13
1 0 1 1 2.5341608238417478e-02 1.8596695397273957e-02 1.0001919315730514e+00 6.2705145977262011e-02 4.4674272059009906e-01 4.3242587541554613e+01 13
1 0 1 1 2.5326063824757609e-02 1.8587731971573360e-02 1.0001918411853397e+00 6.2695745271224623e-02 4.4768179279254994e-01 4.3292587536514326e+01 13
1 0 1 1 2.5310586159597505e-02 1.8578810385121547e-02 1.0001917308985773e+00 6.2686454449573992e-02 4.4862022424740572e-01 4.3342587531513587e+01 13
1 0 1 1 2.5295165602355878e-02 1.8569930565664011e-02 1.0001916008780156e+00 6.2677273078914242e-02 4.4955801455372985e-01 4.3392587526701980e+01 13
1 0 1 1 2.5279811428254105e-02 1.8561092440224834e-02 1.0001914512961465e+00 6.2668200725044032e-02 4.5049516333631301e-01 4.3442587522046303e+01 13
1 0 1 1 2.5264523793811715e-02 1.8552295935096892e-02 1.0001912823324965e+00 6.2659236952954001e-02 4.5143167024748182e-01 4.3492587517452179e+01 13
1 0 1 1 2.5249302601888134e-02 1.8543540975801534e-02 1.0001910941734107e+00 6.2650381326819493e-02 4.5236753497258081e-01 4.3542587513087973e+01 13
1 0 1 1 2.5234147753837890e-02 1.8534827487198233e-02 1.0001908870118406e+00 6.2641633410127823e-02 4.5330275721957414e-01 4.3592587508856305e+01 13
1 0 1 1 2.5219059149428780e-02 1.8526155393431387e-02 1.0001906610471230e+00 6.2632992765644713e-02 4.5423733672521116e-01 4.3642587504753223e+01 13
1 0 1 1 2.5204036686871160e-02 1.8517524617945896e-02 1.0001904164847570e+00 6.2624458955461065e-02 4.5517127325532081e-01 4.3692587500913390e+01 13
1 0 1 1 2.5189080262986309e-02 1.8508935083577680e-02 1.0001901535361841e+00 6.2616031541092437e-02 4.5610456659510218e-01 4.3742587497119111e+01 13
1 0 1 1 2.5174189773003067e-02 1.8500386712435681e-02 1.0001898724185541e+00 6.2607710083396634e-02 4.5703721656390989e-01 4.3792587493621973e+01 13
1 0 1 1 2.5159365110857691e-02 1.8491879426066699e-02 1.0001895733545036e+00 6.2599494142752288e-02 4.5796922299743448e-01 4.3842587490219117e+01 13
1 0 1 1 2.5144606168989558e-02 1.8483413145338780e-02 1.0001892565719201e+00 6.2591383278970347e-02 4.5890058576252796e-01 4.3892587487075417e+01 13
1 0 1 1 2.5129912838554407e-02 1.8474987790556271e-02 1.0001889223037141e+00 6.2583377051430494e-02 4.5983130474492817e-01 4.3942587484097444e+01 13
1 0 1 1 2.5115285009343926e-02 1.8466603281411406e-02 1.0001885707875853e+00 6.2575475019055415e-02 4.6076137985575577e-01 4.3992587481311126e+01 13
1 0 1 1 2.5100722569845569e-02 1.8458259537016374e-02 1.0001882022657886e+00 6.2567676740369949e-02 4.6169081102973214e-01 4.4042587478795618e+01 13
1 0 1 1 2.5086225407353353e-02 1.8449956475960382e-02 1.0001878169849057e+00 6.2559981773568585e-02 4.6261959821870746e-01 4.4092587476365779e+01 13
1 0 1 1 2.5071793407798450e-02 1.8441694016211541e-02 1.0001874151956036e+00 6.2552389676462733e-02 4.6354774140488686e-01 4.4142587474314553e+01 13
1 0 1 1 2.5057426456073568e-02 1.8433472075298375e-02 1.0001869971524129e+00 6.2544900006660853e-02 4.6447524058086787e-01 4.4192587472366839e+01 13
1 0 1 1 2.5043124435780439e-02 1.8425290570160468e-02 1.0001865631134865e+00 6.2537512321458072e-02 4.6540209576737446e-01 4.4242587470665562e+01 13
1 0 1 1 2.5028887229406740e-02 1.8417149417249316e-02 1.0001861133403722e+00 6.2530226177960890e-02 4.6632830700396338e-01 4.4292587469300329e+01 13
1 0 1 1 2.5014714718428376e-02 1.8409048532579835e-02 1.0001856480977880e+00 6.2523041133142443e-02 4.6725387434268206e-01 4.4342587467994498e+01 13
1 0 1 1 2.5000606783071245e-02 1.8400987831594561e-02 1.0001851676533822e+00 6.2515956743759316e-02 4.6817879786615296e-01 4.4392587467110623e+01 13
1 0 1 1 2.4986563302701686e-02 1.8392967229380511e-02 1.0001846722775218e+00 6.2508972566557214e-02 4.6910307766262405e-01 4.4442587466332405e+01 13
1 0 1 1 2.4972584155511207e-02 1.8384986640487634e-02 1.0001841622430552e+00 6.2502088158144176e-02 4.7002671384859374e-01 4.4492587465916635e+01 13
1 0 1 1 2.4958669218821092e-02 1.8377045979099331e-02 1.0001836378250992e+00 6.2495303075157715e-02 4.7094970655001939e-01 4.4542587465704933e+01 13
1 0 1 1 2.4944818368942013e-02 1.8369145158947959e-02 1.0001830993008169e+00 6.2488616874212061e-02 4.7187205591261000e-01 4.4592587465709371e+01 13
1 0 1 1 2.4931031481212857e-02 1.8361284093336015e-02 1.0001825469491965e+00 6.2482029111951942e-02 4.7279376210133828e-01 4.4642587466115231e+01 13
1 0 1 1 2.4917308430196815e-02 1.8353462695243301e-02 1.0001819810508485e+00 6.2475539345151321e-02 4.7371482528800984e-01 4.4692587466633199e+01 13
1 0 1 1 2.4903648562379952e-02 1.8345678578485045e-02 1.0001814035230105e+00 6.2469147130625152e-02 4.7463527598315353e-01 4.4742588938825371e+01 13
1 0 1 1 2.4890052485868550e-02 1.8337930307257409e-02 1.0001808161192247e+00 6.2462852588214796e-02 4.7555506030340788e-01 4.4792588791429402e+01 13
1 0 1 1 2.4876520975726180e-02 1.8330222111559200e-02 1.0001802159959070e+00 6.2456655216257595e-02 4.7647412687646451e-01 4.4842584550377779e+01 13
1 0 1 1 2.4863050861774739e-02 1.8322552170448453e-02 1.0001796033011239e+00 6.2450553185545543e-02 4.7739268284387321e-01 4.4892587474372867e+01 13
1 0 1 1 2.4849644739805547e-02 1.8314921947115984e-02 1.0001789784419246e+00 6.2444547297019648e-02 4.7831054307052984e-01 4.4942587476349786e+01 13
1 0 1 1 2.4836301690401019e-02 1.8307330902767080e-02 1.0001783416683616e+00 6.2438636749262227e-02 4.7922776151790786e-01 4.4992587478646868e+01 13
1 0 1 1 2.4823021582535139e-02 1.8299778947716595e-02 1.0001776932662105e+00 6.2432821100588370e-02 4.8014433845550192e-01 4.5042587481155309e+01 13
1 0 1 1 2.4809804284409646e-02 1.8292265991940372e-02 1.0001770335213340e+00 6.2427099909608652e-02 4.8106027417011360e-01 4.5092587484064303e+01 13
1 0 1 1 2.4796649663642843e-02 1.8284791945177944e-02 1.0001763627195099e+00 6.2421472735325528e-02 4.8197556895370691e-01 4.5142587487223736e+01 13
1 0 1 1 2.4783557587140067e-02 1.8277356716856659e-02 1.0001756811462472e+00 6.2415939137098003e-02 4.8289022311353347e-01 4.5192587490721074e+01 13
1 0 1 1 2.4770527921211025e-02 1.8269960216157177e-02 1.0001749890866192e+00 6.2410498674708936e-02 4.8380423696546287e-01 4.5242587494538888e+01 13
1 0 1 1 2.4757560531554163e-02 1.8262602352001014e-02 1.0001742868250947e+00 6.2405150908377893e-02 4.8471761083586840e-01 4.5292587498682771e+01 13
1 0 1 1 2.4744655283277704e-02 1.8255283033060815e-02 1.0001735746453757e+00 6.2399895398790761e-02 4.8563034506172259e-01 4.5342587503208456e+01 13
1 0 1 1 2.4731812040979618e-02 1.8248002167803399e-02 1.0001728528302429e+00 6.2394731707141826e-02 4.8654243998566826e-01 4.5392587507972792e+01 13
1 0 1 1 2.4719030668639289e-02 1.8240759664426277e-02 1.0001721216613966e+00 6.2389659395112929e-02 4.8745389596504052e-01 4.5442587513150514e+01 13
1 0 1 1 2.4706311029785457e-02 1.8233555430950329e-02 1.0001713814193154e+00 6.2384678024956314e-02 4.8836471336088333e-01 4.5492587518653359e+01 13
1 0 1 1 2.4693652987410334e-02 1.8226389375170571e-02 1.0001706323831079e+00 6.2379787159479838e-02 4.8927489254549533e-01 4.5542587524563316e+01 13
1 0 1 1 2.4681056404081834e-02 1.8219261404715727e-02 1.0001698748303807e+00 6.2374986362100621e-02 4.9018443389493987e-01 4.5592587530742229e+01 13
1 0 1 1 2.4668521141833478e-02 1.8212171426984485e-02 1.0001691090370959e+00 6.2370275196823588e-02 4.9109333779825626e-01 4.5642587537357734e+01 13
1 0 1 1 2.4656047062333569e-02 1.8205119349240940e-02 1.0001683352774533e+00 6.2365653228315776e-02 4.9200160464615839e-01 4.5692587544278787e+01 13
1 0 1 1 2.4643634026757243e-02 1.8198105078538262e-02 1.0001675538237573e+00 6.2361120021880156e-02 4.9290923484148980e-01 4.5742587551671782e+01 13
1 0 1 1 2.4631281895958871e-02 1.8191128521815689e-02 1.0001667649463077e+00 6.2356675143527773e-02 4.9381622878736703e-01 4.5792587559363994e+01 13
1 0 1 1 2.4618990530319889e-02 1.8184189585811507e-02 1.0001659689132756e+00 6.2352318159942882e-02 4.9472258689968623e-01 4.5842587567550041e+01 13
1 0 1 1 2.4606759789958552e-02 1.8177288177177002e-02 1.0001651659906079e+00 6.2348048638561165e-02 4.9562830959187687e-01 4.5892587575969166e+01 14
1 0 1 1 2.4594589534492138e-02 1.8170424202343233e-02 1.0001643564419054e+00 6.2343866147511140e-02 4.9653339729411172e-01 4.5942587584980927e+01 14
1 0 1 1 2.4582479623350230e-02 1.8163597567696737e-02 1.0001635405283440e+00 6.2339770255731453e-02 4.9743785043082289e-01 4.5992587594338694e+01 14
1 0 1 1 2.4570429915578479e-02 1.8156808179463697e-02 1.0001627185085675e+00 6.2335760532909401e-02 4.9834166943557401e-01 4.6042587604028213e+01 14
1 0 1 1 2.4558440269851937e-02 1.8150055943719913e-02 1.0001618906385954e+00 6.2331836549508968e-02 4.9924485475170427e-01 4.6092587614317026e+01 14
1 0 1 1 2.4546510544685016e-02 1.8143340766505797e-02 1.0001610571717543e+00 6.2327997876842983e-02 5.0014740681694470e-01 4.6142587624917354e+01 14
1 0 1 1 2.4534632857124910e-02 1.8136662553687011e-02 1.0001602183585769e+00 6.2324244087010927e-02 5.0104932608289354e-01 4.6192587636079047e+01 14
1 0 1 1 2.4522814045693717e-02 1.8130021211082877e-02 1.0001593744467434e+00 6.2320574752982444e-02 5.0195061299818944e-01 4.6242587647671151e+01 14
1 0 1 1 2.4511054788665190e-02 1.8123416644407666e-02 1.0001585256810017e+00 6.2316989448569032e-02 5.0285126801723024e-01 4.6292587659675277e+01 14
1 0 1 1 2.4499354942993556e-02 1.8116848759264840e-02 1.0001576723030998e+00 6.2313487748439950e-02 5.0375129160129584e-01 4.6342587672263534e+01 14
1 0 1 1 2.4487714365471244e-02 1.8110317461214217e-02 1.0001568145517292e+00 6.2310069228166870e-02 5.0465068421016879e-01 4.6392587685344012e+01 14
1 0 1 1 2.4476132912655605e-02 1.8103822655729691e-02 1.0001559526624630e+00 6.2306733464209146e-02 5.0554944630828968e-01 4.6442587698913648e+01 14
1 0 1 1 2.4464610440889628e-02 1.8097364248210075e-02 1.0001550868677020e+00 6.2303480033929187e-02 5.0644757836405241e-01 4.6492587713029700e+01 14
1 0 1 1 2.4453146806333970e-02 1.8090942143994492e-02 1.0001542173966260e+00 6.2300308515611469e-02 5.0734508084765706e-01 4.6542587727702781e+01 14
1 0 1 1 2.4441741864956960e-02 1.8084556248358547e-02 1.0001533444751460e+00 6.2297218488470141e-02 5.0824195423313112e-01 4.6592587743016729e+01 14
1 0 1 1 2.4430395472596879e-02 1.8078206466545003e-02 1.0001524683258676e+00 6.2294209532672118e-02 5.0913819899349655e-01 4.6642587758871969e+01 14
1 0 1 1 2.4419107484910486e-02 1.8071892703735264e-02 1.0001515891680481e+00 6.2291281229324952e-02 5.1003381560541117e-01 4.6692587775251042e+01 14
1 0 1 1 2.4407877757351603e-02 1.8065614865037383e-02 1.0001507072175599e+00 6.2288433160484324e-02 5.1092880455185063e-01 4.6742587792377385e+01 14
1 0 1 1 2.4396706145268364e-02 1.8059372855538925e-02 1.0001498226868650e+00 6.2285664909194932e-02 5.1182316631508995e-01 4.6792587810334375e+01 14
1 0 1 1 2.4385592504020469e-02 1.8053166580370757e-02 1.0001489357850004e+00 6.2282976059501949e-02 5.1271690136700554e-01 4.6842587828527108e+01 14
1 0 1 1 2.4374536688487252e-02 1.8046995944432789e-02 1.0001480467175108e+00 6.2280366196363540e-02 5.1361001021014696e-01 4.6892587847990498e+01 14
1 0 1 1 2.4363538553859369e-02 1.8040860852833948e-02 1.0001471556864936e+00 6.2277834905829360e-02 5.1450249331376885e-01 4.6942587867815952e+01 14
1 0 1 1 2.4352597954893959e-02 1.8034761210477313e-02 1.0001462628905216e+00 6.2275381774874239e-02 5.1539435117487586e-01 4.6992587888573787e+01 14
1 0 1 1 2.4341714746390120e-02 1.8028696922322066e-02 1.0001453685246653e+00 6.2273006391516839e-02 5.1628558427995308e-01 4.7042587910180295e+01 14
1 0 1 1 2.4330888783023814e-02 1.8022667893294028e-02 1.0001444727804705e+00 6.2270708344786208e-02 5.1717619311915008e-01 4.7092587932695032e+01 14
1 0 1 1 2.4320119919405501e-02 1.8016674028314111e-02 1.0001435758459525e+00 6.2268487224736879e-02 5.1806617818183354e-01 4.7142587956079282e+01 14
1 0 1 1 2.4309408010032875e-02 1.8010715232273041e-02 1.0001426779055897e+00 6.2266342622443294e-02 5.1895553996086063e-01 4.7192587980440315e+01 14
1 0 1 1 2.4298752909338295e-02 1.8004791410056637e-02 1.0001417791403229e+00 6.2264274130013897e-02 5.1984427894926177e-01 4.7242588005850607e+01 14
1 0 1 1 2.4288154471681020e-02 1.7998902466540172e-02 1.0001408797275551e+00 6.2262281340594916e-02 5.2073239564111429e-01 4.7292588032402932e+01 14
1 0 1 1 2.4277612551360381e-02 1.7993048306597547e-02 1.0001399798411561e+00 6.2260363848377936e-02 5.2161989053136781e-01 4.7342588060202608e+01 14
1 0 1 1 2.4267127002694195e-02 1.7987228835140562e-02 1.0001390796514749e+00 6.2258521248607729e-02 5.2250676410866481e-01 4.7392588088969454e+01 14
1 0 1 1 2.4256697679723403e-02 1.7981443956957444e-02 1.0001381793253199e+00 6.2256753137547055e-02 5.2339301688164186e-01 4.7442588119523826e+01 14
1 0 1 1 2.4246324436745237e-02 1.7975693577007637e-02 1.0001372790260175e+00 6.2255059112562544e-02 5.2427864933375568e-01 4.7492588151241769e+01 14
1 0 1 1 2.4236007127809024e-02 1.7969977600139481e-02 1.0001363789133790e+00 6.2253438772038788e-02 5.2516366196605879e-01 4.7542588184472891e+01 14
1 0 1 1 2.4225745606893386e-02 1.7964295931191032e-02 1.0001354791437307e+00 6.2251891715422614e-02 5.2604805528329779e-01 4.7592588219759371e+01 14
1 0 1 1 2.4215539167621529e-02 1.7958647601189131e-02 1.0001345801395429e+00 6.2250417543253389e-02 5.2693187708120282e-01 4.7642590898332749e+01 14
1 0 1 1 2.4205385239159126e-02 1.7953027281658828e-02 1.0001336840113559e+00 6.2249016088815778e-02 5.2781533079748100e-01 4.7692607475255194e+01 14
1 0 1 1 2.4195298827688581e-02 1.7947447747744916e-02 1.0001327896876919e+00 6.2247688328994272e-02 5.2869710362658573e-01 4.7742563836486774e+01 14
1 0 1 1 2.4185253849811950e-02 1.7941894557148733e-02 1.0001318950112246e+00 6.2246430468737735e-02 5.2957946457515170e-01 4.7792588511679917e+01 14
1 0 1 1 2.4175268894689968e-02 1.7936377976559347e-02 1.0001310017853973e+00 6.2245244543699202e-02 5.3046077395986091e-01 4.7842588558095329e+01 14
1 0 1 1 2.4165338856431528e-02 1.7930895167943401e-02 1.0001301097061248e+00 6.2244129522698116e-02 5.3134146690886275e-01 4.7892588608111787e+01 15
1 0 1 1 2.4155463589080932e-02 1.7925446036152183e-02 1.0001292189067834e+00 6.2243085012639532e-02 5.3222154390469101e-01 4.7942588660875288e+01 15
1 0 1 1 2.4145642946203194e-02 1.7920030485799165e-02 1.0001283295174122e+00 6.2242110621450575e-02 5.3310100547204997e-01 4.7992588717926260e+01 15
1 0 1 1 2.4135876781499678e-02 1.7914648421597758e-02 1.0001274416647943e+00 6.2241205958160767e-02 5.3397985212387733e-01 4.8042588780142232e+01 15
1 0 1 1 2.4126164948977163e-02 1.7909299748455346e-02 1.0001265554725056e+00 6.2240370632897501e-02 5.3485808434538540e-01 4.8092588846824682e+01 16
1 0 1 1 2.4116507302055955e-02 1.7903984370979845e-02 1.0001256710608630e+00 6.2239604256815573e-02 5.3573570267512660e-01 4.8142588920317095e+01 16
1 0 1 1 2.4106903694399155e-02 1.7898702193938073e-02 1.0001247885470315e+00 6.2238906442179304e-02 5.3661270763078051e-01 4.8192589001783510e+01 16
1 0 1 1 2.4097353979844242e-02 1.7893453122217216e-02 1.0001239080450524e+00 6.2238276802338482e-02 5.3748909971490000e-01 4.8242589091530789e+01 17
1 0 1 1 2.4087858011435669e-02 1.7888237060292144e-02 1.0001230296657877e+00 6.2237714951682677e-02 5.3836487950444556e-01 4.8292589194123202e+01 17
1 0 1 1 2.4078415643024837e-02 1.7883053913105639e-02 1.0001221535171037e+00 6.2237220505731744e-02 5.3924004750386667e-01 4.8342589309997322e+01 18
1 0 1 1 2.4069026726937892e-02 1.7877903584787348e-02 1.0001212797036885e+00 6.2236793081028557e-02 5.4011460436177139e-01 4.8392589447843214e+01 19
1 0 1 1 2.4059691116638953e-02 1.7872785980115834e-02 1.0001204083273387e+00 6.2236432295265598e-02 5.4098855062417828e-01 4.8442589610508094e+01 19
1 0 1 1 2.4050408662678737e-02 1.7867701002297291e-02 1.0001195394866165e+00 6.2236137767145011e-02 5.4186188711457728e-01 4.8492589816745593e+01 20
1 0 1 1 2.4049290705012168e-02 1.7867088815908407e-02 1.0001194346854874e+00 6.2236106649076126e-02 5.4196736649466615e-01 4.8498631081080617e+01 20
1 0 1 1 2.4048137336526478e-02 1.7866457292420378e-02 1.0001193265292290e+00 6.2236075531022804e-02 5.4207625413405991e-01 4.8504868086370529e+01 20
1 0 1 1 2.4038920938741565e-02 1.7861412848510533e-02 1.0001184609854332e+00 6.2235863000661418e-02 5.4294882700658187e-01 4.8554868071720115e+01 19
1 0 1 1 2.4029757312862093e-02 1.7856400787454884e-02 1.0001175981834129e+00 6.2235715874588926e-02 5.4382079659323268e-01 4.8604868408528674e+01 38
1 0 1 1 2.4020646294085950e-02 1.7851421004217844e-02 1.0001167382108926e+00 6.2235633776252741e-02 5.4469216528889541e-01 4.8654869206495981e+01 26
1 0 1 1 2.4011588620076581e-02 1.7846473886547056e-02 1.0001158812382724e+00 6.2235616329246207e-02 5.4556284855671300e-01 4.8704865582095259e+01 32
1 0 1 1 2.4004546943226415e-02 1.7842630312475672e-02 1.0001152136433646e+00 6.2235647447054371e-02 5.4624282396163715e-01 4.8743935426749132e+01 46
1 0 1 1 2.4000948728083227e-02 1.7840667124998946e-02 1.0001148720609399e+00 6.2235678564878091e-02 5.4659133560548623e-01 4.8763968382426370e+01 49
1 0 1 1 2.3992004569310336e-02 1.7835789656847737e-02 1.0001140216970923e+00 6.2235800882306180e-02 5.4746075361007229e-01 4.8813968237416098e+01 15
