isScalarized | massIncreased | isMonotoneInside | isMonotoneOutside | mass_Baryon | mass_ADM | AST(radius) | radius  |  phi_c | rho_c | ctr |
1 0 1 1 3.1833862156295620e-02 2.4249496034664780e-02 1.0000000000001588e+00 8.6200599999999808e-02 3.0585067861031868e-03 1.7235579512938312e+01 36
1 1 1 1 3.1834143722890208e-02 2.4249615670759315e-02 1.0000000000001592e+00 8.6200224999999811e-02 3.0604443740903185e-03 1.7235872678713179e+01 37
1 1 1 1 3.1834425268303372e-02 2.4249735293024266e-02 1.0000000000001594e+00 8.6199849999999814e-02 3.0623814048402797e-03 1.7236165845535993e+01 37
1 1 1 1 3.1834706792536915e-02 2.4249854901460633e-02 1.0000000000001599e+00 8.6199474999999817e-02 3.0643178796513474e-03 1.7236459013402776e+01 37
1 1 1 1 3.1834988295592684e-02 2.4249974496069415e-02 1.0000000000001601e+00 8.6199099999999820e-02 3.0662537998184369e-03 1.7236752182309605e+01 37
1 1 1 1 3.1882678602147135e-02 2.4270165162428164e-02 1.0000000000002216e+00 8.6135158955585212e-02 3.3892076350646150e-03 1.7286752095135640e+01 36
1 1 1 1 3.1929749733141929e-02 2.4289954742058268e-02 1.0000000000002975e+00 8.6071230921858088e-02 3.7010164249328408e-03 1.7336753694679501e+01 36
1 1 1 1 3.1976220896353935e-02 2.4309353623046200e-02 1.0000000000003910e+00 8.6007297733958432e-02 4.0052618664753121e-03 1.7386756600942970e+01 36
1 1 1 1 3.2022106827076173e-02 2.4328370121210370e-02 1.0000000000005047e+00 8.5943346128043330e-02 4.3044560614732665e-03 1.7436759619570221e+01 36
1 1 1 1 3.2067420538508494e-02 2.4347006880873979e-02 1.0000000000006419e+00 8.5879365320797263e-02 4.6004476382748120e-03 1.7486762675024394e+01 36
1 1 1 1 3.2112180066638678e-02 2.4365215584096975e-02 1.0000000000008065e+00 8.5815348392913160e-02 4.8946838821484926e-03 1.7536773272836722e+01 36
1 1 1 1 3.2156361376809529e-02 2.4383050387104893e-02 1.0000000000010025e+00 8.5751321257682034e-02 5.1880419822418686e-03 1.7586754577112554e+01 36
1 1 1 1 3.2200024737314127e-02 2.4400537412810633e-02 1.0000000000012352e+00 8.5687201193331952e-02 5.4817411196590570e-03 1.7636766009104395e+01 36
1 1 1 1 3.2243140939542260e-02 2.4417666613329538e-02 1.0000000000015097e+00 8.5623034853511915e-02 5.7762473107747393e-03 1.7686766880471385e+01 36
1 1 1 1 3.2285724843646627e-02 2.4434445613872587e-02 1.0000000000018319e+00 8.5558804343191130e-02 6.0722004580191875e-03 1.7736767598361492e+01 36
1 1 1 1 3.2327772903658722e-02 2.4450878006343522e-02 1.0000000000022087e+00 8.5494505830828682e-02 6.3700815294572260e-03 1.7786768197818684e+01 36
1 1 1 1 3.2369207639078260e-02 2.4466967070280045e-02 1.0000000000026477e+00 8.5430136149513669e-02 6.6702936531624615e-03 1.7836768704202772e+01 36
1 1 1 1 3.2410122383918091e-02 2.4482715823233133e-02 1.0000000000031573e+00 8.5365692697950246e-02 6.9731772048645295e-03 1.7886769136263492e+01 37
1 1 1 1 3.2450520490902988e-02 2.4498127062057874e-02 1.0000000000037470e+00 8.5301173360862959e-02 7.2790212516718874e-03 1.7936769508036203e+01 37
1 1 1 1 3.2490404926107122e-02 2.4513203397221867e-02 1.0000000000044271e+00 8.5236576443716738e-02 7.5880723992956594e-03 1.7986769830172456e+01 37
1 1 1 1 3.2529778328696288e-02 2.4527947281575951e-02 1.0000000000052096e+00 8.5171900618409124e-02 7.9005417506935981e-03 1.8036770110897333e+01 37
1 1 1 1 3.2568643061478914e-02 2.4542361034665585e-02 1.0000000000061071e+00 8.5107144877584029e-02 8.2166104647990439e-03 1.8086770356668779e+01 37
1 1 1 1 3.2607006746639099e-02 2.4556406735291809e-02 1.0000000000071343e+00 8.5042308495773322e-02 8.5364776340909991e-03 1.8136777313168711e+01 37
1 1 1 1 3.2644852768642180e-02 2.4570104194161491e-02 1.0000000000083065e+00 8.4977417219499585e-02 8.8601218341911835e-03 1.8186766883746397e+01 37
1 1 1 1 3.2682204855190147e-02 2.4583480798987839e-02 1.0000000000096418e+00 8.4912429438212311e-02 9.1878460187079219e-03 1.8236768162401905e+01 37
1 1 1 1 3.2719056908058923e-02 2.4596535704266342e-02 1.0000000000111589e+00 8.4847358148565200e-02 9.5196849170076751e-03 1.8286771076300948e+01 37
1 1 1 1 3.2755407203234221e-02 2.4609269691019318e-02 1.0000000000128790e+00 8.4782209211019643e-02 9.8556942554044596e-03 1.8336771207998172e+01 37
1 1 1 1 3.2791259215820989e-02 2.4621685367831846e-02 1.0000000000148255e+00 8.4716979288152139e-02 1.0195965328348770e-02 1.8386771324798193e+01 37
1 1 1 1 3.2826614293376584e-02 2.4633784574195485e-02 1.0000000000170237e+00 8.4651668774705424e-02 1.0540560625779030e-02 1.8436771428486036e+01 37
1 1 1 1 3.2861398282340949e-02 2.4645569118327094e-02 1.0000000000195017e+00 8.4586278186274400e-02 1.0889533411320883e-02 1.8486771520620827e+01 37
1 1 1 1 3.2895674807848808e-02 2.4657040783134052e-02 1.0000000000222904e+00 8.4520808146063664e-02 1.1242928876145752e-02 1.8536771602584516e+01 37
1 1 1 1 3.2929457618656968e-02 2.4668201331282915e-02 1.0000000000254230e+00 8.4455259373255709e-02 1.1600785133977096e-02 1.8586771675566371e+01 37
1 1 1 1 3.2962747915978148e-02 2.4679052509546748e-02 1.0000000000289364e+00 8.4389632672638493e-02 1.1963134082062805e-02 1.8636771740638117e+01 37
1 1 1 1 3.2995546882969566e-02 2.4689596052465339e-02 1.0000000000328706e+00 8.4323928925560121e-02 1.2330002146422809e-02 1.8686771798731172e+01 37
1 1 1 1 3.3027855691900060e-02 2.4699833685463118e-02 1.0000000000372691e+00 8.4258149081872791e-02 1.2701410928946852e-02 1.8736771850678515e+01 37
1 1 1 1 3.3059675510244871e-02 2.4709767127469532e-02 1.0000000000421796e+00 8.4192294152880098e-02 1.3077377769332146e-02 1.8786771897201568e+01 37
1 1 1 1 3.3091010157130334e-02 2.4719373033831777e-02 1.0000000000476554e+00 8.4126365205054621e-02 1.3457946312297700e-02 1.8836775867336613e+01 37
1 1 1 1 3.3121853499243084e-02 2.4728650693904942e-02 1.0000000000537526e+00 8.4060378895916388e-02 1.3843036911785487e-02 1.8886772023947952e+01 37
1 1 1 1 3.3152211385361327e-02 2.4737629176185161e-02 1.0000000000605314e+00 8.3994321022828111e-02 1.4232715214148426e-02 1.8936768090832015e+01 37
1 1 1 1 3.3182089734296469e-02 2.4746311567540188e-02 1.0000000000680596e+00 8.3928182237330784e-02 1.4627049006981052e-02 1.8986772038364109e+01 37
1 1 1 1 3.3211482644701827e-02 2.4754697510445907e-02 1.0000000000764075e+00 8.3861979375130458e-02 1.5025948003107690e-02 1.9036772066009760e+01 37
1 1 1 1 3.3240393700401605e-02 2.4762789425717500e-02 1.0000000000856539e+00 8.3795708526719803e-02 1.5429443023785535e-02 1.9086772091086033e+01 37
1 1 1 1 3.3268824144573189e-02 2.4770589045326415e-02 1.0000000000958831e+00 8.3729370991043550e-02 1.5837532282370486e-02 1.9136772113880131e+01 37
1 1 1 1 3.3296775240785198e-02 2.4778098104722295e-02 1.0000000001071863e+00 8.3662968094680379e-02 1.6250212286290526e-02 1.9186772134650710e+01 37
1 1 1 1 3.3324209435714056e-02 2.4785318343260559e-02 1.0000000001196625e+00 8.3596501189484251e-02 1.6667478006297594e-02 1.9236772153606523e+01 37
1 1 1 1 3.3351129147019994e-02 2.4792251504553310e-02 1.0000000001334177e+00 8.3529971650404045e-02 1.7089323026458124e-02 1.9286772170952524e+01 37
1 1 1 1 3.3377573190965466e-02 2.4798899336707862e-02 1.0000000001485672e+00 8.3463380873627535e-02 1.7515739676207613e-02 1.9336772186849817e+01 37
1 1 1 1 3.3403542944740419e-02 2.4805263592519205e-02 1.0000000001652345e+00 8.3396730274824860e-02 1.7946719148001215e-02 1.9386772201444757e+01 37
1 1 1 1 3.3429039810308148e-02 2.4811346029562843e-02 1.0000000001835530e+00 8.3330021287603140e-02 1.8382251601606059e-02 1.9436772214861335e+01 37
1 1 1 1 3.3454065214846333e-02 2.4817148410273972e-02 1.0000000002036662e+00 8.3263255362083233e-02 1.8822326257217772e-02 1.9486772227218275e+01 37
1 1 1 1 3.3478620611030102e-02 2.4822672501943276e-02 1.0000000002257285e+00 8.3196433963648175e-02 1.9266931478286693e-02 1.9536772238607622e+01 37
1 1 1 1 3.3502707477249601e-02 2.4827920076695081e-02 1.0000000002499052e+00 8.3129558571748363e-02 1.9716054845979738e-02 1.9586772249113999e+01 37
1 1 1 1 3.3526327317732321e-02 2.4832892911428650e-02 1.0000000002763747e+00 8.3062630678833488e-02 2.0169683225851463e-02 1.9636772258817214e+01 37
1 1 1 1 3.3549484234526437e-02 2.4837558447081545e-02 1.0000000003053435e+00 8.2995651789386615e-02 2.0627849148179524e-02 1.9686777298672357e+01 36
1 1 1 1 3.3572170972255018e-02 2.4841942854067746e-02 1.0000000003369982e+00 8.2928643637414312e-02 2.1090364377866343e-02 1.9736768523969719e+01 36
1 1 1 1 3.3594400467257264e-02 2.4846058864368806e-02 1.0000000003715714e+00 8.2861572432027797e-02 2.1557445774416061e-02 1.9786771026256950e+01 36
1 1 1 1 3.3616168622865240e-02 2.4849907172367278e-02 1.0000000004092906e+00 8.2794456481678325e-02 2.2028962303957390e-02 1.9836772288575578e+01 36
1 1 1 1 3.3637477099382418e-02 2.4853489606695343e-02 1.0000000004504075e+00 8.2727297353038159e-02 2.2504897561029538e-02 1.9886772295102197e+01 36
1 1 1 1 3.3658328107011706e-02 2.4856808080847496e-02 1.0000000004951923e+00 8.2660094911727877e-02 2.2985246972124430e-02 1.9936772301124265e+01 36
1 1 1 1 3.3678723328732035e-02 2.4859864411928469e-02 1.0000000005439329e+00 8.2592850715168253e-02 2.3469993782967359e-02 1.9986772306661759e+01 36
1 1 1 1 3.3698664472305635e-02 2.4862660420423871e-02 1.0000000005969363e+00 8.2525566327608435e-02 2.3959120870502715e-02 2.0036772311756160e+01 36
1 1 1 1 3.3718153269952762e-02 2.4865197929973867e-02 1.0000000006545309e+00 8.2458243319617652e-02 2.4452610770107838e-02 2.0086772316426085e+01 36
1 1 1 1 3.3737181010770466e-02 2.4867478767168529e-02 1.0000000007170664e+00 8.2390883267511011e-02 2.4950445701141639e-02 2.0136772320690895e+01 36
1 1 1 1 3.3755706850740856e-02 2.4869504761313325e-02 1.0000000007849157e+00 8.2323487752833546e-02 2.5452607590313897e-02 2.0186772324583782e+01 36
1 1 1 1 3.3773785681341893e-02 2.4871277744217119e-02 1.0000000008584764e+00 8.2256058361924372e-02 2.5959078092634976e-02 2.0236772328110348e+01 36
1 1 1 1 3.3791419345874645e-02 2.4872799549948782e-02 1.0000000009381711e+00 8.2188596685394910e-02 2.6469838611575609e-02 2.0286772331297200e+01 36
1 1 1 1 3.3808609710135135e-02 2.4874072014615511e-02 1.0000000010244505e+00 8.2121104317736310e-02 2.6984870316835448e-02 2.0336772334154130e+01 36
1 1 1 1 3.3825358662028689e-02 2.4875096976132216e-02 1.0000000011177930e+00 8.2053582856866092e-02 2.7504154161391924e-02 2.0386772336701405e+01 36
1 1 1 1 3.3841668111149553e-02 2.4875876273980170e-02 1.0000000012187071e+00 8.1986033903752614e-02 2.8027670896755535e-02 2.0436772338944042e+01 36
1 1 1 1 3.3857539988385983e-02 2.4876411748981864e-02 1.0000000013277339e+00 8.1918459061990634e-02 2.8555401087720918e-02 2.0486772340906594e+01 36
1 1 1 1 3.3872976245477478e-02 2.4876705243064724e-02 1.0000000014454469e+00 8.1850859937483006e-02 2.9087325125192718e-02 2.0536772342582402e+01 36
1 1 1 1 3.3887978854611547e-02 2.4876758599029426e-02 1.0000000015724548e+00 8.1783238138002479e-02 2.9623423239293865e-02 2.0586772343998714e+01 36
1 0 1 1 3.3902549807978175e-02 2.4876573660322993e-02 1.0000000017094035e+00 8.1715595272923769e-02 3.0163675510313504e-02 2.0636772345158395e+01 36
1 0 1 1 3.3916691762897702e-02 2.4876138100786357e-02 1.0000000018570159e+00 8.1647932952847613e-02 3.0708083202375617e-02 2.0686774297073409e+01 36
1 0 1 1 3.3930405394980503e-02 2.4875447576886599e-02 1.0000000020160262e+00 8.1580260709951058e-02 3.1256571700127259e-02 2.0736773213042888e+01 36
1 0 1 1 3.3943692794819659e-02 2.4874524461415241e-02 1.0000000021871593e+00 8.1512575752438421e-02 3.1809124744199953e-02 2.0786769525202754e+01 36
1 0 1 1 3.3956558402216779e-02 2.4873370410358961e-02 1.0000000023712621e+00 8.1444867352709394e-02 3.2365823107090394e-02 2.0836772346090108e+01 36
1 0 1 1 3.3969001855470693e-02 2.4871987464358061e-02 1.0000000025691627e+00 8.1377149753124461e-02 3.2926542850152382e-02 2.0886772346102138e+01 36
1 0 1 1 3.3981025995234011e-02 2.4870377414773520e-02 1.0000000027817815e+00 8.1309420745179994e-02 3.3491294648443852e-02 2.0936772345907166e+01 36
1 0 1 1 3.3992632941415107e-02 2.4868542110517235e-02 1.0000000030100804e+00 8.1241681938873489e-02 3.4060057801053235e-02 2.0986772345500871e+01 36
1 0 1 1 3.4003824830426542e-02 2.4866483399234546e-02 1.0000000032550755e+00 8.1173934943359727e-02 3.4632811527039266e-02 2.1036772344902467e+01 35
1 0 1 1 3.4014603814724410e-02 2.4864203127094101e-02 1.0000000035178398e+00 8.1106181366748076e-02 3.5209534971319782e-02 2.1086772344103736e+01 35
1 0 1 1 3.4024972062386603e-02 2.4861703138580486e-02 1.0000000037995049e+00 8.1038422815782829e-02 3.5790207211386496e-02 2.1136772343122910e+01 35
1 0 1 1 3.4034931756664562e-02 2.4858985276301197e-02 1.0000000041012649e+00 8.0970660895656965e-02 3.6374807262489081e-02 2.1186772341954377e+01 35
1 0 1 1 3.4044485095545508e-02 2.4856051380773261e-02 1.0000000044243778e+00 8.0902897209717828e-02 3.6963314083506067e-02 2.1236772340605590e+01 35
1 0 1 1 3.4053628393891359e-02 2.4852903290241635e-02 1.0000000047701700e+00 8.0835133359250633e-02 3.7555706582015298e-02 2.1286772339089630e+01 35
1 0 1 1 3.4062326671677925e-02 2.4849542840479900e-02 1.0000000051400380e+00 8.0767370943277211e-02 3.8151963618846069e-02 2.1336772337397313e+01 35
1 0 1 1 3.4070625467448781e-02 2.4845971864601430e-02 1.0000000055354521e+00 8.0699611558274709e-02 3.8752064013231127e-02 2.1386772335541291e+01 35
1 0 1 1 3.4078527044777152e-02 2.4842192192879583e-02 1.0000000059579592e+00 8.0631856798000667e-02 3.9355986546843365e-02 2.1436772333525603e+01 35
1 0 1 1 3.4086033679615886e-02 2.4838205652559647e-02 1.0000000064091865e+00 8.0564108253270761e-02 3.9963709968013177e-02 2.1486772331349446e+01 35
1 0 1 1 3.4093147659884547e-02 2.4834014067686074e-02 1.0000000068908446e+00 8.0496367511734057e-02 4.0575212995895435e-02 2.1536772329023020e+01 35
1 0 1 1 3.4099871285047018e-02 2.4829619258925434e-02 1.0000000074047311e+00 8.0428636157698519e-02 4.1190474323989167e-02 2.1586772326546079e+01 35
1 0 1 1 3.4106206865696084e-02 2.4825023043395612e-02 1.0000000079527342e+00 8.0360915771913510e-02 4.1809472623849230e-02 2.1636772323916777e+01 35
1 0 1 1 3.4112156723152189e-02 2.4820227234499614e-02 1.0000000085368366e+00 8.0293207931359523e-02 4.2432186548774307e-02 2.1686772321151935e+01 35
1 0 1 1 3.4117723189045414e-02 2.4815233641758992e-02 1.0000000091591186e+00 8.0225514209113502e-02 4.3058594736555482e-02 2.1736772318244245e+01 35
1 0 1 1 3.4122908604924056e-02 2.4810044070659579e-02 1.0000000098217630e+00 8.0157836174113845e-02 4.3688675813066333e-02 2.1786772315198945e+01 35
1 0 1 1 3.4127715321846726e-02 2.4804660322485090e-02 1.0000000105270586e+00 8.0090175390999441e-02 4.4322408395116225e-02 2.1836772312022351e+01 35
1 0 1 1 3.4132145699995099e-02 2.4799084194173933e-02 1.0000000112774043e+00 8.0022533419943337e-02 4.4959771093232362e-02 2.1886772308715194e+01 35
1 0 1 1 3.4136202108275268e-02 2.4793317478162231e-02 1.0000000120753139e+00 7.9954911816470964e-02 4.5600742514446929e-02 2.1936772305276005e+01 35
1 0 1 1 3.4139886923939648e-02 2.4787361962237086e-02 1.0000000129234197e+00 7.9887312131278310e-02 4.6245301265189054e-02 2.1986772301721679e+01 35
1 0 1 1 3.4143202816395796e-02 2.4781200201298328e-02 1.0000000138248673e+00 7.9819735910125644e-02 4.6893458662044474e-02 2.2036774814366751e+01 35
1 0 1 1 3.4146151516468132e-02 2.4774848425237788e-02 1.0000000147821808e+00 7.9752194895179485e-02 4.7545072134221746e-02 2.2086770529695816e+01 34
1 0 1 1 3.4148736113369930e-02 2.4768312703637056e-02 1.0000000157985125e+00 7.9684673272177153e-02 4.8200277418665782e-02 2.2136771515249976e+01 34
1 0 1 1 3.4150958675166536e-02 2.4761595497561753e-02 1.0000000168769196e+00 7.9617179981776420e-02 4.8858981795686866e-02 2.2186772285559936e+01 34
1 0 1 1 3.4152821601112722e-02 2.4754698653927959e-02 1.0000000180206918e+00 7.9549717301433454e-02 4.9521156432149722e-02 2.2236772281436853e+01 34
1 0 1 1 3.4154327347853911e-02 2.4747623830910847e-02 1.0000000192332963e+00 7.9482285703444122e-02 5.0186790152609691e-02 2.2286772277202349e+01 34
1 0 1 1 3.4155478340577083e-02 2.4740372783612959e-02 1.0000000205183379e+00 7.9414886699682830e-02 5.0855861622811242e-02 2.2336772272863428e+01 34
1 0 1 1 3.4156277009874378e-02 2.4732947261326119e-02 1.0000000218795808e+00 7.9347521796048481e-02 5.1528349525217246e-02 2.2386772268422707e+01 34
1 0 1 1 3.4156725791388204e-02 2.4725349007407582e-02 1.0000000233209525e+00 7.9280192492328205e-02 5.2204232560835062e-02 2.2436772263877334e+01 34
1 0 1 1 3.4156827125478087e-02 2.4717579759178619e-02 1.0000000248465513e+00 7.9212900282049026e-02 5.2883489451224466e-02 2.2486772259235671e+01 34
1 0 1 1 3.4156583456871802e-02 2.4709641247803015e-02 1.0000000264606512e+00 7.9145646652377999e-02 5.3566098939978768e-02 2.2536772254500264e+01 34
1 0 1 1 3.4155997234335031e-02 2.4701535198189604e-02 1.0000000281677073e+00 7.9078433083995925e-02 5.4252039794348395e-02 2.2586772249665334e+01 34
1 0 1 1 3.4155070910341145e-02 2.4693263328884607e-02 1.0000000299723633e+00 7.9011261050948745e-02 5.4941290807205223e-02 2.2636772244743494e+01 34
1 0 1 1 3.4153806940737261e-02 2.4684827351966844e-02 1.0000000318794557e+00 7.8944132020576846e-02 5.5633830798059988e-02 2.2686772239727478e+01 34
1 0 1 1 3.4152207784434313e-02 2.4676228972958614e-02 1.0000000338940220e+00 7.8877047453357024e-02 5.6329638615088398e-02 2.2736772234628699e+01 34
1 0 1 1 3.4150275903079792e-02 2.4667469890725342e-02 1.0000000360213059e+00 7.8810008802836451e-02 5.7028693136063950e-02 2.2786772229440480e+01 34
1 0 1 1 3.4148013760749045e-02 2.4658551797383622e-02 1.0000000382667640e+00 7.8743017515484903e-02 5.7730973270222238e-02 2.2836772224171746e+01 34
1 0 1 1 3.4145418074095324e-02 2.4649476378211143e-02 1.0000000406360727e+00 7.8676075030624959e-02 5.8436457959241482e-02 2.2886772218820610e+01 34
1 0 1 1 3.4142470768418268e-02 2.4640245311566337e-02 1.0000000431351350e+00 7.8609182780310233e-02 5.9145126178734637e-02 2.2936772213387361e+01 34
1 0 1 1 3.4139200921789209e-02 2.4630860268791289e-02 1.0000000457700868e+00 7.8542342189224623e-02 5.9856956939624124e-02 2.2986772207882520e+01 34
1 0 1 1 3.4135611009559752e-02 2.4621322914149486e-02 1.0000000485473051e+00 7.8475554674620335e-02 6.0571929288948209e-02 2.3036772202296792e+01 34
1 0 1 1 3.4131703507837674e-02 2.4611634904729118e-02 1.0000000514734140e+00 7.8408821646177240e-02 6.1290022311601196e-02 2.3086772196640400e+01 34
1 0 1 1 3.4127480893203312e-02 2.4601797890376226e-02 1.0000000545552921e+00 7.8342144505954725e-02 6.2011215131040021e-02 2.3136772190911678e+01 34
1 0 1 1 3.4122945642430971e-02 2.4591813513623283e-02 1.0000000578000807e+00 7.8275524648284023e-02 6.2735486910618379e-02 2.3186772185112240e+01 34
1 0 1 1 3.4118100232206405e-02 2.4581683409609856e-02 1.0000000612151905e+00 7.8208963459687475e-02 6.3462816854624696e-02 2.3236772179244223e+01 33
1 0 1 1 3.4112947138858922e-02 2.4571409206020717e-02 1.0000000648083098e+00 7.8142462318798012e-02 6.4193184209367038e-02 2.3286772173312460e+01 33
1 0 1 1 3.4107488838093399e-02 2.4560992523021893e-02 1.0000000685874115e+00 7.8076022596292094e-02 6.4926568264029885e-02 2.3336772167313438e+01 33
1 0 1 1 3.4101727804719761e-02 2.4550434973187221e-02 1.0000000725607618e+00 7.8009645654792126e-02 6.5662948351888836e-02 2.3386772161251024e+01 33
1 0 1 1 3.4095666512397364e-02 2.4539738161444002e-02 1.0000000767369270e+00 7.7943332848805225e-02 6.6402303851171032e-02 2.3436772155129511e+01 33
1 0 1 1 3.4089307433382975e-02 2.4528903685018557e-02 1.0000000811247831e+00 7.7877085524659273e-02 6.7144614185882107e-02 2.3486772148946553e+01 33
1 0 1 1 3.4082653038269031e-02 2.4517933133366192e-02 1.0000000857335227e+00 7.7810905020418097e-02 6.7889858826886376e-02 2.3536772142705377e+01 33
1 0 1 1 3.4075705795745100e-02 2.4506828088128579e-02 1.0000000905726638e+00 7.7744792665824847e-02 6.8638017292717027e-02 2.3586772136409920e+01 33
1 0 1 1 3.4068468172351755e-02 2.4495590123077157e-02 1.0000000956520581e+00 7.7678749782245371e-02 6.9389069150313232e-02 2.3636772130057317e+01 33
1 0 1 1 3.4060942632238675e-02 2.4484220804062606e-02 1.0000001009818991e+00 7.7612777682589063e-02 7.0142994016030219e-02 2.3686772123649863e+01 33
1 0 1 1 3.4053131636929926e-02 2.4472721688964007e-02 1.0000001065727313e+00 7.7546877671255732e-02 7.0899771556439395e-02 2.3736772117194942e+01 33
1 0 1 1 3.4045037645098343e-02 2.4461094327651343e-02 1.0000001124354585e+00 7.7481051044099275e-02 7.1659381488840809e-02 2.3786772110687018e+01 33
1 0 1 1 3.4036663112329939e-02 2.4449340261933235e-02 1.0000001185813525e+00 7.7415299088343464e-02 7.2421803582325042e-02 2.3836772104127668e+01 33
1 0 1 1 3.4028010490902677e-02 2.4437461025513991e-02 1.0000001250220623e+00 7.7349623082535790e-02 7.3187017658511294e-02 2.3886772097525672e+01 33
1 0 1 1 3.4019082229574144e-02 2.4425458143965597e-02 1.0000001317696217e+00 7.7284024296522924e-02 7.3955003591909513e-02 2.3936772090873482e+01 33
1 0 1 1 3.4009880773353728e-02 2.4413333134672179e-02 1.0000001388364603e+00 7.7218503991364040e-02 7.4725741311112648e-02 2.3986772084179975e+01 33
1 0 1 1 3.4000408563305211e-02 2.4401087506813534e-02 1.0000001462354111e+00 7.7153063419320655e-02 7.5499210799009592e-02 2.4036772077439650e+01 33
1 0 1 1 3.3990667798182196e-02 2.4388710521095106e-02 1.0000001539825558e+00 7.7087703823780551e-02 7.6275416500998366e-02 2.4086773639598537e+01 33
1 0 1 1 3.3980662063645889e-02 2.4376215973994989e-02 1.0000001620885210e+00 7.7022432590513751e-02 7.7054243011403761e-02 2.4136770634849675e+01 33
1 0 1 1 3.3970392016499547e-02 2.4363604423760003e-02 1.0000001705685833e+00 7.6957239203620187e-02 7.7835807909026875e-02 2.4186771887122916e+01 33
1 0 1 1 3.3959861153098000e-02 2.4350878684341534e-02 1.0000001794364262e+00 7.6892131858358942e-02 7.8620008084911541e-02 2.4236772049946680e+01 33
1 0 1 1 3.3949071707907029e-02 2.4338039994022519e-02 1.0000001887072036e+00 7.6827110561373646e-02 7.9406838128286694e-02 2.4286772043021873e+01 33
1 0 1 1 3.3938026058760035e-02 2.4325089769358460e-02 1.0000001983964102e+00 7.6762176289904643e-02 8.0196281019687454e-02 2.4336772036059475e+01 33
1 0 1 1 3.3926726613464450e-02 2.4312029461427808e-02 1.0000002085199797e+00 7.6697330233252314e-02 8.0988317141159297e-02 2.4386772029059635e+01 33
1 0 1 1 3.3915175774314632e-02 2.4298860512802802e-02 1.0000002190943249e+00 7.6632573571609242e-02 8.1782926934154621e-02 2.4436772022029871e+01 33
1 0 1 1 3.3903375937918999e-02 2.4285584357538612e-02 1.0000002301363466e+00 7.6567907476053770e-02 8.2580090899765604e-02 2.4486772014966427e+01 33
1 0 1 1 3.3891329495019953e-02 2.4272202421147398e-02 1.0000002416634430e+00 7.6503333108500104e-02 8.3379789599550946e-02 2.4536772007874514e+01 33
1 0 1 1 3.3879038830328286e-02 2.4258716120590593e-02 1.0000002536935193e+00 7.6438851621693227e-02 8.4182003655683957e-02 2.4586772000746294e+01 32
1 0 1 1 3.3866506322344753e-02 2.4245126864250684e-02 1.0000002662449969e+00 7.6374464159148642e-02 8.4986713751979720e-02 2.4636771993595204e+01 32
1 0 1 1 3.3853734343209672e-02 2.4231436051932911e-02 1.0000002793368241e+00 7.6310171855181408e-02 8.5793900633685055e-02 2.4686771986413717e+01 32
1 0 1 1 3.3840725258532052e-02 2.4217645074842746e-02 1.0000002929884837e+00 7.6245975834844382e-02 8.6603545108442356e-02 2.4736771979205091e+01 32
1 0 1 1 3.3827481427236267e-02 2.4203755315580160e-02 1.0000003072200041e+00 7.6181877213925664e-02 8.7415628046539365e-02 2.4786771971971486e+01 32
1 0 1 1 3.3814005201406691e-02 2.4189768148126924e-02 1.0000003220519680e+00 7.6117877098932307e-02 8.8230130381344668e-02 2.4836771964714661e+01 32
1 0 1 1 3.3800298926139151e-02 2.4175684937844336e-02 1.0000003375055218e+00 7.6053976587076966e-02 8.9047033109640725e-02 2.4886771957430735e+01 32
1 0 1 1 3.3786364939387969e-02 2.4161507041459168e-02 1.0000003536023854e+00 7.5990176766245698e-02 8.9866317292287307e-02 2.4936771950126275e+01 32
1 0 1 1 3.3772205571827550e-02 2.4147235807063117e-02 1.0000003703648617e+00 7.5926478715008627e-02 9.0687964054337614e-02 2.4986771942801710e+01 32
1 0 1 1 3.3757823146708957e-02 2.4132872574109353e-02 1.0000003878158448e+00 7.5862883502602202e-02 9.1511954585436830e-02 2.5036771935452279e+01 32
1 0 1 1 3.3743219979720608e-02 2.4118418673406479e-02 1.0000004059788308e+00 7.5799392188900416e-02 9.2338270140469275e-02 2.5086771928085167e+01 32
1 0 1 1 3.3728398378857521e-02 2.4103875427120013e-02 1.0000004248779257e+00 7.5736005824432351e-02 9.3166892039640833e-02 2.5136771920703044e+01 32
1 0 1 1 3.3713360644287503e-02 2.4089244148772612e-02 1.0000004445378556e+00 7.5672725450376510e-02 9.3997801668649850e-02 2.5186771913293413e+01 32
1 0 1 1 3.3698109068217491e-02 2.4074526143236030e-02 1.0000004649839749e+00 7.5609552098507032e-02 9.4830980479850627e-02 2.5236771905878840e+01 32
1 0 1 1 3.3682645934782630e-02 2.4059722706751194e-02 1.0000004862422756e+00 7.5546486791276457e-02 9.5666409991240917e-02 2.5286771898436339e+01 32
1 0 1 1 3.3666973519903130e-02 2.4044835126908633e-02 1.0000005083393966e+00 7.5483530541710142e-02 9.6504071788253681e-02 2.5336771890986370e+01 32
1 0 1 1 3.3651094091185357e-02 2.4029864682672198e-02 1.0000005313026317e+00 7.5420684353494138e-02 9.7343947522863586e-02 2.5386771883521178e+01 32
1 0 1 1 3.3635009907793743e-02 2.4014812644373582e-02 1.0000005551599389e+00 7.5357949220927367e-02 9.8186018914462242e-02 2.5436771876039682e+01 32
1 0 1 1 3.3618723220336905e-02 2.3999680273719945e-02 1.0000005799399485e+00 7.5295326128925144e-02 9.9030267750091688e-02 2.5486771868544320e+01 32
1 0 1 1 3.3602236270761983e-02 2.3984468823804186e-02 1.0000006056719721e+00 7.5232816053026397e-02 9.9876675884737434e-02 2.5536771861042318e+01 32
1 0 1 1 3.3585551292248619e-02 2.3969179539113754e-02 1.0000006323860102e+00 7.5170419959417561e-02 1.0072522524124561e-01 2.5586771853525438e+01 32
1 0 1 1 3.3568670509093138e-02 2.3953813655531505e-02 1.0000006601127611e+00 7.5108138804901692e-02 1.0157589781104866e-01 2.5636771845997682e+01 32
1 0 1 1 3.3551596136618712e-02 2.3938372400358215e-02 1.0000006888836281e+00 7.5045973536922939e-02 1.0242867565418123e-01 2.5686771838461485e+01 32
1 0 1 1 3.3534330381069032e-02 2.3922856992313873e-02 1.0000007187307283e+00 7.4983925093574710e-02 1.0328354089952950e-01 2.5736771830919068e+01 32
1 0 1 1 3.3516875439515523e-02 2.3907268641555620e-02 1.0000007496868990e+00 7.4921994403612274e-02 1.0414047574489260e-01 2.5786771823362436e+01 32
1 0 1 1 3.3499233499758183e-02 2.3891608549686996e-02 1.0000007817857071e+00 7.4860182386430496e-02 1.0499946245773735e-01 2.5836771815804497e+01 32
1 0 1 1 3.3481406740241082e-02 2.3875877909775228e-02 1.0000008150614543e+00 7.4798489952122377e-02 1.0586048337464569e-01 2.5886771808235039e+01 32
1 0 1 1 3.3463397329956478e-02 2.3860077906360046e-02 1.0000008495491857e+00 7.4736918001442054e-02 1.0672352090228071e-01 2.5936771800665007e+01 32
1 0 1 1 3.3445207428368318e-02 2.3844209715479663e-02 1.0000008852846962e+00 7.4675467425862119e-02 1.0758855751681899e-01 2.5986771793082188e+01 32
1 0 1 1 3.3426836710265868e-02 2.3828274504670486e-02 1.0000009223045374e+00 7.4614139107532812e-02 1.0845557576504103e-01 2.6036771785504005e+01 32
1 0 1 1 3.3408283285424500e-02 2.3812273433006886e-02 1.0000009606460241e+00 7.4552933919364517e-02 1.0932455826340061e-01 2.6086771777912979e+01 31
1 0 1 1 3.3389556059767594e-02 2.3796207651094345e-02 1.0000010003472402e+00 7.4491852724966501e-02 1.1019548769937230e-01 2.6136771770325158e+01 31
1 0 1 1 3.3370657152260022e-02 2.3780078301105859e-02 1.0000010414470455e+00 7.4430896378730654e-02 1.1106834683062476e-01 2.6186771762733194e+01 31
1 0 1 1 3.3351588671890774e-02 2.3763886516798165e-02 1.0000010839850806e+00 7.4370065725807899e-02 1.1194311848568672e-01 2.6236771755135120e+01 31
1 0 1 1 3.3332352717598254e-02 2.3747633423519880e-02 1.0000011280017731e+00 7.4309361602124369e-02 1.1281978556421687e-01 2.6286771747542375e+01 31
1 0 1 1 3.3312951378218825e-02 2.3731320138251064e-02 1.0000011735383434e+00 7.4248784834437503e-02 1.1369833103653111e-01 2.6336771739944062e+01 31
1 0 1 1 3.3293386732406768e-02 2.3714947769609161e-02 1.0000012206368079e+00 7.4188336240308406e-02 1.1457873794443567e-01 2.6386771732347281e+01 31
1 0 1 1 3.3273660848577372e-02 2.3698517417877110e-02 1.0000012693399856e+00 7.4128016628153770e-02 1.1546098940085915e-01 2.6436771724749047e+01 31
1 0 1 1 3.3253775784849657e-02 2.3682030175027697e-02 1.0000013196915021e+00 7.4067826797248049e-02 1.1634506859035353e-01 2.6486771717157897e+01 31
1 0 1 1 3.3233733588989178e-02 2.3665487124748016e-02 1.0000013717357930e+00 7.4007767537776104e-02 1.1723095876860945e-01 2.6536771709560306e+01 31
1 0 1 1 3.3213536298337815e-02 2.3648889342450668e-02 1.0000014255181084e+00 7.3947839630802648e-02 1.1811864326340921e-01 2.6586771701968789e+01 31
1 0 1 1 3.3193185939780961e-02 2.3632237895315579e-02 1.0000014810845173e+00 7.3888043848345991e-02 1.1900810547403622e-01 2.6636771694382837e+01 31
1 0 1 1 3.3172684529684679e-02 2.3615533842307242e-02 1.0000015384819085e+00 7.3828380953388617e-02 1.1989932887145188e-01 2.6686771686793900e+01 31
1 0 1 1 3.3152034073844837e-02 2.3598778234198540e-02 1.0000015977579961e+00 7.3768851699874183e-02 1.2079229699887604e-01 2.6736771679213035e+01 31
1 0 1 1 3.3131236567445897e-02 2.3581972113598637e-02 1.0000016589613205e+00 7.3709456832774134e-02 1.2168699347125152e-01 2.6786771671637158e+01 31
1 0 1 1 3.3110293995014410e-02 2.3565116514983820e-02 1.0000017221412514e+00 7.3650197088093561e-02 1.2258340197555390e-01 2.6836771664061619e+01 31
1 0 1 1 3.3089208330369844e-02 2.3548212464716282e-02 1.0000017873479885e+00 7.3591073192884771e-02 1.2348150627112638e-01 2.6886771656495714e+01 31
1 0 1 1 3.3067981536592586e-02 2.3531260981079920e-02 1.0000018546325653e+00 7.3532085865307045e-02 1.2438129018922260e-01 2.6936771648933878e+01 31
1 0 1 1 3.3046615565977905e-02 2.3514263074303071e-02 1.0000019240468476e+00 7.3473235814627891e-02 1.2528273763347300e-01 2.6986771641378617e+01 31
1 0 1 1 3.3025112360005833e-02 2.3497219746593946e-02 1.0000019956435366e+00 7.3414523741264170e-02 1.2618583257977606e-01 2.7036771633831670e+01 31
1 0 1 1 3.3003473849298325e-02 2.3480131992162364e-02 1.0000020694761678e+00 7.3355950336813941e-02 1.2709055907622299e-01 2.7086771626287955e+01 31
1 0 1 1 3.2981701953587766e-02 2.3463000797250937e-02 1.0000021455991113e+00 7.3297516284067332e-02 1.2799690124351867e-01 2.7136771618756658e+01 31
1 0 1 1 3.2959798581694011e-02 2.3445827140172168e-02 1.0000022240675723e+00 7.3239222257069719e-02 1.2890484327447185e-01 2.7186771611231439e+01 31
1 0 1 1 3.2937765631480237e-02 2.3428611991327127e-02 1.0000023049375895e+00 7.3181068921124415e-02 1.2981436943441782e-01 2.7236771603712704e+01 31
1 0 1 1 3.2915604989836790e-02 2.3411356313246850e-02 1.0000023882660336e+00 7.3123056932829805e-02 1.3072546406123753e-01 2.7286771596207082e+01 31
1 0 1 1 3.2893318532653822e-02 2.3394061060620724e-02 1.0000024741106073e+00 7.3065186940130977e-02 1.3163811156502100e-01 2.7336771588708796e+01 31
1 0 1 1 3.2870908124789600e-02 2.3376727180322018e-02 1.0000025625298414e+00 7.3007459582328488e-02 1.3255229642844374e-01 2.7386771581219879e+01 31
1 0 1 1 3.2848375620057838e-02 2.3359355611450160e-02 1.0000026535830933e+00 7.2949875490121940e-02 1.3346800320664920e-01 2.7436771573743094e+01 31
1 0 1 1 3.2825722861200654e-02 2.3341947285355540e-02 1.0000027473305444e+00 7.2892435285649343e-02 1.3438521652710134e-01 2.7486771566274680e+01 31
1 0 1 1 3.2802951679869234e-02 2.3324503125673211e-02 1.0000028438331958e+00 7.2835139582506647e-02 1.3530392108986508e-01 2.7536771558819851e+01 31
1 0 1 1 3.2780063896612026e-02 2.3307024048360669e-02 1.0000029431528659e+00 7.2777988985801179e-02 1.3622410166725787e-01 2.7586771551374461e+01 31
1 0 1 1 3.2757061320854812e-02 2.3289510961727187e-02 1.0000030453521846e+00 7.2720984092168650e-02 1.3714574310419927e-01 2.7636771543945198e+01 31
1 0 1 1 3.2733945750888109e-02 2.3271964766468981e-02 1.0000031504945903e+00 7.2664125489833364e-02 1.3806883031764239e-01 2.7686771536520105e+01 31
1 0 1 1 3.2710718973844657e-02 2.3254386355695558e-02 1.0000032586443230e+00 7.2607413758599804e-02 1.3899334829741083e-01 2.7736771529115355e+01 30
1 0 1 1 3.2687382765712869e-02 2.3236776614984078e-02 1.0000033698664201e+00 7.2550849469947887e-02 1.3991928210519025e-01 2.7786771521722226e+01 30
1 0 1 1 3.2663938891302542e-02 2.3219136422392230e-02 1.0000034842267096e+00 7.2494433187029861e-02 1.4084661687507230e-01 2.7836771514339258e+01 30
1 0 1 1 3.2640389104244973e-02 2.3201466648502193e-02 1.0000036017918039e+00 7.2438165464710269e-02 1.4177533781349166e-01 2.7886771506970558e+01 30
1 0 1 1 3.2616735146989664e-02 2.3183768156455890e-02 1.0000037226290923e+00 7.2382046849614939e-02 1.4270543019908571e-01 2.7936771499621173e+01 30
1 0 1 1 3.2592978750805753e-02 2.3166041801997578e-02 1.0000038468067338e+00 7.2326077880181361e-02 1.4363687938234199e-01 2.7986771492280567e+01 30
1 0 1 1 3.2569121635756516e-02 2.3148288433489907e-02 1.0000039743936489e+00 7.2270259086661237e-02 1.4456967078612906e-01 2.8036771484954894e+01 30
1 0 1 1 3.2545165510716373e-02 2.3130508891966984e-02 1.0000041054595112e+00 7.2214590991184768e-02 1.4550378990528248e-01 2.8086771477647382e+01 30
1 0 1 1 3.2521112073366977e-02 2.3112704011166697e-02 1.0000042400747382e+00 7.2159074107803228e-02 1.4643922230646078e-01 2.8136771470354507e+01 30
1 0 1 1 3.2496963010194571e-02 2.3094874617566066e-02 1.0000043783104815e+00 7.2103708942515804e-02 1.4737595362826159e-01 2.8186771463075694e+01 30
1 0 1 1 3.2472719996489090e-02 2.3077021530412450e-02 1.0000045202386176e+00 7.2048495993310036e-02 1.4831396958117191e-01 2.8236771455815244e+01 30
1 0 1 1 3.2448384696355671e-02 2.3059145561770602e-02 1.0000046659317361e+00 7.1993435750214274e-02 1.4925325594724748e-01 2.8286771448568658e+01 30
1 0 1 1 3.2423958762707636e-02 2.3041247516546841e-02 1.0000048154631296e+00 7.1938528695320358e-02 1.5019379858035609e-01 2.8336771441340826e+01 30
1 0 1 1 3.2399443837285970e-02 2.3023328192540653e-02 1.0000049689067814e+00 7.1883775302842234e-02 1.5113558340576044e-01 2.8386771434127567e+01 30
1 0 1 1 3.2374841550651436e-02 2.3005388380465640e-02 1.0000051263373539e+00 7.1829176039139409e-02 1.5207859642040591e-01 2.8436771426936897e+01 30
1 0 1 1 3.2350153522212662e-02 2.2987428864007689e-02 1.0000052878301753e+00 7.1774731362786032e-02 1.5302282369220940e-01 2.8486771419755009e+01 30
1 0 1 1 3.2325381360206400e-02 2.2969450419834905e-02 1.0000054534612266e+00 7.1720441724563821e-02 1.5396825136095929e-01 2.8536771412600626e+01 30
1 0 1 1 3.2300526661742254e-02 2.2951453817663791e-02 1.0000056233071284e+00 7.1666307567570003e-02 1.5491486563693072e-01 2.8586771405456314e+01 30
1 0 1 1 3.2275591012785328e-02 2.2933439820277304e-02 1.0000057974451257e+00 7.1612329327192026e-02 1.5586265280203845e-01 2.8636771398334876e+01 30
1 0 1 1 3.2250575988185343e-02 2.2915409183568953e-02 1.0000059759530737e+00 7.1558507431201346e-02 1.5681159920874899e-01 2.8686771391228888e+01 30
1 0 1 1 3.2225483151685372e-02 2.2897362656582800e-02 1.0000061589094218e+00 7.1504842299762172e-02 1.5776169128068149e-01 2.8736771384147207e+01 30
1 0 1 1 3.2200314055943015e-02 2.2879300981552643e-02 1.0000063463931985e+00 7.1451334345506906e-02 1.5871291551178926e-01 2.8786771377078907e+01 30
1 0 1 1 3.2175070242533875e-02 2.2861224893932611e-02 1.0000065384839942e+00 7.1397983973539580e-02 1.5966525846698570e-01 2.8836771370032213e+01 30
1 0 1 1 3.2149753241978808e-02 2.2843135122440981e-02 1.0000067352619446e+00 7.1344791581510580e-02 1.6061870678145254e-01 2.8886771363005195e+01 30
1 0 1 1 3.2124364573761929e-02 2.2825032389101638e-02 1.0000069368077127e+00 7.1291757559646757e-02 1.6157324716076993e-01 2.8936771355998644e+01 30
1 0 1 1 3.2098905746345045e-02 2.2806917409275266e-02 1.0000071432024711e+00 7.1238882290799221e-02 1.6252886638064049e-01 2.8986771349009487e+01 30
1 0 1 1 3.2073378257189075e-02 2.2788790891701122e-02 1.0000073545278834e+00 7.1186166150476349e-02 1.6348555128706529e-01 2.9036771342046489e+01 30
1 0 1 1 3.2047783592784665e-02 2.2770653538543371e-02 1.0000075708660841e+00 7.1133609506915468e-02 1.6444328879554501e-01 2.9086771335095786e+01 30
1 0 1 1 3.2022123228652784e-02 2.2752506045410955e-02 1.0000077922996600e+00 7.1081212721079506e-02 1.6540206589194925e-01 2.9136771328174294e+01 30
1 0 1 1 3.1996398629393727e-02 2.2734349101417396e-02 1.0000080189116292e+00 7.1028976146759737e-02 1.6636186963114169e-01 2.9186771321265223e+01 30
1 0 1 1 3.1970611248688691e-02 2.2716183389204753e-02 1.0000082507854198e+00 7.0976900130557907e-02 1.6732268713817583e-01 2.9236771314387880e+01 30
1 0 1 1 3.1944762529346013e-02 2.2698009584993635e-02 1.0000084880048496e+00 7.0924985011999342e-02 1.6828450560662167e-01 2.9286771307519391e+01 30
1 0 1 1 3.1918853903298759e-02 2.2679828358606820e-02 1.0000087306541032e+00 7.0873231123496361e-02 1.6924731230015819e-01 2.9336771300684706e+01 30
1 0 1 1 3.1892886791666346e-02 2.2661640373528660e-02 1.0000089788177096e+00 7.0821638790480979e-02 1.7021109455058503e-01 2.9386771293862353e+01 30
1 0 1 1 3.1866862604746221e-02 2.2643446286922039e-02 1.0000092325805190e+00 7.0770208331368989e-02 1.7117583975928247e-01 2.9436771287068122e+01 30
1 0 1 1 3.1840782742073991e-02 2.2625246749689441e-02 1.0000094920276796e+00 7.0718940057665880e-02 1.7214153539586813e-01 2.9486771280293837e+01 30
1 0 1 1 3.1814648592428441e-02 2.2607042406491976e-02 1.0000097572446129e+00 7.0667834273975882e-02 1.7310816899869838e-01 2.9536771273542936e+01 29
1 0 1 1 3.1788461533875434e-02 2.2588833895802386e-02 1.0000100283169893e+00 7.0616891278063365e-02 1.7407572817436279e-01 2.9586771266812136e+01 29
1 0 1 1 3.1762222933788463e-02 2.2570621849934205e-02 1.0000103053307023e+00 7.0566111360884864e-02 1.7504420059780215e-01 2.9636771260107221e+01 29
1 0 1 1 3.1735934148891469e-02 2.2552406895090579e-02 1.0000105883718431e+00 7.0515494806652368e-02 1.7601357401177672e-01 2.9686771253424308e+01 29
1 0 1 1 3.1709596525282574e-02 2.2534189651396280e-02 1.0000108775266743e+00 7.0465041892863678e-02 1.7698383622697178e-01 2.9736771246764754e+01 29
1 0 1 1 3.1683211398466589e-02 2.2515970732936499e-02 1.0000111728816017e+00 7.0414752890354315e-02 1.7795497512162162e-01 2.9786771240125390e+01 29
1 0 1 1 3.1656780093388369e-02 2.2497750747795964e-02 1.0000114745231490e+00 7.0364628063331880e-02 1.7892697864163534e-01 2.9836771233514281e+01 29
1 0 1 1 3.1630303924477791e-02 2.2479530298107130e-02 1.0000117825379276e+00 7.0314667669445219e-02 1.7989983479992794e-01 2.9886771226925678e+01 29
1 0 1 1 3.1603784195670857e-02 2.2461309980076092e-02 1.0000120970126092e+00 7.0264871959808961e-02 1.8087353167660469e-01 2.9936771220360168e+01 29
1 0 1 1 3.1577222200451116e-02 2.2443090384029730e-02 1.0000124180338965e+00 7.0215241179055032e-02 1.8184805741862262e-01 2.9986771213816137e+01 29
1 0 1 1 3.1550619221879191e-02 2.2424872094445089e-02 1.0000127456884933e+00 7.0165775565371680e-02 1.8282340023980070e-01 3.0036771207301623e+01 29
1 0 1 1 3.1523976532646512e-02 2.2406655690005724e-02 1.0000130800630744e+00 7.0116475350571805e-02 1.8379954842012897e-01 3.0086771200807586e+01 29
1 0 1 1 3.1497295395091371e-02 2.2388441743621579e-02 1.0000134212442557e+00 7.0067340760108565e-02 1.8477649030613016e-01 3.0136771194337857e+01 29
1 0 1 1 3.1470577061247763e-02 2.2370230822476512e-02 1.0000137693185613e+00 7.0018372013137237e-02 1.8575421431039885e-01 3.0186771187895577e+01 29
1 0 1 1 3.1443822772887958e-02 2.2352023488070548e-02 1.0000141243723935e+00 6.9969569322565622e-02 1.8673270891128371e-01 3.0236771181477280e+01 29
1 0 1 1 3.1417033761552172e-02 2.2333820296250636e-02 1.0000144864919989e+00 6.9920932895088883e-02 1.8771196265285139e-01 3.0286771175082055e+01 29
1 0 1 1 3.1390211248591426e-02 2.2315621797254805e-02 1.0000148557634374e+00 6.9872462931234725e-02 1.8869196414471898e-01 3.0336771168713028e+01 29
1 0 1 1 3.1363356032411770e-02 2.2297428535745650e-02 1.0000152322725477e+00 6.9824159625416826e-02 1.8967270206166201e-01 3.0386771162369229e+01 29
1 0 1 1 3.1336463896914704e-02 2.2279241050853625e-02 1.0000156161049136e+00 6.9776023165975420e-02 1.9065416514354599e-01 3.0436771156052224e+01 29
1 0 1 1 3.1309541790171903e-02 2.2261059876213560e-02 1.0000160073458306e+00 6.9728053735227946e-02 1.9163634219493189e-01 3.0486771149757452e+01 29
1 0 1 1 3.1282590895201037e-02 2.2242885540002491e-02 1.0000164060802696e+00 6.9680251509501218e-02 1.9261922208525503e-01 3.0536771143494072e+01 29
1 0 1 1 3.1255612385022419e-02 2.2224718564979516e-02 1.0000168123928435e+00 6.9632616659204033e-02 1.9360279374790196e-01 3.0586771137250103e+01 29
1 0 1 1 3.1228607422687450e-02 2.2206559468519294e-02 1.0000172263677702e+00 6.9585149348834807e-02 1.9458704618078174e-01 3.0636771131031626e+01 29
1 0 1 1 3.1201577161332716e-02 2.2188408762653693e-02 1.0000176480888368e+00 6.9537849737049573e-02 1.9557196844585054e-01 3.0686771124851017e+01 29
1 0 1 1 3.1174522744232956e-02 2.2170266954117741e-02 1.0000180776393623e+00 6.9490717976736033e-02 1.9655754966791344e-01 3.0736771118677446e+01 29
1 0 1 1 3.1147445304804750e-02 2.2152134544361657e-02 1.0000185151021626e+00 6.9443754214970843e-02 1.9754377903665751e-01 3.0786771112551307e+01 29
1 0 1 1 3.1120345966712270e-02 2.2134012029628614e-02 1.0000189605595096e+00 6.9396958593189922e-02 1.9853064580338312e-01 3.0836771106430561e+01 29
1 0 1 1 3.1093225843840149e-02 2.2115899900946406e-02 1.0000194140930965e+00 6.9350331247096969e-02 1.9951813928398340e-01 3.0886771100353162e+01 29
1 0 1 1 3.1066086040406816e-02 2.2097798644208397e-02 1.0000198757839964e+00 6.9303872306834879e-02 2.0050624885590365e-01 3.0936771094295420e+01 29
1 0 1 1 3.1038927650959853e-02 2.2079708740179817e-02 1.0000203457126262e+00 6.9257581896944392e-02 2.0149496395969502e-01 3.0986771088262348e+01 29
1 0 1 1 3.1011751760441048e-02 2.2061630664547572e-02 1.0000208239587047e+00 6.9211460136438696e-02 2.0248427409823361e-01 3.1036771082260032e+01 29
1 0 1 1 3.0984559444234575e-02 2.2043564887958885e-02 1.0000213106012146e+00 6.9165507138858495e-02 2.0347416883621666e-01 3.1086771076282680e+01 29
1 0 1 1 3.0957351768206090e-02 2.2025511876055049e-02 1.0000218057183619e+00 6.9119723012298739e-02 2.0446463780034813e-01 3.1136771070333658e+01 29
1 0 1 1 3.0930129788751488e-02 2.2007472089507155e-02 1.0000223093875349e+00 6.9074107859465994e-02 2.0545567067876544e-01 3.1186771064409658e+01 29
1 0 1 1 3.0902894552843358e-02 2.1989445984056596e-02 1.0000228216852638e+00 6.9028661777712108e-02 2.0644725722115373e-01 3.1236771058517849e+01 29
1 0 1 1 3.0875647098083721e-02 2.1971434010552713e-02 1.0000233426871787e+00 6.8983384859099217e-02 2.0743938723786839e-01 3.1286771052644731e+01 29
1 0 1 1 3.0848388452731784e-02 2.1953436614977923e-02 1.0000238724679695e+00 6.8938277190405406e-02 2.0843205060071363e-01 3.1336771046807637e+01 29
1 0 1 1 3.0821119635783104e-02 2.1935454238505705e-02 1.0000244111013417e+00 6.8893338853220604e-02 2.0942523724150997e-01 3.1386771040994830e+01 29
1 0 1 1 3.0793841656988088e-02 2.1917487317515034e-02 1.0000249586599750e+00 6.8848569923950859e-02 2.1041893715271115e-01 3.1436771035210015e+01 29
1 0 1 1 3.0766555516917014e-02 2.1899536283641653e-02 1.0000255152154813e+00 6.8803970473880399e-02 2.1141314038673570e-01 3.1486771029450278e+01 28
1 0 1 1 3.0739262206996697e-02 2.1881601563803886e-02 1.0000260808383605e+00 6.8759540569204691e-02 2.1240783705601973e-01 3.1536771023722295e+01 28
1 0 1 1 3.0711962709572712e-02 2.1863683580248702e-02 1.0000266555979576e+00 6.8715280271092499e-02 2.1340301733233336e-01 3.1586771018020375e+01 28
1 0 1 1 3.0684657997945359e-02 2.1845782750578680e-02 1.0000272395624186e+00 6.8671189635712060e-02 2.1439867144693084e-01 3.1636771012347161e+01 28
1 0 1 1 3.0657349036424853e-02 2.1827899487792523e-02 1.0000278327986474e+00 6.8627268714285261e-02 2.1539478969001016e-01 3.1686771006699161e+01 28
1 0 1 1 3.0630036780376117e-02 2.1810034200317869e-02 1.0000284353722606e+00 6.8583517553120421e-02 2.1639136241080831e-01 3.1736771001084350e+01 28
1 0 1 1 3.0602722176278654e-02 2.1792187292053500e-02 1.0000290473475437e+00 6.8539936193677348e-02 2.1738838001675989e-01 3.1786770995493242e+01 28
1 0 1 1 3.0575406161758342e-02 2.1774359162392395e-02 1.0000296687874053e+00 6.8496524672583214e-02 2.1838583297390399e-01 3.1836770989932461e+01 28
1 0 1 1 3.0548089665653855e-02 2.1756550206269983e-02 1.0000302997533335e+00 6.8453283021697453e-02 2.1938371180616356e-01 3.1886770984401092e+01 28
1 0 1 1 3.0520773608058854e-02 2.1738760814192203e-02 1.0000309403053491e+00 6.8410211268148502e-02 2.2038200709517181e-01 3.1936770978895748e+01 28
1 0 1 1 3.0493458900367205e-02 2.1720991372267268e-02 1.0000315905019619e+00 6.8367309434369694e-02 2.2138070948017405e-01 3.1986770973418867e+01 28
1 0 1 1 3.0466146445330418e-02 2.1703242262247537e-02 1.0000322504001229e+00 6.8324577538149245e-02 2.2237980965765944e-01 3.2036770967972828e+01 28
1 0 1 1 3.0438837137108026e-02 2.1685513861561909e-02 1.0000329200551803e+00 6.8282015592677131e-02 2.2337929838101070e-01 3.2086770962556365e+01 28
1 0 1 1 3.0411531861315358e-02 2.1667806543350033e-02 1.0000335995208327e+00 6.8239623606584143e-02 2.2437916646019959e-01 3.2136770957162192e+01 28
1 0 1 1 3.0384231495063127e-02 2.1650120676488707e-02 1.0000342888490830e+00 6.8197401583967809e-02 2.2537940476200533e-01 3.2186770951801655e+01 28
1 0 1 1 3.0356936907029588e-02 2.1632456625641075e-02 1.0000349880901922e+00 6.8155349524464226e-02 2.2638000420917834e-01 3.2236770946475772e+01 28
1 0 1 1 3.0329648957503393e-02 2.1614814751284659e-02 1.0000356972926328e+00 6.8113467423287222e-02 2.2738095577988079e-01 3.2286770941161144e+01 28
1 0 1 1 3.0302368498403877e-02 2.1597195409725673e-02 1.0000364165030429e+00 6.8071755271215506e-02 2.2838225050913114e-01 3.2336770935895352e+01 28
1 0 1 1 3.0275096373394567e-02 2.1579598953174829e-02 1.0000371457661787e+00 6.8030213054733779e-02 2.2938387948595684e-01 3.2386770930647835e+01 28
1 0 1 1 3.0247833417871621e-02 2.1562025729738359e-02 1.0000378851248688e+00 6.7988840755983104e-02 2.3038583385523409e-01 3.2436770925425833e+01 28
1 0 1 1 3.0220580459040879e-02 2.1544476083469516e-02 1.0000386346199670e+00 6.7947638352837292e-02 2.3138810481683758e-01 3.2486770920245057e+01 28
1 0 1 1 3.0193338315986511e-02 2.1526950354413554e-02 1.0000393942903056e+00 6.7906605818974286e-02 2.3239068362444959e-01 3.2536770915083643e+01 28
1 0 1 1 3.0166107799683213e-02 2.1509448878614657e-02 1.0000401641726491e+00 6.7865743123860262e-02 2.3339356158660646e-01 3.2586770909948214e+01 28
1 0 1 1 3.0138889713066639e-02 2.1491971988162287e-02 1.0000409443016478e+00 6.7825050232817041e-02 2.3439673006610590e-01 3.2636770904857613e+01 28
1 0 1 1 3.0111684851107292e-02 2.1474520011238472e-02 1.0000417347097899e+00 6.7784527107101117e-02 2.3540018047841152e-01 3.2686770899776860e+01 28
1 0 1 1 3.0084494000805352e-02 2.1457093272114900e-02 1.0000425354273561e+00 6.7744173703856353e-02 2.3640390429386268e-01 3.2736770894740680e+01 28
1 0 1 1 3.0057317941302480e-02 2.1439692091221839e-02 1.0000433464823735e+00 6.7703989976251766e-02 2.3740789303480564e-01 3.2786770889724806e+01 28
1 0 1 1 3.0030157443886443e-02 2.1422316785154057e-02 1.0000441679005678e+00 6.7663975873447246e-02 2.3841213827722535e-01 3.2836770884739806e+01 28
1 0 1 1 3.0003013272066347e-02 2.1404967666716870e-02 1.0000449997053187e+00 6.7624131340671800e-02 2.3941663164960197e-01 3.2886770879788102e+01 28
1 0 1 1 2.9975886181619678e-02 2.1387645044953888e-02 1.0000458419176126e+00 6.7584456319262048e-02 2.4042136483248325e-01 3.2936770874856677e+01 28
1 0 1 1 2.9948776920627328e-02 2.1370349225171531e-02 1.0000466945559980e+00 6.7544950746672106e-02 2.4142632955920476e-01 3.2986770869965611e+01 28
1 0 1 1 2.9921686229554954e-02 2.1353080508987626e-02 1.0000475576365386e+00 6.7505614556564231e-02 2.4243151761412715e-01 3.3036770865094510e+01 28
1 0 1 1 2.9894614414709975e-02 2.1335835204807804e-02 1.0000484315412328e+00 6.7466447678792674e-02 2.4343693673427902e-01 3.3086771611579763e+01 28
1 0 1 1 2.9867563598512205e-02 2.1318616016216697e-02 1.0000493161095194e+00 6.7427451803803107e-02 2.4444252684403472e-01 3.3136770539651771e+01 28
1 0 1 1 2.9840533022093663e-02 2.1301424495989527e-02 1.0000502111924217e+00 6.7388624356434834e-02 2.4544833471570357e-01 3.3186770398766171e+01 28
1 0 1 1 2.9813523582314531e-02 2.1284261051141010e-02 1.0000511167903927e+00 6.7349965529469313e-02 2.4645434544525899e-01 3.3236770845751039e+01 28
1 0 1 1 2.9786536543835153e-02 2.1267126322828359e-02 1.0000520328880562e+00 6.7311476042322765e-02 2.4746053015785441e-01 3.3286770841028087e+01 28
1 0 1 1 2.9759572358206070e-02 2.1250020436516817e-02 1.0000529594942045e+00 6.7273155456328781e-02 2.4846689003270062e-01 3.3336770836339802e+01 28
1 0 1 1 2.9732631713824238e-02 2.1232943669376544e-02 1.0000538966066987e+00 6.7235003679315092e-02 2.4947341721052793e-01 3.3386770831675463e+01 28
1 0 1 1 2.9705715291843175e-02 2.1215896295102461e-02 1.0000548442205623e+00 6.7197020615583886e-02 2.5048010388216640e-01 3.3436770827045883e+01 28
1 0 1 1 2.9678823766246854e-02 2.1198878583962300e-02 1.0000558023279362e+00 6.7159206165978313e-02 2.5148694228752522e-01 3.3486770822444868e+01 28
1 0 1 1 2.9651957803884771e-02 2.1181890802815070e-02 1.0000567709180381e+00 6.7121560227901833e-02 2.5249392471569221e-01 3.3536770817868060e+01 27
1 0 1 1 2.9625118064516232e-02 2.1164933215136343e-02 1.0000577499771199e+00 6.7084082695349878e-02 2.5350104350483826e-01 3.3586770813321770e+01 27
1 0 1 1 2.9598305200874440e-02 2.1148006081059396e-02 1.0000587394884279e+00 6.7046773458960707e-02 2.5450829104159839e-01 3.3636770808804215e+01 27
1 0 1 1 2.9571519858705101e-02 2.1131109657393985e-02 1.0000597394321606e+00 6.7009632406044406e-02 2.5551565976106710e-01 3.3686770804320034e+01 27
1 0 1 1 2.9544762676829647e-02 2.1114244197667664e-02 1.0000607497854304e+00 6.6972659420630798e-02 2.5652314214614791e-01 3.3736770799859364e+01 27
1 0 1 1 2.9518034287172847e-02 2.1097409952136627e-02 1.0000617705222237e+00 6.6935854383483567e-02 2.5753073072785687e-01 3.3786770795427714e+01 27
1 0 1 1 2.9491335314827602e-02 2.1080607167827784e-02 1.0000628016133626e+00 6.6899217172151970e-02 2.5853841808466266e-01 3.3836770791024726e+01 27
1 0 1 1 2.9464666378097235e-02 2.1063836088560106e-02 1.0000638430264674e+00 6.6862747661001726e-02 2.5954619684235275e-01 3.3886770786651589e+01 27
1 0 1 1 2.9438028088549749e-02 2.1047096954978865e-02 1.0000648947259192e+00 6.6826445721253291e-02 2.6055405967370915e-01 3.3936770782306645e+01 27
1 0 1 1 2.9411421051059011e-02 2.1030390004575152e-02 1.0000659566728245e+00 6.6790311221013449e-02 2.6156199929823964e-01 3.3986770777986372e+01 27
1 0 1 1 2.9384845863853898e-02 2.1013715471718965e-02 1.0000670288249793e+00 6.6754344025303558e-02 2.6257000848224421e-01 3.4036770773699530e+01 27
1 0 1 1 2.9358303118575527e-02 2.0997073587687213e-02 1.0000681111368350e+00 6.6718543996113044e-02 2.6357808003784156e-01 3.4086770769433230e+01 27
1 0 1 1 2.9331793400305853e-02 2.0980464580682680e-02 1.0000692035594652e+00 6.6682910992403255e-02 2.6458620682389128e-01 3.4136770765210237e+01 27
1 0 1 1 2.9305317287652573e-02 2.0963888675882072e-02 1.0000703060405318e+00 6.6647444870194084e-02 2.6559438174369504e-01 3.4186770760987713e+01 27
1 0 1 1 2.9278875352726157e-02 2.0947346095420007e-02 1.0000714185242572e+00 6.6612145482500967e-02 2.6660259774812417e-01 3.4236770756824818e+01 27
1 0 1 1 2.9252468161287876e-02 2.0930837058476960e-02 1.0000725409513882e+00 6.6577012679505304e-02 2.6761084783091360e-01 3.4286770752661695e+01 27
1 0 1 1 2.9226096272690041e-02 2.0914361781241623e-02 1.0000736732591724e+00 6.6542046308441405e-02 2.6861912503298413e-01 3.4336770748545469e+01 27
1 0 1 1 2.9199760240011807e-02 2.0897920476989639e-02 1.0000748153813259e+00 6.6507246213751314e-02 2.6962742243836380e-01 3.4386770744440888e+01 27
1 0 1 1 2.9173460610036173e-02 2.0881513356066937e-02 1.0000759672480091e+00 6.6472612237023943e-02 2.7063573317684475e-01 3.4436770740373987e+01 27
1 0 1 1 2.9147197923350431e-02 2.0865140625951375e-02 1.0000771287857981e+00 6.6438144217095457e-02 2.7164405042177853e-01 3.4486770736333852e+01 27
1 0 1 1 2.9120972714363959e-02 2.0848802491257618e-02 1.0000782999176623e+00 6.6403841990047729e-02 2.7265236739049931e-01 3.4536770732306373e+01 27
1 0 1 1 2.9094785511339261e-02 2.0832499153754448e-02 1.0000794805629409e+00 6.6369705389218520e-02 2.7366067734517857e-01 3.4586770728328098e+01 27
1 0 1 1 2.9068636836494806e-02 2.0816230812425143e-02 1.0000806706373184e+00 6.6335734245307670e-02 2.7466897358981696e-01 3.4636770724348501e+01 27
1 0 1 1 2.9042527205964792e-02 2.0799997663440560e-02 1.0000818700528089e+00 6.6301928386295284e-02 2.7567724947384581e-01 3.4686770720419844e+01 27
1 0 1 1 2.9016457129937192e-02 2.0783799900239167e-02 1.0000830787177311e+00 6.6268287637594625e-02 2.7668549838797052e-01 3.4736770716503031e+01 27
1 0 1 1 2.8990427112623906e-02 2.0767637713505812e-02 1.0000842965366949e+00 6.6234811821984318e-02 2.7769371376681645e-01 3.4786770712609780e+01 27
1 0 1 1 2.8964437652337079e-02 2.0751511291217391e-02 1.0000855234105837e+00 6.6201500759679233e-02 2.7870188908773241e-01 3.4836770708754017e+01 27
1 0 1 1 2.8938489241548068e-02 2.0735420818673495e-02 1.0000867592365383e+00 6.6168354268378637e-02 2.7971001786962846e-01 3.4886770704905757e+01 27
1 0 1 1 2.8912580057302066e-02 2.0719366478492995e-02 1.0000880039079472e+00 6.6135372163234341e-02 2.8071809367493944e-01 3.4936770701098837e+01 27
1 0 1 1 2.8886704114706899e-02 2.0703348450672208e-02 1.0000892573144307e+00 6.6102554256955381e-02 2.8172611010695303e-01 3.4986770697309616e+01 27
1 0 1 1 2.8860870710139323e-02 2.0687366912580680e-02 1.0000905193418346e+00 6.6069900359778194e-02 2.8273406081111030e-01 3.5036770693531828e+01 27
1 0 1 1 2.8835080313584702e-02 2.0671422038984717e-02 1.0000917898722212e+00 6.6037410279493891e-02 2.8374193947527904e-01 3.5086770689800460e+01 27
1 0 1 1 2.8809333389406590e-02 2.0655514002101128e-02 1.0000930687838607e+00 6.6005083821540189e-02 2.8474973982724827e-01 3.5136770686077874e+01 27
1 0 1 1 2.8783630396325879e-02 2.0639642971580916e-02 1.0000943559512292e+00 6.5972920788947370e-02 2.8575745563705940e-01 3.5186770682379290e+01 27
1 0 1 1 2.8757971787497220e-02 2.0623809114552631e-02 1.0000956512450052e+00 6.5940920982409779e-02 2.8676508071550910e-01 3.5236770678708808e+01 27
1 0 1 1 2.8732358010550279e-02 2.0608012595642489e-02 1.0000969545320673e+00 6.5909084200311108e-02 2.8777260891374890e-01 3.5286770675049702e+01 27
1 0 1 1 2.8706789507608788e-02 2.0592253576985763e-02 1.0000982656754973e+00 6.5877410238719458e-02 2.8878003412433423e-01 3.5336770671424944e+01 27
1 0 1 1 2.8681266715367689e-02 2.0576532218267007e-02 1.0000995845345806e+00 6.5845898891460808e-02 2.8978735027946462e-01 3.5386770667820677e+01 27
1 0 1 1 2.8655790065110379e-02 2.0560848676729748e-02 1.0001009109648125e+00 6.5814549950111267e-02 2.9079455135161214e-01 3.5436770664225570e+01 27
1 0 1 1 2.8630359982736244e-02 2.0545203107186702e-02 1.0001022448179058e+00 6.5783363204008904e-02 2.9180163135400972e-01 3.5486770660665357e+01 27
1 0 1 1 2.8604976888842136e-02 2.0529595662068079e-02 1.0001035859417970e+00 6.5752338440326241e-02 2.9280858433863904e-01 3.5536770657111106e+01 27
1 0 1 1 2.8579641198712157e-02 2.0514026491411777e-02 1.0001049341806603e+00 6.5721475444033117e-02 2.9381540439840703e-01 3.5586770653596076e+01 26
1 0 1 1 2.8554353322415703e-02 2.0498495742917781e-02 1.0001062893749171e+00 6.5690773997991447e-02 2.9482208566417267e-01 3.5636770650077196e+01 26
1 0 1 1 2.8529113664773110e-02 2.0483003561924472e-02 1.0001076513612557e+00 6.5660233882890384e-02 2.9582862230787454e-01 3.5686770646598788e+01 26
1 0 1 1 2.8503922625475828e-02 2.0467550091479637e-02 1.0001090199726441e+00 6.5629854877363170e-02 2.9683500853910216e-01 3.5736770643129589e+01 26
1 0 1 1 2.8478780599061407e-02 2.0452135472317567e-02 1.0001103950383519e+00 6.5599636757938284e-02 2.9784123860708317e-01 3.5786770639671339e+01 26
1 0 1 1 2.8453687974971623e-02 2.0436759842896307e-02 1.0001117763839726e+00 6.5569579299078473e-02 2.9884730680025218e-01 3.5836770636242854e+01 26
1 0 1 1 2.8428645137609024e-02 2.0421423339422658e-02 1.0001131638314456e+00 6.5539682273231203e-02 2.9985320744496319e-01 3.5886770632826277e+01 26
1 0 1 1 2.8403652466348038e-02 2.0406126095858707e-02 1.0001145571990837e+00 6.5509945450813789e-02 3.0085893490657240e-01 3.5936770629426725e+01 26
1 0 1 1 2.8378710335587184e-02 2.0390868243950023e-02 1.0001159563016022e+00 6.5480368600251082e-02 3.0186448358865131e-01 3.5986770626040460e+01 26
1 0 1 1 2.8353819114774914e-02 2.0375649913235504e-02 1.0001173609501484e+00 6.5450951487986520e-02 3.0286984793337157e-01 3.6036770622682212e+01 26
1 0 1 1 2.8328979168472102e-02 2.0360471231082464e-02 1.0001187709523351e+00 6.5421693878528975e-02 3.0387502241991832e-01 3.6086770619312489e+01 26
1 0 1 1 2.8304190856326600e-02 2.0345332322668778e-02 1.0001201861122790e+00 6.5392595534401521e-02 3.0488000156753892e-01 3.6136770615995800e+01 26
1 0 1 1 2.8279454533213240e-02 2.0330233311061791e-02 1.0001216062306326e+00 6.5363656216281485e-02 3.0588477993041396e-01 3.6186770612652609e+01 26
1 0 1 1 2.8254770549137997e-02 2.0315174317158378e-02 1.0001230311046327e+00 6.5334875682865279e-02 3.0688935210341545e-01 3.6236770609351488e+01 26
1 0 1 1 2.8230139249394569e-02 2.0300155459776079e-02 1.0001244605281352e+00 6.5306253691028771e-02 3.0789371271685528e-01 3.6286770606054120e+01 26
1 0 1 1 2.8205560974521614e-02 2.0285176855621194e-02 1.0001258942916658e+00 6.5277789995755842e-02 3.0889785643948497e-01 3.6336770602771253e+01 26
1 0 1 1 2.8181036060371759e-02 2.0270238619330430e-02 1.0001273321824653e+00 6.5249484350191567e-02 3.0990177797692847e-01 3.6386770599488763e+01 26
1 0 1 1 2.8156564838116745e-02 2.0255340863467312e-02 1.0001287739845415e+00 6.5221336505630362e-02 3.1090547207285835e-01 3.6436770596233302e+01 26
1 0 1 1 2.8132147634323760e-02 2.0240483698565744e-02 1.0001302194787183e+00 6.5193346211579767e-02 3.1190893350703092e-01 3.6486770592979184e+01 26
1 0 1 1 2.8107784768221806e-02 2.0225667212598095e-02 1.0001316684485568e+00 6.5165513215727139e-02 3.1291215720203891e-01 3.6536770594368662e+01 26
1 0 1 1 2.8083475568706918e-02 2.0210884031976479e-02 1.0001331228342298e+00 6.5137837271710436e-02 3.1391517614053899e-01 3.6586772277706814e+01 26
1 0 1 1 2.8059223819030452e-02 2.0196143304692743e-02 1.0001345801321999e+00 6.5110320921554499e-02 3.1491784444415100e-01 3.6636768843975204e+01 26
1 0 1 1 2.8035024837748473e-02 2.0181442100474629e-02 1.0001360404109552e+00 6.5082958246266420e-02 3.1592036334402485e-01 3.6686770580215885e+01 26
1 0 1 1 2.8010882278369585e-02 2.0166782555682120e-02 1.0001375032347366e+00 6.5055752783674425e-02 3.1692258924656996e-01 3.6736770577002616e+01 26
1 0 1 1 2.7986795597567726e-02 2.0152164256882658e-02 1.0001389684171982e+00 6.5028703318080472e-02 3.1792455203305103e-01 3.6786770573815510e+01 26
1 0 1 1 2.7962765090434962e-02 2.0137587300859190e-02 1.0001404357184729e+00 6.5001809586715892e-02 3.1892624674016512e-01 3.6836770570625490e+01 26
1 0 1 1 2.7938791047673592e-02 2.0123051782459097e-02 1.0001419048959990e+00 6.4975071325093642e-02 3.1992766844157139e-01 3.6886770567432009e+01 26
1 0 1 1 2.7914873755633139e-02 2.0108557794614124e-02 1.0001433757045937e+00 6.4948488267031618e-02 3.2092881224798420e-01 3.6936770564271292e+01 26
1 0 1 1 2.7891013496392607e-02 2.0094105428384915e-02 1.0001448478965265e+00 6.4922060144718852e-02 3.2192967330436439e-01 3.6986770561079418e+01 26
1 0 1 1 2.7867210547691083e-02 2.0079694772917489e-02 1.0001463212216051e+00 6.4895786688621532e-02 3.2293024679461607e-01 3.7036770557929849e+01 26
1 0 1 1 2.7843465183081610e-02 2.0065325915530723e-02 1.0001477954272466e+00 6.4869667627626554e-02 3.2393052793562621e-01 3.7086770554738465e+01 26
1 0 1 1 2.7819777671818625e-02 2.0050998941646230e-02 1.0001492702585721e+00 6.4843702688902299e-02 3.2493051198377254e-01 3.7136770551591901e+01 26
1 0 1 1 2.7796148279034184e-02 2.0036713934890173e-02 1.0001507454584819e+00 6.4817891598066280e-02 3.2593019422820746e-01 3.7186770548413925e+01 26
1 0 1 1 2.7772577265632412e-02 2.0022470977025791e-02 1.0001522207677518e+00 6.4792234079054045e-02 3.2692956999675976e-01 3.7236770545263816e+01 26
1 0 1 1 2.7749064888429226e-02 2.0008270148035929e-02 1.0001536959251163e+00 6.4766729854244032e-02 3.2792863465088057e-01 3.7286770542084085e+01 26
1 0 1 1 2.7725611400078107e-02 1.9994111526073565e-02 1.0001551706673679e+00 6.4741378644362663e-02 3.2892738359037216e-01 3.7336770538940407e+01 26
1 0 1 1 2.7702217049207736e-02 1.9979995187540532e-02 1.0001566447294434e+00 6.4716180168608695e-02 3.2992581224804335e-01 3.7386770535755680e+01 26
1 0 1 1 2.7678882080325720e-02 1.9965921207026959e-02 1.0001581178445289e+00 6.4691134144530565e-02 3.3092391609547556e-01 3.7436770532600136e+01 26
1 0 1 1 2.7655606733962675e-02 1.9951889657394788e-02 1.0001595897441506e+00 6.4666240288160537e-02 3.3192169063766430e-01 3.7486770529424497e+01 26
1 0 1 1 2.7632391246611175e-02 1.9937900609736856e-02 1.0001610601582807e+00 6.4641498313929430e-02 3.3291913141688528e-01 3.7536770526255140e+01 26
1 0 1 1 2.7609235850806473e-02 1.9923954133422270e-02 1.0001625288154357e+00 6.4616907934730433e-02 3.3391623401014320e-01 3.7586770523067067e+01 26
1 0 1 1 2.7586140775106179e-02 1.9910050296081359e-02 1.0001639954427841e+00 6.4592468861881691e-02 3.3491299403156144e-01 3.7636770519905092e+01 26
1 0 1 1 2.7563106244187386e-02 1.9896189163658397e-02 1.0001654597662475e+00 6.4568180805204989e-02 3.3590940712864459e-01 3.7686770516697514e+01 26
1 0 1 1 2.7540132478765769e-02 1.9882370800363480e-02 1.0001669215106148e+00 6.4544043472921142e-02 3.3690546898740770e-01 3.7736770513512795e+01 26
1 0 1 1 2.7517219695728106e-02 1.9868595268744325e-02 1.0001683803996451e+00 6.4520056571772288e-02 3.3790117532737346e-01 3.7786770510311115e+01 26
1 0 1 1 2.7494368108086024e-02 1.9854862629657910e-02 1.0001698361561822e+00 6.4496219806951471e-02 3.3889652190482539e-01 3.7836770507106763e+01 26
1 0 1 1 2.7471577925036163e-02 1.9841172942302161e-02 1.0001712885022653e+00 6.4472532882144218e-02 3.3989150451101829e-01 3.7886770503878807e+01 26
1 0 1 1 2.7448849351946986e-02 1.9827526264205426e-02 1.0001727371592448e+00 6.4448995499500006e-02 3.4088611897420817e-01 3.7936770500673610e+01 26
1 0 1 1 2.7426182590453981e-02 1.9813922651279792e-02 1.0001741818478938e+00 6.4425607359706538e-02 3.4188036115619130e-01 3.7986770497430456e+01 26
1 0 1 1 2.7403571793912517e-02 1.9800362157775850e-02 1.0001756222885285e+00 6.4402368161902479e-02 3.4287422695614245e-01 3.8036770494175407e+01 26
1 0 1 1 2.7381017839896996e-02 1.9786844836324702e-02 1.0001770582011247e+00 6.4379277603734908e-02 3.4386771230913393e-01 3.8086770490946115e+01 26
1 0 1 1 2.7358526353855325e-02 1.9773370737973937e-02 1.0001784893054322e+00 6.4356335381403340e-02 3.4486081318353901e-01 3.8136770487660584e+01 26
1 0 1 1 2.7336097522384521e-02 1.9759939912126739e-02 1.0001799153211028e+00 6.4333541189550536e-02 3.4585352558645560e-01 3.8186770484391303e+01 26
1 0 1 1 2.7313731528460485e-02 1.9746552406625918e-02 1.0001813359678038e+00 6.4310894721384348e-02 3.4684584555874198e-01 3.8236770481113226e+01 26
1 0 1 1 2.7291428551408939e-02 1.9733208267729230e-02 1.0001827509653414e+00 6.4288395668626958e-02 3.4783776917665854e-01 3.8286770477787442e+01 26
1 0 1 1 2.7269188766884500e-02 1.9719907540097472e-02 1.0001841600337871e+00 6.4266043721479649e-02 3.4882929255461725e-01 3.8336770474498159e+01 26
1 0 1 1 2.7247012347012659e-02 1.9706650266872371e-02 1.0001855628935927e+00 6.4243838568742245e-02 3.4982041183919688e-01 3.8386770471151330e+01 26
1 0 1 1 2.7224899460266093e-02 1.9693436489601264e-02 1.0001869592657231e+00 6.4221779897675191e-02 3.5081112321611935e-01 3.8436770467825781e+01 26
1 0 1 1 2.7202850271620078e-02 1.9680266248325431e-02 1.0001883488717709e+00 6.4199867394131027e-02 3.5180142290389066e-01 3.8486770464451496e+01 26
1 0 1 1 2.7180864942458111e-02 1.9667139581522920e-02 1.0001897314340900e+00 6.4178100742445954e-02 3.5279130715946189e-01 3.8536770461094164e+01 26
1 0 1 1 2.7158943630698363e-02 1.9654056526176692e-02 1.0001911066759115e+00 6.4156479625545604e-02 3.5378077227315580e-01 3.8586770457699821e+01 26
1 0 1 1 2.7137086490729708e-02 1.9641017117736307e-02 1.0001924743214758e+00 6.4135003724863027e-02 3.5476981457272455e-01 3.8636770454297697e+01 26
1 0 1 1 2.7115293673484829e-02 1.9628021390155761e-02 1.0001938340961529e+00 6.4113672720394144e-02 3.5575843042094829e-01 3.8686770450879393e+01 26
1 0 1 1 2.7093565326442050e-02 1.9615069375893038e-02 1.0001951857265685e+00 6.4092486290680900e-02 3.5674661621657411e-01 3.8736770447444918e+01 26
1 0 1 1 2.7071901593653674e-02 1.9602161105923617e-02 1.0001965289407293e+00 6.4071444112818066e-02 3.5773436839397355e-01 3.8786770443984018e+01 26
1 0 1 1 2.7050302615746039e-02 1.9589296609734727e-02 1.0001978634681474e+00 6.4050545862443409e-02 3.5872168342409794e-01 3.8836770440526337e+01 26
1 0 1 1 2.7028768529988124e-02 1.9576475915366296e-02 1.0001991890399626e+00 6.4029791213778442e-02 3.5970855781234390e-01 3.8886770437029838e+01 26
1 0 1 1 2.7007299470249380e-02 1.9563699049380035e-02 1.0002005053890695e+00 6.4009179839574631e-02 3.6069498810142908e-01 3.8936770433527620e+01 26
1 0 1 1 2.6985895567073384e-02 1.9550966036900500e-02 1.0002018122502365e+00 6.3988711411166244e-02 3.6168097086890455e-01 3.8986770430001009e+01 26
1 0 1 1 2.6964556947663594e-02 1.9538276901603677e-02 1.0002031093602319e+00 6.3968385598441257e-02 3.6266650272895240e-01 3.9036770426470227e+01 26
1 0 1 1 2.6943283735938392e-02 1.9525631665744513e-02 1.0002043964579421e+00 6.3948202069874116e-02 3.6365158033042372e-01 3.9086770422894929e+01 26
1 0 1 1 2.6922076052496115e-02 1.9513030350137132e-02 1.0002056732844968e+00 6.3928160492476904e-02 3.6463620035993383e-01 3.9136770419329011e+01 26
1 0 1 1 2.6900934014709652e-02 1.9500472974202123e-02 1.0002069395833832e+00 6.3908260531873096e-02 3.6562035953788297e-01 3.9186770415721121e+01 26
1 0 1 1 2.6879857736669087e-02 1.9487959555932709e-02 1.0002081951005706e+00 6.3888501852228219e-02 3.6660405462248602e-01 3.9236770412117544e+01 26
1 0 1 1 2.6858847329275674e-02 1.9475490111947113e-02 1.0002094395846226e+00 6.3868884116319358e-02 3.6758728240620331e-01 3.9286770408480507e+01 26
1 0 1 1 2.6837902900201879e-02 1.9463064657459325e-02 1.0002106727868172e+00 6.3849406985483914e-02 3.6857003971840641e-01 3.9336770404825039e+01 26
1 0 1 1 2.6817024553943372e-02 1.9450683206308741e-02 1.0002118944612604e+00 6.3830070119649585e-02 3.6955232342405447e-01 3.9386770401150365e+01 26
1 0 1 1 2.6796211874737436e-02 1.9438342364105039e-02 1.0002131060896740e+00 6.3810873177330668e-02 3.7053415166443332e-01 3.9436771299704304e+01 26
1 0 1 1 2.6775465986912394e-02 1.9426042124781051e-02 1.0002143077537808e+00 6.3791816853571215e-02 3.7151547220674774e-01 3.9486770555753452e+01 26
1 0 1 1 2.6754786698978274e-02 1.9413786098045543e-02 1.0002154971870221e+00 6.3772899956195672e-02 3.7249629926755562e-01 3.9536769263493916e+01 27
1 0 1 1 2.6734172880716792e-02 1.9401573568083603e-02 1.0002166742246685e+00 6.3754121025973942e-02 3.7347668797539124e-01 3.9586770387154083e+01 27
1 0 1 1 2.6713626084473009e-02 1.9389405409032036e-02 1.0002178385516300e+00 6.3735481052130671e-02 3.7445656587819959e-01 3.9636770383402599e+01 27
1 0 1 1 2.6693145930624326e-02 1.9377281350693526e-02 1.0002189899668599e+00 6.3716979261386475e-02 3.7543595216435416e-01 3.9686770379628051e+01 27
1 0 1 1 2.6672732502041854e-02 1.9365201397406048e-02 1.0002201282462011e+00 6.3698615304050327e-02 3.7641484394717162e-01 3.9736770375817414e+01 27
1 0 1 1 2.6652385878550459e-02 1.9353165552179932e-02 1.0002212531691701e+00 6.3680388829029433e-02 3.7739323837705291e-01 3.9786770372026979e+01 27
1 0 1 1 2.6632106137020745e-02 1.9341173816749373e-02 1.0002223645190520e+00 6.3662299483893126e-02 3.7837113263770839e-01 3.9836770368190237e+01 27
1 0 1 1 2.6611893351298176e-02 1.9329226191525838e-02 1.0002234620830004e+00 6.3644346914797312e-02 3.7934852395048591e-01 3.9886770364341523e+01 27
1 0 1 1 2.6591747592282017e-02 1.9317322675643765e-02 1.0002245456521306e+00 6.3626530766540068e-02 3.8032540957170075e-01 3.9936770360479876e+01 27
1 0 1 1 2.6571668927925778e-02 1.9305463266954686e-02 1.0002256150216096e+00 6.3608850682554341e-02 3.8130178679342303e-01 3.9986770356613761e+01 27
1 0 1 1 2.6551657423275574e-02 1.9293647962047793e-02 1.0002266699907465e+00 6.3591306304923156e-02 3.8227765294250360e-01 4.0036770352711791e+01 27
1 0 1 1 2.6531713140452440e-02 1.9281876756237767e-02 1.0002277103630803e+00 6.3573897274352642e-02 3.8325300538259299e-01 4.0086770348807889e+01 27
1 0 1 1 2.6511836138713510e-02 1.9270149643593977e-02 1.0002287359464608e+00 6.3556623230216935e-02 3.8422784151179501e-01 4.0136770344886330e+01 27
1 0 1 1 2.6492026474451612e-02 1.9258466616939290e-02 1.0002297465531318e+00 6.3539483810539699e-02 3.8520215876369596e-01 4.0186770340935048e+01 27
1 0 1 1 2.6472284201196083e-02 1.9246827667846987e-02 1.0002307419998095e+00 6.3522478651991815e-02 3.8617595460867554e-01 4.0236770337017390e+01 27
1 0 1 1 2.6452609369714809e-02 1.9235232786696622e-02 1.0002317221077550e+00 6.3505607389960694e-02 3.8714922654924377e-01 4.0286770333035747e+01 27
1 0 1 1 2.6433002027912485e-02 1.9223681962611074e-02 1.0002326867028515e+00 6.3488869658451241e-02 3.8812197212614935e-01 4.0336770329048413e+01 27
1 0 1 1 2.6413462220929128e-02 1.9212175183512169e-02 1.0002336356156705e+00 6.3472265090167457e-02 3.8909418891495134e-01 4.0386770325097906e+01 27
1 0 1 1 2.6393989991199660e-02 1.9200712436149805e-02 1.0002345686815368e+00 6.3455793316543663e-02 3.9006587452322483e-01 4.0436770321071677e+01 27
1 0 1 1 2.6374585378337045e-02 1.9189293706032822e-02 1.0002354857405980e+00 6.3439453967641279e-02 3.9103702659801209e-01 4.0486770317088713e+01 27
1 0 1 1 2.6355248419312603e-02 1.9177918977528900e-02 1.0002363866378767e+00 6.3423246672289546e-02 3.9200764281733796e-01 4.0536770313069034e+01 27
1 0 1 1 2.6335979148358689e-02 1.9166588233806511e-02 1.0002372712233349e+00 6.3407171057992484e-02 3.9297772089634841e-01 4.0586770309052660e+01 27
1 0 1 1 2.6316777597057514e-02 1.9155301456880498e-02 1.0002381393519226e+00 6.3391226750992846e-02 3.9394725858333735e-01 4.0636770305001896e+01 27
1 0 1 1 2.6297643794298702e-02 1.9144058627587113e-02 1.0002389908836327e+00 6.3375413376234535e-02 3.9491625366345207e-01 4.0686770300996848e+01 27
1 0 1 1 2.6278577766404562e-02 1.9132859725651801e-02 1.0002398256835436e+00 6.3359730557450644e-02 3.9588470395295838e-01 4.0736770296945231e+01 27
1 0 1 1 2.6259577488532710e-02 1.9121704729627161e-02 1.0002406436218683e+00 6.3344177917075278e-02 3.9685260730531668e-01 4.0786770292902332e+01 27
1 0 1 1 2.6240636282196226e-02 1.9110593616952522e-02 1.0002414445739924e+00 6.3328755076321019e-02 3.9781996160695460e-01 4.0836770288857970e+01 27
1 0 1 1 2.6221762991864083e-02 1.9099526363943280e-02 1.0002422284205117e+00 6.3313461655164993e-02 3.9878676477849784e-01 4.0886770284807852e+01 27
1 0 1 1 2.6202957633134911e-02 1.9088502945799217e-02 1.0002429950472671e+00 6.3298297272358084e-02 3.9975301477503772e-01 4.0936770280773715e+01 27
1 0 1 1 2.6184220219107594e-02 1.9077523336633057e-02 1.0002437443453751e+00 6.3283261545454939e-02 4.0071870958394434e-01 4.0986770276696184e+01 27
1 0 1 1 2.6165550760322454e-02 1.9066587509432700e-02 1.0002444762112566e+00 6.3268354090768586e-02 4.0168384722925776e-01 4.1036770272670516e+01 27
1 0 1 1 2.6146949264896538e-02 1.9055695436137745e-02 1.0002451905466574e+00 6.3253574523471634e-02 4.0264842576556642e-01 4.1086770268636819e+01 27
1 0 1 1 2.6128415738469600e-02 1.9044847087602179e-02 1.0002458872586726e+00 6.3238922457539509e-02 4.0361244328149903e-01 4.1136770264568412e+01 27
1 0 1 1 2.6109950184201661e-02 1.9034042433592555e-02 1.0002465662597639e+00 6.3224397505752927e-02 4.0457589790140142e-01 4.1186770260566917e+01 27
1 0 1 1 2.6091552602916086e-02 1.9023281442864345e-02 1.0002472274677698e+00 6.3209999279794760e-02 4.0553878777806535e-01 4.1236770256494054e+01 27
1 0 1 1 2.6073222992936226e-02 1.9012564083067316e-02 1.0002478708059228e+00 6.3195727390129464e-02 4.0650111110334630e-01 4.1286770252530289e+01 27
1 0 1 1 2.6054961350344609e-02 1.9001890320888958e-02 1.0002484962028479e+00 6.3181581446188517e-02 4.0746286609444665e-01 4.1336770248472654e+01 28
1 0 1 1 2.6036767668742796e-02 1.8991260121915040e-02 1.0002491035925773e+00 6.3167561056185817e-02 4.0842405100839385e-01 4.1386770244494123e+01 28
1 0 1 1 2.6018641939497954e-02 1.8980673450767083e-02 1.0002496929145419e+00 6.3153665827306055e-02 4.0938466412969787e-01 4.1436770240513709e+01 28
1 0 1 1 2.6000584151645315e-02 1.8970130271041653e-02 1.0002502641135740e+00 6.3139895365619092e-02 4.1034470377624943e-01 4.1486770236511873e+01 28
1 0 1 1 2.5982594291903173e-02 1.8959630545319236e-02 1.0002508171399012e+00 6.3126249276096169e-02 4.1130416830025729e-01 4.1536770232588189e+01 28
1 0 1 1 2.5964672344806445e-02 1.8949174235235136e-02 1.0002513519491349e+00 6.3112727162701054e-02 4.1226305608137576e-01 4.1586770228614839e+01 28
1 0 1 1 2.5946818292571016e-02 1.8938761301397131e-02 1.0002518685022623e+00 6.3099328628289014e-02 4.1322136553538263e-01 4.1636770224699262e+01 28
1 0 1 1 2.5929032115251858e-02 1.8928391703475836e-02 1.0002523667656271e+00 6.3086053274725218e-02 4.1417909510667100e-01 4.1686770220803147e+01 28
1 0 1 1 2.5911313790706207e-02 1.8918065400180126e-02 1.0002528467109142e+00 6.3072900702849488e-02 4.1513624327130616e-01 4.1736770216911097e+01 28
1 0 1 1 2.5893663294606968e-02 1.8907782349258582e-02 1.0002533083151273e+00 6.3059870512489125e-02 4.1609280853705466e-01 4.1786770213046182e+01 28
1 0 1 1 2.5876080600489321e-02 1.8897542507525379e-02 1.0002537515605647e+00 6.3046962302491349e-02 4.1704878944218798e-01 4.1836770209217086e+01 28
1 0 1 1 2.5858565679780777e-02 1.8887345830874223e-02 1.0002541764347921e+00 6.3034175670740156e-02 4.1800418455459670e-01 4.1886770205382938e+01 28
1 0 1 1 2.5841118501767960e-02 1.8877192274256101e-02 1.0002545829306126e+00 6.3021510214140930e-02 4.1895899247511431e-01 4.1936770201639952e+01 28
1 0 1 1 2.5823739033740172e-02 1.8867081791756297e-02 1.0002549710460329e+00 6.3008965528712324e-02 4.1991321182990254e-01 4.1986770197835149e+01 28
1 0 1 1 2.5806427240824270e-02 1.8857014336499708e-02 1.0002553407842298e+00 6.2996541209477674e-02 4.2086684128147916e-01 4.2036770194154506e+01 28
1 0 1 1 2.5789183086233673e-02 1.8846989860787481e-02 1.0002556921535080e+00 6.2984236850636643e-02 4.2181987951516420e-01 4.2086770190427373e+01 28
1 0 1 1 2.5772006373068614e-02 1.8837007428198514e-02 1.0002560257236330e+00 6.2972052045430771e-02 4.2277233266102010e-01 4.2136770516001100e+01 28
1 0 1 1 2.5754896444894905e-02 1.8827061830714260e-02 1.0002563448707182e+00 6.2959986626569681e-02 4.2372422554102684e-01 4.2186772179311411e+01 28
1 0 1 1 2.5737856103765933e-02 1.8817160311267386e-02 1.0002566456522985e+00 6.2948041389512044e-02 4.2467540792516367e-01 4.2236767772668287e+01 28
1 0 1 1 2.5720880916092089e-02 1.8807300268314640e-02 1.0002569281726770e+00 6.2936212850111084e-02 4.2562612367489150e-01 4.2286770177446101e+01 28
1 0 1 1 2.5703973974199486e-02 1.8797483473350377e-02 1.0002571924094721e+00 6.2924502795098203e-02 4.2657619624445403e-01 4.2336770173947400e+01 28
1 0 1 1 2.5687134410426842e-02 1.8787709397412165e-02 1.0002574384137231e+00 6.2912910241219866e-02 4.2752567029709432e-01 4.2386770170467926e+01 28
1 0 1 1 2.5670362174439992e-02 1.8777977986636728e-02 1.0002576662272282e+00 6.2901434776983733e-02 4.2847454472062935e-01 4.2436770167056423e+01 28
1 0 1 1 2.5653657214092563e-02 1.8768289186370496e-02 1.0002578758965350e+00 6.2890075990153171e-02 4.2942281842838620e-01 4.2486770163649190e+01 28
1 0 1 1 2.5637019475364897e-02 1.8758642941130353e-02 1.0002580674728807e+00 6.2878833467715500e-02 4.3037049036390890e-01 4.2536770160333653e+01 28
1 0 1 1 2.5620448902489393e-02 1.8749039194676700e-02 1.0002582410121303e+00 6.2867706795964540e-02 4.3131755949499989e-01 4.2586770157045031e+01 28
1 0 1 1 2.5603945437888999e-02 1.8739477889970803e-02 1.0002583965747123e+00 6.2856695560464915e-02 4.3226402481799620e-01 4.2636770153809152e+01 28
1 0 1 1 2.5587509022234042e-02 1.8729958969205689e-02 1.0002585342255526e+00 6.2845799346097020e-02 4.3320988535580246e-01 4.2686770150652784e+01 28
1 0 1 1 2.5571139594497798e-02 1.8720482373835265e-02 1.0002586540340073e+00 6.2835017737087218e-02 4.3415514015535905e-01 4.2736770147482630e+01 28
1 0 1 1 2.5554837091863982e-02 1.8711048044518716e-02 1.0002587560737937e+00 6.2824350316965510e-02 4.3509978829467577e-01 4.2786770144473437e+01 28
1 0 1 1 2.5538601449945915e-02 1.8701655921241577e-02 1.0002588404229169e+00 6.2813796668702238e-02 4.3604382887048199e-01 4.2836770141429490e+01 28
1 0 1 1 2.5522432602580632e-02 1.8692305943196548e-02 1.0002589071635988e+00 6.2803356374585895e-02 4.3698726101182300e-01 4.2886770138518180e+01 29
1 0 1 1 2.5506330482058626e-02 1.8682998048909605e-02 1.0002589563822031e+00 6.2793029016370128e-02 4.3793008386707255e-01 4.2936770135598792e+01 29
1 0 1 1 2.5490295018966085e-02 1.8673732176150336e-02 1.0002589881691590e+00 6.2782814175183999e-02 4.3887229661495986e-01 4.2986770132819665e+01 29
1 0 1 1 2.5474326142381844e-02 1.8664508262037530e-02 1.0002590026188847e+00 6.2772711431657413e-02 4.3981389845329394e-01 4.3036770130038256e+01 29
1 0 1 1 2.5458423779727370e-02 1.8655326242954819e-02 1.0002589998297071e+00 6.2762720365837549e-02 4.4075488860955031e-01 4.3086770127395361e+01 29
1 0 1 1 2.5442587856954642e-02 1.8646186054650144e-02 1.0002589799037833e+00 6.2752840557308398e-02 4.4169526633010431e-01 4.3136770124762336e+01 29
1 0 1 1 2.5426818298418502e-02 1.8637087632164519e-02 1.0002589429470188e+00 6.2743071585118326e-02 4.4263503088943640e-01 4.3186770122241825e+01 29
1 0 1 1 2.5411115027018951e-02 1.8628030909908704e-02 1.0002588890689861e+00 6.2733413027873774e-02 4.4357418158232709e-01 4.3236770119770178e+01 29
1 0 1 1 2.5395477964134654e-02 1.8619015821621475e-02 1.0002588183828396e+00 6.2723864463708534e-02 4.4451271772904288e-01 4.3286770117409667e+01 29
1 0 1 1 2.5379907029722166e-02 1.8610042300424824e-02 1.0002587310052340e+00 6.2714425470346502e-02 4.4545063867033396e-01 4.3336770115096300e+01 29
1 0 1 1 2.5364402142266006e-02 1.8601110278791150e-02 1.0002586270562368e+00 6.2705095625078755e-02 4.4638794377140106e-01 4.3386770112867730e+01 29
1 0 1 1 2.5348963218840809e-02 1.8592219688579145e-02 1.0002585066592447e+00 6.2695874504810539e-02 4.4732463241943482e-01 4.3436770110746316e+01 29
1 0 1 1 2.5333590175142549e-02 1.8583370461043899e-02 1.0002583699408951e+00 6.2686761686086501e-02 4.4826070402240786e-01 4.3486770108693513e+01 29
1 0 1 1 2.5318273447579909e-02 1.8574562526831952e-02 1.0002582170309804e+00 6.2677756745088908e-02 4.4919615801098994e-01 4.3536770106724447e+01 29
1 0 1 1 2.5303022201289584e-02 1.8565795815998962e-02 1.0002580480623595e+00 6.2668859257669296e-02 4.5013099383732430e-01 4.3586770104859504e+01 29
1 0 1 1 2.5287836644492849e-02 1.8557070258023649e-02 1.0002578631708696e+00 6.2660068799375274e-02 4.5106521097384544e-01 4.3636770103078220e+01 29
1 0 1 1 2.5272716687058189e-02 1.8548385781808247e-02 1.0002576624952382e+00 6.2651384945457689e-02 4.5199880891459038e-01 4.3686770101402765e+01 29
1 0 1 1 2.5257662237584622e-02 1.8539742315700727e-02 1.0002574461769942e+00 6.2642807270903822e-02 4.5293178717264426e-01 4.3736770099779122e+01 29
1 0 1 1 2.5242673203356200e-02 1.8531139787468343e-02 1.0002572143603767e+00 6.2634335350426784e-02 4.5386414528464286e-01 4.3786770098333065e+01 29
1 0 1 1 2.5227749490485164e-02 1.8522578124377177e-02 1.0002569671922483e+00 6.2625968758550699e-02 4.5479588280256289e-01 4.3836770096945514e+01 29
1 0 1 1 2.5212891003820445e-02 1.8514057253134722e-02 1.0002567048220046e+00 6.2617707069561046e-02 4.5572699930007610e-01 4.3886770095609322e+01 29
1 0 1 1 2.5198097646965286e-02 1.8505577099899570e-02 1.0002564274014829e+00 6.2609549857533781e-02 4.5665749437305447e-01 4.3936770094472415e+01 29
1 0 1 1 2.5183369322422516e-02 1.8497137590361267e-02 1.0002561350848755e+00 6.2601496696419734e-02 4.5758736763108687e-01 4.3986770093397837e+01 29
1 0 1 1 2.5168705931475292e-02 1.8488738649669979e-02 1.0002558280286376e+00 6.2593547159987023e-02 4.5851661870615773e-01 4.4036770092444748e+01 29
1 0 1 1 2.5154107374287527e-02 1.8480380202490394e-02 1.0002555063913989e+00 6.2585700821883694e-02 4.5944524724702074e-01 4.4086770091582572e+01 29
1 0 1 1 2.5139573549879661e-02 1.8472062172985512e-02 1.0002551703338747e+00 6.2577957255634087e-02 4.6037325292187692e-01 4.4136770090850270e+01 29
1 0 1 1 2.5125104356179949e-02 1.8463784484845334e-02 1.0002548200187757e+00 6.2570316034677331e-02 4.6130063541622285e-01 4.4186770090255138e+01 29
1 0 1 1 2.5110699690050829e-02 1.8455547061296838e-02 1.0002544556107220e+00 6.2562776732385028e-02 4.6222739443173561e-01 4.4236770089729085e+01 30
1 0 1 1 2.5096359447235126e-02 1.8447349825073203e-02 1.0002540772761497e+00 6.2555338922050674e-02 4.6315352969123535e-01 4.4286770089411206e+01 30
1 0 1 1 2.5082083522521038e-02 1.8439192698503908e-02 1.0002536851832300e+00 6.2548002176973205e-02 4.6407904092847918e-01 4.4336770089111639e+01 30
1 0 1 1 2.5067871809557534e-02 1.8431075603407388e-02 1.0002532795017733e+00 6.2540766070382448e-02 4.6500392790135414e-01 4.4386770089040958e+01 30
1 0 1 1 2.5053724201097586e-02 1.8422998461229197e-02 1.0002528604031520e+00 6.2533630175562183e-02 4.6592819037701194e-01 4.4436770089018744e+01 30
1 0 1 1 2.5039640588815082e-02 1.8414961192932140e-02 1.0002524280602048e+00 6.2526594065773156e-02 4.6685182814453952e-01 4.4486770089177263e+01 30
1 0 1 1 2.5025620863464763e-02 1.8406963719088794e-02 1.0002519826471576e+00 6.2519657314342086e-02 4.6777484100578781e-01 4.4536770089477393e+01 30
1 0 1 1 2.5011664914841709e-02 1.8399005959853023e-02 1.0002515243395353e+00 6.2512819494649985e-02 4.6869722877869902e-01 4.4586770089905514e+01 30
1 0 1 1 2.4997772631808222e-02 1.8391087834975083e-02 1.0002510533140796e+00 6.2506080180150220e-02 4.6961899129637125e-01 4.4636770090435661e+01 30
1 0 1 1 2.4983943902274451e-02 1.8383209263788197e-02 1.0002505697486617e+00 6.2499438944375874e-02 4.7054012840958775e-01 4.4686770091182346e+01 30
1 0 1 1 2.4970178613316782e-02 1.8375370165272447e-02 1.0002500738222053e+00 6.2492895361000889e-02 4.7146063997954418e-01 4.4736770092020770e+01 30
1 0 1 1 2.4956476651076198e-02 1.8367570457996564e-02 1.0002495657145996e+00 6.2486449003801237e-02 4.7238052588566143e-01 4.4786770093023911e+01 30
1 0 1 1 2.4942837900837435e-02 1.8359810060160329e-02 1.0002490456066198e+00 6.2480099446709791e-02 4.7329978602142486e-01 4.4836770094252742e+01 30
1 0 1 1 2.4929261828850115e-02 1.8352087235427226e-02 1.0002485146234275e+00 6.2473846263847943e-02 4.7421844552868064e-01 4.4886771361679806e+01 30
1 0 1 1 2.4915748481286696e-02 1.8344399073231585e-02 1.0002479749207454e+00 6.2467689503286378e-02 4.7513648713482515e-01 4.4936772739567267e+01 30
1 0 1 1 2.4902300180949917e-02 1.8336751253579857e-02 1.0002474238082564e+00 6.2461629244172173e-02 4.7605375384621179e-01 4.4986766007298449e+01 30
1 0 1 1 2.4888911720482625e-02 1.8329140799057172e-02 1.0002468612595026e+00 6.2455662773303111e-02 4.7697059303865685e-01 4.5036770103399519e+01 30
1 0 1 1 2.4875586989279309e-02 1.8321569904930130e-02 1.0002462876238452e+00 6.2449791465442911e-02 4.7788673093557205e-01 4.5086770105292992e+01 30
1 0 1 1 2.4862324768955706e-02 1.8314037862325237e-02 1.0002457030398877e+00 6.2444014403407272e-02 4.7880224260932258e-01 4.5136770107507459e+01 30
1 0 1 1 2.4849124939306477e-02 1.8306544586853043e-02 1.0002451076922085e+00 6.2438331162743249e-02 4.7971712804049665e-01 4.5186770109802751e+01 30
1 0 1 1 2.4835987379304265e-02 1.8299089993759128e-02 1.0002445017656798e+00 6.2432741319232876e-02 4.8063138722794352e-01 4.5236770112261731e+01 30
1 0 1 1 2.4822911967198054e-02 1.8291673997980571e-02 1.0002438854453970e+00 6.2427244448953700e-02 4.8154502018326173e-01 4.5286770115002277e+01 30
1 0 1 1 2.4809898580597584e-02 1.8284296514189304e-02 1.0002432589166133e+00 6.2421840128320666e-02 4.8245802692543049e-01 4.5336770117897828e+01 30
1 0 1 1 2.4796947096396352e-02 1.8276957456748753e-02 1.0002426223646659e+00 6.2416527934055777e-02 4.8337040748699700e-01 4.5386770120925831e+01 31
1 0 1 1 2.4784057390764662e-02 1.8269656739707943e-02 1.0002419759749059e+00 6.2411307443205638e-02 4.8428216191570111e-01 4.5436770124271661e+01 31
1 0 1 1 2.4771229339314714e-02 1.8262394276891514e-02 1.0002413199326401e+00 6.2406178233209597e-02 4.8519329026318347e-01 4.5486770127722281e+01 31
1 0 1 1 2.4758462816920335e-02 1.8255169981798249e-02 1.0002406544230547e+00 6.2401139881839179e-02 4.8610379259887199e-01 4.5536770131438630e+01 31
1 0 1 1 2.4745757697890097e-02 1.8247983767696166e-02 1.0002399796311601e+00 6.2396191967273307e-02 4.8701366899829435e-01 4.5586770135327107e+01 31
1 0 1 1 2.4733113855856824e-02 1.8240835547558967e-02 1.0002392957417199e+00 6.2391334068072096e-02 4.8792291955211875e-01 4.5636770139548752e+01 31
1 0 1 1 2.4720531163958833e-02 1.8233725234166383e-02 1.0002386029392007e+00 6.2386565763242280e-02 4.8883154435330645e-01 4.5686770143823473e+01 31
1 0 1 1 2.4708009494585785e-02 1.8226652739960606e-02 1.0002379014076950e+00 6.2381886632163680e-02 4.8973954351694871e-01 4.5736770148533516e+01 31
1 0 1 1 2.4695548719742499e-02 1.8219617977246687e-02 1.0002371913308823e+00 6.2377296254721493e-02 4.9064691715385078e-01 4.5786770153282298e+01 31
1 0 1 1 2.4683148710684177e-02 1.8212620857989682e-02 1.0002364728919508e+00 6.2372794211189603e-02 4.9155366539866152e-01 4.5836770158452204e+01 31
1 0 1 1 2.4670809338281134e-02 1.8205661294015636e-02 1.0002357462735614e+00 6.2368380082366670e-02 4.9245978838337756e-01 4.5886770163758072e+01 31
1 0 1 1 2.4658530472745722e-02 1.8198739196857217e-02 1.0002350116577738e+00 6.2364053449491141e-02 4.9336528625846388e-01 4.5936770169422282e+01 31
1 0 1 1 2.4646311983869192e-02 1.8191854477886446e-02 1.0002342692260104e+00 6.2359813894327043e-02 4.9427015917590866e-01 4.5986770175249283e+01 31
1 0 1 1 2.4634153740830982e-02 1.8185007048205058e-02 1.0002335191589882e+00 6.2355660999113355e-02 4.9517440730431111e-01 4.6036770181471098e+01 31
1 0 1 1 2.4622055612413891e-02 1.8178196818765383e-02 1.0002327616366817e+00 6.2351594346641837e-02 4.9607803081352059e-01 4.6086770187907625e+01 31
1 0 1 1 2.4610017466866849e-02 1.8171423700288916e-02 1.0002319968382662e+00 6.2347613520212619e-02 4.9698102988513571e-01 4.6136770194558622e+01 31
1 0 1 1 2.4598039171885369e-02 1.8164687603258543e-02 1.0002312249420640e+00 6.2343718103654827e-02 4.9788340471571069e-01 4.6186770201791283e+01 31
1 0 1 1 2.4588304356952105e-02 1.8159215630255070e-02 1.0002305896256081e+00 6.2340600917749643e-02 4.9861964226097810e-01 4.6227590288116573e+01 31
