isScalarized | massIncreased | isMonotoneInside | isMonotoneOutside | mass_Baryon | mass_ADM | AST(radius) | radius  |  phi_c | rho_c | ctr |
1 0 1 1 3.1828310798830084e-02 2.4246660429380496e-02 1.0000000000000031e+00 8.6200599999999808e-02 3.5753867326592426e-03 1.7223408458739620e+01 37
1 1 1 1 3.1828591793183883e-02 2.4246779809712064e-02 1.0000000000000031e+00 8.6200224999999811e-02 3.5767883478957673e-03 1.7223705838192924e+01 38
1 1 1 1 3.1828872766859743e-02 2.4246899176477439e-02 1.0000000000000031e+00 8.6199849999999814e-02 3.5781900058664586e-03 1.7224003215560352e+01 38
1 1 1 1 3.1829153719858970e-02 2.4247018529677412e-02 1.0000000000000031e+00 8.6199474999999817e-02 3.5795917067160234e-03 1.7224300590841231e+01 38
1 1 1 1 3.1829434652183061e-02 2.4247137869312776e-02 1.0000000000000031e+00 8.6199099999999820e-02 3.5809934505890988e-03 1.7224597964034949e+01 38
1 1 1 1 3.1876405239735582e-02 2.4267023180696491e-02 1.0000000000000040e+00 8.6136009762412868e-02 3.8175450095025839e-03 1.7274597765443801e+01 37
1 1 1 1 3.1922853532928404e-02 2.4286552994488859e-02 1.0000000000000051e+00 8.6072839070324925e-02 4.0562177420462361e-03 1.7324598084836456e+01 37
1 1 1 1 3.1968784285422255e-02 2.4305730812878644e-02 1.0000000000000067e+00 8.6009583823764946e-02 4.2975189571706832e-03 1.7374598681808617e+01 37
1 1 1 1 3.2014201443137484e-02 2.4324559745892857e-02 1.0000000000000084e+00 8.5946240728192291e-02 4.5418603767263593e-03 1.7424599361975478e+01 37
1 1 1 1 3.2059108254791129e-02 2.4343042568499160e-02 1.0000000000000104e+00 8.5882807212772083e-02 4.7895789622448663e-03 1.7474599926432219e+01 37
1 1 1 1 3.2103517450231149e-02 2.4361123555942246e-02 1.0000000000000131e+00 8.5819281025817651e-02 5.0410068162586499e-03 1.7524610935385819e+01 37
1 1 1 1 3.2147394548721446e-02 2.4378847694776825e-02 1.0000000000000162e+00 8.5755700590866235e-02 5.2961649580634653e-03 1.7574591120181321e+01 37
1 1 1 1 3.2190794151306497e-02 2.4396242664859756e-02 1.0000000000000200e+00 8.5691987469561581e-02 5.5555511230668906e-03 1.7624600418177614e+01 37
1 1 1 1 3.2233685157179767e-02 2.4413297267232972e-02 1.0000000000000244e+00 8.5628188345962364e-02 5.8191337474976807e-03 1.7674601420666189e+01 37
1 1 1 1 3.2276075589251441e-02 2.4430016067351519e-02 1.0000000000000298e+00 8.5564293025547578e-02 6.0870848183450727e-03 1.7724601667119806e+01 37
1 1 1 1 3.2317967280067167e-02 2.4446401116741654e-02 1.0000000000000362e+00 8.5500300259390483e-02 6.3595193652756822e-03 1.7774601878038577e+01 37
1 1 1 1 3.2359271927836997e-02 2.4462454140547249e-02 1.0000000000000437e+00 8.5436209942174490e-02 6.6365301642146669e-03 1.7824602058786237e+01 37
1 1 1 1 3.2400070094197715e-02 2.4478176799890915e-02 1.0000000000000528e+00 8.5372022168883122e-02 6.9181944200301911e-03 1.7874602213923986e+01 37
1 1 1 1 3.2440371477234102e-02 2.4493570705430841e-02 1.0000000000000635e+00 8.5307737206992640e-02 7.2045761990085456e-03 1.7924602347257885e+01 37
1 1 1 1 3.2480176827144290e-02 2.4508637428674197e-02 1.0000000000000759e+00 8.5243355472571392e-02 7.4957284463741669e-03 1.7974602462059377e+01 37
1 1 1 1 3.2519486832775876e-02 2.4523378511297298e-02 1.0000000000000908e+00 8.5178877510120488e-02 7.7916946638758519e-03 1.8024602561101759e+01 37
1 1 1 1 3.2558302138508792e-02 2.4537795472864742e-02 1.0000000000001079e+00 8.5114303975340255e-02 8.0925103097157450e-03 1.8074602646772117e+01 37
1 1 1 1 3.2596627269373422e-02 2.4551861292116312e-02 1.0000000000001281e+00 8.5049635620578046e-02 8.3982335690615459e-03 1.8124607524172959e+01 37
1 1 1 1 3.2634451810007896e-02 2.4565573778429162e-02 1.0000000000001517e+00 8.4984891921576433e-02 8.7087981399024787e-03 1.8174602755036869e+01 37
1 1 1 1 3.2671783669104747e-02 2.4578966416098164e-02 1.0000000000001790e+00 8.4920055013639639e-02 9.0242813023998485e-03 1.8224598168824134e+01 37
1 1 1 1 3.2708630101998558e-02 2.4592043057850666e-02 1.0000000000002105e+00 8.4855114011971711e-02 9.3447552680569410e-03 1.8274602888937718e+01 37
1 1 1 1 3.2744981325976287e-02 2.4604801502829884e-02 1.0000000000002471e+00 8.4790088093422977e-02 9.6701405566807213e-03 1.8324602932693949e+01 37
1 1 1 1 3.2780841406508041e-02 2.4617244489916607e-02 1.0000000000002895e+00 8.4724972276438160e-02 1.0000473023509539e-02 1.8374602971458224e+01 37
1 1 1 1 3.2816210960284337e-02 2.4629373526021753e-02 1.0000000000003386e+00 8.4659767685939746e-02 1.0335755941219679e-02 1.8424603005974436e+01 37
1 1 1 1 3.2851034613517571e-02 2.4641190123820527e-02 1.0000000000003948e+00 8.4594475487368148e-02 1.0675990057804697e-02 1.8474603036851942e+01 37
1 1 1 1 3.2885336841409776e-02 2.4652695802969984e-02 1.0000000000004596e+00 8.4529096882596411e-02 1.1021173900468650e-02 1.8524603064618109e+01 37
1 1 1 1 3.2919149999609924e-02 2.4663892091067896e-02 1.0000000000005340e+00 8.4463633106485192e-02 1.1371304035362365e-02 1.8574603089705764e+01 37
1 1 1 1 3.2952474823755427e-02 2.4674780524403833e-02 1.0000000000006191e+00 8.4398085423855518e-02 1.1726375290920051e-02 1.8624603112475910e+01 37
1 1 1 1 3.2985312078371923e-02 2.4685362648542594e-02 1.0000000000007163e+00 8.4332455126862826e-02 1.2086380950414049e-02 1.8674603133239028e+01 37
1 1 1 1 3.3017662558240020e-02 2.4695640018755367e-02 1.0000000000008276e+00 8.4266743532733612e-02 1.2451312918368611e-02 1.8724603152246111e+01 37
1 1 1 1 3.3049527089520310e-02 2.4705614200333490e-02 1.0000000000009541e+00 8.4200951981735994e-02 1.2821161865368812e-02 1.8774603169721640e+01 37
1 1 1 1 3.3080907957950795e-02 2.4715273309967773e-02 1.0000000000010985e+00 8.4135081835449377e-02 1.3195933283010285e-02 1.8824605297310370e+01 37
1 1 1 1 3.3111804541328359e-02 2.4724594428267858e-02 1.0000000000012623e+00 8.4069142821463494e-02 1.3575595924699219e-02 1.8874606861643866e+01 37
1 1 1 1 3.3142211217791241e-02 2.4733614996985287e-02 1.0000000000014486e+00 8.4003142473409342e-02 1.3960057090922344e-02 1.8924597500640346e+01 37
1 1 1 1 3.3172144705935352e-02 2.4742341293024744e-02 1.0000000000016596e+00 8.3937047855508706e-02 1.4349504275214763e-02 1.8974603224732753e+01 37
1 1 1 1 3.3201593413117444e-02 2.4750771234542102e-02 1.0000000000018985e+00 8.3870887865255095e-02 1.4743762984308652e-02 1.9024603236766119e+01 37
1 1 1 1 3.3230561812046970e-02 2.4758907476096496e-02 1.0000000000021687e+00 8.3804656402852229e-02 1.5142862853538153e-02 1.9074603248020292e+01 37
1 1 1 1 3.3259050963442338e-02 2.4766751668659076e-02 1.0000000000024736e+00 8.3738354927014425e-02 1.5546788702703313e-02 1.9124603258563582e+01 37
1 1 1 1 3.3287061962260826e-02 2.4774305473012192e-02 1.0000000000028175e+00 8.3671984909604424e-02 1.5955524790236229e-02 1.9174603268447470e+01 37
1 1 1 1 3.3314575415838078e-02 2.4781570559557958e-02 1.0000000000032050e+00 8.3605547834816052e-02 1.6369054860854125e-02 1.9224603277742244e+01 37
1 1 1 1 3.3341557116374987e-02 2.4788548608090051e-02 1.0000000000036406e+00 8.3539045198520678e-02 1.6787362187493111e-02 1.9274603286469716e+01 37
1 1 1 1 3.3368063902907620e-02 2.4795241307568220e-02 1.0000000000041303e+00 8.3472478507487624e-02 1.7210429610271961e-02 1.9324603294693311e+01 37
1 1 1 1 3.3394097027115627e-02 2.4801650355853831e-02 1.0000000000046798e+00 8.3405849278862187e-02 1.7638239570216232e-02 1.9374603302428742e+01 37
1 1 1 1 3.3419657773807489e-02 2.4807777459457687e-02 1.0000000000052960e+00 8.3339159039481248e-02 1.8070774141021376e-02 1.9424603309714563e+01 37
1 1 1 1 3.3444747460579148e-02 2.4813624333252529e-02 1.0000000000059859e+00 8.3272409325363284e-02 1.8508015057017508e-02 1.9474603316577937e+01 37
1 1 1 1 3.3469367437470129e-02 2.4819192700200318e-02 1.0000000000067575e+00 8.3205601681172525e-02 1.8949943738881387e-02 1.9524603323039077e+01 37
1 1 1 1 3.3493519086585682e-02 2.4824484291051083e-02 1.0000000000076199e+00 8.3138737659705864e-02 1.9396541317089979e-02 1.9574603329119068e+01 37
1 1 1 1 3.3517203821701806e-02 2.4829500844049526e-02 1.0000000000085827e+00 8.3071818821418619e-02 1.9847788653263983e-02 1.9624603334839112e+01 37
1 1 1 1 3.3540424868247966e-02 2.4834220400129160e-02 1.0000000000096565e+00 8.3004846733976678e-02 2.0303698181602655e-02 1.9674606812819121e+01 37
1 1 1 1 3.3563178578637720e-02 2.4838648274727430e-02 1.0000000000108533e+00 8.2937836926797986e-02 2.0764148813144527e-02 1.9724602696606564e+01 37
1 1 1 1 3.3585470738201055e-02 2.4842806560661620e-02 1.0000000000121851e+00 8.2870774410952475e-02 2.1229208003523910e-02 1.9774600548383571e+01 37
1 1 1 1 3.3607304117505968e-02 2.4846697226436384e-02 1.0000000000136664e+00 8.2803656757615918e-02 2.1698884430297719e-02 1.9824603352503789e+01 37
1 1 1 1 3.3628676867201959e-02 2.4850321433660023e-02 1.0000000000153118e+00 8.2736495959489620e-02 2.2173085350577576e-02 1.9874603356642400e+01 37
1 1 1 1 3.3649591817005040e-02 2.4853681195248521e-02 1.0000000000171381e+00 8.2669289855135775e-02 2.2651816541440245e-02 1.9924603360501639e+01 37
1 1 1 1 3.3670050589760463e-02 2.4856778303997469e-02 1.0000000000191631e+00 8.2602040044568253e-02 2.3135057449263405e-02 1.9974603364085311e+01 37
1 1 1 1 3.3690054836311024e-02 2.4859614557603431e-02 1.0000000000214067e+00 8.2534748132259639e-02 2.3622787370670230e-02 2.0024603367401561e+01 36
1 1 1 1 3.3709606234999225e-02 2.4862191758364318e-02 1.0000000000238902e+00 8.2467415726800414e-02 2.4114985462801830e-02 2.0074603370456558e+01 36
1 1 1 1 3.3728706491167673e-02 2.4864511712874342e-02 1.0000000000266367e+00 8.2400044440554709e-02 2.4611630753044234e-02 2.0124603373265039e+01 36
1 1 1 1 3.3747299551858491e-02 2.4866576231722389e-02 1.0000000000296716e+00 8.2332635889361405e-02 2.5112702147718068e-02 2.0174603375821203e+01 36
1 1 1 1 3.3765439249988670e-02 2.4868387129199886e-02 1.0000000000330225e+00 8.2265191692159789e-02 2.5618178440954379e-02 2.0224603378147354e+01 36
1 1 1 1 3.3783133087919560e-02 2.4869946222996757e-02 1.0000000000367191e+00 8.2197713470748834e-02 2.6128038321923439e-02 2.0274603380231436e+01 36
1 1 1 1 3.3800382890362010e-02 2.4871255333918756e-02 1.0000000000407936e+00 8.2130202849398926e-02 2.6642260382865438e-02 2.0324603382092846e+01 36
1 1 1 1 3.3817190506262064e-02 2.4872316285594453e-02 1.0000000000452813e+00 8.2062661454620711e-02 2.7160823125475395e-02 2.0374603383729927e+01 36
1 1 1 1 3.3833557808299983e-02 2.4873130904192981e-02 1.0000000000502203e+00 8.1995090914832147e-02 2.7683704967734458e-02 2.0424603385151734e+01 36
1 1 1 1 3.3849486692365240e-02 2.4873701018143356e-02 1.0000000000556515e+00 8.1927492860094792e-02 2.8210884249793483e-02 2.0474603386354143e+01 36
1 1 1 1 3.3864979077059681e-02 2.4874028457854292e-02 1.0000000000616194e+00 8.1859868921794254e-02 2.8742339240151699e-02 2.0524603387357729e+01 36
1 1 1 1 3.3880036903161756e-02 2.4874115055443246e-02 1.0000000000681724e+00 8.1792220732432863e-02 2.9278048140477728e-02 2.0574603388146731e+01 36
1 0 1 1 3.3894662133144508e-02 2.4873962644469783e-02 1.0000000000753619e+00 8.1724549925269174e-02 2.9817989091550059e-02 2.0624603388741779e+01 36
1 0 1 1 3.3908856980953458e-02 2.4873568020295899e-02 1.0000000000832456e+00 8.1656858134132648e-02 3.0362147753384104e-02 2.0674604082585926e+01 36
1 0 1 1 3.3922623957672420e-02 2.4872908531242077e-02 1.0000000000918876e+00 8.1589149809675160e-02 3.0910516576553575e-02 2.0724606763620606e+01 36
1 0 1 1 3.3935961640034033e-02 2.4872015825233441e-02 1.0000000001013478e+00 8.1521437477048098e-02 3.1462939672989992e-02 2.0774599317496403e+01 36
1 0 1 1 3.3948877828722510e-02 2.4870891350579016e-02 1.0000000001117006e+00 8.1453693452921389e-02 3.2019634319820613e-02 2.0824603387660698e+01 36
1 0 1 1 3.3961370466060736e-02 2.4869537250559053e-02 1.0000000001230192e+00 8.1385940482061936e-02 3.2580405817766923e-02 2.0874603387331213e+01 36
1 0 1 1 3.3973442702570661e-02 2.4867955287264265e-02 1.0000000001353859e+00 8.1318174681896060e-02 3.3145277180631254e-02 2.0924603386813086e+01 36
1 0 1 1 3.3985096638346222e-02 2.4866147304450439e-02 1.0000000001488889e+00 8.1250397682587211e-02 3.3714226244505201e-02 2.0974603386128909e+01 36
1 0 1 1 3.3996334391168836e-02 2.4864115145168363e-02 1.0000000001636227e+00 8.1182611113176623e-02 3.4287230816894040e-02 2.1024603385268911e+01 35
1 0 1 1 3.4007158096032740e-02 2.4861860651529351e-02 1.0000000001796889e+00 8.1114816601287804e-02 3.4864268680569396e-02 2.1074603384238202e+01 35
1 0 1 1 3.4017569904668671e-02 2.4859385664487529e-02 1.0000000001971967e+00 8.1047015772922032e-02 3.5445317596639582e-02 2.1124603383046974e+01 35
1 0 1 1 3.4027571985051311e-02 2.4856692023607019e-02 1.0000000002162630e+00 8.0979210252261180e-02 3.6030355307333388e-02 2.1174603381688144e+01 35
1 0 1 1 3.4037166520946488e-02 2.4853781566855398e-02 1.0000000002370135e+00 8.0911401661407339e-02 3.6619359539350964e-02 2.1224603380174344e+01 35
1 0 1 1 3.4046355711422137e-02 2.4850656130380275e-02 1.0000000002595830e+00 8.0843591620216593e-02 3.7212308006234290e-02 2.1274603378500824e+01 35
1 0 1 1 3.4055100409165241e-02 2.4847317548310204e-02 1.0000000002841158e+00 8.0775781746052433e-02 3.7809178411392932e-02 2.1324603376673700e+01 35
1 0 1 1 3.4063436779683390e-02 2.4843767652539477e-02 1.0000000003107663e+00 8.0707973653600495e-02 3.8409948450557348e-02 2.1374603374698374e+01 35
1 0 1 1 3.4071374693818379e-02 2.4840008272536553e-02 1.0000000003396998e+00 8.0640168954674130e-02 3.9014595814175282e-02 2.1424603372571376e+01 35
1 0 1 1 3.4078916418076324e-02 2.4836041235144161e-02 1.0000000003710934e+00 8.0572369257992299e-02 3.9623098190068276e-02 2.1474603370301654e+01 35
1 0 1 1 3.4086064231776375e-02 2.4831868364383610e-02 1.0000000004051357e+00 8.0504576169015268e-02 4.0235433265476885e-02 2.1524603367888329e+01 35
1 0 1 1 3.4092820426614205e-02 2.4827491481274441e-02 1.0000000004420291e+00 8.0436791289736020e-02 4.0851578729457778e-02 2.1574603365334067e+01 35
1 0 1 1 3.4099187306218331e-02 2.4822912403642507e-02 1.0000000004819893e+00 8.0369016218498124e-02 4.1471512275009829e-02 2.1624603362642823e+01 35
1 0 1 1 3.4105167185720382e-02 2.4818132945944909e-02 1.0000000005252467e+00 8.0301252549817764e-02 4.2095211601150415e-02 2.1674603359819354e+01 35
1 0 1 1 3.4110762391322720e-02 2.4813154919094690e-02 1.0000000005720469e+00 8.0233501874212937e-02 4.2722654414815146e-02 2.1724603356860179e+01 35
1 0 1 1 3.4115975259874268e-02 2.4807980130284586e-02 1.0000000006226515e+00 8.0165765778004716e-02 4.3353818433024667e-02 2.1774603353771354e+01 35
1 0 1 1 3.4120808138452495e-02 2.4802610382821277e-02 1.0000000006773400e+00 8.0098045843163823e-02 4.3988681384653935e-02 2.1824603350559350e+01 35
1 0 1 1 3.4125263383944844e-02 2.4797047475963528e-02 1.0000000007364098e+00 8.0030343647154334e-02 4.4627221012100544e-02 2.1874603347218819e+01 35
1 0 1 1 3.4129343362642027e-02 2.4791293204760131e-02 1.0000000008001773e+00 7.9962660762737836e-02 4.5269415073343811e-02 2.1924603343755752e+01 35
1 0 1 1 3.4133050449828534e-02 2.4785349359889800e-02 1.0000000008689793e+00 7.9894998757832514e-02 4.5915241343511451e-02 2.1974603340176056e+01 34
1 0 1 1 3.4136387204666697e-02 2.4779205918539958e-02 1.0000000009431957e+00 7.9827359195364933e-02 4.6564697723227709e-02 2.2024604880220192e+01 34
1 0 1 1 3.4139355743833630e-02 2.4772863901382159e-02 1.0000000010232075e+00 7.9759749897667376e-02 4.7217704033196306e-02 2.2074603510319417e+01 34
1 0 1 1 3.4141958556242219e-02 2.4766337925568014e-02 1.0000000011094039e+00 7.9692166875013876e-02 4.7874268480349473e-02 2.2124601584284573e+01 34
1 0 1 1 3.4144198234924220e-02 2.4759629198670113e-02 1.0000000012022234e+00 7.9624605969129819e-02 4.8534424697807922e-02 2.2174603324021884e+01 34
1 0 1 1 3.4146076931016310e-02 2.4752740206568532e-02 1.0000000013021133e+00 7.9557076031485430e-02 4.9198079352673584e-02 2.2224603319896019e+01 34
1 0 1 1 3.4147597149964043e-02 2.4745672483677900e-02 1.0000000014095618e+00 7.9489576240314830e-02 4.9865233316524891e-02 2.2274603315653749e+01 34
1 0 1 1 3.4148761319081726e-02 2.4738427789723808e-02 1.0000000015250836e+00 7.9422108124553470e-02 5.0535864528564255e-02 2.2324603311315428e+01 34
1 0 1 1 3.4149571871606908e-02 2.4731007878832287e-02 1.0000000016492239e+00 7.9354673207185089e-02 5.1209950956761806e-02 2.2374603306872764e+01 34
1 0 1 1 3.4150031246338322e-02 2.4723414499400947e-02 1.0000000017825608e+00 7.9287273005054421e-02 5.1887470599656829e-02 2.2424603302325295e+01 34
1 0 1 1 3.4150141887279883e-02 2.4715649393976205e-02 1.0000000019257063e+00 7.9219909028739460e-02 5.2568401487766092e-02 2.2474603297689690e+01 34
1 0 1 1 3.4149906243290007e-02 2.4707714299150696e-02 1.0000000020793085e+00 7.9152582782481773e-02 5.3252721684181735e-02 2.2524603292951792e+01 34
1 0 1 1 3.4149326767723753e-02 2.4699610945428739e-02 1.0000000022440529e+00 7.9085295763992258e-02 5.3940409286516028e-02 2.2574603288120681e+01 34
1 0 1 1 3.4148405918098569e-02 2.4691341057131003e-02 1.0000000024206650e+00 7.9018049464373241e-02 5.4631442427725607e-02 2.2624603283202187e+01 34
1 0 1 1 3.4147146155752484e-02 2.4682906352285469e-02 1.0000000026099114e+00 7.8950845368008865e-02 5.5325799277158930e-02 2.2674603278191551e+01 34
1 0 1 1 3.4145549945507302e-02 2.4674308542518689e-02 1.0000000028126026e+00 7.8883684952425093e-02 5.6023458041927626e-02 2.2724603273091567e+01 34
1 0 1 1 3.4143619755340013e-02 2.4665549332954222e-02 1.0000000030295944e+00 7.8816569688188176e-02 5.6724396967965378e-02 2.2774603267910123e+01 34
1 0 1 1 3.4141358056060944e-02 2.4656630422121968e-02 1.0000000032617904e+00 7.8749501038818115e-02 5.7428594340866272e-02 2.2824603262643944e+01 34
1 0 1 1 3.4138767320986897e-02 2.4647553501853391e-02 1.0000000035101446e+00 7.8682480460660648e-02 5.8136028487132653e-02 2.2874603257293764e+01 34
1 0 1 1 3.4135822925783599e-02 2.4638320257195347e-02 1.0000000037756633e+00 7.8615509402786582e-02 5.8846677775215975e-02 2.2924603251866220e+01 34
1 0 1 1 3.4132549823942357e-02 2.4628932366321077e-02 1.0000000040594073e+00 7.8548589306910777e-02 5.9560520616315393e-02 2.2974603246360633e+01 34
1 0 1 1 3.4128955438817804e-02 2.4619391500439326e-02 1.0000000043624953e+00 7.8481721607282812e-02 6.0277535465473771e-02 2.3024603240778557e+01 33
1 0 1 1 3.4125042255131278e-02 2.4609699323714328e-02 1.0000000046861053e+00 7.8414907730596090e-02 6.0997700822439299e-02 2.3074603235118250e+01 33
1 0 1 1 3.4120812758415768e-02 2.4599857493179392e-02 1.0000000050314788e+00 7.8348149095882974e-02 6.1720995232876587e-02 2.3124603229395493e+01 33
1 0 1 1 3.4116269434724122e-02 2.4589867658670415e-02 1.0000000053999221e+00 7.8281447114482372e-02 6.2447397288486459e-02 2.3174603223589763e+01 33
1 0 1 1 3.4111414770335691e-02 2.4579731462729952e-02 1.0000000057928098e+00 7.8214803189860238e-02 6.3176885629038240e-02 2.3224603217724766e+01 33
1 0 1 1 3.4106251251484331e-02 2.4569450540557640e-02 1.0000000062115884e+00 7.8148218717628420e-02 6.3909438942010871e-02 2.3274603211784878e+01 33
1 0 1 1 3.4100781364070291e-02 2.4559026519917235e-02 1.0000000066577786e+00 7.8081695085379099e-02 6.4645035964448136e-02 2.3324603205785959e+01 33
1 0 1 1 3.4095007593394948e-02 2.4548461021086657e-02 1.0000000071329782e+00 7.8015233672676987e-02 6.5383655482950317e-02 2.3374603199719154e+01 33
1 0 1 1 3.4088932423883278e-02 2.4537755656778983e-02 1.0000000076388669e+00 7.7948835850932291e-02 6.6125276335018773e-02 2.3424603193588869e+01 33
1 0 1 1 3.4082558338825848e-02 2.4526912032086665e-02 1.0000000081772076e+00 7.7882502983348201e-02 6.6869877409645437e-02 2.3474603187400387e+01 33
1 0 1 1 3.4075887820114496e-02 2.4515931744416592e-02 1.0000000087498517e+00 7.7816236424860130e-02 6.7617437647970596e-02 2.3524603181153687e+01 33
1 0 1 1 3.4068923347987383e-02 2.4504816383436701e-02 1.0000000093587420e+00 7.7750037522060167e-02 6.8367936044009259e-02 2.3574603174842700e+01 33
1 0 1 1 3.4061667400774931e-02 2.4493567531009248e-02 1.0000000100059163e+00 7.7683907613104952e-02 6.9121351645807738e-02 2.3624603168485113e+01 33
1 0 1 1 3.4054122454654938e-02 2.4482186761149986e-02 1.0000000106935112e+00 7.7617848027717873e-02 6.9877663555274347e-02 2.3674603162064184e+01 33
1 0 1 1 3.4046290983404753e-02 2.4470675639962663e-02 1.0000000114237664e+00 7.7551860087047175e-02 7.0636850929871917e-02 2.3724603155596107e+01 33
1 0 1 1 3.4038175458169249e-02 2.4459035725602745e-02 1.0000000121990287e+00 7.7485945103678455e-02 7.1398892982438789e-02 2.3774603149073940e+01 33
1 0 1 1 3.4029778347214684e-02 2.4447268568217020e-02 1.0000000130217557e+00 7.7420104381533322e-02 7.2163768982319743e-02 2.3824603142499495e+01 33
1 0 1 1 3.4021102115708420e-02 2.4435375709907760e-02 1.0000000138945209e+00 7.7354339215824630e-02 7.2931458255971027e-02 2.3874603135881276e+01 33
1 0 1 1 3.4012149225484324e-02 2.4423358684685533e-02 1.0000000148200172e+00 7.7288650893029276e-02 7.3701940187184914e-02 2.3924603129208837e+01 33
1 0 1 1 3.4002922134819105e-02 2.4411219018421561e-02 1.0000000158010625e+00 7.7223040690789085e-02 7.4475194218379212e-02 2.3974603122497527e+01 33
1 0 1 1 3.3993423298222976e-02 2.4398958228822844e-02 1.0000000168406029e+00 7.7157509877924663e-02 7.5251199850402170e-02 2.4024603115737467e+01 33
1 0 1 1 3.3983655039733711e-02 2.4386571324591020e-02 1.0000000179419488e+00 7.7092059714336469e-02 7.6029949627934981e-02 2.4074603941110315e+01 33
1 0 1 1 3.3973620292292755e-02 2.4374060077087666e-02 1.0000000191083180e+00 7.7026694718236921e-02 7.6811384926062862e-02 2.4124603147130969e+01 33
1 0 1 1 3.3963321178254006e-02 2.4361432457861015e-02 1.0000000203428931e+00 7.6961413043775351e-02 7.7595508011050474e-02 2.4174602188171932e+01 33
1 0 1 1 3.3952759704629236e-02 2.4348689434964547e-02 1.0000000216492433e+00 7.6896213285378656e-02 7.8382330502545144e-02 2.4224603088192207e+01 32
1 0 1 1 3.3941938880716262e-02 2.4335833186758193e-02 1.0000000230309689e+00 7.6831100275929431e-02 7.9171788754569664e-02 2.4274603081238020e+01 32
1 0 1 1 3.3930860944827328e-02 2.4322864951415904e-02 1.0000000244919225e+00 7.6766074046689614e-02 7.9963876880190868e-02 2.4324603074246905e+01 32
1 0 1 1 3.3919528319278559e-02 2.4309786188753985e-02 1.0000000260360999e+00 7.6701135803189269e-02 8.0758574807470368e-02 2.4374603067219113e+01 32
1 0 1 1 3.3907943420995547e-02 2.4296598350097034e-02 1.0000000276676673e+00 7.6636286741802506e-02 8.1555862527559544e-02 2.4424603060158638e+01 32
1 0 1 1 3.3896108661336292e-02 2.4283302878269093e-02 1.0000000293909674e+00 7.6571528049728194e-02 8.2355720094993951e-02 2.4474603053061603e+01 32
1 0 1 1 3.3884026445904963e-02 2.4269901207563196e-02 1.0000000312105264e+00 7.6506860904940521e-02 8.3158127628451914e-02 2.4524603045935581e+01 32
1 0 1 1 3.3871699174375200e-02 2.4256394763724428e-02 1.0000000331310586e+00 7.6442286476189808e-02 8.3963065310798196e-02 2.4574603038774480e+01 32
1 0 1 1 3.3859129240318857e-02 2.4242784963936656e-02 1.0000000351574734e+00 7.6377805922945019e-02 8.4770513389959293e-02 2.4624603031585661e+01 32
1 0 1 1 3.3846319031032253e-02 2.4229073216800481e-02 1.0000000372948812e+00 7.6313420395398762e-02 8.5580452178974128e-02 2.4674603024367322e+01 32
1 0 1 1 3.3833270927371248e-02 2.4215260922322783e-02 1.0000000395486000e+00 7.6249131034429179e-02 8.6392862056602057e-02 2.4724603017120330e+01 32
1 0 1 1 3.3819987303587921e-02 2.4201349471901591e-02 1.0000000419241619e+00 7.6184938971581823e-02 8.7207723467698450e-02 2.4774603009846913e+01 32
1 0 1 1 3.3806470527173380e-02 2.4187340248319429e-02 1.0000000444273203e+00 7.6120845329054942e-02 8.8025016923573909e-02 2.4824603002548475e+01 32
1 0 1 1 3.3792722958693136e-02 2.4173234625723333e-02 1.0000000470640555e+00 7.6056851219682614e-02 8.8844723002290085e-02 2.4874602995220936e+01 32
1 0 1 1 3.3778746951642132e-02 2.4159033969624374e-02 1.0000000498405823e+00 7.5992957746900125e-02 8.9666822349404859e-02 2.4924602987877289e+01 32
1 0 1 1 3.3764544852297060e-02 2.4144739636892332e-02 1.0000000527633575e+00 7.5929166004777171e-02 9.0491295677591566e-02 2.4974602980502848e+01 32
1 0 1 1 3.3750118999556565e-02 2.4130352975737554e-02 1.0000000558390860e+00 7.5865477077939725e-02 9.1318123767878318e-02 2.5024602973109232e+01 32
1 0 1 1 3.3735471724812505e-02 2.4115875325717087e-02 1.0000000590747289e+00 7.5801892041609614e-02 9.2147287469380446e-02 2.5074602965697729e+01 32
1 0 1 1 3.3720605351805474e-02 2.4101308017729743e-02 1.0000000624775107e+00 7.5738411961585761e-02 9.2978767699664025e-02 2.5124602958261331e+01 32
1 0 1 1 3.3705522196482568e-02 2.4086652374006822e-02 1.0000000660549262e+00 7.5675037894209041e-02 9.3812545445465578e-02 2.5174602950808872e+01 32
1 0 1 1 3.3690224566873837e-02 2.4071909708121880e-02 1.0000000698147489e+00 7.5611770886389429e-02 9.4648601762508194e-02 2.5224602943335203e+01 32
1 0 1 1 3.3674714762952015e-02 2.4057081324977365e-02 1.0000000737650385e+00 7.5548611975571056e-02 9.5486917776292674e-02 2.5274602935851036e+01 32
1 0 1 1 3.3658995076516797e-02 2.4042168520822988e-02 1.0000000779141482e+00 7.5485562189769151e-02 9.6327474681671701e-02 2.5324602928339448e+01 32
1 0 1 1 3.3643067791052972e-02 2.4027172583235293e-02 1.0000000822707338e+00 7.5422622547495877e-02 9.7170253744246940e-02 2.5374602920822888e+01 32
1 0 1 1 3.3626935181633691e-02 2.4012094791148356e-02 1.0000000868437597e+00 7.5359794057848817e-02 9.8015236299349620e-02 2.5424602913285760e+01 32
1 0 1 1 3.3610599514780293e-02 2.3996936414834923e-02 1.0000000916425096e+00 7.5297077720434591e-02 9.8862403753337422e-02 2.5474602905736056e+01 32
1 0 1 1 3.3594063048357374e-02 2.3981698715922116e-02 1.0000000966765925e+00 7.5234474525410044e-02 9.9711737583307411e-02 2.5524602898173082e+01 32
1 0 1 1 3.3577328031460824e-02 2.3966382947401201e-02 1.0000001019559523e+00 7.5171985453471202e-02 1.0056321933749654e-01 2.5574602890596058e+01 32
1 0 1 1 3.3560396704303885e-02 2.3950990353624978e-02 1.0000001074908755e+00 7.5109611475852267e-02 1.0141683063567569e-01 2.5624602883013893e+01 31
1 0 1 1 3.3543271298121263e-02 2.3935522170332103e-02 1.0000001132920004e+00 7.5047353554360097e-02 1.0227255316882350e-01 2.5674602875411740e+01 31
1 0 1 1 3.3525954035047212e-02 2.3919979624635768e-02 1.0000001193703250e+00 7.4985212641319021e-02 1.0313036870030858e-01 2.5724602867807651e+01 31
1 0 1 1 3.3508447128037369e-02 2.3904363935058206e-02 1.0000001257372153e+00 7.4923189679649949e-02 1.0399025906501622e-01 2.5774602860188484e+01 31
1 0 1 1 3.3490752780747930e-02 2.3888676311517042e-02 1.0000001324044154e+00 7.4861285602814687e-02 1.0485220617049662e-01 2.5824602852565338e+01 31
1 0 1 1 3.3472873187460644e-02 2.3872917955361082e-02 1.0000001393840552e+00 7.4799501334873286e-02 1.0571619199643702e-01 2.5874602844930472e+01 31
1 0 1 1 3.3454810532975658e-02 2.3857090059366853e-02 1.0000001466886592e+00 7.4737837790455064e-02 1.0658219859543572e-01 2.5924602837291527e+01 31
1 0 1 1 3.3436566992528949e-02 2.3841193807760123e-02 1.0000001543311561e+00 7.4676295874800847e-02 1.0745020809273038e-01 2.5974602829645036e+01 31
1 0 1 1 3.3418144731704832e-02 2.3825230376230772e-02 1.0000001623248866e+00 7.4614876483754616e-02 1.0832020268667762e-01 2.6024602821993685e+01 31
1 0 1 1 3.3399542649178313e-02 2.3809200931947216e-02 1.0000001706836139e+00 7.4553580503787298e-02 1.0919216464870705e-01 2.6074602814333868e+01 31
1 0 1 1 3.3380760698002235e-02 2.3793106633568768e-02 1.0000001794215312e+00 7.4492408811993316e-02 1.1006607632381245e-01 2.6124602806674798e+01 31
1 0 1 1 3.3361806732950999e-02 2.3776948631276329e-02 1.0000001885532721e+00 7.4431362276137752e-02 1.1094192013018309e-01 2.6174602799007769e+01 31
1 0 1 1 3.3342682878561264e-02 2.3760728066772360e-02 1.0000001980939186e+00 7.4370441754633448e-02 1.1181967855992121e-01 2.6224602791339468e+01 31
1 0 1 1 3.3323391249276996e-02 2.3744446073314576e-02 1.0000002080590109e+00 7.4309648096586023e-02 1.1269933417880849e-01 2.6274602783669916e+01 31
1 0 1 1 3.3303933949371298e-02 2.3728103775726997e-02 1.0000002184645562e+00 7.4248982141803754e-02 1.1358086962649966e-01 2.6324602775996176e+01 31
1 0 1 1 3.3284313072880621e-02 2.3711702290424810e-02 1.0000002293270382e+00 7.4188444720805186e-02 1.1446426761680899e-01 2.6374602768320830e+01 31
1 0 1 1 3.3264530703538749e-02 2.3695242725433045e-02 1.0000002406634259e+00 7.4128036654847018e-02 1.1534951093775535e-01 2.6424602760647907e+01 31
1 0 1 1 3.3244588914714733e-02 2.3678726180408484e-02 1.0000002524911826e+00 7.4067758755953617e-02 1.1623658245150070e-01 2.6474602752973059e+01 31
1 0 1 1 3.3224489769351384e-02 2.3662153746664551e-02 1.0000002648282758e+00 7.4007611826919506e-02 1.1712546509471801e-01 2.6524602745297649e+01 31
1 0 1 1 3.3204235319900167e-02 2.3645526507187303e-02 1.0000002776931853e+00 7.3947596661337434e-02 1.1801614187860003e-01 2.6574602737623795e+01 31
1 0 1 1 3.3183827608276165e-02 2.3628845536668872e-02 1.0000002911049135e+00 7.3887714043624098e-02 1.1890859588894455e-01 2.6624602729953505e+01 31
1 0 1 1 3.3163268665796282e-02 2.3612111901525377e-02 1.0000003050829929e+00 7.3827964749047209e-02 1.1980281028615716e-01 2.6674602722283964e+01 31
1 0 1 1 3.3142560513125169e-02 2.3595326659920125e-02 1.0000003196474969e+00 7.3768349543737816e-02 1.2069876830547092e-01 2.6724602714615020e+01 31
1 0 1 1 3.3121705160227957e-02 2.3578490861791254e-02 1.0000003348190469e+00 7.3708869184714976e-02 1.2159645325707398e-01 2.6774602706951914e+01 31
1 0 1 1 3.3100704606328170e-02 2.3561605548884253e-02 1.0000003506188233e+00 7.3649524419926005e-02 1.2249584852595528e-01 2.6824602699292281e+01 31
1 0 1 1 3.3079560839851668e-02 2.3544671754765059e-02 1.0000003670685726e+00 7.3590315988259714e-02 1.2339693757215078e-01 2.6874602691637051e+01 31
1 0 1 1 3.3058275838389529e-02 2.3527690504858638e-02 1.0000003841906169e+00 7.3531244619577718e-02 1.2429970393068041e-01 2.6924602683982542e+01 31
1 0 1 1 3.3036851568649668e-02 2.3510662816466601e-02 1.0000004020078628e+00 7.3472311034726512e-02 1.2520413121191135e-01 2.6974602676338193e+01 31
1 0 1 1 3.3015289986428845e-02 2.3493589698805901e-02 1.0000004205438096e+00 7.3413515945597335e-02 1.2611020310111026e-01 2.7024602668698854e+01 31
1 0 1 1 3.2993593036566925e-02 2.3476472153032370e-02 1.0000004398225584e+00 7.3354860055130144e-02 1.2701790335878554e-01 2.7074602661061039e+01 31
1 0 1 1 3.2971762652902747e-02 2.3459311172259353e-02 1.0000004598688197e+00 7.3296344057334650e-02 1.2792721582092703e-01 2.7124602653434707e+01 30
1 0 1 1 3.2949800758261823e-02 2.3442107741609101e-02 1.0000004807079226e+00 7.3237968637352491e-02 1.2883812439850875e-01 2.7174602645813046e+01 30
1 0 1 1 3.2927709264405296e-02 2.3424862838222153e-02 1.0000005023658223e+00 7.3179734471456676e-02 1.2975061307802346e-01 2.7224602638201407e+01 30
1 0 1 1 3.2905490072009380e-02 2.3407577431298725e-02 1.0000005248691086e+00 7.3121642227105516e-02 1.3066466592107290e-01 2.7274602630592916e+01 30
1 0 1 1 3.2883145070629956e-02 2.3390252482123529e-02 1.0000005482450138e+00 7.3063692562945537e-02 1.3158026706486972e-01 2.7324602622995144e+01 30
1 0 1 1 3.2860676138683487e-02 2.3372888944099821e-02 1.0000005725214203e+00 7.3005886128871433e-02 1.3249740072186159e-01 2.7374602615409252e+01 30
1 0 1 1 3.2838085143425955e-02 2.3355487762787518e-02 1.0000005977268678e+00 7.2948223566055403e-02 1.3341605117971692e-01 2.7424602607828181e+01 30
1 0 1 1 3.2815373940910976e-02 2.3338049875916471e-02 1.0000006238905619e+00 7.2890705506956976e-02 1.3433620280163908e-01 2.7474602600254610e+01 30
1 0 1 1 3.2792544375986075e-02 2.3320576213435158e-02 1.0000006510423805e+00 7.2833332575368087e-02 1.3525784002636640e-01 2.7524602592700230e+01 30
1 0 1 1 3.2769598282275790e-02 2.3303067697542933e-02 1.0000006792128810e+00 7.2776105386480772e-02 1.3618094736738495e-01 2.7574602585144088e+01 30
1 0 1 1 3.2746537482142152e-02 2.3285525242707762e-02 1.0000007084333074e+00 7.2719024546845840e-02 1.3710550941434360e-01 2.7624602577609689e+01 30
1 0 1 1 3.2723363786696463e-02 2.3267949755719206e-02 1.0000007387355971e+00 7.2662090654497746e-02 1.3803151083142290e-01 2.7674602570077951e+01 30
1 0 1 1 3.2700078995761550e-02 2.3250342135707151e-02 1.0000007701523870e+00 7.2605304298909212e-02 1.3895893635869547e-01 2.7724602562561440e+01 30
1 0 1 1 3.2676684897871268e-02 2.3232703274180071e-02 1.0000008027170197e+00 7.2548666061081207e-02 1.3988777081123205e-01 2.7774602555058529e+01 30
1 0 1 1 3.2653183270260532e-02 2.3215034055065767e-02 1.0000008364635506e+00 7.2492176513562767e-02 1.4081799907924999e-01 2.7824602547562108e+01 30
1 0 1 1 3.2629575878841743e-02 2.3197335354730633e-02 1.0000008714267525e+00 7.2435836220466454e-02 1.4174960612849563e-01 2.7874602540082993e+01 30
1 0 1 1 3.2605864478215535e-02 2.3179608042032181e-02 1.0000009076421215e+00 7.2379645737542575e-02 1.4268257699958356e-01 2.7924602532616046e+01 30
1 0 1 1 3.2582050811650359e-02 2.3161852978341561e-02 1.0000009451458822e+00 7.2323605612191644e-02 1.4361689680829398e-01 2.7974602525158957e+01 30
1 0 1 1 3.2558136611078876e-02 2.3144071017580922e-02 1.0000009839749935e+00 7.2267716383498493e-02 1.4455255074563617e-01 2.8024602517718161e+01 30
1 0 1 1 3.2534123597098646e-02 2.3126263006260063e-02 1.0000010241671520e+00 7.2211978582289893e-02 1.4548952407749510e-01 2.8074602510293285e+01 30
1 0 1 1 3.2510013478973004e-02 2.3108429783519773e-02 1.0000010657607978e+00 7.2156392731166863e-02 1.4642780214457748e-01 2.8124602502876463e+01 30
1 0 1 1 3.2485807954612880e-02 2.3090572181148798e-02 1.0000011087951177e+00 7.2100959344519100e-02 1.4736737036282427e-01 2.8174602495478911e+01 30
1 0 1 1 3.2461508710599739e-02 2.3072691023641276e-02 1.0000011533100497e+00 7.2045678928602586e-02 1.4830821422267307e-01 2.8224602488094234e+01 30
1 0 1 1 3.2437117422169863e-02 2.3054787128216059e-02 1.0000011993462858e+00 7.1990551981549800e-02 1.4925031928949295e-01 2.8274602480726301e+01 30
1 0 1 1 3.2412635753228190e-02 2.3036861304865722e-02 1.0000012469452766e+00 7.1935578993426508e-02 1.5019367120319188e-01 2.8324602473371581e+01 30
1 0 1 1 3.2388065356345717e-02 2.3018914356384729e-02 1.0000012961492322e+00 7.1880760446257075e-02 1.5113825567836978e-01 2.8374602466032012e+01 30
1 0 1 1 3.2363407872767321e-02 2.3000947078409585e-02 1.0000013470011264e+00 7.1826096814071927e-02 1.5208405850415516e-01 2.8424602458710627e+01 30
1 0 1 1 3.2338664932421574e-02 2.2982960259456738e-02 1.0000013995446986e+00 7.1771588562954458e-02 1.5303106554396603e-01 2.8474602451403776e+01 30
1 0 1 1 3.2313838153924267e-02 2.2964954680957949e-02 1.0000014538244548e+00 7.1717236151068287e-02 1.5397926273567905e-01 2.8524602444114610e+01 30
1 0 1 1 3.2288929144592277e-02 2.2946931117299101e-02 1.0000015098856700e+00 7.1663040028710184e-02 1.5492863609131388e-01 2.8574602436841886e+01 30
1 0 1 1 3.2263939500450402e-02 2.2928890335856968e-02 1.0000015677743892e+00 7.1609000638344522e-02 1.5587917169702253e-01 2.8624602429584286e+01 30
1 0 1 1 3.2238870806242069e-02 2.2910833097034712e-02 1.0000016275374273e+00 7.1555118414640767e-02 1.5683085571307320e-01 2.8674602422345298e+01 30
1 0 1 1 3.2213724635446188e-02 2.2892760154303051e-02 1.0000016892223706e+00 7.1501393784525413e-02 1.5778367437357688e-01 2.8724602415124416e+01 30
1 0 1 1 3.2188502550292777e-02 2.2874672254239822e-02 1.0000017528775760e+00 7.1447827167219258e-02 1.5873761398647682e-01 2.8774602407922274e+01 29
1 0 1 1 3.2163206101771702e-02 2.2856570136561942e-02 1.0000018185521704e+00 7.1394418974282281e-02 1.5969266093328330e-01 2.8824602400733163e+01 29
1 0 1 1 3.2137836829649158e-02 2.2838454534166053e-02 1.0000018862960505e+00 7.1341169609637267e-02 1.6064880166942933e-01 2.8874602393569305e+01 29
1 0 1 1 3.2112396262494743e-02 2.2820326173170535e-02 1.0000019561598807e+00 7.1288079469651794e-02 1.6160602272329222e-01 2.8924602386416790e+01 29
1 0 1 1 3.2086885917682703e-02 2.2802185772945047e-02 1.0000020281950921e+00 7.1235148943130239e-02 1.6256431069709693e-01 2.8974602379288665e+01 29
1 0 1 1 3.2061307301431266e-02 2.2784034046161195e-02 1.0000021024538794e+00 7.1182378411404956e-02 1.6352365226586296e-01 2.9024602372177025e+01 29
1 0 1 1 3.2035661908806731e-02 2.2765871698820356e-02 1.0000021789891995e+00 7.1129768248345826e-02 1.6448403417783716e-01 2.9074602365082452e+01 29
1 0 1 1 3.2009951223748161e-02 2.2747699430292832e-02 1.0000022578547669e+00 7.1077318820410379e-02 1.6544544325435054e-01 2.9124602358013952e+01 29
1 0 1 1 3.1984176719105049e-02 2.2729517933370920e-02 1.0000023391050517e+00 7.1025030486712271e-02 1.6640786638908894e-01 2.9174602350957493e+01 29
1 0 1 1 3.1958339856633169e-02 2.2711327894285177e-02 1.0000024227952742e+00 7.0972903599017700e-02 1.6737129054890029e-01 2.9224602343926161e+01 29
1 0 1 1 3.1932442087040894e-02 2.2693129992758489e-02 1.0000025089814013e+00 7.0920938501836506e-02 1.6833570277267060e-01 2.9274602336909378e+01 29
1 0 1 1 3.1906484850002199e-02 2.2674924902040025e-02 1.0000025977201412e+00 7.0869135532424132e-02 1.6930109017209427e-01 2.9324602329919809e+01 29
1 0 1 1 3.1880469574193569e-02 2.2656713288947392e-02 1.0000026890689382e+00 7.0817495020869897e-02 1.7026743993056592e-01 2.9374602322944877e+01 29
1 0 1 1 3.1854397677307938e-02 2.2638495813900185e-02 1.0000027830859661e+00 7.0766017290095407e-02 1.7123473930395849e-01 2.9424602315994250e+01 29
1 0 1 1 3.1828270566092040e-02 2.2620273130962536e-02 1.0000028798301226e+00 7.0714702655935269e-02 1.7220297561969056e-01 2.9474602309060568e+01 29
1 0 1 1 3.1802089636367728e-02 2.2602045887880180e-02 1.0000029793610217e+00 7.0663551427151750e-02 1.7317213627723135e-01 2.9524602302153170e+01 29
1 0 1 1 3.1775856273071099e-02 2.2583814726122548e-02 1.0000030817389862e+00 7.0612563905510906e-02 1.7414220874726363e-01 2.9574602295264274e+01 29
1 0 1 1 3.1749571850271711e-02 2.2565580280918093e-02 1.0000031870250401e+00 7.0561740385798655e-02 1.7511318057198966e-01 2.9624602288392555e+01 29
1 0 1 1 3.1723237731203245e-02 2.2547343181290775e-02 1.0000032952808999e+00 7.0511081155865907e-02 1.7608503936510156e-01 2.9674602281550985e+01 29
1 0 1 1 3.1696855268313499e-02 2.2529104050111524e-02 1.0000034065689656e+00 7.0460586496709415e-02 1.7705777281081822e-01 2.9724602274726198e+01 29
1 0 1 1 3.1670425803273131e-02 2.2510863504123488e-02 1.0000035209523106e+00 7.0410256682470695e-02 1.7803136866453723e-01 2.9774602267920631e+01 29
1 0 1 1 3.1643950667015197e-02 2.2492622153981061e-02 1.0000036384946727e+00 7.0360091980496420e-02 1.7900581475247632e-01 2.9824602261144317e+01 29
1 0 1 1 3.1617431179785639e-02 2.2474380604305042e-02 1.0000037592604420e+00 7.0310092651407585e-02 1.7998109897093001e-01 2.9874602254385000e+01 29
1 0 1 1 3.1590868651151953e-02 2.2456139453700553e-02 1.0000038833146507e+00 7.0260258949104093e-02 1.8095720928683320e-01 2.9924602247647407e+01 29
1 0 1 1 3.1564264380054260e-02 2.2437899294808782e-02 1.0000040107229613e+00 7.0210591120830446e-02 1.8193413373731357e-01 2.9974602240939401e+01 29
1 0 1 1 3.1537619654844959e-02 2.2419660714347124e-02 1.0000041415516536e+00 7.0161089407238308e-02 1.8291186042895663e-01 3.0024602234244558e+01 29
1 0 1 1 3.1510935753304742e-02 2.2401424293135099e-02 1.0000042758676124e+00 7.0111754042381236e-02 1.8389037753882378e-01 3.0074602227583860e+01 29
1 0 1 1 3.1484213942711177e-02 2.2383190606155349e-02 1.0000044137383133e+00 7.0062585253828163e-02 1.8486967331264104e-01 3.0124602220933046e+01 29
1 0 1 1 3.1457455479832898e-02 2.2364960222558964e-02 1.0000045552318100e+00 7.0013583262626744e-02 1.8584973606647198e-01 3.0174602214319123e+01 29
1 0 1 1 3.1430661611020053e-02 2.2346733705745581e-02 1.0000047004167183e+00 6.9964748283438544e-02 1.8683055418450756e-01 3.0224602207716398e+01 29
1 0 1 1 3.1403833572191654e-02 2.2328511613361985e-02 1.0000048493622016e+00 6.9916080524494856e-02 1.8781211612081869e-01 3.0274602201147612e+01 29
1 0 1 1 3.1376970953998023e-02 2.2310294497374657e-02 1.0000050021379550e+00 6.9867580187721268e-02 1.8879441039746070e-01 3.0324602194596995e+01 29
1 0 1 1 3.1350072102626365e-02 2.2292082904084378e-02 1.0000051588141889e+00 6.9819247468724421e-02 1.8977742560542951e-01 3.0374602188069964e+01 29
1 0 1 1 3.1323142652497561e-02 2.2273877374174744e-02 1.0000053194616125e+00 6.9771082556862374e-02 1.9076115040398578e-01 3.0424602181569536e+01 29
1 0 1 1 3.1296183800349146e-02 2.2255678442752082e-02 1.0000054841514154e+00 6.9723085635292559e-02 1.9174557352033184e-01 3.0474602175090620e+01 29
1 0 1 1 3.1269196732688957e-02 2.2237486639375373e-02 1.0000056529552501e+00 6.9675256881001291e-02 1.9273068374973196e-01 3.0524602168637486e+01 29
1 0 1 1 3.1242182625850805e-02 2.2219302488107065e-02 1.0000058259452136e+00 6.9627596464863245e-02 1.9371646995510775e-01 3.0574602162213584e+01 28
1 0 1 1 3.1215142646033249e-02 2.2201126507545899e-02 1.0000060031938265e+00 6.9580104551693334e-02 1.9470292106641196e-01 3.0624602155801707e+01 28
1 0 1 1 3.1188077949320891e-02 2.2182959210852005e-02 1.0000061847740158e+00 6.9532781300243485e-02 1.9569002608173047e-01 3.0674602149430878e+01 28
1 0 1 1 3.1160989681770633e-02 2.2164801105812846e-02 1.0000063707590916e+00 6.9485626863334649e-02 1.9667777406491505e-01 3.0724602143068132e+01 28
1 0 1 1 3.1133878979404835e-02 2.2146652694850191e-02 1.0000065612227280e+00 6.9438641387795597e-02 1.9766615414787397e-01 3.0774602136745184e+01 28
1 0 1 1 3.1106746968303997e-02 2.2128514475086260e-02 1.0000067562389403e+00 6.9391825014612607e-02 1.9865515552792212e-01 3.0824602130437214e+01 28
1 0 1 1 3.1079594764610339e-02 2.2110386938357769e-02 1.0000069558820628e+00 6.9345177878888303e-02 1.9964476746952181e-01 3.0874602124161665e+01 28
1 0 1 1 3.1052423474605646e-02 2.2092270571274646e-02 1.0000071602267266e+00 6.9298700109948930e-02 2.0063497930259058e-01 3.0924602117904730e+01 28
1 0 1 1 3.1025234194727802e-02 2.2074165855237436e-02 1.0000073693478353e+00 6.9252391831340521e-02 2.0162578042342330e-01 3.0974602111680348e+01 28
1 0 1 1 3.0998028011643336e-02 2.2056073266493312e-02 1.0000075833205408e+00 6.9206253160919051e-02 2.0261716029338500e-01 3.1024602105475822e+01 28
1 0 1 1 3.0970806002269580e-02 2.2037993276158865e-02 1.0000078022202199e+00 6.9160284210853185e-02 2.0360910843959229e-01 3.1074602099298215e+01 28
1 0 1 1 3.0943569233837075e-02 2.2019926350267220e-02 1.0000080261224471e+00 6.9114485087694744e-02 2.0460161445419461e-01 3.1124602093150479e+01 28
1 0 1 1 3.0916318763934938e-02 2.2001872949802326e-02 1.0000082551029699e+00 6.9068855892425757e-02 2.0559466799399706e-01 3.1174602087025225e+01 28
1 0 1 1 3.0889055640549144e-02 2.1983833530734513e-02 1.0000084892376815e+00 6.9023396720483188e-02 2.0658825878064371e-01 3.1224602080925369e+01 28
1 0 1 1 3.0861780902115481e-02 2.1965808544057368e-02 1.0000087286025945e+00 6.8978107661815002e-02 2.0758237660017517e-01 3.1274602074855189e+01 28
1 0 1 1 3.0834495577571987e-02 2.1947798435830255e-02 1.0000089732738124e+00 6.8932988800932543e-02 2.0857701130253911e-01 3.1324602068807803e+01 28
1 0 1 1 3.0807200686395541e-02 2.1929803647205946e-02 1.0000092233275015e+00 6.8888040216935231e-02 2.0957215280181002e-01 3.1374602062789119e+01 28
1 0 1 1 3.0779897238661119e-02 2.1911824614475127e-02 1.0000094788398624e+00 6.8843261983573767e-02 2.1056779107557114e-01 3.1424602056799568e+01 28
1 0 1 1 3.0752586235089384e-02 2.1893861769103136e-02 1.0000097398870986e+00 6.8798654169291762e-02 2.1156391616455328e-01 3.1474602050828334e+01 28
1 0 1 1 3.0725268667078202e-02 2.1875915537753397e-02 1.0000100065453894e+00 6.8754216837242643e-02 2.1256051817317756e-01 3.1524602044894145e+01 28
1 0 1 1 3.0697945516785664e-02 2.1857986342348458e-02 1.0000102788908563e+00 6.8709950045385770e-02 2.1355758726801108e-01 3.1574602038979958e+01 28
1 0 1 1 3.0670617757142003e-02 2.1840074600078217e-02 1.0000105569995328e+00 6.8665853846477110e-02 2.1455511367870772e-01 3.1624602033094259e+01 28
1 0 1 1 3.0643286351925411e-02 2.1822180723457842e-02 1.0000108409473325e+00 6.8621928288144451e-02 2.1555308769713497e-01 3.1674602027239068e+01 28
1 0 1 1 3.0615952255803391e-02 2.1804305120352599e-02 1.0000111308100166e+00 6.8578173412930044e-02 2.1655149967705675e-01 3.1724602021408863e+01 28
1 0 1 1 3.0588616414380154e-02 2.1786448194016730e-02 1.0000114266631601e+00 6.8534589258320788e-02 2.1755034003417204e-01 3.1774602015604437e+01 28
1 0 1 1 3.0561279764248120e-02 2.1768610343129033e-02 1.0000117285821188e+00 6.8491175856796760e-02 2.1854959924577555e-01 3.1824602009829611e+01 28
1 0 1 1 3.0533943233040737e-02 2.1750791961827189e-02 1.0000120366419949e+00 6.8447933235882441e-02 2.1954926785025425e-01 3.1874602004080092e+01 28
1 0 1 1 3.0506607739479930e-02 2.1732993439744872e-02 1.0000123509176013e+00 6.8404861418177282e-02 2.2054933644729555e-01 3.1924601998366548e+01 28
1 0 1 1 3.0479274193438440e-02 2.1715215162051892e-02 1.0000126714834268e+00 6.8361960421428225e-02 2.2154979569660363e-01 3.1974601992664621e+01 28
1 0 1 1 3.0451943495957510e-02 2.1697457509470247e-02 1.0000129984136008e+00 6.8319230258507779e-02 2.2255063631953501e-01 3.2024601987009582e+01 28
1 0 1 1 3.0424616539352384e-02 2.1679720858341758e-02 1.0000133317818545e+00 6.8276670937554851e-02 2.2355184909621423e-01 3.2074601981366769e+01 28
1 0 1 1 3.0397294207202358e-02 2.1662005580625456e-02 1.0000136716614858e+00 6.8234282461914708e-02 2.2455342486787894e-01 3.2124601975761813e+01 28
1 0 1 1 3.0369977374452996e-02 2.1644312043963786e-02 1.0000140181253208e+00 6.8192064830263494e-02 2.2555535453464484e-01 3.2174601970183296e+01 28
1 0 1 1 3.0342666907440342e-02 2.1626640611701498e-02 1.0000143712456753e+00 6.8150018036608223e-02 2.2655762905618604e-01 3.2224601964630047e+01 28
1 0 1 1 3.0315363663943905e-02 2.1608991642918490e-02 1.0000147310943159e+00 6.8108142070334554e-02 2.2756023945132378e-01 3.2274601959105283e+01 28
1 0 1 1 3.0288068493245529e-02 2.1591365492471024e-02 1.0000150977424214e+00 6.8066436916255718e-02 2.2856317679768715e-01 3.2324601953612955e+01 28
1 0 1 1 3.0260782236184031e-02 2.1573762511026932e-02 1.0000154712605418e+00 6.8024902554662148e-02 2.2956643223124235e-01 3.2374601948148673e+01 28
1 0 1 1 3.0233505725198673e-02 2.1556183045093290e-02 1.0000158517185580e+00 6.7983538961352508e-02 2.3056999694616961e-01 3.2424601942707888e+01 28
1 0 1 1 3.0206239784377968e-02 2.1538627437049686e-02 1.0000162391856422e+00 6.7942346107667889e-02 2.3157386219498319e-01 3.2474601937305621e+01 27
1 0 1 1 3.0178985229532482e-02 2.1521096025193771e-02 1.0000166337302139e+00 6.7901323960570303e-02 2.3257801928705571e-01 3.2524601931917573e+01 27
1 0 1 1 3.0151742868209295e-02 2.1503589143753582e-02 1.0000170354199007e+00 6.7860472482620199e-02 2.3358245959025797e-01 3.2574601926575227e+01 27
1 0 1 1 3.0124513499794343e-02 2.1486107122948527e-02 1.0000174443214931e+00 6.7819791632103638e-02 2.3458717452833858e-01 3.2624601921251084e+01 27
1 0 1 1 3.0097297915517195e-02 2.1468650288996860e-02 1.0000178605009036e+00 6.7779281362994270e-02 2.3559215558268107e-01 3.2674601915959016e+01 27
1 0 1 1 3.0070096898531247e-02 2.1451218964163476e-02 1.0000182840231215e+00 6.7738941625042404e-02 2.3659739429086238e-01 3.2724601910697963e+01 27
1 0 1 1 3.0042911223959048e-02 2.1433813466790366e-02 1.0000187149521707e+00 6.7698772363804616e-02 2.3760288224654733e-01 3.2774601905460550e+01 27
1 0 1 1 3.0015741658934721e-02 2.1416434111321710e-02 1.0000191533510632e+00 6.7658773520669541e-02 2.3860861109979531e-01 3.2824601900263183e+01 27
1 0 1 1 2.9988588962683239e-02 2.1399081208354900e-02 1.0000195992817560e+00 6.7618945032939665e-02 2.3961457255552454e-01 3.2874601895083892e+01 27
1 0 1 1 2.9961453886532072e-02 2.1381755064645468e-02 1.0000200528051044e+00 6.7579286833814811e-02 2.4062075837481375e-01 3.2924601889942110e+01 27
1 0 1 1 2.9934337174004049e-02 2.1364455983167135e-02 1.0000205139808176e+00 6.7539798852487898e-02 2.4162716037322785e-01 3.2974601884829411e+01 27
1 0 1 1 2.9907239379475391e-02 2.1347182560764302e-02 1.0000209829550837e+00 6.7500481014156344e-02 2.4263377730008087e-01 3.3024602212473724e+01 27
1 0 1 1 2.9880161460712186e-02 2.1329932518182465e-02 1.0000214599361321e+00 6.7461334024426001e-02 2.4364059277727743e-01 3.3074602444070983e+01 27
1 0 1 1 2.9853105020706677e-02 2.1312711020330628e-02 1.0000219447404026e+00 6.7422358354947615e-02 2.4464756552993561e-01 3.3124600952314850e+01 27
1 0 1 1 2.9826068539136191e-02 2.1295516934918015e-02 1.0000224374631468e+00 6.7383550705119200e-02 2.4565477071943409e-01 3.3174601864492111e+01 27
1 0 1 1 2.9799054517870058e-02 2.1278351690331869e-02 1.0000229381256835e+00 6.7344913569605314e-02 2.4666213354240737e-01 3.3224601859528597e+01 27
1 0 1 1 2.9772063158415147e-02 2.1261215252394033e-02 1.0000234467892457e+00 6.7306446140681986e-02 2.4766966461300688e-01 3.3274601854594557e+01 27
1 0 1 1 2.9745095150950179e-02 2.1244107898996788e-02 1.0000239635046257e+00 6.7268148320286325e-02 2.4867735612479808e-01 3.3324601849690225e+01 27
1 0 1 1 2.9718151178245084e-02 2.1227029904475243e-02 1.0000244883210925e+00 6.7230020006646740e-02 2.4968520032419839e-01 3.3374601844825676e+01 27
1 0 1 1 2.9691231915732235e-02 2.1209981539654428e-02 1.0000250212863413e+00 6.7192061094344641e-02 2.5069318950939246e-01 3.3424601839980411e+01 27
1 0 1 1 2.9664338031521346e-02 2.1192963071853504e-02 1.0000255624464451e+00 6.7154271474306332e-02 2.5170131603139800e-01 3.3474601835172301e+01 27
1 0 1 1 2.9637470186488265e-02 2.1175974764941846e-02 1.0000261118458043e+00 6.7116651033890085e-02 2.5270957229242175e-01 3.3524601830390019e+01 27
1 0 1 1 2.9610629034299604e-02 2.1159016879350356e-02 1.0000266695270961e+00 6.7079199656890909e-02 2.5371795074654241e-01 3.3574601825642667e+01 27
1 0 1 1 2.9583815221485024e-02 2.1142089672116192e-02 1.0000272355312254e+00 6.7041917223604863e-02 2.5472644389883653e-01 3.3624601820930835e+01 27
1 0 1 1 2.9557029387484380e-02 2.1125193396907861e-02 1.0000278098972721e+00 6.7004803610865193e-02 2.5573504430483035e-01 3.3674601816234869e+01 27
1 0 1 1 2.9530272164672855e-02 2.1108328304041347e-02 1.0000283926624429e+00 6.6967858692040139e-02 2.5674374457159693e-01 3.3724601811583518e+01 27
1 0 1 1 2.9503544178458980e-02 2.1091494640537164e-02 1.0000289838620178e+00 6.6931082337138792e-02 2.5775253735553127e-01 3.3774601806959112e+01 27
1 0 1 1 2.9476846047298114e-02 2.1074692650124509e-02 1.0000295835292998e+00 6.6894474412798666e-02 2.5876141536333208e-01 3.3824601802361776e+01 27
1 0 1 1 2.9450178382755633e-02 2.1057922573282439e-02 1.0000301916955650e+00 6.6858034782334208e-02 2.5977037135161701e-01 3.3874601797803905e+01 27
1 0 1 1 2.9423541789570361e-02 2.1041184647271744e-02 1.0000308083900080e+00 6.6821763305798920e-02 2.6077939812577661e-01 3.3924601793269929e+01 27
1 0 1 1 2.9396936865683031e-02 2.1024479106154667e-02 1.0000314336396938e+00 6.6785659839985828e-02 2.6178848854081133e-01 3.3974601788771345e+01 27
1 0 1 1 2.9370364202306050e-02 2.1007806180830434e-02 1.0000320674695033e+00 6.6749724238496261e-02 2.6279763550006535e-01 3.4024601784300387e+01 27
1 0 1 1 2.9343824383960760e-02 2.0991166099060106e-02 1.0000327099020840e+00 6.6713956351754755e-02 2.6380683195556182e-01 3.4074601779860245e+01 27
1 0 1 1 2.9317317988532692e-02 2.0974559085494050e-02 1.0000333609577963e+00 6.6678356027056018e-02 2.6481607090760539e-01 3.4124601775461656e+01 27
1 0 1 1 2.9290845587340086e-02 2.0957985361715198e-02 1.0000340206546630e+00 6.6642923108622132e-02 2.6582534540368169e-01 3.4174601771081939e+01 27
1 0 1 1 2.9264407745144216e-02 2.0941445146238250e-02 1.0000346890083176e+00 6.6607657437590284e-02 2.6683464853960287e-01 3.4224601766738061e+01 27
1 0 1 1 2.9238005020233916e-02 2.0924938654561479e-02 1.0000353660319521e+00 6.6572558852092845e-02 2.6784397345803490e-01 3.4274601762427856e+01 27
1 0 1 1 2.9211637964465128e-02 2.0908466099187339e-02 1.0000360517362665e+00 6.6537627187280124e-02 2.6885331334860113e-01 3.4324601758150187e+01 27
1 0 1 1 2.9185307123311622e-02 2.0892027689650906e-02 1.0000367461294164e+00 6.6502862275357011e-02 2.6986266144745352e-01 3.4374601753898368e+01 27
1 0 1 1 2.9159013035904010e-02 2.0875623632539957e-02 1.0000374492169626e+00 6.6468263945606398e-02 2.7087201103742164e-01 3.4424601749682772e+01 27
1 0 1 1 2.9132756235096129e-02 2.0859254131531866e-02 1.0000381610018203e+00 6.6433832024447359e-02 2.7188135544694558e-01 3.4474601745492897e+01 27
1 0 1 1 2.9106537247496081e-02 2.0842919387411778e-02 1.0000388814842076e+00 6.6399566335444776e-02 2.7289068805082300e-01 3.4524601741348512e+01 26
1 0 1 1 2.9080356593547324e-02 2.0826619598116630e-02 1.0000396106615952e+00 6.6365466699388698e-02 2.7390000226827926e-01 3.4574601737219496e+01 26
1 0 1 1 2.9054214787527986e-02 2.0810354958732392e-02 1.0000403485286573e+00 6.6331532934263276e-02 2.7490929156470972e-01 3.4624601733126411e+01 26
1 0 1 1 2.9028112337638069e-02 2.0794125661543178e-02 1.0000410950772209e+00 6.6297764855333396e-02 2.7591854945002225e-01 3.4674601729073522e+01 26
1 0 1 1 2.9002049746046414e-02 2.0777931896056982e-02 1.0000418502962163e+00 6.6264162275176702e-02 2.7692776947822234e-01 3.4724601725042767e+01 26
1 0 1 1 2.8976027508915980e-02 2.0761773849020181e-02 1.0000426141716285e+00 6.6230725003684432e-02 2.7793694524820506e-01 3.4774601721046288e+01 26
1 0 1 1 2.8950046116469542e-02 2.0745651704448604e-02 1.0000433866864489e+00 6.6197452848126032e-02 2.7894607040256991e-01 3.4824601717084647e+01 26
1 0 1 1 2.8924106053038193e-02 2.0729565643658049e-02 1.0000441678206267e+00 6.6164345613177855e-02 2.7995513862734195e-01 3.4874601713145601e+01 26
1 0 1 1 2.8898200178272441e-02 2.0713515845275685e-02 1.0000449575510229e+00 6.6131403100934183e-02 2.8096414365253997e-01 3.4924601709247391e+01 26
1 0 1 1 2.8872333173259400e-02 2.0697502485287539e-02 1.0000457558513611e+00 6.6098625110979164e-02 2.8197307925071463e-01 3.4974601705379818e+01 26
1 0 1 1 2.8846508960970189e-02 2.0681525737043793e-02 1.0000465626921839e+00 6.6066011440393702e-02 2.8298193923715204e-01 3.5024601701530194e+01 26
1 0 1 1 2.8820728003137074e-02 2.0665585771281740e-02 1.0000473780408063e+00 6.6033561883769798e-02 2.8399071747072097e-01 3.5074601697737926e+01 26
1 0 1 1 2.8794990755856738e-02 2.0649682756182688e-02 1.0000482018612700e+00 6.6001276233319695e-02 2.8499940785062572e-01 3.5124601693948748e+01 26
1 0 1 1 2.8769297669548360e-02 2.0633816857344511e-02 1.0000490341143018e+00 6.5969154278794018e-02 2.8600800431995788e-01 3.5174601690203922e+01 26
1 0 1 1 2.8743649189075682e-02 2.0617988237850410e-02 1.0000498747572688e+00 6.5937195807611176e-02 2.8701650086242797e-01 3.5224601686492925e+01 26
1 0 1 1 2.8718045753763227e-02 2.0602197058275550e-02 1.0000507237441367e+00 6.5905400604850506e-02 2.8802489150312971e-01 3.5274601682804779e+01 26
1 0 1 1 2.8692487797431943e-02 2.0586443476704901e-02 1.0000515810254293e+00 6.5873768453271364e-02 2.8903317030891340e-01 3.5324601679160331e+01 26
1 0 1 1 2.8666975748477482e-02 2.0570727648775902e-02 1.0000524465481868e+00 6.5842299133386073e-02 2.9004133138631866e-01 3.5374601675523714e+01 26
1 0 1 1 2.8641510029858097e-02 2.0555049727667658e-02 1.0000533202559287e+00 6.5810992423417924e-02 2.9104936888407018e-01 3.5424601671939172e+01 26
1 0 1 1 2.8616091059212957e-02 2.0539409864169869e-02 1.0000542020886141e+00 6.5779848099423721e-02 2.9205727698970463e-01 3.5474601668377304e+01 26
1 0 1 1 2.8590719248850156e-02 2.0523808206668326e-02 1.0000550919826057e+00 6.5748865935254475e-02 2.9306504993140359e-01 3.5524601664839871e+01 26
1 0 1 1 2.8565395005805662e-02 2.0508244901179681e-02 1.0000559898706345e+00 6.5718045702602451e-02 2.9407268197736663e-01 3.5574601661341099e+01 26
1 0 1 1 2.8540118731904939e-02 2.0492720091383365e-02 1.0000568956817646e+00 6.5687387171052714e-02 2.9508016743472121e-01 3.5624601657867053e+01 26
1 0 1 1 2.8514890823782797e-02 2.0477233918629253e-02 1.0000578093413615e+00 6.5656890108083454e-02 2.9608750065019906e-01 3.5674601654422204e+01 26
1 0 1 1 2.8489711672938706e-02 2.0461786521968211e-02 1.0000587307710591e+00 6.5626554279108851e-02 2.9709467600953038e-01 3.5724601651011731e+01 26
1 0 1 1 2.8464581665784132e-02 2.0446378038174538e-02 1.0000596598887315e+00 6.5596379447514341e-02 2.9810168793682623e-01 3.5774601647624344e+01 26
1 0 1 1 2.8439501183670973e-02 2.0431008601761752e-02 1.0000605966084628e+00 6.5566365374664315e-02 2.9910853089497641e-01 3.5824601644263304e+01 26
1 0 1 1 2.8414470602938023e-02 2.0415678345003508e-02 1.0000615408405218e+00 6.5536511819939552e-02 3.0011519938528336e-01 3.5874601640942103e+01 26
1 0 1 1 2.8389490294973826e-02 2.0400387397969549e-02 1.0000624924913351e+00 6.5506818540785661e-02 3.0112168794617750e-01 3.5924601637631788e+01 26
1 0 1 1 2.8364560626212440e-02 2.0385135888518969e-02 1.0000634514634654e+00 6.5477285292687287e-02 3.0212799115529032e-01 3.5974601634376079e+01 26
1 0 1 1 2.8339681958247508e-02 2.0369923942364233e-02 1.0000644176555877e+00 6.5447911829279781e-02 3.0313410362564769e-01 3.6024601631114344e+01 26
1 0 1 1 2.8314854647771847e-02 2.0354751683029478e-02 1.0000653909624728e+00 6.5418697902258294e-02 3.0414002000993751e-01 3.6074601627905793e+01 26
1 0 1 1 2.8290079046723052e-02 2.0339619231936688e-02 1.0000663712749651e+00 6.5389643261524411e-02 3.0514573499594333e-01 3.6124601624713151e+01 26
1 0 1 1 2.8265355502250469e-02 2.0324526708379885e-02 1.0000673584799706e+00 6.5360747655126950e-02 3.0615124330923787e-01 3.6174601621548383e+01 26
1 0 1 1 2.8240684356786314e-02 2.0309474229564153e-02 1.0000683524604403e+00 6.5332010829323772e-02 3.0715653971173257e-01 3.6224601618411754e+01 26
1 0 1 1 2.8216065948081428e-02 2.0294461910624256e-02 1.0000693530953602e+00 6.5303432528601102e-02 3.0816161900155103e-01 3.6274601615295985e+01 26
1 0 1 1 2.8191500609232870e-02 2.0279489864634070e-02 1.0000703602597409e+00 6.5275012495686818e-02 3.0916647601334579e-01 3.6324601612213868e+01 26
1 0 1 1 2.8166988668746094e-02 2.0264558202643720e-02 1.0000713738246103e+00 6.5246750471597892e-02 3.1017110561698941e-01 3.6374601609142289e+01 26
1 0 1 1 2.8142530450534570e-02 2.0249667033671745e-02 1.0000723936570095e+00 6.5218646195622315e-02 3.1117550271913214e-01 3.6424601606111302e+01 26
1 0 1 1 2.8118126274008927e-02 2.0234816464757777e-02 1.0000734196199885e+00 6.5190699405398511e-02 3.1217966226077776e-01 3.6474601603092445e+01 26
1 0 1 1 2.8093776058152387e-02 2.0220003658931084e-02 1.0000744521903320e+00 6.5162909836882332e-02 3.1318359495062864e-01 3.6524602322244412e+01 26
1 0 1 1 2.8069480951476589e-02 2.0205227736041498e-02 1.0000754915552199e+00 6.5135278427333576e-02 3.1418726083924609e-01 3.6574601984720864e+01 25
1 0 1 1 2.8045241398080168e-02 2.0190493110642777e-02 1.0000765366342703e+00 6.5107804353062126e-02 3.1519065006364050e-01 3.6624600439759504e+01 25
1 0 1 1 2.8021055809356519e-02 2.0175798733379158e-02 1.0000775873567493e+00 6.5080485206885336e-02 3.1619383604205409e-01 3.6674601591377751e+01 25
1 0 1 1 2.7996926347921319e-02 2.0161145835334373e-02 1.0000786434854134e+00 6.5053322829664750e-02 3.1719673661375586e-01 3.6724601588480873e+01 25
1 0 1 1 2.7972852747653373e-02 2.0146534172263583e-02 1.0000797048839161e+00 6.5026316316747018e-02 3.1819937009669463e-01 3.6774601585611258e+01 25
1 0 1 1 2.7948835297257016e-02 2.0131963837822023e-02 1.0000807713877573e+00 6.4999465394569217e-02 3.1920173167566240e-01 3.6824601582744641e+01 25
1 0 1 1 2.7924874281171620e-02 2.0117434923788306e-02 1.0000818428285012e+00 6.4972769788030599e-02 3.2020381657047492e-01 3.6874601579906759e+01 25
1 0 1 1 2.7900969979645029e-02 2.0102947520106607e-02 1.0000829190337950e+00 6.4946229220557594e-02 3.2120562003438535e-01 3.6924601577102017e+01 25
1 0 1 1 2.7877122668771483e-02 2.0088501714903464e-02 1.0000839998273923e+00 6.4919843414120632e-02 3.2220713735328782e-01 3.6974601574281188e+01 25
1 0 1 1 2.7853332620454283e-02 2.0074097594462187e-02 1.0000850850291845e+00 6.4893612089179820e-02 3.2320836384886487e-01 3.7024601571506636e+01 25
1 0 1 1 2.7829600102540743e-02 2.0059735243302432e-02 1.0000861744552247e+00 6.4867534964809792e-02 3.2420929487422201e-01 3.7074601568740015e+01 25
1 0 1 1 2.7805925378779569e-02 2.0045414744144903e-02 1.0000872679177657e+00 6.4841611758638729e-02 3.2520992581655711e-01 3.7124601565985103e+01 25
1 0 1 1 2.7782308708879572e-02 2.0031136177950565e-02 1.0000883652252941e+00 6.4815842186887351e-02 3.2621025209625143e-01 3.7174601563245446e+01 25
1 0 1 1 2.7758750348536938e-02 2.0016899623925541e-02 1.0000894661825701e+00 6.4790225964386688e-02 3.2721026916665930e-01 3.7224601560523766e+01 25
1 0 1 1 2.7735250549473844e-02 2.0002705159545706e-02 1.0000905705906706e+00 6.4764762804596365e-02 3.2820997251383383e-01 3.7274601557811735e+01 25
1 0 1 1 2.7711809559456943e-02 1.9988552860562888e-02 1.0000916782470355e+00 6.4739452419607990e-02 3.2920935765697379e-01 3.7324601555118747e+01 25
1 0 1 1 2.7688427622343283e-02 1.9974442801026223e-02 1.0000927889455158e+00 6.4714294520176796e-02 3.3020842014734225e-01 3.7374601552424252e+01 25
1 0 1 1 2.7665104978083305e-02 1.9960375053283665e-02 1.0000939024764284e+00 6.4689288815703405e-02 3.3120715556961411e-01 3.7424601549748594e+01 25
1 0 1 1 2.7641841862779591e-02 1.9946349688010807e-02 1.0000950186266107e+00 6.4664435014282151e-02 3.3220555954031694e-01 3.7474601547081420e+01 25
1 0 1 1 2.7618638508697661e-02 1.9932366774215903e-02 1.0000961371794801e+00 6.4639732822692642e-02 3.3320362770885403e-01 3.7524601544436322e+01 25
1 0 1 1 2.7595495144320838e-02 1.9918426379267662e-02 1.0000972579150971e+00 6.4615181946437339e-02 3.3420135575575610e-01 3.7574601541767777e+01 25
1 0 1 1 2.7572411994312231e-02 1.9904528568869168e-02 1.0000983806102330e+00 6.4590782089686383e-02 3.3519873939582384e-01 3.7624601539132811e+01 25
1 0 1 1 2.7549389279629393e-02 1.9890673407121973e-02 1.0000995050384376e+00 6.4566532955380451e-02 3.3619577437414877e-01 3.7674601536495629e+01 25
1 0 1 1 2.7526427217490958e-02 1.9876860956504951e-02 1.0001006309701135e+00 6.4542434245174390e-02 3.3719245646873086e-01 3.7724601533860820e+01 25
1 0 1 1 2.7503526021421122e-02 1.9863091277895518e-02 1.0001017581725931e+00 6.4518485659468328e-02 3.3818878148957898e-01 3.7774601531232349e+01 25
1 0 1 1 2.7480685901279861e-02 1.9849364430584548e-02 1.0001028864102177e+00 6.4494686897420217e-02 3.3918474527848763e-01 3.7824601528604781e+01 25
1 0 1 1 2.7457907063282674e-02 1.9835680472285927e-02 1.0001040154444227e+00 6.4471037656946895e-02 3.4018034370931666e-01 3.7874601525979074e+01 25
1 0 1 1 2.7435189710026470e-02 1.9822039459146470e-02 1.0001051450338234e+00 6.4447537634736374e-02 3.4117557268786786e-01 3.7924601523359854e+01 25
1 0 1 1 2.7412534040523871e-02 1.9808441445763957e-02 1.0001062749343048e+00 6.4424186526262528e-02 3.4217042815133830e-01 3.7974601520728989e+01 25
1 0 1 1 2.7389930444365967e-02 1.9794886485185247e-02 1.0001074048991181e+00 6.4400984025768271e-02 3.4316490606949995e-01 3.8024601518106003e+01 25
1 0 1 1 2.7367387361387430e-02 1.9781374628935679e-02 1.0001085346789753e+00 6.4377929826303748e-02 3.4415900244321063e-01 3.8074601515474477e+01 25
1 0 1 1 2.7344906611369867e-02 1.9767905927010235e-02 1.0001096640221510e+00 6.4355023619705798e-02 3.4515271330546160e-01 3.8124601512837124e+01 25
1 0 1 1 2.7322488379094342e-02 1.9754480427896244e-02 1.0001107926745865e+00 6.4332265096613273e-02 3.4614603472129174e-01 3.8174601510209584e+01 25
1 0 1 1 2.7300132845877602e-02 1.9741098178589888e-02 1.0001119203799957e+00 6.4309653946492296e-02 3.4713896278665562e-01 3.8224601507565943e+01 25
1 0 1 1 2.7277840189564567e-02 1.9727759224588901e-02 1.0001130468799770e+00 6.4287189857606064e-02 3.4813149362964874e-01 3.8274601504899564e+01 25
1 0 1 1 2.7255610584545818e-02 1.9714463609901690e-02 1.0001141719141271e+00 6.4264872517018401e-02 3.4912362341108683e-01 3.8324601502251809e+01 25
1 0 1 1 2.7233444201832473e-02 1.9701211377086730e-02 1.0001152952201551e+00 6.4242701610649905e-02 3.5011534832189761e-01 3.8374601499580862e+01 25
1 0 1 1 2.7211341209017647e-02 1.9688002567227362e-02 1.0001164165340048e+00 6.4220676823219414e-02 3.5110666458588696e-01 3.8424601496899584e+01 25
1 0 1 1 2.7189301770325906e-02 1.9674837219958795e-02 1.0001175355899770e+00 6.4198797838277671e-02 3.5209756845851409e-01 3.8474601494212912e+01 25
1 0 1 1 2.7167326046637966e-02 1.9661715373476440e-02 1.0001186521208534e+00 6.4177064338211409e-02 3.5308805622650463e-01 3.8524601491497926e+01 25
1 0 1 1 2.7145414195480087e-02 1.9648637064531078e-02 1.0001197658580279e+00 6.4155476004216783e-02 3.5407812420965262e-01 3.8574601488791700e+01 25
1 0 1 1 2.7123566371097980e-02 1.9635602328465777e-02 1.0001208765316345e+00 6.4134032516353356e-02 3.5506776875806212e-01 3.8624601486051787e+01 25
1 0 1 1 2.7101782724416414e-02 1.9622611199190575e-02 1.0001219838706836e+00 6.4112733553484597e-02 3.5605698625496301e-01 3.8674601483295383e+01 25
1 0 1 1 2.7080063403088838e-02 1.9609663709208712e-02 1.0001230876031981e+00 6.4091578793312204e-02 3.5704577311555774e-01 3.8724601480539505e+01 25
1 0 1 1 2.7058408551535403e-02 1.9596759889637071e-02 1.0001241874563500e+00 6.4070567912391324e-02 3.5803412578608468e-01 3.8774601477750238e+01 25
1 0 1 1 2.7036818310916581e-02 1.9583899770185688e-02 1.0001252831566041e+00 6.4049700586088720e-02 3.5902204074586208e-01 3.8824601474944465e+01 25
1 0 1 1 2.7015292819182871e-02 1.9571083379184596e-02 1.0001263744298605e+00 6.4028976488612610e-02 3.6000951450585189e-01 3.8874601472114286e+01 25
1 0 1 1 2.6993832211079399e-02 1.9558310743585130e-02 1.0001274610015995e+00 6.4008395292997011e-02 3.6099654360942701e-01 3.8924601469261752e+01 25
1 0 1 1 2.6972436618162673e-02 1.9545581888965824e-02 1.0001285425970303e+00 6.3987956671105628e-02 3.6198312463268739e-01 3.8974601466412970e+01 25
1 0 1 1 2.6951106168858943e-02 1.9532896839563663e-02 1.0001296189412374e+00 6.3967660293662132e-02 3.6296925418211201e-01 3.9024601463494967e+01 25
1 0 1 1 2.6929840988383524e-02 1.9520255618223719e-02 1.0001306897593365e+00 6.3947505830160178e-02 3.6395492889950909e-01 3.9074601460583487e+01 25
1 0 1 1 2.6908641198868367e-02 1.9507658246473093e-02 1.0001317547766226e+00 6.3927492948965881e-02 3.6494014545705050e-01 3.9124601457646925e+01 25
1 0 1 1 2.6887506919319962e-02 1.9495104744491152e-02 1.0001328137187253e+00 6.3907621317259466e-02 3.6592490055979299e-01 3.9174601454671183e+01 25
1 0 1 1 2.6866438265634923e-02 1.9482595131116238e-02 1.0001338663117658e+00 6.3887890601030006e-02 3.6690919094569086e-01 3.9224601451656056e+01 25
1 0 1 1 2.6845435350611867e-02 1.9470129423851276e-02 1.0001349122825123e+00 6.3868300465074024e-02 3.6789301338642144e-01 3.9274601448653037e+01 25
1 0 1 1 2.6824498284032400e-02 1.9457707638907529e-02 1.0001359513585346e+00 6.3848850573049259e-02 3.6887636468392637e-01 3.9324601445585706e+01 25
1 0 1 1 2.6803627172576942e-02 1.9445329791152172e-02 1.0001369832683678e+00 6.3829540587378109e-02 3.6985924167520978e-01 3.9374601442489194e+01 26
1 0 1 1 2.6782821240236062e-02 1.9432990229088652e-02 1.0001380102194062e+00 6.3810370169302827e-02 3.7084167847912580e-01 3.9424603085735079e+01 26
1 0 1 1 2.6762083244713283e-02 1.9420694013912405e-02 1.0001390302217008e+00 6.3791340870201663e-02 3.7182354914511140e-01 3.9474600284062170e+01 26
1 0 1 1 2.6741410097463770e-02 1.9408440981484153e-02 1.0001400423598799e+00 6.3772449152850075e-02 3.7280500281940993e-01 3.9524600869980659e+01 26
1 0 1 1 2.6720803310960193e-02 1.9396231982185524e-02 1.0001410462970457e+00 6.3753695978536695e-02 3.7378596943039238e-01 3.9574601430682961e+01 26
1 0 1 1 2.6700263197816196e-02 1.9384067155102599e-02 1.0001420417572422e+00 6.3735081203484700e-02 3.7476643541731258e-01 3.9624601427450834e+01 26
1 0 1 1 2.6679789614064319e-02 1.9371946369339445e-02 1.0001430284884476e+00 6.3716604270839611e-02 3.7574640887902389e-01 3.9674601424169055e+01 26
1 0 1 1 2.6659382645551632e-02 1.9359869630657681e-02 1.0001440062293221e+00 6.3698264834800344e-02 3.7672588688270470e-01 3.9724601420867465e+01 26
1 0 1 1 2.6639042375215999e-02 1.9347836943563370e-02 1.0001449747207340e+00 6.3680062548372357e-02 3.7770486652806240e-01 3.9774601417527244e+01 26
1 0 1 1 2.6618768883075475e-02 1.9335848311298750e-02 1.0001459337059206e+00 6.3661997063337861e-02 3.7868334494855710e-01 3.9824601414138193e+01 26
1 0 1 1 2.6598562246228807e-02 1.9323903735839018e-02 1.0001468829306457e+00 6.3644068030247108e-02 3.7966131931247227e-01 3.9874601410750685e+01 26
1 0 1 1 2.6578422538941476e-02 1.9312003217940483e-02 1.0001478221433537e+00 6.3626275098468382e-02 3.8063878681895280e-01 3.9924601407267787e+01 26
1 0 1 1 2.6558349832528104e-02 1.9300146757068735e-02 1.0001487510953315e+00 6.3608617916075916e-02 3.8161574470503346e-01 3.9974601403801458e+01 26
1 0 1 1 2.6538344195521892e-02 1.9288334351497176e-02 1.0001496695408545e+00 6.3591096129980040e-02 3.8259219023815472e-01 4.0024601400284801e+01 26
1 0 1 1 2.6518405693586954e-02 1.9276565998248677e-02 1.0001505772373447e+00 6.3573709385831678e-02 3.8356812072061530e-01 4.0074601396697936e+01 26
1 0 1 1 2.6498534389524271e-02 1.9264841693101449e-02 1.0001514739455222e+00 6.3556457328017874e-02 3.8454353349102166e-01 4.0124601393136587e+01 26
1 0 1 1 2.6478730343402129e-02 1.9253161430658146e-02 1.0001523594295472e+00 6.3539339599753497e-02 3.8551842591770491e-01 4.0174601389473480e+01 26
1 0 1 1 2.6458993612403232e-02 1.9241525204256739e-02 1.0001532334571765e+00 6.3522355842935141e-02 3.8649279540757892e-01 4.0224601385807205e+01 26
1 0 1 1 2.6439324250979144e-02 1.9229933006057697e-02 1.0001540957998998e+00 6.3505505698261799e-02 3.8746663939933967e-01 4.0274601382111300e+01 26
1 0 1 1 2.6419722310808594e-02 1.9218384827015499e-02 1.0001549462330843e+00 6.3488788805182661e-02 3.8843995536604814e-01 4.0324601378364505e+01 26
1 0 1 1 2.6400187840802641e-02 1.9206880656879730e-02 1.0001557845361155e+00 6.3472204801885146e-02 3.8941274081574434e-01 4.0374601374578795e+01 26
1 0 1 1 2.6380720887133821e-02 1.9195420484209795e-02 1.0001566104925321e+00 6.3455753325307396e-02 3.9038499329086740e-01 4.0424601370767448e+01 26
1 0 1 1 2.6361321493262906e-02 1.9184004296386982e-02 1.0001574238901592e+00 6.3439434011144713e-02 3.9135671036758479e-01 4.0474601366908537e+01 26
1 0 1 1 2.6341989699923813e-02 1.9172632079603860e-02 1.0001582245212401e+00 6.3423246493825358e-02 3.9232788965749915e-01 4.0524601363030648e+01 26
1 0 1 1 2.6322725545175979e-02 1.9161303818890262e-02 1.0001590121825608e+00 6.3407190406540692e-02 3.9329852880567157e-01 4.0574601359110559e+01 26
1 0 1 1 2.6303529064391165e-02 1.9150019498105082e-02 1.0001597866755765e+00 6.3391265381217643e-02 3.9426862549211916e-01 4.0624601355147426e+01 26
1 0 1 1 2.6284400290269787e-02 1.9138779099941480e-02 1.0001605478065303e+00 6.3375471048522564e-02 3.9523817743186412e-01 4.0674601351165421e+01 26
1 0 1 1 2.6265339252878932e-02 1.9127582605946433e-02 1.0001612953865684e+00 6.3359807037881355e-02 3.9620718237381147e-01 4.0724601347155591e+01 26
1 0 1 1 2.6246340847934719e-02 1.9116429996523032e-02 1.0001620292318538e+00 6.3344272977467891e-02 3.9717563810096956e-01 4.0774601343085664e+01 26
1 0 1 1 2.6227404593899925e-02 1.9105321250913718e-02 1.0001627491636755e+00 6.3328868494178736e-02 3.9814354243285205e-01 4.0824601339024753e+01 26
1 0 1 1 2.6208536228658243e-02 1.9094256347255239e-02 1.0001634550085499e+00 6.3313593213699504e-02 3.9911089322058380e-01 4.0874601334891537e+01 26
1 0 1 1 2.6189735771450614e-02 1.9083235262522771e-02 1.0001641465983240e+00 6.3298446760421789e-02 4.0007768835312696e-01 4.0924601330775765e+01 26
1 0 1 1 2.6171003239013366e-02 1.9072257972607490e-02 1.0001648237702687e+00 6.3283428757539117e-02 4.0104392575059400e-01 4.0974601326593536e+01 26
1 0 1 1 2.6152338645475053e-02 1.9061324452251907e-02 1.0001654863671714e+00 6.3268538826959375e-02 4.0200960337062219e-01 4.1024601322419919e+01 26
1 0 1 1 2.6133742002481967e-02 1.9050434675121138e-02 1.0001661342374217e+00 6.3253776589388799e-02 4.0297471920245248e-01 4.1074601318183234e+01 26
1 0 1 1 2.6115213319115330e-02 1.9039588613752531e-02 1.0001667672350947e+00 6.3239141664258869e-02 4.0393927127240570e-01 4.1124601313950350e+01 27
1 0 1 1 2.6096752601993727e-02 1.9028786239610396e-02 1.0001673852200266e+00 6.3224633669799357e-02 4.0490325763921986e-01 4.1174601309689422e+01 27
1 0 1 1 2.6078359855236741e-02 1.9018027523063211e-02 1.0001679880578878e+00 6.3210252223002361e-02 4.0586667639705054e-01 4.1224601305427761e+01 27
1 0 1 1 2.6060035080532642e-02 1.9007312433419583e-02 1.0001685756202505e+00 6.3195996939658050e-02 4.0682952567240288e-01 4.1274601301095203e+01 27
1 0 1 1 2.6041778277062024e-02 1.8996640938880312e-02 1.0001691477846524e+00 6.3181867434297267e-02 4.0779180362943562e-01 4.1324601296804971e+01 27
1 0 1 1 2.6023589441653068e-02 1.8986013006625824e-02 1.0001697044346509e+00 6.3167863320299111e-02 4.0875350846241726e-01 4.1374601292465762e+01 27
1 0 1 1 2.6005468568682990e-02 1.8975428602755612e-02 1.0001702454598798e+00 6.3153984209804059e-02 4.0971463840177086e-01 4.1424601288099730e+01 27
1 0 1 1 2.5987415650130085e-02 1.8964887692315708e-02 1.0001707707560941e+00 6.3140229713755935e-02 4.1067519171256051e-01 4.1474601283770426e+01 27
1 0 1 1 2.5969430675654170e-02 1.8954390239342811e-02 1.0001712802252114e+00 6.3126599441951592e-02 4.1163516669100542e-01 4.1524601279405950e+01 27
1 0 1 1 2.5951513632535839e-02 1.8943936206824347e-02 1.0001717737753522e+00 6.3113093002984844e-02 4.1259456166826847e-01 4.1574601275002578e+01 27
1 0 1 1 2.5933664505695075e-02 1.8933525556706923e-02 1.0001722513208695e+00 6.3099710004264925e-02 4.1355337501096540e-01 4.1624601270658772e+01 27
1 0 1 1 2.5915883277818335e-02 1.8923158249966581e-02 1.0001727127823747e+00 6.3086450052097121e-02 4.1451160511476104e-01 4.1674601266247393e+01 27
1 0 1 1 2.5898169929220328e-02 1.8912834246526535e-02 1.0001731580867621e+00 6.3073312751580957e-02 4.1546925041325306e-01 4.1724601261886164e+01 27
1 0 1 1 2.5880524438016847e-02 1.8902553505352641e-02 1.0001735871672219e+00 6.3060297706730745e-02 4.1642630936910963e-01 4.1774601257484086e+01 27
1 0 1 1 2.5862946780018783e-02 1.8892315984389400e-02 1.0001739999632542e+00 6.3047404520396227e-02 4.1738278048108729e-01 4.1824601253115752e+01 27
1 0 1 1 2.5845436928848504e-02 1.8882121640624226e-02 1.0001743964206722e+00 6.3034632794344791e-02 4.1833866227863886e-01 4.1874601248748547e+01 27
1 0 1 1 2.5827994855910197e-02 1.8871970430067879e-02 1.0001747764916049e+00 6.3021982129235765e-02 4.1929395332450969e-01 4.1924601244386743e+01 27
1 0 1 1 2.5810620530426324e-02 1.8861862307770073e-02 1.0001751401344927e+00 6.3009452124643039e-02 4.2024865221348351e-01 4.1974601240016817e+01 27
1 0 1 1 2.5793313919439755e-02 1.8851797227818750e-02 1.0001754873140778e+00 6.2997042379055651e-02 4.2120275757341336e-01 4.2024601235670737e+01 27
1 0 1 1 2.5776074987857282e-02 1.8841775143363347e-02 1.0001758180013887e+00 6.2984752489913531e-02 4.2215626806422107e-01 4.2074601231383980e+01 27
1 0 1 1 2.5758903166878865e-02 1.8831793082538410e-02 1.0001761338881086e+00 6.2972582053641674e-02 4.2310920782958267e-01 4.2124602384260953e+01 27
1 0 1 1 2.5741799377966185e-02 1.8821850401748982e-02 1.0001764357065943e+00 6.2960531509207052e-02 4.2406152039929756e-01 4.2174601717441192e+01 27
1 0 1 1 2.5724763684849411e-02 1.8811950924013374e-02 1.0001767209658656e+00 6.2948599969961883e-02 4.2501320434140921e-01 4.2224599478254653e+01 27
1 0 1 1 2.5707794158279371e-02 1.8802093502983251e-02 1.0001769896908004e+00 6.2936785713766652e-02 4.2596436402338911e-01 4.2274601216010950e+01 27
1 0 1 1 2.5690892698312102e-02 1.8792279217380008e-02 1.0001772418501218e+00 6.2925089692416114e-02 4.2691488943038874e-01 4.2324601211824472e+01 27
1 0 1 1 2.5674058665246535e-02 1.8782507670582246e-02 1.0001774774601659e+00 6.2913511083940443e-02 4.2786481255285153e-01 4.2374601207641490e+01 27
1 0 1 1 2.5657292009748398e-02 1.8772778809246431e-02 1.0001776965336895e+00 6.2902049479055422e-02 4.2881413226488330e-01 4.2424601203458174e+01 27
1 0 1 1 2.5640592680491330e-02 1.8763092579146250e-02 1.0001778990894685e+00 6.2890704467531533e-02 4.2976284747271265e-01 4.2474601199374355e+01 27
1 0 1 1 2.5623960624281097e-02 1.8753448925240952e-02 1.0001780851522428e+00 6.2879475638272397e-02 4.3071095710826901e-01 4.2524601195268168e+01 27
1 0 1 1 2.5607395785926169e-02 1.8743847791598007e-02 1.0001782547526570e+00 6.2868362579240750e-02 4.3165846013810732e-01 4.2574601191281651e+01 27
1 0 1 1 2.5590898108436129e-02 1.8734289121503048e-02 1.0001784079271958e+00 6.2857364877585531e-02 4.3260535555263535e-01 4.2624601187266897e+01 27
1 0 1 1 2.5574467532870016e-02 1.8724772857368580e-02 1.0001785447181177e+00 6.2846482119547020e-02 4.3355164237596361e-01 4.2674601183321244e+01 28
1 0 1 1 2.5558103998476533e-02 1.8715298940815063e-02 1.0001786651733826e+00 6.2835713890556838e-02 4.3449731965935312e-01 4.2724601179454950e+01 28
1 0 1 1 2.5541807442702586e-02 1.8705867312667927e-02 1.0001787693465751e+00 6.2825059775246161e-02 4.3544238648132033e-01 4.2774601175614961e+01 28
1 0 1 1 2.5525577801165055e-02 1.8696477912942582e-02 1.0001788572968280e+00 6.2814519357434789e-02 4.3638684195082611e-01 4.2824601171866796e+01 28
1 0 1 1 2.5509415007758322e-02 1.8687130680898063e-02 1.0001789290887377e+00 6.2804092220198476e-02 4.3733068520139728e-01 4.2874601168102025e+01 28
1 0 1 1 2.5493318994541356e-02 1.8677825554974131e-02 1.0001789847922791e+00 6.2793777945813922e-02 4.3827391539982524e-01 4.2924601164513156e+01 28
1 0 1 1 2.5477289691972434e-02 1.8668562472919231e-02 1.0001790244827156e+00 6.2783576115906070e-02 4.3921653173264930e-01 4.2974601160896150e+01 28
1 0 1 1 2.5461327028699958e-02 1.8659341371669098e-02 1.0001790482405080e+00 6.2773486311325677e-02 4.4015853342013744e-01 4.3024601157406877e+01 28
1 0 1 1 2.5445430931777504e-02 1.8650162187465270e-02 1.0001790561512178e+00 6.2763508112288702e-02 4.4109991970421641e-01 4.3074601153939739e+01 28
1 0 1 1 2.5429601326542581e-02 1.8641024855783742e-02 1.0001790483054098e+00 6.2753641098313329e-02 4.4204068985727712e-01 4.3124601150611696e+01 28
1 0 1 1 2.5413838136775359e-02 1.8631929311423875e-02 1.0001790247985511e+00 6.2743884848322717e-02 4.4298084317370728e-01 4.3174601147329476e+01 28
1 0 1 1 2.5398141284619355e-02 1.8622875488456477e-02 1.0001789857309078e+00 6.2734238940600595e-02 4.4392037897537201e-01 4.3224601144100170e+01 28
1 0 1 1 2.5382510690621259e-02 1.8613863320247032e-02 1.0001789312074383e+00 6.2724702952829836e-02 4.4485929661097617e-01 4.3274601141013868e+01 28
1 0 1 1 2.5366946273828250e-02 1.8604892739505951e-02 1.0001788613376865e+00 6.2715276462159353e-02 4.4579759545087816e-01 4.3324601137987877e+01 28
1 0 1 1 2.5351447951725409e-02 1.8595963678251087e-02 1.0001787762356702e+00 6.2705959045172510e-02 4.4673527489224907e-01 4.3374601135057823e+01 28
1 0 1 1 2.5336015640312785e-02 1.8587076067847437e-02 1.0001786760197708e+00 6.2696750277940749e-02 4.4767233435531051e-01 4.3424601132196713e+01 28
1 0 1 1 2.5320646705980318e-02 1.8578229838992100e-02 1.0001785608126170e+00 6.2687649736025197e-02 4.4860877328611465e-01 4.3474601129481918e+01 28
1 0 1 1 2.5305336402615560e-02 1.8569424921769346e-02 1.0001784307409709e+00 6.2678656994542281e-02 4.4954459115141765e-01 4.3524601126839883e+01 28
1 0 1 1 2.5290091920280946e-02 1.8560661245611780e-02 1.0001782859356096e+00 6.2669771628140830e-02 4.5047978744355732e-01 4.3574601124326342e+01 28
1 0 1 1 2.5274913168783594e-02 1.8551938739355987e-02 1.0001781265312080e+00 6.2660993211063776e-02 4.5141436167499316e-01 4.3624601121852564e+01 28
1 0 1 1 2.5259800056472204e-02 1.8543257331186842e-02 1.0001779526662160e+00 6.2652321317118537e-02 4.5234831338596165e-01 4.3674601119614891e+01 28
1 0 1 1 2.5244752490474521e-02 1.8534616948770115e-02 1.0001777644827430e+00 6.2643755519806887e-02 4.5328164213020056e-01 4.3724601117347909e+01 28
1 0 1 1 2.5229770376433799e-02 1.8526017519096199e-02 1.0001775621264293e+00 6.2635295392197587e-02 4.5421434749264444e-01 4.3774601115294601e+01 28
1 0 1 1 2.5214853618798182e-02 1.8517458968646365e-02 1.0001773457463288e+00 6.2626940507096329e-02 4.5514642907284991e-01 4.3824601113334282e+01 28
1 0 1 1 2.5200002120681783e-02 1.8508941223308879e-02 1.0001771154947825e+00 6.2618690436981927e-02 4.5607788649453329e-01 4.3874601111514956e+01 28
1 0 1 1 2.5185215783972429e-02 1.8500464208436717e-02 1.0001768715272965e+00 6.2610544754069575e-02 4.5700871939980792e-01 4.3924601109762598e+01 28
1 0 1 1 2.5170494509262668e-02 1.8492027848806825e-02 1.0001766140024160e+00 6.2602503030292689e-02 4.5793892745485182e-01 4.3974601108205412e+01 29
1 0 1 1 2.5155838195991629e-02 1.8483632068698359e-02 1.0001763430816020e+00 6.2594564837391176e-02 4.5886851034227866e-01 4.4024601106782761e+01 29
1 0 1 1 2.5141246742400290e-02 1.8475276791863140e-02 1.0001760589291058e+00 6.2586729746894443e-02 4.5979746776463315e-01 4.4074601105452729e+01 29
1 0 1 1 2.5126720045536489e-02 1.8466961941526243e-02 1.0001757617118450e+00 6.2578997330135000e-02 4.6072579944521275e-01 4.4124601104255078e+01 29
1 0 1 1 2.5112258001294463e-02 1.8458687440406654e-02 1.0001754515992769e+00 6.2571367158290203e-02 4.6165350512721637e-01 4.4174601103285227e+01 29
1 0 1 1 2.5097860504522122e-02 1.8450453210774452e-02 1.0001751287632781e+00 6.2563838802441346e-02 4.6258058456722828e-01 4.4224601102362286e+01 29
1 0 1 1 2.5083527448872548e-02 1.8442259174365774e-02 1.0001747933780154e+00 6.2556411833512321e-02 4.6350703754649347e-01 4.4274601101654184e+01 29
1 0 1 1 2.5069258726996502e-02 1.8434105252487166e-02 1.0001744456198265e+00 6.2549085822381056e-02 4.6443286385908722e-01 4.4324601101061347e+01 29
1 0 1 1 2.5055054230445292e-02 1.8425991365958103e-02 1.0001740856670940e+00 6.2541860339841854e-02 4.6535806331952534e-01 4.4374601100645286e+01 29
1 0 1 1 2.5040913849763501e-02 1.8417917435164268e-02 1.0001737137001250e+00 6.2534734956664312e-02 4.6628263575790996e-01 4.4424601100383413e+01 29
1 0 1 1 2.5026837474478338e-02 1.8409883380045164e-02 1.0001733299010291e+00 6.2527709243599738e-02 4.6720658102144336e-01 4.4474601100271983e+01 29
1 0 1 1 2.5012824993113927e-02 1.8401889120101891e-02 1.0001729344535963e+00 6.2520782771404243e-02 4.6812989897483531e-01 4.4524601100365850e+01 29
1 0 1 1 2.4998876293266265e-02 1.8393934574437099e-02 1.0001725275431805e+00 6.2513955110882313e-02 4.6905258949618284e-01 4.4574601100573155e+01 29
1 0 1 1 2.4984991261531024e-02 1.8386019661710384e-02 1.0001721093565770e+00 6.2507225832868274e-02 4.6997465248283371e-01 4.4624601100992791e+01 29
1 0 1 1 2.4971169783622925e-02 1.8378144300205873e-02 1.0001716800819092e+00 6.2500594508293372e-02 4.7089608784469494e-01 4.4674601101567688e+01 29
1 0 1 1 2.4957411744322443e-02 1.8370308407797405e-02 1.0001712399085088e+00 6.2494060708175592e-02 4.7181689550858869e-01 4.4724601102341381e+01 29
1 0 1 1 2.4943717027543499e-02 1.8362511901986497e-02 1.0001707890268037e+00 6.2487624003663006e-02 4.7273707541495907e-01 4.4774601103295488e+01 29
1 0 1 1 2.4930085516335854e-02 1.8354754699899625e-02 1.0001703276282043e+00 6.2481283966044104e-02 4.7365662751848692e-01 4.4824601104401523e+01 29
1 0 1 1 2.4916516120519660e-02 1.8347032989826397e-02 1.0001698578702656e+00 6.2475040166759449e-02 4.7457561146408361e-01 4.4874604135720659e+01 29
1 0 1 1 2.4903011379360535e-02 1.8339348804026302e-02 1.0001693796402302e+00 6.2468893309569284e-02 4.7549384812409662e-01 4.4924600491353154e+01 29
1 0 1 1 2.4889569038265783e-02 1.8331703453430666e-02 1.0001688914083571e+00 6.2462841619267295e-02 4.7641148735583061e-01 4.4974598505768313e+01 29
1 0 1 1 2.4876188199678330e-02 1.8324096412030266e-02 1.0001683933379923e+00 6.2456884330634344e-02 4.7732858292109581e-01 4.5024601114129176e+01 29
1 0 1 1 2.4862870673185818e-02 1.8316528692707452e-02 1.0001678856946259e+00 6.2451021879567303e-02 4.7824500274347526e-01 4.5074601116103544e+01 29
1 0 1 1 2.4849615637839963e-02 1.8308999812697617e-02 1.0001673686472574e+00 6.2445253525700906e-02 4.7916079468525519e-01 4.5124601118499953e+01 30
1 0 1 1 2.4836422971273534e-02 1.8301509686571519e-02 1.0001668423908694e+00 6.2439578842032578e-02 4.8007595878668752e-01 4.5174601120956005e+01 30
1 0 1 1 2.4823292550244045e-02 1.8294058228505161e-02 1.0001663071206031e+00 6.2433997401795421e-02 4.8099049511132408e-01 4.5224601123724462e+01 30
1 0 1 1 2.4810224250913188e-02 1.8286645352432882e-02 1.0001657630316718e+00 6.2428508778587188e-02 4.8190440372695947e-01 4.5274601126651071e+01 30
1 0 1 1 2.4797217948692333e-02 1.8279270971962011e-02 1.0001652103192573e+00 6.2423112546318021e-02 4.8281768471796449e-01 4.5324601129860774e+01 30
1 0 1 1 2.4784273518383731e-02 1.8271935000447530e-02 1.0001646491784224e+00 6.2417808279279480e-02 4.8373033817574923e-01 4.5374601133254494e+01 30
1 0 1 1 2.4771390834092424e-02 1.8264637350944000e-02 1.0001640798040132e+00 6.2412595552121836e-02 4.8464236420650375e-01 4.5424601136944936e+01 30
1 0 1 1 2.4758569769356250e-02 1.8257377936272717e-02 1.0001635023905759e+00 6.2407473939912445e-02 4.8555376292203689e-01 4.5474601140773125e+01 30
1 0 1 1 2.4745810197000853e-02 1.8250156668941680e-02 1.0001629171322604e+00 6.2402443018097137e-02 4.8646453445178151e-01 4.5524601144979130e+01 30
1 0 1 1 2.4733111989363635e-02 1.8242973461269810e-02 1.0001623242227460e+00 6.2397502362595808e-02 4.8737467892748593e-01 4.5574601149376683e+01 30
1 0 1 1 2.4720475018137403e-02 1.8235828225295070e-02 1.0001617238551492e+00 6.2392651549750239e-02 4.8828419649494470e-01 4.5624601154012581e+01 30
1 0 1 1 2.4707899154455197e-02 1.8228720872822349e-02 1.0001611162219479e+00 6.2387890156366865e-02 4.8919308730893069e-01 4.5674601158900899e+01 30
1 0 1 1 2.4695384268878229e-02 1.8221651315415463e-02 1.0001605015148989e+00 6.2383217759729326e-02 4.9010135153524520e-01 4.5724601164150073e+01 30
1 0 1 1 2.4682930231498989e-02 1.8214619464450972e-02 1.0001598799249676e+00 6.2378633937641259e-02 4.9100898934347736e-01 4.5774601169579363e+01 30
1 0 1 1 2.4670536911804687e-02 1.8207625231043939e-02 1.0001592516422460e+00 6.2374138268388418e-02 4.9191600091835203e-01 4.5824601175353337e+01 30
1 0 1 1 2.4658204178832837e-02 1.8200668526129945e-02 1.0001586168558874e+00 6.2369730330806145e-02 4.9282238644879839e-01 4.5874601181396471e+01 30
1 0 1 1 2.4645931901103472e-02 1.8193749260427494e-02 1.0001579757540335e+00 6.2365409704262742e-02 4.9372814613374943e-01 4.5924601187723383e+01 30
1 0 1 1 2.4633719946646954e-02 1.8186867344452452e-02 1.0001573285237475e+00 6.2361175968681848e-02 4.9463328018116087e-01 4.5974601194397181e+01 30
1 0 1 1 2.4621568183058606e-02 1.8180022688546186e-02 1.0001566753509503e+00 6.2357028704568968e-02 4.9553778880436922e-01 4.6024601201341760e+01 30
1 0 1 1 2.4609476477439621e-02 1.8173215202842416e-02 1.0001560164203558e+00 6.2352967493002870e-02 4.9644167222764429e-01 4.6074601208658947e+01 30
1 0 1 1 2.4597444696504694e-02 1.8166444797324263e-02 1.0001553519154136e+00 6.2348991915675972e-02 4.9734493067840707e-01 4.6124601216211410e+01 31
1 0 1 1 2.4585472706447543e-02 1.8159711381749013e-02 1.0001546820182434e+00 6.2345101554868443e-02 4.9824756439862639e-01 4.6174601224264450e+01 31
1 0 1 1 2.4573560373180776e-02 1.8153014865782222e-02 1.0001540069095927e+00 6.2341295993525947e-02 4.9914957362711970e-01 4.6224601232515489e+01 31
1 0 1 1 2.4561707451745411e-02 1.8146355158851657e-02 1.0001533267687661e+00 6.2337574815191477e-02 5.0005095861937854e-01 4.6274601241205943e+01 31
1 0 1 1 2.4549905499253219e-02 1.8139732170268152e-02 1.0001526417735864e+00 6.2333937604083567e-02 5.0095171963256124e-01 4.6324601250298159e+01 31
1 0 1 1 2.4538162858913040e-02 1.8133145809197154e-02 1.0001519521003421e+00 6.2330383945084694e-02 5.0185185692916379e-01 4.6374601259689811e+01 31
1 0 1 1 2.4526479394570328e-02 1.8126595984622417e-02 1.0001512579237355e+00 6.2326913423734254e-02 5.0275137078288745e-01 4.6424601269549996e+01 31
1 0 1 1 2.4514854969772390e-02 1.8120082605417684e-02 1.0001505594168443e+00 6.2323525626275411e-02 5.0365026146918745e-01 4.6474601279804517e+01 31
1 0 1 1 2.4503289447703282e-02 1.8113605580308535e-02 1.0001498567510747e+00 6.2320220139641225e-02 5.0454852927091765e-01 4.6524601290458932e+01 31
1 0 1 1 2.4492170491302211e-02 1.8107381829280612e-02 1.0001491740338930e+00 6.2317104128634240e-02 5.0541585753524332e-01 4.6572912042391856e+01 31
