isScalarized | massIncreased | isMonotoneInside | isMonotoneOutside | mass_Baryon | mass_ADM | AST(radius) | radius  |  phi_c | rho_c | ctr |
1 0 1 1 3.2085325248058606e-02 2.4354060301494732e-02 1.0000000000002329e+00 8.5850199999999793e-02 4.8702374496272819e-03 1.7505245133518599e+01 34
1 1 1 1 3.2085325248058606e-02 2.4354060301494736e-02 1.0000000000002329e+00 8.5850199999999793e-02 4.8702374496272837e-03 1.7505245133518603e+01 37
1 1 1 1 3.2085587366036582e-02 2.4354166963337733e-02 1.0000000000002331e+00 8.5849824999999796e-02 4.8718536218469140e-03 1.7505539024053213e+01 37
1 1 1 1 3.2085849463940018e-02 2.4354273612229627e-02 1.0000000000002334e+00 8.5849449999999800e-02 4.8734698309350960e-03 1.7505832912752084e+01 37
1 1 1 1 3.2086111541769546e-02 2.4354380248169844e-02 1.0000000000002338e+00 8.5849074999999803e-02 4.8750860770137234e-03 1.7506126799614890e+01 37
1 1 1 1 3.2130431981044205e-02 2.4372344276205674e-02 1.0000000000002902e+00 8.5785240516997874e-02 5.1508459562280519e-03 1.7556126405826117e+01 35
1 1 1 1 3.2174224754273464e-02 2.4389956752866617e-02 1.0000000000003575e+00 8.5721332864663213e-02 5.4285232805239237e-03 1.7606126651924875e+01 35
1 1 1 1 3.2217494136394832e-02 2.4407220966080743e-02 1.0000000000004372e+00 8.5657348819670520e-02 5.7085758123611267e-03 1.7656127106729112e+01 35
1 1 1 1 3.2260244007474626e-02 2.4424139994590730e-02 1.0000000000005316e+00 8.5593285459091339e-02 5.9913858968790356e-03 1.7706127635041479e+01 35
1 1 1 1 3.2302477683600922e-02 2.4440716647886399e-02 1.0000000000006424e+00 8.5529140459851327e-02 6.2772739260671465e-03 1.7756128083597957e+01 35
1 1 1 1 3.2344148178641903e-02 2.4456953570470494e-02 1.0000000000007727e+00 8.5464911776960417e-02 6.5665108940234909e-03 1.7806128467617697e+01 35
1 1 1 1 3.2385259072261849e-02 2.4472853218264156e-02 1.0000000000009248e+00 8.5400597796154443e-02 6.8593262882873929e-03 1.7856128798561233e+01 35
1 1 1 1 3.2425860849594257e-02 2.4488417889496059e-02 1.0000000000011020e+00 8.5336197276013104e-02 7.1559150440189991e-03 1.7906129085272870e+01 35
1 1 1 1 3.2465955536246621e-02 2.4503649750610250e-02 1.0000000000013081e+00 8.5271709299431619e-02 7.4564430902721345e-03 1.7956129334659863e+01 35
1 1 1 1 3.2505544928822641e-02 2.4518550858176138e-02 1.0000000000015465e+00 8.5207133232259702e-02 7.7610518376859264e-03 1.8006129552253526e+01 35
1 1 1 1 3.2544630633740024e-02 2.4533123177439900e-02 1.0000000000018223e+00 8.5142468687928352e-02 8.0698618534364788e-03 1.8056129742560515e+01 35
1 1 1 1 3.2583215021215507e-02 2.4547361919190776e-02 1.0000000000021398e+00 8.5077715496945483e-02 8.3829829845202854e-03 1.8106131032471765e+01 35
1 1 1 1 3.2621302724262426e-02 2.4561224579931658e-02 1.0000000000025051e+00 8.5012878045014062e-02 8.7005281042457517e-03 1.8156137346518992e+01 35
1 1 1 1 3.2658874330840859e-02 2.4574757716589873e-02 1.0000000000029241e+00 8.4947980518847610e-02 9.0223990379104009e-03 1.8206121868463129e+01 35
1 1 1 1 3.2695965286179011e-02 2.4587975430648275e-02 1.0000000000034037e+00 8.4882963920923094e-02 9.3489533461260255e-03 1.8256130293096611e+01 35
1 1 1 1 3.2732552518165495e-02 2.4600870770905444e-02 1.0000000000039515e+00 8.4817870575534859e-02 9.6800359245449736e-03 1.8306130392674845e+01 35
1 1 1 1 3.2768643247921919e-02 2.4613447652868770e-02 1.0000000000045757e+00 8.4752690262092256e-02 1.0015745402814283e-02 1.8356130480494198e+01 35
1 1 1 1 3.2804238452647926e-02 2.4625707748264777e-02 1.0000000000052860e+00 8.4687423660265715e-02 1.0356119126510596e-02 1.8406130558071666e+01 35
1 1 1 1 3.2839316139323164e-02 2.4637652713488729e-02 1.0000000000060925e+00 8.4622071539766253e-02 1.0701188005142333e-02 1.8456130626714266e+01 35
1 1 1 1 3.2873835018538376e-02 2.4649284193741412e-02 1.0000000000070064e+00 8.4556634750198700e-02 1.1050977328570993e-02 1.8506130687584179e+01 35
1 1 1 1 3.2907860652232453e-02 2.4660603826495150e-02 1.0000000000080407e+00 8.4491114212306484e-02 1.1405507467744333e-02 1.8556130741685486e+01 35
1 1 1 1 3.2941393985169244e-02 2.4671613244388435e-02 1.0000000000092091e+00 8.4425510910286272e-02 1.1764794477712224e-02 1.8606130789889097e+01 35
1 1 1 1 3.2974435964940492e-02 2.4682314077642681e-02 1.0000000000105267e+00 8.4359825885084561e-02 1.2128850617214656e-02 1.8656130832965012e+01 35
1 1 1 1 3.3006987546745636e-02 2.4692707956060170e-02 1.0000000000120104e+00 8.4294060228599810e-02 1.2497684796707147e-02 1.8706130871566000e+01 35
1 1 1 1 3.3039049697459022e-02 2.4702796510688407e-02 1.0000000000136786e+00 8.4228215078553381e-02 1.2871302965989788e-02 1.8756130906266144e+01 35
1 1 1 1 3.3070623399018478e-02 2.4712581375174809e-02 1.0000000000155516e+00 8.4162291614051699e-02 1.3249708449594258e-02 1.8806130937556503e+01 35
1 1 1 1 3.3101714385981175e-02 2.4722019034567239e-02 1.0000000000176528e+00 8.4096291051670102e-02 1.3632956759329174e-02 1.8856138035777708e+01 35
1 1 1 1 3.3132306475770076e-02 2.4731147163883745e-02 1.0000000000200044e+00 8.4030242640667607e-02 1.4020834666771788e-02 1.8906124770136401e+01 35
1 1 1 1 3.3162424609723865e-02 2.4739979788274764e-02 1.0000000000226350e+00 8.3964094978722426e-02 1.4413642239711142e-02 1.8956130222080176e+01 35
1 1 1 1 3.3192055579872780e-02 2.4748514322654475e-02 1.0000000000255724e+00 8.3897880240882794e-02 1.4811193389413993e-02 1.9006131033019045e+01 35
1 1 1 1 3.3221202837672457e-02 2.4756753145886486e-02 1.0000000000288485e+00 8.3831594674654231e-02 1.5213511825748162e-02 1.9056131052598175e+01 35
1 1 1 1 3.3249867972587506e-02 2.4764698074973345e-02 1.0000000000324978e+00 8.3765238592123925e-02 1.5620596320221863e-02 1.9106131070579327e+01 35
1 1 1 1 3.3278052129678194e-02 2.4772350796622003e-02 1.0000000000365581e+00 8.3698813372440672e-02 1.6032438184084959e-02 1.9156131087138522e+01 35
1 1 1 1 3.3305756482023663e-02 2.4779713004509041e-02 1.0000000000410703e+00 8.3632320415126749e-02 1.6449027623453665e-02 1.9206131102424759e+01 35
1 1 1 1 3.3332913127804696e-02 2.4786786399385020e-02 1.0000000000460789e+00 8.3565761138565176e-02 1.6870353841302393e-02 1.9256131116567087e+01 35
1 1 1 1 3.3359584883656548e-02 2.4793572689106289e-02 1.0000000000516325e+00 8.3499136978638533e-02 1.7296405127963297e-02 1.9306131129676626e+01 35
1 1 1 1 3.3385780292080204e-02 2.4800073588625644e-02 1.0000000000577838e+00 8.3432449387492003e-02 1.7727168941648077e-02 1.9356131141845065e+01 35
1 1 1 1 3.3411500663667645e-02 2.4806290819944978e-02 1.0000000000645899e+00 8.3365699832387841e-02 1.8162631980549956e-02 1.9406131153171078e+01 35
1 1 1 1 3.3436747338435636e-02 2.4812226112024556e-02 1.0000000000721123e+00 8.3298889794733877e-02 1.8602780246708427e-02 1.9456131163708488e+01 35
1 1 1 1 3.3461521685884212e-02 2.4817881200667132e-02 1.0000000000804186e+00 8.3232020769053117e-02 1.9047599104297503e-02 1.9506131173533976e+01 35
1 1 1 1 3.3485825104936244e-02 2.4823257828374811e-02 1.0000000000895808e+00 8.3165094262174721e-02 1.9497073331095096e-02 1.9556131182698344e+01 35
1 1 1 1 3.3509659023854929e-02 2.4828357744187162e-02 1.0000000000996776e+00 8.3098111792391571e-02 1.9951187165541052e-02 1.9606131191256548e+01 35
1 1 1 1 3.3533025521717059e-02 2.4833174469592743e-02 1.0000000001107954e+00 8.3031074888735790e-02 2.0409935458954129e-02 1.9656132404135995e+01 35
1 1 1 1 3.3555926369125237e-02 2.4837682978357627e-02 1.0000000001230305e+00 8.2963989937131721e-02 2.0873304228089948e-02 1.9706135079290029e+01 35
1 1 1 1 3.3578356968820153e-02 2.4841919066601232e-02 1.0000000001364737e+00 8.2896869225689951e-02 2.1341153935283678e-02 1.9756126159422987e+01 35
1 1 1 1 3.3600330305679313e-02 2.4845886666345796e-02 1.0000000001512388e+00 8.2829679969464109e-02 2.1813706706591711e-02 1.9806131217942298e+01 35
1 1 1 1 3.3621839464736791e-02 2.4849585985119185e-02 1.0000000001674354e+00 8.2762449288966866e-02 2.2290766025060488e-02 1.9856131224015837e+01 35
1 1 1 1 3.3642888288948312e-02 2.4853019232148794e-02 1.0000000001851888e+00 8.2695171969186965e-02 2.2772361167540028e-02 1.9906131229672834e+01 35
1 1 1 1 3.3663478405465561e-02 2.4856188207079789e-02 1.0000000002046321e+00 8.2627849587837809e-02 2.3258473586726065e-02 1.9956131234934070e+01 35
1 1 1 1 3.3683611468634717e-02 2.4859094714170488e-02 1.0000000002259088e+00 8.2560483729218093e-02 2.3749084444702622e-02 2.0006131239825088e+01 35
1 1 1 1 3.3703289159603959e-02 2.4861740562030367e-02 1.0000000002491727e+00 8.2493075983757380e-02 2.4244174633139340e-02 2.0056131244355136e+01 35
1 1 1 1 3.3722513185942382e-02 2.4864127563369712e-02 1.0000000002745892e+00 8.2425627947523117e-02 2.4743724792382668e-02 2.0106131248546763e+01 34
1 1 1 1 3.3741250288598215e-02 2.4866257534733951e-02 1.0000000003023357e+00 8.2358141221815395e-02 2.5247715328557081e-02 2.0156131252410390e+01 34
1 1 1 1 3.3759508713894805e-02 2.4868132296244804e-02 1.0000000003326022e+00 8.2290617412724421e-02 2.5756126429772083e-02 2.0206131255960369e+01 34
1 1 1 1 3.3777318757209761e-02 2.4869753671342594e-02 1.0000000003655929e+00 8.2223058130733689e-02 2.6268938080923857e-02 2.0256131259208541e+01 34
1 1 1 1 3.3794682244143656e-02 2.4871123486516059e-02 1.0000000004015261e+00 8.2155464990326665e-02 2.6786130077491619e-02 2.0306131262164364e+01 34
1 1 1 1 3.3811601024367983e-02 2.4872243571051351e-02 1.0000000004406355e+00 8.2087839609602808e-02 2.7307682038443099e-02 2.0356131264842702e+01 34
1 1 1 1 3.3828076971158687e-02 2.4873115756763247e-02 1.0000000004831711e+00 8.2020183609930852e-02 2.7833573417990500e-02 2.0406131267246064e+01 34
1 1 1 1 3.3844111980949151e-02 2.4873741877740670e-02 1.0000000005294005e+00 8.1952498615564529e-02 2.8363783516979851e-02 2.0456131269388738e+01 34
1 1 1 1 3.3859707972859449e-02 2.4874123770089834e-02 1.0000000005796092e+00 8.1884786253326014e-02 2.8898291493063728e-02 2.0506131271274814e+01 34
1 1 1 1 3.3874866888235169e-02 2.4874263271675034e-02 1.0000000006341025e+00 8.1817048152250882e-02 2.9437076370618920e-02 2.0556131272915675e+01 34
1 0 1 1 3.3889590690174935e-02 2.4874162221868407e-02 1.0000000006932055e+00 8.1749285943281819e-02 2.9980117049714743e-02 2.0606131274315729e+01 34
1 0 1 1 3.3903881363061272e-02 2.4873822461297768e-02 1.0000000007572660e+00 8.1681501258939304e-02 3.0527392314740651e-02 2.0656131275479069e+01 34
1 0 1 1 3.3917742126050261e-02 2.4873218650802317e-02 1.0000000008266903e+00 8.1613695733006142e-02 3.1078922185611688e-02 2.0706135010507854e+01 34
1 0 1 1 3.3931171081840725e-02 2.4872372657137539e-02 1.0000000009018364e+00 8.1545886191470740e-02 3.1634530889425964e-02 2.0756128559105687e+01 34
1 0 1 1 3.3944175173041657e-02 2.4871293456796111e-02 1.0000000009831445e+00 8.1478048016038140e-02 3.2194400421714904e-02 2.0806130256238205e+01 34
1 0 1 1 3.3956754073447989e-02 2.4869983038918367e-02 1.0000000010710495e+00 8.1410194810631636e-02 3.2758411296081189e-02 2.0856131276493713e+01 34
1 0 1 1 3.3968909802050258e-02 2.4868443275083620e-02 1.0000000011660268e+00 8.1342328676323516e-02 3.3326537746253888e-02 2.0906131276595410e+01 34
1 0 1 1 3.3980644721885334e-02 2.4866675991341645e-02 1.0000000012685848e+00 8.1274449863398102e-02 3.3898769478856131e-02 2.0956131276493640e+01 34
1 0 1 1 3.3991960953062603e-02 2.4864683037556266e-02 1.0000000013792620e+00 8.1206560005677886e-02 3.4475084669721483e-02 2.1006131276199625e+01 33
1 0 1 1 3.4002860633215073e-02 2.4862466262809597e-02 1.0000000014986297e+00 8.1138660736340129e-02 3.5055461431810653e-02 2.1056131275711927e+01 33
1 0 1 1 3.4013345917028044e-02 2.4860027515167155e-02 1.0000000016272950e+00 8.1070753687634556e-02 3.5639877820575996e-02 2.1106131275036894e+01 33
1 0 1 1 3.4023418975783142e-02 2.4857368641472248e-02 1.0000000017659016e+00 8.1002840490648043e-02 3.6228311838718677e-02 2.1156131274178136e+01 33
1 0 1 1 3.4033081996890112e-02 2.4854491487121821e-02 1.0000000019151323e+00 8.0934922775056317e-02 3.6820741440870490e-02 2.1206131273140123e+01 33
1 0 1 1 3.4042337183431831e-02 2.4851397895858742e-02 1.0000000020757105e+00 8.0867002168887592e-02 3.7417144538016603e-02 2.1256131271928325e+01 33
1 0 1 1 3.4051163317210337e-02 2.4848089709567291e-02 1.0000000022484030e+00 8.0799080298295189e-02 3.8017499001610860e-02 2.1306131270540593e+01 33
1 0 1 1 3.4059560687414926e-02 2.4844568768061646e-02 1.0000000024340217e+00 8.0731158787305440e-02 3.8621782667856777e-02 2.1356131268988790e+01 33
1 0 1 1 3.4067557124820853e-02 2.4840836908894416e-02 1.0000000026334253e+00 8.0663239257629887e-02 3.9229973341207376e-02 2.1406131267269789e+01 33
1 0 1 1 3.4075154901557131e-02 2.4836895967155843e-02 1.0000000028475227e+00 8.0595323328413876e-02 3.9842048798317209e-02 2.1456131265388244e+01 33
1 0 1 1 3.4082356302963003e-02 2.4832747775281511e-02 1.0000000030772747e+00 8.0527412616032912e-02 4.0457986791528969e-02 2.1506131263353630e+01 33
1 0 1 1 3.4089163627141657e-02 2.4828394162865093e-02 1.0000000033236969e+00 8.0459508733904617e-02 4.1077765051964449e-02 2.1556131261157166e+01 33
1 0 1 1 3.4095579184536415e-02 2.4823836956474363e-02 1.0000000035878618e+00 8.0391613292232378e-02 4.1701361293296414e-02 2.1606131258815289e+01 33
1 0 1 1 3.4101605297481359e-02 2.4819077979463897e-02 1.0000000038709020e+00 8.0323727897865127e-02 4.2328753214245181e-02 2.1656131256320467e+01 33
1 0 1 1 3.4107244299791610e-02 2.4814119051807890e-02 1.0000000041740129e+00 8.0255854154047679e-02 4.2959918502096399e-02 2.1706131253684077e+01 33
1 0 1 1 3.4112498536321798e-02 2.4808961989917104e-02 1.0000000044984552e+00 8.0187993660270462e-02 4.3594834835116059e-02 2.1756131250900250e+01 33
1 0 1 1 3.4117370362557929e-02 2.4803608606472315e-02 1.0000000048455584e+00 8.0120148012038761e-02 4.4233479885747051e-02 2.1806131247980591e+01 33
1 0 1 1 3.4121862144194458e-02 2.4798060710260059e-02 1.0000000052167242e+00 8.0052318800729161e-02 4.4875831322863886e-02 2.1856131244922373e+01 33
1 0 1 1 3.4125976256722645e-02 2.4792320106003955e-02 1.0000000056134282e+00 7.9984507613379580e-02 4.5521866814617590e-02 2.1906131241731085e+01 32
1 0 1 1 3.4129715085025485e-02 2.4786388594211999e-02 1.0000000060372252e+00 7.9916716032528728e-02 4.6171564030739812e-02 2.1956131238407611e+01 32
1 0 1 1 3.4133081056308648e-02 2.4780265736582801e-02 1.0000000064897747e+00 7.9848945636033480e-02 4.6824904464224819e-02 2.2006131526425108e+01 32
1 0 1 1 3.4136076802316270e-02 2.4773932907672623e-02 1.0000000069730282e+00 7.9781199182021478e-02 4.7481889640147927e-02 2.2056133910784990e+01 32
1 0 1 1 3.4138704037799672e-02 2.4767415780797566e-02 1.0000000074884958e+00 7.9713487943823769e-02 4.8142363142788233e-02 2.2106128234002135e+01 32
1 0 1 1 3.4140966053624294e-02 2.4760713958368260e-02 1.0000000080382576e+00 7.9645790829240531e-02 4.8806523715249871e-02 2.2156131223029703e+01 32
1 0 1 1 3.4142864686042461e-02 2.4753830752883108e-02 1.0000000086241942e+00 7.9578125183666637e-02 4.9474194820708584e-02 2.2206131219101998e+01 32
1 0 1 1 3.4144402514271636e-02 2.4746767544587201e-02 1.0000000092484420e+00 7.9510488505577015e-02 5.0145393831461840e-02 2.2256131215062116e+01 32
1 0 1 1 3.4145581977879438e-02 2.4739526104022649e-02 1.0000000099132105e+00 7.9442882340518106e-02 5.0820098490986738e-02 2.2306131210908127e+01 32
1 0 1 1 3.4146405522720032e-02 2.4732108196248399e-02 1.0000000106208184e+00 7.9375308228266883e-02 5.1498286561392860e-02 2.2356131206641880e+01 32
1 0 1 1 3.4146875600563800e-02 2.4724515580710604e-02 1.0000000113736986e+00 7.9307767702689769e-02 5.2179935825220507e-02 2.2406131202267233e+01 32
1 0 1 1 3.4146994668735206e-02 2.4716750011122418e-02 1.0000000121744022e+00 7.9240262291607383e-02 5.2865024087160088e-02 2.2456131197786618e+01 32
1 0 1 1 3.4146765189751696e-02 2.4708813235340910e-02 1.0000000130256033e+00 7.9172793516656403e-02 5.3553529175765148e-02 2.2506131193201188e+01 32
1 0 1 1 3.4146189630969305e-02 2.4700706995249587e-02 1.0000000139301042e+00 7.9105362893151537e-02 5.4245428945144669e-02 2.2556131188513206e+01 32
1 0 1 1 3.4145270464234136e-02 2.4692433026643857e-02 1.0000000148908397e+00 7.9037971929955708e-02 5.4940701276633461e-02 2.2606131183730330e+01 32
1 0 1 1 3.4144010165533915e-02 2.4683993059123315e-02 1.0000000159108833e+00 7.8970622129373946e-02 5.5639324080048666e-02 2.2656131178843378e+01 32
1 0 1 1 3.4142411214655659e-02 2.4675388815974669e-02 1.0000000169934511e+00 7.8903314986982387e-02 5.6341275295734024e-02 2.2706131173864279e+01 32
1 0 1 1 3.4140476094852122e-02 2.4666622014077856e-02 1.0000000181419080e+00 7.8836051991553413e-02 5.7046532895543713e-02 2.2756131168790613e+01 32
1 0 1 1 3.4138207292507848e-02 2.4657694363793656e-02 1.0000000193597733e+00 7.8768834624910716e-02 5.7755074884602950e-02 2.2806131163629363e+01 32
1 0 1 1 3.4135607296810547e-02 2.4648607568871841e-02 1.0000000206507258e+00 7.8701664361838564e-02 5.8466879302399265e-02 2.2856131158375252e+01 32
1 0 1 1 3.4132664936969183e-02 2.4639363326349056e-02 1.0000000220186103e+00 7.8634542669938773e-02 5.9181924224467122e-02 2.2906131153034266e+01 31
1 0 1 1 3.4129378281664804e-02 2.4629963326457286e-02 1.0000000234674429e+00 7.8567471009542950e-02 5.9900187763519575e-02 2.2956131147610570e+01 31
1 0 1 1 3.4125768235078485e-02 2.4620409252535502e-02 1.0000000250014176e+00 7.8500450833610291e-02 6.0621648070661616e-02 2.3006131142101850e+01 31
1 0 1 1 3.4121837298942928e-02 2.4610702780938645e-02 1.0000000266249121e+00 7.8433483587607877e-02 6.1346283336815917e-02 2.3056131136511851e+01 31
1 0 1 1 3.4117587976053590e-02 2.4600845580950062e-02 1.0000000283424948e+00 7.8366570709421352e-02 6.2074071793879200e-02 2.3106131130846702e+01 31
1 0 1 1 3.4113022769970691e-02 2.4590839314708655e-02 1.0000000301589307e+00 7.8299713629272155e-02 6.2804991715639025e-02 2.3156131125096469e+01 31
1 0 1 1 3.4108144184720253e-02 2.4580685637114578e-02 1.0000000320791886e+00 7.8232913769575807e-02 6.3539021419520281e-02 2.3206131119276591e+01 31
1 0 1 1 3.4102954724507653e-02 2.4570386195763808e-02 1.0000000341084478e+00 7.8166172544910567e-02 6.4276139267026702e-02 2.3256131113381468e+01 31
1 0 1 1 3.4097456893430168e-02 2.4559942630867398e-02 1.0000000362521049e+00 7.8099491361888540e-02 6.5016323665280484e-02 2.3306131107415329e+01 31
1 0 1 1 3.4091653195194117e-02 2.4549356575181282e-02 1.0000000385157810e+00 7.8032871619087507e-02 6.5759553067870194e-02 2.3356131101377851e+01 31
1 0 1 1 3.4085546132838207e-02 2.4538629653936272e-02 1.0000000409053291e+00 7.7966314706956974e-02 6.6505805975977869e-02 2.3406131095270535e+01 31
1 0 1 1 3.4079138208459647e-02 2.4527763484768580e-02 1.0000000434268419e+00 7.7899822007737651e-02 6.7255060939430872e-02 2.3456131089099941e+01 31
1 0 1 1 3.4072431922946504e-02 2.4516759677658161e-02 1.0000000460866583e+00 7.7833394895401198e-02 6.8007296557456076e-02 2.3506131082862659e+01 31
1 0 1 1 3.4065429775712266e-02 2.4505619834863563e-02 1.0000000488913725e+00 7.7767034735552409e-02 6.8762491479871915e-02 2.3556131076561211e+01 31
1 0 1 1 3.4058134264435505e-02 2.4494345550862440e-02 1.0000000518478407e+00 7.7700742885364105e-02 6.9520624407950066e-02 2.3606131070199535e+01 31
1 0 1 1 3.4050547884806028e-02 2.4482938412294493e-02 1.0000000549631898e+00 7.7634520693513398e-02 7.0281674095242150e-02 2.3656131063777927e+01 31
1 0 1 1 3.4042673130269541e-02 2.4471399997903372e-02 1.0000000582448256e+00 7.7568369500107204e-02 7.1045619348541256e-02 2.3706131057298261e+01 31
1 0 1 1 3.4034512491782479e-02 2.4459731878486806e-02 1.0000000617004408e+00 7.7502290636619620e-02 7.1812439028626898e-02 2.3756131050756412e+01 31
1 0 1 1 3.4026068457568268e-02 2.4447935616840336e-02 1.0000000653380237e+00 7.7436285425806328e-02 7.2582112051506470e-02 2.3806131044168815e+01 31
1 0 1 1 3.4017343512880667e-02 2.4436012767715586e-02 1.0000000691658659e+00 7.7370355181703071e-02 7.3354617388420931e-02 2.3856131037519749e+01 31
1 0 1 1 3.4008340139759133e-02 2.4423964877760371e-02 1.0000000731925731e+00 7.7304501209491588e-02 7.4129934067551875e-02 2.3906131030820607e+01 31
1 0 1 1 3.3999060816812143e-02 2.4411793485489931e-02 1.0000000774270719e+00 7.7238724805495235e-02 7.4908041174206436e-02 2.3956131024071546e+01 31
1 0 1 1 3.3989508018977786e-02 2.4399500121229833e-02 1.0000000818786192e+00 7.7173027257109394e-02 7.5688917851737744e-02 2.4006131017272587e+01 30
1 0 1 1 3.3979684217308369e-02 2.4387086307083618e-02 1.0000000865568128e+00 7.7107409842746971e-02 7.6472543302336521e-02 2.4056131010427009e+01 30
1 0 1 1 3.3969591619545027e-02 2.4374540775544917e-02 1.0000000914735570e+00 7.7041873831797114e-02 7.7258922528671489e-02 2.4106132637065478e+01 30
1 0 1 1 3.3959233950156500e-02 2.4361878676157946e-02 1.0000000966369655e+00 7.6976426906359696e-02 7.8047932537773812e-02 2.4156129408515678e+01 30
1 0 1 1 3.3948611678180078e-02 2.4349099646277600e-02 1.0000001020586347e+00 7.6911057666175897e-02 7.8839704035204752e-02 2.4206130914224108e+01 30
1 0 1 1 3.3937728542056352e-02 2.4336206741035281e-02 1.0000001077489831e+00 7.6845775429999735e-02 7.9634119001745329e-02 2.4256130982457773e+01 30
1 0 1 1 3.3926586705598907e-02 2.4323201095149363e-02 1.0000001137196040e+00 7.6780579648123515e-02 8.0431178465391634e-02 2.4306130975400691e+01 30
1 0 1 1 3.3915188595917217e-02 2.4310084161578083e-02 1.0000001199823534e+00 7.6715471445664152e-02 8.1230863189049443e-02 2.4356130968305241e+01 30
1 0 1 1 3.3903536650963066e-02 2.4296857404072340e-02 1.0000001265494876e+00 7.6650452036785333e-02 8.2033152805405421e-02 2.4406130961171026e+01 30
1 0 1 1 3.3891633303159703e-02 2.4283522277838553e-02 1.0000001334336794e+00 7.6585522626341995e-02 8.2838027011167728e-02 2.4456130953998017e+01 30
1 0 1 1 3.3879480979209543e-02 2.4270080229508093e-02 1.0000001406480310e+00 7.6520684409843526e-02 8.3645465567698710e-02 2.4506130946790236e+01 30
1 0 1 1 3.3867082099915888e-02 2.4256532697124911e-02 1.0000001482060821e+00 7.6455938573432775e-02 8.4455448301449298e-02 2.4556130939547455e+01 30
1 0 1 1 3.3854439079997356e-02 2.4242881110117211e-02 1.0000001561218208e+00 7.6391286293848781e-02 8.5267955104587831e-02 2.4606130932270581e+01 30
1 0 1 1 3.3841554327911486e-02 2.4229126889281236e-02 1.0000001644096954e+00 7.6326728738399241e-02 8.6082965935507891e-02 2.4656130924960014e+01 30
1 0 1 1 3.3828430245682141e-02 2.4215271446764327e-02 1.0000001730846231e+00 7.6262267064930944e-02 8.6900460819446843e-02 2.4706130917621802e+01 30
1 0 1 1 3.3815069228732002e-02 2.4201316186051858e-02 1.0000001821620017e+00 7.6197902421823782e-02 8.7720419848678968e-02 2.4756130910248746e+01 30
1 0 1 1 3.3801473665711235e-02 2.4187262501947523e-02 1.0000001916577201e+00 7.6133635947934014e-02 8.8542823183512281e-02 2.4806130902851372e+01 30
1 0 1 1 3.3787645938342083e-02 2.4173111780570269e-02 1.0000002015881693e+00 7.6069468772614307e-02 8.9367651052158117e-02 2.4856130895420840e+01 30
1 0 1 1 3.3773588421249480e-02 2.4158865399328631e-02 1.0000002119702527e+00 7.6005402015650092e-02 9.0194883751855498e-02 2.4906130887969677e+01 30
1 0 1 1 3.3759303481815724e-02 2.4144524726926467e-02 1.0000002228213971e+00 7.5941436787291705e-02 9.1024501648567277e-02 2.4956130880485706e+01 30
1 0 1 1 3.3744793480022295e-02 2.4130091123344733e-02 1.0000002341595642e+00 7.5877574188180724e-02 9.1856485178295255e-02 2.5006130872985381e+01 30
1 0 1 1 3.3730060768302469e-02 2.4115565939838685e-02 1.0000002460032613e+00 7.5813815309402677e-02 9.2690814846468197e-02 2.5056130865451639e+01 30
1 0 1 1 3.3715107691391660e-02 2.4100950518926509e-02 1.0000002583715519e+00 7.5750161232395613e-02 9.3527471229523457e-02 2.5106130857904034e+01 29
1 0 1 1 3.3699936586197854e-02 2.4086246194398503e-02 1.0000002712840674e+00 7.5686613029020217e-02 9.4366434974167454e-02 2.5156130850330634e+01 29
1 0 1 1 3.3684549781644632e-02 2.4071454291294970e-02 1.0000002847610177e+00 7.5623171761488084e-02 9.5207686798555249e-02 2.5206130842735849e+01 29
1 0 1 1 3.3668949598549922e-02 2.4056576125920218e-02 1.0000002988232024e+00 7.5559838482377545e-02 9.6051207492394278e-02 2.5256130835123813e+01 29
1 0 1 1 3.3653138349486099e-02 2.4041613005834055e-02 1.0000003134920226e+00 7.5496614234633386e-02 9.6896977917177260e-02 2.5306130827491124e+01 29
1 0 1 1 3.3637118338654820e-02 2.4026566229855637e-02 1.0000003287894905e+00 7.5433500051543867e-02 9.7744979006798904e-02 2.5356130819842488e+01 29
1 0 1 1 3.3620891861756222e-02 2.4011437088060611e-02 1.0000003447382422e+00 7.5370496956754074e-02 9.8595191767625753e-02 2.5406130812175064e+01 29
1 0 1 1 3.3604461205872939e-02 2.3996226861792886e-02 1.0000003613615474e+00 7.5307605964246294e-02 9.9447597279096162e-02 2.5456130804494006e+01 29
1 0 1 1 3.3587828649341116e-02 2.3980936823657678e-02 1.0000003786833214e+00 7.5244828078357084e-02 1.0030217669370944e-01 2.5506130796793862e+01 29
1 0 1 1 3.3570996461641821e-02 2.3965568237534606e-02 1.0000003967281357e+00 7.5182164293750575e-02 1.0115891123780898e-01 2.5556130789086087e+01 29
1 0 1 1 3.3553966903284806e-02 2.3950122358583140e-02 1.0000004155212292e+00 7.5119615595462430e-02 1.0201778221117429e-01 2.5606130781358189e+01 29
1 0 1 1 3.3536742225690974e-02 2.3934600433242602e-02 1.0000004350885192e+00 7.5057182958846946e-02 1.0287877098811984e-01 2.5656130773621125e+01 29
1 0 1 1 3.3519324671097993e-02 2.3919003699252199e-02 1.0000004554566118e+00 7.4994867349627126e-02 1.0374185901719889e-01 2.5706130765876047e+01 29
1 0 1 1 3.3501716472443592e-02 2.3903333385650510e-02 1.0000004766528132e+00 7.4932669723892176e-02 1.0460702782140537e-01 2.5756130758111016e+01 29
1 0 1 1 3.3483919853264439e-02 2.3887590712786250e-02 1.0000004987051410e+00 7.4870591028059930e-02 1.0547425899921435e-01 2.5806130750346121e+01 29
1 0 1 1 3.3465937027609152e-02 2.3871776892341403e-02 1.0000005216423333e+00 7.4808632198960667e-02 1.0634353422363862e-01 2.5856130742564968e+01 29
1 0 1 1 3.3447770199924738e-02 2.3855893127326597e-02 1.0000005454938612e+00 7.4746794163770169e-02 1.0721483524356269e-01 2.5906130734778213e+01 29
1 0 1 1 3.3429421564972646e-02 2.3839940612102522e-02 1.0000005702899379e+00 7.4685077840068781e-02 1.0808814388327559e-01 2.5956130726983794e+01 29
1 0 1 1 3.3410893307741746e-02 2.3823920532399095e-02 1.0000005960615297e+00 7.4623484135832863e-02 1.0896344204297219e-01 2.6006130719182881e+01 29
1 0 1 1 3.3392187603349291e-02 2.3807834065318150e-02 1.0000006228403664e+00 7.4562013949451444e-02 1.0984071169886761e-01 2.6056130711375303e+01 29
1 0 1 1 3.3373304960036015e-02 2.3791682379359226e-02 1.0000006506589512e+00 7.4500668169735773e-02 1.1071993490341102e-01 2.6106130703559753e+01 29
1 0 1 1 3.3354242422507417e-02 2.3775466634431083e-02 1.0000006795505707e+00 7.4439447675926196e-02 1.1160109378568488e-01 2.6156130695746270e+01 29
1 0 1 1 3.3335009170483196e-02 2.3759187981873379e-02 1.0000007095493046e+00 7.4378353337740677e-02 1.1248417055093908e-01 2.6206130687919444e+01 29
1 0 1 1 3.3315607337117671e-02 2.3742847564463709e-02 1.0000007406900366e+00 7.4317386015328391e-02 1.1336914748185685e-01 2.6256130680100640e+01 29
1 0 1 1 3.3296039045264875e-02 2.3726446516457240e-02 1.0000007730084621e+00 7.4256546559370584e-02 1.1425600693730488e-01 2.6306130672267692e+01 29
1 0 1 1 3.3276306407383063e-02 2.3709985963581991e-02 1.0000008065410992e+00 7.4195835811003280e-02 1.1514473135403473e-01 2.6356130664442723e+01 28
1 0 1 1 3.3256411525488618e-02 2.3693467023079201e-02 1.0000008413252972e+00 7.4135254601928297e-02 1.1603530324538265e-01 2.6406130656610603e+01 28
1 0 1 1 3.3236356491074502e-02 2.3676890803713234e-02 1.0000008773992455e+00 7.4074803754361401e-02 1.1692770520247642e-01 2.6456130648778775e+01 28
1 0 1 1 3.3216143385051355e-02 2.3660258405793971e-02 1.0000009148019831e+00 7.4014484081089793e-02 1.1782191989384970e-01 2.6506130640948911e+01 28
1 0 1 1 3.3195774277692054e-02 2.3643570921206825e-02 1.0000009535734062e+00 7.3954296385490115e-02 1.1871793006559769e-01 2.6556130633118340e+01 28
1 0 1 1 3.3175251228565919e-02 2.3626829433429142e-02 1.0000009937542775e+00 7.3894241461540083e-02 1.1961571854165517e-01 2.6606130625289506e+01 28
1 0 1 1 3.3154576286484432e-02 2.3610035017555694e-02 1.0000010353862343e+00 7.3834320093850686e-02 1.2051526822375613e-01 2.6656130617461823e+01 28
1 0 1 1 3.3133751489445917e-02 2.3593188740322291e-02 1.0000010785117956e+00 7.3774533057684277e-02 1.2141656209163515e-01 2.6706130609637448e+01 28
1 0 1 1 3.3112778864586238e-02 2.3576291660133562e-02 1.0000011231743708e+00 7.3714881118985470e-02 1.2231958320300494e-01 2.6756130601814878e+01 28
1 0 1 1 3.3091660428125801e-02 2.3559344827085098e-02 1.0000011694182664e+00 7.3655365034398457e-02 1.2322431469379556e-01 2.6806130593997807e+01 28
1 0 1 1 3.3070398185328184e-02 2.3542349282996287e-02 1.0000012172886932e+00 7.3595985551305587e-02 1.2413073977804172e-01 2.6856130586184388e+01 28
1 0 1 1 3.3048994130446180e-02 2.3525306061426186e-02 1.0000012668317739e+00 7.3536743407844385e-02 1.2503884174808652e-01 2.6906130578375421e+01 28
1 0 1 1 3.3027450246685734e-02 2.3508216187713617e-02 1.0000013180945488e+00 7.3477639332938632e-02 1.2594860397457702e-01 2.6956130570569638e+01 28
1 0 1 1 3.3005768506159959e-02 2.3491080678993897e-02 1.0000013711249822e+00 7.3418674046319854e-02 1.2686000990671753e-01 2.7006130562775652e+01 28
1 0 1 1 3.2983950869855373e-02 2.3473900544234844e-02 1.0000014259719692e+00 7.3359848258585048e-02 1.2777304307172105e-01 2.7056130554978964e+01 28
1 0 1 1 3.2961999287585766e-02 2.3456676784260635e-02 1.0000014826853403e+00 7.3301162671170761e-02 1.2868768707587017e-01 2.7106130547197303e+01 28
1 0 1 1 3.2939915697971535e-02 2.3439410391786812e-02 1.0000015413158669e+00 7.3242617976451624e-02 1.2960392560344153e-01 2.7156130539420964e+01 28
1 0 1 1 3.2917702028393940e-02 2.3422102351445918e-02 1.0000016019152671e+00 7.3184214857724916e-02 1.3052174241739431e-01 2.7206130531648071e+01 28
1 0 1 1 3.2895360194965903e-02 2.3404753639815038e-02 1.0000016645362098e+00 7.3125953989243625e-02 1.3144112135949995e-01 2.7256130523891052e+01 28
1 0 1 1 3.2872892102516607e-02 2.3387365225460734e-02 1.0000017292323184e+00 7.3067836036288442e-02 1.3236204634961898e-01 2.7306130516136065e+01 28
1 0 1 1 3.2850299644540504e-02 2.3369938068949117e-02 1.0000017960581762e+00 7.3009861655145614e-02 1.3328450138663894e-01 2.7356130508394031e+01 28
1 0 1 1 3.2827584703194225e-02 2.3352473122896206e-02 1.0000018650693281e+00 7.2952031493185798e-02 1.3420847054774018e-01 2.7406130500660336e+01 28
1 0 1 1 3.2804749149258954e-02 2.3334971331986833e-02 1.0000019363222854e+00 7.2894346188872750e-02 1.3513393798884721e-01 2.7456130492940051e+01 28
1 0 1 1 3.2781794842129466e-02 2.3317433633019882e-02 1.0000020098745275e+00 7.2836806371818469e-02 1.3606088794419050e-01 2.7506130485224038e+01 28
1 0 1 1 3.2758723629780995e-02 2.3299860954926446e-02 1.0000020857845053e+00 7.2779412662783594e-02 1.3698930472695803e-01 2.7556130477525748e+01 28
1 0 1 1 3.2735537348767496e-02 2.3282254218818188e-02 1.0000021641116417e+00 7.2722165673761635e-02 1.3791917272843082e-01 2.7606130469835481e+01 27
1 0 1 1 3.2712237824191248e-02 2.3264614338007826e-02 1.0000022449163346e+00 7.2665066007973067e-02 1.3885047641867618e-01 2.7656130462159609e+01 27
1 0 1 1 3.2688826869697540e-02 2.3246942218054525e-02 1.0000023282599575e+00 7.2608114259930356e-02 1.3978320034598518e-01 2.7706130454491561e+01 27
1 0 1 1 3.2665306287451748e-02 2.3229238756784950e-02 1.0000024142048596e+00 7.2551311015447317e-02 1.4071732913738555e-01 2.7756130446842334e+01 27
1 0 1 1 3.2641677868143877e-02 2.3211504844344793e-02 1.0000025028143666e+00 7.2494656851715938e-02 1.4165284749790230e-01 2.7806130439202622e+01 27
1 0 1 1 3.2617943390960871e-02 2.3193741363216870e-02 1.0000025941527813e+00 7.2438152337306327e-02 1.4258974021111390e-01 2.7856130431575856e+01 27
1 0 1 1 3.2594104623590622e-02 2.3175949188268482e-02 1.0000026882853812e+00 7.2381798032222527e-02 1.4352799213886142e-01 2.7906130423965124e+01 27
1 0 1 1 3.2570163322211132e-02 2.3158129186780181e-02 1.0000027852784183e+00 7.2325594487946593e-02 1.4446758822108158e-01 2.7956130416368293e+01 27
1 0 1 1 3.2546121231486383e-02 2.3140282218484590e-02 1.0000028851991181e+00 7.2269542247468843e-02 1.4540851347589603e-01 2.8006130408785886e+01 27
1 0 1 1 3.2521980084563869e-02 2.3122409135603345e-02 1.0000029881156760e+00 7.2213641845330634e-02 1.4635075299951814e-01 2.8056130401220010e+01 27
1 0 1 1 3.2497741603072144e-02 2.3104510782881883e-02 1.0000030940972564e+00 7.2157893807669959e-02 1.4729429196601154e-01 2.8106130393665872e+01 27
1 0 1 1 3.2473407497114838e-02 2.3086587997621966e-02 1.0000032032139885e+00 7.2102298652244573e-02 1.4823911562760558e-01 2.8156130386132936e+01 27
1 0 1 1 3.2448979465283613e-02 2.3068641609728803e-02 1.0000033155369628e+00 7.2046856888505068e-02 1.4918520931396043e-01 2.8206130378610467e+01 27
1 0 1 1 3.2424459194646871e-02 2.3050672441736593e-02 1.0000034311382275e+00 7.1991569017595208e-02 1.5013255843288015e-01 2.8256130371110284e+01 27
1 0 1 1 3.2399848360765905e-02 2.3032681308855718e-02 1.0000035500907838e+00 7.1936435532437920e-02 1.5108114846932311e-01 2.8306130363619733e+01 27
1 0 1 1 3.2375148627687415e-02 2.3014669019001035e-02 1.0000036724685801e+00 7.1881456917727959e-02 1.5203096498633825e-01 2.8356130356156275e+01 27
1 0 1 1 3.2350361647968222e-02 2.2996636372841415e-02 1.0000037983465071e+00 7.1826633650037247e-02 1.5298199362368733e-01 2.8406130348701019e+01 27
1 0 1 1 3.2325489062656983e-02 2.2978584163821349e-02 1.0000039278003918e+00 7.1771966197786252e-02 1.5393422009902946e-01 2.8456130341266412e+01 27
1 0 1 1 3.2300532501326647e-02 2.2960513178213484e-02 1.0000040609069896e+00 7.1717455021337861e-02 1.5488763020699031e-01 2.8506130333853797e+01 27
1 0 1 1 3.2275493582078971e-02 2.2942424195154409e-02 1.0000041977439782e+00 7.1663100573033711e-02 1.5584220981908722e-01 2.8556130326455751e+01 27
1 0 1 1 3.2250373911546240e-02 2.2924317986674731e-02 1.0000043383899488e+00 7.1608903297215531e-02 1.5679794488399468e-01 2.8606130319076673e+01 27
1 0 1 1 3.2225175084913016e-02 2.2906195317744429e-02 1.0000044829243988e+00 7.1554863630286625e-02 1.5775482142711700e-01 2.8656130311717202e+01 27
1 0 1 1 3.2199898685927549e-02 2.2888056946309458e-02 1.0000046314277216e+00 7.1500982000752999e-02 1.5871282555052657e-01 2.8706130304378149e+01 27
1 0 1 1 3.2174546286922949e-02 2.2869903623336598e-02 1.0000047839811981e+00 7.1447258829269611e-02 1.5967194343278954e-01 2.8756130297058139e+01 27
1 0 1 1 3.2149119448823711e-02 2.2851736092842707e-02 1.0000049406669855e+00 7.1393694528680107e-02 1.6063216132888530e-01 2.8806130289757604e+01 27
1 0 1 1 3.2123619721167437e-02 2.2833555091938317e-02 1.0000051015681080e+00 7.1340289504063348e-02 1.6159346557000093e-01 2.8856130282475412e+01 27
1 0 1 1 3.2098048642122207e-02 2.2815361350865909e-02 1.0000052667684443e+00 7.1287044152773232e-02 1.6255584256355141e-01 2.8906130275217752e+01 27
1 0 1 1 3.2072407738513269e-02 2.2797155593044880e-02 1.0000054363527158e+00 7.1233958864502400e-02 1.6351927879261000e-01 2.8956130267976530e+01 26
1 0 1 1 3.2046698525831321e-02 2.2778938535100306e-02 1.0000056104064750e+00 7.1181034021299106e-02 1.6448376081635646e-01 2.9006130260761289e+01 26
1 0 1 1 3.2020922508268455e-02 2.2760710886913879e-02 1.0000057890160916e+00 7.1128269997646654e-02 1.6544927526919864e-01 2.9056130253561872e+01 26
1 0 1 1 3.1995081178727534e-02 2.2742473351654618e-02 1.0000059722687396e+00 7.1075667160471645e-02 1.6641580886138552e-01 2.9106130246388606e+01 26
1 0 1 1 3.1969176018856370e-02 2.2724226625823941e-02 1.0000061602523813e+00 7.1023225869227047e-02 1.6738334837804464e-01 2.9156130239231970e+01 26
1 0 1 1 3.1943208499062598e-02 2.2705971399290311e-02 1.0000063530557548e+00 7.0970946475901853e-02 1.6835188067979082e-01 2.9206130232102478e+01 26
1 0 1 1 3.1917180078550586e-02 2.2687708355334613e-02 1.0000065507683569e+00 7.0918829325104682e-02 1.6932139270179947e-01 2.9256130224992713e+01 26
1 0 1 1 3.1891092205341913e-02 2.2669438170689202e-02 1.0000067534804269e+00 7.0866874754080739e-02 1.7029187145418936e-01 2.9306130217905579e+01 26
1 0 1 1 3.1864946316300574e-02 2.2651161515572296e-02 1.0000069612829305e+00 7.0815083092772152e-02 1.7126330402156509e-01 2.9356130210841247e+01 26
1 0 1 1 3.1838743837165534e-02 2.2632879053733550e-02 1.0000071742675425e+00 7.0763454663861775e-02 1.7223567756285146e-01 2.9406130203797741e+01 26
1 0 1 1 3.1812486182577975e-02 2.2614591442491869e-02 1.0000073925266282e+00 7.0711989782813511e-02 1.7320897931132365e-01 2.9456130196782496e+01 26
1 0 1 1 3.1786174756116961e-02 2.2596299332777656e-02 1.0000076161532245e+00 7.0660688757941598e-02 1.7418319657389245e-01 2.9506130189786198e+01 26
1 0 1 1 3.1759810950322050e-02 2.2578003369170048e-02 1.0000078452410219e+00 7.0609551890426225e-02 1.7515831673156226e-01 2.9556130182815721e+01 26
1 0 1 1 3.1733396146730257e-02 2.2559704189937343e-02 1.0000080798843434e+00 7.0558579474386429e-02 1.7613432723864952e-01 2.9606130175865339e+01 26
1 0 1 1 3.1706931715904191e-02 2.2541402427076342e-02 1.0000083201781240e+00 7.0507771796904539e-02 1.7711121562313301e-01 2.9656130168944486e+01 26
1 0 1 1 3.1680419017476910e-02 2.2523098706359612e-02 1.0000085662178904e+00 7.0457129138103980e-02 1.7808896948577183e-01 2.9706130162043713e+01 26
1 0 1 1 3.1653859400169918e-02 2.2504793647362922e-02 1.0000088180997377e+00 7.0406651771163592e-02 1.7906757650055674e-01 2.9756130155168865e+01 26
1 0 1 1 3.1627254201840690e-02 2.2486487863516029e-02 1.0000090759203086e+00 7.0356339962387882e-02 1.8004702441406362e-01 2.9806130148318577e+01 26
1 0 1 1 3.1600604749514323e-02 2.2468181962140458e-02 1.0000093397767689e+00 7.0306193971245629e-02 1.8102730104540071e-01 2.9856130141492766e+01 26
1 0 1 1 3.1573912359416388e-02 2.2449876544483716e-02 1.0000096097667839e+00 7.0256214050418264e-02 1.8200839428592674e-01 2.9906130134690276e+01 26
1 0 1 1 3.1547178337014321e-02 2.2431572205766404e-02 1.0000098859884949e+00 7.0206400445843531e-02 1.8299029209921275e-01 2.9956130127917415e+01 26
1 0 1 1 3.1520403977059408e-02 2.2413269535222012e-02 1.0000101685404927e+00 7.0156753396781041e-02 1.8397298252040567e-01 3.0006130121167967e+01 26
1 0 1 1 3.1493590563615559e-02 2.2394969116132580e-02 1.0000104575217932e+00 7.0107273135839199e-02 1.8495645365629917e-01 3.0056130114437984e+01 26
1 0 1 1 3.1466739370094296e-02 2.2376671525863853e-02 1.0000107530318096e+00 7.0057959889015253e-02 1.8594069368545721e-01 3.0106130107744391e+01 26
1 0 1 1 3.1439851659321685e-02 2.2358377335925866e-02 1.0000110551703270e+00 7.0008813875790887e-02 1.8692569085689714e-01 3.0156130101069611e+01 26
1 0 1 1 3.1412927260593089e-02 2.2340087111988826e-02 1.0000113640374724e+00 6.9959835309121560e-02 1.8791143349105155e-01 3.0206130094422839e+01 26
1 0 1 1 3.1385964268194164e-02 2.2321801413937428e-02 1.0000116797336887e+00 6.9911024395521548e-02 1.8889790997873909e-01 3.0256130087799942e+01 26
1 0 1 1 3.1358968405608673e-02 2.2303520795900710e-02 1.0000120023597039e+00 6.9862381335092150e-02 1.8988510878140591e-01 3.0306130081208646e+01 25
1 0 1 1 3.1331940895723859e-02 2.2285245806307044e-02 1.0000123320165026e+00 6.9813906321593622e-02 1.9087301843031099e-01 3.0356130074638699e+01 25
1 0 1 1 3.1304882951001450e-02 2.2266976987906698e-02 1.0000126688052948e+00 6.9765599542460366e-02 1.9186162752696914e-01 3.0406130068097738e+01 25
1 0 1 1 3.1277795773536246e-02 2.2248714877822394e-02 1.0000130128274851e+00 6.9717461178875617e-02 1.9285092474241175e-01 3.0456130061586560e+01 25
1 0 1 1 3.1250680555096444e-02 2.2230460007587393e-02 1.0000133641846407e+00 6.9669491405816242e-02 1.9384089881685501e-01 3.0506130055095127e+01 25
1 0 1 1 3.1223538477154061e-02 2.2212212903175786e-02 1.0000137229784603e+00 6.9621690392073277e-02 1.9483153856012025e-01 3.0556130048636735e+01 25
1 0 1 1 3.1196370710951639e-02 2.2193974085056745e-02 1.0000140893107392e+00 6.9574058300340413e-02 1.9582283285051780e-01 3.0606130042204814e+01 25
1 0 1 1 3.1169178417533593e-02 2.2175744068225742e-02 1.0000144632833374e+00 6.9526595287235426e-02 1.9681477063510566e-01 3.0656130035799002e+01 25
1 0 1 1 3.1141962747790013e-02 2.2157523362240104e-02 1.0000148449981441e+00 6.9479301503352076e-02 1.9780734092936322e-01 3.0706130029422628e+01 25
1 0 1 1 3.1114724842512775e-02 2.2139312471268935e-02 1.0000152345570430e+00 6.9432177093316172e-02 1.9880053281676532e-01 3.0756130023073752e+01 25
1 0 1 1 3.1087465832431539e-02 2.2121111894121744e-02 1.0000156320618772e+00 6.9385222195825880e-02 1.9979433544853331e-01 3.0806130016746991e+01 25
1 0 1 1 3.1060186838257810e-02 2.2102922124287595e-02 1.0000160376144118e+00 6.9338436943685688e-02 2.0078873804393405e-01 3.0856130010461815e+01 25
1 0 1 1 3.1032888970759002e-02 2.2084743649991880e-02 1.0000164513162979e+00 6.9291821463908165e-02 2.0178372988853588e-01 3.0906130004188579e+01 25
1 0 1 1 3.1005573330759130e-02 2.2066576954204286e-02 1.0000168732690353e+00 6.9245375877672349e-02 2.0277930033610578e-01 3.0956129997957550e+01 25
1 0 1 1 3.0978241009237812e-02 2.2048422514710213e-02 1.0000173035739328e+00 6.9199100300468330e-02 2.0377543880607582e-01 3.1006129991746011e+01 25
1 0 1 1 3.0950893087335483e-02 2.2030280804121428e-02 1.0000177423320704e+00 6.9152994842065829e-02 2.0477213478507894e-01 3.1056129985569196e+01 25
1 0 1 1 3.0923530636433577e-02 2.2012152289936023e-02 1.0000181896442595e+00 6.9107059606616394e-02 2.0576937782539995e-01 3.1106129979416561e+01 25
1 0 1 1 3.0896154718181728e-02 2.1994037434562692e-02 1.0000186456110027e+00 6.9061294692662867e-02 2.0676715754554242e-01 3.1156129973294259e+01 25
1 0 1 1 3.0868766384556982e-02 2.1975936695363657e-02 1.0000191103324534e+00 6.9015700193208934e-02 2.0776546362947029e-01 3.1206129967202159e+01 25
1 0 1 1 3.0841366677915094e-02 2.1957850524696405e-02 1.0000195839083728e+00 6.8970276195761349e-02 2.0876428582644443e-01 3.1256129961139184e+01 25
1 0 1 1 3.0813956631036324e-02 2.1939779369947624e-02 1.0000200664380898e+00 6.8925022782375112e-02 2.0976361395074886e-01 3.1306129955104545e+01 25
1 0 1 1 3.0786537267176083e-02 2.1921723673572473e-02 1.0000205580204569e+00 6.8879940029699049e-02 2.1076343788144911e-01 3.1356129949099955e+01 25
1 0 1 1 3.0759109600116380e-02 2.1903683873131206e-02 1.0000210587538072e+00 6.8835028009027077e-02 2.1176374756205299e-01 3.1406129943127780e+01 25
1 0 1 1 3.0731674634220361e-02 2.1885660401331823e-02 1.0000215687359104e+00 6.8790286786350407e-02 2.1276453299995216e-01 3.1456129937177209e+01 25
1 0 1 1 3.0704233364465983e-02 2.1867653686053822e-02 1.0000220880639286e+00 6.8745716422375536e-02 2.1376578426690601e-01 3.1506129931263786e+01 25
1 0 1 1 3.0676786776523638e-02 2.1849664150404194e-02 1.0000226168343695e+00 6.8701316972614890e-02 2.1476749149779556e-01 3.1556129925381903e+01 25
1 0 1 1 3.0649335846796067e-02 2.1831692212749089e-02 1.0000231551430432e+00 6.8657088487410922e-02 2.1576964489068037e-01 3.1606129919521912e+01 25
1 0 1 1 3.0621881542453603e-02 2.1813738286736214e-02 1.0000237030850125e+00 6.8613031011963171e-02 2.1677223470701570e-01 3.1656129913697132e+01 24
1 0 1 1 3.0594424821512582e-02 2.1795802781351892e-02 1.0000242607545491e+00 6.8569144586411224e-02 2.1777525127060915e-01 3.1706129907906217e+01 24
1 0 1 1 3.0566966632877415e-02 2.1777886100950730e-02 1.0000248282450825e+00 6.8525429245869962e-02 2.1877868496740732e-01 3.1756129902137882e+01 24
1 0 1 1 3.0539507916381946e-02 2.1759988645286697e-02 1.0000254056491553e+00 6.8481885020450217e-02 2.1978252624595954e-01 3.1806129896408727e+01 24
1 0 1 1 3.0512049602861999e-02 2.1742110809558693e-02 1.0000259930583713e+00 6.8438511935351359e-02 2.2078676561577310e-01 3.1856129890697961e+01 24
1 0 1 1 3.0484592614180486e-02 2.1724252984435043e-02 1.0000265905633479e+00 6.8395310010845756e-02 2.2179139364879868e-01 3.1906129885034925e+01 24
1 0 1 1 3.0457137863324039e-02 2.1706415556113245e-02 1.0000271982536648e+00 6.8352279262408333e-02 2.2279640097688175e-01 3.1956129879389131e+01 24
1 0 1 1 3.0429686254403177e-02 2.1688598906324370e-02 1.0000278162178149e+00 6.8309419700672475e-02 2.2380177829368275e-01 3.2006129873780722e+01 24
1 0 1 1 3.0402238682744928e-02 2.1670803412393809e-02 1.0000284445431513e+00 6.8266731331542041e-02 2.2480751635269397e-01 3.2056129868197480e+01 24
1 0 1 1 3.0374796034923712e-02 2.1653029447264611e-02 1.0000290833158376e+00 6.8224214156193563e-02 2.2581360596818348e-01 3.2106129862656921e+01 24
1 0 1 1 3.0347359188839445e-02 2.1635277379546083e-02 1.0000297326207936e+00 6.8181868171171861e-02 2.2682003801342193e-01 3.2156129857134765e+01 24
1 0 1 1 3.0319929013732434e-02 2.1617547573526508e-02 1.0000303925416443e+00 6.8139693368368004e-02 2.2782680342217221e-01 3.2206129851654119e+01 24
1 0 1 1 3.0292506370281434e-02 2.1599840389238019e-02 1.0000310631606648e+00 6.8097689735132860e-02 2.2883389318667716e-01 3.2256129846200970e+01 24
1 0 1 1 3.0265092110623198e-02 2.1582156182467616e-02 1.0000317445587286e+00 6.8055857254275265e-02 2.2984129835834824e-01 3.2306129840774986e+01 24
1 0 1 1 3.0237687078415149e-02 2.1564495304800171e-02 1.0000324368152511e+00 6.8014195904114561e-02 2.3084901004750194e-01 3.2356129835391684e+01 24
1 0 1 1 3.0210292108909111e-02 2.1546858103664884e-02 1.0000331400081361e+00 6.7972705658560617e-02 2.3185701942200607e-01 3.2406129830031581e+01 24
1 0 1 1 3.0182908028971046e-02 2.1529244922347947e-02 1.0000338542137195e+00 6.7931386487105755e-02 2.3286531770823399e-01 3.2456129824703559e+01 24
1 0 1 1 3.0155535657158148e-02 2.1511656100043977e-02 1.0000345795067147e+00 6.7890238354900379e-02 2.3387389619018359e-01 3.2506129819416650e+01 24
1 0 1 1 3.0128175803780053e-02 2.1494091971893520e-02 1.0000353159601549e+00 6.7849261222812235e-02 2.3488274620851801e-01 3.2556129814148889e+01 24
1 0 1 1 3.0100829270917173e-02 2.1476552868994362e-02 1.0000360636453376e+00 6.7808455047416394e-02 2.3589185916181543e-01 3.2606129808925637e+01 24
1 0 1 1 3.0073496852520108e-02 2.1459039118465129e-02 1.0000368226317664e+00 6.7767819781108851e-02 2.3690122650433290e-01 3.2656129803724667e+01 24
1 0 1 1 3.0046179334422832e-02 2.1441551043453157e-02 1.0000375929870939e+00 6.7727355372085185e-02 2.3791083974750676e-01 3.2706129798566664e+01 24
1 0 1 1 3.0018877494435714e-02 2.1424088963194570e-02 1.0000383747770638e+00 6.7687061764444501e-02 2.3892069045794528e-01 3.2756129793431633e+01 24
1 0 1 1 2.9991592102359941e-02 2.1406653193019227e-02 1.0000391680654521e+00 6.7646938898176107e-02 2.3993077025865275e-01 3.2806129788336740e+01 24
1 0 1 1 2.9964323920076922e-02 2.1389244044410040e-02 1.0000399729140084e+00 6.7606986709252914e-02 2.4094107082729216e-01 3.2856129783265601e+01 24
1 0 1 1 2.9937073701570265e-02 2.1371861825014382e-02 1.0000407893823970e+00 6.7567205129627328e-02 2.4195158389735191e-01 3.2906129778242885e+01 24
1 0 1 1 2.9909841744526652e-02 2.1354502619889394e-02 1.0000416179007936e+00 6.7527594087339382e-02 2.4296231800589033e-01 3.2956130563201988e+01 24
1 0 1 1 2.9882630306325264e-02 2.1337169675762900e-02 1.0000424583175616e+00 6.7488155382580184e-02 2.4397320850741866e-01 3.3006129361395622e+01 23
1 0 1 1 2.9855438389090688e-02 2.1319864145248245e-02 1.0000433105647983e+00 6.7448886102772471e-02 2.4498431143685284e-01 3.3056129364095177e+01 23
1 0 1 1 2.9828267158921184e-02 2.1302586604399303e-02 1.0000441746805009e+00 6.7409786810861183e-02 2.4599560231222592e-01 3.3106129758243668e+01 23
1 0 1 1 2.9801117760716749e-02 2.1285337615997726e-02 1.0000450506999132e+00 6.7370858037378079e-02 2.4700705714996682e-01 3.3156129753379375e+01 23
1 0 1 1 2.9773990685331767e-02 2.1268117328042731e-02 1.0000459386763481e+00 6.7332099378307392e-02 2.4801867607757522e-01 3.3206129748553458e+01 23
1 0 1 1 2.9746886633060295e-02 2.1250926022935566e-02 1.0000468386537635e+00 6.7293510738675927e-02 2.4903045120469447e-01 3.3256129743756937e+01 23
1 0 1 1 2.9719806296738861e-02 2.1233763979495626e-02 1.0000477506735519e+00 6.7255092019848695e-02 2.5004237469339274e-01 3.3306129738984922e+01 23
1 0 1 1 2.9692750361797679e-02 2.1216631472993165e-02 1.0000486747744772e+00 6.7216843119563136e-02 2.5105443875841549e-01 3.3356129734264997e+01 23
1 0 1 1 2.9665719506355586e-02 2.1199528775206603e-02 1.0000496109926120e+00 6.7178763932031177e-02 2.5206663566504650e-01 3.3406129729568150e+01 23
1 0 1 1 2.9638714401219259e-02 2.1182456154417318e-02 1.0000505593612772e+00 6.7140854347906787e-02 2.5307895773053796e-01 3.3456129724896485e+01 23
1 0 1 1 2.9611735709954290e-02 2.1165413875455636e-02 1.0000515199109796e+00 6.7103114254346286e-02 2.5409139732375730e-01 3.3506129720281422e+01 23
1 0 1 1 2.9584784088980302e-02 2.1148402199755650e-02 1.0000524926693473e+00 6.7065543535112404e-02 2.5510394686277171e-01 3.3556129715681450e+01 23
1 0 1 1 2.9557860187552628e-02 2.1131421385341683e-02 1.0000534776610710e+00 6.7028142070514302e-02 2.5611659881721222e-01 3.3606129711115194e+01 23
1 0 1 1 2.9530964647859433e-02 2.1114471686887071e-02 1.0000544749078388e+00 6.6990909737507764e-02 2.5712934570674245e-01 3.3656129706602357e+01 23
1 0 1 1 2.9504098105095414e-02 2.1097553355757945e-02 1.0000554844282747e+00 6.6953846409765261e-02 2.5814218009948237e-01 3.3706129702102011e+01 23
1 0 1 1 2.9477261187446573e-02 2.1080666639998604e-02 1.0000565062378772e+00 6.6916951957624760e-02 2.5915509461431685e-01 3.3756129697643914e+01 23
1 0 1 1 2.9450454516205156e-02 2.1063811784404137e-02 1.0000575403489558e+00 6.6880226248210384e-02 2.6016808191851870e-01 3.3806129693226438e+01 23
1 0 1 1 2.9423678705805759e-02 2.1046989030537963e-02 1.0000585867705691e+00 6.6843669145452256e-02 2.6118113472765597e-01 3.3856129688828894e+01 23
1 0 1 1 2.9396934363848045e-02 2.1030198616742601e-02 1.0000596455084638e+00 6.6807280510086609e-02 2.6219424580667983e-01 3.3906129684482075e+01 23
1 0 1 1 2.9370222091203491e-02 2.1013440778204433e-02 1.0000607165650117e+00 6.6771060199767363e-02 2.6320740796739883e-01 3.3956129680159336e+01 23
1 0 1 1 2.9343542482016201e-02 2.0996715746950164e-02 1.0000617999391490e+00 6.6735008069036539e-02 2.6422061406995961e-01 3.4006129675866205e+01 23
1 0 1 1 2.9316896123772057e-02 2.0980023751886259e-02 1.0000628956263147e+00 6.6699123969387486e-02 2.6523385702219349e-01 3.4056129671624916e+01 23
1 0 1 1 2.9290283597384951e-02 2.0963365018853423e-02 1.0000640036183892e+00 6.6663407749344206e-02 2.6624712977781190e-01 3.4106129667399777e+01 23
1 0 1 1 2.9263705477181108e-02 2.0946739770605956e-02 1.0000651239036347e+00 6.6627859254419608e-02 2.6726042533846650e-01 3.4156129663218032e+01 23
1 0 1 1 2.9237162331010744e-02 2.0930148226885097e-02 1.0000662564666336e+00 6.6592478327224702e-02 2.6827373675149818e-01 3.4206129659072182e+01 23
1 0 1 1 2.9210654720274728e-02 2.0913590604428781e-02 1.0000674012882298e+00 6.6557264807477479e-02 2.6928705711022610e-01 3.4256129654951387e+01 23
1 0 1 1 2.9184183199960644e-02 2.0897067116989011e-02 1.0000685583454691e+00 6.6522218532024169e-02 2.7030037955426695e-01 3.4306129650874219e+01 23
1 0 1 1 2.9157748318729634e-02 2.0880577975386474e-02 1.0000697276115398e+00 6.6487339334917156e-02 2.7131369726808902e-01 3.4356129646831420e+01 22
1 0 1 1 2.9131350618942394e-02 2.0864123387518665e-02 1.0000709090557145e+00 6.6452627047426160e-02 2.7232700348114225e-01 3.4406129642809823e+01 22
1 0 1 1 2.9104990636697359e-02 2.0847703558383647e-02 1.0000721026432944e+00 6.6418081498054532e-02 2.7334029146855671e-01 3.4456129638841546e+01 22
1 0 1 1 2.9078668901929543e-02 2.0831318690134222e-02 1.0000733083355491e+00 6.6383702512642861e-02 2.7435355454849708e-01 3.4506129634890165e+01 22
1 0 1 1 2.9052385938397009e-02 2.0814968982067941e-02 1.0000745260896631e+00 6.6349489914320881e-02 2.7536678608456255e-01 3.4556129630984252e+01 22
1 0 1 1 2.9026142263786674e-02 2.0798654630688227e-02 1.0000757558586788e+00 6.6315443523615958e-02 2.7637997948317516e-01 3.4606129627104103e+01 22
1 0 1 1 2.8999938389721949e-02 2.0782375829705376e-02 1.0000769975914434e+00 6.6281563158436529e-02 2.7739312819501077e-01 3.4656129623268200e+01 22
1 0 1 1 2.8973774821849003e-02 2.0766132770085603e-02 1.0000782512325532e+00 6.6247848634153256e-02 2.7840622571314333e-01 3.4706129619456725e+01 22
1 0 1 1 2.8947652059848394e-02 2.0749925640053807e-02 1.0000795167223031e+00 6.6214299763588419e-02 2.7941926557400704e-01 3.4756129615674801e+01 22
1 0 1 1 2.8921569890847633e-02 2.0733754625132307e-02 1.0000807939966336e+00 6.6180916357068520e-02 2.8043224135694383e-01 3.4806129611944463e+01 22
1 0 1 1 2.8895519133800590e-02 2.0717619908178199e-02 1.0000820829870791e+00 6.6147698222496942e-02 2.8144514668233039e-01 3.4856129608228990e+01 22
1 0 1 1 2.8869510691576443e-02 2.0701521669380631e-02 1.0000833836207219e+00 6.6114645165312153e-02 2.8245797521392035e-01 3.4906129604561407e+01 22
1 0 1 1 2.8843545041129622e-02 2.0685460086315669e-02 1.0000846958201397e+00 6.6081756988599749e-02 2.8347072065581930e-01 3.4956129600912220e+01 22
1 0 1 1 2.8817622653667770e-02 2.0669435333945194e-02 1.0000860195033618e+00 6.6049033493055409e-02 2.8448337675457597e-01 3.5006129597305261e+01 22
1 0 1 1 2.8791743994739556e-02 2.0653447584662879e-02 1.0000873545838218e+00 6.6016474477075260e-02 2.8549593729705230e-01 3.5056129593729068e+01 22
1 0 1 1 2.8765909524261203e-02 2.0637497008309778e-02 1.0000887009703137e+00 6.5984079736756684e-02 2.8650839611122120e-01 3.5106129590189035e+01 22
1 0 1 1 2.8740119696570709e-02 2.0621583772199019e-02 1.0000900585669483e+00 6.5951849065947615e-02 2.8752074706514008e-01 3.5156129586673075e+01 22
1 0 1 1 2.8714374960461846e-02 2.0605708041137646e-02 1.0000914272731143e+00 6.5919782256254222e-02 2.8853298406756966e-01 3.5206129583194013e+01 22
1 0 1 1 2.8688675759246180e-02 2.0589869977456078e-02 1.0000928069834356e+00 6.5887879097100310e-02 2.8954510106683407e-01 3.5256129579749413e+01 22
1 0 1 1 2.8663022530795487e-02 2.0574069741032222e-02 1.0000941975877349e+00 6.5856139375748968e-02 2.9055709205075392e-01 3.5306129576330811e+01 22
1 0 1 1 2.8637415707574446e-02 2.0558307489306756e-02 1.0000955989709976e+00 6.5824562877320858e-02 2.9156895104684638e-01 3.5356129572947893e+01 22
1 0 1 1 2.8611855716703449e-02 2.0542583377315880e-02 1.0000970110133365e+00 6.5793149384845206e-02 2.9258067212119265e-01 3.5406129569586206e+01 22
1 0 1 1 2.8586342979979133e-02 2.0526897557702817e-02 1.0000984335899605e+00 6.5761898679259634e-02 2.9359224937956646e-01 3.5456129566275436e+01 22
1 0 1 1 2.8560877913965426e-02 2.0511250180765675e-02 1.0000998665711416e+00 6.5730810539498974e-02 2.9460367696472950e-01 3.5506129562970038e+01 22
1 0 1 1 2.8535460929965038e-02 2.0495641394438401e-02 1.0001013098221900e+00 6.5699884742433601e-02 2.9561494905960073e-01 3.5556129559717924e+01 22
1 0 1 1 2.8510092434145741e-02 2.0480071344361653e-02 1.0001027632034236e+00 6.5669121063000990e-02 2.9662605988323881e-01 3.5606129556475331e+01 21
1 0 1 1 2.8484772827506163e-02 2.0464540173859454e-02 1.0001042265701481e+00 6.5638519274137830e-02 2.9763700369396945e-01 3.5656129553273331e+01 21
1 0 1 1 2.8459502505976047e-02 2.0449048023994523e-02 1.0001056997726308e+00 6.5608079146880494e-02 2.9864777478680965e-01 3.5706129550103583e+01 21
1 0 1 1 2.8434281860439028e-02 2.0433595033578441e-02 1.0001071826560834e+00 6.5577800450365320e-02 2.9965836749373487e-01 3.5756129546943136e+01 21
1 0 1 1 2.8409111276744031e-02 2.0418181339175417e-02 1.0001086750606460e+00 6.5547682951821507e-02 3.0066877618519477e-01 3.5806129543841337e+01 21
1 0 1 1 2.8383991135826198e-02 2.0402807075169449e-02 1.0001101768213678e+00 6.5517726416690070e-02 3.0167899526600378e-01 3.5856129540728460e+01 21
1 0 1 1 2.8358921813631185e-02 2.0387472373716437e-02 1.0001116877682021e+00 6.5487930608513212e-02 3.0268901918052493e-01 3.5906129537683462e+01 21
1 0 1 1 2.8333903681293824e-02 2.0372177364846852e-02 1.0001132077259882e+00 6.5458295289121032e-02 3.0369884240625866e-01 3.5956129534627934e+01 21
1 0 1 1 2.8308937105038713e-02 2.0356922176401199e-02 1.0001147365144534e+00 6.5428820218493944e-02 3.0470845945969827e-01 3.6006129531627323e+01 21
1 0 1 1 2.8284022446343912e-02 2.0341706934126794e-02 1.0001162739482015e+00 6.5399505154929150e-02 3.0571786489087593e-01 3.6056129528630500e+01 21
1 0 1 1 2.8259160061881779e-02 2.0326531761635826e-02 1.0001178198367180e+00 6.5370349854952936e-02 3.0672705328720301e-01 3.6106129525671612e+01 21
1 0 1 1 2.8234350303627444e-02 2.0311396780468515e-02 1.0001193739843679e+00 6.5341354073422453e-02 3.0773601927054961e-01 3.6156129522734638e+01 21
1 0 1 1 2.8209593518861958e-02 2.0296302110088749e-02 1.0001209361904015e+00 6.5312517563508865e-02 3.0874475749818708e-01 3.6206129519810830e+01 21
1 0 1 1 2.8184890050205642e-02 2.0281247867903709e-02 1.0001225062489654e+00 6.5283840076713506e-02 3.0975326266334197e-01 3.6256129516934649e+01 21
1 0 1 1 2.8160240235706305e-02 2.0266234169308554e-02 1.0001240839491072e+00 6.5255321362948926e-02 3.1076152949212282e-01 3.6306129514042212e+01 21
1 0 1 1 2.8135644408779015e-02 2.0251261127650810e-02 1.0001256690747993e+00 6.5226961170445547e-02 3.1176955274821444e-01 3.6356129511211194e+01 21
1 0 1 1 2.8111102898368236e-02 2.0236328854320213e-02 1.0001272614049468e+00 6.5198759245920723e-02 3.1277732722690904e-01 3.6406129508375528e+01 21
1 0 1 1 2.8086615223703752e-02 2.0221431339250993e-02 1.0001288626623057e+00 6.5170715334465390e-02 3.1378487846230863e-01 3.6456130833262243e+01 21
1 0 1 1 2.8062184285949331e-02 2.0206574627116773e-02 1.0001304710397625e+00 6.5142831411507451e-02 3.1479209677582637e-01 3.6506128442574983e+01 21
1 0 1 1 2.8037807087469977e-02 2.0191758106867304e-02 1.0001320860887983e+00 6.5115103223448267e-02 3.1579911418192863e-01 3.6556129186956703e+01 21
1 0 1 1 2.8013485683890997e-02 2.0176982943111110e-02 1.0001337074538175e+00 6.5087532502743295e-02 3.1680585371231790e-01 3.6606129497383868e+01 21
1 0 1 1 2.7989220321966265e-02 2.0162249200995869e-02 1.0001353348928006e+00 6.5060118918239040e-02 3.1781231277235328e-01 3.6656129494655175e+01 21
1 0 1 1 2.7965011151619409e-02 2.0147556887719291e-02 1.0001369681651833e+00 6.5032862034265559e-02 3.1881849266922874e-01 3.6706129491944743e+01 21
1 0 1 1 2.7940858470996890e-02 2.0132906101273450e-02 1.0001386070153984e+00 6.5005761586877708e-02 3.1982438843685679e-01 3.6756129489242397e+01 21
1 0 1 1 2.7916762573975851e-02 2.0118296937777145e-02 1.0001402511830584e+00 6.4978817310677117e-02 3.2082999514302496e-01 3.6806129486567293e+01 21
1 0 1 1 2.7892723750229251e-02 2.0103729491512980e-02 1.0001419004030043e+00 6.4952028938861484e-02 3.2183530788776993e-01 3.6856129483892182e+01 21
1 0 1 1 2.7868742285214947e-02 2.0089203854916131e-02 1.0001435544053614e+00 6.4925396203192931e-02 3.2284032180502586e-01 3.6906129481231254e+01 20
1 0 1 1 2.7844818460235118e-02 2.0074720118607201e-02 1.0001452129155948e+00 6.4898918834043806e-02 3.2384503206155690e-01 3.6956129478592011e+01 20
1 0 1 1 2.7820952552474326e-02 2.0060278371411572e-02 1.0001468756545708e+00 6.4872596560416551e-02 3.2484943385629828e-01 3.7006129475947070e+01 20
1 0 1 1 2.7797144834990826e-02 2.0045878700348834e-02 1.0001485423386256e+00 6.4846429109915810e-02 3.2585352242205157e-01 3.7056129473323765e+01 20
1 0 1 1 2.7773395576792731e-02 2.0031521190677720e-02 1.0001502126796307e+00 6.4820416208811127e-02 3.2685729302364530e-01 3.7106129470715715e+01 20
1 0 1 1 2.7749705042854331e-02 2.0017205925900446e-02 1.0001518863850691e+00 6.4794557582031759e-02 3.2786074095790424e-01 3.7156129468085304e+01 20
1 0 1 1 2.7726073494094439e-02 2.0002932987745199e-02 1.0001535631581149e+00 6.4768852953127509e-02 3.2886386155614122e-01 3.7206129465492104e+01 20
1 0 1 1 2.7702501187500089e-02 1.9988702456240296e-02 1.0001552426977098e+00 6.4743302044377060e-02 3.2986665017988948e-01 3.7256129462881312e+01 20
1 0 1 1 2.7678988376058252e-02 1.9974514409666230e-02 1.0001569246986559e+00 6.4717904576699598e-02 3.3086910222499344e-01 3.7306129460292297e+01 20
1 0 1 1 2.7655535308859554e-02 1.9960368924617066e-02 1.0001586088517000e+00 6.4692660269742353e-02 3.3187121311836854e-01 3.7356129457697762e+01 20
1 0 1 1 2.7632142231076445e-02 1.9946266075982082e-02 1.0001602948436312e+00 6.4667568841837775e-02 3.3287297831978230e-01 3.7406129455095368e+01 20
1 0 1 1 2.7608809383996017e-02 1.9932205936962273e-02 1.0001619823573802e+00 6.4642630010019131e-02 3.3387439332173074e-01 3.7456129452503028e+01 20
1 0 1 1 2.7585537005068238e-02 1.9918188579097371e-02 1.0001636710721187e+00 6.4617843490052645e-02 3.3487545364859667e-01 3.7506129449917694e+01 20
1 0 1 1 2.7562325327928221e-02 1.9904214072274724e-02 1.0001653606633680e+00 6.4593208996436557e-02 3.3587615485643429e-01 3.7556129447305196e+01 20
1 0 1 1 2.7539174582372778e-02 1.9890282484711860e-02 1.0001670508031122e+00 6.4568726242363428e-02 3.3687649253540164e-01 3.7606129444723301e+01 20
1 0 1 1 2.7516084994478284e-02 1.9876393883024080e-02 1.0001687411599069e+00 6.4544394939816840e-02 3.3787646230533952e-01 3.7656129442099655e+01 20
1 0 1 1 2.7493056786509613e-02 1.9862548332167211e-02 1.0001704313990063e+00 6.4520214799459685e-02 3.3887605982107027e-01 3.7706129439496863e+01 20
1 0 1 1 2.7470090177049985e-02 1.9848745895511718e-02 1.0001721211824790e+00 6.4496185530748651e-02 3.3987528076766921e-01 3.7756129436875305e+01 20
1 0 1 1 2.7447185380951394e-02 1.9834986634808236e-02 1.0001738101693396e+00 6.4472306841864169e-02 3.4087412086352414e-01 3.7806129434246209e+01 20
1 0 1 1 2.7424342609390719e-02 1.9821270610221476e-02 1.0001754980156781e+00 6.4448578439744886e-02 3.4187257585915537e-01 3.7856129431609283e+01 20
1 0 1 1 2.7401558052663921e-02 1.9807597880333226e-02 1.0001771843747942e+00 6.4425000030085888e-02 3.4287064153732238e-01 3.7906129428958074e+01 20
1 0 1 1 2.7378828508630063e-02 1.9793968502150809e-02 1.0001788688973372e+00 6.4401571317334094e-02 3.4386831371343052e-01 3.7956129426297352e+01 20
1 0 1 1 2.7356161674839476e-02 1.9780382531120334e-02 1.0001805512314477e+00 6.4378292004699467e-02 3.4486558823507862e-01 3.8006129423618908e+01 20
1 0 1 1 2.7333557747863394e-02 1.9766840021130151e-02 1.0001822310229034e+00 6.4355161794144800e-02 3.4586246098278672e-01 3.8056129420935108e+01 20
1 0 1 1 2.7311016920707074e-02 1.9753341024535007e-02 1.0001839079152692e+00 6.4332180386406534e-02 3.4685892786868788e-01 3.8106129418209406e+01 20
1 0 1 1 2.7288539382771138e-02 1.9739885592128605e-02 1.0001855815500522e+00 6.4309347480944357e-02 3.4785498483944144e-01 3.8156129415501340e+01 20
1 0 1 1 2.7266125319968228e-02 1.9726473773213671e-02 1.0001872515668537e+00 6.4286662776029069e-02 3.4885062787193682e-01 3.8206129412744339e+01 19
1 0 1 1 2.7243774914633517e-02 1.9713105615541477e-02 1.0001889176035346e+00 6.4264125968640118e-02 3.4984585297811244e-01 3.8256129409986784e+01 19
1 0 1 1 2.7221488345633874e-02 1.9699781165375671e-02 1.0001905792963743e+00 6.4241736754548140e-02 3.5084065620095040e-01 3.8306129407184940e+01 19
1 0 1 1 2.7199265788310511e-02 1.9686500467456788e-02 1.0001922362802411e+00 6.4219494828242046e-02 3.5183503361828267e-01 3.8356129404389911e+01 19
1 0 1 1 2.7177107414579935e-02 1.9673263565056102e-02 1.0001938881887564e+00 6.4197399883005823e-02 3.5282898133871965e-01 3.8406129401539161e+01 19
1 0 1 1 2.7155013392857624e-02 1.9660070499930325e-02 1.0001955346544733e+00 6.4175451610823664e-02 3.5382249550630318e-01 3.8456129398684531e+01 19
1 0 1 1 2.7132983888161450e-02 1.9646921312379811e-02 1.0001971753090453e+00 6.4153649702460513e-02 3.5481557229671873e-01 3.8506129395796435e+01 19
1 0 1 1 2.7111019062073832e-02 1.9633816041220060e-02 1.0001988097834080e+00 6.4131993847407032e-02 3.5580820791955281e-01 3.8556129392874013e+01 19
1 0 1 1 2.7089119072771763e-02 1.9620754723801575e-02 1.0002004377079583e+00 6.4110483733885892e-02 3.5680039861832868e-01 3.8606129389938616e+01 19
1 0 1 1 2.7067284075071141e-02 1.9607737396030230e-02 1.0002020587127349e+00 6.4089119048873544e-02 3.5779214066885329e-01 3.8656129386946041e+01 19
1 0 1 1 2.7045514220379575e-02 1.9594764092337007e-02 1.0002036724276069e+00 6.4067899478037538e-02 3.5878343038250621e-01 3.8706129383946610e+01 19
1 0 1 1 2.7023809656791537e-02 1.9581834845731800e-02 1.0002052784824553e+00 6.4046824705804473e-02 3.5977426410260493e-01 3.8756129380894997e+01 19
1 0 1 1 2.7002170529029965e-02 1.9568949687766554e-02 1.0002068765073668e+00 6.4025894415286611e-02 3.6076463820810617e-01 3.8806129377830906e+01 19
1 0 1 1 2.6980596978529475e-02 1.9556108648581743e-02 1.0002084661328181e+00 6.4005108288338552e-02 3.6175454911039623e-01 3.8856129374710306e+01 19
1 0 1 1 2.6959089143387568e-02 1.9543311756873738e-02 1.0002100469898738e+00 6.3984466005489238e-02 3.6274399325636453e-01 3.8906129371554101e+01 19
1 0 1 1 2.6937647158411664e-02 1.9530559039921885e-02 1.0002116187103758e+00 6.3963967245972364e-02 3.6373296712749914e-01 3.8956129368395750e+01 19
1 0 1 1 2.6916271155178677e-02 1.9517850523618815e-02 1.0002131809271348e+00 6.3943611687753421e-02 3.6472146723712412e-01 3.9006129365134562e+01 19
1 0 1 1 2.6894961261910717e-02 1.9505186232395097e-02 1.0002147332741356e+00 6.3923399007401016e-02 3.6570949013773635e-01 3.9056129361900496e+01 19
1 0 1 1 2.6873717603681336e-02 1.9492566189340772e-02 1.0002162753867188e+00 6.3903328880254406e-02 3.6669703241192353e-01 3.9106129358585811e+01 19
1 0 1 1 2.6852540302260825e-02 1.9479990416106055e-02 1.0002178069017897e+00 6.3883400980260352e-02 3.6768409068014724e-01 3.9156129355234512e+01 19
1 0 1 1 2.6831429476215977e-02 1.9467458932963925e-02 1.0002193274580100e+00 6.3863614980047556e-02 3.6867066159745021e-01 3.9206129351865840e+01 19
1 0 1 1 2.6810385240935108e-02 1.9454971758816844e-02 1.0002208366959926e+00 6.3843970550926860e-02 3.6965674185234787e-01 3.9256129348413076e+01 19
1 0 1 1 2.6789407359806307e-02 1.9442526512212056e-02 1.0002223357457130e+00 6.3824467362807891e-02 3.7064234179778549e-01 3.9306129885090257e+01 19
1 0 1 1 2.6768496234002469e-02 1.9430120924739717e-02 1.0002238259241221e+00 6.3805105715585342e-02 3.7162744127121972e-01 3.9356129928566808e+01 19
1 0 1 1 2.6747652782284671e-02 1.9417760187707508e-02 1.0002253037159858e+00 6.3785885329471326e-02 3.7261200451637838e-01 3.9406128146380617e+01 19
1 0 1 1 2.6726875110074905e-02 1.9405443130121349e-02 1.0002267689116937e+00 6.3766804031395313e-02 3.7359612280222360e-01 3.9456129335256101e+01 19
1 0 1 1 2.6706165050763526e-02 1.9393170791974237e-02 1.0002282210405045e+00 6.3747863082422140e-02 3.7457971101961712e-01 3.9506129331603184e+01 19
1 0 1 1 2.6685522204552697e-02 1.9380942889610772e-02 1.0002296597925548e+00 6.3729061689112743e-02 3.7556278954635886e-01 3.9556129327925369e+01 19
1 0 1 1 2.6664946664885569e-02 1.9368759432320509e-02 1.0002310848261753e+00 6.3710399513401628e-02 3.7654535531890720e-01 3.9606129324187286e+01 19
1 0 1 1 2.6644438522090242e-02 1.9356620428037090e-02 1.0002324958031805e+00 6.3691876215807908e-02 3.7752740531062606e-01 3.9656129320388104e+01 19
1 0 1 1 2.6623997863392177e-02 1.9344525883345350e-02 1.0002338923890592e+00 6.3673491455436326e-02 3.7850893653256540e-01 3.9706129316594712e+01 19
1 0 1 1 2.6603624773018385e-02 1.9332475803538196e-02 1.0002352742531602e+00 6.3655244890039819e-02 3.7948994602845615e-01 3.9756129312679583e+01 19
1 0 1 1 2.6583319332037638e-02 1.9320470192520325e-02 1.0002366410688879e+00 6.3637136175867304e-02 3.8047043088377291e-01 3.9806129308777010e+01 19
1 0 1 1 2.6563081618566176e-02 1.9308509052927199e-02 1.0002379925138760e+00 6.3619164967824493e-02 3.8145038821626731e-01 3.9856129304794003e+01 19
1 0 1 1 2.6542911707633735e-02 1.9296592386042619e-02 1.0002393282701800e+00 6.3601330919339144e-02 3.8242981518341901e-01 3.9906129300784670e+01 19
1 0 1 1 2.6522809671292953e-02 1.9284720191861008e-02 1.0002406480244503e+00 6.3583633682435858e-02 3.8340870897762558e-01 3.9956129296698556e+01 19
1 0 1 1 2.6502775578552761e-02 1.9272892469045420e-02 1.0002419514681138e+00 6.3566072907664695e-02 3.8438706683053114e-01 4.0006129292596718e+01 19
1 0 1 1 2.6482809495479622e-02 1.9261109214984171e-02 1.0002432382975444e+00 6.3548648244168199e-02 3.8536488600866209e-01 4.0056129288423108e+01 19
1 0 1 1 2.6462911485128884e-02 1.9249370425747928e-02 1.0002445082142366e+00 6.3531359339606852e-02 3.8634216381764463e-01 4.0106129284215420e+01 19
1 0 1 1 2.6443081607619903e-02 1.9237676096131182e-02 1.0002457609249715e+00 6.3514205840204951e-02 3.8731889759920246e-01 4.0156129279946605e+01 19
1 0 1 1 2.6423319920102488e-02 1.9226026219627927e-02 1.0002469961419822e+00 6.3497187390709336e-02 3.8829508473370683e-01 4.0206129275652451e+01 19
1 0 1 1 2.6403626476825582e-02 1.9214420788473505e-02 1.0002482135831117e+00 6.3480303634426638e-02 3.8927072263765888e-01 4.0256129271295592e+01 19
1 0 1 1 2.6384001329094527e-02 1.9202859793611596e-02 1.0002494129719710e+00 6.3463554213176065e-02 3.9024580876634946e-01 4.0306129266901664e+01 19
1 0 1 1 2.6364444525331640e-02 1.9191343224730862e-02 1.0002505940380917e+00 6.3446938767318883e-02 3.9122034061181704e-01 4.0356129262448029e+01 19
1 0 1 1 2.6344956111047244e-02 1.9179871070241952e-02 1.0002517565170728e+00 6.3430456935726937e-02 3.9219431570513530e-01 4.0406129257981199e+01 19
1 0 1 1 2.6325536128921617e-02 1.9168443317326180e-02 1.0002529001507234e+00 6.3414108355828780e-02 3.9316773161305113e-01 4.0456129253438569e+01 19
1 0 1 1 2.6306184618734952e-02 1.9157059951887712e-02 1.0002540246872054e+00 6.3397892663540401e-02 3.9414058594226831e-01 4.0506129248868696e+01 20
1 0 1 1 2.6286901617450564e-02 1.9145720958602837e-02 1.0002551298811633e+00 6.3381809493321173e-02 3.9511287633627035e-01 4.0556129244264717e+01 20
1 0 1 1 2.6267687159212287e-02 1.9134426320912293e-02 1.0002562154938559e+00 6.3365858478154735e-02 3.9608460047602767e-01 4.0606129239600357e+01 20
1 0 1 1 2.6248539967086131e-02 1.9123176021015081e-02 1.0002572812932828e+00 6.3350039249527562e-02 3.9705575608150107e-01 4.0656129234904895e+01 20
1 0 1 1 2.6229451853350075e-02 1.9111970039890593e-02 1.0002583270542997e+00 6.3334351437458664e-02 3.9802634091030520e-01 4.0706129230195501e+01 20
1 0 1 1 2.6210432446641285e-02 1.9100808357317714e-02 1.0002593525587340e+00 6.3318794670509104e-02 3.9899635275623391e-01 4.0756129225399867e+01 20
1 0 1 1 2.6191481769556296e-02 1.9089690951829587e-02 1.0002603575954974e+00 6.3303368575717195e-02 3.9996578945447842e-01 4.0806129220625699e+01 20
1 0 1 1 2.6172599842023431e-02 1.9078617800798850e-02 1.0002613419606816e+00 6.3288072778707571e-02 4.0093464887409846e-01 4.0856129215774075e+01 20
1 0 1 1 2.6153786681186696e-02 1.9067588880366831e-02 1.0002623054576649e+00 6.3272906903585363e-02 4.0190292892496537e-01 4.0906129210898477e+01 20
1 0 1 1 2.6135042301500731e-02 1.9056604165498398e-02 1.0002632478971989e+00 6.3257870573005220e-02 4.0287062755410147e-01 4.0956129206016769e+01 20
1 0 1 1 2.6116366714753536e-02 1.9045663629989138e-02 1.0002641690974949e+00 6.3242963408176311e-02 4.0383774274504292e-01 4.1006129201081826e+01 20
1 0 1 1 2.6097759930034943e-02 1.9034767246443960e-02 1.0002650688843084e+00 6.3228185028825490e-02 4.0480427252036538e-01 4.1056129196114270e+01 20
1 0 1 1 2.6079221953778934e-02 1.9023914986300124e-02 1.0002659470910120e+00 6.3213535053227188e-02 4.0577021494068477e-01 4.1106129191154245e+01 20
1 0 1 1 2.6060752789826350e-02 1.9013106819859637e-02 1.0002668035586626e+00 6.3199013098235723e-02 4.0673556810201134e-01 4.1156129186127430e+01 20
1 0 1 1 2.6042352439347743e-02 1.9002342716241669e-02 1.0002676381360691e+00 6.3184618779223378e-02 4.0770033014103835e-01 4.1206129181123721e+01 20
1 0 1 1 2.6024020900977947e-02 1.8991622643455237e-02 1.0002684506798440e+00 6.3170351710174155e-02 4.0866449922860765e-01 4.1256129176064732e+01 20
1 0 1 1 2.6005758170734604e-02 1.8980946568352169e-02 1.0002692410544605e+00 6.3156211503609311e-02 4.0962807357523440e-01 4.1306129170992293e+01 20
1 0 1 1 2.5987564242088004e-02 1.8970314456661214e-02 1.0002700091322929e+00 6.3142197770643227e-02 4.1059105142840768e-01 4.1356129165937837e+01 20
1 0 1 1 2.5969439106013341e-02 1.8959726273017268e-02 1.0002707547936569e+00 6.3128310121006670e-02 4.1155343107060099e-01 4.1406129160822381e+01 20
1 0 1 1 2.5951382750915037e-02 1.8949181980912458e-02 1.0002714779268451e+00 6.3114548162989809e-02 4.1251521082440573e-01 4.1456129155731929e+01 20
1 0 1 1 2.5933395162755786e-02 1.8938681542768485e-02 1.0002721784281507e+00 6.3100911503531698e-02 4.1347638904650785e-01 4.1506129150611159e+01 20
1 0 1 1 2.5915476324993716e-02 1.8928224919896170e-02 1.0002728562018899e+00 6.3087399748170375e-02 4.1443696413229458e-01 4.1556129145511051e+01 20
1 0 1 1 2.5897626218676535e-02 1.8917812072548550e-02 1.0002735111604166e+00 6.3074012501104226e-02 4.1539693451152260e-01 4.1606129140370584e+01 20
1 0 1 1 2.5879844822380205e-02 1.8907442959878631e-02 1.0002741432241324e+00 6.3060749365146995e-02 4.1635629865281798e-01 4.1656129135261985e+01 20
1 0 1 1 2.5862132112322769e-02 1.8897117540004563e-02 1.0002747523214870e+00 6.3047609941804250e-02 4.1731505505839317e-01 4.1706129130123145e+01 20
1 0 1 1 2.5844488062295862e-02 1.8886835769965502e-02 1.0002753383889780e+00 6.3034593831225533e-02 4.1827320226904441e-01 4.1756129125029048e+01 20
1 0 1 1 2.5826912643784197e-02 1.8876597605787332e-02 1.0002759013711393e+00 6.3021700632284516e-02 4.1923073885843570e-01 4.1806129119903567e+01 20
1 0 1 1 2.5809405825890679e-02 1.8866403002436898e-02 1.0002764412205296e+00 6.3008929942524050e-02 4.2018766343841657e-01 4.1856129114807217e+01 20
1 0 1 1 2.5791967575437849e-02 1.8856251913874408e-02 1.0002769578977091e+00 6.2996281358227130e-02 4.2114397465429615e-01 4.1906129109703393e+01 20
1 0 1 1 2.5774597856926477e-02 1.8846144293029880e-02 1.0002774513712143e+00 6.2983754474392806e-02 4.2209967118871367e-01 4.1956129104671007e+01 20
1 0 1 1 2.5757296482664886e-02 1.8836079157320860e-02 1.0002779223843463e+00 6.2971348884815370e-02 4.2305475815197124e-01 4.2006129354105845e+01 20
1 0 1 1 2.5740062843374312e-02 1.8826051419639847e-02 1.0002783751891078e+00 6.2959064371139073e-02 4.2400925531188299e-01 4.2056130511050803e+01 20
1 0 1 1 2.5722899100176246e-02 1.8816067909456845e-02 1.0002788046923314e+00 6.2946901379103193e-02 4.2496305166052667e-01 4.2106127351471493e+01 20
1 0 1 1 2.5705802047930860e-02 1.8806126737098319e-02 1.0002792109709076e+00 6.2934857260414007e-02 4.2591632172115357e-01 4.2156129086316668e+01 20
1 0 1 1 2.5688773915143060e-02 1.8796229173543896e-02 1.0002795939746800e+00 6.2922933213688165e-02 4.2686893780442853e-01 4.2206129081344287e+01 20
1 0 1 1 2.5671814057167241e-02 1.8786374819060394e-02 1.0002799537318681e+00 6.2911128405835348e-02 4.2782093197386362e-01 4.2256129076400690e+01 20
1 0 1 1 2.5654922423325694e-02 1.8776563619635461e-02 1.0002802902638148e+00 6.2899442423792584e-02 4.2877230314629539e-01 4.2306129071511783e+01 20
1 0 1 1 2.5638098960870194e-02 1.8766795520342192e-02 1.0002806035994609e+00 6.2887874853390480e-02 4.2972305027034713e-01 4.2356129066636612e+01 20
1 0 1 1 2.5621343614952913e-02 1.8757070465317226e-02 1.0002808937752719e+00 6.2876425279342396e-02 4.3067317232910263e-01 4.2406129061825787e+01 20
1 0 1 1 2.5604656328717137e-02 1.8747388397811041e-02 1.0002811608351616e+00 6.2865093285303375e-02 4.3162266833614915e-01 4.2456129057027248e+01 21
1 0 1 1 2.5588037043248000e-02 1.8737749260154837e-02 1.0002814048304103e+00 6.2853878453848488e-02 4.3257153733963272e-01 4.2506129052318151e+01 21
1 0 1 1 2.5571485697691375e-02 1.8728152993827057e-02 1.0002816258195788e+00 6.2842780366550499e-02 4.3351977841648787e-01 4.2556129047615833e+01 21
1 0 1 1 2.5555002229171734e-02 1.8718599539400849e-02 1.0002818238684175e+00 6.2831798603937450e-02 4.3446739067842244e-01 4.2606129043012572e+01 21
1 0 1 1 2.5538586572929560e-02 1.8709088836621569e-02 1.0002819990497718e+00 6.2820932745584535e-02 4.3541437326522714e-01 4.2656129038438323e+01 21
1 0 1 1 2.5522238662261092e-02 1.8699620824366558e-02 1.0002821514434843e+00 6.2810182370079237e-02 4.3636072534909209e-01 4.2706129033907608e+01 21
1 0 1 1 2.5505958428561674e-02 1.8690195440669057e-02 1.0002822811362919e+00 6.2799547055062854e-02 4.3730644613386321e-01 4.2756129029497750e+01 21
1 0 1 1 2.5489745801423776e-02 1.8680812622767776e-02 1.0002823882217176e+00 6.2789026377295970e-02 4.3825153484991675e-01 4.2806129025098237e+01 21
1 0 1 1 2.5473600708545187e-02 1.8671472307054640e-02 1.0002824727999635e+00 6.2778619912606776e-02 4.3919599076118443e-01 4.2856129020797866e+01 21
1 0 1 1 2.5457523075856747e-02 1.8662174429141389e-02 1.0002825349777951e+00 6.2768327235982413e-02 4.4013981315852790e-01 4.2906129016556385e+01 21
1 0 1 1 2.5441512827484039e-02 1.8652918923836651e-02 1.0002825748684256e+00 6.2758147921554708e-02 4.4108300136357664e-01 4.2956129012425151e+01 21
1 0 1 1 2.5425569885840948e-02 1.8643705725192781e-02 1.0002825925913958e+00 6.2748081542661260e-02 4.4202555472376742e-01 4.3006129008305656e+01 21
1 0 1 1 2.5409694171539203e-02 1.8634534766456066e-02 1.0002825882724515e+00 6.2738127671806088e-02 4.4296747261981273e-01 4.3056129004362482e+01 21
1 0 1 1 2.5393885603594863e-02 1.8625405980175685e-02 1.0002825620434168e+00 6.2728285880789658e-02 4.4390875445372363e-01 4.3106129000411372e+01 21
1 0 1 1 2.5378144099239837e-02 1.8616319298097175e-02 1.0002825140420670e+00 6.2718555740609139e-02 4.4484939966197906e-01 4.3156128996635914e+01 21
1 0 1 1 2.5362469574163906e-02 1.8607274651294633e-02 1.0002824444119975e+00 6.2708936821609884e-02 4.4578940770176567e-01 4.3206128992878519e+01 21
1 0 1 1 2.5346861942343653e-02 1.8598271970071294e-02 1.0002823533024892e+00 6.2699428693399117e-02 4.4672877806283701e-01 4.3256128989291120e+01 21
1 0 1 1 2.5331321116251353e-02 1.8589311184074649e-02 1.0002822408683747e+00 6.2690030924975271e-02 4.4766751025586060e-01 4.3306128985735846e+01 21
1 0 1 1 2.5315846397763915e-02 1.8580392222212333e-02 1.0002821072699004e+00 6.2680743084659596e-02 4.4860560382235998e-01 4.3356128982335825e+01 21
1 0 1 1 2.5300429116534556e-02 1.8571515012747987e-02 1.0002819526725868e+00 6.2671564740204744e-02 4.4954305832544655e-01 4.3406128979001458e+01 21
1 0 1 1 2.5285078440765794e-02 1.8562679483240918e-02 1.0002817772470869e+00 6.2662495458757073e-02 4.5047987335705431e-01 4.3456128975839611e+01 21
1 0 1 1 2.5269794276376940e-02 1.8553885560637775e-02 1.0002815811690462e+00 6.2653534806950517e-02 4.5141604852901690e-01 4.3506128972695350e+01 21
1 0 1 1 2.5254576527716475e-02 1.8545133171174330e-02 1.0002813646189532e+00 6.2644682350840253e-02 4.5235158348474774e-01 4.3556128969800717e+01 21
1 0 1 1 2.5239425097853513e-02 1.8536422240539203e-02 1.0002811277820027e+00 6.2635937656063900e-02 4.5328647788174292e-01 4.3606128966858705e+01 21
1 0 1 1 2.5224339888259516e-02 1.8527752693689944e-02 1.0002808708479387e+00 6.2627300287692228e-02 4.5422073141339775e-01 4.3656128964232984e+01 21
1 0 1 1 2.5209320799242759e-02 1.8519124455097298e-02 1.0002805940109183e+00 6.2618769810469210e-02 4.5515434378242470e-01 4.3706128961545772e+01 22
1 0 1 1 2.5194367729543230e-02 1.8510537448509869e-02 1.0002802974693528e+00 6.2610345788612187e-02 4.5608731472788322e-01 4.3756128959148661e+01 22
1 0 1 1 2.5179480576755724e-02 1.8501991597195084e-02 1.0002799814257686e+00 6.2602027786051284e-02 4.5701964399958478e-01 4.3806128956771005e+01 22
1 0 1 1 2.5164659237034693e-02 1.8493486823765507e-02 1.0002796460866501e+00 6.2593815366285388e-02 4.5795133137812732e-01 4.3856128954616999e+01 22
1 0 1 1 2.5149903605364177e-02 1.8485023050330878e-02 1.0002792916622965e+00 6.2585708092537107e-02 4.5888237665878923e-01 4.3906128952522394e+01 22
1 0 1 1 2.5135213575378377e-02 1.8476600198392128e-02 1.0002789183666656e+00 6.2577705527677885e-02 4.5981277966437795e-01 4.3956128950667505e+01 22
1 0 1 1 2.5120589039596557e-02 1.8468218188972665e-02 1.0002785264172316e+00 6.2569807234355568e-02 4.6074254023108202e-01 4.4006128948836896e+01 22
1 0 1 1 2.5106029889200882e-02 1.8459876942490232e-02 1.0002781160348255e+00 6.2562012774903114e-02 4.6167165822447331e-01 4.4056128947301971e+01 22
1 0 1 1 2.5091536014345679e-02 1.8451576378927106e-02 1.0002776874434960e+00 6.2554321711507876e-02 4.6260013352023199e-01 4.4106128945807320e+01 22
1 0 1 1 2.5077107303910860e-02 1.8443316417689679e-02 1.0002772408703509e+00 6.2546733606097304e-02 4.6352796602159890e-01 4.4156128944528874e+01 22
1 0 1 1 2.5062743645718311e-02 1.8435096977728129e-02 1.0002767765454146e+00 6.2539248020468452e-02 4.6445515564657130e-01 4.4206128943407315e+01 22
1 0 1 1 2.5048444926476017e-02 1.8426917977500953e-02 1.0002762947014772e+00 6.2531864516267771e-02 4.6538170233238318e-01 4.4256128942410371e+01 22
1 0 1 1 2.5034211031774514e-02 1.8418779334971887e-02 1.0002757955739454e+00 6.2524582655010569e-02 4.6630760603737254e-01 4.4306128941654698e+01 22
1 0 1 1 2.5020041846213474e-02 1.8410680967677187e-02 1.0002752794006997e+00 6.2517401998156419e-02 4.6723286673351361e-01 4.4356128941025190e+01 22
1 0 1 1 2.5005937253316388e-02 1.8402622792675575e-02 1.0002747464219439e+00 6.2510322107077076e-02 4.6815748441325788e-01 4.4406128940563583e+01 22
1 0 1 1 2.4991897135605005e-02 1.8394604726588371e-02 1.0002741968800644e+00 6.2503342543109658e-02 4.6908145908570881e-01 4.4456128940283179e+01 22
1 0 1 1 2.4977921374604129e-02 1.8386626685598626e-02 1.0002736310194815e+00 6.2496462867579594e-02 4.7000479077781665e-01 4.4506128940255365e+01 22
1 0 1 1 2.4964009850936813e-02 1.8378688585504385e-02 1.0002730490865139e+00 6.2489682641852701e-02 4.7092747952881853e-01 4.4556128940327049e+01 22
1 0 1 1 2.4950162444205136e-02 1.8370790341644974e-02 1.0002724513292294e+00 6.2483001427295959e-02 4.7184952539927194e-01 4.4606128940633219e+01 22
1 0 1 1 2.4936379033145915e-02 1.8362931868991354e-02 1.0002718379973115e+00 6.2476418785365639e-02 4.7277092846206747e-01 4.4656128941127022e+01 22
1 0 1 1 2.4922659495580965e-02 1.8355113082112139e-02 1.0002712093419173e+00 6.2469934277599337e-02 4.7369168880667945e-01 4.4706128941832830e+01 23
1 0 1 1 2.4909003078417150e-02 1.8347331043023819e-02 1.0002705677820714e+00 6.2463547465654329e-02 4.7461184190557615e-01 4.4756130624907122e+01 23
1 0 1 1 2.4895410840719105e-02 1.8339585569165717e-02 1.0002699142849687e+00 6.2457258554273420e-02 4.7553130594488868e-01 4.4806129464861101e+01 23
1 0 1 1 2.4881882562480220e-02 1.8331879821626873e-02 1.0002692461845799e+00 6.2451066665109189e-02 4.7645009657500281e-01 4.4856126620345080e+01 23
1 0 1 1 2.4868416269258547e-02 1.8324212660478092e-02 1.0002685636429653e+00 6.2444970521235599e-02 4.7736833989770361e-01 4.4906128949079388e+01 23
1 0 1 1 2.4855013860064942e-02 1.8316585151673174e-02 1.0002678670173506e+00 6.2438970607736677e-02 4.7828589828349194e-01 4.4956128950857291e+01 23
1 0 1 1 2.4841674579636947e-02 1.8308996849678578e-02 1.0002671565330907e+00 6.2433066201343951e-02 4.7920281465387532e-01 4.5006128952737022e+01 23
1 0 1 1 2.4828398300091297e-02 1.8301447666347202e-02 1.0002664324475647e+00 6.2427256864965225e-02 4.8011908919787055e-01 4.5056128954919728e+01 23
1 0 1 1 2.4815184892890911e-02 1.8293937513262273e-02 1.0002656950186244e+00 6.2421542161814392e-02 4.8103472211162962e-01 4.5106128957311718e+01 23
1 0 1 1 2.4802034228748424e-02 1.8286466301679120e-02 1.0002649445044673e+00 6.2415921655384093e-02 4.8194971360616135e-01 4.5156128959964654e+01 23
1 0 1 1 2.4788946177714970e-02 1.8279033942575539e-02 1.0002641811635222e+00 6.2410394909492378e-02 4.8286406390201653e-01 4.5206128962801387e+01 23
1 0 1 1 2.4775920609106817e-02 1.8271640346607634e-02 1.0002634052543240e+00 6.2404961488273819e-02 4.8377777323577964e-01 4.5256128965989781e+01 23
1 0 1 1 2.4762957391682248e-02 1.8264285424205936e-02 1.0002626170354103e+00 6.2399620956256868e-02 4.8469084184815697e-01 4.5306128969309121e+01 23
1 0 1 1 2.4750056393447312e-02 1.8256969085467017e-02 1.0002618167651949e+00 6.2394372878304322e-02 4.8560326999906800e-01 4.5356128972991328e+01 23
1 0 1 1 2.4737217481882533e-02 1.8249691240276963e-02 1.0002610047018698e+00 6.2389216819717763e-02 4.8651505795240163e-01 4.5406128976905556e+01 23
1 0 1 1 2.4724440523839545e-02 1.8242451798252336e-02 1.0002601811032921e+00 6.2384152346200900e-02 4.8742620598408454e-01 4.5456128981014373e+01 23
1 0 1 1 2.4711725385519356e-02 1.8235250668726163e-02 1.0002593462268723e+00 6.2379179023877490e-02 4.8833671438514897e-01 4.5506128985560586e+01 23
1 0 1 1 2.4699071932697079e-02 1.8228087760871377e-02 1.0002585003294884e+00 6.2374296419378639e-02 4.8924658344585648e-01 4.5556128990211640e+01 24
1 0 1 1 2.4686480030435595e-02 1.8220962983540968e-02 1.0002576436673634e+00 6.2369504099753004e-02 4.9015581347781645e-01 4.5606128995288152e+01 24
1 0 1 1 2.4673949543398493e-02 1.8213876245438652e-02 1.0002567764959878e+00 6.2364801632593864e-02 4.9106440479187657e-01 4.5656129000567525e+01 24
1 0 1 1 2.4661480335633569e-02 1.8206827454998020e-02 1.0002558990700081e+00 6.2360188585973503e-02 4.9197235771497583e-01 4.5706129006224032e+01 24
1 0 1 1 2.4649072270758132e-02 1.8199816520484233e-02 1.0002550116431459e+00 6.2355664528521704e-02 4.9287967257744270e-01 4.5756129012145507e+01 24
1 0 1 1 2.4636725211861062e-02 1.8192843349937503e-02 1.0002541144680994e+00 6.2351229029400990e-02 4.9378634972097091e-01 4.5806129018386848e+01 24
1 0 1 1 2.4624439021569702e-02 1.8185907851208986e-02 1.0002532077964599e+00 6.2346881658343650e-02 4.9469238949467526e-01 4.5856129024967494e+01 24
1 0 1 1 2.4612213562058387e-02 1.8179009931964404e-02 1.0002522918786245e+00 6.2342621985667201e-02 4.9559779225529071e-01 4.5906129031896633e+01 24
1 0 1 1 2.4600048695064373e-02 1.8172149499691228e-02 1.0002513669637154e+00 6.2338449582290928e-02 4.9650255836684054e-01 4.5956129039168751e+01 24
1 0 1 1 2.4587944281914069e-02 1.8165326461710943e-02 1.0002504332995010e+00 6.2334364019749261e-02 4.9740668819910405e-01 4.6006129046692514e+01 24
1 0 1 1 2.4575900183434553e-02 1.8158540725131154e-02 1.0002494911323083e+00 6.2330364870183896e-02 4.9831018213591494e-01 4.6056129054761499e+01 24
1 0 1 1 2.4563916260200363e-02 1.8151792196978048e-02 1.0002485407069690e+00 6.2326451706428032e-02 4.9921304055646826e-01 4.6106129063036661e+01 24
1 0 1 1 2.4551992372241670e-02 1.8145080784035837e-02 1.0002475822667198e+00 6.2322624101928958e-02 5.0011526385894645e-01 4.6156129071863184e+01 24
1 0 1 1 2.4540120014198273e-02 1.8138406393033223e-02 1.0002466160531633e+00 6.2318881630855777e-02 5.0101685243483507e-01 4.6206129080861530e+01 25
1 0 1 1 2.4528307282799620e-02 1.8131768930445942e-02 1.0002456423061667e+00 6.2315223868010611e-02 5.0191780669684560e-01 4.6256129090488244e+01 25
1 0 1 1 2.4516554225089315e-02 1.8125168302712949e-02 1.0002446612638309e+00 6.2311650388955142e-02 5.0281812705003370e-01 4.6306129100445588e+01 25
1 0 1 1 2.4504860699328009e-02 1.8118604416090967e-02 1.0002436731624047e+00 6.2308160769937920e-02 5.0371781391204729e-01 4.6356129110815715e+01 25
1 0 1 1 2.4493226563454488e-02 1.8112077176710741e-02 1.0002426782362333e+00 6.2304754587939215e-02 5.0461686770629199e-01 4.6406129121693375e+01 25
1 0 1 1 2.4481651675148604e-02 1.8105586490608654e-02 1.0002416767177047e+00 6.2301431420693443e-02 5.0551528885751806e-01 4.6456129132952185e+01 25
1 0 1 1 2.4470135891713742e-02 1.8099132263662953e-02 1.0002406688371852e+00 6.2298190846670792e-02 5.0641307780199507e-01 4.6506129144820072e+01 25
1 0 1 1 2.4458679070256603e-02 1.8092714401690649e-02 1.0002396548229797e+00 6.2295032445135068e-02 5.0731023497400063e-01 4.6556129157139644e+01 25
1 0 1 1 2.4447281067579062e-02 1.8086332810386751e-02 1.0002386349012740e+00 6.2291955796114906e-02 5.0820676081477978e-01 4.6606129169874940e+01 25
1 0 1 1 2.4435941740131865e-02 1.8079987395298307e-02 1.0002376092960792e+00 6.2288960480413713e-02 5.0910265577731317e-01 4.6656129183389538e+01 25
1 0 1 1 2.4424660944312813e-02 1.8073678061988327e-02 1.0002365782292166e+00 6.2286046079679774e-02 5.0999792030284419e-01 4.6706129197144911e+01 25
1 0 1 1 2.4413438535985665e-02 1.8067404715767892e-02 1.0002355419202249e+00 6.2283212176309777e-02 5.1089255486034968e-01 4.6756129211915109e+01 26
1 0 1 1 2.4402274371134909e-02 1.8061167262058492e-02 1.0002345005863837e+00 6.2280458353604184e-02 5.1178655989433419e-01 4.6806129226878795e+01 26
1 0 1 1 2.4391168305174273e-02 1.8054965606007563e-02 1.0002334544426077e+00 6.2277784195613473e-02 5.1267993588120553e-01 4.6856129242778387e+01 26
1 0 1 1 2.4380120193550677e-02 1.8048799652822436e-02 1.0002324037014667e+00 6.2275189287291227e-02 5.1357268328125560e-01 4.6906129259245425e+01 26
1 0 1 1 2.4369129891385500e-02 1.8042669307571656e-02 1.0002313485731174e+00 6.2272673214414237e-02 5.1446480256825566e-01 4.6956129276462136e+01 26
1 0 1 1 2.4358197253651594e-02 1.8036574475279541e-02 1.0002302892652870e+00 6.2270235563631010e-02 5.1535629421539442e-01 4.7006129294385687e+01 26
1 0 1 1 2.4347322135098125e-02 1.8030515060887289e-02 1.0002292259832370e+00 6.2267875922452559e-02 5.1624715870242244e-01 4.7056129313152887e+01 26
1 0 1 1 2.4336504390332355e-02 1.8024490969294926e-02 1.0002281589297410e+00 6.2265593879276715e-02 5.1713739650926582e-01 4.7106129332732159e+01 26
1 0 1 1 2.4325743873752134e-02 1.8018502105323530e-02 1.0002270883050524e+00 6.2263389023383242e-02 5.1802700812214453e-01 4.7156129353274679e+01 26
1 0 1 1 2.4315040439684545e-02 1.8012548373791720e-02 1.0002260143068957e+00 6.2261260944957986e-02 5.1891599402252486e-01 4.7206129374498303e+01 26
1 0 1 1 2.4304393942085365e-02 1.8006629679349108e-02 1.0002249371304106e+00 6.2259209235055873e-02 5.1980435471304776e-01 4.7256129397154879e+01 27
1 0 1 1 2.4293804235092639e-02 1.8000745926780710e-02 1.0002238569681909e+00 6.2257233485699226e-02 5.2069209067138722e-01 4.7306129420440236e+01 27
1 0 1 1 2.4283271172359174e-02 1.7994897020637189e-02 1.0002227740101963e+00 6.2255333289766207e-02 5.2157920240692068e-01 4.7356129445190795e+01 27
1 0 1 1 2.4272794607675053e-02 1.7989082865579292e-02 1.0002216884437998e+00 6.2253508241107147e-02 5.2246569040883950e-01 4.7406129470967393e+01 27
1 0 1 1 2.4262374394501542e-02 1.7983303366119599e-02 1.0002206004537246e+00 6.2251757934472990e-02 5.2335155518629051e-01 4.7456129498323442e+01 27
1 0 1 1 2.4252010386422898e-02 1.7977558426869877e-02 1.0002195102220797e+00 6.2250081965584514e-02 5.2423679722968508e-01 4.7506129526628769e+01 27
1 0 1 1 2.4241702436553846e-02 1.7971847952214584e-02 1.0002184179282840e+00 6.2248479931054757e-02 5.2512141706263848e-01 4.7556129557007360e+01 27
1 0 1 1 2.4231450398288515e-02 1.7966171846724173e-02 1.0002173237491379e+00 6.2246951428505004e-02 5.2600541517785249e-01 4.7606129588720982e+01 27
1 0 1 1 2.4229307645738551e-02 1.7964985929897478e-02 1.0002170940793067e+00 6.2246640193747864e-02 5.2619070887584207e-01 4.7616614488171905e+01 27
1 0 1 1 2.4227144930480688e-02 1.7963789116808397e-02 1.0002168619281484e+00 6.2246328960546896e-02 5.2637791637277453e-01 4.7627209250395644e+01 21
1 0 1 1 2.4227123200519340e-02 1.7963777092561722e-02 1.0002168595938616e+00 6.2246325848230449e-02 5.2637979830478632e-01 4.7627315763876801e+01 45
1 0 1 1 2.4227121027409499e-02 1.7963775890074946e-02 1.0002168593604188e+00 6.2246325536998819e-02 5.2637998650888340e-01 4.7627326415850426e+01 46
1 0 1 1 2.4227118854278563e-02 1.7963774687576647e-02 1.0002168591269733e+00 6.2246325225767188e-02 5.2638017471499998e-01 4.7627337067939969e+01 46
1 0 1 1 2.4227116681130170e-02 1.7963773485068925e-02 1.0002168588935259e+00 6.2246324914535564e-02 5.2638036292279888e-01 4.7627347720126174e+01 45
