isScalarized | massIncreased | isMonotoneInside | isMonotoneOutside | mass_Baryon | mass_ADM | AST(radius) | radius  |  phi_c | rho_c | ctr |
1 0 1 1 3.5141287756324434e-02 2.5035156279071068e-02 1.0000002976673643e+00 7.8561799999993423e-02 4.3207289850027870e-03 2.4122728845692382e+01 50
1 1 1 1 3.5140984825044651e-02 2.5035005337891238e-02 1.0000003516528617e+00 7.8561549999993430e-02 4.6962738575196733e-03 2.4122510280996632e+01 25
1 1 1 1 3.5140681893229539e-02 2.5034854395989140e-02 1.0000004056369094e+00 7.8561299999993436e-02 5.0439409086973251e-03 2.4122291714084039e+01 24
1 1 1 1 3.5140378960878162e-02 2.5034703453363175e-02 1.0000004596195073e+00 7.8561049999993443e-02 5.3691483681644094e-03 2.4122073144954872e+01 23
1 1 1 1 3.5140076027992240e-02 2.5034552510016191e-02 1.0000005136006560e+00 7.8560799999993450e-02 5.6757581941043458e-03 2.4121854573608616e+01 23
1 1 1 1 3.5092472038227324e-02 2.5010827051779400e-02 1.0000089771888581e+00 7.8521519599993456e-02 2.3771426990022684e-02 2.4087484817091141e+01 26
1 1 1 1 3.5044878410784727e-02 2.4987095492202231e-02 1.0000174007328477e+00 7.8482258840193456e-02 3.3154607680193710e-02 2.4053077918533162e+01 27
1 1 1 1 3.4997294920666798e-02 2.4963357708469133e-02 1.0000257842366218e+00 7.8443017710773361e-02 4.0430898597261913e-02 2.4018634314431335e+01 26
1 1 1 1 3.4951302314281264e-02 2.4940402827312243e-02 1.0000338510481426e+00 7.8405099433044911e-02 4.6405951156268672e-02 2.3985300983419304e+01 25
1 1 1 1 3.4905364870897328e-02 2.4917464928154016e-02 1.0000418724106059e+00 7.8367237483986107e-02 5.1701509089727024e-02 2.3951967652356434e+01 19
1 1 1 1 3.4859481640204762e-02 2.4894543558318109e-02 1.0000498485637050e+00 7.8329431213342127e-02 5.6508977229708206e-02 2.3918634321271082e+01 19
1 1 1 1 3.4813651666047232e-02 2.4871638261497495e-02 1.0000577797455361e+00 7.8291679968307382e-02 6.0944019508906704e-02 2.3885300990187119e+01 19
1 1 1 1 3.4767873986310815e-02 2.4848748577685712e-02 1.0000656661925853e+00 7.8253983093505480e-02 6.5082862298957891e-02 2.3851967659124959e+01 19
1 1 1 1 3.4722147632805574e-02 2.4825874043116678e-02 1.0000735081397181e+00 7.8216339930949286e-02 6.8978887026748606e-02 2.3818634328085938e+01 19
1 1 1 1 3.4676471631176285e-02 2.4803014190213243e-02 1.0000813058201607e+00 7.8178749820038751e-02 7.2671199741766349e-02 2.3785300997068262e+01 19
1 1 1 1 3.4630845000800853e-02 2.4780168547527889e-02 1.0000890594654848e+00 7.8141212097545903e-02 7.6189463805931251e-02 2.3751967666071987e+01 19
1 1 1 1 3.4585266754679836e-02 2.4757336639685969e-02 1.0000967693055927e+00 7.8103726097592280e-02 7.9556813040660951e-02 2.3718634335097484e+01 19
1 1 1 1 3.4539735899321737e-02 2.4734517987319873e-02 1.0001044355687017e+00 7.8066291151627193e-02 8.2791702267294806e-02 2.3685301004143934e+01 19
1 1 1 1 3.4494251434629759e-02 2.4711712107005689e-02 1.0001120584813286e+00 7.8028906588410052e-02 8.5909133727732470e-02 2.3651967673210983e+01 19
1 1 1 1 3.4448812353791533e-02 2.4688918511204600e-02 1.0001196382682718e+00 7.7991571733990794e-02 8.8921498843307190e-02 2.3618634342303064e+01 19
1 1 1 1 3.4403417643135085e-02 2.4666136708180523e-02 1.0001271751525991e+00 7.7954285911675109e-02 9.1839173225500947e-02 2.3585301011412081e+01 19
1 1 1 1 3.4355944756173699e-02 2.4642291183890080e-02 1.0001350193292815e+00 7.7915308768719271e-02 9.4801506093418794e-02 2.3550407266190579e+01 20
1 1 1 1 3.4310641311431599e-02 2.4619515818180723e-02 1.0001424690343585e+00 7.7878127861731317e-02 9.7551182137612102e-02 2.3517076019370656e+01 19
1 1 1 1 3.4265378753486432e-02 2.4596750701853628e-02 1.0001498766196002e+00 7.7840993566621997e-02 1.0022930026318103e-01 2.3483744535668400e+01 19
1 1 1 1 3.4217921662689693e-02 2.4572870752677538e-02 1.0001576053067793e+00 7.7802073069838690e-02 1.0296898795506840e-01 2.3448765196418755e+01 20
1 1 1 1 3.4172737792913931e-02 2.4550124114245644e-02 1.0001649275345381e+00 7.7765030643774602e-02 1.0551738288215698e-01 2.3415431865783745e+01 19
1 1 1 1 3.4127591934886736e-02 2.4527386317912535e-02 1.0001722082336917e+00 7.7728032995044161e-02 1.0800932369480148e-01 2.3382098535111247e+01 19
1 1 1 1 3.4082483023133422e-02 2.4504656839336992e-02 1.0001794476133503e+00 7.7691079427821719e-02 1.1044866543435859e-01 2.3348765204410753e+01 19
1 1 1 1 3.4037409984295920e-02 2.4481935149426048e-02 1.0001866458807520e+00 7.7654169243388471e-02 1.1283885304619659e-01 2.3315431873700224e+01 19
1 1 1 1 3.3992371736991212e-02 2.4459220714256814e-02 1.0001938032412390e+00 7.7617301740117495e-02 1.1518298009288128e-01 2.3282098543009749e+01 19
1 1 1 1 3.3947367191608360e-02 2.4436512994962207e-02 1.0002009198982444e+00 7.7580476213408273e-02 1.1748383709425514e-01 2.3248765212337311e+01 19
1 1 1 1 3.3902395250214330e-02 2.4413811447683287e-02 1.0002079960532635e+00 7.7543691955707761e-02 1.1974395164199458e-01 2.3215431881684676e+01 19
1 1 1 1 3.3857454806386064e-02 2.4391115523467382e-02 1.0002150319058287e+00 7.7506948256485908e-02 1.2196562194392362e-01 2.3182098551051794e+01 19
1 1 1 1 3.3812544745066633e-02 2.4368424668197188e-02 1.0002220276534883e+00 7.7470244402218946e-02 1.2415094506485554e-01 2.3148765220432793e+01 19
1 1 1 1 3.3767663942422962e-02 2.4345738322501077e-02 1.0002289834917755e+00 7.7433579676390307e-02 1.2630184085275040e-01 2.3115431889837669e+01 19
1 1 1 1 3.3722811265648564e-02 2.4323055921653586e-02 1.0002358996141913e+00 7.7396953359439025e-02 1.2842007233425914e-01 2.3082098559253925e+01 19
1 1 1 1 3.3677985572849248e-02 2.4300376895502619e-02 1.0002427762121693e+00 7.7360364728788655e-02 1.3050726318850323e-01 2.3048765228690307e+01 19
1 1 1 1 3.3633185712836633e-02 2.4277700668360158e-02 1.0002496134750554e+00 7.7323813058795432e-02 1.3256491280346286e-01 2.3015431898141891e+01 19
1 1 1 1 3.3588410524982258e-02 2.4255026658918228e-02 1.0002564115900758e+00 7.7287297620755202e-02 1.3459440930476432e-01 2.2982098567608713e+01 19
1 1 1 1 3.3543658839037538e-02 2.4232354280148586e-02 1.0002631707423093e+00 7.7250817682884110e-02 1.3659704088480054e-01 2.2948765237091045e+01 19
1 1 1 1 3.3498929474957903e-02 2.4209682939207503e-02 1.0002698911146584e+00 7.7214372510304052e-02 1.3857400569445574e-01 2.2915431906585724e+01 19
1 1 1 1 3.3454217468392278e-02 2.4187012037329911e-02 1.0002765728878171e+00 7.7177961365039127e-02 1.4052642051367778e-01 2.2882098576095139e+01 19
1 1 1 1 3.3409499125537798e-02 2.4164340969733161e-02 1.0002832162402413e+00 7.7141583505993566e-02 1.4245532838174738e-01 2.2848765245618324e+01 19
1 1 1 1 3.3364799778831979e-02 2.4141669125503862e-02 1.0002898213481162e+00 7.7105238188944492e-02 1.4436170533493523e-01 2.2815431915148174e+01 19
1 1 1 1 3.3320118205293535e-02 2.4118995887507898e-02 1.0002963883853195e+00 7.7068924666551741e-02 1.4624646637462135e-01 2.2782098584695415e+01 19
1 1 1 1 3.3275453171203957e-02 2.4096320632254732e-02 1.0003029175233946e+00 7.7032642188310352e-02 1.4811047077576153e-01 2.2748765254244827e+01 19
1 1 1 1 3.3230803431976638e-02 2.4073642729819333e-02 1.0003094089315046e+00 7.6996390000595827e-02 1.4995452681432123e-01 2.2715431923809401e+01 19
1 1 1 1 3.3186167731885256e-02 2.4050961543694346e-02 1.0003158627764070e+00 7.6960167346605157e-02 1.5177939599972171e-01 2.2682098593378619e+01 19
1 1 1 1 3.3141544803901649e-02 2.4028276430697357e-02 1.0003222792224087e+00 7.6923973466391349e-02 1.5358579686515000e-01 2.2648765262949691e+01 19
1 1 1 1 3.3096933369486999e-02 2.4005586740853485e-02 1.0003286584313267e+00 7.6887807596858371e-02 1.5537440837593863e-01 2.2615431932533461e+01 19
1 1 1 1 3.3052332138324668e-02 2.3982891817248310e-02 1.0003350005624563e+00 7.6851668971723075e-02 1.5714587300336627e-01 2.2582098602115913e+01 19
1 1 1 1 3.3007739808160082e-02 2.3960190995938196e-02 1.0003413057725208e+00 7.6815556821561215e-02 1.5890079949717667e-01 2.2548765271698148e+01 18
1 1 1 1 3.2963155064547084e-02 2.3937483605802775e-02 1.0003475742156318e+00 7.6779470373792291e-02 1.6063976539828248e-01 2.2515431941285613e+01 18
1 1 1 1 3.2918576580603529e-02 2.3914768968415857e-02 1.0003538060432502e+00 7.6743408852665451e-02 1.6236331931907935e-01 2.2482098610868370e+01 18
1 1 1 1 3.2874003016808179e-02 2.3892046397927989e-02 1.0003600014041334e+00 7.6707371479294240e-02 1.6407198301441933e-01 2.2448765280449479e+01 18
1 1 1 1 3.2829433020731512e-02 2.3869315200914620e-02 1.0003661604442953e+00 7.6671357471642776e-02 1.6576625327095501e-01 2.2415431950022821e+01 18
1 1 1 1 3.2784865226814744e-02 2.3846574676252973e-02 1.0003722833069530e+00 7.6635366044552733e-02 1.6744660362969310e-01 2.2382098619593133e+01 18
1 1 1 1 3.2740298256089491e-02 2.3823824114967012e-02 1.0003783701324820e+00 7.6599396409731457e-02 1.6911348596356787e-01 2.2348765289151185e+01 18
1 1 1 1 3.2695730715951339e-02 2.3801062800098902e-02 1.0003844210583615e+00 7.6563447775792159e-02 1.7076733192042293e-01 2.2315431958697957e+01 18
1 1 1 1 3.2651161199880756e-02 2.3778290006552787e-02 1.0003904362191234e+00 7.6527519348255635e-02 1.7240855424921694e-01 2.2282098628230063e+01 18
1 1 1 1 3.2606588287181798e-02 2.3755505000947658e-02 1.0003964157462966e+00 7.6491610329576271e-02 1.7403754801815782e-01 2.2248765297747468e+01 18
1 1 1 1 3.2559080613831906e-02 2.3731194323498607e-02 1.0004027503615069e+00 7.6453364524411482e-02 1.7576055950874991e-01 2.2213240974832296e+01 18
1 1 1 1 3.2514502365838450e-02 2.3708366920039022e-02 1.0004086574289583e+00 7.6417501622869977e-02 1.7736523986747432e-01 2.2179911972681772e+01 18
1 1 1 1 3.2466976416725531e-02 2.3684018673269455e-02 1.0004149151869111e+00 7.6379292872058538e-02 1.7906348810006259e-01 2.2144385614153716e+01 18
1 1 1 1 3.2419440871498582e-02 2.3659653736873489e-02 1.0004211329423531e+00 7.6341103225622514e-02 1.8074947379655515e-01 2.2108860098826909e+01 18
1 1 1 1 3.2374827251498886e-02 2.3636775753799338e-02 1.0004269308993556e+00 7.6305285832446224e-02 1.8232065276821358e-01 2.2075526768526512e+01 18
1 1 1 1 3.2330201078735146e-02 2.3613880949033335e-02 1.0004326940021513e+00 7.6269482778785563e-02 1.8388171993131386e-01 2.2042193438037049e+01 18
1 1 1 1 3.2285560822307505e-02 2.3590968524169021e-02 1.0004384223580371e+00 7.6233693246516465e-02 1.8543297145488163e-01 2.2008860107395495e+01 18
1 1 1 1 3.2240904934741375e-02 2.3568037671180195e-02 1.0004441160707935e+00 7.6197916414749822e-02 1.8697469288908061e-01 2.1975526776666410e+01 18
1 1 1 1 3.2196231851591893e-02 2.3545087572208259e-02 1.0004497752406198e+00 7.6162151459827410e-02 1.8850715977030869e-01 2.1942193445892908e+01 18
1 1 1 1 3.2151539991066111e-02 2.3522117399349878e-02 1.0004553999640640e+00 7.6126397555347142e-02 1.9003063818517640e-01 2.1908860115060378e+01 18
1 1 1 1 3.2106827753780126e-02 2.3499126314515610e-02 1.0004609903339305e+00 7.6090653872304653e-02 1.9154538529195370e-01 2.1875526784176675e+01 18
1 1 1 1 3.2062093522351988e-02 2.3476113469204803e-02 1.0004665464392080e+00 7.6054919579116198e-02 1.9305164981380693e-01 2.1842193453224674e+01 18
1 1 1 1 3.2017335661105366e-02 2.3453078004338632e-02 1.0004720683649757e+00 7.6019193841737720e-02 1.9454967249629518e-01 2.1808860122210636e+01 18
1 1 1 1 3.1972552515638540e-02 2.3430019050018062e-02 1.0004775561923254e+00 7.5983475823699825e-02 1.9603968654040319e-01 2.1775526791117176e+01 18
1 1 1 1 3.1927742412514996e-02 2.3406935725350367e-02 1.0004830099982640e+00 7.5947764686237429e-02 1.9752191800478447e-01 2.1742193459949359e+01 18
1 1 1 1 3.1882903658817754e-02 2.3383827138198681e-02 1.0004884298556280e+00 7.5912059588340269e-02 1.9899658618749511e-01 2.1708860128692653e+01 18
1 1 1 1 3.1838034541808821e-02 2.3360692384993699e-02 1.0004938158329812e+00 7.5876359686884970e-02 2.0046390398178854e-01 2.1675526797345412e+01 18
1 1 1 1 3.1793133328491624e-02 2.3337530550485090e-02 1.0004991679945199e+00 7.5840664136720026e-02 2.0192407821343009e-01 2.1642193465898092e+01 18
1 1 1 1 3.1748176030216048e-02 2.3314340707526131e-02 1.0005044863999675e+00 7.5804972090791900e-02 2.0337730995734704e-01 2.1608860134343018e+01 18
1 1 1 1 3.1703175086105408e-02 2.3291121916832080e-02 1.0005097711044688e+00 7.5769282700266727e-02 2.0482379483677676e-01 2.1575526802676801e+01 18
1 1 1 1 3.1658136974284774e-02 2.3267873226737752e-02 1.0005150221584818e+00 7.5733595114648444e-02 2.0626372330664863e-01 2.1542193470884200e+01 18
1 1 1 1 3.1613059875197150e-02 2.3244593672957971e-02 1.0005202396076600e+00 7.5697908481943077e-02 2.0769728091991863e-01 2.1508860138963140e+01 18
1 1 1 1 3.1567941946909900e-02 2.3221282278327825e-02 1.0005254234927385e+00 7.5662221948784303e-02 2.0912464858173588e-01 2.1475526806901374e+01 18
1 1 1 1 3.1522781324666238e-02 2.3197938052547166e-02 1.0005305738494090e+00 7.5626534660608091e-02 2.1054600278902227e-01 2.1442193474686828e+01 18
1 1 1 1 3.1477576120425392e-02 2.3174559991925414e-02 1.0005356907081941e+00 7.5590845761829228e-02 2.1196151585781822e-01 2.1408860142316971e+01 18
1 1 1 1 3.1432324422342429e-02 2.3151147079088774e-02 1.0005407740943180e+00 7.5555154395999774e-02 2.1337135614097685e-01 2.1375526809769131e+01 18
1 1 1 1 3.1387024294336249e-02 2.3127698282738980e-02 1.0005458240275662e+00 7.5519459706045455e-02 2.1477568823202950e-01 2.1342193477046521e+01 18
1 1 1 1 3.1341673775511981e-02 2.3104212557332297e-02 1.0005508405221519e+00 7.5483760834421487e-02 2.1617467316350508e-01 2.1308860144124228e+01 18
1 1 1 1 3.1296270879704637e-02 2.3080688842817595e-02 1.0005558235865630e+00 7.5448056923383217e-02 2.1756846859190956e-01 2.1275526810995288e+01 18
1 1 1 1 3.1248248150058017e-02 2.3055795941732973e-02 1.0005610513862286e+00 7.5410332894921522e-02 2.1903540793616422e-01 2.1240313483332752e+01 18
1 1 1 1 3.1200196051524458e-02 2.3030875658556726e-02 1.0005662382514593e+00 7.5372627728474056e-02 2.2049588397711156e-01 2.1205124841096545e+01 18
1 1 1 1 3.1152113540021658e-02 2.3005927437342952e-02 1.0005713841152193e+00 7.5334941414609821e-02 2.2195004467364546e-01 2.1169961800052917e+01 18
1 1 1 1 3.1103999546610330e-02 2.2980950708833086e-02 1.0005764889073052e+00 7.5297273943902510e-02 2.2339803467686337e-01 2.1134825270063239e+01 18
1 1 1 1 3.1055852976724519e-02 2.2955944890032207e-02 1.0005815525542252e+00 7.5259625306930561e-02 2.2483999552471223e-01 2.1099716154499859e+01 18
1 1 1 1 3.1007671959144438e-02 2.2930905943897600e-02 1.0005865754413590e+00 7.5221995494277091e-02 2.2627608602941224e-01 2.1064634780198816e+01 18
1 1 1 1 3.0959451916208816e-02 2.2905817497098465e-02 1.0005915596273969e+00 7.5184384496529949e-02 2.2770653350986664e-01 2.1029579446128668e+01 18
1 1 1 1 3.0913536049275644e-02 2.2881916730618266e-02 1.0005962637810679e+00 7.5148614218398829e-02 2.2906241354805926e-01 2.0996251456406810e+01 18
1 1 1 1 3.0865244697602979e-02 2.2856767707399979e-02 1.0006011671374666e+00 7.5111039911289632e-02 2.3048200655127873e-01 2.0961255759652829e+01 18
1 1 1 1 3.0816914998066540e-02 2.2831586679216094e-02 1.0006060289405423e+00 7.5073484391333989e-02 2.3189622866035445e-01 2.0926291898322329e+01 18
1 1 1 1 3.0768545685288747e-02 2.2806372970907537e-02 1.0006108490937664e+00 7.5035947649138318e-02 2.3330520659438250e-01 2.0891360723694170e+01 18
1 1 1 1 3.0720135461998348e-02 2.2781125890176480e-02 1.0006156274963711e+00 7.4998429675313755e-02 2.3470906512446488e-01 2.0856463076018578e+01 18
1 1 1 1 3.0671682997970070e-02 2.2755844727014959e-02 1.0006203640431914e+00 7.4960930460476097e-02 2.3610792722126678e-01 2.0821599783783579e+01 18
1 1 1 1 3.0623186928914355e-02 2.2730528753094680e-02 1.0006250586244996e+00 7.4923449995245861e-02 2.3750191419779770e-01 2.0786771662982268e+01 18
1 1 1 1 3.0574645855322487e-02 2.2705177221145064e-02 1.0006297111258335e+00 7.4885988270248241e-02 2.3889114584921345e-01 2.0751979516344630e+01 18
1 1 1 1 3.0526058341258988e-02 2.2679789364293906e-02 1.0006343214278184e+00 7.4848545276113121e-02 2.4027574058901091e-01 2.0717224132559213e+01 18
1 1 1 1 3.0477422913094583e-02 2.2654364395380142e-02 1.0006388894059812e+00 7.4811121003475062e-02 2.4165581558265767e-01 2.0682506285465376e+01 18
1 1 1 1 3.0428738058184260e-02 2.2628901506232344e-02 1.0006434149305570e+00 7.4773715442973329e-02 2.4303148687850898e-01 2.0647826733228836e+01 18
1 1 1 1 3.0380002223485403e-02 2.2603399866923765e-02 1.0006478978662876e+00 7.4736328585251838e-02 2.4440286953684309e-01 2.0613186217485350e+01 18
1 1 1 1 3.0331213814103895e-02 2.2577858624976962e-02 1.0006523380722121e+00 7.4698960420959207e-02 2.4577007775676221e-01 2.0578585462467920e+01 18
1 1 1 1 3.0282361735227577e-02 2.2552276904545390e-02 1.0006567354014477e+00 7.4661610940748732e-02 2.4713322500169804e-01 2.0544025174104110e+01 18
1 1 1 1 3.0233429732069345e-02 2.2526653805544916e-02 1.0006610897009616e+00 7.4624280135278359e-02 2.4849242412376091e-01 2.0509506039085263e+01 18
1 1 1 1 3.0184440408530137e-02 2.2500988402750347e-02 1.0006654008113327e+00 7.4586967995210723e-02 2.4984778748737252e-01 2.0475028723902348e+01 18
1 1 1 1 3.0135391985189011e-02 2.2475279744840364e-02 1.0006696685665026e+00 7.4549674511213124e-02 2.5119942709183085e-01 2.0440593873863975e+01 18
1 1 1 1 3.0086282632416111e-02 2.2449526853400195e-02 1.0006738927935162e+00 7.4512399673957522e-02 2.5254745469430978e-01 2.0406202112064655e+01 18
1 1 1 1 3.0037110468443030e-02 2.2423728721873336e-02 1.0006780733122482e+00 7.4475143474120542e-02 2.5389198193224322e-01 2.0371854038335776e+01 18
1 1 1 1 2.9987873557322606e-02 2.2397884314456582e-02 1.0006822099351207e+00 7.4437905902383486e-02 2.5523312044681534e-01 2.0337550228142323e+01 18
1 1 1 1 2.9938569906795547e-02 2.2371992564939568e-02 1.0006863024668027e+00 7.4400686949432290e-02 2.5657098200629624e-01 2.0303291231462762e+01 18
1 1 1 1 2.9889197466032757e-02 2.2346052375486411e-02 1.0006903507039002e+00 7.4363486605957568e-02 2.5790567863143576e-01 2.0269077571602121e+01 18
1 1 1 1 2.9839754123264346e-02 2.2320062615343802e-02 1.0006943544346270e+00 7.4326304862654596e-02 2.5923732272124977e-01 2.0234909743987103e+01 18
1 1 1 1 2.9790237703276934e-02 2.2294022119493141e-02 1.0006983134384619e+00 7.4289141710223272e-02 2.6056602718151406e-01 2.0200788214889364e+01 18
1 1 1 1 2.9740645964775377e-02 2.2267929687213216e-02 1.0007022274857882e+00 7.4251997139368156e-02 2.6189190555441694e-01 2.0166713420124154e+01 18
1 1 1 1 2.9690976597598704e-02 2.2241784080578163e-02 1.0007060963375141e+00 7.4214871140798472e-02 2.6321507215142320e-01 2.0132685763676829e+01 17
1 1 1 1 2.9641227219774264e-02 2.2215584022862098e-02 1.0007099197446743e+00 7.4177763705228078e-02 2.6453564218894460e-01 2.0098705616275282e+01 17
1 1 1 1 2.9591392485778148e-02 2.2189315253223263e-02 1.0007136994464236e+00 7.4140674823375469e-02 2.6585379914692026e-01 2.0064771363040485e+01 17
1 1 1 1 2.9542291389263283e-02 2.2163411354886187e-02 1.0007173739234290e+00 7.4104213577389472e-02 2.6714804384786706e-01 2.0031440124452427e+01 17
1 1 1 1 2.9493035224566914e-02 2.2137413876884789e-02 1.0007210088135960e+00 7.4067718163402463e-02 2.6844195968684831e-01 1.9998108213970447e+01 17
1 1 1 1 2.9442938006291854e-02 2.2110960435766085e-02 1.0007246529698275e+00 7.4030684304320762e-02 2.6975350440991636e-01 1.9964316062392310e+01 17
1 1 1 1 2.9392747811061760e-02 2.2084445751181819e-02 1.0007282502786805e+00 7.3993668962168607e-02 2.7106304128898928e-01 1.9930572780542846e+01 17
1 1 1 1 2.9342461756007160e-02 2.2057868275198025e-02 1.0007318004218770e+00 7.3956672127687528e-02 2.7237069403402681e-01 1.9896878506658396e+01 17
1 1 1 1 2.9292076860537527e-02 2.2031226407081269e-02 1.0007353030678163e+00 7.3919693791623678e-02 2.7367658832300573e-01 1.9863233333809795e+01 17
1 1 1 1 2.9241590041668389e-02 2.2004518490773353e-02 1.0007387578709608e+00 7.3882733944727871e-02 2.7498085197806466e-01 1.9829637307844919e+01 17
1 1 1 1 2.9190998109050410e-02 2.1977742812208708e-02 1.0007421644711862e+00 7.3845792577755504e-02 2.7628361514959726e-01 1.9796090425218114e+01 17
1 1 1 1 2.9140297759674125e-02 2.1950897596456017e-02 1.0007455224930935e+00 7.3808869681466632e-02 2.7758501050900003e-01 1.9762592630699594e+01 17
1 1 1 1 2.9089485572230938e-02 2.1923981004677691e-02 1.0007488315452746e+00 7.3771965246625895e-02 2.7888517345099301e-01 1.9729143814952625e+01 17
1 1 1 1 2.9038558001096226e-02 2.1896991130880641e-02 1.0007520912195371e+00 7.3735079264002579e-02 2.8018424230608113e-01 1.9695743811976833e+01 17
1 1 1 1 2.8987511369905863e-02 2.1869925998454672e-02 1.0007553010900754e+00 7.3698211724370577e-02 2.8148235856490850e-01 1.9662392396386203e+01 17
1 1 1 1 2.8936310366014746e-02 2.1842783556480096e-02 1.0007584607125901e+00 7.3661362618508391e-02 2.8277966711444263e-01 1.9629089280537304e+01 17
1 1 1 1 2.8884978333235743e-02 2.1815561675760403e-02 1.0007615696233487e+00 7.3624531937199131e-02 2.8407631648865156e-01 1.9595834111457648e+01 17
1 1 1 1 2.8833515662383687e-02 2.1788258144599532e-02 1.0007646273381829e+00 7.3587719671230525e-02 2.8537245913352649e-01 1.9562626467592619e+01 17
1 1 1 1 2.8781918079227028e-02 2.1760870664257470e-02 1.0007676333514175e+00 7.3550925811394913e-02 2.8666825168912713e-01 1.9529465855324151e+01 17
1 1 1 1 2.8730181139295166e-02 2.1733396844086386e-02 1.0007705871347241e+00 7.3514150348489210e-02 2.8796385528934804e-01 1.9496351705262434e+01 17
1 1 1 1 2.8678300218169254e-02 2.1705834196306197e-02 1.0007734881358950e+00 7.3477393273314970e-02 2.8925943588187703e-01 1.9463283368271131e+01 17
1 1 1 1 2.8626270501042331e-02 2.1678180130381527e-02 1.0007763357775252e+00 7.3440654576678310e-02 2.9055516456960501e-01 1.9430260111219550e+01 17
1 1 1 1 2.8574086971470902e-02 2.1650431946972533e-02 1.0007791294556023e+00 7.3403934249389971e-02 2.9185121797661501e-01 1.9397281112409182e+01 17
1 1 1 1 2.8521744399260179e-02 2.1622586831416563e-02 1.0007818685379843e+00 7.3367232282265271e-02 2.9314777863998376e-01 1.9364345456674361e+01 17
1 1 1 1 2.8469237327378872e-02 2.1594641846692679e-02 1.0007845523627670e+00 7.3330548666124137e-02 2.9444503543107980e-01 1.9331452130097286e+01 17
1 1 1 1 2.8416560057813137e-02 2.1566593925816717e-02 1.0007871802365194e+00 7.3293883391791076e-02 2.9574318400902744e-01 1.9298600014307603e+01 17
1 1 1 1 2.8363704606538139e-02 2.1538431233949582e-02 1.0007897528496574e+00 7.3257236450095187e-02 2.9704247069704942e-01 1.9265786674932169e+01 17
1 1 1 1 2.8310662413678130e-02 2.1510140527386666e-02 1.0007922710740484e+00 7.3220607831870135e-02 2.9834315559713670e-01 1.9233009409764161e+01 17
1 1 1 1 2.8256470829582221e-02 2.1481224354948675e-02 1.0007947748110149e+00 7.3183338303264900e-02 2.9966883328420230e-01 1.9199680018773726e+01 17
1 1 1 1 2.8203040482326847e-02 2.1452702177426865e-02 1.0007971746117359e+00 7.3146746634113260e-02 3.0097282648844981e-01 1.9166976229861444e+01 17
1 1 1 1 2.8149407142435235e-02 2.1424059563265561e-02 1.0007995144158315e+00 7.3110173260796205e-02 3.0227881334561557e-01 1.9134306285817711e+01 17
1 1 1 1 2.8095563285530561e-02 2.1395292460255198e-02 1.0008017932928015e+00 7.3073618174165800e-02 3.0358704232717698e-01 1.9101668288340900e+01 17
1 1 1 1 2.8041501006172947e-02 2.1366396610977525e-02 1.0008040102633404e+00 7.3037081365078721e-02 3.0489777312521343e-01 1.9069060178538557e+01 17
1 1 1 1 2.7987211989991642e-02 2.1337367537850666e-02 1.0008061642959305e+00 7.3000562824396181e-02 3.0621127752846911e-01 1.9036479725773397e+01 17
1 1 1 1 2.7932687483125218e-02 2.1308200526736432e-02 1.0008082543031143e+00 7.2964062542983987e-02 3.0752784038200470e-01 1.9003924515427755e+01 17
1 1 1 1 2.7877918258647900e-02 2.1278890608930765e-02 1.0008102791374092e+00 7.2927580511712498e-02 3.0884776064052366e-01 1.8971391935457564e+01 17
1 1 1 1 2.7822894579602804e-02 2.1249432541343805e-02 1.0008122375868185e+00 7.2891116721456636e-02 3.1017135252760447e-01 1.8938879161570387e+01 17
1 1 1 1 2.7767570501175204e-02 2.1219820784634767e-02 1.0008141283698910e+00 7.2854671163095908e-02 3.1149894681342805e-01 1.8906383140873668e+01 17
1 1 1 1 2.7711966564461898e-02 2.1190049479052547e-02 1.0008159501302694e+00 7.2818243827514353e-02 3.1283089222773997e-01 1.8873900573761091e+01 17
1 1 1 1 2.7656075756489346e-02 2.1160112417657501e-02 1.0008177014306623e+00 7.2781834705600595e-02 3.1416755702491306e-01 1.8841427893829721e+01 17
1 1 1 1 2.7599885843481334e-02 2.1130003016584246e-02 1.0008193807461612e+00 7.2745443788247793e-02 3.1550933072299847e-01 1.8808961245530512e+01 17
1 1 1 1 2.7543383828403205e-02 2.1099714281941944e-02 1.0008209864568149e+00 7.2709071066353673e-02 3.1685662604015680e-01 1.8776496459255913e+01 17
1 1 1 1 2.7486555881923308e-02 2.1069238772848546e-02 1.0008225168393525e+00 7.2672716530820497e-02 3.1820988105786197e-01 1.8744029023470421e+01 17
1 1 1 1 2.7429387265119669e-02 2.1038568560058639e-02 1.0008239700579373e+00 7.2636380172555082e-02 3.1956956164378914e-01 1.8711554053457068e+01 17
1 1 1 1 2.7371862242687641e-02 2.1007695179512828e-02 1.0008253441538015e+00 7.2600061982468808e-02 3.2093616417330689e-01 1.8679066256174558e+01 17
1 1 1 1 2.7313963985154083e-02 2.0976609580017652e-02 1.0008266370335956e+00 7.2563761951477568e-02 3.2231021859747871e-01 1.8646559890582218e+01 17
1 1 1 1 2.7255670286458738e-02 2.0945285853394727e-02 1.0008278491272462e+00 7.2527480070501832e-02 3.2369237830855274e-01 1.8614026544120623e+01 17
1 1 1 1 2.7195579541646434e-02 2.0912970488089069e-02 1.0008290033850915e+00 7.2490365860073736e-02 3.2511598632475480e-01 1.8580695107632131e+01 17
1 1 1 1 2.7135110177917553e-02 2.0880439609847055e-02 1.0008300636701382e+00 7.2453315743381264e-02 3.2654758353426133e-01 1.8547363323031746e+01 17
1 1 1 1 2.7075494929131676e-02 2.0848356808311656e-02 1.0008310085314154e+00 7.2417089085509576e-02 3.2795819553649630e-01 1.8514708046536370e+01 17
1 1 1 1 2.7015400226766142e-02 2.0816004797361305e-02 1.0008318589883987e+00 7.2380880540966822e-02 3.2937958998845729e-01 1.8481996575776982e+01 16
1 1 1 1 2.6954799628673615e-02 2.0783369368361494e-02 1.0008326117782422e+00 7.2344690100696343e-02 3.3081259406233937e-01 1.8449219237866473e+01 16
1 1 1 1 2.6893664392083065e-02 2.0750435080285384e-02 1.0008332633610388e+00 7.2308517755645993e-02 3.3225810647588871e-01 1.8416365418217040e+01 16
1 1 1 1 2.6831963181374846e-02 2.0717185103586694e-02 1.0008338098855427e+00 7.2272363496768174e-02 3.3371710671652516e-01 1.8383423440114360e+01 16
1 1 1 1 2.6769648707058464e-02 2.0683601037616049e-02 1.0008342471491529e+00 7.2236227315019788e-02 3.3519066584042129e-01 1.8350380423573224e+01 16
1 1 1 1 2.6706661911592194e-02 2.0649662695873348e-02 1.0008345705509276e+00 7.2200109201362273e-02 3.3667995918917842e-01 1.8317222118935057e+01 16
1 1 1 1 2.6642995995521581e-02 2.0615347851893524e-02 1.0008347750360811e+00 7.2164009146761590e-02 3.3818628145569607e-01 1.8283932709506015e+01 16
1 1 1 1 2.6578605144016523e-02 2.0580631936545187e-02 1.0008348550299795e+00 7.2127927142188214e-02 3.3971106465263612e-01 1.8250494575903772e+01 16
1 1 1 1 2.6513438480399238e-02 2.0545487674879861e-02 1.0008348043590927e+00 7.2091863178617113e-02 3.4125589969564296e-01 1.8216888012686546e+01 16
1 1 1 1 2.6447439242985052e-02 2.0509884647064481e-02 1.0008346161555817e+00 7.2055817247027809e-02 3.4282256253165755e-01 1.8183090884924866e+01 16
1 1 1 1 2.6380543781211439e-02 2.0473788753042132e-02 1.0008342827411649e+00 7.2019789338404291e-02 3.4441304603690492e-01 1.8149078208480599e+01 16
1 1 1 1 2.6312679457818240e-02 2.0437158643608500e-02 1.0008337959368820e+00 7.1983779443735088e-02 3.4602961761515361e-01 1.8114821227588994e+01 16
1 1 1 1 2.6243754211435006e-02 2.0399915308393999e-02 1.0008331514403539e+00 7.1947787554013223e-02 3.4767505812689853e-01 1.8080282636669136e+01 17
1 1 1 1 2.6176766164202385e-02 2.0363711722053559e-02 1.0008323717072523e+00 7.1913381663849252e-02 3.4927823896479093e-01 1.8046957078096472e+01 16
1 1 1 1 2.6105505053613916e-02 2.0325192093386978e-02 1.0008313733937471e+00 7.1877424973017329e-02 3.5098855860141370e-01 1.8011764869256162e+01 17
1 1 1 1 2.6032875409390470e-02 2.0285926682219846e-02 1.0008301734986635e+00 7.1841486260530815e-02 3.5273753331567176e-01 1.7976168120621388e+01 17
1 1 1 1 2.5958732475077850e-02 2.0245838069544570e-02 1.0008287549126451e+00 7.1805565517400555e-02 3.5452972570048918e-01 1.7940108005622189e+01 17
1 1 1 1 2.5882904808894675e-02 2.0204834602522499e-02 1.0008270974483342e+00 7.1769662734641859e-02 3.5637054767656029e-01 1.7903514482648006e+01 17
1 1 1 1 2.5805128159619332e-02 2.0162806420817008e-02 1.0008251769907885e+00 7.1733777903274537e-02 3.5826649962602281e-01 1.7866303121533377e+01 17
1 1 1 1 2.5725206836699922e-02 2.0119619929263852e-02 1.0008229643177675e+00 7.1697911014322893e-02 3.6022550348202775e-01 1.7828370678538924e+01 17
1 1 1 1 2.5642834803781989e-02 2.0075109902264243e-02 1.0008204234174733e+00 7.1662062058815729e-02 3.6225737919769790e-01 1.7789588759950050e+01 17
1 1 1 1 2.5557621171439227e-02 2.0029067846230781e-02 1.0008175090133455e+00 7.1626231027786327e-02 3.6437454800880809e-01 1.7749794459860265e+01 18
1 1 1 1 2.5469060307085192e-02 1.9981224191615958e-02 1.0008141627830818e+00 7.1590417912272428e-02 3.6659311009728573e-01 1.7708775998769113e+01 18
1 1 1 1 2.5376454282567566e-02 1.9931158216311855e-02 1.0008103152085408e+00 7.1554622703316292e-02 3.6893513374701858e-01 1.7666239333624365e+01 18
1 1 1 1 2.5303357133656501e-02 1.9891650333286527e-02 1.0008070115493257e+00 7.1527624199169998e-02 3.7080152014774576e-01 1.7632908563651910e+01 16
1 1 1 1 2.5293433661555131e-02 1.9886287829549848e-02 1.0008065444681100e+00 7.1524047817960040e-02 3.7105619089128467e-01 1.7628399752906873e+01 16
1 1 1 1 2.5283449912411118e-02 1.9880893010767901e-02 1.0008060700077204e+00 7.1520471615569139e-02 3.7131273287375599e-01 1.7623867357949585e+01 16
1 1 1 1 2.5273404325153917e-02 1.9875465045348588e-02 1.0008055879907658e+00 7.1516895591988358e-02 3.7157119616979412e-01 1.7619310714100745e+01 16
1 1 1 1 2.5263295270434343e-02 1.9870003065370789e-02 1.0008050982321790e+00 7.1513319747208759e-02 3.7183163305666905e-01 1.7614729127265541e+01 16
1 1 1 1 2.5253121046380365e-02 1.9864506164326085e-02 1.0008046005387399e+00 7.1509744081221405e-02 3.7209409815160005e-01 1.7610121872097452e+01 16
1 1 1 1 2.5242879873969653e-02 1.9858973394660140e-02 1.0008040947085597e+00 7.1506168594017344e-02 3.7235864856149514e-01 1.7605488189990677e+01 15
1 1 1 1 2.5232569892072287e-02 1.9853403765132231e-02 1.0008035805305247e+00 7.1502593285587640e-02 3.7262534404325420e-01 1.7600827286938618e+01 15
1 1 1 1 2.5222189152005185e-02 1.9847796237925337e-02 1.0008030577836879e+00 7.1499018155923355e-02 3.7289424718014680e-01 1.7596138331167069e+01 15
1 1 1 1 2.5211735611679536e-02 1.9842149725528172e-02 1.0008025262366149e+00 7.1495443205015566e-02 3.7316542357108962e-01 1.7591420450603763e+01 15
1 1 1 1 2.5201207129177741e-02 1.9836463087324063e-02 1.0008019856466654e+00 7.1491868432855321e-02 3.7343894203865508e-01 1.7586672730088861e+01 15
1 1 1 1 2.5190601455812745e-02 1.9830735125898835e-02 1.0008014357592172e+00 7.1488293839433684e-02 3.7371487485371996e-01 1.7581894208370095e+01 15
1 1 1 1 2.5179916228490536e-02 1.9824964582978891e-02 1.0008008763068130e+00 7.1484719424741716e-02 3.7399329798273778e-01 1.7577083874787309e+01 15
1 1 1 1 2.5169148961388468e-02 1.9819150135010045e-02 1.0008003070082307e+00 7.1481145188770481e-02 3.7427429135727119e-01 1.7572240665661496e+01 15
1 1 1 1 2.5158297036859675e-02 1.9813290388316716e-02 1.0007997275674672e+00 7.1477571131511042e-02 3.7455793916843055e-01 1.7567363460353249e+01 15
1 1 1 1 2.5147357695400937e-02 1.9807383873771529e-02 1.0007991376726175e+00 7.1473997252954460e-02 3.7484433019192581e-01 1.7562451076903958e+01 15
1 1 1 1 2.5136328024644883e-02 1.9801429040942283e-02 1.0007985369946462e+00 7.1470423553091814e-02 3.7513355814456495e-01 1.7557502267258812e+01 15
1 1 1 1 2.5125204947260057e-02 1.9795424251656691e-02 1.0007979251860357e+00 7.1466850031914164e-02 3.7542572207624203e-01 1.7552515712017083e+01 15
1 1 1 1 2.5113985207498534e-02 1.9789367772855889e-02 1.0007973018792862e+00 7.1463276689412575e-02 3.7572092680591529e-01 1.7547490014581747e+01 15
1 1 1 1 2.5102665356417649e-02 1.9783257768729925e-02 1.0007966666852641e+00 7.1459703525578108e-02 3.7601928340029428e-01 1.7542423694749814e+01 15
1 1 1 1 2.5091241735391987e-02 1.9777092291962017e-02 1.0007960191913647e+00 7.1456130540401827e-02 3.7632090970842824e-01 1.7537315181540691e+01 15
1 1 1 1 2.5079708000541538e-02 1.9770869273997429e-02 1.0007953589594698e+00 7.1452557733874808e-02 3.7662593095422164e-01 1.7532162805254853e+01 15
1 1 1 1 2.5068054826601526e-02 1.9764586514197685e-02 1.0007946855236729e+00 7.1448985105988114e-02 3.7693448039837335e-01 1.7526964788596722e+01 15
1 1 1 1 2.5056285376933385e-02 1.9758241667701987e-02 1.0007939983877314e+00 7.1445412656732821e-02 3.7724670007851835e-01 1.7521719236748474e+01 15
1 1 1 1 2.5044394945117929e-02 1.9751832231834750e-02 1.0007932970222171e+00 7.1441840386099978e-02 3.7756274163816522e-01 1.7516424126255533e+01 15
1 1 1 1 2.5032378498900693e-02 1.9745355530794238e-02 1.0007925808613043e+00 7.1438268294080676e-02 3.7788276726108566e-01 1.7511077292490349e+01 15
1 1 1 1 2.5020230647712919e-02 1.9738808698398846e-02 1.0007918492991532e+00 7.1434696380665977e-02 3.7820695072379851e-01 1.7505676415536659e+01 15
1 1 1 1 2.5007945605868165e-02 1.9732188658541518e-02 1.0007911016858113e+00 7.1431124645846944e-02 3.7853547858852127e-01 1.7500219004183723e+01 15
1 1 1 1 2.4995517150777437e-02 1.9725492102993382e-02 1.0007903373225626e+00 7.1427553089614654e-02 3.7886855155756533e-01 1.7494702377756049e+01 15
1 1 1 1 2.4982938575282044e-02 1.9718715466092270e-02 1.0007895554566220e+00 7.1423981711960169e-02 3.7920638601884804e-01 1.7489123645373883e+01 15
1 1 1 1 2.4970202633092409e-02 1.9711854895760498e-02 1.0007887552750634e+00 7.1420410512874566e-02 3.7954921581481121e-01 1.7483479682215570e+01 15
1 1 1 1 2.4957301476059637e-02 1.9704906220194125e-02 1.0007879358978424e+00 7.1416839492348921e-02 3.7989729427667512e-01 1.7477767102215104e+01 15
1 1 1 1 2.4944226581758867e-02 1.9697864909400647e-02 1.0007870963697394e+00 7.1413268650374298e-02 3.8025089657294092e-01 1.7471982226541638e+01 15
1 1 1 1 2.4930968669424947e-02 1.9690726030560133e-02 1.0007862356510113e+00 7.1409697986941773e-02 3.8061032243619963e-01 1.7466121046993301e+01 15
1 1 1 1 2.4917517601954368e-02 1.9683484195980015e-02 1.0007853526064960e+00 7.1406127502042421e-02 3.8097589934204057e-01 1.7460179183322094e+01 15
1 1 1 1 2.4903862270952312e-02 1.9676133502050819e-02 1.0007844459928323e+00 7.1402557195667321e-02 3.8134798623857302e-01 1.7454151833158015e+01 15
1 1 1 1 2.4889990461189452e-02 1.9668667457271676e-02 1.0007835144433959e+00 7.1398987067807534e-02 3.8172697794451038e-01 1.7448033712954356e+01 15
1 1 1 1 2.4875888689675590e-02 1.9661078896792566e-02 1.0007825564504151e+00 7.1395417118454138e-02 3.8211331037141588e-01 1.7441818987856596e+01 15
1 1 1 1 2.4861542013364175e-02 1.9653359880310233e-02 1.0007815703436094e+00 7.1391847347598208e-02 3.8250746676486597e-01 1.7435501187880931e+01 15
1 1 1 1 2.4846933797621058e-02 1.9645501569121405e-02 1.0007805542644683e+00 7.1388277755230822e-02 3.8290998521968889e-01 1.7429073106970929e+01 15
1 1 1 1 2.4832045435260665e-02 1.9637494076942538e-02 1.0007795061350502e+00 7.1384708341343056e-02 3.8332146780118459e-01 1.7422526680471893e+01 15
1 1 1 1 2.4816856002488098e-02 1.9629326287225295e-02 1.0007784236197790e+00 7.1381139105925986e-02 3.8374259171574021e-01 1.7415852835055826e+01 15
1 1 1 1 2.4801341833707951e-02 1.9620985627401007e-02 1.0007773040782426e+00 7.1377570048970690e-02 3.8417412311748422e-01 1.7409041303220238e+01 15
1 1 1 1 2.4785475990320948e-02 1.9612457786842261e-02 1.0007761445062340e+00 7.1374001170468243e-02 3.8461693435934652e-01 1.7402080391481611e+01 15
1 1 1 1 2.4769227589328969e-02 1.9603726360402546e-02 1.0007749414612479e+00 7.1370432470409723e-02 3.8507202579971078e-01 1.7394956687321706e+01 15
1 1 1 1 2.4752560943845217e-02 1.9594772392099891e-02 1.0007736909671219e+00 7.1366863948786205e-02 3.8554055372165358e-01 1.7387654683958289e+01 15
1 1 1 1 2.4735434446559627e-02 1.9585573782343345e-02 1.0007723883901856e+00 7.1363295605588767e-02 3.8602386660641125e-01 1.7380156292781905e+01 15
1 1 1 1 2.4717795186318902e-02 1.9576098243790540e-02 1.0007710287021536e+00 7.1359727440808485e-02 3.8652365966954438e-01 1.7372438542685796e+01 15
1 1 1 1 2.4641612155820170e-02 1.9535179355432294e-02 1.0007649357438206e+00 7.1345605655795730e-02 3.8870690704987421e-01 1.7339157725083272e+01 15
1 1 1 1 2.4620272717427383e-02 1.9523728100663409e-02 1.0007631616051191e+00 7.1342038375512937e-02 3.8932603274612831e-01 1.7329847940379043e+01 15
1 1 1 1 2.4597788787556626e-02 1.9511668008645844e-02 1.0007612594234059e+00 7.1338471273594162e-02 3.8998215909904699e-01 1.7320043395409876e+01 15
1 1 1 1 2.4573917948478630e-02 1.9498870236560606e-02 1.0007592023257836e+00 7.1334904350030481e-02 3.9068315970096801e-01 1.7309638267766196e+01 15
1 1 1 1 2.4548317754965215e-02 1.9485152787621859e-02 1.0007569523687072e+00 7.1331337604812986e-02 3.9144016017154964e-01 1.7298482991818908e+01 15
1 1 1 1 2.4520476179927513e-02 1.9470243553297045e-02 1.0007544528453329e+00 7.1327771037932752e-02 3.9226980044198578e-01 1.7286353817925253e+01 15
1 1 1 1 2.4489563867622580e-02 1.9453701809775698e-02 1.0007516119482718e+00 7.1324204649380857e-02 3.9319904090759744e-01 1.7272888135108388e+01 15
1 1 1 1 2.4454063049754143e-02 1.9434721051761875e-02 1.0007482617454186e+00 7.1320638439148390e-02 3.9427723527891118e-01 1.7257421986823498e+01 16
1 1 1 1 2.4410532613949897e-02 1.9411472859365796e-02 1.0007440216863335e+00 7.1317072407226428e-02 3.9561631355343707e-01 1.7238449201017900e+01 17
1 1 1 1 2.4345596246697611e-02 1.9376875384792297e-02 1.0007374185409414e+00 7.1313506553606062e-02 3.9764998037918975e-01 1.7210132062862616e+01 20
1 1 1 1 2.4281910651070628e-02 1.9343027108575099e-02 1.0007305960062194e+00 7.1312199777164742e-02 3.9969200202669514e-01 1.7182297793471523e+01 34
1 1 1 1 2.4206413307303120e-02 1.9303011477973916e-02 1.0007220272961932e+00 7.1313732861344903e-02 4.0218196991561783e-01 1.7149163132598446e+01 15
1 1 1 1 2.4131253275015096e-02 1.9263313286805080e-02 1.0007129324664426e+00 7.1318949086997985e-02 4.0474579763853563e-01 1.7115960697382032e+01 15
1 1 1 1 2.4056728356928285e-02 1.9224087447427780e-02 1.0007033040859543e+00 7.1328224473299895e-02 4.0738485810172614e-01 1.7082741274234923e+01 15
1 1 1 1 2.3983001177158045e-02 1.9185443415039204e-02 1.0006931101331109e+00 7.1341982729000025e-02 4.1010676350051362e-01 1.7049481506410395e+01 14
1 1 1 1 2.3910387061649625e-02 1.9147603608675245e-02 1.0006823290294251e+00 7.1360669404353039e-02 4.1291557076019747e-01 1.7016209427640653e+01 14
1 1 1 1 2.3839220753575908e-02 1.9110777460797344e-02 1.0006709418602000e+00 7.1384776679568773e-02 4.1581653544758057e-01 1.6982943844728759e+01 14
1 1 1 1 2.3769747801635932e-02 1.9075163875265550e-02 1.0006589170799651e+00 7.1414876658723120e-02 4.1881891625317952e-01 1.6949665772073157e+01 14
1 1 1 1 2.3702429596941323e-02 1.9041029199957961e-02 1.0006462324888588e+00 7.1451585026930997e-02 4.2193053058491825e-01 1.6916382987360933e+01 14
1 1 1 1 2.3637765669402733e-02 1.9008676008323486e-02 1.0006328645045723e+00 7.1495588747861910e-02 4.2516077219901843e-01 1.6883096320135529e+01 14
1 1 1 1 2.3576319202873550e-02 1.8978451760680616e-02 1.0006187923532610e+00 7.1547648178445500e-02 4.2852010812231478e-01 1.6849807089455371e+01 14
1 1 1 1 2.3518752366627007e-02 1.8950733234857447e-02 1.0006040019847260e+00 7.1608607128060664e-02 4.3202025152002327e-01 1.6816516946146134e+01 14
1 1 1 1 2.3465824405288722e-02 1.8926045962588355e-02 1.0005884642141829e+00 7.1679407884996937e-02 4.3567607670721320e-01 1.6783212592496508e+01 14
1 1 1 1 2.3418489248456402e-02 1.8904978259839052e-02 1.0005721778472685e+00 7.1761014610675744e-02 4.3950033991523035e-01 1.6749915902425748e+01 14
1 1 1 1 2.3377770919865547e-02 1.8888190916720005e-02 1.0005551309229328e+00 7.1854559782606575e-02 4.4351195925494130e-01 1.6716611360272658e+01 14
1 1 1 1 2.3344957913779881e-02 1.8876474341132071e-02 1.0005373292131592e+00 7.1961218116595282e-02 4.4773019100376221e-01 1.6683301790977801e+01 14
1 1 1 1 2.3321598156072723e-02 1.8870751500324936e-02 1.0005187885117215e+00 7.2082244111471960e-02 4.5217752390001076e-01 1.6649986024491728e+01 14
1 0 1 1 2.3309468649117968e-02 1.8872100543563464e-02 1.0004995399226351e+00 7.2218940013785371e-02 4.5687976323391910e-01 1.6616662480603669e+01 14
1 0 1 1 2.3310654200099538e-02 1.8881767568640712e-02 1.0004796351713563e+00 7.2372614948945369e-02 4.6186657488359484e-01 1.6583329396109320e+01 14
1 0 1 1 2.3362799805791888e-02 1.8931799479479362e-02 1.0004383259964429e+00 7.2734478023690097e-02 4.7279989241269077e-01 1.6516832902100123e+01 43
1 0 1 1 2.3371342970347285e-02 1.8938663502765529e-02 1.0004345292521599e+00 7.2770845262701944e-02 4.7385631124958805e-01 1.6510850018701639e+01 32
1 0 1 1 2.3380441840413674e-02 1.8945838083495876e-02 1.0004307872641605e+00 7.2807230685333291e-02 4.7490779757395224e-01 1.6504967724216126e+01 32
1 0 1 1 2.3390087610676180e-02 1.8953318411239640e-02 1.0004270984497936e+00 7.2843634300675961e-02 4.7595483101763325e-01 1.6499181273007956e+01 32
1 0 1 1 2.3400272309252658e-02 1.8961100122652653e-02 1.0004234613167311e+00 7.2880056117826303e-02 4.7699787336433019e-01 1.6493486191316936e+01 32
1 0 1 1 2.3410988745448055e-02 1.8969179273358786e-02 1.0004198744562303e+00 7.2916496145885218e-02 4.7803737055235979e-01 1.6487878253848752e+01 33
1 0 1 1 2.3422230463625716e-02 1.8977552313105352e-02 1.0004163365370800e+00 7.2952954393958158e-02 4.7907375451199385e-01 1.6482353462687481e+01 33
1 0 1 1 2.3433991702532790e-02 1.8986216063843177e-02 1.0004128463001516e+00 7.2989430871155142e-02 4.8010744486007739e-01 1.6476908028244168e+01 33
1 0 1 1 2.3446267359493466e-02 1.8995167700400908e-02 1.0004094025534827e+00 7.3025925586590726e-02 4.8113885047284038e-01 1.6471538351989317e+01 34
1 0 1 1 2.3459052959006309e-02 1.9004404733519931e-02 1.0004060041678391e+00 7.3062438549384018e-02 4.8216837095359311e-01 1.6466241010760168e+01 34
1 0 1 1 2.3472344625325072e-02 1.9013924995020345e-02 1.0004026500726999e+00 7.3098969768658706e-02 4.8319639801195180e-01 1.6461012742451331e+01 34
1 0 1 1 2.3486139058673711e-02 1.9023726624907766e-02 1.0003993392526258e+00 7.3135519253543030e-02 4.8422331676824149e-01 1.6455850432928329e+01 34
1 0 1 1 2.3500433514798788e-02 1.9033808060260799e-02 1.0003960707439679e+00 7.3172087013169795e-02 4.8524950699556774e-01 1.6450751104022618e+01 35
1 0 1 1 2.3515225787613780e-02 1.9044168025773151e-02 1.0003928436318859e+00 7.3208673056676374e-02 4.8627534431201136e-01 1.6445711902478319e+01 35
1 0 1 1 2.3530514194729148e-02 1.9054805525834200e-02 1.0003896570476480e+00 7.3245277393204716e-02 4.8730120133226640e-01 1.6440730089746889e+01 35
1 0 1 1 2.3546297565692480e-02 1.9065719838054253e-02 1.0003865101661851e+00 7.3281900031901312e-02 4.8832744878997714e-01 1.6435803032524923e+01 36
1 0 1 1 2.3562575232810669e-02 1.9076910508167289e-02 1.0003834022038767e+00 7.3318540981917257e-02 4.8935445663972948e-01 1.6430928193950074e+01 36
1 0 1 1 2.3579347024443118e-02 1.9088377346247996e-02 1.0003803324165541e+00 7.3355200252408215e-02 4.9038259514754801e-01 1.6426103125377370e+01 36
1 0 1 1 2.3596613260689459e-02 1.9100120424201679e-02 1.0003773000976988e+00 7.3391877852534412e-02 4.9141223597934502e-01 1.6421325458661975e+01 36
1 0 1 1 2.3614374751430162e-02 1.9112140074506567e-02 1.0003743045768261e+00 7.3428573791460686e-02 4.9244375329567075e-01 1.6416592898885899e+01 37
1 0 1 1 2.3632632796688501e-02 1.9124436890188737e-02 1.0003713452180407e+00 7.3465288078356422e-02 4.9347752486179075e-01 1.6411903217468311e+01 37
1 0 1 1 2.3651389189319541e-02 1.9137011726026072e-02 1.0003684214187538e+00 7.3502020722395603e-02 4.9451393318241932e-01 1.6407254245603319e+01 38
1 0 1 1 2.3670646220063971e-02 1.9149865701015515e-02 1.0003655326085539e+00 7.3538771732756802e-02 4.9555336666996053e-01 1.6402643867976174e+01 29
1 0 1 1 2.3690406685003860e-02 1.9163000202097321e-02 1.0003626782482253e+00 7.3575541118623175e-02 4.9659622085688260e-01 1.6398070016706086e+01 29
1 0 1 1 2.3710673895528910e-02 1.9176416889221715e-02 1.0003598578289077e+00 7.3612328889182482e-02 4.9764289966233832e-01 1.6393530665470962e+01 29
1 0 1 1 2.3731451690903415e-02 1.9190117701776758e-02 1.0003570708713962e+00 7.3649135053627079e-02 4.9869381672463270e-01 1.6389023823767936e+01 29
1 0 1 1 2.3752744453598151e-02 1.9204104866485407e-02 1.0003543169255769e+00 7.3685959621153888e-02 4.9974939681227565e-01 1.6384547531263827e+01 29
1 0 1 1 2.3774557127557796e-02 1.9218380906847028e-02 1.0003515955699989e+00 7.3722802600964463e-02 5.0081007732704108e-01 1.6380099852192213e+01 30
1 0 1 1 2.3796895239626730e-02 1.9232948654243038e-02 1.0003489064115851e+00 7.3759664002264941e-02 5.0187630991489718e-01 1.6375678869749120e+01 30
1 0 1 1 2.3819764924400914e-02 1.9247811260848961e-02 1.0003462490854842e+00 7.3796543834266079e-02 5.0294856220202655e-01 1.6371282680440114e+01 30
1 0 1 1 2.3843172756100348e-02 1.9262970903617470e-02 1.0003436233584548e+00 7.3833442106183214e-02 5.0402731163974324e-01 1.6366909420667859e+01 30
1 0 1 1 2.3867125225483225e-02 1.9278425288118801e-02 1.0003410293977295e+00 7.3870358827236304e-02 5.0511302567755634e-01 1.6362557346080237e+01 30
1 0 1 1 2.3891631492791034e-02 1.9294185549578371e-02 1.0003384663708912e+00 7.3907294006649929e-02 5.0620627394545115e-01 1.6358224386198913e+01 30
1 0 1 1 2.3940633447964828e-02 1.9325552349304193e-02 1.0003335961585469e+00 7.3978781700793306e-02 5.0834414901369540e-01 1.6349891247630097e+01 30
1 0 1 1 2.3966818895123344e-02 1.9342238148630855e-02 1.0003311225620737e+00 7.4015771091643701e-02 5.0946279273882245e-01 1.6345603282094856e+01 31
1 0 1 1 2.3993597903188831e-02 1.9359250405425507e-02 1.0003286790913184e+00 7.4052778977189523e-02 5.1059131100285193e-01 1.6341326792559911e+01 31
1 0 1 1 2.4020982831904899e-02 1.9376595533218358e-02 1.0003262656197101e+00 7.4089805366678113e-02 5.1173038181424058e-01 1.6337059757663212e+01 31
1 0 1 1 2.4048987096754713e-02 1.9394280499333272e-02 1.0003238820554847e+00 7.4126850269361458e-02 5.1288072451373856e-01 1.6332800106947623e+01 31
1 0 1 1 2.4077625258495904e-02 1.9412312871719555e-02 1.0003215283436511e+00 7.4163913694496139e-02 5.1404310448680834e-01 1.6328545710972687e+01 32
1 0 1 1 2.4106913125207824e-02 1.9430700872352685e-02 1.0003192044683313e+00 7.4200995651343388e-02 5.1521833850087195e-01 1.6324294370369664e+01 32
1 0 1 1 2.4136867868890060e-02 1.9449453438274516e-02 1.0003169104555372e+00 7.4238096149169056e-02 5.1640730077702779e-01 1.6320043803636942e+01 32
1 0 1 1 2.4167508159081225e-02 1.9468580291567526e-02 1.0003146463764492e+00 7.4275215197243644e-02 5.1761092992921831e-01 1.6315791633430941e+01 32
1 0 1 1 2.4198854316490610e-02 1.9488092019833050e-02 1.0003124123512912e+00 7.4312352804842260e-02 5.1883023693280295e-01 1.6311535371055609e+01 32
1 0 1 1 2.4230928490303869e-02 1.9508000169106629e-02 1.0003102085539055e+00 7.4349508981244677e-02 5.2006631431900630e-01 1.6307272398795124e+01 32
1 0 1 1 2.4263754863661547e-02 1.9528317351566359e-02 1.0003080352171636e+00 7.4386683735735301e-02 5.2132034684042150e-01 1.6302999949642675e+01 32
1 0 1 1 2.4297359892876784e-02 1.9549057370958436e-02 1.0003058926393780e+00 7.4423877077603173e-02 5.2259362390989395e-01 1.6298715083879220e+01 32
1 0 1 1 2.4331772587329509e-02 1.9570235369399332e-02 1.0003037811919271e+00 7.4461089016141971e-02 5.2388755419031274e-01 1.6294414661822778e+01 32
1 0 1 1 2.4367024099883727e-02 1.9591868000128968e-02 1.0003017013283539e+00 7.4498319560650048e-02 5.2520368281372265e-01 1.6290095311885086e+01 32
1 0 1 1 2.4403126197892519e-02 1.9613973632030903e-02 1.0002996535952791e+00 7.4535568720430379e-02 5.2654371183652904e-01 1.6285753392845699e+01 32
1 0 1 1 2.4440140676684399e-02 1.9636572593348712e-02 1.0002976386455575e+00 7.4572836504790588e-02 5.2790952470934738e-01 1.6281384948947327e+01 32
1 0 1 1 2.4478110654710995e-02 1.9659687464203258e-02 1.0002956572542441e+00 7.4610122923042976e-02 5.2930321577233408e-01 1.6276985656000392e+01 31
1 0 1 1 2.4517084209291159e-02 1.9683343430440814e-02 1.0002937103381040e+00 7.4647427984504494e-02 5.3072712609970063e-01 1.6272550756128211e+01 31
1 0 1 1 2.4557115197115491e-02 1.9707568715372051e-02 1.0002917989796458e+00 7.4684751698496740e-02 5.3218388745015799e-01 1.6268074978011779e+01 30
1 0 1 1 2.4598264264651806e-02 1.9732395111568594e-02 1.0002899244569927e+00 7.4722094074345990e-02 5.3367647668273499e-01 1.6263552438420732e+01 30
1 0 1 1 2.4640600105462762e-02 1.9757858642780242e-02 1.0002880882813874e+00 7.4759455121383170e-02 5.3520828385196839e-01 1.6258976519298283e+01 29
1 0 1 1 2.4684201043055670e-02 1.9784000397437433e-02 1.0002862922448084e+00 7.4796834848943866e-02 5.3678319843366706e-01 1.6254339712465136e+01 27
1 0 1 1 2.4729157049439735e-02 1.9810867591853493e-02 1.0002845384811965e+00 7.4834233266368344e-02 5.3840571994518427e-01 1.6249633420791429e+01 25
1 0 1 1 2.4775572356862719e-02 1.9838514946218595e-02 1.0002828295463073e+00 7.4871650383001531e-02 5.4008110195154246e-01 1.6244847699844534e+01 21
1 0 1 1 2.4823565757178194e-02 1.9866994618708982e-02 1.0002811691958544e+00 7.4909086208193032e-02 5.4181543477801453e-01 1.6239971217667382e+01 19
1 0 1 1 2.4873278883552428e-02 1.9896373924828237e-02 1.0002795616252411e+00 7.4946540751297128e-02 5.4361602717505131e-01 1.6234990428253642e+01 24
1 0 1 1 2.4924889000536229e-02 1.9926761543420816e-02 1.0002780104214377e+00 7.4984014021672776e-02 5.4549198501948770e-01 1.6229888336040013e+01 28
1 0 1 1 2.4978606085251476e-02 1.9958267665984370e-02 1.0002765213597093e+00 7.5021506028683613e-02 5.4745430690515939e-01 1.6224644733160996e+01 31
1 0 1 1 2.5034690202313744e-02 1.9991028829691948e-02 1.0002751017669127e+00 7.5059016781697949e-02 5.4951676839859331e-01 1.6219234457458192e+01 33
1 0 1 1 2.5093470504218614e-02 2.0025217923927970e-02 1.0002737611302415e+00 7.5096546290088800e-02 5.5169701174954833e-01 1.6213625456509650e+01 36
1 0 1 1 2.5155374801223662e-02 2.0061059767428720e-02 1.0002725120512042e+00 7.5134094563233847e-02 5.5401825347925659e-01 1.6207775758694972e+01 37
1 0 1 1 2.5220966466066554e-02 2.0098856621792869e-02 1.0002713718184610e+00 7.5171661610515458e-02 5.5651210003307616e-01 1.6201628486747428e+01 24
1 0 1 1 2.5291012058408800e-02 2.0139032758821233e-02 1.0002703651732479e+00 7.5209247441320723e-02 5.5922349988279740e-01 1.6195103102122474e+01 33
1 0 1 1 2.5366754063202688e-02 2.0182219174732861e-02 1.0002695296000368e+00 7.5246852065041378e-02 5.6222022234048219e-01 1.6188078674422282e+01 38
1 0 1 1 2.5450123993611930e-02 2.0229434511105943e-02 1.0002689266986780e+00 7.5284475491073893e-02 5.6561324636568733e-01 1.6180357958441206e+01 36
