isScalarized | massIncreased | isMonotoneInside | isMonotoneOutside | mass_Baryon | mass_ADM | AST(radius) | radius  |  phi_c | rho_c | ctr |
1 1 0 0 3.2719803655559029e-02 2.4604042150148626e-02 1.0000000021581232e+00 8.4942249999985606e-02 -4.6283170673643414e-03 1.8300433255399064e+01 58
1 1 1 1 3.2719754369565583e-02 2.4603999489085523e-02 1.0000000022177227e+00 8.4941999999985612e-02 4.6915594315430709e-03 1.8300115000898426e+01 28
1 1 1 1 3.2719705077653725e-02 2.4603956825007607e-02 1.0000000022773285e+00 8.4941749999985619e-02 4.7539550519735511e-03 1.8299796788019847e+01 28
1 1 1 1 3.2719655779823512e-02 2.4603914157914464e-02 1.0000000023369411e+00 8.4941499999985626e-02 4.8155368435647532e-03 1.8299478616758645e+01 28
1 1 1 1 3.2719606476074491e-02 2.4603871487806028e-02 1.0000000023965598e+00 8.4941249999985632e-02 4.8763356396177293e-03 1.8299160487111362e+01 28
1 1 1 1 3.2718767987029836e-02 2.4603146136489361e-02 1.0000000034103653e+00 8.4937002937485628e-02 5.8121479135172533e-03 1.8293762375798735e+01 21
1 1 1 1 3.2713510062213055e-02 2.4598611364311823e-02 1.0000000097631252e+00 8.4910565824841910e-02 9.7829565709719526e-03 1.8260429092746591e+01 33
1 1 1 1 3.2708110075569709e-02 2.4593978104550013e-02 1.0000000162798128e+00 8.4883756270656363e-02 1.2566356429971011e-02 1.8227096004593658e+01 39
1 1 1 1 3.2702562358618896e-02 2.4589242650364853e-02 1.0000000229672279e+00 8.4856562156131521e-02 1.4846248892835775e-02 1.8193763178052333e+01 31
1 1 1 1 3.2696860928197569e-02 2.4584401088089437e-02 1.0000000298325704e+00 8.4828970669786841e-02 1.6828819544018558e-02 1.8160430507756480e+01 26
1 1 1 1 3.2690999490739420e-02 2.4579449305449266e-02 1.0000000368834392e+00 8.4800968391250786e-02 1.8609608464211034e-02 1.8127097866954955e+01 21
1 1 1 1 3.2684971449029668e-02 2.4574383001578687e-02 1.0000000441278263e+00 8.4772541382450828e-02 2.0242194472093508e-02 1.8093765257351382e+01 19
1 1 1 1 3.2678769859534051e-02 2.4569197655461228e-02 1.0000000515741712e+00 8.4743675045159950e-02 2.1760207659343611e-02 1.8060432680766212e+01 16
1 1 1 1 3.2672387409043387e-02 2.4563888511320024e-02 1.0000000592313929e+00 8.4714354079525211e-02 2.3186405263997484e-02 1.8027100139145837e+01 15
1 1 1 1 3.2665816389386447e-02 2.4558450562819599e-02 1.0000000671089255e+00 8.4684562439345856e-02 2.4537043555881419e-02 1.7993767634587680e+01 14
1 1 1 1 3.2659048670006671e-02 2.4552878535936525e-02 1.0000000752167542e+00 8.4654283283760179e-02 2.5824221057944224e-02 1.7960435169344795e+01 13
1 1 1 1 3.2652075668206167e-02 2.4547166870393412e-02 1.0000000835654566e+00 8.4623498925023910e-02 2.7057237132132074e-02 1.7927102745823820e+01 12
1 1 1 1 3.2644888316817521e-02 2.4541309699509913e-02 1.0000000921662480e+00 8.4592190772036169e-02 2.8243428831346864e-02 1.7893770366656895e+01 12
1 1 1 1 3.2637477029010195e-02 2.4535300828280100e-02 1.0000001010310295e+00 8.4560339269031115e-02 2.9388711836433740e-02 1.7860438034632448e+01 12
1 1 1 1 3.2629831659981762e-02 2.4529133709530585e-02 1.0000001101724416e+00 8.4527923829215978e-02 3.0497944146646229e-02 1.7827105752792590e+01 12
1 1 1 1 3.2621941465149330e-02 2.4522801417930298e-02 1.0000001196039217e+00 8.4494922762566982e-02 3.1575178766672374e-02 1.7793773524421542e+01 12
1 1 1 1 3.2613795054481851e-02 2.4516296621614489e-02 1.0000001293397689e+00 8.4461313197321419e-02 3.2623844223264246e-02 1.7760441353063751e+01 12
1 1 1 1 3.2605380342562829e-02 2.4509611551192110e-02 1.0000001393952132e+00 8.4427070994483988e-02 3.3646876652639227e-02 1.7727109242551904e+01 12
1 1 1 1 3.2596684493886773e-02 2.4502737965823473e-02 1.0000001497864934e+00 8.4392170654592258e-02 3.4646818493235698e-02 1.7693777197062420e+01 12
1 1 1 1 3.2587693862831946e-02 2.4495667116025074e-02 1.0000001605309417e+00 8.4356585215819568e-02 3.5625893604085621e-02 1.7660445221121286e+01 12
1 1 1 1 3.2578393927723839e-02 2.4488389702854604e-02 1.0000001716470766e+00 8.4320286142544054e-02 3.6586065391433900e-02 1.7627113319633249e+01 12
1 1 1 1 3.2568769218277525e-02 2.4480895833037669e-02 1.0000001831547072e+00 8.4283243203306824e-02 3.7529082464777284e-02 1.7593781497971619e+01 12
1 1 1 1 3.2558803235591342e-02 2.4473174969523143e-02 1.0000001950750470e+00 8.4245424336779173e-02 3.8456514998808783e-02 1.7560449761957795e+01 12
1 1 1 1 3.2548478363845619e-02 2.4465215876979255e-02 1.0000002074308409e+00 8.4206795504577825e-02 3.9369784060929211e-02 1.7527118117984330e+01 12
1 1 1 1 3.2537775772589282e-02 2.4457006561516233e-02 1.0000002202465061e+00 8.4167320529066225e-02 4.0270185560663189e-02 1.7493786573006023e+01 12
1 1 1 1 3.2526675308496740e-02 2.4448534203990149e-02 1.0000002335482878e+00 8.4126960914595150e-02 4.1158910031455199e-02 1.7460455134667793e+01 12
1 1 1 1 3.2515155375160552e-02 2.4439785085994918e-02 1.0000002473644352e+00 8.4085675649854419e-02 4.2037059164437771e-02 1.7427123811343492e+01 12
1 1 1 1 3.2503192799377856e-02 2.4430744507617553e-02 1.0000002617253954e+00 8.4043420989118434e-02 4.2905659784651010e-02 1.7393792612236993e+01 12
1 1 1 1 3.2490762682094443e-02 2.4421396695844599e-02 1.0000002766640319e+00 8.4000150209561142e-02 4.3765675807417047e-02 1.7360461547468873e+01 12
1 1 1 1 3.2477838231902104e-02 2.4411724702343759e-02 1.0000002922158695e+00 8.3955813341535790e-02 4.4618018591788329e-02 1.7327130628217926e+01 12
1 1 1 1 3.2464390578606776e-02 2.4401710289122337e-02 1.0000003084193700e+00 8.3910356868046321e-02 4.5463556025795111e-02 1.7293799866814407e+01 12
1 1 1 1 3.2450388564038056e-02 2.4391333800344816e-02 1.0000003253162413e+00 8.3863723389320743e-02 4.6303120607482456e-02 1.7260469276916879e+01 12
1 1 1 1 3.2435798506736453e-02 2.4380574018292144e-02 1.0000003429517883e+00 8.3815851247414475e-02 4.7137516743605105e-02 1.7227138873660930e+01 12
1 1 1 1 3.2420583936606399e-02 2.4369408001091740e-02 1.0000003613753106e+00 8.3766674105198669e-02 4.7967527446279412e-02 1.7193808673880707e+01 12
1 1 1 1 3.2404705294902504e-02 2.4357810899429410e-02 1.0000003806405515e+00 8.3716120472875577e-02 4.8793920586136005e-02 1.7160478696308328e+01 12
1 1 1 1 3.2388119594129239e-02 2.4345755748978029e-02 1.0000004008062129e+00 8.3664113174242993e-02 4.9617454836075783e-02 1.7127148961860545e+01 12
1 1 1 1 3.2370780031375564e-02 2.4333213234647863e-02 1.0000004219365397e+00 8.3610568743261837e-02 5.0438885431288050e-02 1.7093819493928123e+01 12
1 1 1 1 3.2352632000920541e-02 2.4320151422044620e-02 1.0000004441019927e+00 8.3555396739994736e-02 5.1258969858698225e-02 1.7060490318754162e+01 12
1 1 1 1 3.2333618600829200e-02 2.4306535450611604e-02 1.0000004673800189e+00 8.3498498972707946e-02 5.2078473589467961e-02 1.7027161465817038e+01 12
1 1 1 1 3.2313683470782451e-02 2.4292327181903151e-02 1.0000004918559415e+00 8.3439768610712117e-02 5.2898175962776545e-02 1.6993832968367517e+01 12
1 1 1 1 3.2292759469128463e-02 2.4277484794975719e-02 1.0000005176239883e+00 8.3379089169006937e-02 5.3718876341013737e-02 1.6960504863968747e+01 11
1 1 1 1 3.2270772681364870e-02 2.4261962319358552e-02 1.0000005447884877e+00 8.3316333342496329e-02 5.4541400657950864e-02 1.6927177195185532e+01 11
1 1 1 1 3.2247641527423099e-02 2.4245709093936960e-02 1.0000005734652593e+00 8.3251361662586676e-02 5.5366608498523207e-02 1.6893850010424028e+01 12
1 1 1 1 3.2223275722059623e-02 2.4228669137473489e-02 1.0000006037832454e+00 8.3184020943113168e-02 5.6195400869664201e-02 1.6860523364848355e+01 12
1 1 1 1 3.2197575059255759e-02 2.4210780413385782e-02 1.0000006358864248e+00 8.3114142475750746e-02 5.7028728840398918e-02 1.6827197321571354e+01 12
1 1 1 1 3.2170427984493141e-02 2.4191973967199444e-02 1.0000006699360733e+00 8.3041539925460484e-02 5.7867603270029995e-02 1.6793871953027033e+01 12
1 1 1 1 3.2141709910163144e-02 2.4172172909958409e-02 1.0000007061134444e+00 8.2966006865450137e-02 5.8713105882218904e-02 1.6760547342617475e+01 12
1 1 1 1 3.2111281218222286e-02 2.4151291214306272e-02 1.0000007446229642e+00 8.2887313876602309e-02 5.9566401998257301e-02 1.6727223586759013e+01 12
1 1 1 1 3.2078984879676878e-02 2.4129232281272759e-02 1.0000007856960560e+00 8.2805205117449820e-02 6.0428755319436839e-02 1.6693900797308405e+01 12
1 1 1 1 3.2044643601944971e-02 2.4105887224866729e-02 1.0000008295957519e+00 8.2719394247275091e-02 6.1301545237801063e-02 1.6660579104561283e+01 12
1 1 1 1 3.2008056390542362e-02 2.4081132806975360e-02 1.0000008766222739e+00 8.2629559553657195e-02 6.2186287280564342e-02 1.6627258660915448e+01 13
1 1 1 1 3.1968994379303825e-02 2.4054828936017705e-02 1.0000009271198427e+00 8.2535338095462096e-02 6.3084657453019666e-02 1.6593939645387376e+01 13
1 1 1 1 3.1927195740361639e-02 2.4026815617393605e-02 1.0000009814850259e+00 8.2436318618979709e-02 6.3998521457831969e-02 1.6560622269201382e+01 13
1 1 1 1 3.1882359427400288e-02 2.3996909209703342e-02 1.0000010401770563e+00 8.2332032934249427e-02 6.4929970051989597e-02 1.6527306782721329e+01 13
1 1 1 1 3.1834137427598282e-02 2.3964897794675085e-02 1.0000011037306691e+00 8.2221945344185032e-02 6.5881362180605807e-02 1.6493993484147321e+01 13
1 1 1 1 3.1782125090472818e-02 2.3930535405546082e-02 1.0000011727722036e+00 8.2105439591048490e-02 6.6855378045491923e-02 1.6460682730357220e+01 13
1 1 1 1 3.1725848954128943e-02 2.3893534771806498e-02 1.0000012480399647e+00 8.1981802611322874e-02 6.7855084964936210e-02 1.6427374950604886e+01 14
1 1 1 1 3.1664751282179174e-02 2.3853558116333023e-02 1.0000013304101965e+00 8.1850204150014122e-02 6.8884019859143039e-02 1.6394070663781271e+01 14
1 1 1 1 3.1598170232084298e-02 2.3810205369288840e-02 1.0000014209305241e+00 8.1709670952898605e-02 6.9946293553682232e-02 1.6360770500229545e+01 14
1 1 1 1 3.1525314156640193e-02 2.3762998917427659e-02 1.0000015208634376e+00 8.1559053788210462e-02 7.1046724015511237e-02 1.6327475229355446e+01 14
1 1 1 1 3.1445227932881965e-02 2.3711363651673204e-02 1.0000016317434142e+00 8.1396984886854817e-02 7.2191008390598860e-02 1.6294185794410197e+01 14
1 1 1 1 3.1356748321131597e-02 2.3654600554355469e-02 1.0000017554527756e+00 8.1221822442903269e-02 7.3385947696156972e-02 1.6260903356061814e+01 14
1 1 1 1 3.1258444030173957e-02 2.3591851292258777e-02 1.0000018943235609e+00 8.1031577447091330e-02 7.4639743876217288e-02 1.6227629346116547e+01 14
1 1 1 1 3.1148531054007781e-02 2.3522050115020773e-02 1.0000020512758978e+00 8.0823816134992926e-02 7.5962397628997980e-02 1.6194365531970352e+01 14
1 1 1 1 3.1024742607028626e-02 2.3443857579543509e-02 1.0000022300080895e+00 8.0595528419636520e-02 7.7366248526480011e-02 1.6161114089778486e+01 14
1 1 1 1 3.0884235734909834e-02 2.3355567878124785e-02 1.0000024352605184e+00 8.0342948421384897e-02 7.8866718939899633e-02 1.6127877678224866e+01 13
1 1 1 1 3.0723302173111706e-02 2.3254977279612975e-02 1.0000026731852794e+00 8.0061307037549212e-02 8.0483354121694398e-02 1.6094659490934902e+01 10
1 1 1 1 3.0537065831708749e-02 2.3139194520460125e-02 1.0000029518665534e+00 7.9744487777450745e-02 8.2241298781341107e-02 1.6061463235656614e+01 12
1 1 1 1 3.0319009022937240e-02 2.3004363591697004e-02 1.0000032820514697e+00 7.9384545521602984e-02 8.4173425552024353e-02 1.6028292925752510e+01 17
1 1 1 1 3.0060270561609634e-02 2.2845253500118425e-02 1.0000036781584560e+00 7.8971034827908099e-02 8.6323448110585552e-02 1.5995152242380300e+01 20
1 1 1 1 2.9748598559672580e-02 2.2654646578080442e-02 1.0000041595968101e+00 7.8490087076682091e-02 8.8750533831793002e-02 1.5962042978536987e+01 22
1 1 1 1 2.9366780452000699e-02 2.2422337491110701e-02 1.0000047525315723e+00 7.7923198580365838e-02 9.1536293490349599e-02 1.5928960709133515e+01 25
1 1 1 1 2.8890430016520124e-02 2.2134042691847412e-02 1.0000054901176574e+00 7.7245865249462226e-02 9.4794765752368684e-02 1.5895892702387826e+01 27
1 1 1 1 2.8284523229229266e-02 2.1769319708265133e-02 1.0000064104568394e+00 7.6426303472797080e-02 9.8689297912905441e-02 1.5862794611754845e+01 32
1 1 1 1 2.7990731718335549e-02 2.1593073645465945e-02 1.0000068440857555e+00 7.6044171955433101e-02 1.0050390423261635e-01 1.5849323388922476e+01 29
1 1 1 1 2.7691049397558315e-02 2.1413544521912256e-02 1.0000072748918420e+00 7.5663951095655935e-02 1.0231747087087431e-01 1.5836902871268569e+01 31
1 1 1 1 2.7385284084026868e-02 2.1230571474512343e-02 1.0000076998691445e+00 7.5285631340177656e-02 1.0413651347153456e-01 1.5825372318433107e+01 32
1 1 1 1 2.7073151030753775e-02 2.1044012869630889e-02 1.0000081153020139e+00 7.4909203183476769e-02 1.0596781127407608e-01 1.5814596556962568e+01 34
