isScalarized | massIncreased | isMonotoneInside | isMonotoneOutside | mass_Baryon | mass_ADM | AST(radius) | radius  |  phi_c | rho_c | ctr |
1 1 1 1 2.8223078749000652e-02 2.0914531592513441e-02 1.0000001267775149e+00 7.0225869974031463e-02 9.2956643436890134e-03 2.7732366107341942e+01 9
1 1 1 1 2.8261729255643738e-02 2.0923215073429095e-02 1.0000002174869482e+00 7.0121799948062918e-02 1.1783900471071728e-02 2.7851152784102204e+01 24
1 1 1 1 2.8298736495651428e-02 2.0930996751322064e-02 1.0000003215555346e+00 7.0017729922094374e-02 1.3893472110945994e-02 2.7970786871843277e+01 23
1 1 1 1 2.8334084098746465e-02 2.0937903428589914e-02 1.0000004397814992e+00 6.9913659896125829e-02 1.5780499356447049e-02 2.8091119702037645e+01 23
1 1 1 1 2.8367901283239509e-02 2.0943959769650904e-02 1.0000005729911543e+00 6.9809589870157285e-02 1.7519930757690080e-02 2.8212036862000694e+01 23
1 1 1 1 2.8400224757180209e-02 2.0949188630518142e-02 1.0000007220378422e+00 6.9705519844188740e-02 1.9154494361991122e-02 2.8333448833786676e+01 24
1 1 1 1 2.8431088476940120e-02 2.0953611310233315e-02 1.0000008878013167e+00 6.9601449818220196e-02 2.0711218336447321e-02 2.8455284638639899e+01 24
1 1 1 1 2.8460527410163070e-02 2.0957199825032066e-02 1.0000010712329319e+00 6.9497379792251651e-02 2.2208600797047090e-02 2.8577499976570337e+01 24
1 1 1 1 2.8488568538099061e-02 2.0960003321904161e-02 1.0000012732517602e+00 6.9393309766283107e-02 2.3659639928943200e-02 2.8700040969022840e+01 24
1 1 1 1 2.8515238229183969e-02 2.0962057098667781e-02 1.0000014948034044e+00 6.9289239740314562e-02 2.5074015615078899e-02 2.8822865608350924e+01 24
1 1 1 1 2.8540562515576795e-02 2.0963377906558899e-02 1.0000017368740017e+00 6.9185169714346018e-02 2.6459186797282961e-02 2.8945943347019590e+01 24
1 1 1 1 2.8564565960135291e-02 2.0963981624607036e-02 1.0000020004759780e+00 6.9081099688377473e-02 2.7821010849676839e-02 2.9069249178190503e+01 24
1 0 1 1 2.8587205344373777e-02 2.0963883338441024e-02 1.0000022866482445e+00 6.8977029662408929e-02 2.9164183174393989e-02 2.9192762624019377e+01 24
1 0 1 1 2.8608539693641230e-02 2.0963097408580277e-02 1.0000025964564290e+00 6.8872959636440384e-02 3.0492533417690568e-02 2.9316466947681782e+01 24
1 0 1 1 2.8628619869277751e-02 2.0961637530142348e-02 1.0000029309931300e+00 6.8768889610471839e-02 3.1809231475918381e-02 2.9440348532454987e+01 24
1 0 1 1 2.8647465872181199e-02 2.0959516785476664e-02 1.0000032913781880e+00 6.8664819584503295e-02 3.3116934657877128e-02 2.9564396387247140e+01 24
1 0 1 1 2.8665096783284747e-02 2.0956747690842520e-02 1.0000036787589703e+00 6.8560749558534750e-02 3.4417895267164503e-02 2.9688601748996366e+01 24
1 0 1 1 2.8681530901574749e-02 2.0953340650598867e-02 1.0000040943153841e+00 6.8456679532566206e-02 3.5714045110700504e-02 2.9812958162765707e+01 24
1 0 1 1 2.8696787514589310e-02 2.0949258311516384e-02 1.0000045394117589e+00 6.8352609506597661e-02 3.7007178869316530e-02 2.9937472817964395e+01 24
1 0 1 1 2.8710881177304214e-02 2.0944562499160040e-02 1.0000050151454907e+00 6.8248539480629117e-02 3.8298607218139137e-02 3.0062129055482583e+01 24
1 0 1 1 2.8723827962021733e-02 2.0939263874889893e-02 1.0000055227797144e+00 6.8144469454660572e-02 3.9589597261015595e-02 3.0186924317070901e+01 24
1 0 1 1 2.8735643321694461e-02 2.0933372703345526e-02 1.0000060636066939e+00 6.8040399428692028e-02 4.0881265108889862e-02 3.0311857138011867e+01 24
1 0 1 1 2.8746342133512900e-02 2.0926898877471879e-02 1.0000066389481281e+00 6.7936329402723483e-02 4.2174599250872420e-02 3.0436927020168884e+01 24
1 0 1 1 2.8755938738447631e-02 2.0919851941294733e-02 1.0000072501554589e+00 6.7832259376754939e-02 4.3470479493694751e-02 3.0562134324560581e+01 24
1 0 1 1 2.8764406453207735e-02 2.0912241110713176e-02 1.0000078986101790e+00 6.7728189350786394e-02 4.4769692462435506e-02 3.0687480179940849e+01 23
1 0 1 1 2.8771766658796175e-02 2.0904075292483303e-02 1.0000085857241399e+00 6.7624119324817850e-02 4.6072944403446295e-02 3.0812966404561362e+01 23
1 0 1 1 2.8778065567256955e-02 2.0895363101600395e-02 1.0000093129398602e+00 6.7520049298849305e-02 4.7380871849486486e-02 3.0938595438873406e+01 23
1 0 1 1 2.8783315745560242e-02 2.0886112877222189e-02 1.0000100817308342e+00 6.7415979272880761e-02 4.8694050574921301e-02 3.1064370287366717e+01 23
1 0 1 1 2.8787529373436930e-02 2.0876332697278861e-02 1.0000108936018404e+00 6.7311909246912216e-02 5.0013003170992422e-02 3.1190294468064504e+01 23
1 0 1 1 2.8790718266075682e-02 2.0866030391890476e-02 1.0000117500892503e+00 6.7207839220943671e-02 5.1338205498480935e-02 3.1316371968493488e+01 23
1 0 1 1 2.8792893894862212e-02 2.0855213555701187e-02 1.0000126527613384e+00 6.7103769194975127e-02 5.2670092219859271e-02 3.1442607207150370e+01 23
1 0 1 1 2.8794067406339354e-02 2.0843889559233896e-02 1.0000136032185925e+00 6.6999699169006582e-02 5.4009061571068141e-02 3.1569004999662376e+01 23
1 0 1 1 2.8794249844535984e-02 2.0832027900942459e-02 1.0000146034616149e+00 6.6895629143038038e-02 5.5355580497505365e-02 3.1695579716134180e+01 23
1 0 1 1 2.8793451390568773e-02 2.0819673636364337e-02 1.0000156548353023e+00 6.6791559117069493e-02 5.6709885346984852e-02 3.1822327599395308e+01 23
1 0 1 1 2.8791682319432216e-02 2.0806833609225299e-02 1.0000167590406421e+00 6.6687489091100949e-02 5.8072287683913398e-02 3.1949254470053539e+01 23
1 0 1 1 2.8788952642836027e-02 2.0793514409115116e-02 1.0000179178127162e+00 6.6583419065132404e-02 5.9443076513066871e-02 3.2076366462301564e+01 23
1 0 1 1 2.8785272120859795e-02 2.0779722445529222e-02 1.0000191329204029e+00 6.6479349039163860e-02 6.0822520565675740e-02 3.2203669989472282e+01 23
1 0 1 1 2.8780650273090319e-02 2.0765463954918951e-02 1.0000204061666833e+00 6.6375279013195315e-02 6.2210870485657092e-02 3.2331171727872395e+01 23
1 0 1 1 2.8775096388827633e-02 2.0750745007225235e-02 1.0000217393889501e+00 6.6271208987226771e-02 6.3608360777157619e-02 3.2458878602481036e+01 23
1 0 1 1 2.8768619536441484e-02 2.0735571511938982e-02 1.0000231344593118e+00 6.6167138961258226e-02 6.5015211545310925e-02 3.2586797774322370e+01 23
1 0 1 1 2.8761228571956565e-02 2.0719949223734536e-02 1.0000245932848979e+00 6.6063068935289682e-02 6.6431630057002172e-02 3.2714936629347356e+01 22
1 0 1 1 2.8752892562626160e-02 2.0703883747698805e-02 1.0000261178081618e+00 6.5958998909321137e-02 6.7857812144304641e-02 3.2843302768686904e+01 22
1 0 1 1 2.8743651416701838e-02 2.0687380544215025e-02 1.0000277100071813e+00 6.5854928883352593e-02 6.9293943469998953e-02 3.2971904000168678e+01 22
1 0 1 1 2.8733522495490330e-02 2.0670444933500613e-02 1.0000293718959550e+00 6.5750858857384048e-02 7.0740200671398051e-02 3.3100748330973474e+01 22
1 0 1 1 2.8722513898357224e-02 2.0653082099852324e-02 1.0000311055246971e+00 6.5646788831415503e-02 7.2196752396765790e-02 3.3229843961352309e+01 22
1 0 1 1 2.8710633544758769e-02 2.0635297095609306e-02 1.0000329129801249e+00 6.5542718805446959e-02 7.3663760246561197e-02 3.3359199279327512e+01 22
1 0 1 1 2.8697889179456985e-02 2.0617094844862283e-02 1.0000347963857432e+00 6.5438648779478414e-02 7.5141379630093416e-02 3.3488822856305454e+01 22
1 0 1 1 2.8684288377329059e-02 2.0598480146929041e-02 1.0000367579021201e+00 6.5334578753509870e-02 7.6629760546797196e-02 3.3618723443535202e+01 22
1 0 1 1 2.8669838547811719e-02 2.0579457679611363e-02 1.0000387997271578e+00 6.5230508727541325e-02 7.8129048300374052e-02 3.3748909969371006e+01 22
1 0 1 1 2.8654546939008887e-02 2.0560032002258085e-02 1.0000409240963524e+00 6.5126438701572781e-02 7.9639384152789677e-02 3.3879391537275190e+01 22
1 0 1 1 2.8638420641485848e-02 2.0540207558633707e-02 1.0000431332830442e+00 6.5022368675604236e-02 8.1160905924523741e-02 3.4010177424527122e+01 22
1 0 1 1 2.8621466591795836e-02 2.0519988679631288e-02 1.0000454295986594e+00 6.4918298649635692e-02 8.2693748546829288e-02 3.4141277081610653e+01 22
1 0 1 1 2.8603691575733257e-02 2.0499379585811710e-02 1.0000478153929355e+00 6.4814228623667147e-02 8.4238044570737608e-02 3.4272700132224749e+01 22
1 0 1 1 2.8585101664832000e-02 2.0478366768767346e-02 1.0000502936386879e+00 6.4710158597698603e-02 8.5793976850672138e-02 3.4404460522338368e+01 22
1 0 1 1 2.8565703766178362e-02 2.0456969113064365e-02 1.0000528663348727e+00 6.4606088571730058e-02 8.7361631321138916e-02 3.4536564729823858e+01 22
1 0 1 1 2.8545504336202131e-02 2.0435193867120300e-02 1.0000555358430852e+00 6.4502018545761514e-02 8.8941126211634858e-02 3.4669022116819335e+01 21
1 0 1 1 2.8524509589733217e-02 2.0413044838548507e-02 1.0000583046691092e+00 6.4397948519792969e-02 9.0532588878305523e-02 3.4801843009967335e+01 21
1 0 1 1 2.8502725603876650e-02 2.0390525734834002e-02 1.0000611753578232e+00 6.4293878493824425e-02 9.2136146337437691e-02 3.4935037917877317e+01 21
1 0 1 1 2.8480158320078951e-02 2.0367640165128913e-02 1.0000641504933108e+00 6.4189808467855880e-02 9.3751925595769142e-02 3.5068617534435369e+01 21
1 0 1 1 2.8456813546033487e-02 2.0344391641939488e-02 1.0000672326989439e+00 6.4085738441887335e-02 9.5380053961049607e-02 3.5202592742597709e+01 21
1 0 1 1 2.8432696957452513e-02 2.0320783582727115e-02 1.0000704246374417e+00 6.3981668415918791e-02 9.7020659335338988e-02 3.5336974618678695e+01 21
1 0 1 1 2.8407814099686401e-02 2.0296819311400205e-02 1.0000737290108952e+00 6.3877598389950246e-02 9.8673870492782631e-02 3.5471774437102994e+01 21
1 0 1 1 2.8382170389218045e-02 2.0272502059724872e-02 1.0000771485607634e+00 6.3773528363981702e-02 1.0033981734390690e-01 3.5607003675629052e+01 21
1 0 1 1 2.8355771115026612e-02 2.0247834968643078e-02 1.0000806860678320e+00 6.3669458338013157e-02 1.0201863118815380e-01 3.5742674021042816e+01 21
1 0 1 1 2.8328621439831447e-02 2.0222821089506886e-02 1.0000843443521343e+00 6.3565388312044613e-02 1.0371044495622425e-01 3.5878797375318577e+01 21
1 0 1 1 2.8300726401213738e-02 2.0197463385228234e-02 1.0000881262728327e+00 6.3461318286076068e-02 1.0541539344368783e-01 3.6015385862248166e+01 21
1 0 1 1 2.8272090912625895e-02 2.0171764731352234e-02 1.0000920347280529e+00 6.3357248260107524e-02 1.0713361353720392e-01 3.6152451834539782e+01 21
1 0 1 1 2.8242719764279511e-02 2.0145727917041240e-02 1.0000960726546737e+00 6.3253178234138979e-02 1.0886524443461036e-01 3.6290007881393180e+01 21
1 0 1 1 2.8212617623933740e-02 2.0119355645994402e-02 1.0001002430280626e+00 6.3149108208170435e-02 1.1061042786027504e-01 3.6428066836573372e+01 20
1 0 1 1 2.8181789037561814e-02 2.0092650537277542e-02 1.0001045488617584e+00 6.3045038182201890e-02 1.1236930827648382e-01 3.6566641786967622e+01 20
1 0 1 1 2.8150238429910757e-02 2.0065615126080700e-02 1.0001089932070935e+00 6.2940968156233346e-02 1.1414203309220636e-01 3.6705746081659953e+01 20
1 0 1 1 2.8117970104952705e-02 2.0038251864401731e-02 1.0001135791527518e+00 6.2836898130264801e-02 1.1592875287006220e-01 3.6845393341523135e+01 20
1 0 1 1 2.8084988246222648e-02 2.0010563121649928e-02 1.0001183098242608e+00 6.2732828104296257e-02 1.1772962153256844e-01 3.6985597469356158e+01 20
1 0 1 1 2.8051285599142418e-02 1.9982551185174811e-02 1.0001231883834079e+00 6.2628758078327712e-02 1.1954479656853136e-01 3.7126372660581168e+01 20
1 0 1 1 2.8016875867776587e-02 1.9954218260716312e-02 1.0001282180275808e+00 6.2524688052359167e-02 1.2137443924047278e-01 3.7267733414522155e+01 20
1 0 1 1 2.7981765343701899e-02 1.9925566472782184e-02 1.0001334019890225e+00 6.2420618026390623e-02 1.2321871479393268e-01 3.7409694546286850e+01 20
1 0 1 1 2.7945957726124154e-02 1.9896597864937561e-02 1.0001387435339979e+00 6.2316548000422078e-02 1.2507779266945102e-01 3.7552271199277278e+01 20
1 0 1 1 2.7909456593277929e-02 1.9867314400028049e-02 1.0001442459618646e+00 6.2212477974453534e-02 1.2695184671833581e-01 3.7695478858377136e+01 20
1 0 1 1 2.7872265402075064e-02 1.9837717960308414e-02 1.0001499126040407e+00 6.2108407948484989e-02 1.2884105542263274e-01 3.7839333363818788e+01 20
1 0 1 1 2.7834387487633096e-02 1.9807810347498726e-02 1.0001557468228655e+00 6.2004337922516445e-02 1.3074560212034650e-01 3.7983850925779763e+01 20
1 0 1 1 2.7795826062673064e-02 1.9777593282749469e-02 1.0001617520103403e+00 6.1900267896547900e-02 1.3266567523683140e-01 3.8129048139756293e+01 20
1 0 1 1 2.7756584216780414e-02 1.9747068406523301e-02 1.0001679315867493e+00 6.1796197870579356e-02 1.3460146852297741e-01 3.8274942002736786e+01 20
1 0 1 1 2.7716664915528846e-02 1.9716237278386204e-02 1.0001742889991450e+00 6.1692127844610811e-02 1.3655318130123445e-01 3.8421549930235827e+01 20
1 0 1 1 2.7676070999456036e-02 1.9685101376705174e-02 1.0001808277196926e+00 6.1588057818642267e-02 1.3852101872028041e-01 3.8568889774231614e+01 19
1 0 1 1 2.7634805182891558e-02 1.9653662098255736e-02 1.0001875512438658e+00 6.1483987792673722e-02 1.4050519201921738e-01 3.8716979842056915e+01 19
1 0 1 1 2.7592870052619678e-02 1.9621920757721380e-02 1.0001944630884794e+00 6.1379917766705178e-02 1.4250591880222702e-01 3.8865838916302643e+01 19
1 0 1 1 2.7550268066388422e-02 1.9589878587102944e-02 1.0002015667895539e+00 6.1275847740736633e-02 1.4452342332495507e-01 3.9015486275814631e+01 19
1 0 1 1 2.7507001551232878e-02 1.9557536735008749e-02 1.0002088658999955e+00 6.1171777714768089e-02 1.4655793679320411e-01 3.9165941717820097e+01 19
1 0 1 1 2.7463072701624389e-02 1.9524896265842594e-02 1.0002163639870840e+00 6.1067707688799544e-02 1.4860969767532362e-01 3.9317225581276517e+01 19
1 0 1 1 2.7418483577424078e-02 1.9491958158870174e-02 1.0002240646297549e+00 6.0963637662830999e-02 1.5067895202941961e-01 3.9469358771522415e+01 19
1 0 1 1 2.7373236101635823e-02 1.9458723307165162e-02 1.0002319714156591e+00 6.0859567636862455e-02 1.5276595384656094e-01 3.9622362786311285e+01 19
1 0 1 1 2.7327332057946210e-02 1.9425192516427169e-02 1.0002400879379918e+00 6.0755497610893910e-02 1.5487096541130216e-01 3.9776259743323457e+01 19
1 0 1 1 2.7280773088035934e-02 1.9391366503662914e-02 1.0002484177920716e+00 6.0651427584925366e-02 1.5699425768093100e-01 3.9931072409258604e+01 19
1 0 1 1 2.7233560688656847e-02 1.9357245895730540e-02 1.0002569645716555e+00 6.0547357558956821e-02 1.5913611068488301e-01 4.0086824230613644e+01 19
1 0 1 1 2.7185696208446943e-02 1.9322831227724730e-02 1.0002657318649701e+00 6.0443287532988277e-02 1.6129681394587417e-01 4.0243539366264194e+01 19
1 0 1 1 2.7137180844487033e-02 1.9288122941214774e-02 1.0002747232504472e+00 6.0339217507019732e-02 1.6347666692482321e-01 4.0401242722001449e+01 19
1 0 1 1 2.7088015638558567e-02 1.9253121382302420e-02 1.0002839422921370e+00 6.0235147481051188e-02 1.6567597949089247e-01 4.0559959987129737e+01 19
1 0 1 1 2.7038201473103332e-02 1.9217826799510413e-02 1.0002933925347848e+00 6.0131077455082643e-02 1.6789507241897841e-01 4.0719717673298227e+01 19
1 0 1 1 2.6987739066851743e-02 1.9182239341475612e-02 1.0003030774985440e+00 6.0027007429114099e-02 1.7013427791679395e-01 4.0880543155734273e+01 19
1 0 1 1 2.6936628970104150e-02 1.9146359054441023e-02 1.0003130006733096e+00 5.9922937403145554e-02 1.7239394018388041e-01 4.1042464717057008e+01 19
1 0 1 1 2.6884871559636835e-02 1.9110185879533368e-02 1.0003231655126388e+00 5.9818867377177010e-02 1.7467441600500194e-01 4.1205511593861942e+01 19
1 0 1 1 2.6832467033206461e-02 1.9073719649805716e-02 1.0003335754272398e+00 5.9714797351208465e-02 1.7697607538093449e-01 4.1369714026310582e+01 19
1 0 1 1 2.6779415403627382e-02 1.9036960087039867e-02 1.0003442337779960e+00 5.9610727325239921e-02 1.7929930219942644e-01 4.1535103310940478e+01 18
1 0 1 1 2.6725716492379020e-02 1.8999906798274496e-02 1.0003551438684997e+00 5.9506657299271376e-02 1.8164449494970331e-01 4.1701711856962802e+01 18
1 0 1 1 2.6671369922724977e-02 1.8962559272059434e-02 1.0003663089370582e+00 5.9402587273302832e-02 1.8401206748452598e-01 4.1869573246355017e+01 18
1 0 1 1 2.6616375112285005e-02 1.8924916874393415e-02 1.0003777321481453e+00 5.9298517247334287e-02 1.8640244983312790e-01 4.2038722298017888e+01 18
1 0 1 1 2.6560725378586083e-02 1.8886978844340745e-02 1.0003894165832521e+00 5.9194447221365742e-02 1.8881608906983227e-01 4.2209195136367285e+01 18
1 0 1 1 2.6504418650405665e-02 1.8848744289287393e-02 1.0004013652311088e+00 5.9090377195397198e-02 1.9125345024302770e-01 4.2381029264733385e+01 18
1 0 1 1 2.6447460046282213e-02 1.8810212179814673e-02 1.0004135809772252e+00 5.8986307169428653e-02 1.9371501736977925e-01 4.2554263643981045e+01 18
1 0 1 1 2.6389848090191029e-02 1.8771381344155236e-02 1.0004260665927127e+00 5.8882237143460109e-02 1.9620129450185372e-01 4.2728938776808562e+01 18
1 0 1 1 2.6331581053847506e-02 1.8732250462202987e-02 1.0004388247223333e+00 5.8778167117491564e-02 1.9871280686951845e-01 4.2905096798225777e+01 18
1 0 1 1 2.6272656944990057e-02 1.8692818059030083e-02 1.0004518578717276e+00 5.8674097091523020e-02 2.0125010211035518e-01 4.3082781572784903e+01 18
1 0 1 1 2.6213073494717274e-02 1.8653082497870260e-02 1.0004651683937618e+00 5.8570027065554475e-02 2.0381375159064385e-01 4.3262038799163108e+01 18
1 0 1 1 2.6152828143802074e-02 1.8613041972530855e-02 1.0004787584739354e+00 5.8465957039585931e-02 2.0640435182857900e-01 4.3442916122823540e+01 18
1 0 1 1 2.6091918027871780e-02 1.8572694499163340e-02 1.0004926301147821e+00 5.8361887013617386e-02 2.0902252602827964e-01 4.3625463257473925e+01 18
1 0 1 1 2.6030339961365802e-02 1.8532037907352385e-02 1.0005067851191918e+00 5.8257816987648842e-02 2.1166892573583768e-01 4.3809732116205303e+01 18
1 0 1 1 2.5968090420140654e-02 1.8491069830444441e-02 1.0005212250725768e+00 5.8153746961680297e-02 2.1434423262929680e-01 4.3995776953258300e+01 18
1 0 1 1 2.5905165522598389e-02 1.8449787695050124e-02 1.0005359513237970e+00 5.8049676935711753e-02 2.1704916045601844e-01 4.4183654517481415e+01 18
1 0 1 1 2.5841561009186588e-02 1.8408188709635533e-02 1.0005509649647519e+00 5.7945606909743208e-02 2.1978445713238967e-01 4.4373424218669541e+01 18
1 0 1 1 2.5777272220113313e-02 1.8366269852118523e-02 1.0005662668085360e+00 5.7841536883774664e-02 2.2255090702276345e-01 4.4565148308120492e+01 18
1 0 1 1 2.5712294071079517e-02 1.8324027856354161e-02 1.0005818573660499e+00 5.7737466857806119e-02 2.2534933341643790e-01 4.4758892074907934e+01 18
1 0 1 1 2.5646621026837069e-02 1.8281459197411250e-02 1.0005977368209416e+00 5.7633396831837574e-02 2.2818060122457501e-01 4.4954724059600103e+01 18
1 0 1 1 2.5580247072324168e-02 1.8238560075494691e-02 1.0006139050027463e+00 5.7529326805869030e-02 2.3104561992035358e-01 4.5152716287286452e+01 18
1 0 1 1 2.5513165681119821e-02 1.8195326398375049e-02 1.0006303613580714e+00 5.7425256779900485e-02 2.3394534675025763e-01 4.5352944522121916e+01 18
1 0 1 1 2.5445369780920706e-02 1.8151753762162257e-02 1.0006471049196668e+00 5.7321186753931941e-02 2.3688079024713168e-01 4.5555488545825447e+01 17
1 0 1 1 2.5376850786139722e-02 1.8107829900941206e-02 1.0006641382595070e+00 5.7217116727963396e-02 2.3985304915941116e-01 4.5760434085196849e+01 17
1 0 1 1 2.5307600206131126e-02 1.8063548164456301e-02 1.0006814606907195e+00 5.7113046701994852e-02 2.4286325416754617e-01 4.5967870197177994e+01 17
1 0 1 1 2.5237610178368293e-02 1.8018911951932972e-02 1.0006990652636816e+00 5.7008976676026307e-02 2.4591255110279950e-01 4.6177888739697771e+01 17
1 0 1 1 2.5166871031576648e-02 1.7973915392199658e-02 1.0007169490188521e+00 5.6904906650057763e-02 2.4900219606673604e-01 4.6390588927548031e+01 18
1 0 1 1 2.5095372317646015e-02 1.7928552173878617e-02 1.0007351083887999e+00 5.6800836624089218e-02 2.5213351995785627e-01 4.6606075857946266e+01 18
1 0 1 1 2.5023102750119569e-02 1.7882815511162543e-02 1.0007535391497191e+00 5.6696766598120674e-02 2.5530793473965896e-01 4.6824461007926601e+01 18
1 0 1 1 2.4950050135994245e-02 1.7836698105876059e-02 1.0007722363689404e+00 5.6592696572152129e-02 2.5852694039465679e-01 4.7045862786283486e+01 18
1 0 1 1 2.4876201299949302e-02 1.7790192105342474e-02 1.0007911943480021e+00 5.6488626546183585e-02 2.6179213265862661e-01 4.7270407147571945e+01 18
1 0 1 1 2.4801541999949321e-02 1.7743289055463168e-02 1.0008104065607943e+00 5.6384556520215040e-02 2.6510521164418238e-01 4.7498228276869966e+01 18
1 0 1 1 2.4726056833013078e-02 1.7695979848350259e-02 1.0008298655861991e+00 5.6280486494246496e-02 2.6846799148080513e-01 4.7729469355443847e+01 18
1 0 1 1 2.4649729129720712e-02 1.7648254663717323e-02 1.0008495630345740e+00 5.6176416468277951e-02 2.7188241112133754e-01 4.7964283419287320e+01 18
1 0 1 1 2.4572521236669774e-02 1.7600102903102596e-02 1.0008694894673087e+00 5.6072346442309406e-02 2.7535054649103413e-01 4.8202834324594775e+01 18
1 0 1 1 2.4494418638537092e-02 1.7551513115837081e-02 1.0008896343085665e+00 5.5968276416340862e-02 2.7887462418788261e-01 4.8445297836833888e+01 18
1 0 1 1 2.4415414515762408e-02 1.7502472915447161e-02 1.0009099857481529e+00 5.5864206390372317e-02 2.8245703698187929e-01 4.8691862863215007e+01 18
1 0 1 1 2.4335485809058907e-02 1.7452968884956364e-02 1.0009305306342819e+00 5.5760136364403773e-02 2.8610036141031420e-01 4.8942732852284941e+01 18
1 0 1 1 2.4254607425612133e-02 1.7402986469221612e-02 1.0009512543547634e+00 5.5656066338435228e-02 2.8980737782310906e-01 4.9198127388972033e+01 18
1 0 1 1 2.4172752017519634e-02 1.7352509852084214e-02 1.0009721407048653e+00 5.5551996312466684e-02 2.9358109330787813e-01 4.9458284019436469e+01 18
1 0 1 1 2.4089889727865594e-02 1.7301521815620346e-02 1.0009931717397442e+00 5.5447926286498139e-02 2.9742476801451223e-01 4.9723460347328711e+01 18
1 0 1 1 2.4005987898476921e-02 1.7250003578206802e-02 1.0010143276089090e+00 5.5343856260529595e-02 3.0134194551401694e-01 4.9993936452264037e+01 18
1 0 1 1 2.3921008530482228e-02 1.7197918888231110e-02 1.0010356003343270e+00 5.5239786234561050e-02 3.0533656912131329e-01 5.0270020702712571e+01 18
1 0 1 1 2.3834912930921989e-02 1.7145249818129548e-02 1.0010569625490340e+00 5.5135716208592506e-02 3.0941283695658117e-01 5.0552045984354926e+01 18
1 0 1 1 2.3747659338315189e-02 1.7091982752476434e-02 1.0010783778578778e+00 5.5031646182623961e-02 3.1357532075991007e-01 5.0840376394924419e+01 18
1 0 1 1 2.3659199910834528e-02 1.7038090461992908e-02 1.0010998166541096e+00 5.4927576156655417e-02 3.1782911339686021e-01 5.1135415060654523e+01 19
1 0 1 1 2.3569481642491646e-02 1.6983542845662971e-02 1.0011212461873447e+00 5.4823506130686872e-02 3.2217983840316633e-01 5.1437607309666596e+01 19
1 0 1 1 2.3478445606968708e-02 1.6928306512541444e-02 1.0011426301927557e+00 5.4719436104718328e-02 3.2663372959585951e-01 5.1747447031460744e+01 19
1 0 1 1 2.3386010317908101e-02 1.6872344281175903e-02 1.0011639284569045e+00 5.4615366078749783e-02 3.3119772663096347e-01 5.2065484314140356e+01 19
1 0 1 1 2.3292085329028319e-02 1.6815614575823815e-02 1.0011850963051721e+00 5.4511296052781238e-02 3.3587959058197348e-01 5.2392334686609694e+01 19
1 0 1 1 2.3196620306894272e-02 1.6758070692138992e-02 1.0012060839911789e+00 5.4407226026812694e-02 3.4068804490253379e-01 5.2728690396700578e+01 19
1 0 1 1 2.3099521472496793e-02 1.6699659895988418e-02 1.0012268359623362e+00 5.4303156000844149e-02 3.4563294891859692e-01 5.3075334299618383e+01 19
1 0 1 1 2.3000682144191816e-02 1.6640322306423014e-02 1.0012472899669522e+00 5.4199085974875605e-02 3.5072551349870096e-01 5.3433157132671994e+01 19
1 0 1 1 2.2899978845611683e-02 1.6579980363429295e-02 1.0012673862808092e+00 5.4095015948907060e-02 3.5597862303855204e-01 5.3803180926461842e+01 19
1 0 1 1 2.2797268034327339e-02 1.6518536604429621e-02 1.0012870678587611e+00 5.3990945922938516e-02 3.6140718292902430e-01 5.4186586610539088e+01 19
1 0 1 1 2.2692390275761441e-02 1.6455927470520715e-02 1.0013062137469559e+00 5.3886875896969971e-02 3.6702825153904067e-01 5.4584739541696528e+01 19
1 0 1 1 2.2585153799612675e-02 1.6392046014265169e-02 1.0013247206746021e+00 5.3782805871001427e-02 3.7286203691618286e-01 5.4999250015070174e+01 20
1 0 1 1 2.2475325576766101e-02 1.6326765740238034e-02 1.0013424693421071e+00 5.3678735845032882e-02 3.7893251765121400e-01 5.5432030377901071e+01 20
1 0 1 1 2.2362580446541148e-02 1.6259935244585747e-02 1.0013593205515630e+00 5.3574665819064338e-02 3.8526849673079866e-01 5.5885379754704040e+01 20
1 0 1 1 2.2246646226342759e-02 1.6191370792004601e-02 1.0013751099283577e+00 5.3470595793095793e-02 3.9190506557382193e-01 5.6362101828081528e+01 20
1 0 1 1 2.2127114302466784e-02 1.6120845765569051e-02 1.0013896405275802e+00 5.3366525767127249e-02 3.9888569161589665e-01 5.6865672898411731e+01 20
1 0 1 1 2.2003464915863396e-02 1.6048041461159700e-02 1.0014027152126868e+00 5.3262455741158704e-02 4.0626550329983907e-01 5.7400496736568201e+01 20
1 0 1 1 2.1875037650774792e-02 1.5972607311353318e-02 1.0014140149184276e+00 5.3158385715190160e-02 4.1411544542274648e-01 5.7972263736192069e+01 21
1 0 1 1 2.1740955758128108e-02 1.5894073983287450e-02 1.0014231344479092e+00 5.3054315689221615e-02 4.2253004841040387e-01 5.8588563636952394e+01 21
1 0 1 1 2.1599931444075553e-02 1.5811773306952680e-02 1.0014295638216428e+00 5.2950245663253070e-02 4.3164012158360998e-01 5.9259905186394541e+01 21
1 0 1 1 2.1450283314211397e-02 1.5724742033938116e-02 1.0014325929450123e+00 5.2846175637284526e-02 4.4163540413088376e-01 6.0001551234495267e+01 22
1 0 1 1 2.1289324228728663e-02 1.5631451404678347e-02 1.0014312265978844e+00 5.2742105611315981e-02 4.5281021794812210e-01 6.0837196488453436e+01 22
1 0 1 1 2.1112498868367070e-02 1.5529405943334582e-02 1.0014237217945163e+00 5.2638035585347437e-02 4.6566549146170927e-01 6.1807256855789277e+01 23
1 0 1 1 2.0910696426733731e-02 1.5413683370385865e-02 1.0014067601682484e+00 5.2533965559378892e-02 4.8119642664947615e-01 6.2992157519724870e+01 23
1 0 1 1 2.0907875393621180e-02 1.5412071285574997e-02 1.0014064557411086e+00 5.2532631058399386e-02 4.8142090980220326e-01 6.3009390121683005e+01 14
1 0 1 1 2.0905046975766946e-02 1.5410455140198629e-02 1.0014061485911225e+00 5.2531296557419879e-02 4.8164619965777211e-01 6.3026687727089083e+01 14
1 0 1 1 2.0902211099099864e-02 1.5408834893554463e-02 1.0014058386924196e+00 5.2529962056440373e-02 4.8187230448536178e-01 6.3044051005614570e+01 14
1 0 1 1 2.0899367688293483e-02 1.5407210504251511e-02 1.0014055260187014e+00 5.2528627555460866e-02 4.8209923269519295e-01 6.3061480638368181e+01 14
1 0 1 1 2.0896516666730654e-02 1.5405581930189620e-02 1.0014052105432292e+00 5.2527293054481360e-02 4.8232699284238134e-01 6.3078977318208679e+01 14
1 0 1 1 2.0893657956474642e-02 1.5403949128543978e-02 1.0014048922388148e+00 5.2525958553501853e-02 4.8255559363022715e-01 6.3096541750011937e+01 14
1 0 1 1 2.0890791478236387e-02 1.5402312055747146e-02 1.0014045710778094e+00 5.2524624052522347e-02 4.8278504391386257e-01 6.3114174650967009e+01 14
1 0 1 1 2.0887917151344026e-02 1.5400670667472490e-02 1.0014042470320927e+00 5.2523289551542840e-02 4.8301535270376172e-01 6.3131876750861103e+01 14
1 0 1 1 2.0885034893703025e-02 1.5399024918611580e-02 1.0014039200730600e+00 5.2521955050563333e-02 4.8324652917003486e-01 6.3149648792428145e+01 14
1 0 1 1 2.0882144621768264e-02 1.5397374763260446e-02 1.0014035901716127e+00 5.2520620549583827e-02 4.8347858264597210e-01 6.3167491531634660e+01 14
1 0 1 1 2.0879246250500031e-02 1.5395720154693185e-02 1.0014032572981433e+00 5.2519286048604320e-02 4.8371152263249800e-01 6.3185405738044089e+01 14
1 0 1 1 2.0876339693333402e-02 1.5394061045347022e-02 1.0014029214225248e+00 5.2517951547624814e-02 4.8394535880196304e-01 6.3203392195122717e+01 14
1 0 1 1 2.0873424862137363e-02 1.5392397386798639e-02 1.0014025825140977e+00 5.2516617046645307e-02 4.8418010100263109e-01 6.3221451700605627e+01 14
1 0 1 1 2.0870501667164362e-02 1.5390729129737686e-02 1.0014022405416527e+00 5.2515282545665801e-02 4.8441575926432812e-01 6.3239585066949019e+01 14
1 0 1 1 2.0867570017027479e-02 1.5389056223952848e-02 1.0014018954734223e+00 5.2513948044686294e-02 4.8465234380111016e-01 6.3257793121555942e+01 14
1 0 1 1 2.0864629818647222e-02 1.5387378618303931e-02 1.0014015472770632e+00 5.2512613543706788e-02 4.8488986501720271e-01 6.3276076707252464e+01 14
1 0 1 1 2.0861680977205171e-02 1.5385696260695110e-02 1.0014011959196414e+00 5.2511279042727281e-02 4.8512833351212142e-01 6.3294436682704820e+01 14
1 0 1 1 2.0858723396105467e-02 1.5384009098055654e-02 1.0014008413676183e+00 5.2509944541747774e-02 4.8536776008535853e-01 6.3312873922798005e+01 14
1 0 1 1 2.0855756976919788e-02 1.5382317076307406e-02 1.0014004835868324e+00 5.2508610040768268e-02 4.8560815574208976e-01 6.3331389319101802e+01 14
1 0 1 1 2.0852781619345399e-02 1.5380620140343656e-02 1.0014001225424856e+00 5.2507275539788761e-02 4.8584953169823808e-01 6.3349983780280098e+01 14
1 0 1 1 2.0849797221149588e-02 1.5378918233997518e-02 1.0013997581991234e+00 5.2505941038809255e-02 4.8609189938662345e-01 6.3368658232590057e+01 14
1 0 1 1 2.0846803678119322e-02 1.5377211300014711e-02 1.0013993905206193e+00 5.2504606537829748e-02 4.8633527046265795e-01 6.3387413620344383e+01 14
1 0 1 1 2.0843800884006614e-02 1.5375499280023477e-02 1.0013990194701556e+00 5.2503272036850242e-02 4.8657965681048160e-01 6.3406250906409625e+01 14
1 0 1 1 2.0840788730474815e-02 1.5373782114505501e-02 1.0013986450102050e+00 5.2501937535870735e-02 4.8682507054904539e-01 6.3425171072699861e+01 14
1 0 1 1 2.0837767107035141e-02 1.5372059742759932e-02 1.0013982671025103e+00 5.2500603034891229e-02 4.8707152403915138e-01 6.3444175120748170e+01 14
1 0 1 1 2.0834735900993242e-02 1.5370332102876102e-02 1.0013978857080652e+00 5.2499268533911722e-02 4.8731902988978026e-01 6.3463264072218692e+01 14
1 0 1 1 2.0831694997379694e-02 1.5368599131692714e-02 1.0013975007870912e+00 5.2497934032932216e-02 4.8756760096550600e-01 6.3482438969511023e+01 14
1 0 1 1 2.0828644278891893e-02 1.5366860764768193e-02 1.0013971122990193e+00 5.2496599531952709e-02 4.8781725039331436e-01 6.3501700876312213e+01 14
1 0 1 1 2.0825583625825005e-02 1.5365116936341332e-02 1.0013967202024641e+00 5.2495265030973202e-02 4.8806799157030850e-01 6.3521050878223598e+01 14
1 0 1 1 2.0822512915991759e-02 1.5363367579288368e-02 1.0013963244552002e+00 5.2493930529993696e-02 4.8831983817273727e-01 6.3540490083487796e+01 14
1 0 1 1 2.0819432024669158e-02 1.5361612625092643e-02 1.0013959250141411e+00 5.2492596029014189e-02 4.8857280416203380e-01 6.3560019623488081e+01 14
1 0 1 1 2.0816340824513120e-02 1.5359852003798739e-02 1.0013955218353123e+00 5.2491261528034683e-02 4.8882690379444599e-01 6.3579640653524045e+01 14
1 0 1 1 2.0813239185478248e-02 1.5358085643967278e-02 1.0013951148738240e+00 5.2489927027055176e-02 4.8908215162994978e-01 6.3599354353536761e+01 14
1 0 1 1 2.0810126974744273e-02 1.5356313472636439e-02 1.0013947040838458e+00 5.2488592526075670e-02 4.8933856254087804e-01 6.3619161928807550e+01 14
1 0 1 1 2.0807004056624317e-02 1.5354535415269200e-02 1.0013942894185763e+00 5.2487258025096163e-02 4.8959615172179094e-01 6.3639064610761942e+01 14
1 0 1 1 2.0803870158070913e-02 1.5352750814494904e-02 1.0013938715272381e+00 5.2485923524116657e-02 4.8985494303071631e-01 6.3659064158710429e+01 14
1 0 1 1 2.0800725013897747e-02 1.5350959062853707e-02 1.0013934509940554e+00 5.2484589023137150e-02 4.9011496005387400e-01 6.3679162325681844e+01 14
1 0 1 1 2.0797568734268277e-02 1.5349161185623102e-02 1.0013930264430968e+00 5.2483254522157644e-02 4.9037620323934061e-01 6.3699359479469344e+01 14
1 0 1 1 2.0794401171074835e-02 1.5347357101385024e-02 1.0013925978234175e+00 5.2481920021178137e-02 4.9063868917838882e-01 6.3719656964800755e+01 14
1 0 1 1 2.0791222172874862e-02 1.5345546726889337e-02 1.0013921650829465e+00 5.2480585520198630e-02 4.9090243483754348e-01 6.3740056156850855e+01 14
1 0 1 1 2.0788031584778856e-02 1.5343729976991067e-02 1.0013917281684475e+00 5.2479251019219124e-02 4.9116745757111219e-01 6.3760558462258437e+01 14
1 0 1 1 2.0784829248346848e-02 1.5341906764595514e-02 1.0013912870254842e+00 5.2477916518239617e-02 4.9143377513316994e-01 6.3781165320097877e+01 14
1 0 1 1 2.0781615001468311e-02 1.5340077000590218e-02 1.0013908415983812e+00 5.2476582017260111e-02 4.9170140569069382e-01 6.3801878202948032e+01 14
1 0 1 1 2.0778388678245517e-02 1.5338240593781654e-02 1.0013903918301839e+00 5.2475247516280604e-02 4.9197036783695919e-01 6.3822698617979334e+01 14
1 0 1 1 2.0775150108855132e-02 1.5336397450819928e-02 1.0013899376626128e+00 5.2473913015301098e-02 4.9224068060704357e-01 6.3843628108206588e+01 14
1 0 1 1 2.0771899119438691e-02 1.5334547476137283e-02 1.0013894790360252e+00 5.2472578514321591e-02 4.9251236349028255e-01 6.3864668253509699e+01 14
1 0 1 1 2.0768635531954391e-02 1.5332690571867860e-02 1.0013890158893675e+00 5.2471244013342085e-02 4.9278543644694089e-01 6.3885820671980959e+01 14
1 0 1 1 2.0765359164032198e-02 1.5330826637766977e-02 1.0013885481601250e+00 5.2469909512362578e-02 4.9305991992441978e-01 6.3907087021242390e+01 14
1 0 1 1 2.0762069828833159e-02 1.5328955571135533e-02 1.0013880757842761e+00 5.2468575011383072e-02 4.9333583487350935e-01 6.3928468999763602e+01 14
1 0 1 1 2.0758767334885641e-02 1.5327077266727843e-02 1.0013875986962359e+00 5.2467240510403565e-02 4.9361320276634452e-01 6.3949968348322315e+01 14
1 0 1 1 2.0755451485931099e-02 1.5325191616668692e-02 1.0013871168288060e+00 5.2465906009424058e-02 4.9389204561417194e-01 6.3971586851445117e+01 14
1 0 1 1 2.0752122080748042e-02 1.5323298510355689e-02 1.0013866301131138e+00 5.2464571508444552e-02 4.9417238598705548e-01 6.3993326339007382e+01 14
1 0 1 1 2.0748778912977498e-02 1.5321397834363601e-02 1.0013861384785561e+00 5.2463237007465045e-02 4.9445424703363072e-01 6.4015188687837139e+01 14
1 0 1 1 2.0745421770936325e-02 1.5319489472341867e-02 1.0013856418527345e+00 5.2461902506485539e-02 4.9473765250211771e-01 6.4037175823421379e+01 14
1 0 1 1 2.0742050437425760e-02 1.5317573304909781e-02 1.0013851401613927e+00 5.2460568005506032e-02 4.9502262676196401e-01 6.4059289721663191e+01 14
1 0 1 1 2.0738664689521374e-02 1.5315649209539919e-02 1.0013846333283452e+00 5.2459233504526526e-02 4.9530919482743219e-01 6.4081532410797024e+01 14
1 0 1 1 2.0735264298367664e-02 1.5313717060447263e-02 1.0013841212754093e+00 5.2457899003547019e-02 4.9559738238111717e-01 6.4103905973296364e+01 14
1 0 1 1 2.0731849028945447e-02 1.5311776728459204e-02 1.0013836039223267e+00 5.2456564502567513e-02 4.9588721579967276e-01 6.4126412547965444e+01 14
1 0 1 1 2.0728418639845508e-02 1.5309828080892825e-02 1.0013830811866875e+00 5.2455230001588006e-02 4.9617872217975723e-01 6.4149054332044059e+01 14
1 0 1 1 2.0724972883019419e-02 1.5307870981416937e-02 1.0013825529838472e+00 5.2453895500608499e-02 4.9647192936600493e-01 6.4171833583480449e+01 14
1 0 1 1 2.0721511503507910e-02 1.5305905289904026e-02 1.0013820192268361e+00 5.2452560999628993e-02 4.9676686598164044e-01 6.4194752623410835e+01 14
1 0 1 1 2.0718034239191777e-02 1.5303930862292073e-02 1.0013814798262750e+00 5.2451226498649486e-02 4.9706356145670300e-01 6.4217813838460685e+01 14
1 0 1 1 2.0714540820493340e-02 1.5301947550421750e-02 1.0013809346902758e+00 5.2449891997669980e-02 4.9736204606169543e-01 6.4241019683470739e+01 14
1 0 1 1 2.0711030970073124e-02 1.5299955201868557e-02 1.0013803837243400e+00 5.2448557496690473e-02 4.9766235094170297e-01 6.4264372684269020e+01 14
1 0 1 1 2.0707504402521299e-02 1.5297953659775213e-02 1.0013798268312555e+00 5.2447222995710967e-02 4.9796450815156840e-01 6.4287875440525397e+01 14
1 0 1 1 2.0703960824016199e-02 1.5295942762661647e-02 1.0013792639109822e+00 5.2445888494731460e-02 4.9826855069396886e-01 6.4311530628846199e+01 14
1 0 1 1 2.0700399931981115e-02 1.5293922344238433e-02 1.0013786948605374e+00 5.2444553993751954e-02 4.9857451255848917e-01 6.4335341005945352e+01 14
1 0 1 1 2.0696821414707228e-02 1.5291892233198646e-02 1.0013781195738698e+00 5.2443219492772447e-02 4.9888242876404643e-01 6.4359309412089388e+01 14
1 0 1 1 2.0693224950966413e-02 1.5289852253005325e-02 1.0013775379417293e+00 5.2441884991792941e-02 4.9919233540268904e-01 6.4383438774654124e+01 14
1 0 1 1 2.0689610209597448e-02 1.5287802221664312e-02 1.0013769498515295e+00 5.2440550490813434e-02 4.9950426968623912e-01 6.4407732111912438e+01 14
1 0 1 1 2.0685976849073827e-02 1.5285741951487127e-02 1.0013763551872032e+00 5.2439215989833927e-02 4.9981826999515599e-01 6.4432192537002209e+01 14
1 0 1 1 2.0682324517036173e-02 1.5283671248833036e-02 1.0013757538290453e+00 5.2437881488854421e-02 5.0013437593119503e-01 6.4456823262202619e+01 14
1 0 1 1 2.0678652849813111e-02 1.5281589913847813e-02 1.0013751456535536e+00 5.2436546987874914e-02 5.0045262837184457e-01 6.4481627603353090e+01 14
1 0 1 1 2.0674961471897350e-02 1.5279497740173452e-02 1.0013745305332533e+00 5.2435212486895408e-02 5.0077306952903944e-01 6.4506608984624108e+01 14
1 0 1 1 2.0671249995406812e-02 1.5277394514654253e-02 1.0013739083365170e+00 5.2433877985915901e-02 5.0109574301030613e-01 6.4531770943481064e+01 14
1 0 1 1 2.0667518019503416e-02 1.5275280017016057e-02 1.0013732789273699e+00 5.2432543484936395e-02 5.0142069388435162e-01 6.4557117136012138e+01 14
1 0 1 1 2.0663765129763426e-02 1.5273154019521779e-02 1.0013726421652820e+00 5.2431208983956888e-02 5.0174796875206540e-01 6.4582651342688408e+01 14
1 0 1 1 2.0659990897550485e-02 1.5271016286625519e-02 1.0013719979049549e+00 5.2429874482977382e-02 5.0207761581749788e-01 6.4608377474137555e+01 14
1 0 1 1 2.0656194879307477e-02 1.5268866574584879e-02 1.0013713459960885e+00 5.2428539981997875e-02 5.0240968496775562e-01 6.4634299577626166e+01 14
1 0 1 1 2.0652376615816013e-02 1.5266704631052947e-02 1.0013706862831324e+00 5.2427205481018369e-02 5.0274422785654338e-01 6.4660421843846024e+01 14
1 0 1 1 2.0648535631419569e-02 1.5264530194653301e-02 1.0013700186050265e+00 5.2425870980038862e-02 5.0308129799228529e-01 6.4686748614069060e+01 14
1 0 1 1 2.0644671433177740e-02 1.5262342994513296e-02 1.0013693427949195e+00 5.2424536479059355e-02 5.0342095083314475e-01 6.4713284387867319e+01 14
1 0 1 1 2.0640783509982493e-02 1.5260142749780299e-02 1.0013686586798731e+00 5.2423201978079849e-02 5.0376324388724802e-01 6.4740033831250898e+01 14
1 0 1 1 2.0636871331598292e-02 1.5257929169093565e-02 1.0013679660805426e+00 5.2421867477100342e-02 5.0410823682095451e-01 6.4767001785461360e+01 14
1 0 1 1 2.0632934347647396e-02 1.5255701950027111e-02 1.0013672648108374e+00 5.2420532976120836e-02 5.0445599157356236e-01 6.4794193276287956e+01 14
1 0 1 1 2.0628971986520830e-02 1.5253460778491417e-02 1.0013665546775588e+00 5.2419198475141329e-02 5.0480657248033567e-01 6.4821613524059927e+01 14
1 0 1 1 2.0624983654215948e-02 1.5251205328095407e-02 1.0013658354800117e+00 5.2417863974161823e-02 5.0516004640386625e-01 6.4849267954315550e+01 14
1 0 1 1 2.0620968733080152e-02 1.5248935259455221e-02 1.0013651070095850e+00 5.2416529473182316e-02 5.0551648287590945e-01 6.4877162209322393e+01 14
1 0 1 1 2.0616926580479623e-02 1.5246650219464874e-02 1.0013643690493093e+00 5.2415194972202810e-02 5.0587595424816856e-01 6.4905302160322265e+01 14
1 0 1 1 2.0612856527350926e-02 1.5244349840498347e-02 1.0013636213733730e+00 5.2413860471223303e-02 5.0623853585548129e-01 6.4933693920788599e+01 14
1 0 1 1 2.0608757876662269e-02 1.5242033739566226e-02 1.0013628637466097e+00 5.2412525970243797e-02 5.0660430619007246e-01 6.4962343860578017e+01 14
1 0 1 1 2.0604629901744276e-02 1.5239701517397569e-02 1.0013620959239407e+00 5.2411191469264290e-02 5.0697334709009390e-01 6.4991258621246018e+01 14
1 0 1 1 2.0600471844477625e-02 1.5237352757445624e-02 1.0013613176497740e+00 5.2409856968284783e-02 5.0734574394439647e-01 6.5020445132673188e+01 14
1 0 1 1 2.0596282913382773e-02 1.5234987024837247e-02 1.0013605286573644e+00 5.2408522467305277e-02 5.0772158590857408e-01 6.5049910630623430e+01 14
1 0 1 1 2.0592062281509147e-02 1.5232603865214588e-02 1.0013597286681122e+00 5.2407187966325770e-02 5.0810096614351552e-01 6.5079662676114353e+01 14
1 0 1 1 2.0587809084164136e-02 1.5230202803486513e-02 1.0013589173908068e+00 5.2405853465346264e-02 5.0848398207198031e-01 6.5109709176260111e+01 14
1 0 1 1 2.0583522416465012e-02 1.5227783342485812e-02 1.0013580945208105e+00 5.2404518964366757e-02 5.0887073565569607e-01 6.5140058406777868e+01 14
1 0 1 1 2.0579201330662537e-02 1.5225344961496709e-02 1.0013572597391678e+00 5.2403184463387251e-02 5.0926133369744742e-01 6.5170719036529292e+01 14
1 0 1 1 2.0574844833251234e-02 1.5222887114669591e-02 1.0013564127116434e+00 5.2401849962407744e-02 5.0965588816811080e-01 6.5201700154084023e+01 14
1 0 1 1 2.0570451881804643e-02 1.5220409229281624e-02 1.0013555530876679e+00 5.2400515461428238e-02 5.1005451656432443e-01 6.5233011296773824e+01 14
1 0 1 1 2.0566021381537351e-02 1.5217910703848737e-02 1.0013546804991946e+00 5.2399180960448731e-02 5.1045734229725503e-01 6.5264662482273053e+01 14
1 0 1 1 2.0561552181544148e-02 1.5215390906059886e-02 1.0013537945594468e+00 5.2397846459469224e-02 5.1086449511780430e-01 6.5296664243139858e+01 14
1 0 1 1 2.0557043070689868e-02 1.5212849170519776e-02 1.0013528948615504e+00 5.2396511958489718e-02 5.1127611158143216e-01 6.5329027664575804e+01 14
1 0 1 1 2.0552492773089827e-02 1.5210284796265577e-02 1.0013519809770304e+00 5.2395177457510211e-02 5.1169233555905302e-01 6.5361764425928769e+01 14
1 0 1 1 2.0547899737788450e-02 1.5207697044051951e-02 1.0013510524541658e+00 5.2393842956530705e-02 5.1211331879672473e-01 6.5394886846157860e+01 14
1 0 1 1 2.0543259288505034e-02 1.5205085133353289e-02 1.0013501088161738e+00 5.2392508455551198e-02 5.1253922153211084e-01 6.5428407933916830e+01 14
1 0 1 1 2.0538573351865364e-02 1.5202448239061347e-02 1.0013491495592117e+00 5.2391173954571692e-02 5.1297021317482105e-01 6.5462341442822122e+01 14
1 0 1 1 2.0533840336989191e-02 1.5199785487824519e-02 1.0013481741501598e+00 5.2389839453592185e-02 5.1340647306027087e-01 6.5496701932690087e+01 14
1 0 1 1 2.0529058557765427e-02 1.5197095954019857e-02 1.0013471820241824e+00 5.2388504952612679e-02 5.1384819127905157e-01 6.5531504836924753e+01 14
1 0 1 1 2.0524226224649375e-02 1.5194378655251996e-02 1.0013461725820043e+00 5.2387170451633172e-02 5.1429556960405320e-01 6.5566766537831654e+01 14
1 0 1 1 2.0519341435547414e-02 1.5191632547349261e-02 1.0013451451868829e+00 5.2385835950653666e-02 5.1474882252066623e-01 6.5602504450314953e+01 14
1 0 1 1 2.0514402165657163e-02 1.5188856518789153e-02 1.0013440991612339e+00 5.2384501449674159e-02 5.1520817837565624e-01 6.5638737115213274e+01 14
1 0 1 1 2.0509406256073143e-02 1.5186049384442528e-02 1.0013430337828479e+00 5.2383166948694652e-02 5.1567388066472597e-01 6.5675484303909045e+01 14
1 0 1 1 2.0504351401019100e-02 1.5183209878567895e-02 1.0013419482806523e+00 5.2381832447715146e-02 5.1614618947632218e-01 6.5712767135628056e+01 14
1 0 1 1 2.0499235133448798e-02 1.5180336646907835e-02 1.0013408418299292e+00 5.2380497946735639e-02 5.1662538311936312e-01 6.5750608209685211e+01 14
1 0 1 1 2.0494054808797277e-02 1.5177428237771054e-02 1.0013397135469251e+00 5.2379163445756133e-02 5.1711175996049707e-01 6.5789031754755371e+01 14
1 0 1 1 2.0488807586555774e-02 1.5174483091920630e-02 1.0013385624827340e+00 5.2377828944776626e-02 5.1760564050724478e-01 6.5828063798123367e+01 14
1 0 1 1 2.0483490409319887e-02 1.5171499531074774e-02 1.0013373876163467e+00 5.2376494443797120e-02 5.1810736977724825e-01 6.5867732358181811e+01 14
1 0 1 1 2.0478099978847846e-02 1.5168475744766310e-02 1.0013361878467066e+00 5.2375159942817613e-02 5.1861732000534233e-01 6.5908067664378606e+01 14
1 0 1 1 2.0472632728634532e-02 1.5165409775292378e-02 1.0013349619836132e+00 5.2373825441838107e-02 5.1913589374536140e-01 6.5949102409237867e+01 14
1 0 1 1 2.0467084792308039e-02 1.5162299500367201e-02 1.0013337087372385e+00 5.2372490940858600e-02 5.1966352744368238e-01 6.5990872038717413e+01 14
1 0 1 1 2.0461451967097345e-02 1.5159142613074455e-02 1.0013324267060129e+00 5.2371156439879094e-02 5.2020069557115323e-01 6.6033415087934955e+01 14
1 0 1 1 2.0455729671349704e-02 1.5155936598550603e-02 1.0013311143625379e+00 5.2369821938899587e-02 5.2074791542776644e-01 6.6076773571564303e+01 14
1 0 1 1 2.0449912894871577e-02 1.5152678706732346e-02 1.0013297700371242e+00 5.2368487437920080e-02 5.2130575275928215e-01 6.6120993440201929e+01 14
1 0 1 1 2.0443996140646899e-02 1.5149365920369494e-02 1.0013283918984694e+00 5.2367152936940574e-02 5.2187482834964605e-01 6.6166125116043872e+01 14
1 0 1 1 2.0437973355868045e-02 1.5145994917174872e-02 1.0013269779308005e+00 5.2365818435961067e-02 5.2245582582244354e-01 6.6212224126793316e+01 14
1 0 1 1 2.0431837849897244e-02 1.5142562024799577e-02 1.0013255259066869e+00 5.2364483934981561e-02 5.2304950092104963e-01 6.6259351859738146e+01 14
1 0 1 1 2.0425582195985698e-02 1.5139063166897303e-02 1.0013240333544740e+00 5.2363149434002054e-02 5.2365669262719117e-01 6.6307576465219086e+01 14
1 0 1 1 2.0419198112589541e-02 1.5135493797987424e-02 1.0013224975189638e+00 5.2361814933022548e-02 5.2427833658741807e-01 6.6356973947650843e+01 14
1 0 1 1 2.0412676318912942e-02 1.5131848824178366e-02 1.0013209153135636e+00 5.2360480432043041e-02 5.2491548145690281e-01 6.6407629493612802e+01 14
1 0 1 1 2.0406006357426378e-02 1.5128122505763987e-02 1.0013192832615014e+00 5.2359145931063535e-02 5.2556930898008669e-01 6.6459639103615174e+01 14
1 0 1 1 2.0399176373692644e-02 1.5124308336392426e-02 1.0013175974229140e+00 5.2357811430084028e-02 5.2624115890299228e-01 6.6513111616513541e+01 14
1 0 1 1 2.0392172840196555e-02 1.5120398891504367e-02 1.0013158533034023e+00 5.2356476929104522e-02 5.2693256022279056e-01 6.6568171248928635e+01 14
1 0 1 1 2.0384980205743024e-02 1.5116385635924243e-02 1.0013140457379597e+00 5.2355142428125015e-02 5.2764527086161661e-01 6.6624960819279607e+01 14
1 0 1 1 2.0377580444290361e-02 1.5112258676261833e-02 1.0013121687416247e+00 5.2353807927145508e-02 5.2838132872231247e-01 6.6683645896801394e+01 14
1 0 1 1 2.0369952465609232e-02 1.5108006437488389e-02 1.0013102153144275e+00 5.2352473426166002e-02 5.2914311838434591e-01 6.6744420221614007e+01 14
1 0 1 1 2.0362071332146424e-02 1.5103615233157418e-02 1.0013081771822270e+00 5.2351138925186495e-02 5.2993345973477257e-01 6.6807512907442131e+01 14
1 0 1 1 2.0353907198081101e-02 1.5099068683173608e-02 1.0013060444456663e+00 5.2349804424206989e-02 5.3075572804674764e-01 6.6873198200072508e+01 14
1 0 1 1 2.0345423839614525e-02 1.5094346907236161e-02 1.0013038050939442e+00 5.2348469923227482e-02 5.3161402032985505e-01 6.6941808996361431e+01 14
1 0 1 1 2.0336576565751191e-02 1.5089425378311719e-02 1.0013014443137322e+00 5.2347135422247976e-02 5.3251339181145185e-01 6.7013756062888021e+01 14
1 0 1 1 2.0327309157124170e-02 1.5084273242717942e-02 1.0012989434767225e+00 5.2345800921268469e-02 5.3346020245201276e-01 6.7089556197338638e+01 14
1 0 1 1 2.0317549215079975e-02 1.5078850767800670e-02 1.0012962786016095e+00 5.2344466420288963e-02 5.3446264343896976e-01 6.7169875017272304e+01 14
1 0 1 1 2.0307198488547715e-02 1.5073101174592459e-02 1.0012934210080613e+00 5.2343131919309456e-02 5.3553179071143997e-01 6.7255611574307906e+01 14
1 0 1 1 2.0296124407169096e-02 1.5066951486593538e-02 1.0012903270815421e+00 5.2341797418329949e-02 5.3668264336189986e-01 6.7347984687412733e+01 14
1 0 1 1 2.0284138482761647e-02 1.5060300864429218e-02 1.0012869309250805e+00 5.2340462917350443e-02 5.3793657178676357e-01 6.7448731978736276e+01 14
1 0 1 1 2.0270947721335562e-02 1.5052988362937364e-02 1.0012831358094312e+00 5.2339128416370936e-02 5.3932673786565277e-01 6.7560548431126250e+01 14
1 0 1 1 2.0256057451286471e-02 1.5044742255461045e-02 1.0012787784787578e+00 5.2337793915391430e-02 5.4090913626524195e-01 6.7687984717800106e+01 14
1 0 1 1 2.0238498279422625e-02 1.5035030052302577e-02 1.0012735391157215e+00 5.2336459414411923e-02 5.4279351074947435e-01 6.7839959942090047e+01 14
1 0 1 1 2.0215739612311781e-02 1.5022461706682613e-02 1.0012665831401455e+00 5.2335124913432417e-02 5.4526638127639027e-01 6.8039760870082759e+01 14
1 0 1 1 2.0212613991932329e-02 1.5020737384292661e-02 1.0012656130828863e+00 5.2334977196776440e-02 5.4560875854901847e-01 6.8067456557454861e+01 14
1 0 1 1 2.0209285804786491e-02 1.5018901792341013e-02 1.0012645762117200e+00 5.2334829480120464e-02 5.4597407009796939e-01 6.8097016200792709e+01 18
1 0 1 1 2.0205708331198353e-02 1.5016929268176365e-02 1.0012634571257100e+00 5.2334681763464487e-02 5.4636760645504834e-01 6.8128869801767763e+01 19
1 0 1 1 2.0201813539712610e-02 1.5014782442837299e-02 1.0012622333994106e+00 5.2334534046808510e-02 5.4679707159181934e-01 6.8163643522534059e+01 19
1 0 1 1 2.0197495336601697e-02 1.5012403040216593e-02 1.0012608700620702e+00 5.2334386330152534e-02 5.4727447985282363e-01 6.8202313866067215e+01 19
1 0 1 1 2.0192570759367531e-02 1.5009690561144142e-02 1.0012593068076077e+00 5.2334238613496557e-02 5.4782055067488933e-01 6.8246564873872984e+01 20
1 0 1 1 2.0186667907335015e-02 1.5006440725119577e-02 1.0012574210588951e+00 5.2334090896840581e-02 5.4847740018689861e-01 6.8299819686052757e+01 20
1 0 1 1 2.0178730790697808e-02 1.5002073490466287e-02 1.0012548647795174e+00 5.2333943180184604e-02 5.4936461626318212e-01 6.8371798270701177e+01 20
1 0 1 1 2.0174986369023460e-02 1.5000014234526751e-02 1.0012536505580860e+00 5.2333893942411100e-02 5.4978478046998136e-01 6.8405904277794377e+01 14
1 0 1 1 2.0156699932346173e-02 1.4989967251178389e-02 1.0012476438714033e+00 5.2333844704637596e-02 5.5185182633033714e-01 6.8573867764917949e+01 32
