isScalarized | massIncreased | isMonotoneInside | isMonotoneOutside | mass_Baryon | mass_ADM | AST(radius) | radius  |  phi_c | rho_c | ctr |
1 0 1 1 3.2097527703762015e-02 2.4359033221575080e-02 1.0000000000002331e+00 8.5832899999999782e-02 4.9285332117742680e-03 1.7519024015481858e+01 36
1 1 1 1 3.2097788962501345e-02 2.4359139318888098e-02 1.0000000000002336e+00 8.5832524999999785e-02 4.9301468962584891e-03 1.7519317892339213e+01 38
1 1 1 1 3.2098050201225435e-02 2.4359245403293334e-02 1.0000000000002338e+00 8.5832149999999788e-02 4.9317606212782895e-03 1.7519611767351211e+01 38
1 1 1 1 3.2098311419934120e-02 2.4359351474791621e-02 1.0000000000002340e+00 8.5831774999999791e-02 4.9333743869437322e-03 1.7519905640516487e+01 38
1 1 1 1 3.2098572618628161e-02 2.4359457533382377e-02 1.0000000000002345e+00 8.5831399999999794e-02 4.9349881933705700e-03 1.7520199511834743e+01 38
1 1 1 1 3.2142746756147880e-02 2.4377324937563366e-02 1.0000000000002904e+00 8.5767561919055879e-02 5.2103985325622996e-03 1.7570199165698249e+01 36
1 1 1 1 3.2186394779765412e-02 2.4394841958794038e-02 1.0000000000003570e+00 8.5703650588978775e-02 5.4878096996414973e-03 1.7620199389327276e+01 36
1 1 1 1 3.2229520873051171e-02 2.4412011837713698e-02 1.0000000000004359e+00 8.5639662897863955e-02 5.7676583405470118e-03 1.7670199823942244e+01 36
1 1 1 1 3.2272128786780339e-02 2.4428837592569939e-02 1.0000000000005291e+00 8.5575596103650176e-02 6.0503095247774049e-03 1.7720200329665964e+01 36
1 1 1 1 3.2314221743064052e-02 2.4445321988510047e-02 1.0000000000006388e+00 8.5511448026098835e-02 6.3360696425112844e-03 1.7770200759946732e+01 36
1 1 1 1 3.2355725208325803e-02 2.4461467632855397e-02 1.0000000000007672e+00 8.5447216753694155e-02 6.6251981077086455e-03 1.7820201128937772e+01 36
1 1 1 1 3.2396697418474306e-02 2.4477276952898742e-02 1.0000000000009170e+00 8.5382900789125971e-02 6.9179147596185302e-03 1.7870201447352414e+01 36
1 1 1 1 3.2437161567500705e-02 2.4492752225360303e-02 1.0000000000010918e+00 8.5318498994047920e-02 7.2144064223230702e-03 1.7920201723487022e+01 36
1 1 1 1 3.2477119646613289e-02 2.4507895601147793e-02 1.0000000000012943e+00 8.5254010542593794e-02 7.5148321551700903e-03 1.7970201963867677e+01 36
1 1 1 1 3.2516573428650906e-02 2.4522709126277825e-02 1.0000000000015288e+00 8.5189434881748183e-02 7.8193275137328211e-03 1.8020202173716903e+01 36
1 1 1 1 3.2555524505305557e-02 2.4537194759633767e-02 1.0000000000017997e+00 8.5124771697283330e-02 8.1280080487888037e-03 1.8070202357329585e+01 36
1 1 1 1 3.2593977396298227e-02 2.4551331990002069e-02 1.0000000000021114e+00 8.5060020884451193e-02 8.4409959490581200e-03 1.8120206285191980e+01 36
1 1 1 1 3.2631926416868413e-02 2.4565107486742958e-02 1.0000000000024696e+00 8.4995197159279612e-02 8.7583167538984371e-03 1.8170204693048767e+01 36
1 1 1 1 3.2669372269113171e-02 2.4578558690921425e-02 1.0000000000028804e+00 8.4930294025365394e-02 9.0800368717028589e-03 1.8220197079920901e+01 36
1 1 1 1 3.2706330545575250e-02 2.4591692517326097e-02 1.0000000000033500e+00 8.4865286603246493e-02 9.4063426327918604e-03 1.8270202889676721e+01 36
1 1 1 1 3.2742788065213170e-02 2.4604505589142057e-02 1.0000000000038862e+00 8.4800200258568714e-02 9.7371609778888601e-03 1.8320202985847576e+01 36
1 1 1 1 3.2778750101172996e-02 2.4617001121363790e-02 1.0000000000044968e+00 8.4735028202425955e-02 1.0072571434190949e-02 1.8370203070664882e+01 36
1 1 1 1 3.2814217649903811e-02 2.4629180794345545e-02 1.0000000000051912e+00 8.4669771149792850e-02 1.0412609464510766e-02 1.8420203145588964e+01 36
1 1 1 1 3.2849144382539178e-02 2.4641046273989109e-02 1.0000000000059790e+00 8.4604429902581380e-02 1.0757304323202023e-02 1.8470203211894809e+01 36
1 1 1 1 3.2883537604895652e-02 2.4652599215683281e-02 1.0000000000068714e+00 8.4539005339895057e-02 1.1106679841342114e-02 1.8520203270683307e+01 36
1 1 1 1 3.2917438695416974e-02 2.4663841267629927e-02 1.0000000000078806e+00 8.4473498409486758e-02 1.1460755101811862e-02 1.8570203322938266e+01 36
1 1 1 1 3.2950848624773911e-02 2.4674774073579004e-02 1.0000000000090199e+00 8.4407910120406104e-02 1.1819545019740951e-02 1.8620203369493769e+01 36
1 1 1 1 3.2983768367398109e-02 2.4685399275144956e-02 1.0000000000103042e+00 8.4342241536484452e-02 1.2183060843379339e-02 1.8670203411083541e+01 36
1 1 1 1 3.3016198906061826e-02 2.4695718513704550e-02 1.0000000000117495e+00 8.4276493770700955e-02 1.2551310586279783e-02 1.8720203448348332e+01 36
1 1 1 1 3.3048141235735864e-02 2.4705733431968604e-02 1.0000000000133737e+00 8.4210667980265330e-02 1.2924299401028981e-02 1.8770203481838696e+01 36
1 1 1 1 3.3079597301875374e-02 2.4715436875131558e-02 1.0000000000151965e+00 8.4144765362299201e-02 1.3302040393510529e-02 1.8820204891974615e+01 36
1 1 1 1 3.3110568961429818e-02 2.4724797050337675e-02 1.0000000000172400e+00 8.4078792607490238e-02 1.3684541865443753e-02 1.8870208660027906e+01 36
1 1 1 1 3.3141046160060736e-02 2.4733854919562866e-02 1.0000000000195262e+00 8.4012765792714328e-02 1.4071665198888608e-02 1.8920197121600491e+01 36
1 1 1 1 3.3171050235971514e-02 2.4742618166436303e-02 1.0000000000220819e+00 8.3946642212395173e-02 1.4463665262289862e-02 1.8970203583569575e+01 36
1 1 1 1 3.3200567450733964e-02 2.4751084082666609e-02 1.0000000000249343e+00 8.3880455481342042e-02 1.4860347036440909e-02 1.9020203604133908e+01 36
1 1 1 1 3.3229602819129518e-02 2.4759255500157989e-02 1.0000000000281140e+00 8.3814198434684462e-02 1.5261754185637808e-02 1.9070203622946579e+01 36
1 1 1 1 3.3258157487313013e-02 2.4767134109544064e-02 1.0000000000316542e+00 8.3747872440680382e-02 1.5667878895926114e-02 1.9120203640205911e+01 36
1 1 1 1 3.3286232628478414e-02 2.4774721608013934e-02 1.0000000000355913e+00 8.3681478888715799e-02 1.6078712175146070e-02 1.9170203656081672e+01 36
1 1 1 1 3.3313815624669639e-02 2.4782019699452550e-02 1.0000000000399645e+00 8.3615019187673723e-02 1.6494243964559313e-02 1.9220203670713314e+01 36
1 1 1 1 3.3340858900491814e-02 2.4789030094515246e-02 1.0000000000448166e+00 8.3548494764442371e-02 1.6914463237899444e-02 1.9270203684231529e+01 36
1 1 1 1 3.3367426085482169e-02 2.4795754510653755e-02 1.0000000000501941e+00 8.3481907062611049e-02 1.7339358088998506e-02 1.9320203696737121e+01 36
1 1 1 1 3.3393518487356368e-02 2.4802194672094064e-02 1.0000000000561473e+00 8.3415257541229804e-02 1.7768915810225355e-02 1.9370203708331992e+01 36
1 1 1 1 3.3419137442670534e-02 2.4808352309765452e-02 1.0000000000627314e+00 8.3348547673745166e-02 1.8203122962011084e-02 1.9420203719087571e+01 36
1 1 1 1 3.3444284316923999e-02 2.4814229161218112e-02 1.0000000000700053e+00 8.3281778946946217e-02 1.8641965435657267e-02 1.9470203729084091e+01 36
1 1 1 1 3.3468960504544107e-02 2.4819826970485577e-02 1.0000000000780334e+00 8.3214952860080127e-02 1.9085428509162203e-02 1.9520203738383682e+01 36
1 1 1 1 3.3493167428821462e-02 2.4825147487939115e-02 1.0000000000868849e+00 8.3148070923988793e-02 1.9533496897628656e-02 1.9570203747028266e+01 36
1 1 1 1 3.3516906541819269e-02 2.4830192470123129e-02 1.0000000000966349e+00 8.3081134660270117e-02 1.9986154799129335e-02 1.9620203755083086e+01 36
1 1 1 1 3.3540180838129527e-02 2.4834943562133095e-02 1.0000000001073683e+00 8.3014145600614431e-02 2.0443413013038373e-02 1.9670206708938053e+01 36
1 1 1 1 3.3562987950235552e-02 2.4839399035983790e-02 1.0000000001191718e+00 8.2947117129385767e-02 2.0905177331405341e-02 1.9720204172791203e+01 36
1 1 1 1 3.3585331291265563e-02 2.4843584199671167e-02 1.0000000001321379e+00 8.2880040569791702e-02 2.1371469456095655e-02 1.9770200448875816e+01 36
1 1 1 1 3.3607216028309829e-02 2.4847501485966084e-02 1.0000000001463709e+00 8.2812906409723497e-02 2.1842349567105106e-02 1.9820203780174644e+01 36
1 1 1 1 3.3628639158747919e-02 2.4851151846852704e-02 1.0000000001619778e+00 8.2745730144331509e-02 2.2317702570218811e-02 1.9870203785793883e+01 36
1 1 1 1 3.3649603772877332e-02 2.4854537351682242e-02 1.0000000001790776e+00 8.2678508880884294e-02 2.2797541465610895e-02 1.9920203791008170e+01 36
1 1 1 1 3.3670111517190418e-02 2.4857659804871663e-02 1.0000000001977973e+00 8.2611244196031997e-02 2.3281847792623461e-02 1.9970203795829342e+01 36
1 1 1 1 3.3690164064705250e-02 2.4860521015066490e-02 1.0000000002182736e+00 8.2543937672403256e-02 2.3770602815279981e-02 2.0020203800291096e+01 36
1 1 1 1 3.3709763114557499e-02 2.4863122794878411e-02 1.0000000002406533e+00 8.2476590898199087e-02 2.4263787541640519e-02 2.0070203804402098e+01 36
1 1 1 1 3.3728910391614228e-02 2.4865466960640105e-02 1.0000000002650935e+00 8.2409205466701219e-02 2.4761382742333235e-02 2.0120203808175464e+01 36
1 1 1 1 3.3747554931827274e-02 2.4867555332133844e-02 1.0000000002917635e+00 8.2341782975843131e-02 2.5263368967420388e-02 2.0170203811631886e+01 36
1 1 1 1 3.3765740414619320e-02 2.4869389732343181e-02 1.0000000003208440e+00 8.2274325027822837e-02 2.5769726561785861e-02 2.0220203814782248e+01 36
1 1 1 1 3.3783479457792434e-02 2.4870971987188656e-02 1.0000000003525291e+00 8.2206833228693099e-02 2.6280435679625642e-02 2.0270203817636247e+01 36
1 1 1 1 3.3800773901362671e-02 2.4872303925267746e-02 1.0000000003870264e+00 8.2139309187974491e-02 2.6795476297854490e-02 2.0320203820206789e+01 36
1 1 1 1 3.3817625608710190e-02 2.4873387377601388e-02 1.0000000004245584e+00 8.2071754518295681e-02 2.7314828228430867e-02 2.0370203822501384e+01 36
1 1 1 1 3.3834036466128078e-02 2.4874224177370161e-02 1.0000000004653620e+00 8.2004170835024370e-02 2.7838471130045225e-02 2.0420203824535665e+01 36
1 1 1 1 3.3850008382353795e-02 2.4874816159660494e-02 1.0000000005096918e+00 8.1936559755948601e-02 2.8366384518632073e-02 2.0470203826309199e+01 36
1 1 1 1 3.3865543288123759e-02 2.4875165161217547e-02 1.0000000005578185e+00 8.1868922900902530e-02 2.8898547777747433e-02 2.0520203827837079e+01 36
1 1 1 1 3.3880643135688011e-02 2.4875273020179847e-02 1.0000000006100316e+00 8.1801261891476157e-02 2.9434940167649984e-02 2.0570203829120569e+01 36
1 0 1 1 3.3895309898365096e-02 2.4875141575841534e-02 1.0000000006666401e+00 8.1733578350668135e-02 2.9975540834430429e-02 2.0620203830178745e+01 36
1 0 1 1 3.3909545678944726e-02 2.4874770291546028e-02 1.0000000007279757e+00 8.1665873902630859e-02 3.0520332394349019e-02 2.0670204158004470e+01 35
1 0 1 1 3.3923353546191248e-02 2.4874131159486779e-02 1.0000000007944270e+00 8.1598151500736904e-02 3.1069328337738497e-02 2.0720207940128198e+01 35
1 0 1 1 3.3936731052550115e-02 2.4873258560179575e-02 1.0000000008663161e+00 8.1530428135785760e-02 3.1622333115474820e-02 2.0770199392423176e+01 35
1 0 1 1 3.3949687016842443e-02 2.4872153896428818e-02 1.0000000009440784e+00 8.1462671136537351e-02 3.2179605615563642e-02 2.0820203830533345e+01 35
1 0 1 1 3.3962218887143382e-02 2.4870819342748131e-02 1.0000000010281118e+00 8.1394905732776690e-02 3.2740931403076587e-02 2.0870203830528745e+01 35
1 0 1 1 3.3974329921876434e-02 2.4869256659937548e-02 1.0000000011188741e+00 8.1327127535554877e-02 3.3306338369940444e-02 2.0920203830319338e+01 35
1 0 1 1 3.3986022228585905e-02 2.4867467695926519e-02 1.0000000012168442e+00 8.1259338168128914e-02 3.3875805066894901e-02 2.0970203829921342e+01 35
1 0 1 1 3.3997297932129418e-02 2.4865454297759722e-02 1.0000000013225305e+00 8.1191539252982281e-02 3.4449309983957337e-02 2.1020203829332317e+01 35
1 0 1 1 3.4008159174227441e-02 2.4863218311381510e-02 1.0000000014364736e+00 8.1123732411537031e-02 3.5026831555872197e-02 2.1070203828557041e+01 35
1 0 1 1 3.4018608113000975e-02 2.4860761581422648e-02 1.0000000015592465e+00 8.1055919263917559e-02 3.5608348166928122e-02 2.1120203827600786e+01 35
1 0 1 1 3.4028646922511112e-02 2.4858085950979110e-02 1.0000000016914572e+00 8.0988101428712822e-02 3.6193838155609573e-02 2.1170203826470253e+01 35
1 0 1 1 3.4038277792302077e-02 2.4855193261407144e-02 1.0000000018337496e+00 8.0920280522750937e-02 3.6783279818887016e-02 2.1220203825163075e+01 35
1 0 1 1 3.4047502926956623e-02 2.4852085352117501e-02 1.0000000019868067e+00 8.0852458160844132e-02 3.7376651416694107e-02 2.1270203823691652e+01 35
1 0 1 1 3.4056286765294548e-02 2.4848764060376588e-02 1.0000000021513511e+00 8.0784635955602646e-02 3.7973931175532827e-02 2.1320203822049848e+01 35
1 0 1 1 3.4064658281648535e-02 2.4845231221098520e-02 1.0000000023281481e+00 8.0716815517170332e-02 3.8575097292704058e-02 2.1370203820248488e+01 35
1 0 1 1 3.4072630966251266e-02 2.4841488666660947e-02 1.0000000025180069e+00 8.0648998453046017e-02 3.9180127939678552e-02 2.1420203818292961e+01 35
1 0 1 1 3.4080207090167479e-02 2.4837538226712422e-02 1.0000000027217837e+00 8.0581186367874647e-02 3.9789001265471170e-02 2.1470203816175225e+01 35
1 0 1 1 3.4087388937070820e-02 2.4833381727977954e-02 1.0000000029403828e+00 8.0513380863198536e-02 4.0401695400397619e-02 2.1520203813909919e+01 35
1 0 1 1 3.4094178802813409e-02 2.4829020994089689e-02 1.0000000031747602e+00 8.0445583537308352e-02 4.1018188458812901e-02 2.1570203811498040e+01 35
1 0 1 1 3.4100578994988556e-02 2.4824457845391685e-02 1.0000000034259247e+00 8.0377795985027811e-02 4.1638458542260365e-02 2.1620203808936232e+01 34
1 0 1 1 3.4106591832520586e-02 2.4819694098778280e-02 1.0000000036949412e+00 8.0310019797500687e-02 4.2262483742638107e-02 2.1670203806236749e+01 34
1 0 1 1 3.4112219645235281e-02 2.4814731567517508e-02 1.0000000039829338e+00 8.0242256562042535e-02 4.2890242144619645e-02 2.1720203803397240e+01 34
1 0 1 1 3.4117464773442081e-02 2.4809572061078301e-02 1.0000000042910868e+00 8.0174507861928812e-02 4.3521711828540630e-02 2.1770203800417153e+01 34
1 0 1 1 3.4122329567534575e-02 2.4804217384974705e-02 1.0000000046206494e+00 8.0106775276207381e-02 4.4156870873157394e-02 2.1820203797311819e+01 34
1 0 1 1 3.4126816387565900e-02 2.4798669340598808e-02 1.0000000049729370e+00 8.0039060379572341e-02 4.4795697357566368e-02 2.1870203794068278e+01 34
1 0 1 1 3.4130927602861301e-02 2.4792929725066141e-02 1.0000000053493350e+00 7.9971364742122214e-02 4.5438169364304594e-02 2.1920203790701695e+01 34
1 0 1 1 3.4134665591607743e-02 2.4787000331062164e-02 1.0000000057513021e+00 7.9903689929253785e-02 4.6084264981047424e-02 2.1970203787208341e+01 34
1 0 1 1 3.4138032890665491e-02 2.4780872882861987e-02 1.0000000061804726e+00 7.9836037501461343e-02 4.6733979442098297e-02 2.2020205098926166e+01 34
1 0 1 1 3.4141031709443666e-02 2.4774544801859949e-02 1.0000000066384973e+00 7.9768414352907019e-02 4.7387247780329662e-02 2.2070204416684817e+01 34
1 0 1 1 3.4143664396543837e-02 2.4768032739590617e-02 1.0000000071269495e+00 7.9700819280338175e-02 4.8044048481078606e-02 2.2120201800845564e+01 34
1 0 1 1 3.4145933675967577e-02 2.4761337609773428e-02 1.0000000076476818e+00 7.9633245015024112e-02 4.8704445608206755e-02 2.2170203771358544e+01 34
1 0 1 1 3.4147841638198756e-02 2.4754462048918183e-02 1.0000000082025042e+00 7.9565701964262658e-02 4.9368330931741568e-02 2.2220203767292944e+01 34
1 0 1 1 3.4149390803278536e-02 2.4747407563132168e-02 1.0000000087934067e+00 7.9498188992019159e-02 5.0035708623460892e-02 2.2270203763118850e+01 34
1 0 1 1 3.4150583600676493e-02 2.4740175913784100e-02 1.0000000094224568e+00 7.9430707625386038e-02 5.0706556866481990e-02 2.2320203758836829e+01 34
1 0 1 1 3.4151422465699827e-02 2.4732768856596043e-02 1.0000000100918234e+00 7.9363259385536122e-02 5.1380853864986538e-02 2.2370203754448628e+01 34
1 0 1 1 3.4151909839135533e-02 2.4725188141515673e-02 1.0000000108037816e+00 7.9295845787586555e-02 5.2058577845980128e-02 2.2420203749963790e+01 34
1 0 1 1 3.4152048166895425e-02 2.4717435512610228e-02 1.0000000115607157e+00 7.9228468340495295e-02 5.2739707060500032e-02 2.2470203745368817e+01 34
1 0 1 1 3.4151839899664721e-02 2.4709512707933780e-02 1.0000000123651249e+00 7.9161128546867077e-02 5.3424219785943479e-02 2.2520203740683478e+01 34
1 0 1 1 3.4151287492560280e-02 2.4701421459432871e-02 1.0000000132196265e+00 7.9093827902906921e-02 5.4112094326712518e-02 2.2570203735896278e+01 34
1 0 1 1 3.4150393404785102e-02 2.4693163492822176e-02 1.0000000141269612e+00 7.9026567898229705e-02 5.4803309016423982e-02 2.2620203731018602e+01 34
1 0 1 1 3.4149160099297887e-02 2.4684740527489993e-02 1.0000000150899968e+00 7.8959350015788632e-02 5.5497842218857112e-02 2.2670203726049575e+01 33
1 0 1 1 3.4147590042478776e-02 2.4676154276391579e-02 1.0000000161117351e+00 7.8892175731739539e-02 5.6195672329484428e-02 2.2720203720986785e+01 33
1 0 1 1 3.4145685703800499e-02 2.4667406445945294e-02 1.0000000171953143e+00 7.8825046515314245e-02 5.6896777777011569e-02 2.2770203715840314e+01 33
1 0 1 1 3.4143449555507993e-02 2.4658498735941357e-02 1.0000000183440159e+00 7.8757963828743560e-02 5.7601137024290219e-02 2.2820203710604737e+01 33
1 0 1 1 3.4140884072299614e-02 2.4649432839442684e-02 1.0000000195612686e+00 7.8690929127114839e-02 5.8308728569991426e-02 2.2870203705288255e+01 33
1 0 1 1 3.4137966689023413e-02 2.4640210442698315e-02 1.0000000208506550e+00 7.8623943858298129e-02 5.9019530949511817e-02 2.2920203699889726e+01 33
1 0 1 1 3.4134718209564027e-02 2.4630833225052062e-02 1.0000000222159156e+00 7.8557009462828037e-02 5.9733522736296847e-02 2.2970203694407740e+01 33
1 0 1 1 3.4131148151334903e-02 2.4621302858856220e-02 1.0000000236609554e+00 7.8490127373795626e-02 6.0450682543177946e-02 2.3020203688853147e+01 33
1 0 1 1 3.4127259000246830e-02 2.4611621009390093e-02 1.0000000251898495e+00 7.8423299016788489e-02 6.1170989023070756e-02 2.3070203683219102e+01 33
1 0 1 1 3.4123053242972205e-02 2.4601789334779117e-02 1.0000000268068481e+00 7.8356525809758076e-02 6.1894420870480069e-02 2.3120203677509377e+01 33
1 0 1 1 3.4118533366658786e-02 2.4591809485916258e-02 1.0000000285163835e+00 7.8289809162944479e-02 6.2620956822486695e-02 2.3170203671733081e+01 33
1 0 1 1 3.4113701858641411e-02 2.4581683106389762e-02 1.0000000303230756e+00 7.8223150478813841e-02 6.3350575659438219e-02 2.3220203665880778e+01 33
1 0 1 1 3.4108561206159481e-02 2.4571411832406860e-02 1.0000000322317386e+00 7.8156551151926823e-02 6.4083256206447475e-02 2.3270203659958170e+01 33
1 0 1 1 3.4103113896083198e-02 2.4560997292722202e-02 1.0000000342473867e+00 7.8090012568880068e-02 6.4818977334246158e-02 2.3320203653977600e+01 33
1 0 1 1 3.4097362414641924e-02 2.4550441108581292e-02 1.0000000363752415e+00 7.8023536108262181e-02 6.5557717959585107e-02 2.3370203647920064e+01 33
1 0 1 1 3.4091309247149808e-02 2.4539744893637243e-02 1.0000000386207377e+00 7.7957123140492190e-02 6.6299457047205496e-02 2.3420203641806388e+01 33
1 0 1 1 3.4084956877749886e-02 2.4528910253903073e-02 1.0000000409895304e+00 7.7890775027833925e-02 6.7044173609736551e-02 2.3470203635629023e+01 33
1 0 1 1 3.4078307789150254e-02 2.4517938787687741e-02 1.0000000434875023e+00 7.7824493124271976e-02 6.7791846709096201e-02 2.3520203629387076e+01 33
1 0 1 1 3.4071364462366020e-02 2.4506832085527241e-02 1.0000000461207694e+00 7.7758278775442446e-02 6.8542455457456894e-02 2.3570203623094155e+01 33
1 0 1 1 3.4064129376477535e-02 2.4495591730149716e-02 1.0000000488956902e+00 7.7692133318611550e-02 6.9295979017432119e-02 2.3620203616734589e+01 33
1 0 1 1 3.4056605008370731e-02 2.4484219296396617e-02 1.0000000518188710e+00 7.7626058082536947e-02 7.0052396603852110e-02 2.3670203610328226e+01 33
1 0 1 1 3.4048793832506474e-02 2.4472716351194836e-02 1.0000000548971746e+00 7.7560054387488392e-02 7.0811687483488234e-02 2.3720203603859321e+01 33
1 0 1 1 3.4040698320671310e-02 2.4461084453486014e-02 1.0000000581377273e+00 7.7494123545107207e-02 7.1573830976856448e-02 2.3770203597345382e+01 33
1 0 1 1 3.4032320941752903e-02 2.4449325154198544e-02 1.0000000615479268e+00 7.7428266858423772e-02 7.2338806458014562e-02 2.3820203590774099e+01 33
1 0 1 1 3.4023664161498560e-02 2.4437439996185379e-02 1.0000000651354499e+00 7.7362485621736449e-02 7.3106593356081551e-02 2.3870203584155536e+01 32
1 0 1 1 3.4014730442300460e-02 2.4425430514194862e-02 1.0000000689082602e+00 7.7296781120602426e-02 7.3877171155455557e-02 2.3920203577489790e+01 32
1 0 1 1 3.4005522242963028e-02 2.4413298234819886e-02 1.0000000728746166e+00 7.7231154631773324e-02 7.4650519396589482e-02 2.3970203570772647e+01 32
1 0 1 1 3.3996042018487070e-02 2.4401044676458511e-02 1.0000000770430804e+00 7.7165607423127447e-02 7.5426617676969107e-02 2.4020203564015389e+01 32
1 0 1 1 3.3986292108435921e-02 2.4388665608674264e-02 1.0000000814232974e+00 7.7100140753663587e-02 7.6205457115970543e-02 2.4070204291798792e+01 32
1 0 1 1 3.3976275356438525e-02 2.4376161189988400e-02 1.0000000860246547e+00 7.7034758758254440e-02 7.6986986835834201e-02 2.4120203792737598e+01 32
1 0 1 1 3.3965994080074224e-02 2.4363540394708588e-02 1.0000000908558027e+00 7.6969460746211249e-02 7.7771193788924511e-02 2.4170202536685089e+01 32
1 0 1 1 3.3955450085658409e-02 2.4350803942859097e-02 1.0000000959269115e+00 7.6904244018413587e-02 7.8558105181422325e-02 2.4220203536457536e+01 32
1 0 1 1 3.3944646484257095e-02 2.4337954138517297e-02 1.0000001012478743e+00 7.6839114056198310e-02 7.9347649658166042e-02 2.4270203529499412e+01 32
1 0 1 1 3.3933585494061766e-02 2.4324992195281066e-02 1.0000001068293600e+00 7.6774070759372093e-02 8.0139822986831533e-02 2.4320203522500652e+01 32
1 0 1 1 3.3922269537695837e-02 2.4311919573544359e-02 1.0000001126823022e+00 7.6709115332489308e-02 8.0934605179880353e-02 2.4370203515470742e+01 32
1 0 1 1 3.3910701032370594e-02 2.4298737725200876e-02 1.0000001188180061e+00 7.6644248970962503e-02 8.1731976311025328e-02 2.4420203508398636e+01 32
1 0 1 1 3.3898882389698494e-02 2.4285448093615773e-02 1.0000001252481594e+00 7.6579472860979658e-02 8.2531916516481091e-02 2.4470203501298297e+01 32
1 0 1 1 3.3886816015522007e-02 2.4272052113616847e-02 1.0000001319848406e+00 7.6514788179531168e-02 8.3334405994753280e-02 2.4520203494163134e+01 32
1 0 1 1 3.3874504309724059e-02 2.4258551211464259e-02 1.0000001390405282e+00 7.6450196094343115e-02 8.4139425007567104e-02 2.4570203486992863e+01 32
1 0 1 1 3.3861949666060633e-02 2.4244946804837041e-02 1.0000001464281101e+00 7.6385697763853178e-02 8.4946953880408460e-02 2.4620203479796874e+01 32
1 0 1 1 3.3849154471993791e-02 2.4231240302820502e-02 1.0000001541608929e+00 7.6321294337216072e-02 8.5756973002576911e-02 2.4670203472568282e+01 32
1 0 1 1 3.3836121108517428e-02 2.4217433105886359e-02 1.0000001622526120e+00 7.6256986954245654e-02 8.6569462828072041e-02 2.4720203465310181e+01 32
1 0 1 1 3.3822851949999504e-02 2.4203526605883142e-02 1.0000001707174402e+00 7.6192776745408086e-02 8.7384403875891942e-02 2.4770203458026518e+01 32
1 0 1 1 3.3809349364024251e-02 2.4189522186026498e-02 1.0000001795699980e+00 7.6128664831809717e-02 8.8201776730404011e-02 2.4820203450718186e+01 32
1 0 1 1 3.3795615711234052e-02 2.4175421220889028e-02 1.0000001888253627e+00 7.6064652325177284e-02 8.9021562041697921e-02 2.4870203443378749e+01 32
1 0 1 1 3.3781653345167868e-02 2.4161225076380060e-02 1.0000001984990783e+00 7.6000740327815342e-02 8.9843740526417928e-02 2.4920203436020522e+01 32
1 0 1 1 3.3767464612130246e-02 2.4146935109759769e-02 1.0000002086071658e+00 7.5936929932637065e-02 9.0668292967538935e-02 2.4970203428636104e+01 32
1 0 1 1 3.3753051851026908e-02 2.4132552669611725e-02 1.0000002191661317e+00 7.5873222223111603e-02 9.1495200215265457e-02 2.5020203421230221e+01 32
1 0 1 1 3.3738417393236332e-02 2.4118079095855321e-02 1.0000002301929789e+00 7.5809618273273760e-02 9.2324443187159086e-02 2.5070203413804055e+01 32
1 0 1 1 3.3723563562458508e-02 2.4103515719729546e-02 1.0000002417052163e+00 7.5746119147710900e-02 9.3156002868468882e-02 2.5120203406353713e+01 32
1 0 1 1 3.3708492674585630e-02 2.4088863863798694e-02 1.0000002537208681e+00 7.5682725901536629e-02 9.3989860312778950e-02 2.5170203398887583e+01 31
1 0 1 1 3.3693207037568201e-02 2.4074124841948090e-02 1.0000002662584844e+00 7.5619439580413339e-02 9.4825996641954916e-02 2.5220203391402940e+01 31
1 0 1 1 3.3677708951283157e-02 2.4059299959385293e-02 1.0000002793371501e+00 7.5556261220527304e-02 9.5664393046687918e-02 2.5270203383898487e+01 31
1 0 1 1 3.3662000707406672e-02 2.4044390512641296e-02 1.0000002929764962e+00 7.5493191848580443e-02 9.6505030786866217e-02 2.5320203376377204e+01 31
1 0 1 1 3.3646084589291129e-02 2.4029397789571694e-02 1.0000003071967076e+00 7.5430232481794979e-02 9.7347891191816319e-02 2.5370203368842482e+01 31
1 0 1 1 3.3629962871846553e-02 2.4014323069363692e-02 1.0000003220185356e+00 7.5367384127918102e-02 9.8192955660498474e-02 2.5420203361291740e+01 31
1 0 1 1 3.3613637821420066e-02 2.3999167622538797e-02 1.0000003374633046e+00 7.5304647785207957e-02 9.9040205661958050e-02 2.5470203353725811e+01 31
1 0 1 1 3.3597111695678389e-02 2.3983932710954319e-02 1.0000003535529247e+00 7.5242024442437216e-02 9.9889622735582148e-02 2.5520203346147795e+01 31
1 0 1 1 3.3580386743502305e-02 2.3968619587818124e-02 1.0000003703098996e+00 7.5179515078902137e-02 1.0074118849127695e-01 2.5570203338557167e+01 31
1 0 1 1 3.3563465204874417e-02 2.3953229497693147e-02 1.0000003877573371e+00 7.5117120664419168e-02 1.0159488460978536e-01 2.5620203330953043e+01 31
1 0 1 1 3.3546349310772168e-02 2.3937763676503507e-02 1.0000004059189584e+00 7.5054842159324203e-02 1.0245069284307436e-01 2.5670203323342285e+01 31
1 0 1 1 3.3529041283066170e-02 2.3922223351547190e-02 1.0000004248191079e+00 7.4992680514500476e-02 1.0330859501419407e-01 2.5720203315716955e+01 31
1 0 1 1 3.3511543334418317e-02 2.3906609741506133e-02 1.0000004444827626e+00 7.4930636671350109e-02 1.0416857301804701e-01 2.5770203308085197e+01 31
1 0 1 1 3.3493857668187244e-02 2.3890924056459348e-02 1.0000004649355418e+00 7.4868711561834500e-02 1.0503060882112847e-01 2.5820203300443190e+01 31
1 0 1 1 3.3475986478328078e-02 2.3875167497891706e-02 1.0000004862037157e+00 7.4806906108460580e-02 1.0589468446207867e-01 2.5870203292794539e+01 31
1 0 1 1 3.3457931949303882e-02 2.3859341258709418e-02 1.0000005083142161e+00 7.4745221224304798e-02 1.0676078205166700e-01 2.5920203285137326e+01 31
1 0 1 1 3.3439696255997027e-02 2.3843446523256640e-02 1.0000005312946434e+00 7.4683657813011978e-02 1.0762888377321489e-01 2.5970203277476681e+01 31
1 0 1 1 3.3421281563621515e-02 2.3827484467329452e-02 1.0000005551732776e+00 7.4622216768824967e-02 1.0849897188246806e-01 2.6020203269806544e+01 31
1 0 1 1 3.3402687026876668e-02 2.3811456258187653e-02 1.0000005799790868e+00 7.4560898976570644e-02 1.0937102870821620e-01 2.6070203262134726e+01 31
1 0 1 1 3.3383912065493813e-02 2.3795363054576985e-02 1.0000006057417350e+00 7.4499705311703635e-02 1.1024503665200966e-01 2.6120203254456438e+01 31
1 0 1 1 3.3364964810635972e-02 2.3779206006744307e-02 1.0000006324915918e+00 7.4438636640296402e-02 1.1112097818870711e-01 2.6170203246776030e+01 31
1 0 1 1 3.3345847386417674e-02 2.3762986256458011e-02 1.0000006602597407e+00 7.4377693819072499e-02 1.1199883586635909e-01 2.6220203239090992e+01 31
1 0 1 1 3.3326561906838539e-02 2.3746704937020635e-02 1.0000006890779871e+00 7.4316877695409123e-02 1.1287859230659333e-01 2.6270203231405723e+01 31
1 0 1 1 3.3307110475720644e-02 2.3730363173299376e-02 1.0000007189788669e+00 7.4256189107370196e-02 1.1376023020452951e-01 2.6320203223717762e+01 31
1 0 1 1 3.3287495186631655e-02 2.3713962081736123e-02 1.0000007499956545e+00 7.4195628883711590e-02 1.1464373232907746e-01 2.6370203216027392e+01 31
1 0 1 1 3.3267718122824259e-02 2.3697502770373854e-02 1.0000007821623704e+00 7.4135197843901768e-02 1.1552908152309388e-01 2.6420203208338826e+01 31
1 0 1 1 3.3247781357175779e-02 2.3680986338881032e-02 1.0000008155137892e+00 7.4074896798153933e-02 1.1641626070332002e-01 2.6470203200649742e+01 31
1 0 1 1 3.3227686952122595e-02 2.3664413878568446e-02 1.0000008500854465e+00 7.4014726547434795e-02 1.1730525286067527e-01 2.6520203192961507e+01 31
1 0 1 1 3.3207436959604507e-02 2.3647786472416662e-02 1.0000008859136471e+00 7.3954687883492076e-02 1.1819604106026932e-01 2.6570203185273432e+01 31
1 0 1 1 3.3187033421004063e-02 2.3631105195093965e-02 1.0000009230354709e+00 7.3894781588871805e-02 1.1908860844160050e-01 2.6620203177588529e+01 30
1 0 1 1 3.3166478367101508e-02 2.3614371112991500e-02 1.0000009614887813e+00 7.3835008436950622e-02 1.1998293821849974e-01 2.6670203169904461e+01 30
1 0 1 1 3.3145773818012494e-02 2.3597585284235067e-02 1.0000010013122294e+00 7.3775369191948270e-02 1.2087901367944906e-01 2.6720203162227087e+01 30
1 0 1 1 3.3124921783149519e-02 2.3580748758723288e-02 1.0000010425452630e+00 7.3715864608973058e-02 1.2177681818726624e-01 2.6770203154547776e+01 30
1 0 1 1 3.3103924261163750e-02 2.3563862578143885e-02 1.0000010852281307e+00 7.3656495434012870e-02 1.2267633517981393e-01 2.6820203146878836e+01 30
1 0 1 1 3.3082783239909166e-02 2.3546927776007264e-02 1.0000011294018891e+00 7.3597262404007852e-02 1.2357754816924608e-01 2.6870203139207973e+01 30
1 0 1 1 3.3061500696390217e-02 2.3529945377668168e-02 1.0000011751084070e+00 7.3538166246825382e-02 1.2448044074295853e-01 2.6920203131547240e+01 30
1 0 1 1 3.3040078596730062e-02 2.3512916400357783e-02 1.0000012223903718e+00 7.3479207681336312e-02 1.2538499656288443e-01 2.6970203123891356e+01 30
1 0 1 1 3.3018518896125365e-02 2.3495841853210703e-02 1.0000012712912945e+00 7.3420387417415134e-02 1.2629119936594296e-01 2.7020203116239326e+01 30
1 0 1 1 3.2996823538809852e-02 2.3478722737293456e-02 1.0000013218555133e+00 7.3361706155969847e-02 1.2719903296408322e-01 2.7070203108594438e+01 30
1 0 1 1 3.2974994458017763e-02 2.3461560045629482e-02 1.0000013741281988e+00 7.3303164588980618e-02 1.2810848124422231e-01 2.7120203100959369e+01 30
1 0 1 1 3.2953033575960231e-02 2.3444354763241370e-02 1.0000014281553586e+00 7.3244763399535062e-02 1.2901952816815840e-01 2.7170203093328720e+01 30
1 0 1 1 3.2930942803776828e-02 2.3427107867162362e-02 1.0000014839838400e+00 7.3186503261839009e-02 1.2993215777292336e-01 2.7220203085707983e+01 30
1 0 1 1 3.2908724041523306e-02 2.3409820326486128e-02 1.0000015416613337e+00 7.3128384841268934e-02 1.3084635417046098e-01 2.7270203078093715e+01 30
1 0 1 1 3.2886379178130400e-02 2.3392493102381017e-02 1.0000016012363770e+00 7.3070408794386810e-02 1.3176210154795379e-01 2.7320203070491679e+01 30
1 0 1 1 3.2863910091389774e-02 2.3375127148134958e-02 1.0000016627583572e+00 7.3012575768993393e-02 1.3267938416745334e-01 2.7370203062895477e+01 30
1 0 1 1 3.2841318647919067e-02 2.3357723409177560e-02 1.0000017262775125e+00 7.2954886404135277e-02 1.3359818636632265e-01 2.7420203055310662e+01 30
1 0 1 1 3.2818606703147860e-02 2.3340282823117328e-02 1.0000017918449353e+00 7.2897341330160154e-02 1.3451849255693776e-01 2.7470203047738863e+01 30
1 0 1 1 3.2795776101295561e-02 2.3322806319774070e-02 1.0000018595125733e+00 7.2839941168751254e-02 1.3544028722655607e-01 2.7520203040170887e+01 30
1 0 1 1 3.2772828675344340e-02 2.3305294821206007e-02 1.0000019293332310e+00 7.2782686532930685e-02 1.3636355493792049e-01 2.7570203032620054e+01 30
1 0 1 1 3.2749766247036120e-02 2.3287749241752025e-02 1.0000020013605695e+00 7.2725578027142135e-02 1.3728828032841556e-01 2.7620203025077846e+01 30
1 0 1 1 3.2726590626847928e-02 2.3270170488060491e-02 1.0000020756491093e+00 7.2668616247248075e-02 1.3821444811069597e-01 2.7670203017548708e+01 30
1 0 1 1 3.2703303613978205e-02 2.3252559459119901e-02 1.0000021522542275e+00 7.2611801780586682e-02 1.3914204307230932e-01 2.7720203010031948e+01 30
1 0 1 1 3.2679906996338270e-02 2.3234917046299847e-02 1.0000022312321599e+00 7.2555135206001570e-02 1.4007105007572473e-01 2.7770203002524333e+01 30
1 0 1 1 3.2656402550536541e-02 2.3217244133377678e-02 1.0000023126399984e+00 7.2498617093867790e-02 1.4100145405858885e-01 2.7820202995036606e+01 30
1 0 1 1 3.2632792041879424e-02 2.3199541596583845e-02 1.0000023965356910e+00 7.2442248006164667e-02 1.4193324003294064e-01 2.7870202987553267e+01 30
1 0 1 1 3.2609077224347922e-02 2.3181810304623227e-02 1.0000024829780394e+00 7.2386028496455895e-02 1.4286639308629401e-01 2.7920202980093435e+01 30
1 0 1 1 3.2585259840613785e-02 2.3164051118727980e-02 1.0000025720266976e+00 7.2329959109999009e-02 1.4380089838026583e-01 2.7970202972640159e+01 30
1 0 1 1 3.2561341622008022e-02 2.3146264892671579e-02 1.0000026637421684e+00 7.2274040383715432e-02 1.4473674115170104e-01 2.8020202965204071e+01 30
1 0 1 1 3.2537324288540226e-02 2.3128452472823403e-02 1.0000027581858018e+00 7.2218272846275106e-02 1.4567390671182798e-01 2.8070202957781081e+01 30
1 0 1 1 3.2513209548883044e-02 2.3110614698172424e-02 1.0000028554197897e+00 7.2162657018112475e-02 1.4661238044663844e-01 2.8120202950376832e+01 30
1 0 1 1 3.2488999100386426e-02 2.3092752400376525e-02 1.0000029555071641e+00 7.2107193411486997e-02 1.4755214781642959e-01 2.8170202942985554e+01 30
1 0 1 1 3.2464694629060133e-02 2.3074866403782094e-02 1.0000030585117907e+00 7.2051882530501044e-02 1.4849319435605546e-01 2.8220202935608384e+01 30
1 0 1 1 3.2440297809588930e-02 2.3056957525473074e-02 1.0000031644983653e+00 7.1996724871146944e-02 1.4943550567481109e-01 2.8270202928250733e+01 29
1 0 1 1 3.2415810305334955e-02 2.3039026575304811e-02 1.0000032735324083e+00 7.1941720921361807e-02 1.5037906745605298e-01 2.8320202920907271e+01 29
1 0 1 1 3.2391233768341070e-02 2.3021074355941716e-02 1.0000033856802577e+00 7.1886871161048055e-02 1.5132386545748527e-01 2.8370202913581352e+01 29
1 0 1 1 3.2366569839335176e-02 2.3003101662890508e-02 1.0000035010090644e+00 7.1832176062128494e-02 1.5226988551079840e-01 2.8420202906271577e+01 29
1 0 1 1 3.2341820147739342e-02 2.2985109284540593e-02 1.0000036195867841e+00 7.1777636088579844e-02 1.5321711352168466e-01 2.8470202898977348e+01 29
1 0 1 1 3.2316986311681214e-02 2.2967098002203794e-02 1.0000037414821705e+00 7.1723251696472590e-02 1.5416553546990894e-01 2.8520202891707985e+01 29
1 0 1 1 3.2292069938005506e-02 2.2949068590150282e-02 1.0000038667647668e+00 7.1669023334041682e-02 1.5511513740848101e-01 2.8570202884445383e+01 29
1 0 1 1 3.2267072622272366e-02 2.2931021815641207e-02 1.0000039955048983e+00 7.1614951441666908e-02 1.5606590546486002e-01 2.8620202877212400e+01 29
1 0 1 1 3.2241995948793477e-02 2.2912958438979739e-02 1.0000041277736620e+00 7.1561036451996962e-02 1.5701782583921972e-01 2.8670202869988511e+01 29
1 0 1 1 3.2216841490618812e-02 2.2894879213533711e-02 1.0000042636429183e+00 7.1507278789912643e-02 1.5797088480582100e-01 2.8720202862787449e+01 29
1 0 1 1 3.2191610809570198e-02 2.2876784885783149e-02 1.0000044031852808e+00 7.1453678872625992e-02 1.5892506871189677e-01 2.8770202855605987e+01 29
1 0 1 1 3.2166305456252167e-02 2.2858676195358790e-02 1.0000045464741052e+00 7.1400237109702058e-02 1.5988036397785643e-01 2.8820202848440562e+01 29
1 0 1 1 3.2140926970065799e-02 2.2840553875077503e-02 1.0000046935834785e+00 7.1346953903094673e-02 1.6083675709740528e-01 2.8870202841300571e+01 29
1 0 1 1 3.2115476879234627e-02 2.2822418650983865e-02 1.0000048445882070e+00 7.1293829647219920e-02 1.6179423463671347e-01 2.8920202834172439e+01 29
1 0 1 1 3.2089956700808407e-02 2.2804271242382101e-02 1.0000049995638052e+00 7.1240864728952358e-02 1.6275278323525799e-01 2.8970202827070111e+01 29
1 0 1 1 3.2064367940703151e-02 2.2786112361886587e-02 1.0000051585864811e+00 7.1188059527719172e-02 1.6371238960473317e-01 2.9020202819986022e+01 29
1 0 1 1 3.2038712093704340e-02 2.2767942715446556e-02 1.0000053217331251e+00 7.1135414415511189e-02 1.6467304052947696e-01 2.9070202812921234e+01 29
1 0 1 1 3.2012990643500661e-02 2.2749763002398164e-02 1.0000054890812939e+00 7.1082929756936031e-02 1.6563472286624084e-01 2.9120202805880204e+01 29
1 0 1 1 3.1987205062704929e-02 2.2731573915496840e-02 1.0000056607091978e+00 7.1030605909273958e-02 1.6659742354374099e-01 2.9170202798856483e+01 29
1 0 1 1 3.1961356812870823e-02 2.2713376140954544e-02 1.0000058366956845e+00 7.0978443222500298e-02 1.6756112956297964e-01 2.9220202791856874e+01 29
1 0 1 1 3.1935447344527627e-02 2.2695170358483681e-02 1.0000060171202245e+00 7.0926442039354165e-02 1.6852582799657220e-01 2.9270202784875174e+01 29
1 0 1 1 3.1909478097199115e-02 2.2676957241334041e-02 1.0000062020628937e+00 7.0874602695359445e-02 1.6949150598914919e-01 2.9320202777920894e+01 29
1 0 1 1 3.1883450499437700e-02 2.2658737456333729e-02 1.0000063916043573e+00 7.0822925518902069e-02 1.7045815075641776e-01 2.9370202770980114e+01 29
1 0 1 1 3.1857365968836177e-02 2.2640511663920934e-02 1.0000065858258529e+00 7.0771410831227538e-02 1.7142574958602941e-01 2.9420202764068314e+01 29
1 0 1 1 3.1831225912079771e-02 2.2622280518197230e-02 1.0000067848091716e+00 7.0720058946539710e-02 1.7239428983637461e-01 2.9470202757177528e+01 29
1 0 1 1 3.1805031724956988e-02 2.2604044666955460e-02 1.0000069886366401e+00 7.0668870172012344e-02 1.7336375893695793e-01 2.9520202750304524e+01 29
1 0 1 1 3.1778784792390567e-02 2.2585804751717908e-02 1.0000071973911013e+00 7.0617844807831232e-02 1.7433414438841988e-01 2.9570202743461536e+01 29
1 0 1 1 3.1752486488483181e-02 2.2567561407788390e-02 1.0000074111558952e+00 7.0566983147275664e-02 1.7530543376151619e-01 2.9620202736632589e+01 29
1 0 1 1 3.1726138176526808e-02 2.2549315264275161e-02 1.0000076300148373e+00 7.0516285476709795e-02 1.7627761469814826e-01 2.9670202729836216e+01 29
1 0 1 1 3.1699741209062264e-02 2.2531066944148210e-02 1.0000078540521995e+00 7.0465752075691945e-02 1.7725067490980453e-01 2.9720202723055181e+01 29
1 0 1 1 3.1673296927881872e-02 2.2512817064259127e-02 1.0000080833526870e+00 7.0415383216958449e-02 1.7822460217860767e-01 2.9770202716299885e+01 29
1 0 1 1 3.1646806664084134e-02 2.2494566235392501e-02 1.0000083180014177e+00 7.0365179166510250e-02 1.7919938435635588e-01 2.9820202709569443e+01 29
1 0 1 1 3.1620271738105894e-02 2.2476315062306663e-02 1.0000085580838975e+00 7.0315140183647595e-02 1.8017500936458367e-01 2.9870202702864358e+01 29
1 0 1 1 3.1593693459754664e-02 2.2458064143769114e-02 1.0000088036860000e+00 7.0265266521019498e-02 1.8115146519419764e-01 2.9920202696178464e+01 29
1 0 1 1 3.1567073128236048e-02 2.2439814072589798e-02 1.0000090548939398e+00 7.0215558424652103e-02 1.8212873990565143e-01 2.9970202689518324e+01 28
1 0 1 1 3.1540412032204597e-02 2.2421565435671892e-02 1.0000093117942497e+00 7.0166016134015463e-02 1.8310682162841907e-01 3.0020202682886385e+01 28
1 0 1 1 3.1513711449796450e-02 2.2403318814045302e-02 1.0000095744737552e+00 7.0116639882071896e-02 1.8408569856061291e-01 3.0070202676272700e+01 28
1 0 1 1 3.1486972648657692e-02 2.2385074782902265e-02 1.0000098430195485e+00 7.0067429895293520e-02 1.8506535896943055e-01 3.0120202669687824e+01 28
1 0 1 1 3.1460196885996689e-02 2.2366833911644245e-02 1.0000101175189637e+00 7.0018386393743165e-02 1.8604579119018608e-01 3.0170202663124673e+01 28
1 0 1 1 3.1433385408612007e-02 2.2348596763913986e-02 1.0000103980595478e+00 6.9969509591093104e-02 1.8702698362676215e-01 3.0220202656592505e+01 28
1 0 1 1 3.1406539452946011e-02 2.2330363897644614e-02 1.0000106847290355e+00 6.9920799694702107e-02 1.8800892475062395e-01 3.0270202650077621e+01 28
1 0 1 1 3.1379658827277147e-02 2.2312135865081715e-02 1.0000109776153192e+00 6.9872256905618269e-02 1.8899160310155971e-01 3.0320202643592648e+01 28
1 0 1 1 3.1352741435520068e-02 2.2293913212838738e-02 1.0000112768064222e+00 6.9823881418667522e-02 1.8997500728659217e-01 3.0370202637132291e+01 28
1 0 1 1 3.1325793138241929e-02 2.2275696481927201e-02 1.0000115823904683e+00 6.9775673422476259e-02 1.9095912598016207e-01 3.0420202630694174e+01 28
1 0 1 1 3.1298815132854547e-02 2.2257486207796100e-02 1.0000118944556524e+00 6.9727633099514796e-02 1.9194394792414873e-01 3.0470202624291307e+01 28
1 0 1 1 3.1271808606603897e-02 2.2239282920380112e-02 1.0000122130902107e+00 6.9679760626179948e-02 1.9292946192661892e-01 3.0520202617900615e+01 28
1 0 1 1 3.1244774736579089e-02 2.2221087144117545e-02 1.0000125383823886e+00 6.9632056172771295e-02 1.9391565686327611e-01 3.0570202611547785e+01 28
1 0 1 1 3.1217714689796949e-02 2.2202899398014356e-02 1.0000128704204105e+00 6.9584519903619912e-02 1.9490252167540936e-01 3.0620202605215695e+01 28
1 0 1 1 3.1190629623212080e-02 2.2184720195662200e-02 1.0000132092924467e+00 6.9537151977072026e-02 1.9589004537094140e-01 3.0670202598909292e+01 28
1 0 1 1 3.1163520683775512e-02 2.2166550045286251e-02 1.0000135550865812e+00 6.9489952545560230e-02 1.9687821702370353e-01 3.0720202592630887e+01 28
1 0 1 1 3.1136389008479787e-02 2.2148389449785002e-02 1.0000139078907784e+00 6.9442921755650699e-02 1.9786702577315343e-01 3.0770202586377945e+01 28
1 0 1 1 3.1109235724395799e-02 2.2130238906760025e-02 1.0000142677928492e+00 6.9396059748080996e-02 1.9885646082433653e-01 3.0820202580154287e+01 28
1 0 1 1 3.1082061948730377e-02 2.2112098908567423e-02 1.0000146348804171e+00 6.9349366657817990e-02 1.9984651144734042e-01 3.0870202573953570e+01 28
1 0 1 1 3.1054868788854963e-02 2.2093969942340249e-02 1.0000150092408822e+00 6.9302842614084703e-02 2.0083716697748419e-01 3.0920202567782614e+01 28
1 0 1 1 3.1027657342366694e-02 2.2075852490037982e-02 1.0000153909613867e+00 6.9256487740427419e-02 2.0182841681462635e-01 3.0970202561638537e+01 28
1 0 1 1 3.1000428697129573e-02 2.2057747028483253e-02 1.0000157801287788e+00 6.9210302154749603e-02 2.0282025042315505e-01 3.1020202555520527e+01 28
1 0 1 1 3.0973183931315280e-02 2.2039654029391519e-02 1.0000161768295752e+00 6.9164285969357781e-02 2.0381265733170617e-01 3.1070202549429396e+01 28
1 0 1 1 3.0945924113458829e-02 2.2021573959419054e-02 1.0000165811499249e+00 6.9118439291008915e-02 2.0480562713290662e-01 3.1120202543366247e+01 28
1 0 1 1 3.0918650302498584e-02 2.2003507280191195e-02 1.0000169931755714e+00 6.9072762220957928e-02 2.0579914948308731e-01 3.1170202537332401e+01 28
1 0 1 1 3.0891363547834588e-02 2.1985454448351090e-02 1.0000174129918133e+00 6.9027254855006104e-02 2.0679321410199655e-01 3.1220202531326525e+01 28
1 0 1 1 3.0864064889365196e-02 2.1967415915586180e-02 1.0000178406834677e+00 6.8981917283543165e-02 2.0778781077242722e-01 3.1270202525340149e+01 28
1 0 1 1 3.0836755357529118e-02 2.1949392128663068e-02 1.0000182763348289e+00 6.8936749591571034e-02 2.0878292934071274e-01 3.1320202519395256e+01 28
1 0 1 1 3.0809435973386926e-02 2.1931383529485853e-02 1.0000187200296291e+00 6.8891751858808914e-02 2.0977855971493412e-01 3.1370202513467472e+01 28
1 0 1 1 3.0782107748626324e-02 2.1913390555105217e-02 1.0000191718509992e+00 6.8846924159664702e-02 2.1077469186640693e-01 3.1420202507574096e+01 28
1 0 1 1 3.0754771685644635e-02 2.1895413637775640e-02 1.0000196318814261e+00 6.8802266563338876e-02 2.1177131582801906e-01 3.1470202501704261e+01 28
1 0 1 1 3.0727428777577337e-02 2.1877453204980701e-02 1.0000201002027131e+00 6.8757779133830244e-02 2.1276842169491805e-01 3.1520202495866517e+01 28
1 0 1 1 3.0700080008361382e-02 2.1859509679475950e-02 1.0000205768959369e+00 6.8713461930009462e-02 2.1376599962352913e-01 3.1570202490053735e+01 28
1 0 1 1 3.0672726352773988e-02 2.1841583479320980e-02 1.0000210620414056e+00 6.8669315005640330e-02 2.1476403983195938e-01 3.1620202484276366e+01 28
1 0 1 1 3.0645368776498094e-02 2.1823675017923653e-02 1.0000215557186165e+00 6.8625338409455561e-02 2.1576253259880374e-01 3.1670202478516796e+01 28
1 0 1 1 3.0618008236145886e-02 2.1805784704061193e-02 1.0000220580062118e+00 6.8581532185151561e-02 2.1676146826420417e-01 3.1720202472795574e+01 28
1 0 1 1 3.0590645679342193e-02 2.1787912941934912e-02 1.0000225689819353e+00 6.8537896371493046e-02 2.1776083722817224e-01 3.1770202467102045e+01 28
1 0 1 1 3.0563282044753001e-02 2.1770060131194223e-02 1.0000230887225885e+00 6.8494431002319667e-02 2.1876062995097906e-01 3.1820202461427041e+01 27
1 0 1 1 3.0535918262126729e-02 2.1752226666964292e-02 1.0000236173039858e+00 6.8451136106574717e-02 2.1976083695356116e-01 3.1870202455797724e+01 27
1 0 1 1 3.0508555252389945e-02 2.1734412939913943e-02 1.0000241548009090e+00 6.8408011708419009e-02 2.2076144881538481e-01 3.1920202450183833e+01 27
1 0 1 1 3.0481193927638872e-02 2.1716619336247377e-02 1.0000247012870624e+00 6.8365057827187103e-02 2.2176245617632642e-01 3.1970202444607246e+01 27
1 0 1 1 3.0453835191241087e-02 2.1698846237778326e-02 1.0000252568350263e+00 6.8322274477502221e-02 2.2276384973466473e-01 3.2020202439053989e+01 27
1 0 1 1 3.0426479937850984e-02 2.1681094021936922e-02 1.0000258215162114e+00 6.8279661669272018e-02 2.2376562024800697e-01 3.2070202433536139e+01 27
1 0 1 1 3.0399129053487836e-02 2.1663363061824325e-02 1.0000263954008111e+00 6.8237219407770111e-02 2.2476775853206404e-01 3.2120202428044209e+01 27
1 0 1 1 3.0371783415568898e-02 2.1645653726236024e-02 1.0000269785577549e+00 6.8194947693650199e-02 2.2577025546103377e-01 3.2170202422580410e+01 27
1 0 1 1 3.0344443892966051e-02 2.1627966379698455e-02 1.0000275710546616e+00 6.8152846523000188e-02 2.2677310196719838e-01 3.2220202417153345e+01 27
1 0 1 1 3.0317111346071079e-02 2.1610301382513422e-02 1.0000281729577900e+00 6.8110915887404033e-02 2.2777628904000030e-01 3.2270202411745728e+01 27
1 0 1 1 3.0289786626817573e-02 2.1592659090773091e-02 1.0000287843319922e+00 6.8069155773940071e-02 2.2877980772699275e-01 3.2320202406376453e+01 27
1 0 1 1 3.0262470578766097e-02 2.1575039856413368e-02 1.0000294052406633e+00 6.8027566165277387e-02 2.2978364913221982e-01 3.2370202401034803e+01 27
1 0 1 1 3.0235164037136272e-02 2.1557444027239636e-02 1.0000300357456946e+00 6.7986147039683115e-02 2.3078780441674696e-01 3.2420202395720139e+01 27
1 0 1 1 3.0207867828859779e-02 2.1539871946957695e-02 1.0000306759074229e+00 6.7944898371070706e-02 2.3179226479831333e-01 3.2470202390440043e+01 27
1 0 1 1 3.0180582772642812e-02 2.1522323955214827e-02 1.0000313257845819e+00 6.7903820129059378e-02 2.3279702155053114e-01 3.2520202385184881e+01 27
1 0 1 1 3.0153309679003121e-02 2.1504800387624715e-02 1.0000319854342516e+00 6.7862912278989995e-02 2.3380206600339612e-01 3.2570202379967533e+01 27
1 0 1 1 3.0126049350344426e-02 2.1487301575815083e-02 1.0000326549118093e+00 6.7822174782002836e-02 2.3480738954197147e-01 3.2620202374772383e+01 27
1 0 1 1 3.0098802580980088e-02 2.1469827847442082e-02 1.0000333342708791e+00 6.7781607595037013e-02 2.3581298360723937e-01 3.2670202369612582e+01 27
1 0 1 1 3.0071570157209137e-02 2.1452379526237714e-02 1.0000340235632807e+00 6.7741210670910879e-02 2.3681883969483750e-01 3.2720202364482205e+01 27
1 0 1 1 3.0044352857359059e-02 2.1434956932039687e-02 1.0000347228389801e+00 6.7700983958342897e-02 2.3782494935529605e-01 3.2770202359381628e+01 27
1 0 1 1 3.0017151451834416e-02 2.1417560380817904e-02 1.0000354321460370e+00 6.7660927401998083e-02 2.3883130419351992e-01 3.2820202354307945e+01 27
1 0 1 1 2.9989966703171552e-02 2.1400190184712772e-02 1.0000361515305556e+00 6.7621040942521776e-02 2.3983789586897000e-01 3.2870202349277193e+01 27
1 0 1 1 2.9962799366109839e-02 2.1382846652076605e-02 1.0000368810366318e+00 6.7581324516618690e-02 2.4084471609407995e-01 3.2920202344261590e+01 27
1 0 1 1 2.9935650187599836e-02 2.1365530087479240e-02 1.0000376207063033e+00 6.7541778057024798e-02 2.4185175663595149e-01 3.2970202339287987e+01 27
1 0 1 1 2.9908519691075806e-02 2.1348238766440816e-02 1.0000383707415503e+00 6.7502401492622155e-02 2.4285901740048732e-01 3.3020202718742397e+01 27
1 0 1 1 2.9881408990832293e-02 2.1330971102643582e-02 1.0000391313596870e+00 6.7463195655954988e-02 2.4386647611305734e-01 3.3070202759735920e+01 27
1 0 1 1 2.9854319349831741e-02 2.1313731751036805e-02 1.0000399022561803e+00 6.7424160574848846e-02 2.4487410446480148e-01 3.3120201493832589e+01 27
1 0 1 1 2.9827249643637328e-02 2.1296519830959551e-02 1.0000406835174349e+00 6.7385293517311873e-02 2.4588196292859721e-01 3.3170202319499623e+01 27
1 0 1 1 2.9800202163900082e-02 2.1279336636190863e-02 1.0000414751296334e+00 6.7346596674707243e-02 2.4688998464305101e-01 3.3220202314684862e+01 27
1 0 1 1 2.9773177162261015e-02 2.1262182163864923e-02 1.0000422771347486e+00 6.7308069309918672e-02 2.4789817842948592e-01 3.3270202309886884e+01 27
1 0 1 1 2.9746175332749553e-02 2.1245056693674661e-02 1.0000430895594450e+00 6.7269711329148996e-02 2.4890653642266064e-01 3.3320202305136917e+01 27
1 0 1 1 2.9719197362079446e-02 2.1227960501806965e-02 1.0000439124279159e+00 6.7231522635041951e-02 2.4991505080725412e-01 3.3370202300403569e+01 27
1 0 1 1 2.9692243929642703e-02 2.1210893860938381e-02 1.0000447457618340e+00 6.7193503126638521e-02 2.5092371381982181e-01 3.3420202295704200e+01 27
1 0 1 1 2.9665315707596944e-02 2.1193857040286368e-02 1.0000455895802989e+00 6.7155652699469104e-02 2.5193251774722458e-01 3.3470202291042561e+01 27
1 0 1 1 2.9638413360917167e-02 2.1176850305641603e-02 1.0000464438997840e+00 6.7117971245590158e-02 2.5294145492626574e-01 3.3520202286404746e+01 27
1 0 1 1 2.9611537547425990e-02 2.1159873919384651e-02 1.0000473087340886e+00 6.7080458653593689e-02 2.5395051774431326e-01 3.3570202281805038e+01 27
1 0 1 1 2.9584688917870094e-02 2.1142928140530960e-02 1.0000481840942832e+00 6.7043114808683191e-02 2.5495969863780332e-01 3.3620202277226561e+01 27
1 0 1 1 2.9557868115940529e-02 2.1126013224740663e-02 1.0000490699886617e+00 6.7005939592668762e-02 2.5596899009331325e-01 3.3670202272689501e+01 27
1 0 1 1 2.9531075778361900e-02 2.1109129424374928e-02 1.0000499664226883e+00 6.6968932884055976e-02 2.5697838464579609e-01 3.3720202268177353e+01 26
1 0 1 1 2.9504312534908719e-02 2.1092276988500476e-02 1.0000508733989488e+00 6.6932094558039473e-02 2.5798787487944680e-01 3.3770202263695445e+01 26
1 0 1 1 2.9477579008472022e-02 2.1075456162930356e-02 1.0000517909171001e+00 6.6895424486560495e-02 2.5899745342704639e-01 3.3820202259252738e+01 26
1 0 1 1 2.9450875815121336e-02 2.1058667190260887e-02 1.0000527189738200e+00 6.6858922538359622e-02 2.6000711296904810e-01 3.3870202254830623e+01 26
1 0 1 1 2.9424203564123792e-02 2.1041910309879272e-02 1.0000536575627588e+00 6.6822588578972691e-02 2.6101684623454835e-01 3.3920202250446252e+01 26
1 0 1 1 2.9397562858026104e-02 2.1025185758012765e-02 1.0000546066744900e+00 6.6786422470811319e-02 2.6202664599973380e-01 3.3970202246089904e+01 26
1 0 1 1 2.9370954292683563e-02 2.1008493767742869e-02 1.0000555662964621e+00 6.6750424073171000e-02 2.6303650508842946e-01 3.4020202241766839e+01 26
1 0 1 1 2.9344378457324394e-02 2.0991834569045752e-02 1.0000565364129501e+00 6.6714593242284070e-02 2.6404641637128268e-01 3.4070202237470227e+01 26
1 0 1 1 2.9317835934583973e-02 2.0975208388806718e-02 1.0000575170050092e+00 6.6678929831339384e-02 2.6505637276612359e-01 3.4120202233214712e+01 26
1 0 1 1 2.9291327300579789e-02 2.0958615450865428e-02 1.0000585080504272e+00 6.6643433690551590e-02 2.6606636723641719e-01 3.4170202228973544e+01 26
1 0 1 1 2.9264853124918420e-02 2.0942055976018791e-02 1.0000595095236788e+00 6.6608104667136708e-02 2.6707639279301054e-01 3.4220202224778625e+01 26
1 0 1 1 2.9238413970797215e-02 2.0925530182078142e-02 1.0000605213958802e+00 6.6572942605422958e-02 2.6808644249145508e-01 3.4270202220603288e+01 26
1 0 1 1 2.9212010395004821e-02 2.0909038283867670e-02 1.0000615436347435e+00 6.6537947346818005e-02 2.6909650943384966e-01 3.4320202216466996e+01 26
1 0 1 1 2.9185642948009429e-02 2.0892580493277926e-02 1.0000625762045341e+00 6.6503118729896005e-02 2.7010658676701604e-01 3.4370202212358571e+01 26
1 0 1 1 2.9159312173981010e-02 2.0876157019271927e-02 1.0000636190660257e+00 6.6468456590401293e-02 2.7111666768292841e-01 3.4420202208272727e+01 26
1 0 1 1 2.9133018610839671e-02 2.0859768067916621e-02 1.0000646721764601e+00 6.6433960761277888e-02 2.7212674541891774e-01 3.4470202204232557e+01 26
1 0 1 1 2.9106762790334903e-02 2.0843413842423924e-02 1.0000657354895031e+00 6.6399631072750043e-02 2.7313681325566136e-01 3.4520202200205304e+01 26
1 0 1 1 2.9080545238042974e-02 2.0827094543150817e-02 1.0000668089552063e+00 6.6365467352283075e-02 2.7414686451937959e-01 3.4570202196223008e+01 26
1 0 1 1 2.9054366473466875e-02 2.0810810367652196e-02 1.0000678925199660e+00 6.6331469424693756e-02 2.7515689257907966e-01 3.4620202192261814e+01 26
1 0 1 1 2.9028227010043168e-02 2.0794561510685677e-02 1.0000689861264849e+00 6.6297637112122998e-02 2.7616689084808310e-01 3.4670202188329235e+01 26
1 0 1 1 2.9002127355206408e-02 2.0778348164247274e-02 1.0000700897137351e+00 6.6263970234094666e-02 2.7717685278318499e-01 3.4720202184436602e+01 26
1 0 1 1 2.8976068010448053e-02 2.0762170517601507e-02 1.0000712032169208e+00 6.6230468607565429e-02 2.7818677188354568e-01 3.4770202180558108e+01 26
1 0 1 1 2.8950049471325422e-02 2.0746028757286854e-02 1.0000723265674445e+00 6.6197132046904361e-02 2.7919664169231834e-01 3.4820202176723519e+01 26
1 0 1 1 2.8924072227556469e-02 2.0729923067168088e-02 1.0000734596928709e+00 6.6163960363992080e-02 2.8020645579423414e-01 3.4870202172912684e+01 26
1 0 1 1 2.8898127832256034e-02 2.0713853628439801e-02 1.0000746025168956e+00 6.6130953368201850e-02 2.8121620781665252e-01 3.4920202169119712e+01 26
1 0 1 1 2.8872223577949770e-02 2.0697820619649032e-02 1.0000757549593147e+00 6.6098110866429416e-02 2.8222589142974791e-01 3.4970202165375461e+01 26
1 0 1 1 2.8846362099257585e-02 2.0681824216747142e-02 1.0000769169359913e+00 6.6065432663181989e-02 2.8323550034423411e-01 3.5020202161647674e+01 26
1 0 1 1 2.8820543863420697e-02 2.0665864593080219e-02 1.0000780883588305e+00 6.6032918560538167e-02 2.8424502831329007e-01 3.5070202157948671e+01 26
1 0 1 1 2.8794769332035359e-02 2.0649941919431789e-02 1.0000792691357503e+00 6.6000568358216022e-02 2.8525446913107255e-01 3.5120202154274054e+01 26
1 0 1 1 2.8769038961083654e-02 2.0634056364037458e-02 1.0000804591706569e+00 6.5968381853586888e-02 2.8626381663326966e-01 3.5170202150642766e+01 26
1 0 1 1 2.8743353201008251e-02 2.0618208092626506e-02 1.0000816583634191e+00 6.5936358841742426e-02 2.8727306469521774e-01 3.5220202147015947e+01 26
1 0 1 1 2.8717712496695899e-02 2.0602397268409268e-02 1.0000828666098487e+00 6.5904499115446852e-02 2.8828220723456494e-01 3.5270202143440407e+01 26
1 0 1 1 2.8692117287600072e-02 2.0586624052145661e-02 1.0000840838016762e+00 6.5872802465266278e-02 2.8929123820740349e-01 3.5320202139869856e+01 26
1 0 1 1 2.8666568007704875e-02 2.0570888602123267e-02 1.0000853098265361e+00 6.5841268679494080e-02 2.9030015161158668e-01 3.5370202136339358e+01 26
1 0 1 1 2.8641065085630472e-02 2.0555191074213365e-02 1.0000865445679459e+00 6.5809897544261753e-02 2.9130894148385439e-01 3.5420202132836344e+01 26
1 0 1 1 2.8615608944649398e-02 2.0539531621879683e-02 1.0000877879052921e+00 6.5778688843529137e-02 2.9231760190053474e-01 3.5470202129345459e+01 26
1 0 1 1 2.8590200002711754e-02 2.0523910396189202e-02 1.0000890397138191e+00 6.5747642359091918e-02 2.9332612697826221e-01 3.5520202125895622e+01 26
1 0 1 1 2.8564838672532209e-02 2.0508327545861151e-02 1.0000902998646142e+00 6.5716757870663944e-02 2.9433451087174584e-01 3.5570202122460621e+01 26
1 0 1 1 2.8539525361586209e-02 2.0492783217261622e-02 1.0000915682246003e+00 6.5686035155846756e-02 2.9534274777560987e-01 3.5620202119060821e+01 26
1 0 1 1 2.8514260472189749e-02 2.0477277554445953e-02 1.0000928446565280e+00 6.5655473990203439e-02 2.9635083192220024e-01 3.5670202115665703e+01 25
1 0 1 1 2.8489044401488636e-02 2.0461810699149787e-02 1.0000941290189720e+00 6.5625074147222240e-02 2.9735875758393393e-01 3.5720202112320635e+01 25
1 0 1 1 2.8463877541577646e-02 2.0446382790859433e-02 1.0000954211663242e+00 6.5594835398431806e-02 2.9836651906971656e-01 3.5770202108978289e+01 25
1 0 1 1 2.8438760279454540e-02 2.0430993966776060e-02 1.0000967209487983e+00 6.5564757513328242e-02 2.9937411072823666e-01 3.5820202105674056e+01 25
1 0 1 1 2.8413692997130622e-02 2.0415644361881181e-02 1.0000980282124259e+00 6.5534840259480198e-02 3.0038152694477144e-01 3.5870202102376290e+01 25
1 0 1 1 2.8388676071611767e-02 2.0400334108921028e-02 1.0000993427990652e+00 6.5505083402483455e-02 3.0138876214361504e-01 3.5920202099116537e+01 25
1 0 1 1 2.8363709874993027e-02 2.0385063338460015e-02 1.0001006645464030e+00 6.5475486706050856e-02 3.0239581078541322e-01 3.5970202095866924e+01 25
1 0 1 1 2.8338794774448253e-02 2.0369832178870360e-02 1.0001019932879673e+00 6.5446049931976419e-02 3.0340266736924659e-01 3.6020202092652610e+01 25
1 0 1 1 2.8313931132316329e-02 2.0354640756380486e-02 1.0001033288531345e+00 6.5416772840212800e-02 3.0440932643010299e-01 3.6070202089435192e+01 25
1 0 1 1 2.8289119306072873e-02 2.0339489195053139e-02 1.0001046710671477e+00 6.5387655188819449e-02 3.0541578254170654e-01 3.6120202086262744e+01 25
1 0 1 1 2.8264359648451583e-02 2.0324377616856432e-02 1.0001060197511276e+00 6.5358696734077848e-02 3.0642203031288889e-01 3.6170202083097116e+01 25
1 0 1 1 2.8239652507411513e-02 2.0309306141639262e-02 1.0001073747220961e+00 6.5329897230432643e-02 3.0742806439016052e-01 3.6220202079950489e+01 25
1 0 1 1 2.8214998226203644e-02 2.0294274887166956e-02 1.0001087357929954e+00 6.5301256430549015e-02 3.0843387945643225e-01 3.6270202076830493e+01 25
1 0 1 1 2.8190397143417621e-02 2.0279283969147653e-02 1.0001101027727122e+00 6.5272774085339325e-02 3.0943947023028756e-01 3.6320202073710476e+01 25
1 0 1 1 2.8165849592974291e-02 2.0264333501222476e-02 1.0001114754661071e+00 6.5244449943938077e-02 3.1044483146795454e-01 3.6370202070636395e+01 25
1 0 1 1 2.8141355904236259e-02 2.0249423595027436e-02 1.0001128536740398e+00 6.5216283753805115e-02 3.1144995795951624e-01 3.6420202067545773e+01 25
1 0 1 1 2.8116916401943345e-02 2.0234554360153329e-02 1.0001142371934075e+00 6.5188275260629008e-02 3.1245484453340905e-01 3.6470202064497535e+01 25
1 0 1 1 2.8092530840109802e-02 2.0219721644179674e-02 1.0001156269980709e+00 6.5160424208462131e-02 3.1345950798663141e-01 3.6520203033248777e+01 25
1 0 1 1 2.8068201095046878e-02 2.0204927436581734e-02 1.0001170225600693e+00 6.5132731962023904e-02 3.1446387911703427e-01 3.6570201807142702e+01 25
1 0 1 1 2.8043926132709503e-02 2.0190174039486534e-02 1.0001184228696067e+00 6.5105196228654516e-02 3.1546800938064368e-01 3.6620201290518821e+01 25
1 0 1 1 2.8019705986874185e-02 2.0175461389225356e-02 1.0001198277244352e+00 6.5077816443281256e-02 3.1647190516279322e-01 3.6670202052569827e+01 25
1 0 1 1 2.7995541950792933e-02 2.0160790187691437e-02 1.0001212368449512e+00 6.5050593464842710e-02 3.1747552043185440e-01 3.6720202049605547e+01 25
1 0 1 1 2.7971433951550405e-02 2.0146160307452542e-02 1.0001226500266331e+00 6.5023526609056609e-02 3.1847886558906763e-01 3.6770202046622281e+01 25
1 0 1 1 2.7947382282863368e-02 2.0131571844573704e-02 1.0001240670398215e+00 6.4996615610129399e-02 3.1948193571032635e-01 3.6820202043667649e+01 25
1 0 1 1 2.7923387234181613e-02 2.0117024893251494e-02 1.0001254876512315e+00 6.4969860200732421e-02 3.2048472590501864e-01 3.6870202040719732e+01 25
1 0 1 1 2.7899449090674492e-02 2.0102519545802194e-02 1.0001269116240152e+00 6.4943260111964912e-02 3.2148723131773083e-01 3.6920202037776626e+01 25
1 0 1 1 2.7875568133269423e-02 2.0088055892681731e-02 1.0001283387178215e+00 6.4916815073375572e-02 3.2248944712794625e-01 3.6970202034845791e+01 25
1 0 1 1 2.7851744638690924e-02 2.0073634022506122e-02 1.0001297686888617e+00 6.4890524812987016e-02 3.2349136854966365e-01 3.7020202031929465e+01 25
1 0 1 1 2.7827978879492569e-02 2.0059254022064158e-02 1.0001312012899768e+00 6.4864389057310790e-02 3.2449299083100547e-01 3.7070202029010161e+01 25
1 0 1 1 2.7804271124069167e-02 2.0044915976325409e-02 1.0001326362707095e+00 6.4838407531335129e-02 3.2549430925500095e-01 3.7120202026091320e+01 25
1 0 1 1 2.7780621636688228e-02 2.0030619968452491e-02 1.0001340733773789e+00 6.4812579958547112e-02 3.2649531913963231e-01 3.7170202023205434e+01 25
1 0 1 1 2.7757030677567428e-02 2.0016366079844382e-02 1.0001355123531541e+00 6.4786906060990246e-02 3.2749601583523630e-01 3.7220202020286415e+01 25
1 0 1 1 2.7733498502805570e-02 2.0002154390093837e-02 1.0001369529381403e+00 6.4761385559171325e-02 3.2849639472916792e-01 3.7270202017404962e+01 25
1 0 1 1 2.7710025364524188e-02 1.9987984977065033e-02 1.0001383948694553e+00 6.4736018172195320e-02 3.2949645124035748e-01 3.7320202014501092e+01 25
1 0 1 1 2.7686611510796939e-02 1.9973857916851086e-02 1.0001398378813227e+00 6.4710803617665125e-02 3.3049618082381410e-01 3.7370202011609727e+01 25
1 0 1 1 2.7663257185739545e-02 1.9959773283823222e-02 1.0001412817051556e+00 6.4685741611762881e-02 3.3149557896784598e-01 3.7420202008725241e+01 25
1 0 1 1 2.7639962629521949e-02 1.9945731150635044e-02 1.0001427260696514e+00 6.4660831869238544e-02 3.3249464119460603e-01 3.7470202005829748e+01 25
1 0 1 1 2.7616728078371171e-02 1.9931731588218263e-02 1.0001441707008869e+00 6.4636074103398250e-02 3.3349336306092003e-01 3.7520202002938078e+01 25
1 0 1 1 2.7593553764629016e-02 1.9917774665818878e-02 1.0001456153224169e+00 6.4611468026138846e-02 3.3449174015724265e-01 3.7570202000043935e+01 25
1 0 1 1 2.7570439916758536e-02 1.9903860450993301e-02 1.0001470596553736e+00 6.4587013347941702e-02 3.3548976810818731e-01 3.7620201997150403e+01 25
1 0 1 1 2.7547386759381114e-02 1.9889989009629388e-02 1.0001485034185718e+00 6.4562709777887917e-02 3.3648744257210028e-01 3.7670201994248060e+01 25
1 0 1 1 2.7524394513288333e-02 1.9876160405948754e-02 1.0001499463286152e+00 6.4538557023652021e-02 3.3748475924153859e-01 3.7720201991340240e+01 25
1 0 1 1 2.7501463395473252e-02 1.9862374702523271e-02 1.0001513881000066e+00 6.4514554791516132e-02 3.3848171384309256e-01 3.7770201988434479e+01 25
1 0 1 1 2.7478593619166044e-02 1.9848631960294315e-02 1.0001528284452577e+00 6.4490702786385246e-02 3.3947830213686397e-01 3.7820201985515709e+01 25
1 0 1 1 2.7455785393834423e-02 1.9834932238565781e-02 1.0001542670750068e+00 6.4467000711771721e-02 3.4047451991730521e-01 3.7870201982590466e+01 25
1 0 1 1 2.7433038925224341e-02 1.9821275595028769e-02 1.0001557036981337e+00 6.4443448269814463e-02 3.4147036301273959e-01 3.7920201979660597e+01 25
1 0 1 1 2.7410353478996469e-02 1.9807662085772386e-02 1.0001571380218812e+00 6.4420045161284079e-02 3.4246582728523001e-01 3.7970201976716410e+01 25
1 0 1 1 2.7387719684789136e-02 1.9794091765281758e-02 1.0001585697519766e+00 6.4396791085575028e-02 3.4346090863118411e-01 3.8020201973768273e+01 25
1 0 1 1 2.7365148316363361e-02 1.9780564686465312e-02 1.0001599985927552e+00 6.4373685740726883e-02 3.4445560298039252e-01 3.8070201970795239e+01 25
1 0 1 1 2.7342639564688041e-02 1.9767080900643889e-02 1.0001614242472907e+00 6.4350728823397318e-02 3.4544990629780165e-01 3.8120201967833950e+01 25
1 0 1 1 2.7320193617143950e-02 1.9753640457589986e-02 1.0001628464175190e+00 6.4327920028920071e-02 3.4644381458076939e-01 3.8170201964840722e+01 25
1 0 1 1 2.7297810657486099e-02 1.9740243405506626e-02 1.0001642648043743e+00 6.4305259051241959e-02 3.4743732386194992e-01 3.8220201961832480e+01 25
1 0 1 1 2.7275490865893672e-02 1.9726889791049671e-02 1.0001656791079203e+00 6.4282745582960765e-02 3.4843043020795178e-01 3.8270201958820500e+01 25
1 0 1 1 2.7253234419001876e-02 1.9713579659347460e-02 1.0001670890274850e+00 6.4260379315334848e-02 3.4942312971922801e-01 3.8320201955800954e+01 25
1 0 1 1 2.7231041489919089e-02 1.9700313054003431e-02 1.0001684942617965e+00 6.4238159938280109e-02 3.5041541852960795e-01 3.8370201952731293e+01 25
1 0 1 1 2.7208912248194127e-02 1.9687090017077934e-02 1.0001698945091269e+00 6.4216087140320510e-02 3.5140729280950156e-01 3.8420201949687915e+01 25
1 0 1 1 2.7186846859947100e-02 1.9673910589159356e-02 1.0001712894674246e+00 6.4194160608695622e-02 3.5239874876018040e-01 3.8470201946577035e+01 25
1 0 1 1 2.7164845487744553e-02 1.9660774809289190e-02 1.0001726788344651e+00 6.4172380029223319e-02 3.5338978262117071e-01 3.8520201943504510e+01 25
1 0 1 1 2.7142908290786704e-02 1.9647682715069326e-02 1.0001740623079849e+00 6.4150745086459959e-02 3.5438039066216853e-01 3.8570201940365479e+01 25
1 0 1 1 2.7121035424761814e-02 1.9634634342571032e-02 1.0001754395858342e+00 6.4129255463542673e-02 3.5537056919067794e-01 3.8620201937228352e+01 25
1 0 1 1 2.7099227041988683e-02 1.9621629726419461e-02 1.0001768103661175e+00 6.4107910842304716e-02 3.5636031454661771e-01 3.8670201934057786e+01 25
1 0 1 1 2.7077483291360636e-02 1.9608668899754426e-02 1.0001781743473426e+00 6.4086710903210137e-02 3.5734962310572455e-01 3.8720201930886439e+01 25
1 0 1 1 2.7055804318426940e-02 1.9595751894277119e-02 1.0001795312285655e+00 6.4065655325405757e-02 3.5833849127664780e-01 3.8770201927663329e+01 25
1 0 1 1 2.7034190265334188e-02 1.9582878740211831e-02 1.0001808807095443e+00 6.4044743786651509e-02 3.5932691550472956e-01 3.8820201924443069e+01 25
1 0 1 1 2.7012641270928877e-02 1.9570049466364287e-02 1.0001822224908807e+00 6.4023975963398705e-02 3.6031489226813651e-01 3.8870201921186876e+01 25
1 0 1 1 2.6991157470714826e-02 1.9557264100092904e-02 1.0001835562741761e+00 6.4003351530729058e-02 3.6130241808058861e-01 3.8920201917897515e+01 25
1 0 1 1 2.6969738996882441e-02 1.9544522667322480e-02 1.0001848817621790e+00 6.3982870162369254e-02 3.6228948949121170e-01 3.8970201914609746e+01 25
1 0 1 1 2.6948385978371764e-02 1.9531825192579094e-02 1.0001861986589324e+00 6.3962531530728561e-02 3.6327610308218450e-01 3.9020201911267442e+01 25
1 0 1 1 2.6927098540815021e-02 1.9519171698954573e-02 1.0001875066699308e+00 6.3942335306825804e-02 3.6426225547256291e-01 3.9070201907913322e+01 25
1 0 1 1 2.6905876806617181e-02 1.9506562208146668e-02 1.0001888055022634e+00 6.3922281160352173e-02 3.6524794331519544e-01 3.9120201904532436e+01 25
1 0 1 1 2.6884720894948314e-02 1.9493996740457705e-02 1.0001900948647691e+00 6.3902368759640366e-02 3.6623316329817890e-01 3.9170201901119249e+01 25
1 0 1 1 2.6863630921755005e-02 1.9481475314792076e-02 1.0001913744681834e+00 6.3882597771663135e-02 3.6721791214504157e-01 3.9220201897687524e+01 25
1 0 1 1 2.6842606999802853e-02 1.9468997948683238e-02 1.0001926440252900e+00 6.3862967862049119e-02 3.6820218661367782e-01 3.9270201894210182e+01 25
1 0 1 1 2.6821649238649974e-02 1.9456564658272141e-02 1.0001939032510681e+00 6.3843478695047862e-02 3.6918598349857668e-01 3.9320201890731873e+01 25
1 0 1 1 2.6800757729332891e-02 1.9444175356219950e-02 1.0001951519158427e+00 6.3824129933585216e-02 3.7016930025623779e-01 3.9370201913732352e+01 25
1 0 1 1 2.6779931504309129e-02 1.9431822757646600e-02 1.0001963935667284e+00 6.3804921269958570e-02 3.7115217730986361e-01 3.9420203786552186e+01 25
1 0 1 1 2.6759174145376038e-02 1.9419515739770857e-02 1.0001976239411929e+00 6.3785854524121777e-02 3.7213445400385081e-01 3.9470199885979596e+01 25
1 0 1 1 2.6738480906723788e-02 1.9407251441885143e-02 1.0001988430503554e+00 6.3766924906855149e-02 3.7311635645740004e-01 3.9520201877283718e+01 25
1 0 1 1 2.6717855154118151e-02 1.9395031812909743e-02 1.0002000504275805e+00 6.3748135077870249e-02 3.7409772670588815e-01 3.9570201873654355e+01 25
1 0 1 1 2.6697296151609821e-02 1.9382856370638298e-02 1.0002012458517711e+00 6.3729483935457021e-02 3.7507860093718765e-01 3.9620201869998219e+01 25
1 0 1 1 2.6676803987109015e-02 1.9370725121722800e-02 1.0002024290561484e+00 6.3710971134551292e-02 3.7605897619056083e-01 3.9670201866324753e+01 25
1 0 1 1 2.6656378745506967e-02 1.9358638071506389e-02 1.0002035997772580e+00 6.3692596328741247e-02 3.7703884953937272e-01 3.9720201862569390e+01 25
1 0 1 1 2.6636020508603624e-02 1.9346595223980363e-02 1.0002047577551125e+00 6.3674359170196621e-02 3.7801821809625025e-01 3.9770201858854698e+01 25
1 0 1 1 2.6615729355290250e-02 1.9334596581887912e-02 1.0002059027333181e+00 6.3656259309807672e-02 3.7899707900452728e-01 3.9820201855051408e+01 26
1 0 1 1 2.6595505361378134e-02 1.9322642146619544e-02 1.0002070344592187e+00 6.3638296397024119e-02 3.7997542944772966e-01 3.9870201851262102e+01 26
1 0 1 1 2.6575348599777931e-02 1.9310731918317500e-02 1.0002081526840185e+00 6.3620470079992386e-02 3.8095326664160328e-01 3.9920201847410802e+01 26
1 0 1 1 2.6555259140391894e-02 1.9298865895807156e-02 1.0002092571629173e+00 6.3602780005452053e-02 3.8193058784033046e-01 3.9970201843561355e+01 26
1 0 1 1 2.6535237050233071e-02 1.9287044076664078e-02 1.0002103476552318e+00 6.3585225818820035e-02 3.8290739033125643e-01 4.0020201839645999e+01 26
1 0 1 1 2.6515282393344559e-02 1.9275266457166401e-02 1.0002114239245252e+00 6.3567807164107454e-02 3.8388367144018198e-01 4.0070201835733918e+01 26
1 0 1 1 2.6495395230907937e-02 1.9263533032352315e-02 1.0002124857387218e+00 6.3550523684004129e-02 3.8485942852668387e-01 4.0120201831793558e+01 26
1 0 1 1 2.6475575621218134e-02 1.9251843796002768e-02 1.0002135328702295e+00 6.3533375019832916e-02 3.8583465898592795e-01 4.0170201827783281e+01 26
1 0 1 1 2.6455823619649821e-02 1.9240198740620912e-02 1.0002145650960557e+00 6.3516360811519068e-02 3.8680936025196355e-01 4.0220201823820553e+01 26
1 0 1 1 2.6436139278826133e-02 1.9228597857525134e-02 1.0002155821979126e+00 6.3499480697712191e-02 3.8778352978941533e-01 4.0270201819756544e+01 26
1 0 1 1 2.6416522648437336e-02 1.9217041136740737e-02 1.0002165839623369e+00 6.3482734315621070e-02 3.8875716510379354e-01 4.0320201815704877e+01 26
1 0 1 1 2.6396973775420867e-02 1.9205528567103673e-02 1.0002175701807849e+00 6.3466121301156642e-02 3.8973026373347192e-01 4.0370201811630622e+01 26
1 0 1 1 2.6377492703907879e-02 1.9194060136224177e-02 1.0002185406497401e+00 6.3449641288873149e-02 3.9070282325313255e-01 4.0420201807528862e+01 26
1 0 1 1 2.6358079475256369e-02 1.9182635830502677e-02 1.0002194951708103e+00 6.3433293911978633e-02 3.9167484127269131e-01 4.0470201803370173e+01 26
1 0 1 1 2.6338734128025995e-02 1.9171255635115240e-02 1.0002204335508251e+00 6.3417078802309845e-02 3.9264631544016321e-01 4.0520201799248824e+01 26
1 0 1 1 2.6319456698109856e-02 1.9159919534083622e-02 1.0002213556019206e+00 6.3400995590426279e-02 3.9361724343523374e-01 4.0570201795055702e+01 26
1 0 1 1 2.6300247218610878e-02 1.9148627510201584e-02 1.0002222611416349e+00 6.3385043905496541e-02 3.9458762297672928e-01 4.0620201790863689e+01 26
1 0 1 1 2.6281105719967491e-02 1.9137379545105148e-02 1.0002231499929857e+00 6.3369223375392358e-02 3.9555745181706015e-01 4.0670201786644554e+01 26
1 0 1 1 2.6262032229919057e-02 1.9126175619250087e-02 1.0002240219845531e+00 6.3353533626649500e-02 3.9652672774511699e-01 4.0720201782420133e+01 26
1 0 1 1 2.6243018460478648e-02 1.9115015711937567e-02 1.0002248769505540e+00 6.3337974284500054e-02 3.9749544858417113e-01 4.0770201778158494e+01 26
1 0 1 1 2.6224070300271622e-02 1.9103899801298351e-02 1.0002257147309139e+00 6.3322544972844896e-02 3.9846361219388221e-01 4.0820201773881017e+01 26
1 0 1 1 2.6205190293742957e-02 1.9092827864319463e-02 1.0002265351713358e+00 6.3307245314283445e-02 3.9943121646939850e-01 4.0870201769618049e+01 26
1 0 1 1 2.6186378457755746e-02 1.9081799876865299e-02 1.0002273381233600e+00 6.3292074930141051e-02 4.0039825933893941e-01 4.0920201765290741e+01 26
1 0 1 1 2.6167634806521588e-02 1.9070815813633197e-02 1.0002281234444281e+00 6.3277033440403141e-02 4.0136473876941753e-01 4.0970201761004361e+01 26
1 0 1 1 2.6148959351755093e-02 1.9059875648238640e-02 1.0002288909979331e+00 6.3262120463826621e-02 4.0233065275903401e-01 4.1020201756670787e+01 26
1 0 1 1 2.6130352102574424e-02 1.9048979353153847e-02 1.0002296406532738e+00 6.3247335617851785e-02 4.0329599934335053e-01 4.1070201752327840e+01 26
1 0 1 1 2.6111813065578145e-02 1.9038126899748355e-02 1.0002303722858989e+00 6.3232678518660212e-02 4.0426077659238008e-01 4.1120201747995445e+01 26
1 0 1 1 2.6093342244877912e-02 1.9027318258307686e-02 1.0002310857773493e+00 6.3218148781189087e-02 4.0522498260987988e-01 4.1170201743642757e+01 26
1 0 1 1 2.6074939642080724e-02 1.9016553398016230e-02 1.0002317810152968e+00 6.3203746019112300e-02 4.0618861553504582e-01 4.1220201739284505e+01 26
1 0 1 1 2.6056605256332986e-02 1.9005832286981272e-02 1.0002324578935751e+00 6.3189469844867702e-02 4.0715167354128606e-01 4.1270201734923042e+01 26
1 0 1 1 2.6038339084334700e-02 1.8995154892238717e-02 1.0002331163122113e+00 6.3175319869664126e-02 4.0811415483659197e-01 4.1320201730574489e+01 26
1 0 1 1 2.6020141120383672e-02 1.8984521179772909e-02 1.0002337561774477e+00 6.3161295703504428e-02 4.0907605766175265e-01 4.1370201726184078e+01 26
1 0 1 1 2.6002011356323566e-02 1.8973931114485781e-02 1.0002343774017650e+00 6.3147396955149260e-02 4.1003738029467812e-01 4.1420201721858348e+01 26
1 0 1 1 2.5983949781702112e-02 1.8963384660283158e-02 1.0002349799038941e+00 6.3133623232220992e-02 4.1099812104223954e-01 4.1470201717448731e+01 26
1 0 1 1 2.5965956383593163e-02 1.8952881779970135e-02 1.0002355636088318e+00 6.3119974141079199e-02 4.1195827825163989e-01 4.1520201713152304e+01 26
1 0 1 1 2.5948031146876632e-02 1.8942422435408425e-02 1.0002361284478427e+00 6.3106449287012117e-02 4.1291785029558115e-01 4.1570201708747526e+01 27
1 0 1 1 2.5930174053966928e-02 1.8932006587355596e-02 1.0002366743584681e+00 6.3093048274042607e-02 4.1387683558841643e-01 4.1620201704446409e+01 27
1 0 1 1 2.5912385085114269e-02 1.8921634195638821e-02 1.0002372012845180e+00 6.3079770705142091e-02 4.1483523257079002e-01 4.1670201700101316e+01 27
1 0 1 1 2.5894664218221803e-02 1.8911305219041087e-02 1.0002377091760704e+00 6.3066616182092528e-02 4.1579303972023629e-01 4.1720201695769916e+01 27
1 0 1 1 2.5877011428957295e-02 1.8901019615367155e-02 1.0002381979894583e+00 6.3053584305571286e-02 4.1675025554671019e-01 4.1770201691490463e+01 27
1 0 1 1 2.5859426690800956e-02 1.8890777341464524e-02 1.0002386676872561e+00 6.3040674675179598e-02 4.1770687859044486e-01 4.1820201687181999e+01 27
1 0 1 1 2.5841909974979132e-02 1.8880578353183755e-02 1.0002391182382622e+00 6.3027886889393259e-02 4.1866290742697887e-01 4.1870201682916282e+01 27
1 0 1 1 2.5824461250570814e-02 1.8870422605434443e-02 1.0002395496174750e+00 6.3015220545642181e-02 4.1961834066220249e-01 4.1920201678672498e+01 27
1 0 1 1 2.5807080484499180e-02 1.8860310052180324e-02 1.0002399618060678e+00 6.3002675240296735e-02 4.2057317693384810e-01 4.1970201674423521e+01 27
1 0 1 1 2.5789767641519974e-02 1.8850240646424817e-02 1.0002403547913581e+00 6.2990250568668305e-02 4.2152741491322748e-01 4.2020201670242948e+01 27
1 0 1 1 2.5772522684332253e-02 1.8840214340276839e-02 1.0002407285667723e+00 6.2977946125080064e-02 4.2248105330028252e-01 4.2070201666053627e+01 27
1 0 1 1 2.5755344670141508e-02 1.8830225905693422e-02 1.0002410865950995e+00 6.2965761502817741e-02 4.2343413253208811e-01 4.2120203483185698e+01 27
1 0 1 1 2.5738236012498906e-02 1.8820279657733974e-02 1.0002414266745103e+00 6.2953697623452098e-02 4.2438652021650208e-01 4.2170200468041728e+01 27
1 0 1 1 2.5721193922462700e-02 1.8810375709475090e-02 1.0002417475702117e+00 6.2941751897976461e-02 4.2533837107608846e-01 4.2220200943864448e+01 27
1 0 1 1 2.5704219473100233e-02 1.8800514659638484e-02 1.0002420492751598e+00 6.2929924709002105e-02 4.2628962181705354e-01 4.2270201651263939e+01 27
1 0 1 1 2.5687312936151133e-02 1.8790696641014237e-02 1.0002423318058615e+00 6.2918215867555555e-02 4.2724025335979343e-01 4.2320201647226284e+01 27
1 0 1 1 2.5670474020198227e-02 1.8780921459540294e-02 1.0002425951945135e+00 6.2906624793258092e-02 4.2819027812717908e-01 4.2370201643259385e+01 27
1 0 1 1 2.5653702673918536e-02 1.8771189060931916e-02 1.0002428394746703e+00 6.2895151073984634e-02 4.2913969503042015e-01 4.2420201639321071e+01 27
1 0 1 1 2.5636998844052079e-02 1.8761499390048363e-02 1.0002430646856115e+00 6.2883794296716700e-02 4.3008850301068346e-01 4.2470201635396705e+01 27
1 0 1 1 2.5620362475409632e-02 1.8751852390897078e-02 1.0002432708722779e+00 6.2872554047557871e-02 4.3103670104033065e-01 4.2520201631578054e+01 27
1 0 1 1 2.5603793510989896e-02 1.8742248006694502e-02 1.0002434580852018e+00 6.2861429911811095e-02 4.3198428811681444e-01 4.2570201627758159e+01 27
1 0 1 1 2.5587291891880783e-02 1.8732686179807501e-02 1.0002436263804366e+00 6.2850421473917867e-02 4.3293126326952752e-01 4.2620201624006768e+01 27
1 0 1 1 2.5570857557369594e-02 1.8723166851814084e-02 1.0002437758194831e+00 6.2839528317537363e-02 4.3387762555478782e-01 4.2670201620321016e+01 27
1 0 1 1 2.5554490444950412e-02 1.8713689963503432e-02 1.0002439064692110e+00 6.2828750025551883e-02 4.3482337405614574e-01 4.2720201616657441e+01 27
1 0 1 1 2.5538190490298499e-02 1.8704255454857540e-02 1.0002440184017809e+00 6.2818086180061627e-02 4.3576850788723942e-01 4.2770201613099850e+01 27
1 0 1 1 2.5521957627383868e-02 1.8694863265115470e-02 1.0002441116945608e+00 6.2807536362460781e-02 4.3671302618635227e-01 4.2820201609585745e+01 27
1 0 1 1 2.5505791788429343e-02 1.8685513332743271e-02 1.0002441864300429e+00 6.2797100153409446e-02 4.3765692811944912e-01 4.2870201606083967e+01 27
1 0 1 1 2.5489692903899613e-02 1.8676205595425977e-02 1.0002442426957550e+00 6.2786777132844529e-02 4.3860021288249929e-01 4.2920201602735069e+01 27
1 0 1 1 2.5473660902663463e-02 1.8666939990158161e-02 1.0002442805841714e+00 6.2776566880083706e-02 4.3954287969289596e-01 4.2970201599412100e+01 27
1 0 1 1 2.5457695711881015e-02 1.8657716453175641e-02 1.0002443001926229e+00 6.2766468973755762e-02 4.4048492779700982e-01 4.3020201596137035e+01 27
1 0 1 1 2.5441797257064479e-02 1.8648534919985443e-02 1.0002443016232014e+00 6.2756482991853157e-02 4.4142635646776496e-01 4.3070201592971834e+01 28
1 0 1 1 2.5425965462146490e-02 1.8639395325404397e-02 1.0002442849826654e+00 6.2746608511781071e-02 4.4236716500192086e-01 4.3120201589889248e+01 28
1 0 1 1 2.5410200249479025e-02 1.8630297603555116e-02 1.0002442503823425e+00 6.2736845110356765e-02 4.4330735272093669e-01 4.3170201586834871e+01 28
1 0 1 1 2.5394501539799767e-02 1.8621241687841201e-02 1.0002441979380301e+00 6.2727192363805778e-02 4.4424691897423479e-01 4.3220201583921067e+01 28
1 0 1 1 2.5378869252376601e-02 1.8612227511029946e-02 1.0002441277698957e+00 6.2717649847849832e-02 4.4518586313153946e-01 4.3270201581033760e+01 28
1 0 1 1 2.5363303304885461e-02 1.8603255005178444e-02 1.0002440400023722e+00 6.2708217137651734e-02 4.4612418459170694e-01 4.3320201578321900e+01 28
1 0 1 1 2.5347803613617634e-02 1.8594324101748202e-02 1.0002439347640590e+00 6.2698893807933115e-02 4.4706188277062520e-01 4.3370201575569240e+01 28
1 0 1 1 2.5332370093252132e-02 1.8585434731472790e-02 1.0002438121876118e+00 6.2689679432862327e-02 4.4799895711676857e-01 4.3420201573042434e+01 28
1 0 1 1 2.5316996783677329e-02 1.8576586824539009e-02 1.0002436724096415e+00 6.2680573586241628e-02 4.4893540709236834e-01 4.3470201570502809e+01 28
1 0 1 1 2.5301685604533542e-02 1.8567780310433386e-02 1.0002435155706026e+00 6.2671575841371979e-02 4.4987123219061420e-01 4.3520201568144252e+01 28
1 0 1 1 2.5286440403235036e-02 1.8559015118087125e-02 1.0002433418146892e+00 6.2662685771205429e-02 4.5080643192118863e-01 4.3570201565836442e+01 28
1 0 1 1 2.5271261088444075e-02 1.8550291175795014e-02 1.0002431512897241e+00 6.2653902948276025e-02 4.5174100581909010e-01 4.3620201563615630e+01 28
1 0 1 1 2.5256147567460679e-02 1.8541608411252360e-02 1.0002429441470488e+00 6.2645226944756410e-02 4.5267495344227326e-01 4.3670201561576462e+01 28
1 0 1 1 2.5241099746334726e-02 1.8532966751615199e-02 1.0002427205414157e+00 6.2636657332519829e-02 4.5360827436521067e-01 4.3720201559544321e+01 28
1 0 1 1 2.5226117529703895e-02 1.8524366123406067e-02 1.0002424806308738e+00 6.2628193683068129e-02 4.5454096819062972e-01 4.3770201557722110e+01 28
1 0 1 1 2.5211200821033373e-02 1.8515806452646017e-02 1.0002422245766611e+00 6.2619835567670784e-02 4.5547303453513122e-01 4.3820201555938816e+01 28
1 0 1 1 2.5196349522451748e-02 1.8507287664759366e-02 1.0002419525430908e+00 6.2611582557281692e-02 4.5640447304066972e-01 4.3870201554281287e+01 28
1 0 1 1 2.5181563534865097e-02 1.8498809684636970e-02 1.0002416646974390e+00 6.2603434222621490e-02 4.5733528336885970e-01 4.3920201552807853e+01 28
1 0 1 1 2.5166842758026345e-02 1.8490372436670989e-02 1.0002413612098371e+00 6.2595390134214501e-02 4.5826546519705569e-01 4.3970201551355387e+01 28
1 0 1 1 2.5152187090392721e-02 1.8481975844673457e-02 1.0002410422531529e+00 6.2587449862332167e-02 4.5919501822904957e-01 4.4020201550131517e+01 28
1 0 1 1 2.5137596429368088e-02 1.8473619832008525e-02 1.0002407080028863e+00 6.2579612977124999e-02 4.6012394218013591e-01 4.4070201548930882e+01 28
1 0 1 1 2.5123070671094792e-02 1.8465304321474897e-02 1.0002403586370507e+00 6.2571879048529205e-02 4.6105223679196733e-01 4.4120201547950188e+01 28
1 0 1 1 2.5108609710680851e-02 1.8457029235430262e-02 1.0002399943360667e+00 6.2564247646397064e-02 4.6197990181892723e-01 4.4170201547074221e+01 28
1 0 1 1 2.5094213442101700e-02 1.8448794495732446e-02 1.0002396152826492e+00 6.2556718340447376e-02 4.6290693703510954e-01 4.4220201546268136e+01 28
1 0 1 1 2.5079881758192975e-02 1.8440600023735657e-02 1.0002392216616940e+00 6.2549290700285087e-02 4.6383334223649542e-01 4.4270201545712446e+01 28
1 0 1 1 2.5065614550825718e-02 1.8432445740384183e-02 1.0002388136601719e+00 6.2541964295498353e-02 4.6475911723021240e-01 4.4320201545243222e+01 29
1 0 1 1 2.5051411710775854e-02 1.8424331566138125e-02 1.0002383914670168e+00 6.2534738695595560e-02 4.6568426184400863e-01 4.4370201544877460e+01 29
1 0 1 1 2.5037273127770324e-02 1.8416257420995653e-02 1.0002379552730150e+00 6.2527613470050480e-02 4.6660877592449534e-01 4.4420201544738852e+01 29
1 0 1 1 2.5023198690608765e-02 1.8408223224561326e-02 1.0002375052707007e+00 6.2520588188367476e-02 4.6753265933018678e-01 4.4470201544696238e+01 29
1 0 1 1 2.5009188287051502e-02 1.8400228895978716e-02 1.0002370416542450e+00 6.2513662420039084e-02 4.6845591193962871e-01 4.4520201544821951e+01 29
1 0 1 1 2.4995241803915505e-02 1.8392274353984057e-02 1.0002365646193503e+00 6.2506835734607968e-02 4.6937853364660359e-01 4.4570201545148500e+01 29
1 0 1 1 2.4981359127114633e-02 1.8384359516924225e-02 1.0002360743631460e+00 6.2500107701691843e-02 4.7030052435775532e-01 4.4620201545558189e+01 29
1 0 1 1 2.4967540141583519e-02 1.8376484302714095e-02 1.0002355710840813e+00 6.2493477890956828e-02 4.7122188399907877e-01 4.4670201546148760e+01 29
1 0 1 1 2.4953784731364850e-02 1.8368648628883173e-02 1.0002350549818211e+00 6.2486945872182620e-02 4.7214261251136108e-01 4.4720201547005757e+01 29
1 0 1 1 2.4940092779703524e-02 1.8360852412625462e-02 1.0002345262571495e+00 6.2480511215304013e-02 4.7306270984418758e-01 4.4770201547892249e+01 29
1 0 1 1 2.4926464168861469e-02 1.8353095570692406e-02 1.0002339851118587e+00 6.2474173490339291e-02 4.7398217596962444e-01 4.4820201549008523e+01 29
1 0 1 1 2.4912897274392776e-02 1.8345371928908828e-02 1.0002334354509728e+00 6.2467932267499887e-02 4.7490110086633008e-01 4.4870206032129957e+01 29
1 0 1 1 2.4899397006819094e-02 1.8337689000386848e-02 1.0002328742580029e+00 6.2461788791000145e-02 4.7581915402409963e-01 4.4920197383053946e+01 29
1 0 1 1 2.4885956395823999e-02 1.8330043339952858e-02 1.0002323010644960e+00 6.2455739441989289e-02 4.7673680245923844e-01 4.4970201074206891e+01 29
1 0 1 1 2.4872579516836794e-02 1.8322437250752621e-02 1.0002317162499474e+00 6.2449785698496130e-02 4.7765376069568266e-01 4.5020201557875055e+01 29
1 0 1 1 2.4859265511934049e-02 1.8314870228612466e-02 1.0002311199888421e+00 6.2443926796530741e-02 4.7857007882784336e-01 4.5070201559889568e+01 29
1 0 1 1 2.4846014129440170e-02 1.8307342114531180e-02 1.0002305124811297e+00 6.2438162249650098e-02 4.7948576574379559e-01 4.5120201562104576e+01 29
1 0 1 1 2.4832825246149604e-02 1.8299852822675437e-02 1.0002298939327077e+00 6.2432491629517167e-02 4.8040082150494628e-01 4.5170201564554269e+01 29
1 0 1 1 2.4819698738161002e-02 1.8292402266916433e-02 1.0002292645497504e+00 6.2426914508095899e-02 4.8131524618294402e-01 4.5220201567167479e+01 29
1 0 1 1 2.4806634480841274e-02 1.8284990360810743e-02 1.0002286245386205e+00 6.2421430457643895e-02 4.8222903986344501e-01 4.5270201569984899e+01 29
1 0 1 1 2.4793632348875955e-02 1.8277617017623329e-02 1.0002279741057811e+00 6.2416039050746469e-02 4.8314220264298896e-01 4.5320201573006905e+01 29
1 0 1 1 2.4780692216256603e-02 1.8270282150322441e-02 1.0002273134577089e+00 6.2410739860327968e-02 4.8405473463158816e-01 4.5370201576346965e+01 29
1 0 1 1 2.4767813956398002e-02 1.8262985671641134e-02 1.0002266428008153e+00 6.2405532459702928e-02 4.8496663594451406e-01 4.5420201579797876e+01 30
1 0 1 1 2.4754997441976789e-02 1.8255727493986240e-02 1.0002259623413547e+00 6.2400416422524502e-02 4.8587790671516629e-01 4.5470201583549198e+01 30
1 0 1 1 2.4742242545130355e-02 1.8248507529547178e-02 1.0002252722853546e+00 6.2395391322869670e-02 4.8678854708126140e-01 4.5520201587445456e+01 30
1 0 1 1 2.4729549137297507e-02 1.8241325690205527e-02 1.0002245728385257e+00 6.2390456735194222e-02 4.8769855719749555e-01 4.5570201591694328e+01 30
1 0 1 1 2.4716917089414727e-02 1.8234181887644845e-02 1.0002238642061954e+00 6.2385612234417132e-02 4.8860793722235285e-01 4.5620201596154985e+01 30
1 0 1 1 2.4704346271798468e-02 1.8227076033280783e-02 1.0002231465932248e+00 6.2380857395883227e-02 4.8951668732704595e-01 4.5670201600843740e+01 30
1 0 1 1 2.4691836554196319e-02 1.8220008038290440e-02 1.0002224202039374e+00 6.2376191795393388e-02 4.9042480769298213e-01 4.5720201605806110e+01 30
1 0 1 1 2.4679387805825032e-02 1.8212977813628961e-02 1.0002216852420489e+00 6.2371615009227527e-02 4.9133229850938409e-01 4.5770201611001568e+01 30
1 0 1 1 2.4666999895335016e-02 1.8205985270012628e-02 1.0002209419105939e+00 6.2367126614144175e-02 4.9223915997727008e-01 4.5820201616531683e+01 30
1 0 1 1 2.4654672690892582e-02 1.8199030317959761e-02 1.0002201904118613e+00 6.2362726187422418e-02 4.9314539230392546e-01 4.5870201622351850e+01 30
1 0 1 1 2.4642406060174434e-02 1.8192112867787900e-02 1.0002194309473287e+00 6.2358413306858901e-02 4.9405099570380279e-01 4.5920201628329757e+01 30
1 0 1 1 2.4630199870260345e-02 1.8185232829551402e-02 1.0002186637175885e+00 6.2354187550751478e-02 4.9495597040775802e-01 4.5970201634769481e+01 30
1 0 1 1 2.4618053987885562e-02 1.8178390113182615e-02 1.0002178889223012e+00 6.2350048497990418e-02 4.9586031664483127e-01 4.6020201641416115e+01 30
1 0 1 1 2.4605968279223189e-02 1.8171584628368612e-02 1.0002171067601202e+00 6.2345995727993458e-02 4.9676403465927710e-01 4.6070201648407618e+01 30
1 0 1 1 2.4593942610032640e-02 1.8164816284630368e-02 1.0002163174286407e+00 6.2342028820765893e-02 4.9766712470001173e-01 4.6120201655705628e+01 30
1 0 1 1 2.4581976845609494e-02 1.8158084991297882e-02 1.0002155211243398e+00 6.2338147356893636e-02 4.9856958702554305e-01 4.6170201663375501e+01 30
1 0 1 1 2.4570070850857710e-02 1.8151390657544647e-02 1.0002147180425243e+00 6.2334350917571640e-02 4.9947142189868105e-01 4.6220201671307812e+01 30
1 0 1 1 2.4558221199579712e-02 1.8144733192338020e-02 1.0002139083772708e+00 6.2330639084587525e-02 5.0037262959480566e-01 4.6270201679684810e+01 30
1 0 1 1 2.4546425827172036e-02 1.8138112504513488e-02 1.0002130923213814e+00 6.2327011440375779e-02 5.0127321039197492e-01 4.6320201688444541e+01 30
1 0 1 1 2.4534689876829920e-02 1.8131528502752868e-02 1.0002122700663330e+00 6.2323467568006552e-02 5.0217316457422057e-01 4.6370201697472140e+01 30
1 0 1 1 2.4523013211376246e-02 1.8124981095545237e-02 1.0002114418022219e+00 6.2320007051176879e-02 5.0307249243756880e-01 4.6420201706944916e+01 30
1 0 1 1 2.4511395693303975e-02 1.8118470191252709e-02 1.0002106077177260e+00 6.2316629474258589e-02 5.0397119428174419e-01 4.6470201716882023e+01 30
1 0 1 1 2.4499837184779324e-02 1.8111995698110145e-02 1.0002097680000595e+00 6.2313334422301775e-02 5.0486927041019392e-01 4.6520201727155339e+01 30
1 0 1 1 2.4498732201114187e-02 1.8111376917832163e-02 1.0002096872098614e+00 6.2313022855629660e-02 5.0495533332084608e-01 4.6524995072761179e+01 29
1 0 1 1 2.4497625081086657e-02 1.8110756972116372e-02 1.0002096061736880e+00 6.2312711290515382e-02 5.0504159914077551e-01 4.6529800040846986e+01 33
1 0 1 1 2.4497514251275217e-02 1.8110694913280864e-02 1.0002095980565009e+00 6.2312680134159734e-02 5.0505023691670858e-01 4.6530281178871384e+01 44
