isScalarized | massIncreased | isMonotoneInside | isMonotoneOutside | mass_Baryon | mass_ADM | AST(radius) | radius  |  phi_c | rho_c | ctr |
1 0 1 1 3.1556753242046626e-02 2.4129393503495002e-02 1.0000000000000009e+00 8.6550499999999808e-02 2.2161134943236432e-03 1.6946064161488323e+01 34
1 1 1 1 3.1557054571366837e-02 2.4129525922639512e-02 1.0000000000000009e+00 8.6550124999999811e-02 2.2176520591740590e-03 1.6946362300359318e+01 37
1 1 1 1 3.1557355879046761e-02 2.4129658327353639e-02 1.0000000000000009e+00 8.6549749999999814e-02 2.2191902369189356e-03 1.6946660439430733e+01 37
1 1 1 1 3.1557657165087689e-02 2.4129790717637115e-02 1.0000000000000009e+00 8.6549374999999817e-02 2.2207280286574921e-03 1.6946958578698581e+01 37
1 1 1 1 3.1557958429491911e-02 2.4129923093493509e-02 1.0000000000000009e+00 8.6548999999999821e-02 2.2222654354820642e-03 1.6947256718158201e+01 37
1 1 1 1 3.1608178371144366e-02 2.4151920551612815e-02 1.0000000000000013e+00 8.6486108673852868e-02 2.4754370493598097e-03 1.6997257168485202e+01 34
1 1 1 1 3.1657808639915901e-02 2.4173522695774826e-02 1.0000000000000018e+00 8.6423200146044321e-02 2.7218690295414544e-03 1.7047258838739008e+01 34
1 1 1 1 3.1706867500757054e-02 2.4194739533313900e-02 1.0000000000000024e+00 8.6360256788415024e-02 2.9643717693017130e-03 1.7097261862989065e+01 34
1 1 1 1 3.1755367938354651e-02 2.4215578602375384e-02 1.0000000000000033e+00 8.6297266657048788e-02 3.2048940802741985e-03 1.7147264941348336e+01 34
1 1 1 1 3.1803315653720361e-02 2.4236046262404727e-02 1.0000000000000044e+00 8.6234220124826677e-02 3.4448557166323183e-03 1.7197267190743624e+01 34
1 1 1 1 3.1850621628441649e-02 2.4256148304538441e-02 1.0000000000000058e+00 8.6171108248434547e-02 3.6853315094916863e-03 1.7247268886244576e+01 34
1 1 1 1 3.1897395893659510e-02 2.4275889649859560e-02 1.0000000000000075e+00 8.6107923875051173e-02 3.9271533419389798e-03 1.7297270198723073e+01 34
1 1 1 1 3.1943644771641959e-02 2.4295274541103310e-02 1.0000000000000095e+00 8.6044661244299603e-02 4.1709784896316604e-03 1.7347271238075553e+01 34
1 1 1 1 3.1989373470775982e-02 2.4314306682396560e-02 1.0000000000000122e+00 8.5981315706036232e-02 4.4173346246025973e-03 1.7397272077040292e+01 35
1 1 1 1 3.2034586302939171e-02 2.4332989344687587e-02 1.0000000000000153e+00 8.5917883512794502e-02 4.6666506099613484e-03 1.7447272765044428e+01 35
1 1 1 1 3.2079290943022427e-02 2.4351301398845154e-02 1.0000000000000191e+00 8.5854361662450585e-02 4.9193003998355177e-03 1.7497277682604892e+01 35
1 1 1 1 3.2123481212871043e-02 2.4369226354539347e-02 1.0000000000000238e+00 8.5790764341894699e-02 5.1755218823749428e-03 1.7547276435235016e+01 35
1 1 1 1 3.2167158000134657e-02 2.4386806624832228e-02 1.0000000000000293e+00 8.5727083112859037e-02 5.4355464952656717e-03 1.7597267396648881e+01 35
1 1 1 1 3.2210344224083406e-02 2.4404052777046971e-02 1.0000000000000360e+00 8.5663285989671323e-02 5.6997012476832530e-03 1.7647274562457753e+01 35
1 1 1 1 3.2253021571070857e-02 2.4420958817169436e-02 1.0000000000000440e+00 8.5599401366270977e-02 5.9680335359636391e-03 1.7697274856708635e+01 35
1 1 1 1 3.2295197463386591e-02 2.4437529056611458e-02 1.0000000000000535e+00 8.5535419840879312e-02 6.2407198608405295e-03 1.7747275108679016e+01 35
1 1 1 1 3.2336837562940014e-02 2.4453765327147919e-02 1.0000000000000648e+00 8.5471340986635003e-02 6.5178780637862215e-03 1.7797275324908252e+01 35
1 1 1 1 3.2377915567886918e-02 2.4469669376529522e-02 1.0000000000000784e+00 8.5407164616865816e-02 6.7996067675269245e-03 1.7847275510770775e+01 35
1 1 1 1 3.2418494636146385e-02 2.4485242885192847e-02 1.0000000000000941e+00 8.5342890751810840e-02 7.0859884037906924e-03 1.7897275670756287e+01 35
1 1 1 1 3.2458575640145690e-02 2.4500487480193785e-02 1.0000000000001126e+00 8.5278519590243740e-02 7.3770917150511499e-03 1.7947275808676903e+01 35
1 1 1 1 3.2498159365095890e-02 2.4515404746776971e-02 1.0000000000001343e+00 8.5214051485319298e-02 7.6729738317509906e-03 1.7997275927762264e+01 35
1 1 1 1 3.2537246529812297e-02 2.4529996238015370e-02 1.0000000000001599e+00 8.5149486923888851e-02 7.9736820042395386e-03 1.8047276030779802e+01 35
1 1 1 1 3.2575837804119233e-02 2.4544263482782391e-02 1.0000000000001896e+00 8.5084826508890210e-02 8.2792550507679065e-03 1.8097276120112966e+01 35
1 1 1 1 3.2613941228556924e-02 2.4558153584104864e-02 1.0000000000002245e+00 8.5020070944376414e-02 8.5897818269885656e-03 1.8147285346292890e+01 35
1 1 1 1 3.2651529683406927e-02 2.4571712460620215e-02 1.0000000000002647e+00 8.4955256569824444e-02 8.9050607949829903e-03 1.8197267587245200e+01 35
1 1 1 1 3.2688643699894299e-02 2.4584958342510291e-02 1.0000000000003115e+00 8.4890314907786424e-02 9.2254468784269614e-03 1.8247275951321129e+01 35
1 1 1 1 3.2725258321429335e-02 2.4597883535061787e-02 1.0000000000003655e+00 8.4825291082389509e-02 9.5507399573042540e-03 1.8297276372400752e+01 35
1 1 1 1 3.2761379811731335e-02 2.4610491576256985e-02 1.0000000000004281e+00 8.4760176271128029e-02 9.8809994581969852e-03 1.8347276418433864e+01 35
1 1 1 1 3.2797009051473258e-02 2.4622784066573415e-02 1.0000000000005000e+00 8.4694971042900413e-02 1.0216235705334477e-02 1.8397276459271023e+01 35
1 1 1 1 3.2832138244142162e-02 2.4634762513398908e-02 1.0000000000005829e+00 8.4629676493816697e-02 1.0556453590305128e-02 1.8447276495654855e+01 35
1 1 1 1 3.2866696939342001e-02 2.4646428429221951e-02 1.0000000000006779e+00 8.4564293762734832e-02 1.0901655328593635e-02 1.8497276528240405e+01 35
1 1 1 1 3.2900764774640233e-02 2.4657783332929298e-02 1.0000000000007869e+00 8.4498824027084807e-02 1.1251840778773770e-02 1.8547276557557254e+01 35
1 1 1 1 3.2934342460373460e-02 2.4668828750857089e-02 1.0000000000009115e+00 8.4433268499161329e-02 1.1607007716609288e-02 1.8597276584069522e+01 35
1 1 1 1 3.2967430733036422e-02 2.4679566217612685e-02 1.0000000000010540e+00 8.4367628423008656e-02 1.1967152070066199e-02 1.8647276608139741e+01 35
1 1 1 1 3.3000030357185489e-02 2.4689997276734887e-02 1.0000000000012166e+00 8.4301905071592464e-02 1.2332268122850033e-02 1.8697276630112619e+01 35
1 1 1 1 3.3032142126879320e-02 2.4700123481167010e-02 1.0000000000014015e+00 8.4236099744504245e-02 1.2702348689475550e-02 1.8747276650231701e+01 35
1 1 1 1 3.3063766866970053e-02 2.4709946393643496e-02 1.0000000000016120e+00 8.4170213765737856e-02 1.3077385268659026e-02 1.8797276668746928e+01 35
1 1 1 1 3.3094909271692577e-02 2.4719431069892602e-02 1.0000000000018510e+00 8.4104248481939814e-02 1.3457411932078816e-02 1.8847282406329622e+01 35
1 1 1 1 3.3125557275962642e-02 2.4728598646511262e-02 1.0000000000021221e+00 8.4038227903934282e-02 1.3842259263936844e-02 1.8897273165669020e+01 34
1 1 1 1 3.3155727469904639e-02 2.4737469496644505e-02 1.0000000000024289e+00 8.3972116747334791e-02 1.4232112310906014e-02 1.8947274588684078e+01 34
1 1 1 1 3.3185414640886340e-02 2.4746043370970902e-02 1.0000000000027760e+00 8.3905929541787494e-02 1.4626882599473983e-02 1.8997276727320763e+01 34
1 1 1 1 3.3214618111467940e-02 2.4754321422571182e-02 1.0000000000031679e+00 8.3839671471238608e-02 1.5026534102677907e-02 1.9047276740128069e+01 34
1 1 1 1 3.3243340176764391e-02 2.4762305659901288e-02 1.0000000000036098e+00 8.3773341159852355e-02 1.5431069383829940e-02 1.9097276752117246e+01 34
1 1 1 1 3.3271581894194428e-02 2.4769997730735783e-02 1.0000000000041078e+00 8.3706940057900914e-02 1.5840473672623683e-02 1.9147276763360871e+01 34
1 1 1 1 3.3299344355385369e-02 2.4777399292688167e-02 1.0000000000046678e+00 8.3640469629715830e-02 1.6254731593342682e-02 1.9197276773927140e+01 34
1 1 1 1 3.3326573040484218e-02 2.4784512013026342e-02 1.0000000000052973e+00 8.3573931352885322e-02 1.6673827214795583e-02 1.9247276783861867e+01 34
1 1 1 1 3.3353303868900529e-02 2.4791337568476426e-02 1.0000000000060036e+00 8.3507326717456976e-02 1.7097744095525221e-02 1.9297276793220586e+01 34
1 1 1 1 3.3379558681172025e-02 2.4797877645006072e-02 1.0000000000067955e+00 8.3440657225268611e-02 1.7526465324058164e-02 1.9347276802045563e+01 34
1 1 1 1 3.3405338725896107e-02 2.4804133937583985e-02 1.0000000000076823e+00 8.3373924389285370e-02 1.7959973555378678e-02 1.9397276810364716e+01 34
1 1 1 1 3.3430645284937194e-02 2.4810108149929240e-02 1.0000000000086742e+00 8.3307129732952012e-02 1.8398251044157567e-02 1.9447276818217443e+01 34
1 1 1 1 3.3455479673125253e-02 2.4815801994251045e-02 1.0000000000097826e+00 8.3240274789646296e-02 1.8841279674474336e-02 1.9497276825630099e+01 34
1 1 1 1 3.3479843237936895e-02 2.4821217190976019e-02 1.0000000000110199e+00 8.3173361102116317e-02 1.9289040987117440e-02 1.9547276832626160e+01 34
1 1 1 1 3.3503737359141077e-02 2.4826355468463509e-02 1.0000000000123992e+00 8.3106390221957871e-02 1.9741516204391477e-02 1.9597276839227010e+01 34
1 1 1 1 3.3527163489430245e-02 2.4831218021099537e-02 1.0000000000139360e+00 8.3039363709117409e-02 2.0198686981231735e-02 1.9647276924716763e+01 34
1 1 1 1 3.3550126063974499e-02 2.4835764752045193e-02 1.0000000000156470e+00 8.2972283450232720e-02 2.0660588564832261e-02 1.9697282967658488e+01 34
1 1 1 1 3.3572615244157181e-02 2.4840038195938486e-02 1.0000000000175489e+00 8.2905175319147428e-02 2.1126975323498786e-02 1.9747270685139537e+01 34
1 1 1 1 3.3594649081115820e-02 2.4844043264677762e-02 1.0000000000196620e+00 8.2837991515876841e-02 2.1598170610066900e-02 1.9797276859365727e+01 34
1 1 1 1 3.3616218088220219e-02 2.4847779661136486e-02 1.0000000000220066e+00 8.2770766693619269e-02 2.2073924022136909e-02 1.9847276864258593e+01 34
1 1 1 1 3.3637326577090967e-02 2.4851249676711356e-02 1.0000000000246061e+00 8.2703494160042468e-02 2.2554273130078750e-02 1.9897276868853801e+01 34
1 1 1 1 3.3657976141896695e-02 2.4854455097812055e-02 1.0000000000274853e+00 8.2636175513657123e-02 2.3039197466860797e-02 1.9947276873149558e+01 34
1 1 1 1 3.3678168405674710e-02 2.4857397716262976e-02 1.0000000000306719e+00 8.2568812358357335e-02 2.3528676384686687e-02 1.9997276877164293e+01 34
1 1 1 1 3.3697905019829159e-02 2.4860079328990353e-02 1.0000000000341951e+00 8.2501406303096991e-02 2.4022689066516379e-02 2.0047276880900817e+01 34
1 1 1 1 3.3717187663665091e-02 2.4862501737737411e-02 1.0000000000380875e+00 8.2433958961500187e-02 2.4521214537369010e-02 2.0097276884372608e+01 34
1 1 1 1 3.3735994688297043e-02 2.4864666748747419e-02 1.0000000000423839e+00 8.2366471951539094e-02 2.5024231674371383e-02 2.0147276887578556e+01 34
1 1 1 1 3.3754311074827820e-02 2.4866576172481135e-02 1.0000000000471223e+00 8.2298946895156044e-02 2.5531719216683423e-02 2.0197276890533562e+01 34
1 1 1 1 3.3772178694136956e-02 2.4868231823312475e-02 1.0000000000523441e+00 8.2231385417968234e-02 2.6043655774264977e-02 2.0247276893245107e+01 34
1 1 1 1 3.3789599348743059e-02 2.4869635519238022e-02 1.0000000000580938e+00 8.2163789148940403e-02 2.6560019836236307e-02 2.0297276895706066e+01 34
1 1 1 1 3.3806574866361752e-02 2.4870789081589594e-02 1.0000000000644196e+00 8.2096159720017992e-02 2.7080789779259897e-02 2.0347276897939373e+01 34
1 1 1 1 3.3823107099373619e-02 2.4871694334745210e-02 1.0000000000713742e+00 8.2028498765892216e-02 2.7605943874342117e-02 2.0397276899935402e+01 34
1 1 1 1 3.3839197924335394e-02 2.4872353105843167e-02 1.0000000000790139e+00 8.1960807923622869e-02 2.8135460294484306e-02 2.0447276901713057e+01 34
1 1 1 1 3.3854849241451490e-02 2.4872767224507968e-02 1.0000000000873999e+00 8.1893088832407562e-02 2.8669317120698822e-02 2.0497276903262161e+01 34
1 1 1 1 3.3870062974082321e-02 2.4872938522565315e-02 1.0000000000965983e+00 8.1825343133219541e-02 2.9207492348878775e-02 2.0547276904601979e+01 34
1 0 1 1 3.3884841068216799e-02 2.4872868833776263e-02 1.0000000001066802e+00 8.1757572468590778e-02 2.9749963895089625e-02 2.0597276905722374e+01 34
1 0 1 1 3.3899185491982224e-02 2.4872559993563054e-02 1.0000000001177225e+00 8.1689778482261166e-02 3.0296709601786098e-02 2.0647276906640862e+01 33
1 0 1 1 3.3913099162310251e-02 2.4871993149008509e-02 1.0000000001298130e+00 8.1621962818966332e-02 3.0847738678285996e-02 2.0697279749045670e+01 33
1 0 1 1 3.3926581452310686e-02 2.4871177130915374e-02 1.0000000001430387e+00 8.1554138686803723e-02 3.1402924091071753e-02 2.0747275971573913e+01 33
1 0 1 1 3.3939636882454369e-02 2.4870127555528455e-02 1.0000000001574951e+00 8.1486292356625356e-02 3.1962347653723994e-02 2.0797274997801182e+01 33
1 0 1 1 3.3952267452056616e-02 2.4868846228545915e-02 1.0000000001732863e+00 8.1418425362171309e-02 3.2525988567630629e-02 2.0847276907001373e+01 33
1 0 1 1 3.3964474009345554e-02 2.4867335113423292e-02 1.0000000001905218e+00 8.1350545851755551e-02 3.3093770482228925e-02 2.0897276906954559e+01 33
1 0 1 1 3.3976259134927626e-02 2.4865596013012910e-02 1.0000000002093221e+00 8.1282652878564454e-02 3.3665692339261977e-02 2.0947276906718592e+01 33
1 0 1 1 3.3987624937699253e-02 2.4863630774417684e-02 1.0000000002298159e+00 8.1214748086039013e-02 3.4241731599036693e-02 2.0997276906301082e+01 33
1 0 1 1 3.3998573544696778e-02 2.4861441244243269e-02 1.0000000002521410e+00 8.1146833116816780e-02 3.4821865683999975e-02 2.1047276905706166e+01 33
1 0 1 1 3.4009107100607436e-02 2.4859029268367992e-02 1.0000000002764453e+00 8.1078909612491451e-02 3.5406071982345459e-02 2.1097276904930521e+01 33
1 0 1 1 3.4019227767292957e-02 2.4856396691711538e-02 1.0000000003028877e+00 8.1010979213352818e-02 3.5994327851798388e-02 2.1147276903987791e+01 33
1 0 1 1 3.4028937723301171e-02 2.4853545358012760e-02 1.0000000003316378e+00 8.0943043558201255e-02 3.6586610622556602e-02 2.1197276902872556e+01 33
1 0 1 1 3.4038239163390077e-02 2.4850477109605938e-02 1.0000000003628784e+00 8.0875104284079957e-02 3.7182897600825313e-02 2.1247276901586439e+01 33
1 0 1 1 3.4047120320581103e-02 2.4847193787204052e-02 1.0000000003968037e+00 8.0807163026054396e-02 3.7783166072015754e-02 2.1297276900145778e+01 33
1 0 1 1 3.4055562556395157e-02 2.4843697229695656e-02 1.0000000004336225e+00 8.0739221417044482e-02 3.8387393303194968e-02 2.1347276898536531e+01 33
1 0 1 1 3.4063603154625900e-02 2.4839989273918412e-02 1.0000000004735576e+00 8.0671281087535129e-02 3.8995556546636043e-02 2.1397276896770446e+01 33
1 0 1 1 3.4071244381127720e-02 2.4836071754477527e-02 1.0000000005168472e+00 8.0603343665414495e-02 3.9607633042212084e-02 2.1447276894853001e+01 32
1 0 1 1 3.4078488515417144e-02 2.4831946503525475e-02 1.0000000005637457e+00 8.0535410775767480e-02 4.0223600020006793e-02 2.1497276892778448e+01 32
1 0 1 1 3.4085337850234439e-02 2.4827615350581124e-02 1.0000000006145249e+00 8.0467484040639470e-02 4.0843434703226912e-02 2.1547276890556205e+01 32
1 0 1 1 3.4091794691084004e-02 2.4823080122328870e-02 1.0000000006694743e+00 8.0399565078869417e-02 4.1467114310397409e-02 2.1597276888186453e+01 32
1 0 1 1 3.4097861355796108e-02 2.4818342642434349e-02 1.0000000007289027e+00 8.0331655505877786e-02 4.2094616057953553e-02 2.1647276885674497e+01 32
1 0 1 1 3.4103540174081209e-02 2.4813404731361267e-02 1.0000000007931398e+00 8.0263756933488362e-02 4.2725917162398472e-02 2.1697276883016382e+01 32
1 0 1 1 3.4108833487097701e-02 2.4808268206187607e-02 1.0000000008625358e+00 8.0195870969712535e-02 4.3360994842849457e-02 2.1747276880221698e+01 32
1 0 1 1 3.4113743647020488e-02 2.4802934880436188e-02 1.0000000009374646e+00 8.0127999218596035e-02 4.3999826322942436e-02 2.1797276877290802e+01 32
1 0 1 1 3.4118273016611758e-02 2.4797406563895362e-02 1.0000000010183234e+00 8.0060143280023283e-02 4.4642388833107678e-02 2.1847276874227070e+01 32
1 0 1 1 3.4122423968798353e-02 2.4791685062457106e-02 1.0000000011055352e+00 7.9992304749546772e-02 4.5288659612498415e-02 2.1897276871026623e+01 32
1 0 1 1 3.4126198886255982e-02 2.4785772177945562e-02 1.0000000011995491e+00 7.9924485218187791e-02 4.5938615911278312e-02 2.1947276867701035e+01 32
1 0 1 1 3.4129600160997343e-02 2.4779669707964518e-02 1.0000000013008430e+00 7.9856686272305050e-02 4.6592234992227484e-02 2.1997276864251514e+01 32
1 0 1 1 3.4132630504224278e-02 2.4773357277653642e-02 1.0000000014099830e+00 7.9788909493415772e-02 4.7249532250728719e-02 2.2047279752460685e+01 32
1 0 1 1 3.4135291574616727e-02 2.4766857313519037e-02 1.0000000015274455e+00 7.9721168216497107e-02 4.7910336912907373e-02 2.2097274313201712e+01 32
1 0 1 1 3.4137586627088899e-02 2.4760172329170951e-02 1.0000000016538333e+00 7.9653441917942602e-02 4.8574836835755378e-02 2.2147276481613041e+01 32
1 0 1 1 3.4139517591288256e-02 2.4753305333694135e-02 1.0000000017897315e+00 7.9585744911849554e-02 4.9242884933391934e-02 2.2197276848423680e+01 32
1 0 1 1 3.4141086978897284e-02 2.4746257920560830e-02 1.0000000019357871e+00 7.9518076819020705e-02 4.9914477442415374e-02 2.2247276844390093e+01 32
1 0 1 1 3.4142297245195317e-02 2.4739031812360250e-02 1.0000000020926831e+00 7.9450438691467007e-02 5.0589596679856193e-02 2.2297276840241423e+01 31
1 0 1 1 3.4143150836372670e-02 2.4731628776554757e-02 1.0000000022611422e+00 7.9382832077478482e-02 5.1268220047671453e-02 2.2347276835985411e+01 31
1 0 1 1 3.4143650204816307e-02 2.4724050575109707e-02 1.0000000024419289e+00 7.9315258519460141e-02 5.1950324974052386e-02 2.2397276831616150e+01 31
1 0 1 1 3.4143797808745206e-02 2.4716298964365481e-02 1.0000000026358526e+00 7.9247719553755647e-02 5.2635888915392171e-02 2.2447276827147920e+01 31
1 0 1 1 3.4143596111835567e-02 2.4708375694913166e-02 1.0000000028437694e+00 7.9180216710563689e-02 5.3324889357148353e-02 2.2497276822570729e+01 31
1 0 1 1 3.4143047582864586e-02 2.4700282511471848e-02 1.0000000030665845e+00 7.9112751513748164e-02 5.4017303815846046e-02 2.2547276817892069e+01 31
1 0 1 1 3.4142154695350965e-02 2.4692021152772071e-02 1.0000000033052545e+00 7.9045325480738976e-02 5.4713109840200926e-02 2.2597276813116967e+01 31
1 0 1 1 3.4140919927201620e-02 2.4683593351439225e-02 1.0000000035607899e+00 7.8977940122409579e-02 5.5412285012404583e-02 2.2647276808242850e+01 31
1 0 1 1 3.4139345760368235e-02 2.4675000833886612e-02 1.0000000038342571e+00 7.8910596942933897e-02 5.6114806949633535e-02 2.2697276803272551e+01 31
1 0 1 1 3.4137434680498152e-02 2.4666245320200494e-02 1.0000000041267827e+00 7.8843297439672583e-02 5.6820653305294434e-02 2.2747276798210905e+01 31
1 0 1 1 3.4135189176596442e-02 2.4657328524035842e-02 1.0000000044395545e+00 7.8776043103064020e-02 5.7529801770151386e-02 2.2797276793055339e+01 31
1 0 1 1 3.4132611740700258e-02 2.4648252152520769e-02 1.0000000047738249e+00 7.8708835416489598e-02 5.8242230073833279e-02 2.2847276787815304e+01 31
1 0 1 1 3.4129698234770668e-02 2.4639017906147240e-02 1.0000000051309148e+00 7.8641675856194360e-02 5.8957915985585758e-02 2.2897276782480905e+01 31
1 0 1 1 3.4126432651380156e-02 2.4629627478678497e-02 1.0000000055122154e+00 7.8574565891126325e-02 5.9676837316098311e-02 2.2947276777068776e+01 31
1 0 1 1 3.4122842947415445e-02 2.4620082557061530e-02 1.0000000059191918e+00 7.8507506982895825e-02 6.0398971917866501e-02 2.2997276771567567e+01 31
1 0 1 1 3.4118931628308292e-02 2.4610384821323644e-02 1.0000000063533867e+00 7.8440500585609252e-02 6.1124297687011837e-02 2.3047276765987014e+01 31
1 0 1 1 3.4114701200750185e-02 2.4600535944495253e-02 1.0000000068164239e+00 7.8373548145810323e-02 6.1852792563943014e-02 2.3097276760328302e+01 31
1 0 1 1 3.4110154172381051e-02 2.4590537592519293e-02 1.0000000073100104e+00 7.8306651102371866e-02 6.2584434534492223e-02 2.3147276754589079e+01 31
1 0 1 1 3.4105293051493853e-02 2.4580391424169047e-02 1.0000000078359423e+00 7.8239810886387151e-02 6.3319201631144240e-02 2.3197276748776790e+01 30
1 0 1 1 3.4100120346735811e-02 2.4570099090971017e-02 1.0000000083961067e+00 7.8173028921102228e-02 6.4057071933721635e-02 2.3247276742886047e+01 30
1 0 1 1 3.4094638566818138e-02 2.4559662237123477e-02 1.0000000089924863e+00 7.8106306621793908e-02 6.4798023570803109e-02 2.3297276736928001e+01 30
1 0 1 1 3.4088850220231240e-02 2.4549082499426979e-02 1.0000000096271635e+00 7.8039645395724555e-02 6.5542034720186798e-02 2.3347276730896272e+01 30
1 0 1 1 3.4082757814956073e-02 2.4538361507204415e-02 1.0000000103023245e+00 7.7973046642019511e-02 6.6289083610255678e-02 2.3397276724795557e+01 30
1 0 1 1 3.4076363858193966e-02 2.4527500882238838e-02 1.0000000110202636e+00 7.7906511751604346e-02 6.7039148520722985e-02 2.3447276718629738e+01 30
1 0 1 1 3.4069670856089147e-02 2.4516502238703410e-02 1.0000000117833869e+00 7.7840042107130719e-02 6.7792207783431230e-02 2.3497276712395294e+01 30
1 0 1 1 3.4062681313458840e-02 2.4505367183093797e-02 1.0000000125942181e+00 7.7773639082878931e-02 6.8548239783523895e-02 2.3547276706100931e+01 30
1 0 1 1 3.4055397733533860e-02 2.4494097314174325e-02 1.0000000134554023e+00 7.7707304044715153e-02 6.9307222959900452e-02 2.3597276699740739e+01 30
1 0 1 1 3.4047822617689807e-02 2.4482694222905426e-02 1.0000000143697108e+00 7.7641038349985703e-02 7.0069135806446955e-02 2.3647276693320553e+01 30
1 0 1 1 3.4039958465196994e-02 2.4471159492394246e-02 1.0000000153400461e+00 7.7574843347470224e-02 7.0833956872648318e-02 2.3697276686844209e+01 30
1 0 1 1 3.4031807772969665e-02 2.4459494697840072e-02 1.0000000163694474e+00 7.7508720377319235e-02 7.1601664764298342e-02 2.3747276680307948e+01 30
1 0 1 1 3.4023373035313602e-02 2.4447701406476174e-02 1.0000000174610957e+00 7.7442670770969613e-02 7.2372238144484694e-02 2.3797276673713892e+01 30
1 0 1 1 3.4014656743683286e-02 2.4435781177516797e-02 1.0000000186183184e+00 7.7376695851088917e-02 7.3145655734362602e-02 2.3847276667071000e+01 30
1 0 1 1 3.4005661386451023e-02 2.4423735562120609e-02 1.0000000198445957e+00 7.7310796931542247e-02 7.3921896313516977e-02 2.3897276660370274e+01 30
1 0 1 1 3.3996389448658147e-02 2.4411566103327297e-02 1.0000000211435660e+00 7.7244975317290854e-02 7.4700938721205770e-02 2.3947276653618538e+01 30
1 0 1 1 3.3986843411795115e-02 2.4399274336022403e-02 1.0000000225190315e+00 7.7179232304365686e-02 7.5482761856797670e-02 2.3997276646821060e+01 30
1 0 1 1 3.3977025753572414e-02 2.4386861786895749e-02 1.0000000239749642e+00 7.7113569179823233e-02 7.6267344680296070e-02 2.4047276639970892e+01 30
1 0 1 1 3.3966938760283984e-02 2.4374320709395790e-02 1.0000000255159749e+00 7.7047987221662395e-02 7.7054684880462743e-02 2.4097277816420171e+01 30
1 0 1 1 3.3956585738538665e-02 2.4361658867567703e-02 1.0000000271460796e+00 7.6982492354115140e-02 7.7844694694536365e-02 2.4147275940706020e+01 30
1 0 1 1 3.3945968085619616e-02 2.4348880466185441e-02 1.0000000288697879e+00 7.6917078492604041e-02 7.8637433429887091e-02 2.4197276091348435e+01 29
1 0 1 1 3.3935088594702748e-02 2.4335987414135861e-02 1.0000000306917685e+00 7.6851749060520086e-02 7.9432854229755046e-02 2.4247276612030969e+01 29
1 0 1 1 3.3923949917969133e-02 2.4322981428943749e-02 1.0000000326169094e+00 7.6786506471738125e-02 8.0230922073106031e-02 2.4297276604968431e+01 29
1 0 1 1 3.3912554392488296e-02 2.4309863852125947e-02 1.0000000346503597e+00 7.6721351268312921e-02 8.1031624679402350e-02 2.4347276597868724e+01 29
1 0 1 1 3.3900904463521286e-02 2.4296636152166869e-02 1.0000000367974651e+00 7.6656284672958375e-02 8.1834941452376020e-02 2.4397276590725131e+01 29
1 0 1 1 3.3889002570872538e-02 2.4283299789010018e-02 1.0000000390637946e+00 7.6591307899045807e-02 8.2640851861785589e-02 2.4447276583547424e+01 29
1 0 1 1 3.3876851148708038e-02 2.4269856214044989e-02 1.0000000414551475e+00 7.6526422150606899e-02 8.3449335443492895e-02 2.4497276576332251e+01 29
1 0 1 1 3.3864452625360794e-02 2.4256306870076363e-02 1.0000000439775611e+00 7.6461628622277122e-02 8.4260371800279885e-02 2.4547276569080672e+01 29
1 0 1 1 3.3851809423150213e-02 2.4242653191307292e-02 1.0000000466373176e+00 7.6396928499269434e-02 8.5073940602293258e-02 2.4597276561793223e+01 29
1 0 1 1 3.3838923958199624e-02 2.4228896603312077e-02 1.0000000494409524e+00 7.6332322957341880e-02 8.5890021587696652e-02 2.4647276554479191e+01 29
1 0 1 1 3.3825798640266642e-02 2.4215038523032202e-02 1.0000000523952621e+00 7.6267813162800679e-02 8.6708594562644931e-02 2.4697276547124105e+01 29
1 0 1 1 3.3812435872557146e-02 2.4201080358739378e-02 1.0000000555073121e+00 7.6203400272412403e-02 8.7529639402675122e-02 2.4747276539745975e+01 29
1 0 1 1 3.3798838051571016e-02 2.4187023510039582e-02 1.0000000587844449e+00 7.6139085433454212e-02 8.8353136052157277e-02 2.4797276532332788e+01 29
1 0 1 1 3.3785007566925165e-02 2.4172869367845962e-02 1.0000000622342888e+00 7.6074869783629345e-02 8.9179064525615831e-02 2.4847276524895371e+01 29
1 0 1 1 3.3770946801198340e-02 2.4158619314373291e-02 1.0000000658647659e+00 7.6010754451094453e-02 9.0007404907521613e-02 2.4897276517427922e+01 29
1 0 1 1 3.3756658129767539e-02 2.4144274723123842e-02 1.0000000696841009e+00 7.5946740554407588e-02 9.0838137353162360e-02 2.4947276509934500e+01 29
1 0 1 1 3.3742143920657115e-02 2.4129836958880740e-02 1.0000000737008301e+00 7.5882829202528312e-02 9.1671242088832983e-02 2.4997276502415243e+01 29
1 0 1 1 3.3727406534384004e-02 2.4115307377696987e-02 1.0000000779238092e+00 7.5819021494795691e-02 9.2506699412375354e-02 2.5047276494874453e+01 29
1 0 1 1 3.3712448323812400e-02 2.4100687326891954e-02 1.0000000823622242e+00 7.5755318520927428e-02 9.3344489693355751e-02 2.5097276487307536e+01 29
1 0 1 1 3.3697271634004121e-02 2.4085978145041157e-02 1.0000000870255985e+00 7.5691721360985620e-02 9.4184593373734471e-02 2.5147276479718098e+01 29
1 0 1 1 3.3681878802082704e-02 2.4071181161977422e-02 1.0000000919238037e+00 7.5628231085379305e-02 9.5026990968149552e-02 2.5197276472112645e+01 28
1 0 1 1 3.3666272157091240e-02 2.4056297698785308e-02 1.0000000970670686e+00 7.5564848754872793e-02 9.5871663063918561e-02 2.5247276464479359e+01 28
1 0 1 1 3.3650454019857098e-02 2.4041329067798059e-02 1.0000001024659881e+00 7.5501575420528932e-02 9.6718590322134299e-02 2.5297276456832133e+01 28
1 0 1 1 3.3634426702862798e-02 2.4026276572600640e-02 1.0000001081315335e+00 7.5438412123758680e-02 9.7567753477223546e-02 2.5347276449164600e+01 28
1 0 1 1 3.3618192510116586e-02 2.4011141508028477e-02 1.0000001140750621e+00 7.5375359896278804e-02 9.8419133337817252e-02 2.5397276441482063e+01 28
1 0 1 1 3.3601753737027694e-02 2.3995925160172859e-02 1.0000001203083273e+00 7.5312419760131838e-02 9.9272710786671048e-02 2.5447276433777944e+01 28
1 0 1 1 3.3585112670277487e-02 2.3980628806374499e-02 1.0000001268434877e+00 7.5249592727653136e-02 1.0012846678146844e-01 2.5497276426063205e+01 28
1 0 1 1 3.3568271587712917e-02 2.3965253715241046e-02 1.0000001336931186e+00 7.5186879801511119e-02 1.0098638235454933e-01 2.5547276418332839e+01 28
1 0 1 1 3.3551232758217267e-02 2.3949801146642066e-02 1.0000001408702206e+00 7.5124281974679130e-02 1.0184643861353390e-01 2.5597276410585540e+01 28
1 0 1 1 3.3533998441604179e-02 2.3934272351718165e-02 1.0000001483882313e+00 7.5061800230435405e-02 1.0270861674169295e-01 2.5647276402829274e+01 28
1 0 1 1 3.3516570888509588e-02 2.3918668572894111e-02 1.0000001562610346e+00 7.4999435542391746e-02 1.0357289799784389e-01 2.5697276395059454e+01 28
1 0 1 1 3.3498952340276229e-02 2.3902991043877522e-02 1.0000001645029719e+00 7.4937188874473731e-02 1.0443926371687308e-01 2.5747276387274567e+01 28
1 0 1 1 3.3481145028857066e-02 2.3887240989675648e-02 1.0000001731288521e+00 7.4875061180922575e-02 1.0530769531018759e-01 2.5797276379487620e+01 28
1 0 1 1 3.3463151176712752e-02 2.3871419626605186e-02 1.0000001821539628e+00 7.4813053406345614e-02 1.0617817426516728e-01 2.5847276371681090e+01 28
1 0 1 1 3.3444972996706707e-02 2.3855528162298422e-02 1.0000001915940799e+00 7.4751166485651166e-02 1.0705068214654835e-01 2.5897276363872912e+01 28
1 0 1 1 3.3426612692018132e-02 2.3839567795720412e-02 1.0000002014654794e+00 7.4689401344131989e-02 1.0792520059552052e-01 2.5947276356052527e+01 28
1 0 1 1 3.3408072456044671e-02 2.3823539717183290e-02 1.0000002117849482e+00 7.4627758897420932e-02 1.0880171133076613e-01 2.5997276348227548e+01 28
1 0 1 1 3.3389354472313511e-02 2.3807445108356494e-02 1.0000002225697939e+00 7.4566240051536808e-02 1.0968019614812045e-01 2.6047276340393410e+01 28
1 0 1 1 3.3370460914389853e-02 2.3791285142280141e-02 1.0000002338378566e+00 7.4504845702871664e-02 1.1056063692115192e-01 2.6097276332555186e+01 28
1 0 1 1 3.3351388168378279e-02 2.3775060983391480e-02 1.0000002456075194e+00 7.4443576738223827e-02 1.1144301560105996e-01 2.6147276324710791e+01 28
1 0 1 1 3.3332141768844963e-02 2.3758773787526378e-02 1.0000002578977198e+00 7.4382434034798800e-02 1.1232731421701853e-01 2.6197276316861078e+01 28
1 0 1 1 3.3312726520970358e-02 2.3742424701950701e-02 1.0000002707279603e+00 7.4321418460227717e-02 1.1321351487635918e-01 2.6247276309010065e+01 27
1 0 1 1 3.3293144555950997e-02 2.3726014865367798e-02 1.0000002841183189e+00 7.4260530872594654e-02 1.1410159976450625e-01 2.6297276301152785e+01 27
1 0 1 1 3.3273397994584224e-02 2.3709545407945381e-02 1.0000002980894611e+00 7.4199772120432328e-02 1.1499155114550509e-01 2.6347276293295796e+01 27
1 0 1 1 3.3253488947198657e-02 2.3693017451332565e-02 1.0000003126626507e+00 7.4139143042764921e-02 1.1588335136174781e-01 2.6397276285434074e+01 27
1 0 1 1 3.3233419513580026e-02 2.3676432108677523e-02 1.0000003278597598e+00 7.4078644469102700e-02 1.1677698283447904e-01 2.6447276277571518e+01 27
1 0 1 1 3.3213191782912238e-02 2.3659790484650587e-02 1.0000003437032809e+00 7.4018277219477180e-02 1.1767242806379886e-01 2.6497276269714174e+01 27
1 0 1 1 3.3192807833717600e-02 2.3643093675473535e-02 1.0000003602163374e+00 7.3958042104478178e-02 1.1856966962836100e-01 2.6547276261846118e+01 27
1 0 1 1 3.3172269733779708e-02 2.3626342768924675e-02 1.0000003774226944e+00 7.3897939925216038e-02 1.1946869018655913e-01 2.6597276253989698e+01 27
1 0 1 1 3.3151579540110471e-02 2.3609538844384562e-02 1.0000003953467695e+00 7.3837971473429881e-02 1.2036947247522754e-01 2.6647276246127046e+01 27
1 0 1 1 3.3130739298870171e-02 2.3592682972839764e-02 1.0000004140136440e+00 7.3778137531431393e-02 1.2127199931101770e-01 2.6697276238271186e+01 27
1 0 1 1 3.3109751045329323e-02 2.3575776216920846e-02 1.0000004334490735e+00 7.3718438872187098e-02 1.2217625358949276e-01 2.6747276230410655e+01 27
1 0 1 1 3.3088616803808521e-02 2.3558819630919100e-02 1.0000004536794982e+00 7.3658876259291073e-02 1.2308221828618947e-01 2.6797276222563521e+01 27
1 0 1 1 3.3067338587639876e-02 2.3541814260821074e-02 1.0000004747320543e+00 7.3599450447059067e-02 1.2398987645547874e-01 2.6847276214710497e+01 27
1 0 1 1 3.3045918399103716e-02 2.3524761144322417e-02 1.0000004966345837e+00 7.3540162180475765e-02 1.2489921123193538e-01 2.6897276206866209e+01 27
1 0 1 1 3.3024358229401397e-02 2.3507661310868615e-02 1.0000005194156449e+00 7.3481012195284579e-02 1.2581020582943875e-01 2.6947276199026259e+01 27
1 0 1 1 3.3002660058600891e-02 2.3490515781672487e-02 1.0000005431045234e+00 7.3422001217986810e-02 1.2672284354163357e-01 2.6997276191189634e+01 27
1 0 1 1 3.2980825855601935e-02 2.3473325569747065e-02 1.0000005677312409e+00 7.3363129965870355e-02 1.2763710774205048e-01 2.7047276183362282e+01 27
1 0 1 1 3.2958857578096419e-02 2.3456091679933778e-02 1.0000005933265674e+00 7.3304399147057886e-02 1.2855298188374961e-01 2.7097276175535384e+01 27
1 0 1 1 3.2936757172527309e-02 2.3438815108925978e-02 1.0000006199220293e+00 7.3245809460501771e-02 1.2947044950001502e-01 2.7147276167721284e+01 27
1 0 1 1 3.2914526574064400e-02 2.3421496845308157e-02 1.0000006475499195e+00 7.3187361596060652e-02 1.3038949420357207e-01 2.7197276159909041e+01 27
1 0 1 1 3.2892167706558846e-02 2.3404137869574564e-02 1.0000006762433082e+00 7.3129056234483791e-02 1.3131009968742155e-01 2.7247276152108657e+01 27
1 0 1 1 3.2869682482526585e-02 2.3386739154170989e-02 1.0000007060360510e+00 7.3070894047483403e-02 1.3223224972418032e-01 2.7297276144314083e+01 26
1 0 1 1 3.2847072803109126e-02 2.3369301663518277e-02 1.0000007369627990e+00 7.3012875697738150e-02 1.3315592816651436e-01 2.7347276136526030e+01 26
1 0 1 1 3.2824340558050412e-02 2.3351826354043884e-02 1.0000007690590078e+00 7.2955001838931943e-02 1.3408111894718025e-01 2.7397276128754175e+01 26
1 0 1 1 3.2801487625676432e-02 2.3334314174218527e-02 1.0000008023609464e+00 7.2897273115816702e-02 1.3500780607836371e-01 2.7447276120981357e+01 26
1 0 1 1 3.2778515872860063e-02 2.3316766064579258e-02 1.0000008369057052e+00 7.2839690164183013e-02 1.3593597365291812e-01 2.7497276113230438e+01 26
1 0 1 1 3.2755427155023026e-02 2.3299182957778757e-02 1.0000008727312064e+00 7.2782253610980785e-02 1.3686560584276683e-01 2.7547276105479163e+01 26
1 0 1 1 3.2732223316083157e-02 2.3281565778592441e-02 1.0000009098762099e+00 7.2724964074263820e-02 1.3779668690045060e-01 2.7597276097744480e+01 26
1 0 1 1 3.2708906188469916e-02 2.3263915443978916e-02 1.0000009483803236e+00 7.2667822163296258e-02 1.3872920115795181e-01 2.7647276090020114e+01 26
1 0 1 1 3.2685477593087167e-02 2.3246232863094358e-02 1.0000009882840095e+00 7.2610828478553491e-02 1.3966313302721356e-01 2.7697276082306654e+01 26
1 0 1 1 3.2661939339308999e-02 2.3228518937337208e-02 1.0000010296285919e+00 7.2553983611766126e-02 1.4059846699999251e-01 2.7747276074604859e+01 26
1 0 1 1 3.2638293224959224e-02 2.3210774560373074e-02 1.0000010724562653e+00 7.2497288145957073e-02 1.4153518764779935e-01 2.7797276066915362e+01 26
1 0 1 1 3.2614541036311881e-02 2.3193000618181886e-02 1.0000011168101000e+00 7.2440742655479229e-02 1.4247327962194567e-01 2.7847276059242667e+01 26
1 0 1 1 3.2590684548074775e-02 2.3175197989082331e-02 1.0000011627340502e+00 7.2384347706067054e-02 1.4341272765313282e-01 2.7897276051577048e+01 26
1 0 1 1 3.2566725523376333e-02 2.3157367543768324e-02 1.0000012102729594e+00 7.2328103854840564e-02 1.4435351655202436e-01 2.7947276043927058e+01 26
1 0 1 1 3.2542665713770264e-02 2.3139510145348118e-02 1.0000012594725678e+00 7.2272011650376528e-02 1.4529563120865996e-01 2.7997276036292217e+01 26
1 0 1 1 3.2518506859227948e-02 2.3121626649380930e-02 1.0000013103795167e+00 7.2216071632737994e-02 1.4623905659258515e-01 2.8047276028673082e+01 26
1 0 1 1 3.2494250688134385e-02 2.3103717903909828e-02 1.0000013630413542e+00 7.2160284333516789e-02 1.4718377775261890e-01 2.8097276021063056e+01 26
1 0 1 1 3.2469898917281796e-02 2.3085784749496612e-02 1.0000014175065417e+00 7.2104650275851695e-02 1.4812977981726624e-01 2.8147276013473874e+01 26
1 0 1 1 3.2445453251878011e-02 2.3067828019262139e-02 1.0000014738244569e+00 7.2049169974508331e-02 1.4907704799384355e-01 2.8197276005894235e+01 26
1 0 1 1 3.2420915385541246e-02 2.3049848538921239e-02 1.0000015320453997e+00 7.1993843935875046e-02 1.5002556756932450e-01 2.8247275998338317e+01 26
1 0 1 1 3.2396287000311330e-02 2.3031847126822450e-02 1.0000015922205947e+00 7.1938672658056507e-02 1.5097532390912874e-01 2.8297275990787508e+01 26
1 0 1 1 3.2371569766636202e-02 2.3013824593975777e-02 1.0000016544021968e+00 7.1883656630845671e-02 1.5192630245843805e-01 2.8347275983263998e+01 26
1 0 1 1 3.2346765343404860e-02 2.2995781744107938e-02 1.0000017186432930e+00 7.1828796335846823e-02 1.5287848874051987e-01 2.8397275975748407e+01 25
1 0 1 1 3.2321875377925850e-02 2.2977719373680261e-02 1.0000017849979059e+00 7.1774092246440546e-02 1.5383186835809001e-01 2.8447275968256612e+01 25
1 0 1 1 3.2296901505956779e-02 2.2959638271940957e-02 1.0000018535209965e+00 7.1719544827889392e-02 1.5478642699195858e-01 2.8497275960774786e+01 25
1 0 1 1 3.2271845351693744e-02 2.2941539220949436e-02 1.0000019242684652e+00 7.1665154537324416e-02 1.5574215040202524e-01 2.8547275953317374e+01 25
1 0 1 1 3.2246708527809545e-02 2.2923422995635788e-02 1.0000019972971550e+00 7.1610921823842100e-02 1.5669902442616804e-01 2.8597275945874635e+01 25
1 0 1 1 3.2221492635438095e-02 2.2905290363815459e-02 1.0000020726648515e+00 7.1556847128506601e-02 1.5765703498080297e-01 2.8647275938449418e+01 25
1 0 1 1 3.2196199264201336e-02 2.2887142086241912e-02 1.0000021504302847e+00 7.1502930884409149e-02 1.5861616806048043e-01 2.8697275931041645e+01 25
1 0 1 1 3.2170829992220436e-02 2.2868978916639391e-02 1.0000022306531280e+00 7.1449173516706904e-02 1.5957640973791237e-01 2.8747275923657337e+01 25
1 0 1 1 3.2145386386138952e-02 2.2850801601749932e-02 1.0000023133939995e+00 7.1395575442684767e-02 1.6053774616341265e-01 2.8797275916286058e+01 25
1 0 1 1 3.2119870001121618e-02 2.2832610881356581e-02 1.0000023987144606e+00 7.1342137071763928e-02 1.6150016356547314e-01 2.8847275908938677e+01 25
1 0 1 1 3.2094282380893055e-02 2.2814407488340717e-02 1.0000024866770154e+00 7.1288858805585553e-02 1.6246364824982651e-01 2.8897275901605497e+01 25
1 0 1 1 3.2068625057737846e-02 2.2796192148705104e-02 1.0000025773451089e+00 7.1235741038016831e-02 1.6342818660009101e-01 2.8947275894297881e+01 25
1 0 1 1 3.2042899552539222e-02 2.2777965581627691e-02 1.0000026707831249e+00 7.1182784155236156e-02 1.6439376507681661e-01 2.8997275887006474e+01 25
1 0 1 1 3.2017107374784436e-02 2.2759728499488926e-02 1.0000027670563836e+00 7.1129988535741706e-02 1.6536037021806116e-01 2.9047275879739225e+01 25
1 0 1 1 3.1991250022595411e-02 2.2741481607917811e-02 1.0000028662311384e+00 7.1077354550427185e-02 1.6632798863848586e-01 2.9097275872482900e+01 25
1 0 1 1 3.1965328982740203e-02 2.2723225605823471e-02 1.0000029683745733e+00 7.1024882562580327e-02 1.6729660703035812e-01 2.9147275865263062e+01 25
1 0 1 1 3.1939345730687151e-02 2.2704961185455293e-02 1.0000030735547967e+00 7.0972572928012345e-02 1.6826621216148491e-01 2.9197275858046229e+01 25
1 0 1 1 3.1913301730578929e-02 2.2686689032406223e-02 1.0000031818408395e+00 7.0920425994987268e-02 1.6923679087747237e-01 2.9247275850865488e+01 25
1 0 1 1 3.1887198435318190e-02 2.2668409825696456e-02 1.0000032933026475e+00 7.0868442104387336e-02 1.7020833009920588e-01 2.9297275843698888e+01 25
1 0 1 1 3.1861037286547267e-02 2.2650124237777777e-02 1.0000034080110776e+00 7.0816621589670559e-02 1.7118081682431180e-01 2.9347275836554619e+01 25
1 0 1 1 3.1834819714696344e-02 2.2631832934587454e-02 1.0000035260378901e+00 7.0764964776957262e-02 1.7215423812621686e-01 2.9397275829431887e+01 25
1 0 1 1 3.1808547139011725e-02 2.2613536575591030e-02 1.0000036474557432e+00 7.0713471985065390e-02 1.7312858115420579e-01 2.9447275822332625e+01 25
1 0 1 1 3.1782220967581598e-02 2.2595235813814549e-02 1.0000037723381847e+00 7.0662143525562604e-02 1.7410383313310651e-01 2.9497275815256224e+01 25
1 0 1 1 3.1755842597371638e-02 2.2576931295892288e-02 1.0000039007596440e+00 7.0610979702809828e-02 1.7507998136313729e-01 2.9547275808200496e+01 24
1 0 1 1 3.1729413414249390e-02 2.2558623662100315e-02 1.0000040327954245e+00 7.0559980814001666e-02 1.7605701321984393e-01 2.9597275801168859e+01 24
1 0 1 1 3.1702934793020096e-02 2.2540313546397978e-02 1.0000041685216938e+00 7.0509147149223406e-02 1.7703491615361797e-01 2.9647275794156087e+01 24
1 0 1 1 3.1676408097455415e-02 2.2522001576465896e-02 1.0000043080154739e+00 7.0458478991479223e-02 1.7801367769000637e-01 2.9697275787174181e+01 24
1 0 1 1 3.1649834680344602e-02 2.2503688373759743e-02 1.0000044513546316e+00 7.0407976616776280e-02 1.7899328542867274e-01 2.9747275780209453e+01 24
1 0 1 1 3.1623215883500450e-02 2.2485374553526161e-02 1.0000045986178665e+00 7.0357640294125168e-02 1.7997372704406930e-01 2.9797275773268428e+01 24
1 0 1 1 3.1596553037814556e-02 2.2467060724860825e-02 1.0000047498847013e+00 7.0307470285613793e-02 1.8095499028478257e-01 2.9847275766354286e+01 24
1 0 1 1 3.1569847463293201e-02 2.2448747490747243e-02 1.0000049052354674e+00 7.0257466846456951e-02 1.8193706297320256e-01 2.9897275759461099e+01 24
1 0 1 1 3.1543100469082201e-02 2.2430435448087191e-02 1.0000050647512941e+00 7.0207630225025131e-02 1.8291993300569320e-01 2.9947275752594056e+01 24
1 0 1 1 3.1516313353514902e-02 2.2412125187748683e-02 1.0000052285140943e+00 7.0157960662909802e-02 1.8390358835196591e-01 2.9997275745748464e+01 24
1 0 1 1 3.1489487404142605e-02 2.2393817294601166e-02 1.0000053966065510e+00 7.0108458394952944e-02 1.8488801705531030e-01 3.0047275738932861e+01 24
1 0 1 1 3.1462623897785640e-02 2.2375512347564443e-02 1.0000055691121015e+00 7.0059123649321153e-02 1.8587320723166248e-01 3.0097275732132946e+01 24
1 0 1 1 3.1435724100549213e-02 2.2357210919630412e-02 1.0000057461149241e+00 7.0009956647506921e-02 1.8685914707049708e-01 3.0147275725369024e+01 24
1 0 1 1 3.1408784923021869e-02 2.2338913577928103e-02 1.0000059276999209e+00 6.9960957604441015e-02 1.8784582483306872e-01 3.0197275718618048e+01 24
1 0 1 1 3.1381810326573417e-02 2.2320620883734679e-02 1.0000061139527014e+00 6.9912126728462254e-02 1.8883322885390239e-01 3.0247275711901278e+01 24
1 0 1 1 3.1354803095753808e-02 2.2302333392544789e-02 1.0000063049595656e+00 6.9863464221437993e-02 1.8982134753903745e-01 3.0297275705207049e+01 24
1 0 1 1 3.1327764456350438e-02 2.2284051654084442e-02 1.0000065008074857e+00 6.9814970278764571e-02 1.9081016936664724e-01 3.0347275698535221e+01 24
1 0 1 1 3.1300695623639997e-02 2.2265776212367073e-02 1.0000067015840886e+00 6.9766645089422652e-02 1.9179968288676158e-01 3.0397275691893775e+01 24
1 0 1 1 3.1273597802432128e-02 2.2247507605727218e-02 1.0000069073776352e+00 6.9718488836044590e-02 1.9278987672053563e-01 3.0447275685275962e+01 24
1 0 1 1 3.1246472187105911e-02 2.2229246366859794e-02 1.0000071182770021e+00 6.9670501694938547e-02 1.9378073956045797e-01 3.0497275678682197e+01 24
1 0 1 1 3.1219319961656049e-02 2.2210993022860386e-02 1.0000073343716602e+00 6.9622683836141286e-02 1.9477226017008376e-01 3.0547275672119476e+01 24
1 0 1 1 3.1192142299742782e-02 2.2192748095267441e-02 1.0000075557516539e+00 6.9575035423482978e-02 1.9576442738322317e-01 3.0597275665573388e+01 24
1 0 1 1 3.1164940364717487e-02 2.2174512100089493e-02 1.0000077825075790e+00 6.9527556614590813e-02 1.9675723010484877e-01 3.0647275659066551e+01 23
1 0 1 1 3.1137715309704425e-02 2.2156285547869307e-02 1.0000080147305601e+00 6.9480247561005209e-02 1.9775065730923702e-01 3.0697275652577815e+01 23
1 0 1 1 3.1110468277605007e-02 2.2138068943694036e-02 1.0000082525122280e+00 6.9433108408157085e-02 1.9874469804118125e-01 3.0747275646116865e+01 23
1 0 1 1 3.1083200401169520e-02 2.2119862787253673e-02 1.0000084959446949e+00 6.9386139295454313e-02 1.9973934141489380e-01 3.0797275639681398e+01 23
1 0 1 1 3.1055912803033169e-02 2.2101667572870583e-02 1.0000087451205308e+00 6.9339340356313811e-02 2.0073457661414126e-01 3.0847275633277960e+01 23
1 0 1 1 3.1028606595772265e-02 2.2083483789545139e-02 1.0000090001327377e+00 6.9292711718227512e-02 2.0173039289151998e-01 3.0897275626898860e+01 23
1 0 1 1 3.1001282881943558e-02 2.2065311920991242e-02 1.0000092610747231e+00 6.9246253502786459e-02 2.0272677956863666e-01 3.0947275620543980e+01 23
1 0 1 1 3.0973942754129409e-02 2.2047152445671441e-02 1.0000095280402745e+00 6.9199965825731680e-02 2.0372372603587888e-01 3.0997275614223625e+01 23
1 0 1 1 3.0946587295001590e-02 2.2029005836845385e-02 1.0000098011235314e+00 6.9153848797026851e-02 2.0472122175142399e-01 3.1047275607922426e+01 23
1 0 1 1 3.0919217577344772e-02 2.2010872562593480e-02 1.0000100804189567e+00 6.9107902520859410e-02 2.0571925624205012e-01 3.1097275601653436e+01 23
1 0 1 1 3.0891834664128051e-02 2.1992753085869166e-02 1.0000103660213093e+00 6.9062127095729731e-02 2.0671781910193052e-01 3.1147275595411951e+01 23
1 0 1 1 3.0864439608546044e-02 2.1974647864533018e-02 1.0000106580256134e+00 6.9016522614476716e-02 2.0771689999288948e-01 3.1197275589201904e+01 23
1 0 1 1 3.0837033454070302e-02 2.1956557351390696e-02 1.0000109565271285e+00 6.8971089164339139e-02 2.0871648864358325e-01 3.1247275583009444e+01 23
1 0 1 1 3.0809617234482018e-02 2.1938481994220743e-02 1.0000112616213195e+00 6.8925826826963743e-02 2.0971657485033246e-01 3.1297275576858439e+01 23
1 0 1 1 3.0782191973959535e-02 2.1920422235836946e-02 1.0000115734038240e+00 6.8880735678519989e-02 2.1071714847508727e-01 3.1347275570723028e+01 23
1 0 1 1 3.0754758687082502e-02 2.1902378514095648e-02 1.0000118919704202e+00 6.8835815789666355e-02 2.1171819944712814e-01 3.1397275564627034e+01 23
1 0 1 1 3.0727318378926623e-02 2.1884351261962122e-02 1.0000122174169943e+00 6.8791067225672825e-02 2.1271971776091234e-01 3.1447275558550881e+01 23
1 0 1 1 3.0699872045077386e-02 2.1866340907524803e-02 1.0000125498395067e+00 6.8746490046402597e-02 2.1372169347732550e-01 3.1497275552508327e+01 23
1 0 1 1 3.0672420671708958e-02 2.1848347874049424e-02 1.0000128893339570e+00 6.8702084306404898e-02 2.1472411672239949e-01 3.1547275546497502e+01 23
1 0 1 1 3.0644965235627573e-02 2.1830372580012584e-02 1.0000132359963496e+00 6.8657850054947900e-02 2.1572697768717072e-01 3.1597275540508029e+01 23
1 0 1 1 3.0617506704307202e-02 2.1812415439127278e-02 1.0000135899226570e+00 6.8613787336041343e-02 2.1673026662796319e-01 3.1647275534550388e+01 23
1 0 1 1 3.0590046035962971e-02 2.1794476860394735e-02 1.0000139512087840e+00 6.8569896188512613e-02 2.1773397386547655e-01 3.1697275528624964e+01 23
1 0 1 1 3.0562584179596158e-02 2.1776557248135365e-02 1.0000143199505298e+00 6.8526176646046655e-02 2.1873808978458592e-01 3.1747275522727513e+01 22
1 0 1 1 3.0535122075045246e-02 2.1758657002027552e-02 1.0000146962435505e+00 6.8482628737222578e-02 2.1974260483423272e-01 3.1797275516857784e+01 22
1 0 1 1 3.0507660653035312e-02 2.1740776517139692e-02 1.0000150801833196e+00 6.8439252485561097e-02 2.2074750952707775e-01 3.1847275511018246e+01 22
1 0 1 1 3.0480200835235380e-02 2.1722916183970171e-02 1.0000154718650891e+00 6.8396047909575264e-02 2.2175279443912332e-01 3.1897275505210214e+01 22
1 0 1 1 3.0452743534313403e-02 2.1705076388486195e-02 1.0000158713838494e+00 6.8353015022817487e-02 2.2275845020937723e-01 3.1947275499432077e+01 22
1 0 1 1 3.0425289653985825e-02 2.1687257512156843e-02 1.0000162788342879e+00 6.8310153833921139e-02 2.2376446753957013e-01 3.1997275493680817e+01 22
1 0 1 1 3.0397840089066708e-02 2.1669459931987357e-02 1.0000166943107474e+00 6.8267464346639384e-02 2.2477083719402555e-01 3.2047275487960697e+01 22
1 0 1 1 3.0370395725527414e-02 2.1651684020557546e-02 1.0000171179071844e+00 6.8224946559901190e-02 2.2577754999915187e-01 3.2097275482273972e+01 22
1 0 1 1 3.0342957440553247e-02 2.1633930146061839e-02 1.0000175497171251e+00 6.8182600467859289e-02 2.2678459684299376e-01 3.2147275476613466e+01 22
1 0 1 1 3.0315526102585914e-02 2.1616198672336547e-02 1.0000179898336226e+00 6.8140426059917464e-02 2.2779196867543278e-01 3.2197275470988465e+01 22
1 0 1 1 3.0288102571391647e-02 2.1598489958904742e-02 1.0000184383492112e+00 6.8098423320801516e-02 2.2879965650707532e-01 3.2247275465385123e+01 22
1 0 1 1 3.0260687698091086e-02 2.1580804360995208e-02 1.0000188953558626e+00 6.8056592230565344e-02 2.2980765141003456e-01 3.2297275459821364e+01 22
1 0 1 1 3.0233282325248526e-02 2.1563142229603774e-02 1.0000193609449388e+00 6.8014932764684677e-02 2.3081594451648779e-01 3.2347275454289992e+01 22
1 0 1 1 3.0205887286904196e-02 2.1545503911510815e-02 1.0000198352071457e+00 6.7973444894075863e-02 2.3182452701872605e-01 3.2397275448778075e+01 22
1 0 1 1 3.0178503408612289e-02 2.1527889749305907e-02 1.0000203182324863e+00 6.7932128585115215e-02 2.3283339016958907e-01 3.2447275443304505e+01 22
1 0 1 1 3.0151131507531483e-02 2.1510300081449069e-02 1.0000208101102119e+00 6.7890983799731547e-02 2.3384252528112948e-01 3.2497275437868687e+01 22
1 0 1 1 3.0123772392468082e-02 2.1492735242295963e-02 1.0000213109287743e+00 6.7850010495438873e-02 2.3485192372432662e-01 3.2547275432453084e+01 22
1 0 1 1 3.0096426863903847e-02 2.1475195562114305e-02 1.0000218207757750e+00 6.7809208625343204e-02 2.3586157692968676e-01 3.2597275427069420e+01 22
1 0 1 1 3.0069095714079019e-02 2.1457681367140140e-02 1.0000223397379160e+00 6.7768578138220681e-02 2.3687147638630804e-01 3.2647275421727336e+01 22
1 0 1 1 3.0041779727049391e-02 2.1440192979609328e-02 1.0000228679009491e+00 6.7728118978575391e-02 2.3788161364103669e-01 3.2697275416410250e+01 22
1 0 1 1 3.0014479678718210e-02 2.1422730717780055e-02 1.0000234053496233e+00 6.7687831086642780e-02 2.3889198029907444e-01 3.2747275411120619e+01 22
1 0 1 1 2.9987196336898399e-02 2.1405294895970713e-02 1.0000239521676340e+00 6.7647714398447356e-02 2.3990256802354051e-01 3.2797275405875034e+01 22
1 0 1 1 2.9959930461392129e-02 2.1387885824610500e-02 1.0000245084375685e+00 6.7607768845880378e-02 2.4091336853405865e-01 3.2847275400650105e+01 21
1 0 1 1 2.9932682804000573e-02 2.1370503810241668e-02 1.0000250742408536e+00 6.7567994356683092e-02 2.4192437360807972e-01 3.2897275395465492e+01 21
1 0 1 1 2.9905453524366243e-02 2.1353143656436285e-02 1.0000256500041294e+00 6.7528390854546871e-02 2.4293559714282839e-01 3.2947276446357741e+01 21
1 0 1 1 2.9878245586976621e-02 2.1335811460924805e-02 1.0000262354914431e+00 6.7488960766652450e-02 2.4394694788635246e-01 3.2997274470756224e+01 21
1 0 1 1 2.9851056589686373e-02 2.1318506275808315e-02 1.0000268308005256e+00 6.7449699346491532e-02 2.4495853408078372e-01 3.3047275222988510e+01 21
1 0 1 1 2.9823889063999690e-02 2.1301229546799982e-02 1.0000274359691430e+00 6.7410609129870319e-02 2.4597028040552543e-01 3.3097275374829920e+01 21
1 0 1 1 2.9796743481147667e-02 2.1283981408321110e-02 1.0000280510777750e+00 6.7371689673785706e-02 2.4698218788921805e-01 3.3147275369805726e+01 21
1 0 1 1 2.9769620460893969e-02 2.1266762090748622e-02 1.0000286762021495e+00 6.7332940759072257e-02 2.4799425181944004e-01 3.3197275364819141e+01 21
1 0 1 1 2.9742520700695042e-02 2.1249571875067041e-02 1.0000293114145633e+00 6.7294362285689524e-02 2.4900646436352220e-01 3.3247275359859657e+01 21
1 0 1 1 2.9715444890459040e-02 2.1232411038640195e-02 1.0000299567857058e+00 6.7255954149808561e-02 2.5001881774356566e-01 3.3297275354939678e+01 21
1 0 1 1 2.9688393712618825e-02 2.1215279855251765e-02 1.0000306123845994e+00 6.7217716243885950e-02 2.5103130423508446e-01 3.3347275350045322e+01 21
1 0 1 1 2.9661367842160339e-02 2.1198178595120971e-02 1.0000312782785408e+00 6.7179648456669017e-02 2.5204391616772459e-01 3.3397275345188874e+01 21
1 0 1 1 2.9634367946703922e-02 2.1181107524954449e-02 1.0000319545330385e+00 6.7141750673270523e-02 2.5305664592426080e-01 3.3447275340375185e+01 21
1 0 1 1 2.9607394686556425e-02 2.1164066907972363e-02 1.0000326412117522e+00 6.7104022775214989e-02 2.5406948593963480e-01 3.3497275335572276e+01 21
1 0 1 1 2.9580448714721114e-02 2.1147057003915684e-02 1.0000333383764322e+00 6.7066464640410883e-02 2.5508242870309916e-01 3.3547275330833230e+01 21
1 0 1 1 2.9553530677037573e-02 2.1130078069128193e-02 1.0000340460868546e+00 6.7029076143319044e-02 2.5609546675390255e-01 3.3597275326101084e+01 21
1 0 1 1 2.9526641212134191e-02 2.1113130356525591e-02 1.0000347644007608e+00 6.6991857154847900e-02 2.5710859268524744e-01 3.3647275321420729e+01 21
1 0 1 1 2.9499780951571991e-02 2.1096214115684565e-02 1.0000354933737925e+00 6.6954807542517814e-02 2.5812179914044953e-01 3.3697275316765676e+01 21
1 0 1 1 2.9472950519836134e-02 2.1079329592830189e-02 1.0000362330594281e+00 6.6917927170422165e-02 2.5913507881489378e-01 3.3747275312153420e+01 21
1 0 1 1 2.9446150534431205e-02 2.1062477030896004e-02 1.0000369835089187e+00 6.6881215899320279e-02 2.6014842445407399e-01 3.3797275307564362e+01 21
1 0 1 1 2.9419381605895641e-02 2.1045656669527797e-02 1.0000377447712228e+00 6.6844673586627740e-02 2.6116182885485012e-01 3.3847275303021995e+01 21
1 0 1 1 2.9392644337900724e-02 2.1028868745144567e-02 1.0000385168929411e+00 6.6808300086514699e-02 2.6217528486330510e-01 3.3897275298503146e+01 21
1 0 1 1 2.9365939327257833e-02 2.1012113490938299e-02 1.0000392999182506e+00 6.6772095249886865e-02 2.6318878537626506e-01 3.3947275294031101e+01 20
1 0 1 1 2.9339267164014009e-02 2.0995391136928315e-02 1.0000400938888385e+00 6.6736058924485087e-02 2.6420232333912563e-01 3.3997275289586014e+01 20
1 0 1 1 2.9312628431472872e-02 2.0978701909975868e-02 1.0000408988438356e+00 6.6700190954873839e-02 2.6521589174704419e-01 3.4047275285179040e+01 20
1 0 1 1 2.9286023706264812e-02 2.0962046033819293e-02 1.0000417148197493e+00 6.6664491182513663e-02 2.6622948364355359e-01 3.4097275280803309e+01 20
1 0 1 1 2.9259453558388243e-02 2.0945423729098248e-02 1.0000425418503969e+00 6.6628959445780067e-02 2.6724309212105951e-01 3.4147275276474744e+01 20
1 0 1 1 2.9232918551289674e-02 2.0928835213401449e-02 1.0000433799668365e+00 6.6593595580038967e-02 2.6825671031918102e-01 3.4197275272166884e+01 20
1 0 1 1 2.9206419241870226e-02 2.0912280701264472e-02 1.0000442291973011e+00 6.6558399417626757e-02 2.6927033142632067e-01 3.4247275267906531e+01 20
1 0 1 1 2.9179956180586046e-02 2.0895760404228431e-02 1.0000450895671291e+00 6.6523370787954561e-02 2.7028394867724365e-01 3.4297275263671565e+01 20
1 0 1 1 2.9153529911460578e-02 2.0879274530846061e-02 1.0000459610986967e+00 6.6488509517489858e-02 2.7129755535467837e-01 3.4347275259486317e+01 20
1 0 1 1 2.9127140972178361e-02 2.0862823286733910e-02 1.0000468438113483e+00 6.6453815429854651e-02 2.7231114478693319e-01 3.4397275255322072e+01 20
1 0 1 1 2.9100789894088111e-02 2.0846406874571462e-02 1.0000477377213299e+00 6.6419288345796579e-02 2.7332471034982558e-01 3.4447275251208929e+01 20
1 0 1 1 2.9074477202308300e-02 2.0830025494161821e-02 1.0000486428417177e+00 6.6384928083299710e-02 2.7433824546384666e-01 3.4497275247113436e+01 20
1 0 1 1 2.9048203415717677e-02 2.0813679342422075e-02 1.0000495591823515e+00 6.6350734457542859e-02 2.7535174359652342e-01 3.4547275243072320e+01 20
1 0 1 1 2.9021969047072993e-02 2.0797368613452102e-02 1.0000504867497642e+00 6.6316707281023846e-02 2.7636519825941958e-01 3.4597275239061752e+01 20
1 0 1 1 2.8995774603012111e-02 2.0781093498532022e-02 1.0000514255471133e+00 6.6282846363535375e-02 2.7737860300951045e-01 3.4647275235082347e+01 20
1 0 1 1 2.8969620584118030e-02 2.0764854186159171e-02 1.0000523755741131e+00 6.6249151512216498e-02 2.7839195144854106e-01 3.4697275231143990e+01 20
1 0 1 1 2.8943507484977794e-02 2.0748650862077223e-02 1.0000533368269637e+00 6.6215622531606011e-02 2.7940523722222937e-01 3.4747275227244998e+01 20
1 0 1 1 2.8917433817174414e-02 2.0732483709305444e-02 1.0000543092982843e+00 6.6182259223672713e-02 2.8041845401996079e-01 3.4797275223372729e+01 20
1 0 1 1 2.8891392961493314e-02 2.0716352908150708e-02 1.0000552929770441e+00 6.6149061387829861e-02 2.8143159557544867e-01 3.4847275219554277e+01 20
1 0 1 1 2.8865394518747201e-02 2.0700258636263517e-02 1.0000562878484927e+00 6.6116028821028128e-02 2.8244465566425575e-01 3.4897275215750469e+01 20
1 0 1 1 2.8839438960559377e-02 2.0684201068622097e-02 1.0000572938940948e+00 6.6083161317707473e-02 2.8345762810649811e-01 3.4947275212006666e+01 20
1 0 1 1 2.8813526752829870e-02 2.0668180377609556e-02 1.0000583110914592e+00 6.6050458669934781e-02 2.8447050676303254e-01 3.4997275208281039e+01 19
1 0 1 1 2.8787658355707072e-02 2.0652196732989146e-02 1.0000593394142747e+00 6.6017920667342772e-02 2.8548328553831515e-01 3.5047275204603338e+01 19
1 0 1 1 2.8761834223697835e-02 2.0636250301970593e-02 1.0000603788322406e+00 6.5985547097239639e-02 2.8649595837771386e-01 3.5097275200957959e+01 19
1 0 1 1 2.8736054805680679e-02 2.0620341249210757e-02 1.0000614293110017e+00 6.5953337744601659e-02 2.8750851926844417e-01 3.5147275197347781e+01 19
1 0 1 1 2.8710320544965143e-02 2.0604469736846792e-02 1.0000624908120830e+00 6.5921292392121716e-02 2.8852096223901186e-01 3.5197275193783042e+01 19
1 0 1 1 2.8684631879355882e-02 2.0588635924532264e-02 1.0000635632928221e+00 6.5889410820261035e-02 2.8953328135823769e-01 3.5247275190249042e+01 19
1 0 1 1 2.8658989241175145e-02 2.0572839969443025e-02 1.0000646467063072e+00 6.5857692807254703e-02 2.9054547073571974e-01 3.5297275186746617e+01 19
1 0 1 1 2.8633393057317564e-02 2.0557082026308404e-02 1.0000657410013125e+00 6.5826138129153500e-02 2.9155752452149891e-01 3.5347275183291408e+01 19
1 0 1 1 2.8607843749320055e-02 2.0541362247449253e-02 1.0000668461222348e+00 6.5794746559884099e-02 2.9256943690477744e-01 3.5397275179866639e+01 19
1 0 1 1 2.8582341733379590e-02 2.0525680782783679e-02 1.0000679620090318e+00 6.5763517871248067e-02 2.9358120211483490e-01 3.5447275176484958e+01 19
1 0 1 1 2.8556887420426010e-02 2.0510037779866888e-02 1.0000690885971606e+00 6.5732451832986039e-02 2.9459281441946500e-01 3.5497275173127150e+01 19
1 0 1 1 2.8531481216135940e-02 2.0494433383894513e-02 1.0000702258175189e+00 6.5701548212771271e-02 2.9560426812620116e-01 3.5547275169818924e+01 19
1 0 1 1 2.8506123521022622e-02 2.0478867737753495e-02 1.0000713735963842e+00 6.5670806776294888e-02 2.9661555758020319e-01 3.5597275166542090e+01 19
1 0 1 1 2.8480814730447689e-02 2.0463340982024111e-02 1.0000725318553574e+00 6.5640227287257130e-02 2.9762667716521846e-01 3.5647275163297941e+01 19
1 0 1 1 2.8455555234677722e-02 2.0447853255011063e-02 1.0000737005113065e+00 6.5609809507410494e-02 2.9863762130310573e-01 3.5697275160098755e+01 19
1 0 1 1 2.8430345418943698e-02 2.0432404692773212e-02 1.0000748794763101e+00 6.5579553196611517e-02 2.9964838445270259e-01 3.5747275156928097e+01 19
1 0 1 1 2.8405185663461754e-02 2.0416995429131717e-02 1.0000760686576051e+00 6.5549458112820452e-02 3.0065896111043905e-01 3.5797275153786146e+01 19
1 0 1 1 2.8380076343482268e-02 2.0401625595696669e-02 1.0000772679575347e+00 6.5519524012138758e-02 3.0166934581029636e-01 3.5847275150702544e+01 19
1 0 1 1 2.8355017829375849e-02 2.0386295321913224e-02 1.0000784772734961e+00 6.5489750648889344e-02 3.0267953312134249e-01 3.5897275147629919e+01 19
1 0 1 1 2.8330010486603663e-02 2.0371004735040086e-02 1.0000796964978940e+00 6.5460137775558230e-02 3.0368951765083624e-01 3.5947275144611758e+01 19
1 0 1 1 2.8305054675837431e-02 2.0355753960215658e-02 1.0000809255180922e+00 6.5430685142916611e-02 3.0469929404037344e-01 3.5997275141607176e+01 19
1 0 1 1 2.8280150752931520e-02 2.0340543120440278e-02 1.0000821642163700e+00 6.5401392499963795e-02 3.0570885696905503e-01 3.6047275138660758e+01 18
1 0 1 1 2.8255299069040774e-02 2.0325372336638114e-02 1.0000834124698763e+00 6.5372259594047355e-02 3.0671820114967152e-01 3.6097275135729724e+01 18
1 0 1 1 2.8230499970591710e-02 2.0310241727639219e-02 1.0000846701505925e+00 6.5343286170804732e-02 3.0772732133151942e-01 3.6147275132835723e+01 18
1 0 1 1 2.8205753799366472e-02 2.0295151410224473e-02 1.0000859371252915e+00 6.5314471974244281e-02 3.0873621229869008e-01 3.6197275129994942e+01 18
1 0 1 1 2.8181060892562327e-02 2.0280101499155427e-02 1.0000872132554999e+00 6.5285816746790681e-02 3.0974486886843178e-01 3.6247275127150530e+01 18
1 0 1 1 2.8156421582749766e-02 2.0265092107146037e-02 1.0000884983974687e+00 6.5257320229216931e-02 3.1075328589485762e-01 3.6297275124369406e+01 18
1 0 1 1 2.8131836198023421e-02 2.0250123344950136e-02 1.0000897924021368e+00 6.5228982160798588e-02 3.1176145826411306e-01 3.6347275121615681e+01 18
1 0 1 1 2.8107305061971621e-02 2.0235195321336132e-02 1.0000910951151039e+00 6.5200802279258424e-02 3.1276938089671974e-01 3.6397275118880493e+01 18
1 0 1 1 2.8082827624496074e-02 2.0220301596996990e-02 1.0000924081147402e+00 6.5172780320796098e-02 3.1377708260028775e-01 3.6447276625058265e+01 18
1 0 1 1 2.8058407166722192e-02 2.0205449231047900e-02 1.0000937296913479e+00 6.5144918554579517e-02 3.1478443765250891e-01 3.6497273789762808e+01 18
1 0 1 1 2.8034039980014896e-02 2.0190636785336419e-02 1.0000950596427722e+00 6.5117211978034883e-02 3.1579160712297955e-01 3.6547274879402650e+01 18
1 0 1 1 2.8009728707646672e-02 2.0175865782526288e-02 1.0000963976670114e+00 6.5089662989217117e-02 3.1679848964468227e-01 3.6597275108327139e+01 18
1 0 1 1 2.7985473343560809e-02 2.0161136134675330e-02 1.0000977435997060e+00 6.5062270966653013e-02 3.1780509298445647e-01 3.6647275105759064e+01 18
1 0 1 1 2.7961274072506707e-02 2.0146447870718533e-02 1.0000990972606301e+00 6.5035035511402189e-02 3.1881141692434095e-01 3.6697275103206877e+01 18
1 0 1 1 2.7937131187700831e-02 2.0131801086228293e-02 1.0001004584579010e+00 6.5007956351073981e-02 3.1981745661664268e-01 3.6747275100708492e+01 18
1 0 1 1 2.7913044978221165e-02 2.0117195874971537e-02 1.0001018269941480e+00 6.4981033211986089e-02 3.2082320724364738e-01 3.6797275098205866e+01 18
1 0 1 1 2.7889015728953272e-02 2.0102632328876761e-02 1.0001032026665160e+00 6.4954265819086476e-02 3.2182866402157789e-01 3.6847275095751016e+01 18
1 0 1 1 2.7865043720714834e-02 2.0088110538101243e-02 1.0001045852666635e+00 6.4927653896073856e-02 3.2283382219634454e-01 3.6897275093305979e+01 18
1 0 1 1 2.7841129230222587e-02 2.0073630591010569e-02 1.0001059745807714e+00 6.4901197165341595e-02 3.2383867704677416e-01 3.6947275090911667e+01 18
1 0 1 1 2.7817272530199090e-02 2.0059192574236381e-02 1.0001073703895500e+00 6.4874895348075889e-02 3.2484322388069242e-01 3.6997275088502981e+01 18
1 0 1 1 2.7793473889304105e-02 2.0044796572630735e-02 1.0001087724682582e+00 6.4848748164164693e-02 3.2584745803959897e-01 3.7047275086150776e+01 18
1 0 1 1 2.7769733572288489e-02 2.0030442669356795e-02 1.0001101805867159e+00 6.4822755332343607e-02 3.2685137489316002e-01 3.7097275083794926e+01 18
1 0 1 1 2.7746051839918743e-02 2.0016130945837471e-02 1.0001115945093306e+00 6.4796916570100727e-02 3.2785496984384310e-01 3.7147275081484686e+01 17
1 0 1 1 2.7722428949103966e-02 2.0001861481828583e-02 1.0001130139951209e+00 6.4771231593790113e-02 3.2885823832248212e-01 3.7197275079164328e+01 17
1 0 1 1 2.7698865152831154e-02 1.9987634355375854e-02 1.0001144387977516e+00 6.4745700118550437e-02 3.2986117579260860e-01 3.7247275076897374e+01 17
1 0 1 1 2.7675360700307586e-02 1.9973449642896813e-02 1.0001158686655640e+00 6.4720321858433238e-02 3.3086377774517195e-01 3.7297275074609260e+01 17
1 0 1 1 2.7651915836866981e-02 1.9959307419119974e-02 1.0001173033416226e+00 6.4695096526290241e-02 3.3186603970416356e-01 3.7347275072375261e+01 17
1 0 1 1 2.7628530804130136e-02 1.9945207757177657e-02 1.0001187425637523e+00 6.4670023833921952e-02 3.3286795722038010e-01 3.7397275070114901e+01 17
1 0 1 1 2.7605205839899012e-02 1.9931150728539498e-02 1.0001201860645974e+00 6.4645103491951794e-02 3.3386952587791108e-01 3.7447275067921446e+01 17
1 0 1 1 2.7581941178342277e-02 1.9917136403118589e-02 1.0001216335716649e+00 6.4620335210000102e-02 3.3487074128636862e-01 3.7497275065679389e+01 17
1 0 1 1 2.7558737049838796e-02 1.9903164849174638e-02 1.0001230848073968e+00 6.4595718696504933e-02 3.3587159908951753e-01 3.7547275063500287e+01 17
1 0 1 1 2.7535593681193241e-02 1.9889236133440756e-02 1.0001245394892222e+00 6.4571253658927796e-02 3.3687209495688464e-01 3.7597275061307080e+01 17
1 0 1 1 2.7512511295525639e-02 1.9875350321051224e-02 1.0001259973296353e+00 6.4546939803621861e-02 3.3787222458938326e-01 3.7647275059120318e+01 17
1 0 1 1 2.7489490112354846e-02 1.9861507475590005e-02 1.0001274580362673e+00 6.4522776835900020e-02 3.3887198371711413e-01 3.7697275056950609e+01 17
1 0 1 1 2.7466530347630382e-02 1.9847707659104756e-02 1.0001289213119655e+00 6.4498764460049818e-02 3.3987136809882729e-01 3.7747275054775237e+01 17
1 0 1 1 2.7443632213725595e-02 1.9833950932101205e-02 1.0001303868548796e+00 6.4474902379310112e-02 3.4087037352354760e-01 3.7797275052621501e+01 17
1 0 1 1 2.7420795919511038e-02 1.9820237353582265e-02 1.0001318543585513e+00 6.4451190295924998e-02 3.4186899580815067e-01 3.7847275050447315e+01 17
1 0 1 1 2.7398017461762774e-02 1.9806566981018351e-02 1.0001333235120111e+00 6.4427627911087304e-02 3.4286723080035891e-01 3.7897275048294006e+01 17
1 0 1 1 2.7375294033657849e-02 1.9792939870405375e-02 1.0001347939998779e+00 6.4404214925014303e-02 3.4386507437561831e-01 3.7947275046128681e+01 17
1 0 1 1 2.7352633124586339e-02 1.9779356076238892e-02 1.0001362655024668e+00 6.4380951036897782e-02 3.4486252243944521e-01 3.7997275043963818e+01 17
1 0 1 1 2.7330034929430987e-02 1.9765815651540498e-02 1.0001377376958998e+00 6.4357835944938047e-02 3.4585957092631958e-01 3.8047275041802173e+01 17
1 0 1 1 2.7307499639663380e-02 1.9752318647871504e-02 1.0001392102522233e+00 6.4334869346348467e-02 3.4685621579926812e-01 3.8097275039614566e+01 17
1 0 1 1 2.7285027443324388e-02 1.9738865115319595e-02 1.0001406828395332e+00 6.4312050937321730e-02 3.4785245305211426e-01 3.8147275037451891e+01 17
1 0 1 1 2.7262618525125067e-02 1.9725455102553472e-02 1.0001421551220968e+00 6.4289380413108027e-02 3.4884827870536378e-01 3.8197275035237645e+01 17
1 0 1 1 2.7240273066351479e-02 1.9712088656765554e-02 1.0001436267604953e+00 6.4266857467904892e-02 3.4984368881201766e-01 3.8247275033057392e+01 17
1 0 1 1 2.7217991245018919e-02 1.9698765823757666e-02 1.0001450974117523e+00 6.4244481794991731e-02 3.5083867945113845e-01 3.8297275030834577e+01 16
1 0 1 1 2.7195773235775031e-02 1.9685486647884162e-02 1.0001465667294867e+00 6.4222253086609171e-02 3.5183324673335564e-01 3.8347275028601906e+01 16
1 0 1 1 2.7173619209979186e-02 1.9672251172092571e-02 1.0001480343640574e+00 6.4200171034025533e-02 3.5282738679804404e-01 3.8397275026358933e+01 16
1 0 1 1 2.7151529335713877e-02 1.9659059437931451e-02 1.0001494999627190e+00 6.4178235327523758e-02 3.5382109581402049e-01 3.8447275024100719e+01 16
1 0 1 1 2.7129503777797038e-02 1.9645911485549502e-02 1.0001509631697809e+00 6.4156445656397276e-02 3.5481436997937427e-01 3.8497275021807951e+01 16
1 0 1 1 2.7107542697781761e-02 1.9632807353698843e-02 1.0001524236267745e+00 6.4134801708926992e-02 3.5580720552284389e-01 3.8547275019508405e+01 16
1 0 1 1 2.7085646254011289e-02 1.9619747079760344e-02 1.0001538809726198e+00 6.4113303172417702e-02 3.5679959870186112e-01 3.8597275017175640e+01 16
1 0 1 1 2.7063814601596660e-02 1.9606730699728077e-02 1.0001553348438028e+00 6.4091949733155573e-02 3.5779154580434419e-01 3.8647275014813466e+01 16
1 0 1 1 2.7042047892448504e-02 1.9593758248229943e-02 1.0001567848745552e+00 6.4070741076417470e-02 3.5878304314853809e-01 3.8697275012439576e+01 16
1 0 1 1 2.7020346275310601e-02 1.9580829758537803e-02 1.0001582306970354e+00 6.4049676886486329e-02 3.5977408708158481e-01 3.8747275010010881e+01 16
1 0 1 1 2.6998709895718832e-02 1.9567945262546679e-02 1.0001596719415229e+00 6.4028756846591067e-02 3.6076467398304213e-01 3.8797275007591068e+01 16
1 0 1 1 2.6977138896113331e-02 1.9555104790836754e-02 1.0001611082366049e+00 6.4007980638989270e-02 3.6175480025978052e-01 3.8847275005086331e+01 16
1 0 1 1 2.6955633415714077e-02 1.9542308372594318e-02 1.0001625392093827e+00 6.3987347944834017e-02 3.6274446235274643e-01 3.8897275002581267e+01 16
1 0 1 1 2.6934193590669134e-02 1.9529556035702209e-02 1.0001639644856648e+00 6.3966858444290842e-02 3.6373365673120528e-01 3.8947275000037060e+01 16
1 0 1 1 2.6912819553994848e-02 1.9516847806697820e-02 1.0001653836901776e+00 6.3946511816461549e-02 3.6472237989574918e-01 3.8997274997437515e+01 16
1 0 1 1 2.6891511435587798e-02 1.9504183710780158e-02 1.0001667964467758e+00 6.3926307739372135e-02 3.6571062837876472e-01 3.9047274994802237e+01 16
1 0 1 1 2.6870269362258618e-02 1.9491563771825749e-02 1.0001682023786529e+00 6.3906245889988722e-02 3.6669839874357291e-01 3.9097274992135773e+01 16
1 0 1 1 2.6849093457748500e-02 1.9478988012397620e-02 1.0001696011085590e+00 6.3886325944208233e-02 3.6768568758437792e-01 3.9147274989414342e+01 16
1 0 1 1 2.6827983842714721e-02 1.9466456453732909e-02 1.0001709922590223e+00 6.3866547576823668e-02 3.6867249152751841e-01 3.9197274986640188e+01 16
1 0 1 1 2.6806940634748599e-02 1.9453969115753190e-02 1.0001723754525711e+00 6.3846910461522743e-02 3.6965880723161926e-01 3.9247274983838928e+01 16
1 0 1 1 2.6785963602727014e-02 1.9441523674935693e-02 1.0001737516573594e+00 6.3827414270904492e-02 3.7064464519933771e-01 3.9297275547406713e+01 16
1 0 1 1 2.6765053159329727e-02 1.9429117760108066e-02 1.0001751221237170e+00 6.3808059338213097e-02 3.7162998496485578e-01 3.9347275638679520e+01 16
1 0 1 1 2.6744210307103982e-02 1.9416756666205539e-02 1.0001764835074736e+00 6.3788845441421604e-02 3.7261478637054030e-01 3.9397273678373175e+01 16
1 0 1 1 2.6723432941884513e-02 1.9404439097534434e-02 1.0001778355763928e+00 6.3769770215694882e-02 3.7359915070514144e-01 3.9447274973022317e+01 16
1 0 1 1 2.6702723061965535e-02 1.9392166191577964e-02 1.0001791778315210e+00 6.3750835074279255e-02 3.7458298512978222e-01 3.9497274969966043e+01 16
1 0 1 1 2.6682080226837768e-02 1.9379937640155023e-02 1.0001805099341201e+00 6.3732039187365863e-02 3.7556631204786006e-01 3.9547274966831758e+01 15
1 0 1 1 2.6661504533069855e-02 1.9367753454029444e-02 1.0001818315118201e+00 6.3713382220803694e-02 3.7654912834426668e-01 3.9597274963663750e+01 15
1 0 1 1 2.6640996074283732e-02 1.9355613642695304e-02 1.0001831421940668e+00 6.3694863839277360e-02 3.7753143093552732e-01 3.9647274960416240e+01 15
1 0 1 1 2.6620554941101326e-02 1.9343518214349424e-02 1.0001844416123673e+00 6.3676483706235798e-02 3.7851321677351119e-01 3.9697274957127277e+01 15
1 0 1 1 2.6600181221215810e-02 1.9331467175925272e-02 1.0001857294005272e+00 6.3658241483931677e-02 3.7949448284192561e-01 3.9747274953731335e+01 15
1 0 1 1 2.6579874999303480e-02 1.9319460533044223e-02 1.0001870051948960e+00 6.3640136833329697e-02 3.8047522616212709e-01 3.9797274950342164e+01 15
1 0 1 1 2.6559636357192919e-02 1.9307498290109852e-02 1.0001882686346006e+00 6.3622169414225771e-02 3.8145544378471852e-01 3.9847274946813329e+01 15
1 0 1 1 2.6539465373667179e-02 1.9295580450189601e-02 1.0001895193617971e+00 6.3604338885059175e-02 3.8243513280023222e-01 3.9897274943272365e+01 15
1 0 1 1 2.6519362124664252e-02 1.9283707015132205e-02 1.0001907570219009e+00 6.3586644903062983e-02 3.8341429032989666e-01 3.9947274939636735e+01 15
1 0 1 1 2.6499326683155053e-02 1.9271877985493149e-02 1.0001919812638322e+00 6.3569087124135726e-02 3.8439291353217486e-01 3.9997274935936332e+01 15
1 0 1 1 2.6479359119205674e-02 1.9260093360567204e-02 1.0001931917402525e+00 6.3551665202879803e-02 3.8537099960031884e-01 4.0047274932179121e+01 15
1 0 1 1 2.6459459499990186e-02 1.9248353138397529e-02 1.0001943881077990e+00 6.3534378792587054e-02 3.8634854576249383e-01 4.0097274928343573e+01 15
1 0 1 1 2.6439627889774667e-02 1.9236657315761109e-02 1.0001955700273235e+00 6.3517227545204474e-02 3.8732554928298174e-01 4.0147274924430661e+01 15
1 0 1 1 2.6419864349926131e-02 1.9225005888172452e-02 1.0001967371641221e+00 6.3500211111326754e-02 3.8830200746256932e-01 4.0197274920473461e+01 15
1 0 1 1 2.6400168938966160e-02 1.9213398849914857e-02 1.0001978891881642e+00 6.3483329140214484e-02 3.8927791763640796e-01 4.0247274916414653e+01 15
1 0 1 1 2.6380541712498862e-02 1.9201836193992537e-02 1.0001990257743243e+00 6.3466581279720435e-02 3.9025327717824621e-01 4.0297274912315899e+01 15
1 0 1 1 2.6360982723313373e-02 1.9190317912191612e-02 1.0002001466026011e+00 6.3449967176348820e-02 3.9122808349584653e-01 4.0347274908110009e+01 15
1 0 1 1 2.6341492021291220e-02 1.9178843995021677e-02 1.0002012513583436e+00 6.3433486475165224e-02 3.9220233403642912e-01 4.0397274903872315e+01 15
1 0 1 1 2.6322069653521390e-02 1.9167414431782232e-02 1.0002023397324622e+00 6.3417138819870211e-02 3.9317602628152110e-01 4.0447274899545597e+01 15
1 0 1 1 2.6302715664230730e-02 1.9156029210518004e-02 1.0002034114216483e+00 6.3400923852719032e-02 3.9414915775080156e-01 4.0497274895128655e+01 15
1 0 1 1 2.6283430094797746e-02 1.9144688318026782e-02 1.0002044661285803e+00 6.3384841214522814e-02 3.9512172600252421e-01 4.0547274890689437e+01 15
1 0 1 1 2.6264212983842784e-02 1.9133391739908572e-02 1.0002055035621260e+00 6.3368890544697576e-02 3.9609372862930758e-01 4.0597274886139679e+01 15
1 0 1 1 2.6245063294906053e-02 1.9122139460499902e-02 1.0002065234375468e+00 6.3353071481162287e-02 3.9706516326435110e-01 4.0647274881547460e+01 15
1 0 1 1 2.6225972376043700e-02 1.9110931462937849e-02 1.0002075254766885e+00 6.3337383660409835e-02 3.9803602757639045e-01 4.0697274876869088e+01 15
1 0 1 1 2.6206950092803598e-02 1.9099767729122193e-02 1.0002085094081736e+00 6.3321826717443047e-02 3.9900631927323771e-01 4.0747274872125089e+01 15
1 0 1 1 2.6187996472240734e-02 1.9088648239740238e-02 1.0002094749675834e+00 6.3306400285793596e-02 3.9997603610074278e-01 4.0797274867338629e+01 15
1 0 1 1 2.6169111538670065e-02 1.9077572974278638e-02 1.0002104218976338e+00 6.3291103997529352e-02 4.0094517584117229e-01 4.0847274862448266e+01 15
1 0 1 1 2.6150295313602773e-02 1.9066541910988156e-02 1.0002113499483529e+00 6.3275937483190603e-02 4.0191373631795235e-01 4.0897274857544616e+01 15
1 0 1 1 2.6131547815873544e-02 1.9055555026952126e-02 1.0002122588772384e+00 6.3260900371873430e-02 4.0288171538918105e-01 4.0947274852532274e+01 15
1 0 1 1 2.6112869061527912e-02 1.9044612298020208e-02 1.0002131484494250e+00 6.3245992291124209e-02 4.0384911095454823e-01 4.0997274847480959e+01 15
1 0 1 1 2.6094259063925443e-02 1.9033713698863818e-02 1.0002140184378296e+00 6.3231212867012387e-02 4.0481592095063851e-01 4.1047274842381334e+01 15
1 0 1 1 2.6075717833730326e-02 1.9022859202970543e-02 1.0002148686233001e+00 6.3216561724102727e-02 4.0578214335224422e-01 4.1097274837206825e+01 15
1 0 1 1 2.6057245378898412e-02 1.9012048782630579e-02 1.0002156987947530e+00 6.3202038485434042e-02 4.0674777617351049e-01 4.1147274831972744e+01 15
1 0 1 1 2.6038841704708420e-02 1.9001282408954916e-02 1.0002165087493049e+00 6.3187642772532304e-02 4.0771281746749616e-01 4.1197274826710050e+01 15
1 0 1 1 2.6020506813804616e-02 1.8990560051896102e-02 1.0002172982923929e+00 6.3173374205429345e-02 4.0867726532449478e-01 4.1247274821377445e+01 15
1 0 1 1 2.6002240706157437e-02 1.8979881680223049e-02 1.0002180672378940e+00 6.3159232402623777e-02 4.0964111787508839e-01 4.1297274816019147e+01 15
1 0 1 1 2.5984043379144152e-02 1.8969247261563873e-02 1.0002188154082308e+00 6.3145216981124630e-02 4.1060437328630178e-01 4.1347274810565033e+01 15
1 0 1 1 2.5965914827467552e-02 1.8958656762356436e-02 1.0002195426344744e+00 6.3131327556386119e-02 4.1156702976719522e-01 4.1397274805122194e+01 15
1 0 1 1 2.5947855043295991e-02 1.8948110147927296e-02 1.0002202487564316e+00 6.3117563742404459e-02 4.1252908556218348e-01 4.1447274799629390e+01 15
1 0 1 1 2.5929864016200101e-02 1.8937607382450910e-02 1.0002209336227341e+00 6.3103925151653639e-02 4.1349053895506666e-01 4.1497274794067742e+01 15
1 0 1 1 2.5911941733159857e-02 1.8927148428951230e-02 1.0002215970909127e+00 6.3090411395087698e-02 4.1445138826971517e-01 4.1547274788499934e+01 15
1 0 1 1 2.5894088178648664e-02 1.8916733249347062e-02 1.0002222390274644e+00 6.3077022082192236e-02 4.1541163186631175e-01 4.1597274782877960e+01 15
1 0 1 1 2.5876303334578341e-02 1.8906361804417335e-02 1.0002228593079128e+00 6.3063756820940731e-02 4.1637126814543257e-01 4.1647274777260293e+01 15
1 0 1 1 2.5858587180394133e-02 1.8896034053853025e-02 1.0002234578168585e+00 6.3050615217854156e-02 4.1733029554372375e-01 4.1697274771591090e+01 15
1 0 1 1 2.5840939693023385e-02 1.8885749956223712e-02 1.0002240344480231e+00 6.3037596877955959e-02 4.1828871253743666e-01 4.1747274765890388e+01 15
1 0 1 1 2.5823360846919472e-02 1.8875509469000837e-02 1.0002245891042834e+00 6.3024701404803513e-02 4.1924651764146975e-01 4.1797274760210421e+01 15
1 0 1 1 2.5805850614131012e-02 1.8865312548592385e-02 1.0002251216976958e+00 6.3011928400529049e-02 4.2020370940589458e-01 4.1847274754462738e+01 15
1 0 1 1 2.5788408964215713e-02 1.8855159150293337e-02 1.0002256321495180e+00 6.2999277465777354e-02 4.2116028642248737e-01 4.1897274748764730e+01 15
1 0 1 1 2.5771035864401267e-02 1.8845049228370690e-02 1.0002261203902136e+00 6.2986748199815118e-02 4.2211624731608338e-01 4.1947274742999852e+01 15
1 0 1 1 2.5753731160068086e-02 1.8834981998120347e-02 1.0002265869549691e+00 6.2974340200438989e-02 4.2307159590010512e-01 4.1997274945359869e+01 15
1 0 1 1 2.5736494124546129e-02 1.8824951944812471e-02 1.0002270363178110e+00 6.2962053218743819e-02 4.2402635803129296e-01 4.2047276311608933e+01 15
1 0 1 1 2.5719327180609132e-02 1.8814966230195500e-02 1.0002274632669430e+00 6.2949887859014647e-02 4.2498040829889794e-01 4.2097272865905168e+01 15
1 0 1 1 2.5702226814534754e-02 1.8805022784825803e-02 1.0002278678533398e+00 6.2937841256082261e-02 4.2593393845952221e-01 4.2147274722042745e+01 15
1 0 1 1 2.5685195439007217e-02 1.8795122986668061e-02 1.0002282499908131e+00 6.2925914740872058e-02 4.2688681064574868e-01 4.2197274716323939e+01 15
1 0 1 1 2.5668232369419532e-02 1.8785266412562052e-02 1.0002286096780511e+00 6.2914107453883428e-02 4.2783905921833804e-01 4.2247274710594112e+01 15
1 0 1 1 2.5651337556916520e-02 1.8775453009393189e-02 1.0002289469073304e+00 6.2902418985074648e-02 4.2879068305841100e-01 4.2297274704908602e+01 15
1 0 1 1 2.5634510950452532e-02 1.8765682723074700e-02 1.0002292616799455e+00 6.2890848923118498e-02 4.2974168108118327e-01 4.2347274699232685e+01 15
1 0 1 1 2.5617752496770188e-02 1.8755955498531825e-02 1.0002295540061501e+00 6.2879396855388348e-02 4.3069205223824636e-01 4.2397274693575739e+01 15
1 0 1 1 2.5601062140431220e-02 1.8746271279714816e-02 1.0002298239050871e+00 6.2868062367988253e-02 4.3164179551710335e-01 4.2447274687984105e+01 15
1 0 1 1 2.5584439823892163e-02 1.8736630009640161e-02 1.0002300714047154e+00 6.2856845045799636e-02 4.3259090993773824e-01 4.2497274682374723e+01 15
1 0 1 1 2.5567885487428922e-02 1.8727031630343088e-02 1.0002302965417285e+00 6.2845744472442122e-02 4.3353939455848828e-01 4.2547274676861974e+01 15
1 0 1 1 2.5551399069289903e-02 1.8717476082964229e-02 1.0002304993614628e+00 6.2834760230377817e-02 4.3448724846832248e-01 4.2597274671366833e+01 15
1 0 1 1 2.5534980505621863e-02 1.8707963307698878e-02 1.0002306799178047e+00 6.2823891900866791e-02 4.3543447079199815e-01 4.2647274665909109e+01 15
1 0 1 1 2.5518629730528538e-02 1.8698493243831216e-02 1.0002308382730876e+00 6.2813139064013979e-02 4.3638106068832322e-01 4.2697274660531804e+01 15
1 0 1 1 2.5502346676119798e-02 1.8689065829757261e-02 1.0002309744979816e+00 6.2802501298812874e-02 4.3732701734850093e-01 4.2747274655234769e+01 15
1 0 1 1 2.5486131272547782e-02 1.8679681003002584e-02 1.0002310886713808e+00 6.2791978183164870e-02 4.3827233999495574e-01 4.2797274649929754e+01 15
1 0 1 1 2.5469983447935402e-02 1.8670338700177057e-02 1.0002311808802824e+00 6.2781569293852091e-02 4.3921702788703004e-01 4.2847274644763836e+01 15
1 0 1 1 2.5453903128561071e-02 1.8661038857077303e-02 1.0002312512196587e+00 6.2771274206658817e-02 4.4016108031125473e-01 4.2897274639624570e+01 15
1 0 1 1 2.5437890238743762e-02 1.8651781408617708e-02 1.0002312997923273e+00 6.2761092496310178e-02 4.4110449658954226e-01 4.2947274634594379e+01 15
1 0 1 1 2.5421944700971064e-02 1.8642566288900427e-02 1.0002313267088117e+00 6.2751023736563161e-02 4.4204727607284372e-01 4.2997274629636387e+01 15
1 0 1 1 2.5406066435871223e-02 1.8633393431194582e-02 1.0002313320871998e+00 6.2741067500199726e-02 4.4298941814417753e-01 4.3047274624777273e+01 15
1 0 1 1 2.5390255362282625e-02 1.8624262767973881e-02 1.0002313160529985e+00 6.2731223359075328e-02 4.4393092221553071e-01 4.3097274619963784e+01 15
1 0 1 1 2.5374511397206742e-02 1.8615174230884952e-02 1.0002312787389787e+00 6.2721490884111858e-02 4.4487178773235808e-01 4.3147274615326552e+01 15
1 0 1 1 2.5358834455982540e-02 1.8606127750843950e-02 1.0002312202850230e+00 6.2711869645403873e-02 4.4581201416398941e-01 4.3197274610691665e+01 15
1 0 1 1 2.5343224452109105e-02 1.8597123257931711e-02 1.0002311408379618e+00 6.2702359212135378e-02 4.4675160101613731e-01 4.3247274606270274e+01 15
1 0 1 1 2.5327681297507572e-02 1.8588160681541725e-02 1.0002310405514125e+00 6.2692959152745281e-02 4.4769054781628898e-01 4.3297274601903894e+01 15
1 0 1 1 2.5312204585281588e-02 1.8579239950287485e-02 1.0002309195856114e+00 6.2683669034845485e-02 4.4862885412341569e-01 4.3347274597606948e+01 16
1 0 1 1 2.5296785059779687e-02 1.8570360992032783e-02 1.0002307781072397e+00 6.2674488425279062e-02 4.4956651952703969e-01 4.3397274593540786e+01 16
1 0 1 1 2.5281432181017957e-02 1.8561523733987090e-02 1.0002306162892547e+00 6.2665416890227921e-02 4.5050354363730888e-01 4.3447274589509078e+01 16
1 0 1 1 2.5266145853890573e-02 1.8552728102600738e-02 1.0002304343107087e+00 6.2656453995125205e-02 4.5143992609754685e-01 4.3497274585651127e+01 16
1 0 1 1 2.5250925981805443e-02 1.8543974023668214e-02 1.0002302323565717e+00 6.2647599304781310e-02 4.5237566657367873e-01 4.3547274581904773e+01 16
1 0 1 1 2.5235772466621422e-02 1.8535261422289465e-02 1.0002300106175483e+00 6.2638852383363308e-02 4.5331076475971321e-01 4.3597274578323386e+01 16
1 0 1 1 2.5220685208745274e-02 1.8526590222922995e-02 1.0002297692898967e+00 6.2630212794461293e-02 4.5424522037290938e-01 4.3647274574841667e+01 16
1 0 1 1 2.5205664107075573e-02 1.8517960349349993e-02 1.0002295085752380e+00 6.2621680101080157e-02 4.5517903315893238e-01 4.3697274571578362e+01 16
1 0 1 1 2.5190709059156827e-02 1.8509371724756533e-02 1.0002292286803742e+00 6.2613253865735741e-02 4.5611220288306825e-01 4.3747274568392719e+01 16
1 0 1 1 2.5175819961057468e-02 1.8500824271665002e-02 1.0002289298170957e+00 6.2604933650405481e-02 4.5704472933981222e-01 4.3797274565420459e+01 16
1 0 1 1 2.5160996707540292e-02 1.8492317912023729e-02 1.0002286122019937e+00 6.2596719016639657e-02 4.5797661234304138e-01 4.3847274562576622e+01 16
1 0 1 1 2.5146239191989658e-02 1.8483852567164956e-02 1.0002282760562675e+00 6.2588609525536520e-02 4.5890785173219523e-01 4.3897274559910251e+01 16
1 0 1 1 2.5131547306492325e-02 1.8475428157846197e-02 1.0002279216055350e+00 6.2580604737806772e-02 4.5983844736854146e-01 4.3947274557431633e+01 16
1 0 1 1 2.5116920941865139e-02 1.8467044604264075e-02 1.0002275490796395e+00 6.2572704213803232e-02 4.6076839913474893e-01 4.3997274555114011e+01 16
1 0 1 1 2.5102359987668656e-02 1.8458701826056353e-02 1.0002271587124589e+00 6.2564907513540269e-02 4.6169770693492135e-01 4.4047274552922367e+01 16
1 0 1 1 2.5087864332185291e-02 1.8450399742290041e-02 1.0002267507417111e+00 6.2557214196710842e-02 4.6262637069816087e-01 4.4097274551029820e+01 16
1 0 1 1 2.5073433862603158e-02 1.8442138271560538e-02 1.0002263254087658e+00 6.2549623822795164e-02 4.6355439036756879e-01 4.4147274549252835e+01 16
1 0 1 1 2.5059068464870722e-02 1.8433917331904831e-02 1.0002258829584496e+00 6.2542135950997474e-02 4.6448176591080392e-01 4.4197274547644824e+01 16
1 0 1 1 2.5044768023789958e-02 1.8425736840854065e-02 1.0002254236388566e+00 6.2534750140319062e-02 4.6540849731573569e-01 4.4247274546287322e+01 16
1 0 1 1 2.5030532423088527e-02 1.8417596715471305e-02 1.0002249477011587e+00 6.2527465949613559e-02 4.6633458458718136e-01 4.4297274545139686e+01 16
1 0 1 1 2.5016361545412633e-02 1.8409496872341464e-02 1.0002244553994164e+00 6.2520282937594707e-02 4.6726002774807757e-01 4.4347274544129043e+01 16
1 0 1 1 2.5002255272299212e-02 1.8401437227555627e-02 1.0002239469903897e+00 6.2513200662842550e-02 4.6818482684301788e-01 4.4397274543364489e+01 17
1 0 1 1 2.4988213484284896e-02 1.8393417696769953e-02 1.0002234227333529e+00 6.2506218683881232e-02 4.6910898193258393e-01 4.4447274542857137e+01 17
1 0 1 1 2.4974236060926989e-02 1.8385438195212801e-02 1.0002228828899098e+00 6.2499336559202257e-02 4.7003249309282735e-01 4.4497274542517694e+01 17
1 0 1 1 2.4960322880759746e-02 1.8377498637659171e-02 1.0002223277238085e+00 6.2492553847261267e-02 4.7095536041973235e-01 4.4547274542420773e+01 17
1 0 1 1 2.4946473821401430e-02 1.8369598938486206e-02 1.0002217575007639e+00 6.2485870106543773e-02 4.7187758402292668e-01 4.4597274542490702e+01 17
1 0 1 1 2.4932688759476376e-02 1.8361739011630039e-02 1.0002211724882715e+00 6.2479284895555709e-02 4.7279916403284034e-01 4.4647274542912193e+01 17
1 0 1 1 2.4918967570808678e-02 1.8353918770689294e-02 1.0002205729554392e+00 6.2472797772927746e-02 4.7372010058850100e-01 4.4697274543494771e+01 17
1 0 1 1 2.4905309531126997e-02 1.8346135454368466e-02 1.0002199611595819e+00 6.2466408297359277e-02 4.7464042781543597e-01 4.4747276173803975e+01 17
1 0 1 1 2.4891715566811190e-02 1.8338388481692131e-02 1.0002193383391387e+00 6.2460116650768033e-02 4.7556007197067918e-01 4.4797275318243976e+01 17
1 0 1 1 2.4878185760604365e-02 1.8330681349257753e-02 1.0002187017765118e+00 6.2453922066433576e-02 4.7647902824242472e-01 4.4847272022830161e+01 17
1 0 1 1 2.4864717755238550e-02 1.8323012699147160e-02 1.0002180516383428e+00 6.2447823089672366e-02 4.7739744864571121e-01 4.4897274550795629e+01 17
1 0 1 1 2.4851313677561410e-02 1.8315383727329760e-02 1.0002173883059107e+00 6.2441820307961804e-02 4.7831517996894229e-01 4.4947274552556422e+01 17
1 0 1 1 2.4837972716358181e-02 1.8307793956545779e-02 1.0002167120213967e+00 6.2435912970480401e-02 4.7923226885967374e-01 4.4997274554613959e+01 17
1 0 1 1 2.4824694741790866e-02 1.8300243297696528e-02 1.0002160230599788e+00 6.2430100637273972e-02 4.8014871555564032e-01 4.5047274556924741e+01 17
1 0 1 1 2.4811479623283464e-02 1.8292731661364407e-02 1.0002153216971641e+00 6.2424382868673856e-02 4.8106452030836072e-01 4.5097274559527790e+01 17
1 0 1 1 2.4798327229597145e-02 1.8285258957851536e-02 1.0002146082086378e+00 6.2418759225338960e-02 4.8197968337869823e-01 4.5147274562324029e+01 18
1 0 1 1 2.4785237428734098e-02 1.8277825097126513e-02 1.0002138828701066e+00 6.2413229268244441e-02 4.8289420504545005e-01 4.5197274565565863e+01 18
1 0 1 1 2.4772210088186721e-02 1.8270429988959246e-02 1.0002131459571648e+00 6.2407792558792030e-02 4.8380808558824961e-01 4.5247274568945357e+01 18
1 0 1 1 2.4759245074684605e-02 1.8263073542778584e-02 1.0002123977451365e+00 6.2402448658721216e-02 4.8472132530672796e-01 4.5297274572659731e+01 18
1 0 1 1 2.4746342254400960e-02 1.8255755667786110e-02 1.0002116385089455e+00 6.2397197130215076e-02 4.8563392450714521e-01 4.5347274576701956e+01 18
1 0 1 1 2.4733501492925282e-02 1.8248476272937242e-02 1.0002108685229756e+00 6.2392037535902889e-02 4.8654588350516198e-01 4.5397274581032889e+01 18
1 0 1 1 2.4720722655257838e-02 1.8241235266939514e-02 1.0002100880609370e+00 6.2386969438873757e-02 4.8745720262762732e-01 4.5447274585695659e+01 18
1 0 1 1 2.4708005605886835e-02 1.8234032558290168e-02 1.0002092973957422e+00 6.2381992402713943e-02 4.8836788220749999e-01 4.5497274590558163e+01 18
1 0 1 1 2.4695350208661059e-02 1.8226868055205833e-02 1.0002084967993672e+00 6.2377105991486104e-02 4.8927792259467351e-01 4.5547274595925323e+01 18
1 0 1 1 2.4682756327069882e-02 1.8219741665775366e-02 1.0002076865427494e+00 6.2372309769842038e-02 4.9018732413628963e-01 4.5597274601477388e+01 18
1 0 1 1 2.4670223823971379e-02 1.8212653297808409e-02 1.0002068668956490e+00 6.2367603302936253e-02 4.9109608719772546e-01 4.5647274607437829e+01 18
1 0 1 1 2.4657752561832433e-02 1.8205602858965605e-02 1.0002060381265498e+00 6.2362986156527689e-02 4.9200421214589229e-01 4.5697274613675134e+01 18
1 0 1 1 2.4645342402585979e-02 1.8198590256678158e-02 1.0002052005025361e+00 6.2358457896946773e-02 4.9291169936070794e-01 4.5747274620350872e+01 18
1 0 1 1 2.4632993207801657e-02 1.8191615398241618e-02 1.0002043542891965e+00 6.2354018091164781e-02 4.9381854922349594e-01 4.5797274627296630e+01 19
1 0 1 1 2.4620704838544089e-02 1.8184678190736429e-02 1.0002034997505096e+00 6.2349666306759005e-02 4.9472476212850175e-01 4.5847274634663577e+01 19
1 0 1 1 2.4608477155520884e-02 1.8177778541106162e-02 1.0002026371487531e+00 6.2345402111977949e-02 4.9563033847251309e-01 4.5897274642369290e+01 19
1 0 1 1 2.4596310019016576e-02 1.8170916356120899e-02 1.0002017667444016e+00 6.2341225075727758e-02 4.9653527866083852e-01 4.5947274650440185e+01 19
1 0 1 1 2.4584203288912802e-02 1.8164091542387947e-02 1.0002008887960339e+00 6.2337134767599667e-02 4.9743958310687708e-01 4.5997274659004013e+01 19
1 0 1 1 2.4572156824816636e-02 1.8157304006419513e-02 1.0002000035602532e+00 6.2333130757913413e-02 4.9834325222286679e-01 4.6047274667793218e+01 19
1 0 1 1 2.4560170485833775e-02 1.8150553654506959e-02 1.0001991112915833e+00 6.2329212617664886e-02 4.9924628643829350e-01 4.6097274677176600e+01 19
1 0 1 1 2.4548244130879172e-02 1.8143840392892636e-02 1.0001982122424087e+00 6.2325379918636736e-02 5.0014868617717645e-01 4.6147274686917150e+01 19
1 0 1 1 2.4536369428255815e-02 1.8137164127669858e-02 1.0001973066628851e+00 6.2321632233340724e-02 5.0105045187136676e-01 4.6197274696920118e+01 19
1 0 1 1 2.4524554120219710e-02 1.8130524764738802e-02 1.0001963948008536e+00 6.2317969135024437e-02 5.0195158396826978e-01 4.6247274707676866e+01 19
1 0 1 1 2.4512798431086252e-02 1.8123922210019058e-02 1.0001954769018009e+00 6.2314390197787645e-02 5.0285208290241967e-01 4.6297274718697977e+01 19
1 0 1 1 2.4501102218038646e-02 1.8117356369230810e-02 1.0001945532087608e+00 6.2310894996472466e-02 5.0375194912456289e-01 4.6347274730142537e+01 20
1 0 1 1 2.4489465337969783e-02 1.8110827147984739e-02 1.0001936239622602e+00 6.2307483106732842e-02 5.0465118309202472e-01 4.6397274742292517e+01 20
1 0 1 1 2.4477887647689184e-02 1.8104334451890917e-02 1.0001926894002751e+00 6.2304154105088327e-02 5.0554978525224381e-01 4.6447274754651239e+01 20
1 0 1 1 2.4466369003500025e-02 1.8097878186324915e-02 1.0001917497581372e+00 6.2300907568829000e-02 5.0644775607734549e-01 4.6497274767876434e+01 20
1 0 1 1 2.4454909261763948e-02 1.8091458256741084e-02 1.0001908052685258e+00 6.2297743076170697e-02 5.0734509602012945e-01 4.6547274781341486e+01 20
1 0 1 1 2.4443508278382511e-02 1.8085074568380034e-02 1.0001898561613740e+00 6.2294660206120872e-02 5.0824180555518661e-01 4.6597274795436334e+01 20
1 0 1 1 2.4432165909121843e-02 1.8078727026452832e-02 1.0001889026638464e+00 6.2291658538584621e-02 5.0913788515484704e-01 4.6647274810236311e+01 20
1 0 1 1 2.4420882009615695e-02 1.8072415536138753e-02 1.0001879450002944e+00 6.2288737654365156e-02 5.1003333528888317e-01 4.6697274825495953e+01 20
1 0 1 1 2.4409656435178808e-02 1.8066140002480274e-02 1.0001869833921981e+00 6.2285897135130719e-02 5.1092815644028988e-01 4.6747274841540154e+01 20
1 0 1 1 2.4398489041109906e-02 1.8059900330552471e-02 1.0001860180581548e+00 6.2283136563485081e-02 5.1182234908134683e-01 4.6797274857933012e+01 21
1 0 1 1 2.4387379682280091e-02 1.8053696425230817e-02 1.0001850492138051e+00 6.2280455522890688e-02 5.1271591370766367e-01 4.6847274875393772e+01 21
1 0 1 1 2.4376328213685652e-02 1.8047528191501596e-02 1.0001840770718493e+00 6.2277853597800914e-02 5.1360885079425134e-01 4.6897274893344751e+01 21
1 0 1 1 2.4365334489976586e-02 1.8041395534194364e-02 1.0001831018419760e+00 6.2275330373552928e-02 5.1450116083375164e-01 4.6947274912060742e+01 21
1 0 1 1 2.4354398365717150e-02 1.8035298358129052e-02 1.0001821237308577e+00 6.2272885436436221e-02 5.1539284431618315e-01 4.6997274931541533e+01 21
1 0 1 1 2.4343519695302674e-02 1.8029236568067732e-02 1.0001811429421181e+00 6.2270518373682998e-02 5.1628390173621919e-01 4.7047274951928351e+01 21
1 0 1 1 2.4332698333026887e-02 1.8023210068751523e-02 1.0001801596763162e+00 6.2268228773491308e-02 5.1717433358840492e-01 4.7097274973242875e+01 21
1 0 1 1 2.4321934133122260e-02 1.8017218764922245e-02 1.0001791741309320e+00 6.2266016225027337e-02 5.1806414036379655e-01 4.7147274995203333e+01 21
1 0 1 1 2.4311226949496754e-02 1.8011262561175388e-02 1.0001781865003236e+00 6.2263880318392056e-02 5.1895332257284021e-01 4.7197275018518823e+01 22
1 0 1 1 2.4300576636250914e-02 1.8005341362247271e-02 1.0001771969757625e+00 6.2261820644716859e-02 5.1984188070255721e-01 4.7247275042486734e+01 22
1 0 1 1 2.4289983047061165e-02 1.7999455072670378e-02 1.0001762057453627e+00 6.2259836796059731e-02 5.2072981526856188e-01 4.7297275067927067e+01 22
1 0 1 1 2.4279446035824492e-02 1.7993603597132320e-02 1.0001752129941330e+00 6.2257928365521270e-02 5.2161712676150240e-01 4.7347275094170961e+01 22
1 0 1 1 2.4268965456023427e-02 1.7987786840121582e-02 1.0001742189039080e+00 6.2256094947145624e-02 5.2250381570115412e-01 4.7397275122115538e+01 22
1 0 1 1 2.4258541161423248e-02 1.7982004706315169e-02 1.0001732236534113e+00 6.2254336136033928e-02 5.2338988257754526e-01 4.7447275150907650e+01 22
1 0 1 1 2.4248173005316471e-02 1.7976257100155886e-02 1.0001722274181788e+00 6.2252651528230701e-02 5.2427532791571685e-01 4.7497275181605467e+01 22
1 0 1 1 2.4237860841281107e-02 1.7970543926276276e-02 1.0001712303706309e+00 6.2251040720846473e-02 5.2516015221166079e-01 4.7547275213563573e+01 23
1 0 1 1 2.4227604522531917e-02 1.7964865089136573e-02 1.0001702326800113e+00 6.2249503311965687e-02 5.2604435598823585e-01 4.7597275247597942e+01 23
1 0 1 1 2.4217403173181648e-02 1.7959219324727563e-02 1.0001692349153546e+00 6.2248038900732189e-02 5.2692800101939785e-01 4.7647278697895828e+01 23
1 0 1 1 2.4207255274112934e-02 1.7953602294761607e-02 1.0001682392377220e+00 6.2246647384784581e-02 5.2781119915624441e-01 4.7697291636256558e+01 23
1 0 1 1 2.4197173178675122e-02 1.7948025099755977e-02 1.0001672443667660e+00 6.2245329427668528e-02 5.2869286931210924e-01 4.7747253074292530e+01 23
1 0 1 1 2.4187134049355775e-02 1.7942475093034864e-02 1.0001662482192852e+00 6.2244081683815372e-02 5.2957499747807335e-01 4.7797275532720782e+01 24
1 0 1 1 2.4177154547637407e-02 1.7936961475208516e-02 1.0001652526110321e+00 6.2242905920659397e-02 5.3045611213555499e-01 4.7847275578259726e+01 24
1 0 1 1 2.4167230015555131e-02 1.7931481655975450e-02 1.0001642572468477e+00 6.2241801167245009e-02 5.3133660922768078e-01 4.7897275626450515e+01 24
1 0 1 1 2.4157360305823800e-02 1.7926035539504004e-02 1.0001632622748435e+00 6.2240767028823363e-02 5.3221648929621479e-01 4.7947275678813803e+01 24
1 0 1 1 2.4147545271612537e-02 1.7920623030240165e-02 1.0001622678401152e+00 6.2239803111732606e-02 5.3309575284075306e-01 4.7997275734442923e+01 24
1 0 1 1 2.4137784765413686e-02 1.7915244032282358e-02 1.0001612740846408e+00 6.2238909023302258e-02 5.3397440042046185e-01 4.8047275795793801e+01 25
1 0 1 1 2.4128078640423729e-02 1.7909898450142969e-02 1.0001602811474399e+00 6.2238084371973895e-02 5.3485243253014525e-01 4.8097275861636049e+01 25
1 0 1 1 2.4124202710899267e-02 1.7907764778316963e-02 1.0001598833412286e+00 6.2237773181552034e-02 5.3520426123271070e-01 4.8117320794934258e+01 25
1 0 1 1 2.4120190229142385e-02 1.7905556523091216e-02 1.0001594707466959e+00 6.2237461992686129e-02 5.3556921619839737e-01 4.8138119529475915e+01 25
1 0 1 1 2.4116024916153139e-02 1.7903264793464671e-02 1.0001590416101411e+00 6.2237150805376167e-02 5.3594886319928614e-01 4.8159761995681066e+01 34
1 0 1 1 2.4106440606135152e-02 1.7897994043649477e-02 1.0001580510073844e+00 6.2236480942820971e-02 5.3682551164459613e-01 4.8209762019221657e+01 25
1 0 1 1 2.4096910194973523e-02 1.7892756396604422e-02 1.0001570616534381e+00 6.2235879251682225e-02 5.3770154669885184e-01 4.8259762069906365e+01 25
1 0 1 1 2.4091527510225995e-02 1.7889799765966937e-02 1.0001565009975444e+00 6.2235568072285967e-02 5.3819824778990333e-01 4.8288127047898428e+01 25
