isScalarized | massIncreased | isMonotoneInside | isMonotoneOutside | mass_Baryon | mass_ADM | AST(radius) | radius  |  phi_c | rho_c | ctr |
1 1 1 1 3.3443939206707553e-02 2.4850141344281072e-02 1.0000000016127124e+00 8.3700699999985612e-02 1.1929371089879222e-03 1.9378435744853856e+01 37
1 1 1 1 3.3443812192776347e-02 2.4850060936420119e-02 1.0000000027519660e+00 8.3700449999985618e-02 1.5583079140964163e-03 1.9378144731725538e+01 31
1 1 1 1 3.3443685177505435e-02 2.4849980527855187e-02 1.0000000038912451e+00 8.3700199999985625e-02 1.8529712797331209e-03 1.9377853739503443e+01 29
1 1 1 1 3.3443558160894386e-02 2.4849900118585910e-02 1.0000000050305495e+00 8.3699949999985632e-02 2.1068070561670389e-03 1.9377562768187161e+01 27
1 1 1 1 3.3441431704798144e-02 2.4848553963477883e-02 1.0000000241062663e+00 8.3695765002485628e-02 4.6106169211486787e-03 1.9372695015222302e+01 23
1 1 1 1 3.3439304977826718e-02 2.4847207677506006e-02 1.0000000431881617e+00 8.3691580214235506e-02 6.1695479945497221e-03 1.9367833362554098e+01 22
1 1 1 1 3.3437177978431008e-02 2.4845861259951224e-02 1.0000000622762530e+00 8.3687395635224787e-02 7.4064323417930584e-03 1.9362977808337856e+01 21
1 1 1 1 3.3435050705065576e-02 2.4844514710096813e-02 1.0000000813705578e+00 8.3683211265443022e-02 8.4636601453737317e-03 1.9358128350704536e+01 21
1 1 1 1 3.3420348057238938e-02 2.4835209176228459e-02 1.0000002134436430e+00 8.3654311675982029e-02 1.3680828685257686e-02 1.9324795034581179e+01 28
1 1 1 1 3.3405501921219938e-02 2.4825814912270983e-02 1.0000003469883882e+00 8.3625167345788731e-02 1.7408561421422955e-02 1.9291461782338267e+01 28
1 1 1 1 3.3390508264363808e-02 2.4816329508445423e-02 1.0000004820470232e+00 8.3595772355324838e-02 2.0477313795406661e-02 1.9258128607342385e+01 24
1 1 1 1 3.3375362902247484e-02 2.4806750464219981e-02 1.0000006186633534e+00 8.3566120563108193e-02 2.3150823349525850e-02 1.9224795480437795e+01 20
1 1 1 1 3.3360061505872424e-02 2.4797075193132092e-02 1.0000007568827054e+00 8.3536205623655657e-02 2.5553620028188499e-02 1.9191462360201015e+01 15
1 1 1 1 3.3344599620402128e-02 2.4787301034896767e-02 1.0000008967517671e+00 8.3506021027957289e-02 2.7756258930598281e-02 1.9158129246920737e+01 13
1 1 1 1 3.3328972640077122e-02 2.4777425239822130e-02 1.0000010383188240e+00 8.3475560058352494e-02 2.9803306335777120e-02 1.9124796140866053e+01 12
1 1 1 1 3.3313175801467032e-02 2.4767444964833581e-02 1.0000011816338328e+00 8.3444815779647463e-02 3.1725045223714173e-02 1.9091463042347190e+01 12
1 1 1 1 3.3297204176310408e-02 2.4757357269259376e-02 1.0000013267484955e+00 8.3413781029667677e-02 3.3543166787689552e-02 1.9058129951679369e+01 12
1 1 1 1 3.3281052663976782e-02 2.4747159110396107e-02 1.0000014737163418e+00 8.3382448409345444e-02 3.5273841495756152e-02 1.9024796869186943e+01 12
1 1 1 1 3.3264715983506457e-02 2.4736847338825228e-02 1.0000016225928126e+00 8.3350810272277143e-02 3.6929508728593838e-02 1.8991463795222700e+01 12
1 1 1 1 3.3248188665177335e-02 2.4726418693449784e-02 1.0000017734353501e+00 8.3318858713672950e-02 3.8519983518399137e-02 1.8958130730157595e+01 12
1 1 1 1 3.3231465041593931e-02 2.4715869796256982e-02 1.0000019263034938e+00 8.3286585558698834e-02 4.0053174178356979e-02 1.8924797674366253e+01 12
1 1 1 1 3.3214539238276733e-02 2.4705197146785474e-02 1.0000020812589796e+00 8.3253982350204869e-02 4.1535565996157479e-02 1.8891464628270967e+01 12
1 1 1 1 3.3197405163647171e-02 2.4694397116231549e-02 1.0000022383658460e+00 8.3221040335672070e-02 4.2972557951728392e-02 1.8858131592287254e+01 12
1 1 1 1 3.3180056498479500e-02 2.4683465941255697e-02 1.0000023976905479e+00 8.3187750453506848e-02 4.4368703610111727e-02 1.8824798566877586e+01 12
1 1 1 1 3.3162486684661506e-02 2.4672399717375778e-02 1.0000025593020747e+00 8.3154103318452688e-02 4.5727887560052513e-02 1.8791465552512854e+01 12
1 1 1 1 3.3144688913309121e-02 2.4661194391983537e-02 1.0000027232720778e+00 8.3120089206209280e-02 4.7053457300784661e-02 1.8758132549702957e+01 12
1 1 1 1 3.3126656112119908e-02 2.4649845756913757e-02 1.0000028896750039e+00 8.3085698037089650e-02 4.8348323609549430e-02 1.8724799558976603e+01 12
1 1 1 1 3.3108380931967808e-02 2.4638349440576451e-02 1.0000030585882376e+00 8.3050919358732350e-02 4.9615038138275731e-02 1.8691466580904979e+01 12
1 1 1 1 3.3089855732616885e-02 2.4626700899561683e-02 1.0000032300922537e+00 8.3015742327718856e-02 5.0855854262054044e-02 1.8658133616066340e+01 12
1 1 1 1 3.3071072567580385e-02 2.4614895409758562e-02 1.0000034042707766e+00 8.2980155690146357e-02 5.2072775398077170e-02 1.8624800665119491e+01 12
1 1 1 1 3.3052023167914051e-02 2.4602928056833395e-02 1.0000035812109536e+00 8.2944147760835529e-02 5.3267593826989722e-02 1.8591467728705997e+01 12
1 1 1 1 3.3032698925059702e-02 2.4590793726169832e-02 1.0000037610035346e+00 8.2907706401426418e-02 5.4441922199757395e-02 1.8558134807551298e+01 12
1 1 1 1 3.3013090872457865e-02 2.4578487092073983e-02 1.0000039437430683e+00 8.2870818996901935e-02 5.5597219365205848e-02 1.8524801902397652e+01 12
1 1 1 1 3.2993189665998714e-02 2.4566002606312080e-02 1.0000041295281086e+00 8.2833472430713317e-02 5.6734811721666605e-02 1.8491469014044956e+01 12
1 1 1 1 3.2972985563109271e-02 2.4553334485840277e-02 1.0000043184614342e+00 8.2795653058221230e-02 5.7855911018009576e-02 1.8458136143341473e+01 12
1 1 1 1 3.2952468400420439e-02 2.4540476699712460e-02 1.0000045106502859e+00 8.2757346678393906e-02 5.8961629306678448e-02 1.8424803291188066e+01 12
1 1 1 1 3.2931627569878288e-02 2.4527422955072108e-02 1.0000047062066177e+00 8.2718538503607331e-02 6.0052991595878791e-02 1.8391470458526690e+01 12
1 1 1 1 3.2910451993203631e-02 2.4514166682183224e-02 1.0000049052473656e+00 8.2679213127450191e-02 6.1130946625392528e-02 1.8358137646399879e+01 12
1 1 1 1 3.2888930094457529e-02 2.4500701018351372e-02 1.0000051078947370e+00 8.2639354490174122e-02 6.2196376110507219e-02 1.8324804855866518e+01 12
1 1 1 1 3.2867049770727470e-02 2.4487018790746939e-02 1.0000053142765173e+00 8.2598945841935612e-02 6.3250102712279238e-02 1.8291472088098168e+01 12
1 1 1 1 3.2844798360574828e-02 2.4473112497920411e-02 1.0000055245264026e+00 8.2557969703261680e-02 6.4292896960864626e-02 1.8258139344321176e+01 12
1 1 1 1 3.2822162610200295e-02 2.4458974289988118e-02 1.0000057387843528e+00 8.2516407822801063e-02 6.5325483298734985e-02 1.8224806625848231e+01 12
1 1 1 1 3.2799128637043450e-02 2.4444595947309494e-02 1.0000059571969742e+00 8.2474241131979570e-02 6.6348545389883232e-02 1.8191473934086584e+01 12
1 1 1 1 3.2775681890609101e-02 2.4429968857556921e-02 1.0000061799179270e+00 8.2431449696311332e-02 6.7362730811429988e-02 1.8158141270539303e+01 12
1 1 1 1 3.2751807110259129e-02 2.4415083991001542e-02 1.0000064071083667e+00 8.2388012663089399e-02 6.8368655224047059e-02 1.8124808636810773e+01 12
1 1 1 1 3.2727486759202257e-02 2.4399931873882848e-02 1.0000066389374187e+00 8.2343908205134458e-02 6.9366906101611711e-02 1.8091476034621930e+01 12
1 1 1 1 3.2702701150028733e-02 2.4384502559653954e-02 1.0000068755826879e+00 8.2299113460218509e-02 7.0358046088170617e-02 1.8058143465819651e+01 12
1 1 1 1 3.2677436803867928e-02 2.4368785597909032e-02 1.0000071172308107e+00 8.2253604465770846e-02 7.1342616039166612e-02 1.8024810932384998e+01 12
1 1 1 1 3.2651675118615511e-02 2.4352770000772923e-02 1.0000073640780500e+00 8.2207356088430605e-02 7.2321137795560791e-02 1.7991478436440310e+01 12
1 1 1 1 3.2625396514195604e-02 2.4336444206501731e-02 1.0000076163309384e+00 8.2160341947972837e-02 7.3294116732129488e-02 1.7958145980270938e+01 12
1 1 1 1 3.2598580365038932e-02 2.4319796040015995e-02 1.0000078742069747e+00 8.2112534335027354e-02 7.4262044116651646e-02 1.7924813566342063e+01 12
1 1 1 1 3.2571204926757039e-02 2.4302812670045124e-02 1.0000081379353782e+00 8.2063904121978892e-02 7.5225399311998384e-02 1.7891481197296841e+01 12
1 1 1 1 3.2543247256442767e-02 2.4285480562549245e-02 1.0000084077579059e+00 8.2014420666442628e-02 7.6184651847287163e-02 1.7858148875996445e+01 12
1 1 1 1 3.2514683125896032e-02 2.4267785430031191e-02 1.0000086839297420e+00 8.1964051706453600e-02 7.7140263385453087e-02 1.7824816605520621e+01 12
1 1 1 1 3.2485486927041361e-02 2.4249712176273308e-02 1.0000089667204621e+00 8.1912763246623388e-02 7.8092689607659638e-02 1.7791484389205916e+01 12
1 1 1 1 3.2455631568685368e-02 2.4231244836049552e-02 1.0000092564150853e+00 8.1860519434227064e-02 7.9042382037312106e-02 1.7758152230654218e+01 12
1 1 1 1 3.2425088363662133e-02 2.4212366509210541e-02 1.0000095533152182e+00 8.1807282424238376e-02 7.9989789821338905e-02 1.7724820133775243e+01 12
1 1 1 1 3.2393826905287172e-02 2.4193059288557264e-02 1.0000098577403054e+00 8.1753012232031297e-02 8.0935361489161001e-02 1.7691488102796622e+01 12
1 1 1 1 3.2361814931928676e-02 2.4173304180775436e-02 1.0000101700289945e+00 8.1697666572503991e-02 8.1879546704941922e-02 1.7658156142324668e+01 12
1 1 1 1 3.2329018178254280e-02 2.4153081019608814e-02 1.0000104905406295e+00 8.1641200683957915e-02 8.2822798033719405e-02 1.7624824257354923e+01 12
1 1 1 1 3.2295400211664292e-02 2.4132368370398463e-02 1.0000108196568884e+00 8.1583567135157908e-02 8.3765572736640759e-02 1.7591492453324982e+01 12
1 1 1 1 3.2260922252095543e-02 2.4111143424942250e-02 1.0000111577835777e+00 8.1524715613544241e-02 8.4708334614667688e-02 1.7558160736171768e+01 12
1 1 1 1 3.2225542973115209e-02 2.4089381885433653e-02 1.0000115053526057e+00 8.1464592692342852e-02 8.5651555920559244e-02 1.7524829112368778e+01 12
1 1 1 1 3.2189218282063121e-02 2.4067057836215273e-02 1.0000118628241541e+00 8.1403141574130644e-02 8.6595719358086673e-02 1.7491497588989528e+01 12
1 1 1 1 3.2151901076521175e-02 2.4044143601727276e-02 1.0000122306890704e+00 8.1340301807941079e-02 8.7541320190786809e-02 1.7458166173781077e+01 12
1 1 1 1 3.2113540974053535e-02 2.4020609588891965e-02 1.0000126094715094e+00 8.1276008976592928e-02 8.8488868484377106e-02 1.7424834875238158e+01 12
1 1 1 1 3.2074084011690686e-02 2.3996424111873988e-02 1.0000129997318548e+00 8.1210194350481157e-02 8.9438891509190474e-02 1.7391503702678850e+01 12
1 1 1 1 3.2033472311110506e-02 2.3971553196861391e-02 1.0000134020699532e+00 8.1142784503547671e-02 9.0391936330967093e-02 1.7358172666361632e+01 12
1 1 1 1 3.1991643704729442e-02 2.3945960364079540e-02 1.0000138171287039e+00 8.1073700886320210e-02 9.1348572625208124e-02 1.7324841777575180e+01 12
1 1 1 1 3.1948531317301507e-02 2.3919606383890870e-02 1.0000142455980481e+00 8.1002859350394418e-02 9.2309395750599696e-02 1.7291511048781683e+01 12
1 1 1 1 3.1904063096573405e-02 2.3892449003233746e-02 1.0000146882194105e+00 8.0930169617558750e-02 9.3275030126735589e-02 1.7258180493746831e+01 12
1 1 1 1 3.1858161285585565e-02 2.3864442638066020e-02 1.0000151457906548e+00 8.0855534685919134e-02 9.4246132964297430e-02 1.7224850127719609e+01 12
1 1 1 1 3.1810741827829107e-02 2.3835538026721885e-02 1.0000156191716203e+00 8.0778850163887583e-02 9.5223398407325702e-02 1.7191519967603831e+01 12
1 1 1 1 3.1761713695029024e-02 2.3805681838195838e-02 1.0000161092903257e+00 8.0700003521623848e-02 9.6207562153432000e-02 1.7158190032183562e+01 12
1 1 1 1 3.1710978125407373e-02 2.3774816228307828e-02 1.0000166171499252e+00 8.0618873247513517e-02 9.7199406631982940e-02 1.7124860342377048e+01 12
1 1 1 1 3.1658427758021516e-02 2.3742878335331792e-02 1.0000171438365328e+00 8.0535327895163100e-02 9.8199766834309532e-02 1.7091530921501285e+01 12
1 1 1 1 3.1603945646249840e-02 2.3709799705257720e-02 1.0000176905280347e+00 8.0449225003981162e-02 9.9209536904363904e-02 1.7058201795624644e+01 12
1 1 1 1 3.1547404129929783e-02 2.3675505634717677e-02 1.0000182585040387e+00 8.0360409872964944e-02 1.0022967762387662e-01 1.7024872993931243e+01 12
1 1 1 1 3.1488663541913764e-02 2.3639914417475098e-02 1.0000188491571287e+00 8.0268714163886090e-02 1.0126122494748238e-01 1.6991544549167330e+01 12
1 1 1 1 3.1427570719704923e-02 2.3602936477377375e-02 1.0000194640056210e+00 8.0173954305285067e-02 1.0230529977791229e-01 1.6958216498143251e+01 12
1 1 1 1 3.1363957286871851e-02 2.3564473367183942e-02 1.0000201047080550e+00 8.0075929663283474e-02 1.0336311920869383e-01 1.6924888882327231e+01 12
1 1 1 1 3.1297637661386463e-02 2.3524416608304417e-02 1.0000207730796822e+00 7.9974420438348875e-02 1.0443600951160462e-01 1.6891561748530972e+01 12
1 1 1 1 3.1228406738669268e-02 2.3482646340976899e-02 1.0000214711112692e+00 7.9869185238885226e-02 1.0552542120685632e-01 1.6858235149692359e+01 12
1 1 1 1 3.1156037185572874e-02 2.3439029747703830e-02 1.0000222009905726e+00 7.9759958272429932e-02 1.0663294662906969e-01 1.6824909145798980e+01 12
1 1 1 1 3.1080276266743433e-02 2.3393419204096939e-02 1.0000229651269075e+00 7.9646446082537653e-02 1.0776034049992182e-01 1.6791583804949745e+01 12
1 1 1 1 3.1000840259609173e-02 2.3345634604853917e-02 1.0000237663525864e+00 7.9528323743975560e-02 1.0890957147803100e-01 1.6758258414246939e+01 12
1 1 1 1 3.0917420308230074e-02 2.3295502456096569e-02 1.0000246074848216e+00 7.9405238867566508e-02 1.1008270206852010e-01 1.6724935757758029e+01 12
1 1 1 1 3.0829654663283218e-02 2.3242817933121402e-02 1.0000254917948954e+00 7.9276777135739496e-02 1.1128224414880196e-01 1.6691612901779486e+01 12
1 1 1 1 3.0737145848279621e-02 2.3187348990181385e-02 1.0000264228894691e+00 7.9142492070092968e-02 1.1251086560301837e-01 1.6658290786193898e+01 13
1 1 1 1 3.0639443567262378e-02 2.3128832774528017e-02 1.0000274047876028e+00 7.9001882229166598e-02 1.1377157842055001e-01 1.6624970162303764e+01 13
1 1 1 1 3.0536033184316167e-02 2.3066968870472836e-02 1.0000284420005041e+00 7.8854379102956867e-02 1.1506782725915220e-01 1.6591650862329058e+01 13
1 1 1 1 3.0426328097522590e-02 2.3001414903934331e-02 1.0000295395599939e+00 7.8699341741412576e-02 1.1640351565437086e-01 1.6558333055918599e+01 13
1 1 1 1 3.0309655375981379e-02 2.2931778142473845e-02 1.0000307030980855e+00 7.8536043085608409e-02 1.1778310602378125e-01 1.6525016935501707e+01 13
1 1 1 1 3.0185239168875357e-02 2.2857605803637094e-02 1.0000319389257128e+00 7.8363655038203750e-02 1.1921172888835320e-01 1.6491702717911870e+01 13
1 1 1 1 3.0052180203765589e-02 2.2778373072028273e-02 1.0000332541180796e+00 7.8181230466718543e-02 1.2069531871282944e-01 1.6458390644960531e+01 13
1 1 1 1 2.9909417890520713e-02 2.2693468192473931e-02 1.0000346566036118e+00 7.7987681464843028e-02 1.2224078416002360e-01 1.6425080982025285e+01 13
1 1 1 1 2.9755673930753148e-02 2.2602173812296247e-02 1.0000361552501513e+00 7.7781753071009818e-02 1.2385622321979989e-01 1.6391774012723104e+01 13
1 1 1 1 2.9589555300409812e-02 2.2503643491641374e-02 1.0000377599361301e+00 7.7561991530777086e-02 1.2555119734262102e-01 1.6358470026639971e+01 13
1 1 1 1 2.9409340169308702e-02 2.2396871970396331e-02 1.0000394815841100e+00 7.7326706131244760e-02 1.2733708383553297e-01 1.6325169294880315e+01 14
1 1 1 1 2.9212970762084817e-02 2.2280657360514874e-02 1.0000413321159594e+00 7.7073923727217775e-02 1.2922753297298950e-01 1.6291872024541121e+01 14
1 1 1 1 2.8997970876300884e-02 2.2153549128725962e-02 1.0000433243339506e+00 7.6801335513088320e-02 1.3123907158378004e-01 1.6258578194029585e+01 14
1 1 1 1 2.8761332791429950e-02 2.2013716448386098e-02 1.0000454729624797e+00 7.6506238822493300e-02 1.3339197350761617e-01 1.6225286242323765e+01 14
1 1 1 1 2.8499448053994330e-02 2.1859116684527519e-02 1.0000477886996226e+00 7.6185509531597306e-02 1.3571074508573869e-01 1.6192001173016124e+01 14
1 1 1 1 2.8207776440785044e-02 2.1687088512754558e-02 1.0000502820636377e+00 7.5835383111892529e-02 1.3822701645561608e-01 1.6158712717105512e+01 14
1 1 1 1 2.7880688031868713e-02 2.1494430782115284e-02 1.0000529565576206e+00 7.5451680512152952e-02 1.4097950391199976e-01 1.6125422838822271e+01 15
1 1 1 1 2.7511569615969411e-02 2.1277160830051572e-02 1.0000558037456193e+00 7.5029645682288454e-02 1.4401811331825928e-01 1.6092123685448669e+01 15
1 1 1 1 2.7092115506218869e-02 2.1030239101483852e-02 1.0000587956043752e+00 7.4564228860019510e-02 1.4740724359392005e-01 1.6058801311307874e+01 15
1 1 1 1 2.6745701025228445e-02 2.0826391535196893e-02 1.0000610444504974e+00 7.4191407715719415e-02 1.5017120473169052e-01 1.6034268300051153e+01 20
1 1 1 1 2.6390576234388285e-02 2.0617530890395148e-02 1.0000631179194093e+00 7.3820450677140811e-02 1.5298488510041475e-01 1.6011450030859798e+01 21
1 1 1 1 2.6025634321109627e-02 2.0402801170809386e-02 1.0000649842654141e+00 7.3451348423755114e-02 1.5587011564286357e-01 1.5990056053747825e+01 22
1 1 1 1 2.5649147811184249e-02 2.0181189371970429e-02 1.0000666009504002e+00 7.3084091681636335e-02 1.5885403602680678e-01 1.5969815286108348e+01 23
1 1 1 1 2.5258512134116028e-02 1.9951332808622532e-02 1.0000679121616949e+00 7.2718671223228157e-02 1.6197248414064991e-01 1.5950461307340300e+01 24
1 1 1 1 2.4850387439947903e-02 1.9710978800470749e-02 1.0000688513009044e+00 7.2355077867112011e-02 1.6527645446862829e-01 1.5931709231733302e+01 25
1 1 1 1 2.4419078481163779e-02 1.9456977455305689e-02 1.0000693126250300e+00 7.1993302477776452e-02 1.6884318481952706e-01 1.5913224854657111e+01 28
1 1 1 1 2.3955129802778492e-02 1.9183651902988482e-02 1.0000691373964663e+00 7.1633335965387568e-02 1.7280433903525888e-01 1.5894541977432565e+01 30
1 1 1 1 2.3618216285567480e-02 1.8986129864845557e-02 1.0000683492901710e+00 7.1393335965387564e-02 1.7585266067485555e-01 1.5893918115005988e+01 61
1 1 1 1 2.3591697700462506e-02 1.8970454192142074e-02 1.0000682842356403e+00 7.1375335965387560e-02 1.7609313694708142e-01 1.5892981029773471e+01 55
1 1 1 1 2.3581331447797945e-02 1.8964326732883667e-02 1.0000682580398241e+00 7.1368335965387567e-02 1.7618735084739343e-01 1.5892615515663589e+01 44
1 1 1 1 2.3570934635479622e-02 1.8958181350523670e-02 1.0000682313326150e+00 7.1361335965387573e-02 1.7628196272911864e-01 1.5892249369957506e+01 55
1 1 1 1 2.3516966492471536e-02 1.8926284039463011e-02 1.0000680856646449e+00 7.1325335965387579e-02 1.7677504892849147e-01 1.5890355835953407e+01 47
1 1 1 1 2.3515455101013296e-02 1.8925390806228602e-02 1.0000680814143008e+00 7.1324335965387578e-02 1.7678890631502589e-01 1.5890302975388193e+01 48
1 1 0 0 2.3507887904557330e-02 1.8920918638722448e-02 1.0000680599929535e+00 7.1319335965387573e-02 -1.7685832739934251e-01 1.5890038450573288e+01 55
1 1 0 0 2.3503339344505745e-02 1.8918230507561411e-02 1.0000680470036949e+00 7.1316335965387570e-02 -1.7690008808032409e-01 1.5889879556449545e+01 47
1 1 0 0 2.3495744550196304e-02 1.8913742165747219e-02 1.0000680251256890e+00 7.1311335965387565e-02 -1.7696987099437028e-01 1.5889614430180153e+01 52
1 1 0 0 2.3486607702616024e-02 1.8908342621957529e-02 1.0000679984905392e+00 7.1305335965387559e-02 -1.7705391355051950e-01 1.5889295771917974e+01 44
1 1 0 0 2.3483556436978092e-02 1.8906539463398354e-02 1.0000679895189089e+00 7.1303335965387557e-02 -1.7708200191819215e-01 1.5889189428000039e+01 47
1 1 0 0 2.3435890379174540e-02 1.8878372893352233e-02 1.0000678443468589e+00 7.1272335965387554e-02 -1.7752225711161693e-01 1.5887532807832782e+01 45
1 1 0 0 2.3421917091090969e-02 1.8870116570918662e-02 1.0000677999901495e+00 7.1263335965387559e-02 -1.7765184882061433e-01 1.5887048806131826e+01 47
1 1 0 0 2.3418803423555078e-02 1.8868276859325416e-02 1.0000677899942858e+00 7.1261335965387557e-02 -1.7768075908706352e-01 1.5886941055672754e+01 44
1 1 0 0 2.3415686637687890e-02 1.8866435321713254e-02 1.0000677799475026e+00 7.1259335965387555e-02 -1.7770971054213150e-01 1.5886833233505342e+01 46
1 1 0 0 2.3406317428236373e-02 1.8860899670258665e-02 1.0000677494995673e+00 7.1253335965387549e-02 -1.7779681402161282e-01 1.5886509332186984e+01 48
1 1 0 0 2.3370133852115040e-02 1.8839522612084072e-02 1.0000676284164205e+00 7.1230335965387553e-02 -1.7813426056787862e-01 1.5885261465299708e+01 49
1 1 0 0 2.3362210042852018e-02 1.8834841583939037e-02 1.0000676011556944e+00 7.1225335965387548e-02 -1.7820838466288438e-01 1.5884988830658731e+01 45
1 1 1 1 2.3341508326596386e-02 1.8822612498383118e-02 1.0000675286633545e+00 7.1212335965387549e-02 1.7840243235505160e-01 1.5884277606561477e+01 54
1 1 0 0 2.3315825833111672e-02 1.8807442269337785e-02 1.0000674361604835e+00 7.1196335965387547e-02 -1.7864396526710541e-01 1.5883397368436592e+01 47
1 1 0 0 2.3299656540109945e-02 1.8797892001998582e-02 1.0000673764535137e+00 7.1186335965387551e-02 -1.7879649126156780e-01 1.5882844362444869e+01 46
1 1 1 1 2.3283393894208977e-02 1.8788287134218328e-02 1.0000673152504180e+00 7.1176335965387555e-02 1.7895026240741518e-01 1.5882289069191561e+01 50
1 1 0 0 2.3273590486138755e-02 1.8782497417724579e-02 1.0000672777958564e+00 7.1170335965387549e-02 -1.7904313693850407e-01 1.5881954762925471e+01 46
1 1 0 0 2.3270314926398715e-02 1.8780562976352149e-02 1.0000672651871541e+00 7.1168335965387547e-02 -1.7907419877582398e-01 1.5881843135260631e+01 47
1 1 0 0 2.3258819518114607e-02 1.8773774335740897e-02 1.0000672205632115e+00 7.1161335965387554e-02 -1.7918332905906018e-01 1.5881451668468253e+01 47
1 1 0 0 2.3200590914520730e-02 1.8739391807689233e-02 1.0000669855068849e+00 7.1126335965387560e-02 -1.7973904968516172e-01 1.5879475426019550e+01 54
1 1 0 0 2.3195539143107333e-02 1.8736409232453538e-02 1.0000669643982236e+00 7.1123335965387557e-02 -1.7978749833997967e-01 1.5879304488502301e+01 54
1 1 1 1 2.3153045007637062e-02 1.8711323074410067e-02 1.0000667822631861e+00 7.1098335965387560e-02 1.8019656771710740e-01 1.5877869783063428e+01 47
1 1 1 1 2.3146178214176538e-02 1.8707269727901734e-02 1.0000667520593136e+00 7.1094335965387556e-02 1.8026293171769450e-01 1.5877638468267765e+01 50
1 1 0 0 2.3120253791106597e-02 1.8691968103863889e-02 1.0000666360777390e+00 7.1079335965387555e-02 -1.8051414560913900e-01 1.5876766467605949e+01 51
1 1 0 0 2.3106311936252975e-02 1.8683739805953066e-02 1.0000665724214217e+00 7.1071335965387561e-02 -1.8064968774652596e-01 1.5876298347808252e+01 58
1 1 0 0 2.3101062453017518e-02 1.8680641767420254e-02 1.0000665482194377e+00 7.1068335965387558e-02 -1.8070080415499673e-01 1.5876122237010028e+01 49
1 1 0 0 2.3095801183168563e-02 1.8677536848942824e-02 1.0000665238345017e+00 7.1065335965387555e-02 -1.8075208017847338e-01 1.5875945811946487e+01 46
1 1 0 0 2.3078176997513564e-02 1.8667136564998497e-02 1.0000664412089262e+00 7.1055335965387559e-02 -1.8092417406770686e-01 1.5875355410887614e+01 54
1 1 0 0 2.3074635904011809e-02 1.8665047020987435e-02 1.0000664244322257e+00 7.1053335965387557e-02 -1.8095881328235386e-01 1.5875236894342173e+01 48
1 1 1 1 2.3071089307277314e-02 1.8662954265556492e-02 1.0000664075704702e+00 7.1051335965387555e-02 1.8099352716538572e-01 1.5875118229649239e+01 55
1 1 0 0 2.3040715697905747e-02 1.8645033081712191e-02 1.0000662607360402e+00 7.1034335965387552e-02 -1.8129168520893352e-01 1.5874103427238170e+01 59
1 1 1 1 2.3029895560199919e-02 1.8638649595663425e-02 1.0000662073728601e+00 7.1028335965387546e-02 1.8139827749700585e-01 1.5873742542577139e+01 59
1 1 0 0 2.3022652214886734e-02 1.8634376486064735e-02 1.0000661713382448e+00 7.1024335965387542e-02 -1.8146974624948572e-01 1.5873501135109219e+01 48
1 1 0 0 2.3013563768281609e-02 1.8629015114385791e-02 1.0000661257699113e+00 7.1019335965387537e-02 -1.8155954885012146e-01 1.5873198436507021e+01 62
1 1 0 0 2.3006265167529048e-02 1.8624709778930746e-02 1.0000660888891275e+00 7.1015335965387533e-02 -1.8163177034570382e-01 1.5872955512396272e+01 46
1 1 0 0 2.3004436603099164e-02 1.8623631162449736e-02 1.0000660796090870e+00 7.1014335965387532e-02 -1.8164987908057556e-01 1.5872894673578939e+01 48
1 1 1 1 2.2980519589590933e-02 1.8609524205799314e-02 1.0000659567453318e+00 7.1001335965387533e-02 1.8188728009840663e-01 1.5872099743024751e+01 56
1 1 0 0 2.2952574333082162e-02 1.8593043659771286e-02 1.0000658096732893e+00 7.0986335965387531e-02 -1.8216596766232149e-01 1.5871172823679517e+01 59
1 1 0 0 2.2946938636045272e-02 1.8589720362051729e-02 1.0000657795512746e+00 7.0983335965387528e-02 -1.8222234319925826e-01 1.5870986135670339e+01 45
1 1 0 0 2.2943172638131133e-02 1.8587499662814647e-02 1.0000657593356974e+00 7.0981335965387526e-02 -1.8226004827076597e-01 1.5870861428171883e+01 50
1 1 0 0 2.2907030202031359e-02 1.8566190065428364e-02 1.0000655617686245e+00 7.0962335965387521e-02 -1.8262325461012888e-01 1.5869666404558236e+01 61
1 1 0 0 2.2868228966339787e-02 1.8543318169491237e-02 1.0000653424263788e+00 7.0942335965387515e-02 -1.8301596338388801e-01 1.5868386994436834e+01 45
1 1 0 0 2.2848516130566026e-02 1.8531700395051687e-02 1.0000652280839717e+00 7.0932335965387519e-02 -1.8321661291227867e-01 1.5867738343150704e+01 47
1 1 0 0 2.2798243540504137e-02 1.8502079330242276e-02 1.0000649274944975e+00 7.0907335965387522e-02 -1.8373189524181033e-01 1.5866088060020555e+01 48
1 1 0 0 2.2796201472790219e-02 1.8500876349496344e-02 1.0000649150091214e+00 7.0906335965387521e-02 -1.8375293693265854e-01 1.5866021141651496e+01 45
1 1 1 1 2.2788008025823765e-02 1.8496049776392416e-02 1.0000648646957313e+00 7.0902335965387517e-02 1.8383745183646974e-01 1.5865752731808282e+01 55
1 1 0 0 2.2761092394101082e-02 1.8480196468670440e-02 1.0000646969471891e+00 7.0889335965387518e-02 -1.8411609609748500e-01 1.5864871982509396e+01 50
1 1 1 1 2.2737957571034584e-02 1.8466572677562295e-02 1.0000645497142233e+00 7.0878335965387521e-02 1.8435686092390141e-01 1.5864116122278286e+01 51
1 1 0 0 2.2735837289971254e-02 1.8465324196402719e-02 1.0000645360785374e+00 7.0877335965387520e-02 -1.8437898603654804e-01 1.5864046901332141e+01 43
1 1 0 0 2.2655182071954764e-02 1.8417848462919585e-02 1.0000639994194904e+00 7.0840335965387524e-02 -1.8522826423055880e-01 1.5861419981538685e+01 59
1 1 0 0 2.2648438074630066e-02 1.8413880279234882e-02 1.0000639529409736e+00 7.0837335965387521e-02 -1.8529997084271993e-01 1.5861200855380419e+01 56
1 1 0 0 2.2564685351977455e-02 1.8364621059480821e-02 1.0000633545627031e+00 7.0801335965387527e-02 -1.8619991814382372e-01 1.5858485630010410e+01 50
1 1 0 0 2.2557445633732440e-02 1.8360364937087544e-02 1.0000633009708459e+00 7.0798335965387524e-02 -1.8627855777229174e-01 1.5858251414992180e+01 51
1 1 1 1 2.2479815746814277e-02 1.8314748397588683e-02 1.0000627071476440e+00 7.0767335965387521e-02 1.8713075615685532e-01 1.5855744302573527e+01 55
1 1 1 1 2.2409936591166892e-02 1.8273721698341513e-02 1.0000621418515148e+00 7.0741335965387522e-02 1.8791266994679345e-01 1.5853493346632906e+01 51
1 1 0 0 2.2325033566351220e-02 1.8223925133005810e-02 1.0000614141990483e+00 7.0712335965387521e-02 -1.8888320143633705e-01 1.5850764018576070e+01 54
1 1 0 0 2.2280524750231824e-02 1.8197844885359322e-02 1.0000610141854434e+00 7.0698335965387521e-02 -1.8940166292064875e-01 1.5849334911289475e+01 52
1 1 0 0 2.2263925171417138e-02 1.8188122933930913e-02 1.0000608616395235e+00 7.0693335965387516e-02 -1.8959682534234565e-01 1.5848802119923093e+01 48
1 1 1 1 2.2253764071915341e-02 1.8182173140541907e-02 1.0000607673477859e+00 7.0690335965387513e-02 1.8971678683375026e-01 1.5848476020415310e+01 53
1 1 0 0 2.2243441350583270e-02 1.8176129744626204e-02 1.0000606708402493e+00 7.0687335965387510e-02 -1.8983904842591473e-01 1.5848144757706292e+01 48
1 1 0 0 2.2229409415746127e-02 1.8167916507706890e-02 1.0000605384896262e+00 7.0683335965387506e-02 -1.9000588406859870e-01 1.5847694493326250e+01 54
1 1 1 1 2.2207732676968028e-02 1.8155232533487029e-02 1.0000603313669123e+00 7.0677335965387500e-02 1.9026509660696464e-01 1.5846998957173000e+01 56
1 1 0 0 2.2111010477425051e-02 1.8098699233905797e-02 1.0000593665812973e+00 7.0653335965387504e-02 -1.9144489024248981e-01 1.5843894795458016e+01 60
1 1 0 0 2.1498986681053180e-02 1.7746559090155205e-02 1.0000514027815779e+00 7.0644335965387509e-02 -2.0015025841818973e-01 1.5823960492892700e+01 47
1 1 0 0 2.1377368110836716e-02 1.7678177737226679e-02 1.0000492872912201e+00 7.0687335965387510e-02 -2.0230964255851180e-01 1.5819788130342808e+01 48
1 1 0 0 2.1312540747508199e-02 1.7642086675358971e-02 1.0000480483355791e+00 7.0720335965387515e-02 -2.0356489007105510e-01 1.5817498832695406e+01 49
1 1 1 1 2.1217626189050938e-02 1.7589869613382127e-02 1.0000460555737625e+00 7.0785335965387511e-02 2.0558029601551714e-01 1.5814030189092520e+01 82
1 1 0 0 2.1212733032066465e-02 1.7587202615611676e-02 1.0000459459953190e+00 7.0789335965387515e-02 -2.0569122440728468e-01 1.5813846640096237e+01 54
1 1 0 0 2.1202035503795957e-02 1.7581381953336098e-02 1.0000457037684509e+00 7.0798335965387510e-02 -2.0593653292180228e-01 1.5813443456997355e+01 51
1 1 1 1 2.1178612228816930e-02 1.7568688029117426e-02 1.0000451599277316e+00 7.0819335965387503e-02 2.0648789310669713e-01 1.5812550908687045e+01 52
1 1 0 0 2.1146487591846074e-02 1.7551405997201057e-02 1.0000443809636463e+00 7.0851335965387507e-02 -2.0727954300176896e-01 1.5811302362613976e+01 52
1 1 0 0 2.1138128042818997e-02 1.7546935919853169e-02 1.0000441713341439e+00 7.0860335965387503e-02 -2.0749306367719028e-01 1.5810972257165879e+01 47
1 1 0 0 2.1134499325048781e-02 1.7544999328216973e-02 1.0000440793812804e+00 7.0864335965387507e-02 -2.0758679594160254e-01 1.5810828236998208e+01 46
1 1 0 0 2.1129152573206064e-02 1.7542150165235134e-02 1.0000439428051706e+00 7.0870335965387513e-02 -2.0772610060898977e-01 1.5810615198495253e+01 54
1 1 0 0 2.1121341529265251e-02 1.7537997402868249e-02 1.0000437408812777e+00 7.0879335965387508e-02 -2.0793225472110599e-01 1.5810302128734108e+01 68
1 1 0 0 2.1112943641364415e-02 1.7533545892022707e-02 1.0000435204789564e+00 7.0889335965387504e-02 -2.0815755665594163e-01 1.5809962984170637e+01 57
1 1 0 0 2.1112119547985558e-02 1.7533109827393704e-02 1.0000434986599696e+00 7.0890335965387505e-02 -2.0817987740010943e-01 1.5809929555704002e+01 47
1 1 0 0 2.1087890693043378e-02 1.7520355224422586e-02 1.0000428408892914e+00 7.0921335965387508e-02 -2.0885430649011669e-01 1.5808934005719161e+01 49
1 1 0 0 2.1061970664366075e-02 1.7506869886048767e-02 1.0000420982947142e+00 7.0958335965387503e-02 -2.0961971099817012e-01 1.5807838141395315e+01 50
1 1 0 0 2.1041824112785754e-02 1.7496524576265056e-02 1.0000414883684174e+00 7.0990335965387508e-02 -2.1025204746774653e-01 1.5806960012758189e+01 64
1 1 1 1 2.1038848127053724e-02 1.7495007963578089e-02 1.0000413955214122e+00 7.0995335965387513e-02 2.1034862552015338e-01 1.5806828060485298e+01 47
1 1 0 0 2.1027934029854208e-02 1.7489474179056060e-02 1.0000410483476869e+00 7.1014335965387518e-02 -2.1071054871931963e-01 1.5806338677267162e+01 53
1 1 0 0 2.1011383824352858e-02 1.7481176297570990e-02 1.0000404999181440e+00 7.1045335965387521e-02 -2.1128499898255376e-01 1.5805578458429109e+01 56
1 1 0 0 2.1004875101371199e-02 1.7477947732035943e-02 1.0000402761292080e+00 7.1058335965387520e-02 -2.1152042546445596e-01 1.5805272758760612e+01 45
1 1 1 1 2.0998606086828617e-02 1.7474858736750535e-02 1.0000400557872704e+00 7.1071335965387519e-02 2.1175283496107175e-01 1.5804974317694960e+01 47
1 1 1 1 2.0996723892710994e-02 1.7473935496116141e-02 1.0000399886623001e+00 7.1075335965387523e-02 2.1182375960859329e-01 1.5804883903146528e+01 58
1 1 0 0 2.0995326386064776e-02 1.7473251302529181e-02 1.0000399385221497e+00 7.1078335965387526e-02 -2.1187677626443446e-01 1.5804816519541628e+01 56
1 1 0 0 2.0992567256599717e-02 1.7471903823043956e-02 1.0000398387586766e+00 7.1084335965387532e-02 -2.1198236153540667e-01 1.5804682836272073e+01 52
1 1 0 0 2.0985002958962700e-02 1.7468233553307944e-02 1.0000395597449687e+00 7.1101335965387535e-02 -2.1227836841744391e-01 1.5804311708996805e+01 48
1 1 1 1 2.0953633561157536e-02 1.7453471772461693e-02 1.0000382977924966e+00 7.1182335965387533e-02 2.1363137717139807e-01 1.5802683873762009e+01 52
1 1 1 1 2.0951928227650796e-02 1.7452695502423135e-02 1.0000382232360299e+00 7.1187335965387538e-02 2.1371209864566906e-01 1.5802590311404511e+01 65
1 1 0 0 2.0944083749441067e-02 1.7449168884184286e-02 1.0000378703056412e+00 7.1211335965387534e-02 -2.1409549657838919e-01 1.5802151391677242e+01 54
1 1 1 1 2.0893481068649532e-02 1.7429597871122249e-02 1.0000348840482649e+00 7.1437335965387538e-02 2.1743837640064684e-01 1.5798707607052908e+01 49
1 1 0 0 2.0892484117649386e-02 1.7429326884875661e-02 1.0000347998091517e+00 7.1444335965387532e-02 -2.1753563239027099e-01 1.5798617724461529e+01 47
1 1 0 0 2.0889543248491970e-02 1.7428588572613903e-02 1.0000345378329500e+00 7.1466335965387526e-02 -2.1783927377308224e-01 1.5798340861942114e+01 49
1 1 1 1 2.0889290146567235e-02 1.7428529851195130e-02 1.0000345142223486e+00 7.1468335965387528e-02 2.1786672878052785e-01 1.5798316109006313e+01 51
1 1 0 0 2.0887466126210581e-02 1.7428133210392355e-02 1.0000343382122256e+00 7.1483335965387529e-02 -2.1807187204331588e-01 1.5798132629786204e+01 55
1 1 1 1 2.0885554688945526e-02 1.7427775553861640e-02 1.0000341409762825e+00 7.1500335965387532e-02 2.1830276405573035e-01 1.5797929232483330e+01 48
1 1 0 0 2.0884002522648219e-02 1.7427539263324694e-02 1.0000339688767697e+00 7.1515335965387533e-02 -2.1850512146141268e-01 1.5797753682631596e+01 54
1 1 0 0 2.0883130546670459e-02 1.7427432500507167e-02 1.0000338664690838e+00 7.1524335965387528e-02 -2.1862593571241173e-01 1.5797650081103631e+01 51
1 1 1 1 2.0881182448510810e-02 1.7427279805459554e-02 1.0000336187699979e+00 7.1546335965387522e-02 2.1891942103771353e-01 1.5797402172187262e+01 47
1 1 0 0 2.0879560142139379e-02 1.7427274183831824e-02 1.0000333857281838e+00 7.1567335965387516e-02 -2.1919721312578824e-01 1.5797172433125123e+01 48
1 0 0 0 2.0879138280242831e-02 1.7427297192011557e-02 1.0000333197405920e+00 7.1573335965387522e-02 -2.1927617337041749e-01 1.5797108004224336e+01 54
1 0 0 0 2.0878041660190600e-02 1.7427420700932419e-02 1.0000331341848885e+00 7.1590335965387525e-02 -2.1949893453986211e-01 1.5796928321713574e+01 50
1 0 1 1 2.0874952313820194e-02 1.7428863823719585e-02 1.0000323704445662e+00 7.1662335965387527e-02 2.2042757294243584e-01 1.5796212441157376e+01 50
1 0 0 0 2.0874213109766736e-02 1.7430653335593366e-02 1.0000318699882709e+00 7.1711335965387521e-02 -2.2104696746297620e-01 1.5795764749058863e+01 64
1 0 1 1 2.0874199271751742e-02 1.7430826987651547e-02 1.0000318297900854e+00 7.1715335965387525e-02 2.2109711325466858e-01 1.5795729548996503e+01 69
1 0 0 0 2.0874193408072717e-02 1.7430959904343561e-02 1.0000317997049166e+00 7.1718335965387528e-02 -2.2113468266602343e-01 1.5795703279599021e+01 59
1 0 0 0 2.0874194701943675e-02 1.7431278926029053e-02 1.0000317297165895e+00 7.1725335965387521e-02 -2.2122221262662792e-01 1.5795642417672267e+01 54
1 0 0 0 2.0874302844284025e-02 1.7432206915752636e-02 1.0000315412163168e+00 7.1744335965387526e-02 -2.2145887834050973e-01 1.5795480248138517e+01 63
1 0 1 1 2.0874356450343828e-02 1.7432466046164663e-02 1.0000314919633122e+00 7.1749335965387531e-02 2.2152094044014231e-01 1.5795438299406362e+01 60
1 0 0 0 2.0875585970972579e-02 1.7435650921971808e-02 1.0000309691116243e+00 7.1803335965387530e-02 -2.2218567381078252e-01 1.5795004068250368e+01 66
1 0 0 0 2.0876377540974062e-02 1.7437075678337598e-02 1.0000307701375628e+00 7.1824335965387523e-02 -2.2244156928079364e-01 1.5794844263861661e+01 58
1 0 0 0 2.0878297040606907e-02 1.7439988859352697e-02 1.0000304068244750e+00 7.1863335965387520e-02 -2.2291317373759004e-01 1.5794560481083536e+01 40
1 0 0 0 2.0880783994566009e-02 1.7443239625433152e-02 1.0000300513085929e+00 7.1902335965387518e-02 -2.2338032249061293e-01 1.5794293111863700e+01 52
1 0 0 0 2.0880998263569841e-02 1.7443503353495905e-02 1.0000300242752649e+00 7.1905335965387521e-02 -2.2341608097198376e-01 1.5794273209478222e+01 58
1 0 0 0 2.0884161689033828e-02 1.7447202257718480e-02 1.0000296680014047e+00 7.1945335965387519e-02 -2.2389056926408357e-01 1.5794016717283846e+01 49
1 0 0 0 2.0884596701779400e-02 1.7447688200916932e-02 1.0000296240041582e+00 7.1950335965387524e-02 -2.2394958877864077e-01 1.5793985802086906e+01 54
1 0 1 1 2.0889418900849308e-02 1.7452828996956861e-02 1.0000291903961804e+00 7.2000335965387519e-02 2.2453641213997019e-01 1.5793690332360175e+01 54
1 0 0 0 2.0889947623925278e-02 1.7453370802742865e-02 1.0000291476598198e+00 7.2005335965387524e-02 -2.2459476889709362e-01 1.5793662134056309e+01 54
1 0 0 0 2.0893177576005964e-02 1.7456610718857561e-02 1.0000289019697712e+00 7.2034335965387525e-02 -2.2493212696605996e-01 1.5793503326310319e+01 49
1 0 1 1 2.0894236064928896e-02 1.7457649675155840e-02 1.0000288264676651e+00 7.2043335965387520e-02 2.2503644853022869e-01 1.5793455670423583e+01 67
1 0 0 0 2.0895688236457984e-02 1.7459059330755818e-02 1.0000287263399659e+00 7.2055335965387518e-02 -2.2517527515200370e-01 1.5793393316770066e+01 52
1 0 0 0 2.0897186748699705e-02 1.7460496646548706e-02 1.0000286268253376e+00 7.2067335965387516e-02 -2.2531380053687761e-01 1.5793332310846306e+01 49
1 0 0 0 2.0897440979863756e-02 1.7460738873063233e-02 1.0000286102987095e+00 7.2069335965387518e-02 -2.2533685926484975e-01 1.5793322273512883e+01 50
1 0 0 0 2.0898600776403230e-02 1.7461838299419066e-02 1.0000285361365762e+00 7.2078335965387513e-02 -2.2544052297647349e-01 1.5793277564117295e+01 74
1 0 1 1 2.0901269788676412e-02 1.7464336217349812e-02 1.0000283725375962e+00 7.2098335965387519e-02 2.2567030844297536e-01 1.5793180879965595e+01 58
1 0 0 0 2.0901956657131383e-02 1.7464972411558456e-02 1.0000283318951440e+00 7.2103335965387524e-02 -2.2572763269521171e-01 1.5793157280504289e+01 60
1 0 0 0 2.0904206904880221e-02 1.7467039455038299e-02 1.0000282025227345e+00 7.2119335965387527e-02 -2.2591075011025297e-01 1.5793083286457687e+01 52
1 0 0 0 2.0904493759148136e-02 1.7467301164964814e-02 1.0000281864239262e+00 7.2121335965387529e-02 -2.2593360595769826e-01 1.5793074199799408e+01 45
1 0 0 0 2.0907579904770358e-02 1.7470093439719968e-02 1.0000280183516181e+00 7.2142335965387522e-02 -2.2617314916710946e-01 1.5792980955611114e+01 55
1 0 1 1 2.0907880851906840e-02 1.7470363570696722e-02 1.0000280024360049e+00 7.2144335965387524e-02 2.2619592124141349e-01 1.5792972280530993e+01 68
1 0 0 0 2.0909403801447145e-02 1.7471725111281814e-02 1.0000279230938414e+00 7.2154335965387520e-02 -2.2630967537481286e-01 1.5792929437573411e+01 60
1 0 0 0 2.0911903313533303e-02 1.7473941109532584e-02 1.0000277969578149e+00 7.2170335965387522e-02 -2.2649132004076561e-01 1.5792862725590009e+01 51
1 0 0 0 2.0914479479249137e-02 1.7476202934301039e-02 1.0000276718089343e+00 7.2186335965387524e-02 -2.2667253078351951e-01 1.5792798257948707e+01 54
1 0 0 0 2.0921425986094592e-02 1.7482205225124701e-02 1.0000273555319339e+00 7.2227335965387524e-02 -2.2713499199581358e-01 1.5792643181139848e+01 55
1 0 0 0 2.0924449873115605e-02 1.7484779896679643e-02 1.0000272262195415e+00 7.2244335965387527e-02 -2.2732598341192722e-01 1.5792583101758044e+01 54
1 0 0 0 2.0927187025384729e-02 1.7487092962052642e-02 1.0000271129926441e+00 7.2259335965387528e-02 -2.2749415227094205e-01 1.5792532122762317e+01 58
1 0 0 0 2.0929422980696985e-02 1.7488971082681951e-02 1.0000270229931776e+00 7.2271335965387526e-02 -2.2762845600106932e-01 1.5792492702651511e+01 48
1 0 1 1 2.0942857544758275e-02 1.7500071216240053e-02 1.0000265225343670e+00 7.2339335965387525e-02 2.2838586868671315e-01 1.5792291916589710e+01 57
1 0 0 0 2.0946204542636675e-02 1.7502794347383558e-02 1.0000264070795182e+00 7.2355335965387527e-02 -2.2856324255411428e-01 1.5792250187439912e+01 49
1 0 0 0 2.0949837143519660e-02 1.7505733447107992e-02 1.0000262853450725e+00 7.2372335965387530e-02 -2.2875137640913717e-01 1.5792208124690820e+01 51
1 0 0 0 2.0955766983202506e-02 1.7510497532852175e-02 1.0000260939563150e+00 7.2399335965387529e-02 -2.2904951776538790e-01 1.5792146104326777e+01 49
1 0 0 0 2.0959145700180870e-02 1.7513194795481371e-02 1.0000259886509786e+00 7.2414335965387530e-02 -2.2921481782693873e-01 1.5792114170726675e+01 56
1 0 0 0 2.0962815555934239e-02 1.7516111362139330e-02 1.0000258771187229e+00 7.2430335965387532e-02 -2.2939088685845951e-01 1.5792082082659398e+01 66
1 0 1 1 2.0963511191599702e-02 1.7516662735869850e-02 1.0000258562968807e+00 7.2433335965387535e-02 2.2942387174719334e-01 1.5792076292326549e+01 59
1 0 0 0 2.0965377815872127e-02 1.7518140015819292e-02 1.0000258009107421e+00 7.2441335965387529e-02 -2.2951178910277581e-01 1.5792061199774755e+01 57
1 0 1 1 2.0966082140493756e-02 1.7518696597384458e-02 1.0000257801928112e+00 7.2444335965387532e-02 2.2954474241715173e-01 1.5792055670531917e+01 65
1 0 0 0 2.0967024915721808e-02 1.7519440909338078e-02 1.0000257526127627e+00 7.2448335965387536e-02 -2.2958866702240749e-01 1.5792048408760072e+01 52
1 0 0 0 2.0972284992968975e-02 1.7523579470276645e-02 1.0000256018125222e+00 7.2470335965387531e-02 -2.2982999039035804e-01 1.5792010721895007e+01 48
1 0 0 0 2.0973012050025264e-02 1.7524149678507853e-02 1.0000255813647791e+00 7.2473335965387534e-02 -2.2986286463659419e-01 1.5792005877466552e+01 56
1 0 0 0 2.0973498053544169e-02 1.7524530595958706e-02 1.0000255677483123e+00 7.2475335965387536e-02 -2.2988477644236971e-01 1.5792002687054378e+01 50
1 0 0 0 2.0976929104362805e-02 1.7527214419720098e-02 1.0000254727756712e+00 7.2489335965387536e-02 -2.3003806311868433e-01 1.5791981231109910e+01 55
1 0 0 0 2.0992203827285665e-02 1.7539058420509901e-02 1.0000250724271429e+00 7.2549335965387540e-02 -2.3069323385004331e-01 1.5791906564447670e+01 51
1 0 1 1 2.1007558928831629e-02 1.7550816442627806e-02 1.0000247018414006e+00 7.2606335965387542e-02 2.3131331295460647e-01 1.5791861383764598e+01 56
1 0 0 0 2.1012014937760004e-02 1.7554204394174246e-02 1.0000245994759205e+00 7.2622335965387544e-02 -2.3148701869051030e-01 1.5791853179915387e+01 53
1 0 0 0 2.1014266722124975e-02 1.7555912634248709e-02 1.0000245485612056e+00 7.2630335965387538e-02 -2.3157381935844865e-01 1.5791849811558425e+01 47
1 0 0 0 2.1017959568036156e-02 1.7558708737564419e-02 1.0000244662029769e+00 7.2643335965387537e-02 -2.3171479980482612e-01 1.5791845379562467e+01 60
1 0 0 0 2.1027226549102117e-02 1.7565697572072624e-02 1.0000242654482681e+00 7.2675335965387541e-02 -2.3206148282159195e-01 1.5791839954407237e+01 57
1 0 0 0 2.1030766211194079e-02 1.7568357105102794e-02 1.0000241908804297e+00 7.2687335965387539e-02 -2.3219137266228354e-01 1.5791839927570225e+01 60
1 1 0 0 2.1030173831260143e-02 1.7567912388064669e-02 1.0000242032815418e+00 7.2685335965387537e-02 -2.3216972846950462e-01 1.5791839856079669e+01 56
