1 1 1 1 3.3195442003101698e-02 2.4771215856383009e-02 1.0000000065236716e+00 8.4154599999985619e-02 3.3865868071318449e-03 1.8982695620652372e+01 28
1 1 1 1 3.3195340903732273e-02 2.4771147713230478e-02 1.0000000070046962e+00 8.4154349999985625e-02 3.5091321355176252e-03 1.8982395274049200e+01 21
1 1 1 1 3.3195239801803722e-02 2.4771079568786332e-02 1.0000000074857416e+00 8.4154099999985632e-02 3.6275332019311099e-03 1.8982094954267165e+01 21
1 1 1 1 3.3195138697315316e-02 2.4771011423049712e-02 1.0000000079668083e+00 8.4153849999985639e-02 3.7421833947729995e-03 1.8981794661306484e+01 22
1 1 1 1 3.3195037590267311e-02 2.4770943276021331e-02 1.0000000084478959e+00 8.4153599999985645e-02 3.8534175275930747e-03 1.8981494395163004e+01 22
1 1 1 1 3.3193335501386576e-02 2.4769796118400869e-02 1.0000000165481115e+00 8.4149392319985652e-02 5.3908747983881476e-03 1.8976444723075158e+01 22
1 1 1 1 3.3191632770651527e-02 2.4768648651244226e-02 1.0000000246539011e+00 8.4145184850369648e-02 6.5771994899691075e-03 1.8971402895087099e+01 22
1 1 1 1 3.3189929396413125e-02 2.4767500873786687e-02 1.0000000327652738e+00 8.4140977591127125e-02 7.5791095575875218e-03 1.8966368905443542e+01 21
1 1 1 1 3.3178566178179970e-02 2.4759847216302519e-02 1.0000000869406707e+00 8.4112957164879987e-02 1.2310508208434535e-02 1.8933035598622634e+01 32
1 1 1 1 3.3167053677715302e-02 2.4752098678143084e-02 1.0000001419416822e+00 8.4084651010813416e-02 1.5683990354618333e-02 1.8899702386417236e+01 30
1 1 1 1 3.3155387266905506e-02 2.4744252426471672e-02 1.0000001977944855e+00 8.4056051557332701e-02 1.8459903646607476e-02 1.8866369289089196e+01 25
1 1 1 1 3.3143562120218420e-02 2.4736305507632693e-02 1.0000002545263937e+00 8.4027150910220061e-02 2.0878191612296843e-02 1.8833036263617441e+01 21
1 1 1 1 3.3131573220946342e-02 2.4728254852031444e-02 1.0000003121658376e+00 8.3997940877168720e-02 2.3051881928189563e-02 1.8799703249193641e+01 17
1 1 1 1 3.3119415380514980e-02 2.4720097287765839e-02 1.0000003707422833e+00 8.3968413023904620e-02 2.5044929875858837e-02 1.8766370246306231e+01 14
1 1 1 1 3.3107083207408738e-02 2.4711829520450583e-02 1.0000004302863941e+00 8.3938558607756952e-02 2.6897701363733945e-02 1.8733037255497166e+01 12
1 1 1 1 3.3094571096758792e-02 2.4703448126987725e-02 1.0000004908300921e+00 8.3908368562622793e-02 2.8637611771124331e-02 1.8699704277319796e+01 12
1 1 1 1 3.3081873219299632e-02 2.4694949548961006e-02 1.0000005524066269e+00 8.3877833483084585e-02 3.0284292618483998e-02 1.8666371312377237e+01 12
1 1 1 1 3.3068983509602155e-02 2.4686330085603288e-02 1.0000006150506451e+00 8.3846943607494062e-02 3.1852377019557669e-02 1.8633038361294766e+01 12
1 1 1 1 3.3055895653557529e-02 2.4677585886317750e-02 1.0000006787982672e+00 8.3815688800048027e-02 3.3353121812381425e-02 1.8599705424738161e+01 12
1 1 1 1 3.3042603075040887e-02 2.4668712942710735e-02 1.0000007436871681e+00 8.3784058531719274e-02 3.4795410191859708e-02 1.8566372503409397e+01 12
1 1 1 1 3.3029098921694422e-02 2.4659707080102785e-02 1.0000008097566631e+00 8.3752041859987192e-02 3.6186401567070793e-02 1.8533039598068179e+01 12
1 1 1 1 3.3015376049740787e-02 2.4650563948461553e-02 1.0000008770478008e+00 8.3719627407218833e-02 3.7531969437098474e-02 1.8499706709493154e+01 12
1 1 1 1 3.3001427007800954e-02 2.4641279012746924e-02 1.0000009456034613e+00 8.3686803337722493e-02 3.8837006128702396e-02 1.8466373838544236e+01 12
1 1 1 1 3.2987244019559214e-02 2.4631847542571025e-02 1.0000010154684618e+00 8.3653557333178641e-02 4.0105640777508826e-02 1.8433040986103240e+01 12
1 1 1 1 3.2972818965262898e-02 2.4622264601164144e-02 1.0000010866896683e+00 8.3619876566536411e-02 4.1341398959022321e-02 1.8399708153128767e+01 12
1 1 1 1 3.2958143361892275e-02 2.4612525033556185e-02 1.0000011593161178e+00 8.3585747674062960e-02 4.2547322010909522e-02 1.8366375340632771e+01 12
1 1 1 1 3.2943208341927308e-02 2.4602623453922581e-02 1.0000012333991470e+00 8.3551156725513220e-02 4.3726057838605711e-02 1.8333042549699613e+01 12
1 1 1 1 3.2928004630572764e-02 2.4592554232020718e-02 1.0000013089925321e+00 8.3516089192198550e-02 4.4879931130789079e-02 1.8299709781471975e+01 12
1 1 1 1 3.2912522521328563e-02 2.4582311478638139e-02 1.0000013861526369e+00 8.3480529912847212e-02 4.6010998429815611e-02 1.8266377037176042e+01 12
1 1 1 1 3.2896751849741855e-02 2.4571889029974245e-02 1.0000014649385736e+00 8.3444463056998819e-02 4.7121091882985001e-02 1.8233044318127519e+01 12
1 1 1 1 3.2880681965170959e-02 2.4561280430835147e-02 1.0000015454123765e+00 8.3407872085734469e-02 4.8211854408699926e-02 1.8199711625717509e+01 12
1 1 1 1 3.2864301700419110e-02 2.4550478916572450e-02 1.0000016276391863e+00 8.3370739709571318e-02 4.9284768263139461e-02 1.8166378961447283e+01 12
1 1 1 1 3.2847599338999542e-02 2.4539477393617278e-02 1.0000017116874520e+00 8.3333047843170860e-02 5.0341178478370899e-02 1.8133046326905227e+01 12
1 1 1 1 3.2830562579857885e-02 2.4528268418516550e-02 1.0000017976291460e+00 8.3294777556696953e-02 5.1382312265775908e-02 1.8099713723818830e+01 12
1 1 1 1 3.2813178499247565e-02 2.4516844175271744e-02 1.0000018855399986e+00 8.3255909023352670e-02 5.2409295222740973e-02 1.8066381154009047e+01 12
1 1 1 1 3.2795433509579877e-02 2.4505196450905927e-02 1.0000019754997496e+00 8.3216421462959489e-02 5.3423164974410263e-02 1.8033048619452575e+01 12
1 1 1 1 3.2777313314857386e-02 2.4493316608996271e-02 1.0000020675924233e+00 8.3176293080991892e-02 5.4424882751206237e-02 1.7999716122267753e+01 12
1 1 1 1 3.2758802862419008e-02 2.4481195561036315e-02 1.0000021619066231e+00 8.3135501002765511e-02 5.5415343286678867e-02 1.7966383664718403e+01 12
1 1 1 1 3.2739886290623035e-02 2.4468823735393629e-02 1.0000022585358539e+00 8.3094021202318236e-02 5.6395383341480212e-02 1.7933051249260778e+01 12
1 1 1 1 3.2720546872014353e-02 2.4456191043602318e-02 1.0000023575788717e+00 8.3051828425345614e-02 5.7365789101427145e-02 1.7899718878520019e+01 12
1 1 1 1 3.2700766951578530e-02 2.4443286843755629e-02 1.0000024591400620e+00 8.3008896105766339e-02 5.8327302642110501e-02 1.7866386555347201e+01 12
1 1 1 1 3.2680527879490710e-02 2.4430099900647043e-02 1.0000025633298548e+00 8.2965196275094300e-02 5.9280627624506026e-02 1.7833054282804959e+01 12
1 1 1 1 3.2659809937845868e-02 2.4416618342360721e-02 1.0000026702651741e+00 8.2920699464038794e-02 6.0226434349032860e-02 1.7799722064206392e+01 12
1 1 1 1 3.2638592260684982e-02 2.4402829612908763e-02 1.0000027800699309e+00 8.2875374595425211e-02 6.1165364278488107e-02 1.7766389903138009e+01 12
1 1 1 1 3.2616852746577420e-02 2.4388720420478485e-02 1.0000028928755604e+00 8.2829188867538261e-02 6.2098034119609513e-02 1.7733057803491537e+01 12
1 1 1 1 3.2594567962931545e-02 2.4374276680800961e-02 1.0000030088216114e+00 8.2782107626829360e-02 6.3025039540631253e-02 1.7699725769466713e+01 12
1 1 1 1 3.2571713041135444e-02 2.4359483455118992e-02 1.0000031280563915e+00 8.2734094228933241e-02 6.3946958586860503e-02 1.7666393805652348e+01 12
1 1 1 1 3.2548261561373013e-02 2.4344324882068658e-02 1.0000032507376755e+00 8.2685109886470376e-02 6.4864354855119710e-02 1.7633061917017073e+01 12
1 1 1 1 3.2524185426013687e-02 2.4328784102835486e-02 1.0000033770334853e+00 8.2635113502371349e-02 6.5777780471671099e-02 1.7599730108970856e+01 12
1 1 1 1 3.2499454720137828e-02 2.4312843178733050e-02 1.0000035071229472e+00 8.2584061486917659e-02 6.6687778919070184e-02 1.7566398387433118e+01 12
1 1 1 1 3.2474037557604189e-02 2.4296483000268810e-02 1.0000036411972388e+00 8.2531907556513351e-02 6.7594887753419833e-02 1.7533066758833883e+01 12
1 1 1 1 3.2447899910978392e-02 2.4279683186721093e-02 1.0000037794606349e+00 8.2478602512241039e-02 6.8499641243148626e-02 1.7499735230240553e+01 12
1 1 1 1 3.2421005423105401e-02 2.4262421974912095e-02 1.0000039221316641e+00 8.2424093995373093e-02 6.9402572970469131e-02 1.7466403809358759e+01 12
1 1 1 1 3.2393315198138664e-02 2.4244676095897776e-02 1.0000040694443937e+00 8.2368326217348409e-02 7.0304218421636283e-02 1.7433072504660906e+01 12
1 1 1 1 3.2364787569166380e-02 2.4226420637905144e-02 1.0000042216498544e+00 8.2311239660646768e-02 7.1205117603779594e-02 1.7399741325451338e+01 12
1 1 1 1 3.2335377839372299e-02 2.4207628893711391e-02 1.0000043790176274e+00 8.2252770746955917e-02 7.2105817718814497e-02 1.7366410281956902e+01 11
1 1 1 1 3.2305037993100943e-02 2.4188272190342384e-02 1.0000045418376142e+00 8.2192851468315231e-02 7.3006875927707701e-02 1.7333079385470057e+01 11
1 1 1 1 3.2273716372534116e-02 2.4168319698568363e-02 1.0000047104220144e+00 8.2131408976074849e-02 7.3908862243983492e-02 1.7299748648435148e+01 11
1 1 1 1 3.2241357315187250e-02 2.4147738219396236e-02 1.0000048851075407e+00 8.2068365122113074e-02 7.4812362590727863e-02 1.7266418084642019e+01 11
1 1 1 1 3.2207900746346246e-02 2.4126491944111896e-02 1.0000050662579045e+00 8.2003635945285647e-02 7.5717982068098044e-02 1.7233087709358173e+01 11
1 1 1 1 3.2173281719834863e-02 2.4104542183995339e-02 1.0000052542666122e+00 8.1937131095488669e-02 7.6626348474640879e-02 1.7199757539546688e+01 11
1 1 1 1 3.2137429899126956e-02 2.4081847065040560e-02 1.0000054495601194e+00 8.1868753185970200e-02 7.7538116138369126e-02 1.7166427594075319e+01 11
1 1 1 1 3.2100268969519376e-02 2.4058361182240025e-02 1.0000056526013952e+00 8.1798397063216621e-02 7.8453970116571750e-02 1.7133097893991831e+01 11
1 1 1 1 3.2061715970275094e-02 2.4034035206944974e-02 1.0000058638939615e+00 8.1725948981601321e-02 7.9374630836568677e-02 1.7099768462800846e+01 11
1 1 1 1 3.2021680533671208e-02 2.4008815439655742e-02 1.0000060839864839e+00 8.1651285667953377e-02 8.0300859256619714e-02 1.7066439326845739e+01 11
1 1 1 1 3.1980064015179006e-02 2.3982643299006904e-02 1.0000063134780020e+00 8.1574273258031182e-02 8.1233462646665713e-02 1.7033110515675421e+01 11
1 1 1 1 3.1936758496157049e-02 2.3955454736070910e-02 1.0000065530239053e+00 8.1494766084024034e-02 8.2173301098653423e-02 1.6999782062548601e+01 11
1 1 1 1 3.1891645636363632e-02 2.3927179560697877e-02 1.0000068033427827e+00 8.1412605287561945e-02 8.3121294904874785e-02 1.6966454004977102e+01 11
1 1 1 1 3.1844595349078471e-02 2.3897740663983646e-02 1.0000070652242961e+00 8.1327617228031557e-02 8.4078432965226629e-02 1.6933126385370016e+01 11
1 1 1 1 3.1795464265746753e-02 2.3867053117521644e-02 1.0000073395382594e+00 8.1239611649711302e-02 8.5045782418728191e-02 1.6899799251802531e+01 11
1 1 1 1 3.1744093949794994e-02 2.3835023125864215e-02 1.0000076272451441e+00 8.1148379563541262e-02 8.6024499736450571e-02 1.6866472658927496e+01 11
1 1 1 1 3.1690308686646351e-02 2.3801545572590677e-02 1.0000079294134780e+00 8.1053690789814781e-02 8.7015845940880798e-02 1.6833146589459822e+01 11
1 1 1 1 3.1633912825223105e-02 2.3766496920260324e-02 1.0000082472587366e+00 8.0955291778709970e-02 8.8021205488810608e-02 1.6799820830590125e+01 11
1 1 1 1 3.1574691866652627e-02 2.3729758750906368e-02 1.0000085820467604e+00 8.0852904857877272e-02 8.9042032825007306e-02 1.6766497295034355e+01 12
1 1 1 1 3.1512396889893254e-02 2.3691183846671984e-02 1.0000089352759864e+00 8.0746207850875218e-02 9.0080085472697607e-02 1.6733173077324363e+01 12
1 1 1 1 3.1446758017409267e-02 2.3650612975249112e-02 1.0000093085702149e+00 8.0634858173353752e-02 9.1137145859305241e-02 1.6699850324178335e+01 12
1 1 1 1 3.1377465954056279e-02 2.3607863609179849e-02 1.0000097037827340e+00 8.0518463863389622e-02 9.2215283289314859e-02 1.6666528653473694e+01 12
1 1 1 1 3.1304171657925851e-02 2.3562729923788172e-02 1.0000101229973901e+00 8.0396586543420634e-02 9.3316794591386337e-02 1.6633208210020026e+01 12
1 1 1 1 3.1226478345079120e-02 2.3514978085862268e-02 1.0000105685723004e+00 8.0268731993732495e-02 9.4444261539614022e-02 1.6599889161982446e+01 12
1 1 1 1 3.1143932883838970e-02 2.3464341218212607e-02 1.0000110431858888e+00 8.0134340722221642e-02 9.5600601464206403e-02 1.6566571705392764e+01 12
1 1 1 1 3.1056015252445401e-02 2.3410513232357835e-02 1.0000115498921720e+00 7.9992776550706635e-02 9.6789129035077887e-02 1.6533256069042871e+01 12
1 1 1 1 3.0962125538603329e-02 2.3353141224669218e-02 1.0000120921873659e+00 7.9843312725090987e-02 9.8013632200095402e-02 1.6499942520455782e+01 12
1 1 1 1 3.0861567793071823e-02 2.3291816033900084e-02 1.0000126740903641e+00 7.9685114912722455e-02 9.9278466238353624e-02 1.6466631372736060e+01 12
1 1 1 1 3.0753529826972242e-02 2.3226060427892922e-02 1.0000133002401783e+00 7.9517220267010358e-02 1.0058867117721913e-01 1.6433322992281667e+01 13
1 1 1 1 3.0637057737736839e-02 2.3155314208741951e-02 1.0000139760140063e+00 7.9338511498391440e-02 1.0195011960888528e-01 1.6400017807130748e+01 13
1 1 1 1 3.0511023529874438e-02 2.3078915280243053e-02 1.0000147076701320e+00 7.9147684576900718e-02 1.0336970442613135e-01 1.6366716315318744e+01 13
1 1 1 1 3.0374083618320606e-02 2.2996075381967990e-02 1.0000155025201347e+00 7.8943208287032829e-02 1.0485557948225829e-01 1.6333419091871090e+01 13
1 1 1 1 3.0224609963676711e-02 2.2905848723209461e-02 1.0000163691344723e+00 7.8723273344756400e-02 1.0641747111029203e-01 1.6300126791776606e+01 13
1 1 1 1 3.0060609937911976e-02 2.2807091095256232e-02 1.0000173175834539e+00 7.8485728164961854e-02 1.0806708548407712e-01 1.6266840143759328e+01 13
1 1 1 1 2.9879749630446088e-02 2.2698406134039874e-02 1.0000183597100378e+00 7.8227997670653082e-02 1.0981864694466374e-01 1.6233559925229866e+01 13
1 1 1 1 2.9679092981030823e-02 2.2578074164032191e-02 1.0000195094178510e+00 7.7946980891872159e-02 1.1168961712373919e-01 1.6200286900583567e+01 14
1 1 1 1 2.9454989817380157e-02 2.2443957396792558e-02 1.0000207829293748e+00 7.7638922871215876e-02 1.1370166613478755e-01 1.6167021690168632e+01 14
1 1 1 1 2.9202858865700506e-02 2.2293364471747418e-02 1.0000221990095652e+00 7.7299257450607173e-02 1.1588200884759121e-01 1.6133764358154966e+01 14
1 1 1 1 2.8916894785213344e-02 2.2122820250868688e-02 1.0000237795220634e+00 7.6922426637087538e-02 1.1826527719786568e-01 1.6100513407072153e+01 13
1 1 1 1 2.8589742912269740e-02 2.1928084477503145e-02 1.0000255454915654e+00 7.6501709696325471e-02 1.2089561612092321e-01 1.6067270634170541e+01 12
1 1 1 1 2.8211772843643800e-02 2.1703550854808552e-02 1.0000275174548316e+00 7.6028895815848485e-02 1.2383151962399627e-01 1.6034023403482706e+01 10
1 1 1 1 2.7770787447134276e-02 2.1442084976652363e-02 1.0000297065783978e+00 7.5494514266604418e-02 1.2714920106847130e-01 1.6000763202709315e+01 14
1 1 1 1 2.7251341594924806e-02 2.1134385045426720e-02 1.0000321027551389e+00 7.4888010110484515e-02 1.3095136489278594e-01 1.5967462617591483e+01 18
1 1 1 1 2.6919634463405430e-02 2.0938021760681824e-02 1.0000335113347183e+00 7.4513570059932088e-02 1.3333832086155820e-01 1.5948809113558854e+01 23
1 1 1 1 2.6580152389639893e-02 2.0737256317008644e-02 1.0000348397957970e+00 7.4141002209632434e-02 1.3575900273225963e-01 1.5931428735115260e+01 24
1 1 1 1 2.6232214749710409e-02 2.0531511757911056e-02 1.0000360712458363e+00 7.3770297198584273e-02 1.3822824667303810e-01 1.5915111339072810e+01 25
1 1 1 1 2.5874633651690453e-02 2.0319977106094456e-02 1.0000371869327986e+00 7.3401445712591357e-02 1.4076399609676674e-01 1.5899665645816361e+01 26
1 1 1 1 2.5505692953640319e-02 2.0101810349091184e-02 1.0000381595473504e+00 7.3034438484028394e-02 1.4338856654073126e-01 1.5884913284282822e+01 29
1 1 1 1 2.5123207544723251e-02 1.9875625707178882e-02 1.0000389585552671e+00 7.2669266291608248e-02 1.4613184399775678e-01 1.5870675674250064e+01 31
1 1 1 1 2.4723983001646559e-02 1.9639375247084725e-02 1.0000395448002923e+00 7.2305919960150206e-02 1.4903594574044304e-01 1.5856760671115705e+01 32
1 1 0 0 2.4413310136401589e-02 1.9458352428767582e-02 1.0000396483703307e+00 7.2036919960150200e-02 -1.5137941261203330e-01 1.5856513615645815e+01 48
1 1 0 0 2.4412127205573841e-02 1.9457649479239451e-02 1.0000396490894645e+00 7.2035919960150199e-02 -1.5138826674482853e-01 1.5856477356849865e+01 47
1 1 1 1 2.4410944050252594e-02 1.9456946396654684e-02 1.0000396498060720e+00 7.2034919960150198e-02 1.5139712324073690e-01 1.5856441097747267e+01 57
1 1 1 1 2.4409760670232383e-02 1.9456243180892147e-02 1.0000396505201512e+00 7.2033919960150197e-02 1.5140598210230666e-01 1.5856404838331997e+01 51
1 1 0 0 2.4384857416892627e-02 1.9441444669109537e-02 1.0000396649279022e+00 7.2012919960150204e-02 -1.5159256921969536e-01 1.5855643307641644e+01 47
1 1 1 1 2.4380102534667755e-02 1.9438619145554871e-02 1.0000396675440275e+00 7.2008919960150200e-02 1.5162823001975526e-01 1.5855498233567301e+01 35
1 1 1 1 2.4359853034258916e-02 1.9426586224705347e-02 1.0000396781992698e+00 7.1991919960150197e-02 1.5178022485448694e-01 1.5854881579681901e+01 47
1 1 1 1 2.4357466317555296e-02 1.9425167966214112e-02 1.0000396794031829e+00 7.1989919960150195e-02 1.5179815344782790e-01 1.5854809021769421e+01 38
1 1 0 0 2.4325153181287338e-02 1.9405966689614158e-02 1.0000396946191810e+00 7.1962919960150196e-02 -1.5204117130883626e-01 1.5853829237374928e+01 45
1 1 1 1 2.4323953060360819e-02 1.9405253553354342e-02 1.0000396951453299e+00 7.1961919960150195e-02 1.5205020747456177e-01 1.5853792939123677e+01 30
1 1 0 0 2.4322752698779739e-02 1.9404540274510870e-02 1.0000396956687840e+00 7.1960919960150194e-02 -1.5205924620382116e-01 1.5853756640099038e+01 48
1 1 1 1 2.4321552096311771e-02 1.9403826852946775e-02 1.0000396961895410e+00 7.1959919960150193e-02 1.5206828749949322e-01 1.5853720340294410e+01 30
1 1 1 1 2.4320351252723891e-02 1.9403113288524711e-02 1.0000396967075982e+00 7.1958919960150192e-02 1.5207733136446899e-01 1.5853684039703150e+01 30
1 1 1 1 2.4319150167782792e-02 1.9402399581107246e-02 1.0000396972229531e+00 7.1957919960150191e-02 1.5208637780164236e-01 1.5853647738318616e+01 30
1 1 1 1 2.4317948841254940e-02 1.9401685730556804e-02 1.0000396977356036e+00 7.1956919960150190e-02 1.5209542681390981e-01 1.5853611436134175e+01 30
1 1 1 1 2.4316747272906343e-02 1.9400971736735557e-02 1.0000396982455471e+00 7.1955919960150189e-02 1.5210447840417365e-01 1.5853575133143169e+01 29
1 1 1 1 2.4315545462502225e-02 1.9400257599505144e-02 1.0000396987527811e+00 7.1954919960150188e-02 1.5211353257534660e-01 1.5853538829338916e+01 29
1 1 1 1 2.4314343409808051e-02 1.9399543318727279e-02 1.0000396992573033e+00 7.1953919960150187e-02 1.5212258933033559e-01 1.5853502524714770e+01 29
1 1 1 1 2.4313141114588484e-02 1.9398828894263420e-02 1.0000396997591114e+00 7.1952919960150186e-02 1.5213164867206105e-01 1.5853466219264034e+01 29
1 1 1 1 2.4311938576607683e-02 1.9398114325974502e-02 1.0000397002582027e+00 7.1951919960150185e-02 1.5214071060344767e-01 1.5853429912980017e+01 29
1 1 1 1 2.4310735795629736e-02 1.9397399613721621e-02 1.0000397007545749e+00 7.1950919960150184e-02 1.5214977512742142e-01 1.5853393605856020e+01 28
1 1 1 1 2.4309532771418150e-02 1.9396684757365439e-02 1.0000397012482254e+00 7.1949919960150183e-02 1.5215884224691656e-01 1.5853357297885331e+01 28
1 1 1 1 2.4308329503735931e-02 1.9395969756766288e-02 1.0000397017391520e+00 7.1948919960150182e-02 1.5216791196487120e-01 1.5853320989061238e+01 28
1 1 1 1 2.4307125992345732e-02 1.9395254611784440e-02 1.0000397022273522e+00 7.1947919960150181e-02 1.5217698428423093e-01 1.5853284679376998e+01 27
1 1 1 1 2.4305922237010145e-02 1.9394539322279879e-02 1.0000397027128232e+00 7.1946919960150180e-02 1.5218605920793934e-01 1.5853248368825895e+01 27
1 1 1 1 2.4304718237490700e-02 1.9393823888112154e-02 1.0000397031955630e+00 7.1945919960150179e-02 1.5219513673895349e-01 1.5853212057401171e+01 26
1 1 1 1 2.4303513993548999e-02 1.9393108309140820e-02 1.0000397036755688e+00 7.1944919960150178e-02 1.5220421688023167e-01 1.5853175745096070e+01 26
1 1 1 1 2.4302309504946280e-02 1.9392392585225283e-02 1.0000397041528386e+00 7.1943919960150177e-02 1.5221329963473554e-01 1.5853139431903839e+01 26
1 1 1 1 2.4301104771442854e-02 1.9391676716224257e-02 1.0000397046273695e+00 7.1942919960150176e-02 1.5222238500543700e-01 1.5853103117817689e+01 25
1 1 1 1 2.4299899792799076e-02 1.9390960701996657e-02 1.0000397050991590e+00 7.1941919960150175e-02 1.5223147299531065e-01 1.5853066802830837e+01 24
1 1 1 1 2.4298694568774912e-02 1.9390244542400997e-02 1.0000397055682047e+00 7.1940919960150174e-02 1.5224056360733157e-01 1.5853030486936504e+01 24
1 1 1 1 2.4297489099129606e-02 1.9389528237295398e-02 1.0000397060345043e+00 7.1939919960150173e-02 1.5224965684448702e-01 1.5852994170127882e+01 23
1 1 1 1 2.4296283383622063e-02 1.9388811786537914e-02 1.0000397064980553e+00 7.1938919960150172e-02 1.5225875270976713e-01 1.5852957852398154e+01 23
1 1 1 1 2.4295077422010973e-02 1.9388095189986396e-02 1.0000397069588549e+00 7.1937919960150171e-02 1.5226785120616540e-01 1.5852921533740510e+01 22
1 1 1 1 2.4293871214054595e-02 1.9387378447498452e-02 1.0000397074169010e+00 7.1936919960150170e-02 1.5227695233668131e-01 1.5852885214148120e+01 21
1 1 1 1 2.4292664759510252e-02 1.9386661558931140e-02 1.0000397078721910e+00 7.1935919960150169e-02 1.5228605610432483e-01 1.5852848893614121e+01 21
1 1 1 1 2.4291458058135651e-02 1.9385944524141611e-02 1.0000397083247221e+00 7.1934919960150168e-02 1.5229516251210018e-01 1.5852812572131699e+01 21
1 1 1 1 2.4290251109687487e-02 1.9385227342986682e-02 1.0000397087744921e+00 7.1933919960150167e-02 1.5230427156302609e-01 1.5852776249693976e+01 21
1 1 1 1 2.4289043913922153e-02 1.9384510015322771e-02 1.0000397092214983e+00 7.1932919960150166e-02 1.5231338326012411e-01 1.5852739926294088e+01 22
1 1 1 1 2.4287836470595819e-02 1.9383792541006271e-02 1.0000397096657385e+00 7.1931919960150165e-02 1.5232249760641944e-01 1.5852703601925162e+01 22
1 1 1 1 2.4286628779464005e-02 1.9383074919893242e-02 1.0000397101072098e+00 7.1930919960150164e-02 1.5233161460494452e-01 1.5852667276580304e+01 23
1 1 1 1 2.4285420840281905e-02 1.9382357151839388e-02 1.0000397105459100e+00 7.1929919960150163e-02 1.5234073425873601e-01 1.5852630950252623e+01 24
1 1 1 1 2.4284212652804088e-02 1.9381639236700280e-02 1.0000397109818364e+00 7.1928919960150162e-02 1.5234985657083916e-01 1.5852594622935198e+01 24
1 1 1 1 2.4283004216785309e-02 1.9380921174331323e-02 1.0000397114149866e+00 7.1927919960150161e-02 1.5235898154429531e-01 1.5852558294621144e+01 25
1 1 1 1 2.4281795531979001e-02 1.9380202964587333e-02 1.0000397118453579e+00 7.1926919960150160e-02 1.5236810918216215e-01 1.5852521965303513e+01 25
1 1 1 1 2.4280586598138785e-02 1.9379484607323184e-02 1.0000397122729479e+00 7.1925919960150159e-02 1.5237723948749737e-01 1.5852485634975373e+01 26
1 1 1 1 2.4279377415017792e-02 1.9378766102393488e-02 1.0000397126977540e+00 7.1924919960150158e-02 1.5238637246336337e-01 1.5852449303629784e+01 27
1 1 1 1 2.4278167982368575e-02 1.9378047449652564e-02 1.0000397131197738e+00 7.1923919960150157e-02 1.5239550811282965e-01 1.5852412971259795e+01 27
1 1 1 1 2.4276958299943127e-02 1.9377328648954299e-02 1.0000397135390044e+00 7.1922919960150156e-02 1.5240464643897372e-01 1.5852376637858425e+01 28
1 1 1 1 2.4275748367493296e-02 1.9376609700152477e-02 1.0000397139554436e+00 7.1921919960150155e-02 1.5241378744487125e-01 1.5852340303418721e+01 28
1 1 1 1 2.4274538184770520e-02 1.9375890603100781e-02 1.0000397143690887e+00 7.1920919960150154e-02 1.5242293113360800e-01 1.5852303967933693e+01 28
1 1 1 1 2.4273327751525312e-02 1.9375171357652203e-02 1.0000397147799371e+00 7.1919919960150153e-02 1.5243207750827789e-01 1.5852267631396341e+01 29
1 1 1 1 2.4272117067508286e-02 1.9374451963659917e-02 1.0000397151879865e+00 7.1918919960150152e-02 1.5244122657197495e-01 1.5852231293799665e+01 29
1 1 1 1 2.4270906132469530e-02 1.9373732420976758e-02 1.0000397155932339e+00 7.1917919960150151e-02 1.5245037832780045e-01 1.5852194955136659e+01 29
1 1 1 1 2.4269694946158205e-02 1.9373012729455050e-02 1.0000397159956771e+00 7.1916919960150150e-02 1.5245953277886529e-01 1.5852158615400281e+01 29
1 1 1 1 2.4268483508323790e-02 1.9372292888947068e-02 1.0000397163953134e+00 7.1915919960150149e-02 1.5246868992827725e-01 1.5852122274583524e+01 69
1 1 1 1 2.4238115074321900e-02 1.9354248018130227e-02 1.0000397254663669e+00 7.1890919960150151e-02 1.5269850484603548e-01 1.5851213382259287e+01 32
1 1 1 1 2.4233241254528932e-02 1.9351352031539440e-02 1.0000397267520496e+00 7.1886919960150147e-02 1.5273543523586436e-01 1.5851067888950508e+01 56
1 1 0 0 2.4229583168361664e-02 1.9349178429942132e-02 1.0000397276860178e+00 7.1883919960150144e-02 -1.5276316235754273e-01 1.5850958755385159e+01 59
1 1 1 1 2.4222259967233536e-02 1.9344827064180860e-02 1.0000397294757397e+00 7.1877919960150138e-02 1.5281869240510906e-01 1.5850740452462480e+01 48
1 1 1 1 2.4207585246514333e-02 1.9336107562726187e-02 1.0000397327402566e+00 7.1865919960150140e-02 1.5293005823973924e-01 1.5850303697825410e+01 54
1 1 0 0 2.4205135763455444e-02 1.9334652123676157e-02 1.0000397332432611e+00 7.1863919960150138e-02 -1.5294865915979530e-01 1.5850230885397835e+01 47
1 1 0 0 2.4202685218463527e-02 1.9333196055806325e-02 1.0000397337344689e+00 7.1861919960150136e-02 -1.5296727156612089e-01 1.5850158067098004e+01 47
1 1 1 1 2.4201459547051433e-02 1.9332467785657167e-02 1.0000397339756417e+00 7.1860919960150135e-02 1.5297658208521517e-01 1.5850121655726960e+01 60
1 1 0 0 2.4171962893059340e-02 1.9314941613812600e-02 1.0000397388699556e+00 7.1836919960150139e-02 -1.5320090712368653e-01 1.5849247317812921e+01 51
1 1 0 0 2.4152211297025161e-02 1.9303205895896042e-02 1.0000397411667756e+00 7.1820919960150137e-02 -1.5335140342523304e-01 1.5848663895635010e+01 44
1 1 1 1 2.4144786175952563e-02 1.9298794184455577e-02 1.0000397418258542e+00 7.1814919960150131e-02 1.5340803837993369e-01 1.5848444994891453e+01 63
1 1 0 0 2.4134870342653936e-02 1.9292902625533275e-02 1.0000397425313514e+00 7.1806919960150137e-02 -1.5348372245138359e-01 1.5848153023039544e+01 56
1 1 0 0 2.4122450144124185e-02 1.9285523138030385e-02 1.0000397431325407e+00 7.1796919960150141e-02 -1.5357860476986476e-01 1.5847787884814402e+01 55
1 1 0 0 2.4121206560856864e-02 1.9284784263905137e-02 1.0000397431753991e+00 7.1795919960150140e-02 -1.5358811007724391e-01 1.5847751360103523e+01 45
1 1 0 0 2.4108754973339270e-02 1.9277386197920295e-02 1.0000397434301700e+00 7.1785919960150144e-02 -1.5368333540537624e-01 1.5847386000856101e+01 46
1 1 0 0 2.4107508232132237e-02 1.9276645454749528e-02 1.0000397434381962e+00 7.1784919960150143e-02 -1.5369287525020445e-01 1.5847349453529796e+01 56
1 1 0 0 2.4105013882413286e-02 1.9275163455111551e-02 1.0000397434446886e+00 7.1782919960150141e-02 -1.5371196443429391e-01 1.5847276352546585e+01 48
1 1 1 1 2.4078752765732094e-02 1.9259560770143198e-02 1.0000397427370378e+00 7.1761919960150147e-02 1.5391317295263335e-01 1.5846508265796263e+01 57
1 1 0 0 2.4076244935027136e-02 1.9258070792771590e-02 1.0000397425951284e+00 7.1759919960150145e-02 -1.5393240998278473e-01 1.5846435062854917e+01 44
1 1 0 0 2.4058656680972304e-02 1.9247621165087537e-02 1.0000397412343220e+00 7.1745919960150145e-02 -1.5406743681844823e-01 1.5845922377557514e+01 45
1 1 0 0 2.4049840416672567e-02 1.9242383253276478e-02 1.0000397403108756e+00 7.1738919960150152e-02 -1.5413519388640207e-01 1.5845665856057998e+01 50
1 1 0 0 2.4048579735434738e-02 1.9241634261374693e-02 1.0000397401656276e+00 7.1737919960150151e-02 -1.5414488685367123e-01 1.5845629200125964e+01 52
1 1 0 0 2.4028367144610818e-02 1.9229625726501352e-02 1.0000397373847358e+00 7.1721919960150149e-02 -1.5430043423266668e-01 1.5845042354905525e+01 46
1 1 0 0 2.4014424967438636e-02 1.9221342634709055e-02 1.0000397349690493e+00 7.1710919960150152e-02 -1.5440788142034115e-01 1.5844638503130509e+01 46
1 1 0 0 2.4005532887618846e-02 1.9216059873221347e-02 1.0000397332154820e+00 7.1703919960150159e-02 -1.5447647582068152e-01 1.5844381331782730e+01 60
1 1 0 0 2.3992802925203227e-02 1.9208497106840011e-02 1.0000397304156232e+00 7.1693919960150163e-02 -1.5457476687701463e-01 1.5844013700534214e+01 46
1 1 0 0 2.3988977694939850e-02 1.9206224585501124e-02 1.0000397295075594e+00 7.1690919960150160e-02 -1.5460432341556249e-01 1.5843903353973857e+01 57
1 1 0 0 2.3977484567025503e-02 1.9199396709290110e-02 1.0000397265932701e+00 7.1681919960150164e-02 -1.5469318662319062e-01 1.5843572151921730e+01 50
1 1 0 0 2.3976205929799353e-02 1.9198637096573146e-02 1.0000397262517760e+00 7.1680919960150163e-02 -1.5470307834340413e-01 1.5843535336437592e+01 49
1 1 0 0 2.3960836737635945e-02 1.9189506638030349e-02 1.0000397218757602e+00 7.1668919960150165e-02 -1.5482206307836111e-01 1.5843093306708774e+01 58
1 1 0 0 2.3953134318832191e-02 1.9184930870106087e-02 1.0000397194938928e+00 7.1662919960150159e-02 -1.5488175383479946e-01 1.5842872119388556e+01 50
1 1 0 0 2.3922203753251790e-02 1.9166556323958642e-02 1.0000397086538804e+00 7.1638919960150163e-02 -1.5512186524021945e-01 1.5841986166417431e+01 57
1 1 1 1 2.3907961488201793e-02 1.9158095784527301e-02 1.0000397029729020e+00 7.1627919960150166e-02 1.5523265116374754e-01 1.5841579432088619e+01 84
1 1 0 0 2.3881958082242812e-02 1.9142648926456052e-02 1.0000396914721916e+00 7.1607919960150160e-02 -1.5543529448374205e-01 1.5840838767701511e+01 47
1 1 0 0 2.3859742944710490e-02 1.9129452763783736e-02 1.0000396804858585e+00 7.1590919960150157e-02 -1.5560880183078121e-01 1.5840207979818963e+01 63
1 1 0 0 2.3843998233906333e-02 1.9120100340759429e-02 1.0000396720481035e+00 7.1578919960150159e-02 -1.5573199167236865e-01 1.5839762006662403e+01 46
1 1 0 0 2.3840053736736248e-02 1.9117757319570858e-02 1.0000396698492706e+00 7.1575919960150156e-02 -1.5576288291926693e-01 1.5839650418433630e+01 46
1 1 1 1 2.3820280661527353e-02 1.9106012326506546e-02 1.0000396583123130e+00 7.1560919960150154e-02 1.5591791025573132e-01 1.5839091890445093e+01 47
1 1 1 1 2.3807051174498755e-02 1.9098154308933631e-02 1.0000396501127493e+00 7.1550919960150158e-02 1.5602179802810393e-01 1.5838718979886746e+01 64
1 1 0 0 2.3779143106507961e-02 1.9081577965916561e-02 1.0000396315452398e+00 7.1529919960150165e-02 -1.5624139132058096e-01 1.5837934346465630e+01 45
1 1 0 0 2.3777809824593911e-02 1.9080786061244737e-02 1.0000396306149029e+00 7.1528919960150164e-02 -1.5625189722476607e-01 1.5837896929950078e+01 46
1 1 0 0 2.3760440780801542e-02 1.9070469818514828e-02 1.0000396181329949e+00 7.1515919960150165e-02 -1.5638888735513057e-01 1.5837410061696856e+01 48
1 1 0 0 2.3740314464839166e-02 1.9058516207482286e-02 1.0000396028255421e+00 7.1500919960150164e-02 -1.5654792131517090e-01 1.5836847214599993e+01 55
1 1 1 1 2.3738969423073998e-02 1.9057717359248886e-02 1.0000396017701347e+00 7.1499919960150163e-02 1.5655856103353838e-01 1.5836809649329798e+01 46
1 1 1 1 2.3737623967027485e-02 1.9056918266441899e-02 1.0000396007103320e+00 7.1498919960150162e-02 1.5656920547565573e-01 1.5836772078708425e+01 52
1 1 0 0 2.3726845332246886e-02 1.9050516676971514e-02 1.0000395920729930e+00 7.1490919960150168e-02 -1.5665453197009671e-01 1.5836471319271061e+01 55
1 1 1 1 2.3673908847365196e-02 1.9019078358465405e-02 1.0000395458346982e+00 7.1451919960150170e-02 1.5707496472754681e-01 1.5834999936756272e+01 51
1 1 0 0 2.3650624505185708e-02 1.9005250871122332e-02 1.0000395234723549e+00 7.1434919960150167e-02 -1.5726063203249813e-01 1.5834355709166493e+01 62
1 1 0 0 2.3638244292806684e-02 1.8997899046121845e-02 1.0000395110748919e+00 7.1425919960150172e-02 -1.5735953835670125e-01 1.5834013902426962e+01 61
1 1 1 1 2.3628589333211453e-02 1.8992165678597552e-02 1.0000395011609933e+00 7.1418919960150179e-02 1.5743676384337166e-01 1.5833747685161057e+01 45
1 1 0 0 2.3614756673068237e-02 1.8983951642407172e-02 1.0000394865812876e+00 7.1408919960150183e-02 -1.5754754556684855e-01 1.5833366803373385e+01 50
1 1 0 0 2.3599485773141929e-02 1.8974883780711490e-02 1.0000394699694926e+00 7.1397919960150186e-02 -1.5767004011451952e-01 1.5832947036768726e+01 57
1 1 0 0 2.3565962634044195e-02 1.8954978584120381e-02 1.0000394315925611e+00 7.1373919960150189e-02 -1.5793967020126490e-01 1.5832028163346296e+01 47
1 1 0 0 2.3532149347568986e-02 1.8934902336425221e-02 1.0000393902051101e+00 7.1349919960150193e-02 -1.5821266555515925e-01 1.5831104919493161e+01 54
1 1 0 0 2.3522230779853368e-02 1.8929013545875988e-02 1.0000393775510450e+00 7.1342919960150200e-02 -1.5829294446814857e-01 1.5830834774522158e+01 48
1 1 1 1 2.3493747613008476e-02 1.8912103336474702e-02 1.0000393399084992e+00 7.1322919960150194e-02 1.5852399548117410e-01 1.5830060675163761e+01 67
1 1 0 0 2.3488024840787918e-02 1.8908705893377741e-02 1.0000393321111811e+00 7.1318919960150190e-02 -1.5857051069064393e-01 1.5829905442572212e+01 45
1 1 0 0 2.3475116121687845e-02 1.8901042510594733e-02 1.0000393142339161e+00 7.1309919960150195e-02 -1.5867554947846116e-01 1.5829555650812969e+01 48
1 1 0 0 2.3469364329796294e-02 1.8897627971812662e-02 1.0000393061389949e+00 7.1305919960150191e-02 -1.5872240392676606e-01 1.5829399953767226e+01 51
1 1 0 0 2.3449161224919964e-02 1.8885634774914242e-02 1.0000392770718907e+00 7.1291919960150191e-02 -1.5888723552983108e-01 1.5828853851317794e+01 44
1 1 1 1 2.3349354199099694e-02 1.8826394303329958e-02 1.0000391188312308e+00 7.1223919960150192e-02 1.5970756372234418e-01 1.5826173455036043e+01 48
1 1 0 0 2.3338912718169950e-02 1.8820197594349893e-02 1.0000391008523168e+00 7.1216919960150199e-02 -1.5979398229052491e-01 1.5825894677504465e+01 46
1 1 0 0 2.3332931397648679e-02 1.8816647933551214e-02 1.0000390904303893e+00 7.1212919960150195e-02 -1.5984353905545848e-01 1.5825735118578725e+01 49
1 1 1 1 2.3322437937574846e-02 1.8810420643208179e-02 1.0000390719297076e+00 7.1205919960150202e-02 1.5993057318271614e-01 1.5825455432056488e+01 54
1 1 1 1 2.3289236804375807e-02 1.8790718757293892e-02 1.0000390115665385e+00 7.1183919960150208e-02 1.6020673908499480e-01 1.5824572496193678e+01 67
1 1 0 0 2.3234147683717777e-02 1.8758032397882964e-02 1.0000389052247640e+00 7.1147919960150213e-02 -1.6066768881812496e-01 1.5823114016827775e+01 45
1 1 0 0 2.3232603373981316e-02 1.8757116179980608e-02 1.0000389021315419e+00 7.1146919960150212e-02 -1.6068066062960162e-01 1.5823073246795769e+01 47
1 1 1 1 2.3223321041955004e-02 1.8751609190038394e-02 1.0000388834095302e+00 7.1140919960150206e-02 1.6075868833753892e-01 1.5822828322560841e+01 48
1 1 0 0 2.3182762858391017e-02 1.8727548849413460e-02 1.0000387989841464e+00 7.1114919960150208e-02 -1.6110081386092212e-01 1.5821760756140327e+01 82
1 1 0 0 2.3179619863463372e-02 1.8725684460846142e-02 1.0000387922626859e+00 7.1112919960150206e-02 -1.6112740843062506e-01 1.5821678201729089e+01 59
1 1 0 0 2.3159107181033128e-02 1.8713517050551218e-02 1.0000387477587260e+00 7.1099919960150207e-02 -1.6130127202751152e-01 1.5821140022332280e+01 46
1 1 0 0 2.3101517674356593e-02 1.8679361567424533e-02 1.0000386168660018e+00 7.1063919960150213e-02 -1.6179218589026317e-01 1.5819634636530800e+01 47
1 1 1 1 2.3083678838873089e-02 1.8668783064080683e-02 1.0000385745245757e+00 7.1052919960150215e-02 1.6194510650356131e-01 1.5819169958348827e+01 45
1 1 0 0 2.3062442721337329e-02 1.8656190892841006e-02 1.0000385230009254e+00 7.1039919960150216e-02 -1.6212769112406358e-01 1.5818617767754485e+01 49
1 1 0 0 2.3060802114197265e-02 1.8655218121309578e-02 1.0000385189696359e+00 7.1038919960150215e-02 -1.6214182154106149e-01 1.5818575152006003e+01 48
1 1 0 0 2.3021114248500906e-02 1.8631687784006493e-02 1.0000384192143448e+00 7.1014919960150219e-02 -1.6248474960227668e-01 1.5817546132112337e+01 57
1 1 1 1 2.2980796233872853e-02 1.8607787815505691e-02 1.0000383134434796e+00 7.0990919960150223e-02 1.6283533286293889e-01 1.5816504431408076e+01 60
1 1 0 0 2.2951831466222160e-02 1.8590620503087851e-02 1.0000382346682288e+00 7.0973919960150220e-02 -1.6308861041929984e-01 1.5815758281791220e+01 57
1 1 0 0 2.2939802045016514e-02 1.8583491374907127e-02 1.0000382012607010e+00 7.0966919960150227e-02 -1.6319415534050111e-01 1.5815448930387525e+01 51
1 1 0 0 2.2925978257948707e-02 1.8575299327517683e-02 1.0000381623660621e+00 7.0958919960150232e-02 -1.6331570547963287e-01 1.5815093816019814e+01 46
1 1 0 0 2.2860928954161423e-02 1.8536758209446974e-02 1.0000379720376200e+00 7.0921919960150237e-02 -1.6389152397807658e-01 1.5813428133750930e+01 50
1 1 1 1 2.2803056180153530e-02 1.8502480130867548e-02 1.0000377924231201e+00 7.0889919960150233e-02 1.6440936318912380e-01 1.5811953359134757e+01 51
1 1 1 1 2.2760427166106996e-02 1.8477238118156391e-02 1.0000376538089177e+00 7.0866919960150238e-02 1.6479430327213498e-01 1.5810871143584459e+01 52
1 1 0 0 2.2734016856802094e-02 1.8461602968626551e-02 1.0000375652067242e+00 7.0852919960150237e-02 -1.6503433313026658e-01 1.5810202349027133e+01 56
1 1 0 0 2.2732116320097723e-02 1.8460477932232981e-02 1.0000375587496411e+00 7.0851919960150236e-02 -1.6505165266707678e-01 1.5810154269741105e+01 46
1 1 1 1 2.2672204719057079e-02 1.8425019942656384e-02 1.0000373495584420e+00 7.0820919960150233e-02 1.6560091160125026e-01 1.5808641881203847e+01 63
1 1 0 0 2.2644470982940791e-02 1.8408610926254985e-02 1.0000372489780365e+00 7.0806919960150233e-02 -1.6585738459342811e-01 1.5807943842017346e+01 64
1 1 0 0 2.2599944337763508e-02 1.8382273047808467e-02 1.0000370824582736e+00 7.0784919960150239e-02 -1.6627220347593907e-01 1.5806825738560555e+01 50
1 1 1 1 2.2552028454466105e-02 1.8353940437430608e-02 1.0000368962209150e+00 7.0761919960150244e-02 1.6672295335152224e-01 1.5805625946840648e+01 62
1 1 0 0 2.2500341284384835e-02 1.8323390368433206e-02 1.0000366869831563e+00 7.0737919960150247e-02 -1.6721447483603397e-01 1.5804335464204788e+01 56
1 1 0 0 2.2484905120824641e-02 1.8314269373584349e-02 1.0000366227898509e+00 7.0730919960150254e-02 -1.6736237062449238e-01 1.5803950781333645e+01 50
1 1 1 1 2.2411962880139705e-02 1.8271186627215302e-02 1.0000363086298818e+00 7.0698919960150250e-02 1.6806843132024729e-01 1.5802137143273857e+01 67
1 1 1 1 2.2409614529476648e-02 1.8269800100778083e-02 1.0000362982149538e+00 7.0697919960150249e-02 1.6809136589935317e-01 1.5802078862128292e+01 45
1 1 0 0 2.2329349944714957e-02 1.8222430400279020e-02 1.0000359307028079e+00 7.0664919960150244e-02 -1.6888327690545160e-01 1.5800090565246649e+01 50
1 1 0 0 2.2293437023495014e-02 1.8201249423314116e-02 1.0000357588716076e+00 7.0650919960150244e-02 -1.6924286319094148e-01 1.5799203088273108e+01 46
1 1 0 0 2.2152614015035727e-02 1.8118287132901399e-02 1.0000350390783639e+00 7.0600919960150249e-02 -1.7068726705083545e-01 1.5795733452962628e+01 53
1 1 1 1 2.2111600370859644e-02 1.8094156245102969e-02 1.0000348151260610e+00 7.0587919960150250e-02 1.7111910223027932e-01 1.5794725385292033e+01 47
1 1 0 0 2.1969586661524241e-02 1.8010729874720056e-02 1.0000339865941927e+00 7.0548919960150253e-02 -1.7265850595066881e-01 1.5791239508887562e+01 52
1 1 0 0 2.1343874893896341e-02 1.7649334494672955e-02 1.0000291530745675e+00 7.0530919960150248e-02 -1.8061315516031010e-01 1.5775800352883028e+01 64
1 1 0 0 2.1255281425846047e-02 1.7599152406511245e-02 1.0000282539760048e+00 7.0558919960150249e-02 -1.8199976616332719e-01 1.5773535476233731e+01 53
1 1 1 1 2.1252669153856558e-02 1.7597678641051238e-02 1.0000282263286828e+00 7.0559919960150250e-02 1.8204223113341395e-01 1.5773468068768617e+01 49
1 1 0 0 2.1135770576759288e-02 1.7532159285903227e-02 1.0000269113144675e+00 7.0616919960150251e-02 -1.8405584745936840e-01 1.5770404368533788e+01 51
1 1 0 0 2.1124392815264580e-02 1.7525834622413375e-02 1.0000267742417210e+00 7.0623919960150244e-02 -1.8426544965051059e-01 1.5770100347821220e+01 48
1 1 0 0 2.1059470552195252e-02 1.7489971382010375e-02 1.0000259550009722e+00 7.0669919960150249e-02 -1.8551940017178939e-01 1.5768339954918588e+01 52
1 1 0 0 2.1052031446169003e-02 1.7485889558957302e-02 1.0000258567026195e+00 7.0675919960150255e-02 -1.8567012229912011e-01 1.5768135089930135e+01 61
1 1 1 1 2.1036578605478549e-02 1.7477431191473689e-02 1.0000256492839676e+00 7.0688919960150254e-02 1.8598843749544214e-01 1.5767707169094107e+01 58
1 1 0 0 2.0991009012411539e-02 1.7452668902558477e-02 1.0000250097379644e+00 7.0731919960150255e-02 -1.8697294394671252e-01 1.5766424359576989e+01 55
1 1 0 0 2.0969544605364463e-02 1.7441113284963079e-02 1.0000246922037921e+00 7.0754919960150250e-02 -1.8746390335506094e-01 1.5765807604167195e+01 56
1 1 0 0 2.0940042609851859e-02 1.7425365899545325e-02 1.0000242358289897e+00 7.0789919960150244e-02 -1.8817268086680181e-01 1.5764944158006923e+01 52
1 1 0 0 2.0937672469926526e-02 1.7424108364210520e-02 1.0000241980617726e+00 7.0792919960150247e-02 -1.8823152179499131e-01 1.5764873907356350e+01 45
1 1 0 0 2.0892168254223235e-02 1.7400226293898743e-02 1.0000234356534696e+00 7.0856919960150241e-02 -1.8942645429820640e-01 1.5763494708844382e+01 49
1 1 1 1 2.0867367418446584e-02 1.7387462639720744e-02 1.0000229846367528e+00 7.0897919960150241e-02 1.9014065313812928e-01 1.5762713556439104e+01 56
1 1 0 0 2.0862868109730294e-02 1.7385170541389931e-02 1.0000228995690594e+00 7.0905919960150235e-02 -1.9027605303543166e-01 1.5762569107386197e+01 58
1 1 0 0 2.0857929937189688e-02 1.7382664087160056e-02 1.0000228049372009e+00 7.0914919960150230e-02 -1.9042694969819232e-01 1.5762409494729230e+01 74
1 1 0 0 2.0848430561138144e-02 1.7377871421664963e-02 1.0000226189396828e+00 7.0932919960150234e-02 -1.9072440318783399e-01 1.5762099086339264e+01 48
1 1 1 1 2.0847917096780397e-02 1.7377613507321466e-02 1.0000226087303099e+00 7.0933919960150235e-02 1.9074076454950170e-01 1.5762082175135616e+01 51
1 1 0 0 2.0843361496225309e-02 1.7375330615600426e-02 1.0000225174151076e+00 7.0942919960150230e-02 -1.9088726691564170e-01 1.5761931505767478e+01 48
1 1 0 0 2.0837466709059591e-02 1.7372391631024494e-02 1.0000223972189917e+00 7.0954919960150228e-02 -1.9108055804142937e-01 1.5761734799158189e+01 49
1 1 0 0 2.0836503692067555e-02 1.7371913174799920e-02 1.0000223773552974e+00 7.0956919960150230e-02 -1.9111255206734426e-01 1.5761702468346888e+01 69
1 1 0 0 2.0828535328611415e-02 1.7367973422907669e-02 1.0000222104034819e+00 7.0973919960150234e-02 -1.9138203978244359e-01 1.5761432720633664e+01 54
1 1 0 0 2.0815377098125049e-02 1.7361549859396655e-02 1.0000219236496282e+00 7.1003919960150236e-02 -1.9184743205980845e-01 1.5760977730089269e+01 49
1 1 0 0 2.0801755833321875e-02 1.7355026418295935e-02 1.0000216099241557e+00 7.1037919960150242e-02 -1.9236048558698160e-01 1.5760492079967173e+01 53
1 1 1 1 2.0784974285005035e-02 1.7347209889413618e-02 1.0000211941368331e+00 7.1084919960150247e-02 1.9304721891356003e-01 1.5759868207999903e+01 53
1 1 0 0 2.0784641324841525e-02 1.7347057724892225e-02 1.0000211855010317e+00 7.1085919960150248e-02 -1.9306156868934227e-01 1.5759855491676680e+01 84
1 1 0 0 2.0775702109760038e-02 1.7343022531477174e-02 1.0000209470567991e+00 7.1113919960150249e-02 -1.9345924208111578e-01 1.5759508300256597e+01 65
1 1 1 1 2.0775091281730534e-02 1.7342750575345348e-02 1.0000209302674650e+00 7.1115919960150251e-02 1.9348735130748443e-01 1.5759484140306126e+01 58
1 1 0 0 2.0772981657091516e-02 1.7341815351607483e-02 1.0000208717523793e+00 7.1122919960150244e-02 -1.9358543295593261e-01 1.5759400233039075e+01 48
1 1 0 0 2.0772683846084643e-02 1.7341683843764239e-02 1.0000208634242915e+00 7.1123919960150245e-02 -1.9359940677879200e-01 1.5759388328529887e+01 46
1 1 1 1 2.0765797567497250e-02 1.7338681278156767e-02 1.0000206658377049e+00 7.1147919960150241e-02 1.9393201835609666e-01 1.5759108644494299e+01 62
1 1 0 0 2.0762271319987612e-02 1.7337174815593895e-02 1.0000205605969075e+00 7.1160919960150240e-02 -1.9411004120770256e-01 1.5758961847310951e+01 47
1 1 1 1 2.0749289442322644e-02 1.7331854247924335e-02 1.0000201437513838e+00 7.1213919960150238e-02 1.9482137358459062e-01 1.5758395468249564e+01 51
1 1 0 0 2.0747954403566672e-02 1.7331331248507952e-02 1.0000200977400928e+00 7.1219919960150244e-02 -1.9490052226852472e-01 1.5758334446045774e+01 59
1 1 0 0 2.0746215160268443e-02 1.7330657981616895e-02 1.0000200367489394e+00 7.1227919960150238e-02 -1.9500564017318736e-01 1.5758254021026760e+01 54
1 1 0 0 2.0742469092033228e-02 1.7329241780340641e-02 1.0000199009824011e+00 7.1245919960150242e-02 -1.9524046909214407e-01 1.5758076906987094e+01 44
1 1 0 0 2.0738571013742709e-02 1.7327824155985487e-02 1.0000197524421288e+00 7.1265919960150248e-02 -1.9549874587474211e-01 1.5757886181665590e+01 57
1 1 0 0 2.0731410816102087e-02 1.7325408733798557e-02 1.0000194551965516e+00 7.1306919960150247e-02 -1.9602000816748710e-01 1.5757514263933459e+01 49
1 1 0 0 2.0728906867511530e-02 1.7324637689654365e-02 1.0000193417326173e+00 7.1322919960150249e-02 -1.9622059917433493e-01 1.5757375783891053e+01 42
1 1 1 1 2.0727713895145956e-02 1.7324287060254073e-02 1.0000192855152343e+00 7.1330919960150244e-02 1.9632032643073499e-01 1.5757307896810337e+01 49
1 1 0 0 2.0723069634211305e-02 1.7323048870127429e-02 1.0000190503015243e+00 7.1364919960150250e-02 -1.9674010853763008e-01 1.5757029139804152e+01 51
1 1 0 0 2.0722196960773990e-02 1.7322843375468036e-02 1.0000190026018654e+00 7.1371919960150243e-02 -1.9682574567719333e-01 1.5756973662543526e+01 48
1 1 0 0 2.0720080102635260e-02 1.7322390272620086e-02 1.0000188810508155e+00 7.1389919960150247e-02 -1.9704476783734956e-01 1.5756833921019817e+01 44
1 1 0 0 2.0719197127146472e-02 1.7322223166274759e-02 1.0000188275305384e+00 7.1397919960150241e-02 -1.9714157411439273e-01 1.5756773139463169e+01 48
1 1 0 0 2.0717239740836526e-02 1.7321909073141049e-02 1.0000187016315734e+00 7.1416919960150246e-02 -1.9737020391006704e-01 1.5756631984341510e+01 54
1 1 1 1 2.0714788086034799e-02 1.7321658339451991e-02 1.0000185255800782e+00 7.1443919960150246e-02 1.9769209573572502e-01 1.5756438955993902e+01 57
1 1 0 0 2.0712923928914780e-02 1.7321622408511372e-02 1.0000183718136357e+00 7.1467919960150242e-02 -1.9797539348209961e-01 1.5756274597452300e+01 59
1 0 0 0 2.0712711274319690e-02 1.7321630005220860e-02 1.0000183527685778e+00 7.1470919960150245e-02 -1.9801062492544919e-01 1.5756254519497421e+01 56
1 0 0 0 2.0712641383132450e-02 1.7321633127412871e-02 1.0000183464287926e+00 7.1471919960150246e-02 -1.9802235997079989e-01 1.5756247849628034e+01 51
1 0 0 0 2.0712571987732940e-02 1.7321636543970727e-02 1.0000183400932814e+00 7.1472919960150247e-02 -1.9803409064546015e-01 1.5756241191125907e+01 53
1 0 0 0 2.0712232425626122e-02 1.7321658029485789e-02 1.0000183084796312e+00 7.1477919960150252e-02 -1.9809267874756553e-01 1.5756208068626767e+01 56
1 0 0 0 2.0711346849217910e-02 1.7321756907484873e-02 1.0000182205229413e+00 7.1491919960150252e-02 -1.9825615392796889e-01 1.5756116820644465e+01 49
1 0 1 1 2.0711111306954168e-02 1.7321795540818835e-02 1.0000181955428866e+00 7.1495919960150256e-02 1.9830270864753058e-01 1.5756091150655985e+01 58
1 0 0 0 2.0707796293214079e-02 1.7323799986742633e-02 1.0000176562454353e+00 7.1584919960150262e-02 -1.9932213344928798e-01 1.5755564190208709e+01 55
1 0 0 0 2.0707624983833887e-02 1.7326826492424546e-02 1.0000172528233671e+00 7.1654919960150262e-02 -2.0010390936209441e-01 1.5755205719094938e+01 53
1 0 0 0 2.0708659721232286e-02 1.7329588700478460e-02 1.0000169859091699e+00 7.1702919960150269e-02 -2.0063098262340912e-01 1.5754986465349441e+01 54
1 0 0 0 2.0709355280845311e-02 1.7330897409501108e-02 1.0000168769092665e+00 7.1722919960150275e-02 -2.0084860354485379e-01 1.5754901217726736e+01 53
1 0 0 0 2.0709593585760539e-02 1.7331307716763621e-02 1.0000168444564823e+00 7.1728919960150281e-02 -2.0091367086545769e-01 1.5754876329018574e+01 46
1 0 0 0 2.0709676034637935e-02 1.7331446285618411e-02 1.0000168336639856e+00 7.1730919960150283e-02 -2.0093533787624246e-01 1.5754868102540945e+01 50
1 0 0 0 2.0710020827433458e-02 1.7332009517685272e-02 1.0000167906187725e+00 7.1738919960150277e-02 -2.0102189645292842e-01 1.5754835543865033e+01 48
1 0 0 0 2.0710202184687831e-02 1.7332296485797767e-02 1.0000167691706583e+00 7.1742919960150281e-02 -2.0106511058881971e-01 1.5754819472060088e+01 55
1 0 1 1 2.0710681543939343e-02 1.7333029417183239e-02 1.0000167157659581e+00 7.1752919960150277e-02 2.0117295829134590e-01 1.5754779894204001e+01 56
1 0 0 0 2.0710883619320618e-02 1.7333328762189230e-02 1.0000166944897670e+00 7.1756919960150281e-02 -2.0121602309065381e-01 1.5754764302548882e+01 43
1 0 1 1 2.0711197737692814e-02 1.7333784355443214e-02 1.0000166626666489e+00 7.1762919960150287e-02 2.0128054161254827e-01 1.5754741170281026e+01 62
1 0 0 0 2.0711469547541446e-02 1.7334170018751035e-02 1.0000166362305192e+00 7.1767919960150292e-02 -2.0133423554572732e-01 1.5754722126404520e+01 49
1 0 1 1 2.0712339359329215e-02 1.7335359510981918e-02 1.0000165573715323e+00 7.1782919960150293e-02 2.0149493310942412e-01 1.5754666257090005e+01 67
1 0 0 0 2.0712900081478330e-02 1.7336096420905611e-02 1.0000165103764991e+00 7.1791919960150288e-02 -2.0159107956308639e-01 1.5754633637553932e+01 48
1 0 0 0 2.0713093412536410e-02 1.7336345898102290e-02 1.0000164947643901e+00 7.1794919960150291e-02 -2.0162308373203514e-01 1.5754622913680311e+01 53
1 0 0 0 2.0714178337817760e-02 1.7337708630142203e-02 1.0000164119423227e+00 7.1810919960150293e-02 -2.0179340160096368e-01 1.5754566971637942e+01 58
1 0 0 0 2.0717621453540613e-02 1.7341731061782453e-02 1.0000161879447425e+00 7.1854919960150296e-02 -2.0225866738601556e-01 1.5754423837647098e+01 49
1 0 0 0 2.0718407263548108e-02 1.7342602627526509e-02 1.0000161427916889e+00 7.1863919960150291e-02 -2.0235329560901344e-01 1.5754396463357475e+01 49
1 0 0 0 2.0718675265403608e-02 1.7342896780359024e-02 1.0000161277899244e+00 7.1866919960150294e-02 -2.0238479891077404e-01 1.5754387480386100e+01 50
1 0 0 0 2.0718765271048465e-02 1.7342995233441481e-02 1.0000161227947861e+00 7.1867919960150295e-02 -2.0239529566195633e-01 1.5754384501771119e+01 65
1 0 0 0 2.0721025457773243e-02 1.7345418016941411e-02 1.0000160037216734e+00 7.1891919960150291e-02 -2.0264657569885100e-01 1.5754315356852484e+01 74
1 0 1 1 2.0722329184490428e-02 1.7346777947166020e-02 1.0000159398654900e+00 7.1904919960150290e-02 2.0278218221097102e-01 1.5754279765360161e+01 64
1 0 0 0 2.0723581595874452e-02 1.7348062604982121e-02 1.0000158813154689e+00 7.1916919960150288e-02 -2.0290705221359795e-01 1.5754248061015467e+01 46
1 0 0 0 2.0724990948980841e-02 1.7349485820017933e-02 1.0000158183082688e+00 7.1929919960150288e-02 -2.0304200459212346e-01 1.5754214950057822e+01 67
1 0 0 0 2.0725547464540445e-02 1.7350041874236669e-02 1.0000157941905141e+00 7.1934919960150293e-02 -2.0309382133285550e-01 1.5754202555122784e+01 51
1 0 0 0 2.0726684434109938e-02 1.7351168330990454e-02 1.0000157461463333e+00 7.1944919960150289e-02 -2.0319731049336276e-01 1.5754178328863555e+01 49
1 0 0 0 2.0726799880109781e-02 1.7351282025100789e-02 1.0000157413558779e+00 7.1945919960150290e-02 -2.0320764892452292e-01 1.5754175947439952e+01 43
1 0 0 0 2.0742593098162409e-02 1.7365999877292496e-02 1.0000151932413470e+00 7.2063919960150283e-02 -2.0441516775684052e-01 1.5753946310493118e+01 52
1 0 0 0 2.0750871774962161e-02 1.7373277459361288e-02 1.0000149619845768e+00 7.2115919960150279e-02 -2.0494023837405784e-01 1.5753876540183686e+01 70
1 0 0 0 2.0762489762918192e-02 1.7383181635111183e-02 1.0000146769525446e+00 7.2181919960150276e-02 -2.0560131420764072e-01 1.5753814716356352e+01 52
1 0 0 0 2.0763419441686030e-02 1.7383961726020535e-02 1.0000146557335443e+00 7.2186919960150281e-02 -2.0565117029820223e-01 1.5753811231980421e+01 47
1 0 0 0 2.0768558284853345e-02 1.7388245526132395e-02 1.0000145420390478e+00 7.2213919960150280e-02 -2.0591987973413078e-01 1.5753795301623677e+01 59
1 0 0 0 2.0770315406656699e-02 1.7389700028074603e-02 1.0000145044704538e+00 7.2222919960150275e-02 -2.0600926236037201e-01 1.5753791068638659e+01 50
1 0 0 0 2.0771103394513123e-02 1.7390350711053017e-02 1.0000144878256605e+00 7.2226919960150279e-02 -2.0604895875929363e-01 1.5753789359452735e+01 55
1 0 0 0 2.0775921842879838e-02 1.7394309266280782e-02 1.0000143886272939e+00 7.2250919960150276e-02 -2.0628676938948498e-01 1.5753781320598350e+01 50
1 0 0 0 2.0779636807663388e-02 1.7397339029733491e-02 1.0000143149741285e+00 7.2268919960150280e-02 -2.0646472708841054e-01 1.5753777773609778e+01 49
1 0 0 0 2.0779845719928802e-02 1.7397508869558497e-02 1.0000143109008266e+00 7.2269919960150281e-02 -2.0647460388008071e-01 1.5753777638685222e+01 54
1 0 0 0 2.0781949401069946e-02 1.7399216029172309e-02 1.0000142702743833e+00 7.2279919960150277e-02 -2.0657331657119982e-01 1.5753776648202022e+01 52
1 0 0 0 2.0782585656633067e-02 1.7399731277203772e-02 1.0000142581241080e+00 7.2282919960150280e-02 -2.0660291100331951e-01 1.5753776478098189e+01 53
1 0 1 1 2.0784938864701390e-02 1.7401632720428429e-02 1.0000142137209338e+00 7.2293919960150277e-02 2.0671134879193895e-01 1.5753776354997733e+01 61
1 1 0 0 2.0784508643381730e-02 1.7401285579833319e-02 1.0000142217770089e+00 7.2291919960150275e-02 -2.0669164153156447e-01 1.5753776318925720e+01 50
