isScalarized | massIncreased | isMonotoneInside | isMonotoneOutside | mass_Baryon | mass_ADM | AST(radius) | radius  |  phi_c | rho_c | ctr |
1 0 1 1 9.3024424643703451e-04 9.2663098361946833e-04 9.9999760644729974e-01 3.2938429999999996e-01 9.2565678526379167e-04 2.4400412968736637e-01 10
1 0 1 1 9.2469015049825962e-04 9.2107823008521226e-04 9.9999563341188935e-01 3.2638429999999996e-01 1.2526416476645885e-03 2.5222447518286872e-01 10
1 0 1 1 9.1376218527184673e-04 9.1015136840507131e-04 9.9999159231015555e-01 3.2038429999999996e-01 1.7444928974266211e-03 2.6956718913700928e-01 10
1 0 1 1 9.1196426493686631e-04 9.0835342270854155e-04 9.9999090578831573e-01 3.1938429999999995e-01 1.8153711950308806e-03 2.7257972240131212e-01 10
1 0 1 1 9.1017304137070668e-04 9.0656211296833702e-04 9.9999021538686883e-01 3.1838429999999995e-01 1.8840991383881225e-03 2.7562836565387849e-01 10
1 0 1 1 8.0150446375066209e-04 7.9770613146963164e-04 9.9992702564609881e-01 2.4838429999999997e-01 5.2546035479000249e-03 6.1843521867503526e-01 10
1 0 1 1 7.9072279064289880e-04 7.8687204367008110e-04 9.9991641839083667e-01 2.4001532177663176e-01 5.6224342713863474e-03 6.8504016254554057e-01 27
1 1 1 1 8.0611766705455435e-04 8.0020707756889558e-04 9.9960293817233792e-01 1.5364634355326356e-01 9.8310638950872917e-03 1.0874154573357759e+00 29
1 1 1 1 8.3593973425639045e-04 8.2938464284169455e-04 9.9950361602982540e-01 1.4511043557808226e-01 1.0492065659746492e-02 1.1278479895401123e+00 23
1 1 1 1 8.7938889577635938e-04 8.7191850781161021e-04 9.9936190089314236e-01 1.3657452760290095e-01 1.1305973057102934e-02 1.1755333272993187e+00 23
1 1 1 1 9.4526465803275125e-04 9.3640069449481094e-04 9.9914713311968195e-01 1.2803861962771965e-01 1.2369876043268949e-02 1.2350090976048105e+00 23
1 1 1 1 1.0538427402881920e-03 1.0425713876272621e-03 9.9878928169970949e-01 1.1950271165253834e-01 1.3897869839182635e-02 1.3158935556022819e+00 23
1 1 1 1 1.2690264424518548e-03 1.2524608954944570e-03 9.9807277180876686e-01 1.1096680367735703e-01 1.6534288731434914e-02 1.4457935420121004e+00 25
1 1 1 1 1.3601699152355989e-03 1.3411338528440159e-03 9.9777000318409592e-01 1.0891186286851709e-01 1.7562437623290111e-02 1.4937816370306927e+00 24
1 1 1 1 1.4874291678610358e-03 1.4647216964430098e-03 9.9735033607950785e-01 1.0685692205967715e-01 1.8940602446712130e-02 1.5561366224675048e+00 25
1 1 1 1 1.6899829196867435e-03 1.6608860255060772e-03 9.9669258012780693e-01 1.0480198125083720e-01 2.1030601240821047e-02 1.6469403263483908e+00 26
1 1 1 1 2.2184783500603048e-03 2.1696625342638542e-03 9.9504557423814288e-01 1.0274704044199726e-01 2.6084464834094642e-02 1.8515837833259348e+00 29
1 1 1 1 2.2732027262396494e-03 2.2221020042038813e-03 9.9488075928112285e-01 1.0267656922084362e-01 2.6583046901992348e-02 1.8708290978097917e+00 27
1 1 1 1 2.3483567829019488e-03 2.2940425287340939e-03 9.9465610515183611e-01 1.0260609799968998e-01 2.7261457534767650e-02 1.8967820391926551e+00 28
1 1 1 1 2.4299958573111547e-03 2.3720985612160567e-03 9.9441421631923133e-01 1.0255965079483415e-01 2.7990581802250412e-02 1.9243865605023105e+00 41
1 1 1 1 2.7869726090222111e-03 2.7122442790637213e-03 9.9338175974996545e-01 1.0262999349085256e-01 3.1091752780593861e-02 2.0387745475528884e+00 28
1 1 1 1 2.8779450564805340e-03 2.7986331798249492e-03 9.9312485689151309e-01 1.0270033618687097e-01 3.1861466101576162e-02 2.0664782838051412e+00 29
1 1 1 1 2.9534654975670030e-03 2.8702636634675843e-03 9.9291339007004797e-01 1.0277067888288938e-01 3.2494636323040178e-02 2.0890808527710636e+00 29
1 1 1 1 3.0203773406447688e-03 2.9336567051060423e-03 9.9272738885030565e-01 1.0284102157890779e-01 3.3051306996239420e-02 2.1088195476839697e+00 29
1 1 1 1 3.0816629593586127e-03 2.9916653817352546e-03 9.9255810802508826e-01 1.0291136427492620e-01 3.3557747818502626e-02 2.1266721867475407e+00 29
1 1 1 1 3.1389371454552703e-03 3.0458364529760487e-03 9.9240080268782194e-01 1.0298170697094461e-01 3.4028200361401847e-02 2.1431684330080620e+00 29
1 1 1 1 3.1930812949344839e-03 3.0969932842604448e-03 9.9225294169873157e-01 1.0305204966696302e-01 3.4470331937897163e-02 2.1585993119977296e+00 29
1 1 1 1 3.2448249149567916e-03 3.1458473550332981e-03 9.9211234119873815e-01 1.0312239236298143e-01 3.4890649058236904e-02 2.1732033439170277e+00 29
1 1 1 1 3.6517333579908365e-03 3.5287798329676559e-03 9.9102988660270430e-01 1.0375895034053070e-01 3.8124341781620684e-02 2.2836039059787354e+00 29
1 1 1 1 4.0068281718367684e-03 3.8611229949352382e-03 9.9011667556424643e-01 1.0439550831807998e-01 4.0850597133280653e-02 2.3743024036531035e+00 30
1 1 1 1 4.3406444131370188e-03 4.1720390284890590e-03 9.8928245343017651e-01 1.0503206629562925e-01 4.3340317854157324e-02 2.4555112679605964e+00 30
1 1 1 1 4.6644291087751559e-03 4.4722496085742025e-03 9.8849400502527951e-01 1.0566862427317852e-01 4.5693129401404520e-02 2.5310202175080621e+00 31
1 1 1 1 4.9838476897656071e-03 4.7671331733723362e-03 9.8773474547737172e-01 1.0630518225072780e-01 4.7958722757865065e-02 2.6027372082306348e+00 31
1 1 1 1 5.3022327311112883e-03 5.0597722339815457e-03 9.8699526378248981e-01 1.0694174022827707e-01 5.0165402606285159e-02 2.6717720488451198e+00 31
1 1 1 1 5.6218287573319460e-03 5.3523116465866143e-03 9.8626913927206539e-01 1.0757829820582634e-01 5.2332252916444298e-02 2.7388666550892848e+00 32
1 1 1 1 5.9442090833381825e-03 5.6461426551404365e-03 9.8555231451949865e-01 1.0821485618337562e-01 5.4471501427698993e-02 2.8045197009746174e+00 32
1 1 1 1 6.2705821398431043e-03 5.9423489456569391e-03 9.8484173809597608e-01 1.0885141416092489e-01 5.6592261328574645e-02 2.8691044560053851e+00 32
1 1 1 1 6.6019155103671841e-03 6.2417972498250386e-03 9.8413507423505187e-01 1.0948797213847417e-01 5.8701459995071106e-02 2.9329087993079224e+00 32
1 1 1 1 6.9390143557438227e-03 6.5451723481521583e-03 9.8343058243253512e-01 1.1012453011602344e-01 6.0804284542451383e-02 2.9961582917772800e+00 32
1 1 1 1 7.2825892369109500e-03 6.8530228226590688e-03 9.8272697166586287e-01 1.1076108809357271e-01 6.2904636071039910e-02 3.0590346244797750e+00 33
1 1 1 1 7.6332610032058702e-03 7.1658881845909350e-03 9.8202302900477945e-01 1.1139764607112199e-01 6.5006040459315087e-02 3.1216969280149334e+00 33
1 1 1 1 7.9916279174649003e-03 7.4842290441369547e-03 9.8131781529200057e-01 1.1203420404867126e-01 6.7111250332515901e-02 3.1842797900745246e+00 33
1 1 1 1 8.3582313470017752e-03 7.8083920442371885e-03 9.8061075922118279e-01 1.1267076202622053e-01 6.9222092753371323e-02 3.2468958532678514e+00 33
1 1 1 1 8.7336287555444033e-03 8.1388382696268285e-03 9.7990101025616450e-01 1.1330732000376981e-01 7.1340904864126337e-02 3.3096580787898682e+00 33
1 1 1 1 9.1183244528325446e-03 8.4759269816104925e-03 9.7918805077061766e-01 1.1394387798131908e-01 7.3469216904313836e-02 3.3726636942521533e+00 34
1 1 1 1 9.5128590894634751e-03 8.8200345662202070e-03 9.7847136073191343e-01 1.1458043595886835e-01 7.5608497451010115e-02 3.4360060690687604e+00 34
1 1 1 1 9.9177885065548400e-03 9.1714978232520662e-03 9.7775057861435477e-01 1.1521699393641763e-01 7.7759825811491018e-02 3.4997724057420792e+00 34
1 1 1 1 1.0333659952304439e-02 9.5307079314814035e-03 9.7702524208794439e-01 1.1585355191396690e-01 7.9924443623737657e-02 3.5640511292078103e+00 34
1 1 1 1 1.0761070835004487e-02 9.8980184311303013e-03 9.7629504843010939e-01 1.1649010989151617e-01 8.2103219570707167e-02 3.6289273103604853e+00 34
1 1 1 1 1.1200586751522065e-02 1.0273851548163697e-02 9.7555956417006007e-01 1.1712666786906545e-01 8.4297250770726875e-02 3.6944896867535570e+00 35
1 1 1 1 1.1652883309882667e-02 1.0658597113968642e-02 9.7481851179339751e-01 1.1776322584661472e-01 8.6507283574586605e-02 3.7608264148239940e+00 35
1 1 1 1 1.2118651634640296e-02 1.1052682003264454e-02 9.7407158443614683e-01 1.1839978382416400e-01 8.8734094425641091e-02 3.8280297712019116e+00 35
1 1 1 1 1.2598593499829792e-02 1.1456573800127089e-02 9.7331844511685528e-01 1.1903634180171327e-01 9.0978489794580786e-02 3.8961971071277501e+00 35
1 1 1 1 1.3093534526182764e-02 1.1870784826706187e-02 9.7255872655245224e-01 1.1967289977926254e-01 9.3241304599216812e-02 3.9654319337799069e+00 35
1 1 1 1 1.3604358838608971e-02 1.2295747101145929e-02 9.7179239021016750e-01 1.2030945775681182e-01 9.5522720562771030e-02 4.0358423204639067e+00 35
1 1 1 1 1.4131970591139508e-02 1.2732164201028788e-02 9.7101877005487958e-01 1.2094601573436109e-01 9.7824092352595926e-02 4.1075515992528668e+00 35
1 1 1 1 1.4677485442394283e-02 1.3180575625058932e-02 9.7023779662422993e-01 1.2158257371191036e-01 1.0014561462180824e-01 4.1806893817539699e+00 36
1 1 1 1 1.5241984010423799e-02 1.3641786159601793e-02 9.6944883365090584e-01 1.2221913168945964e-01 1.0248851772040354e-01 4.2554029955760297e+00 36
1 1 1 1 1.5826853079025018e-02 1.4116463282058853e-02 9.6865182534068983e-01 1.2285568966700891e-01 1.0485292854449121e-01 4.3318541146912706e+00 36
1 1 1 1 1.6433562310282167e-02 1.4605566093123043e-02 9.6784614322544404e-01 1.2349224764455818e-01 1.0723999707119737e-01 4.4102275764988237e+00 36
1 1 1 1 1.7063711134619953e-02 1.5110108280803647e-02 9.6703129387741571e-01 1.2412880562210746e-01 1.0965058378004330e-01 4.4907330497882683e+00 36
1 1 1 1 1.7719274239739933e-02 1.5631235547674413e-02 9.6620676780208703e-01 1.2476536359965673e-01 1.1208553567275072e-01 4.5736122046969587e+00 36
1 1 1 1 1.8402490316736915e-02 1.6170281927249779e-02 9.6537196567269268e-01 1.2540192157720600e-01 1.1454580973167873e-01 4.6591468585907361e+00 36
1 1 1 1 1.9115971915476475e-02 1.6728817052873702e-02 9.6452617705724075e-01 1.2603847955475528e-01 1.1703249564114145e-01 4.7476695796975195e+00 37
1 1 1 1 1.9862825863348768e-02 1.7308710168463377e-02 9.6366855177831146e-01 1.2667503753230455e-01 1.1954684545977295e-01 4.8395781050995001e+00 37
1 1 1 1 2.0646799122682302e-02 1.7912218875086993e-02 9.6279806030239823e-01 1.2731159550985383e-01 1.2209031350715953e-01 4.9353554031433342e+00 37
1 1 1 1 2.1472486298961223e-02 1.8542115529179191e-02 9.6191343734344481e-01 1.2794815348740310e-01 1.2466461158776720e-01 5.0355983425459883e+00 37
1 1 1 1 2.2345634254698692e-02 1.9201873002137874e-02 9.6101309891103992e-01 1.2858471146495237e-01 1.2727178792876553e-01 5.1410599572380038e+00 37
1 1 1 1 2.3273579307585470e-02 1.9895948042483312e-02 9.6009501559699106e-01 1.2922126944250165e-01 1.2991434418962522e-01 5.2527141130607768e+00 37
1 1 1 1 2.4266001299281310e-02 2.0630233517362841e-02 9.5915651002512925e-01 1.2985782742005092e-01 1.3259541658164217e-01 5.3718590242938538e+00 37
1 1 1 1 2.5336286510486142e-02 2.1412821966790986e-02 9.5819391434115253e-01 1.3049438539760019e-01 1.3531907170072369e-01 5.5002925579383053e+00 38
1 1 1 1 2.6503639911826880e-02 2.2255391375269221e-02 9.5720194767314803e-01 1.3113094337514947e-01 1.3809082442594084e-01 5.6406313755266106e+00 38
1 1 1 1 2.7797663715240541e-02 2.3175975528497712e-02 9.5617246972352710e-01 1.3176750135269874e-01 1.4091863350079262e-01 5.7969509581030927e+00 38
1 1 1 1 2.9268724591439338e-02 2.4205317175001167e-02 9.5509161747837235e-01 1.3240405933024801e-01 1.4381508968084850e-01 5.9762580762334858e+00 38
1 1 1 1 3.1017388305602196e-02 2.5404920108520357e-02 9.5393165016060810e-01 1.3304061730779729e-01 1.4680335196604377e-01 6.1926883846730281e+00 38
1 1 1 1 3.3319286540858160e-02 2.6944086376071145e-02 9.5261616249831238e-01 1.3367717528534656e-01 1.4994097768914885e-01 6.4854969328187719e+00 38
1 1 1 1 3.3743753321176344e-02 2.7222631677564814e-02 9.5240111567239061e-01 1.3376886059075488e-01 1.5041391019383743e-01 6.5407296967571495e+00 39
1 1 1 1 3.4211372945458861e-02 2.7527999524828269e-02 9.5217363950193334e-01 1.3386054589616320e-01 1.5089636916530111e-01 6.6021383708094596e+00 39
1 1 1 1 3.4742034629554858e-02 2.7871769400994846e-02 9.5192927344867084e-01 1.3395223120157151e-01 1.5139061544617269e-01 6.6725266096515350e+00 39
1 1 1 1 3.5371180618049058e-02 2.8276291737501628e-02 9.5165740447427427e-01 1.3404391650697983e-01 1.5190372639696123e-01 6.7570840524764959e+00 39
1 1 1 1 3.9594806501157168e-02 3.0893396847291185e-02 9.5039859694435003e-01 1.3413560181238815e-01 1.5298274868871400e-01 7.3649327870449284e+00 40
1 1 1 1 4.0354427841996436e-02 3.1344710680061096e-02 9.5029017310612673e-01 1.3404360208549351e-01 1.5266304419347859e-01 7.4841176500330429e+00 39
1 1 1 1 4.0913221619092305e-02 3.1672595183305216e-02 9.5023701617449652e-01 1.3395160235859888e-01 1.5230733275116976e-01 7.5743300269962814e+00 39
1 1 1 1 4.1372690751237964e-02 3.1939500628078564e-02 9.5021120357033229e-01 1.3385960263170424e-01 1.5193256386051976e-01 7.6502871331784981e+00 39
1 1 1 1 4.1770054236882931e-02 3.2168541618099886e-02 9.5020213045725987e-01 1.3376760290480960e-01 1.5154545281351164e-01 7.7174012550195661e+00 39
1 1 1 1 4.2122858007962033e-02 3.2369975057846626e-02 9.5020592974425300e-01 1.3367560317791496e-01 1.5114811620383040e-01 7.7781571596275345e+00 39
1 1 1 1 4.2442809564394973e-02 3.2551318945366808e-02 9.5021865651547466e-01 1.3358360345102033e-01 1.5074335625687196e-01 7.8342602449776972e+00 39
1 1 1 1 4.2736455484442167e-02 3.2716832189539920e-02 9.5023839443553426e-01 1.3349160372412569e-01 1.5033243494504467e-01 7.8867081944836750e+00 39
1 1 1 1 4.3008929441002555e-02 3.2869416171955719e-02 9.5026386670145768e-01 1.3339960399723105e-01 1.4991619637004136e-01 7.9361827995381153e+00 39
1 1 1 1 4.3263121858603600e-02 3.3010640657250297e-02 9.5029483339624776e-01 1.3330760427033642e-01 1.4949464699498755e-01 7.9830969206148659e+00 39
1 1 1 1 4.3502149070847818e-02 3.3142604534813727e-02 9.5032996677701165e-01 1.3321560454344178e-01 1.4906883173649357e-01 8.0279025558065982e+00 39
1 1 1 1 4.3727980129833893e-02 3.3266594587422191e-02 9.5036864816655597e-01 1.3312360481654714e-01 1.4863919735651479e-01 8.0708959033350229e+00 39
1 1 1 1 4.3942041383704306e-02 3.3383582044969773e-02 9.5041045008256808e-01 1.3303160508965250e-01 1.4820604595577336e-01 8.1123041509907772e+00 39
1 1 1 1 4.4145863259105356e-02 3.3494353955315782e-02 9.5045502597377030e-01 1.3293960536275787e-01 1.4776962624520160e-01 8.1523111852610590e+00 39
1 1 1 1 4.4340436865422862e-02 3.3599487912968795e-02 9.5050218824371679e-01 1.3284760563586323e-01 1.4733006033015125e-01 8.1910581297917631e+00 39
1 1 1 1 4.4526415522835004e-02 3.3699273484390391e-02 9.5055205592728997e-01 1.3275560590896859e-01 1.4688721210689112e-01 8.2286356162256826e+00 39
1 1 1 1 4.4704865224737544e-02 3.3794506477702477e-02 9.5060396454077467e-01 1.3266360618207396e-01 1.4644163929840179e-01 8.2651992657899118e+00 39
1 1 1 1 4.4876422520877125e-02 3.3885576903759707e-02 9.5065774213493970e-01 1.3257160645517932e-01 1.4599347242338045e-01 8.3008397887662149e+00 39
1 1 1 1 4.5041493278288922e-02 3.3972821378956700e-02 9.5071324024143922e-01 1.3247960672828468e-01 1.4554282562724410e-01 8.3356353889726229e+00 39
1 1 1 1 4.5200585821174796e-02 3.4056532854222769e-02 9.5077032959866004e-01 1.3238760700139005e-01 1.4508979951897905e-01 8.3696540502970560e+00 39
1 1 1 1 4.5354233522714234e-02 3.4136968175181984e-02 9.5082889682986116e-01 1.3229560727449541e-01 1.4463448339381602e-01 8.4029553125433250e+00 39
1 1 1 1 4.5502806814156006e-02 3.4214354036821264e-02 9.5088884182630307e-01 1.3220360754760077e-01 1.4417695699838093e-01 8.4355916693953858e+00 39
1 1 1 1 4.5646546403448979e-02 3.4288789093107709e-02 9.5095022986631961e-01 1.3211160782070613e-01 1.4371716169759841e-01 8.4675957017398105e+00 39
1 1 1 1 4.5785690020181430e-02 3.4360384472851328e-02 9.5101308964384934e-01 1.3201960809381150e-01 1.4325507206282473e-01 8.4989999135304064e+00 39
1 1 1 1 4.5920654688736538e-02 3.4429478429200265e-02 9.5107708581663108e-01 1.3192760836691686e-01 1.4279097031242866e-01 8.5298657436992098e+00 39
1 1 1 1 4.6051677449946378e-02 3.4496215872411168e-02 9.5114215423810067e-01 1.3183560864002222e-01 1.4232490968185532e-01 8.5602266038787445e+00 39
1 1 1 1 4.6178972949632184e-02 3.4560727984647203e-02 9.5120823681331190e-01 1.3174360891312759e-01 1.4185693882637496e-01 8.5901127099319439e+00 39
1 1 1 1 4.6302632789698740e-02 3.4623133980737006e-02 9.5127528072382739e-01 1.3165160918623295e-01 1.4138710236894197e-01 8.6195514939372710e+00 39
1 1 1 1 4.6422840178042185e-02 3.4683542588463907e-02 9.5134323777602758e-01 1.3155960945933831e-01 1.4091544136414288e-01 8.6485679503644413e+00 39
1 1 1 1 4.6539856040863144e-02 3.4742053301131649e-02 9.5141206384951904e-01 1.3146760973244367e-01 1.4044199369385640e-01 8.6771849288378675e+00 39
1 1 1 1 4.6653830027357401e-02 3.4798757443846348e-02 9.5148171842757812e-01 1.3137561000554904e-01 1.3996679440644180e-01 8.7054233832275631e+00 39
1 1 1 1 4.6764899938347253e-02 3.4853739086296784e-02 9.5155216419504762e-01 1.3128361027865440e-01 1.3948987600939716e-01 8.7333025847679284e+00 39
1 1 0 1 4.6873193007414299e-02 3.4907075828261414e-02 9.5162336669231196e-01 1.3119161055175976e-01 1.3901126872289907e-01 8.7608403053626365e+00 39
1 1 0 1 4.6978681246313325e-02 3.4958655416613575e-02 9.5169559259286929e-01 1.3109961082486513e-01 1.3853076094685551e-01 8.7880290196127788e+00 39
1 1 0 1 4.7081613020477059e-02 3.5008717574126304e-02 9.5176853534893657e-01 1.3100761109797049e-01 1.3804860276425254e-01 8.8149066756116916e+00 39
1 1 0 1 4.7182100516415984e-02 3.5057337638112834e-02 9.5184214561183600e-01 1.3091561137107585e-01 1.3756483631161451e-01 8.8414891545308905e+00 39
1 1 0 1 4.7280238225647184e-02 3.5104573184686017e-02 9.5191639772002523e-01 1.3082361164418121e-01 1.3707948460278385e-01 8.8677895929983279e+00 39
1 1 0 1 4.7376114383739912e-02 3.5150477961617757e-02 9.5199126770584586e-01 1.3073161191728658e-01 1.3659256923174862e-01 8.8938202440880669e+00 39
1 1 0 1 4.7469811539507092e-02 3.5195102237205081e-02 9.5206673314140033e-01 1.3063961219039194e-01 1.3610411049046334e-01 8.9195925584475262e+00 39
1 1 0 1 4.7561328445990668e-02 3.5238493109243853e-02 9.5214277300208461e-01 1.3054761246349730e-01 1.3561412747375931e-01 8.9451172561106329e+00 39
1 1 0 1 4.7650735726553164e-02 3.5280694779518472e-02 9.5221936754528969e-01 1.3045561273660267e-01 1.3512263817328998e-01 8.9704043902606383e+00 39
1 1 0 1 4.7738181987094792e-02 3.5321748798422807e-02 9.5229649820233775e-01 1.3036361300970803e-01 1.3462965956168363e-01 8.9954634040263546e+00 39
1 1 0 1 4.7823731579582064e-02 3.5361694283565843e-02 9.5237414748182592e-01 1.3027161328281339e-01 1.3413520766839213e-01 9.0203031812118599e+00 39
1 1 0 1 4.7907445195502441e-02 3.5400568115706132e-02 9.5245229888304550e-01 1.3017961355591876e-01 1.3363929764797269e-01 9.0449320917410372e+00 39
1 1 0 1 4.7989380153417908e-02 3.5438405114798628e-02 9.5253093681813872e-01 1.3008761382902412e-01 1.3314194384193731e-01 9.0693580324667469e+00 39
1 1 0 1 4.8069590658057194e-02 3.5475238198594529e-02 9.5261004654198511e-01 1.2999561410212948e-01 1.3264315983472602e-01 9.0935884639183922e+00 39
1 1 0 1 4.8148116084384462e-02 3.5511082273526735e-02 9.5268964224977915e-01 1.2990361437523484e-01 1.3214293722987730e-01 9.1176283892914167e+00 39
1 1 0 1 4.8224924642101409e-02 3.5545856630838361e-02 9.5276990303947806e-01 1.2981161464834021e-01 1.3164114356963671e-01 9.1414706056342041e+00 39
1 1 0 1 4.8300156860628919e-02 3.5579716995175543e-02 9.5285059606059275e-01 1.2971961492144557e-01 1.3113795737025327e-01 9.1651376249649115e+00 39
1 1 0 1 4.8373856549652587e-02 3.5612689948777303e-02 9.5293170934416505e-01 1.2962761519455093e-01 1.3063338966496521e-01 9.1886354548040075e+00 39
1 1 0 1 4.8446065380678562e-02 3.5644800768123472e-02 9.5301323150147876e-01 1.2953561546765630e-01 1.3012745094326417e-01 9.2119698044739735e+00 39
1 1 0 1 4.8516823031851640e-02 3.5676073512563210e-02 9.5309515168472481e-01 1.2944361574076166e-01 1.2962015118341916e-01 9.2351461055629649e+00 39
1 1 0 1 4.8586167320314851e-02 3.5706531105327878e-02 9.5317745955107891e-01 1.2935161601386702e-01 1.2911149988244000e-01 9.2581695306137171e+00 39
1 1 0 1 4.8654134323443878e-02 3.5736195407702162e-02 9.5326014522975000e-01 1.2925961628697238e-01 1.2860150608369417e-01 9.2810450102335746e+00 39
1 1 0 1 4.8720758490092171e-02 3.5765087287089950e-02 9.5334319929178724e-01 1.2916761656007775e-01 1.2809017840231807e-01 9.3037772487836587e+00 39
1 1 0 1 4.8785997118534118e-02 3.5793226679543391e-02 9.5342661272230400e-01 1.2907561683318311e-01 1.2757752504879435e-01 9.3263707387837584e+00 39
1 1 0 1 4.8849907704676489e-02 3.5820632647323804e-02 9.5351037689493334e-01 1.2898361710628847e-01 1.2706355385065204e-01 9.3488297741687525e+00 39
1 1 0 1 4.8912569833374706e-02 3.5847323431923261e-02 9.5359448354827447e-01 1.2889161737939384e-01 1.2654827227271909e-01 9.3711584624910138e+00 39
1 1 0 1 4.8974012405885024e-02 3.5873316503042152e-02 9.5367892476413496e-01 1.2879961765249920e-01 1.2603168743578541e-01 9.3933607361897167e+00 39
1 1 0 1 4.9034263131222500e-02 3.5898628603841284e-02 9.5376369294742058e-01 1.2870761792560456e-01 1.2551380613406390e-01 9.4154403629934773e+00 39
1 1 0 1 4.9093348594742035e-02 3.5923275792841595e-02 9.5384878080754532e-01 1.2861561819870992e-01 1.2499463485130811e-01 9.4374009555507037e+00 39
1 1 0 1 4.9151294321662896e-02 3.5947273482734604e-02 9.5393418134115471e-01 1.2852361847181529e-01 1.2447417977599592e-01 9.4592459803437769e+00 39
1 1 0 1 4.9208124836079829e-02 3.5970636476425115e-02 9.5401988781612324e-01 1.2843161874492065e-01 1.2395244681532250e-01 9.4809787659660749e+00 39
1 1 0 1 4.9263863715754967e-02 3.5993379000504713e-02 9.5410589375666632e-01 1.2833961901802601e-01 1.2342944160841281e-01 9.5026025108006955e+00 39
1 1 0 1 4.9318533643140913e-02 3.6015514736408856e-02 9.5419219292949298e-01 1.2824761929113138e-01 1.2290516953854486e-01 9.5241202901687032e+00 39
1 1 0 1 4.9372098632967355e-02 3.6036971212491019e-02 9.5427893933514318e-01 1.2815561956423674e-01 1.2237952472344889e-01 9.5455244546566238e+00 39
1 1 0 1 4.9424626541507449e-02 3.6057829693466520e-02 9.5436600035670738e-01 1.2806361983734210e-01 1.2185260086079981e-01 9.5668263735617352e+00 39
1 1 0 1 4.9476149613957278e-02 3.6078120084070985e-02 9.5445333745436456e-01 1.2797162011044746e-01 1.2132442557520021e-01 9.5880309830684389e+00 39
1 1 0 1 4.9526687374277276e-02 3.6097854150840547e-02 9.5454094522706001e-01 1.2787962038355283e-01 1.2079500334557686e-01 9.6091409256981901e+00 39
1 1 0 1 4.9576258659905725e-02 3.6117043242354444e-02 9.5462881846020819e-01 1.2778762065665819e-01 1.2026433844552199e-01 9.6301587501019039e+00 39
1 1 0 1 4.9624881655564841e-02 3.6135698309877382e-02 9.5471695211649743e-01 1.2769562092976355e-01 1.1973243495163588e-01 9.6510869157793060e+00 39
1 1 0 1 4.9672573924943765e-02 3.6153829926716619e-02 9.5480534132722561e-01 1.2760362120286892e-01 1.1919929675147677e-01 9.6719277974982525e+00 39
1 1 0 1 4.9719352440380664e-02 3.6171448306336534e-02 9.5489398138423043e-01 1.2751162147597428e-01 1.1866492755102914e-01 9.6926836894328048e+00 39
1 1 0 1 4.9765233610794081e-02 3.6188563319411206e-02 9.5498286773224539e-01 1.2741962174907964e-01 1.1812933088171129e-01 9.7133568090563802e+00 39
1 1 0 1 4.9810233307874818e-02 3.6205184509819320e-02 9.5507199596177950e-01 1.2732762202218501e-01 1.1759251010705525e-01 9.7339493007873621e+00 39
1 1 0 1 4.9854366890784867e-02 3.6221321109715002e-02 9.5516136180236122e-01 1.2723562229529037e-01 1.1705446842892041e-01 9.7544632394285173e+00 39
1 1 0 1 4.9897599845091740e-02 3.6236982053675149e-02 9.5525096111623020e-01 1.2714362256839573e-01 1.1651520889349215e-01 9.7749006333892776e+00 39
1 1 0 1 4.9939948344892092e-02 3.6252175992062798e-02 9.5534078989235416e-01 1.2705162284150109e-01 1.1597473439682608e-01 9.7952634277325838e+00 39
1 1 0 1 4.9981473918534546e-02 3.6266911303609380e-02 9.5543084424079461e-01 1.2695962311460646e-01 1.1543304769021483e-01 9.8155535070377979e+00 39
1 1 0 1 5.0022190107442674e-02 3.6281196107296673e-02 9.5552112038741932e-01 1.2686762338771182e-01 1.1489015138513436e-01 9.8357726981064229e+00 39
1 1 0 1 5.0062110043681787e-02 3.6295038273554174e-02 9.5561161466887234e-01 1.2677562366081718e-01 1.1434604795810681e-01 9.8559227725083893e+00 39
1 1 0 1 5.0101246467373177e-02 3.6308445434866048e-02 9.5570232352783169e-01 1.2668362393392255e-01 1.1380073975513440e-01 9.8760054489970077e+00 39
1 1 0 1 5.0139611743116208e-02 3.6321424995785098e-02 9.5579324350852812e-01 1.2659162420702791e-01 1.1325422899605715e-01 9.8960223957821967e+00 39
1 1 0 1 5.0177217875569821e-02 3.6333984142422837e-02 9.5588437125250814e-01 1.2649962448013327e-01 1.1270651777854618e-01 9.9159752326888615e+00 39
1 1 0 1 5.0214076524158671e-02 3.6346129851409531e-02 9.5597570349461269e-01 1.2640762475323863e-01 1.1215760808206339e-01 9.9358655331904266e+00 39
1 1 0 1 5.0250199017064297e-02 3.6357868898412367e-02 9.5606723705915997e-01 1.2631562502634400e-01 1.1160750177146554e-01 9.9556948263453933e+00 39
1 1 0 1 5.0285596364442908e-02 3.6369207866193139e-02 9.5615896885635032e-01 1.2622362529944936e-01 1.1105620060056108e-01 9.9754645986224926e+00 39
1 1 0 1 5.0320279271016774e-02 3.6380153152271874e-02 9.5625089587882750e-01 1.2613162557255472e-01 1.1050370621536887e-01 9.9951762956418282e+00 39
1 1 0 1 5.0354258147973958e-02 3.6390710976173184e-02 9.5634301519842313e-01 1.2603962584566009e-01 1.0995002015737024e-01 1.0014831323816944e+01 39
1 1 0 1 5.0387524876717063e-02 3.6400857919287093e-02 9.5643538342093948e-01 1.2594762611876545e-01 1.0939510694980667e-01 1.0034427407820179e+01 39
1 1 0 1 5.0420080819667479e-02 3.6410585808489423e-02 9.5652802677056759e-01 1.2585562639187081e-01 1.0883895038233181e-01 1.0053964143358389e+01 39
1 1 0 1 5.0451962857006101e-02 3.6419944293595484e-02 9.5662085417238674e-01 1.2576362666497617e-01 1.0828160676018814e-01 1.0073448260276550e+01 39
1 1 0 1 5.0483180326672171e-02 3.6428938948083557e-02 9.5671386297317873e-01 1.2567162693808154e-01 1.0772307724276471e-01 1.0092881022309507e+01 39
1 1 0 1 5.0513742324658460e-02 3.6437575198719097e-02 9.5680705058511950e-01 1.2557962721118690e-01 1.0716336289846611e-01 1.0112263661096685e+01 39
1 1 0 1 5.0543657713855425e-02 3.6445858330939628e-02 9.5690041448339336e-01 1.2548762748429226e-01 1.0660246470702074e-01 1.0131597377400096e+01 39
1 1 0 1 5.0572935132457732e-02 3.6453793493972736e-02 9.5699395220384709e-01 1.2539562775739763e-01 1.0604038356186464e-01 1.0150883342260830e+01 39
1 1 0 1 5.0601583002009405e-02 3.6461385705732652e-02 9.5708766134080780e-01 1.2530362803050299e-01 1.0547712027224543e-01 1.0170122698106594e+01 39
1 1 0 1 5.0629609535053972e-02 3.6468639857482922e-02 9.5718153954497753e-01 1.2521162830360835e-01 1.0491267556537055e-01 1.0189316559802240e+01 39
1 1 0 1 5.0657022742472302e-02 3.6475560718300520e-02 9.5727558452141548e-01 1.2511962857671372e-01 1.0434705008833818e-01 1.0208466015659889e+01 39
1 1 0 1 5.0683830440440655e-02 3.6482152939310883e-02 9.5736979402763289e-01 1.2502762884981908e-01 1.0378024441012103e-01 1.0227572128393186e+01 39
1 1 0 1 5.0710040257129475e-02 3.6488421057761705e-02 9.5746416587175065e-01 1.2493562912292444e-01 1.0321225902332749e-01 1.0246635936038770e+01 39
1 1 0 1 5.0735659639070861e-02 3.6494369500903720e-02 9.5755869791074522e-01 1.2484362939602980e-01 1.0264309434601136e-01 1.0265658452829033e+01 39
1 1 0 1 5.0760695857280901e-02 3.6500002589711943e-02 9.5765338804878541e-01 1.2475162966913517e-01 1.0207275072326191e-01 1.0284640670033188e+01 39
1 1 0 1 5.0785156013073846e-02 3.6505324542424840e-02 9.5774823423561772e-01 1.2465962994224053e-01 1.0150122842890692e-01 1.0303583556753606e+01 39
1 1 0 1 5.0809044069058638e-02 3.6510339477954644e-02 9.5784323446502706e-01 1.2456763021534589e-01 1.0092852766696397e-01 1.0322488060697225e+01 39
1 1 0 1 5.0832300098028957e-02 3.6515051419139161e-02 9.5793838677337873e-01 1.2447563048845126e-01 1.0035464857317657e-01 1.0341355108904724e+01 39
1 1 0 1 5.0855000479360757e-02 3.6519464295871412e-02 9.5803368923819920e-01 1.2438363076155662e-01 9.9779591216343180e-02 1.0360185608458533e+01 39
1 1 0 1 5.0877151696886842e-02 3.6523581948073293e-02 9.5812913997682647e-01 1.2429163103466198e-01 9.9203355599758195e-02 1.0378980447150974e+01 39
1 1 0 1 5.0898760090300865e-02 3.6527408128570575e-02 9.5822473714510681e-01 1.2419963130776734e-01 9.8625941662466729e-02 1.0397740494132568e+01 39
1 1 0 1 5.0919831859690137e-02 3.6530946505846901e-02 9.5832047893617123e-01 1.2410763158087271e-01 9.8047349280458301e-02 1.0416466600531908e+01 39
1 1 0 1 5.0940373069857194e-02 3.6534200666668071e-02 9.5841636357922544e-01 1.2401563185397807e-01 9.7467578267953908e-02 1.0435159600045468e+01 39
1 1 0 1 5.0960389654510531e-02 3.6537174118622000e-02 9.5851238933840599e-01 1.2392363212708343e-01 9.6886628378463333e-02 1.0453820309511805e+01 39
1 1 0 1 5.0979887420251849e-02 3.6539870292546538e-02 9.5860855451168214e-01 1.2383163240018880e-01 9.6304499305950836e-02 1.0472449529454684e+01 39
1 1 0 1 5.0998872050445405e-02 3.6542292544873109e-02 9.5870485742979639e-01 1.2373963267329416e-01 9.5721190685798735e-02 1.0491048044613263e+01 39
1 1 0 1 5.1017349108882948e-02 3.6544444159854077e-02 9.5880129645525958e-01 1.2364763294639952e-01 9.5136702095915820e-02 1.0509616624440500e+01 38
1 1 0 1 5.1035324043365964e-02 3.6546328351731029e-02 9.5889786998134818e-01 1.2355563321950488e-01 9.4551033057623149e-02 1.0528156023594764e+01 38
1 1 0 1 5.1052802189101042e-02 3.6547948266803527e-02 9.5899457643118380e-01 1.2346363349261025e-01 9.3964183036657226e-02 1.0546666982400824e+01 38
1 1 0 1 5.1069788772010662e-02 3.6549306985431837e-02 9.5909141425683031e-01 1.2337163376571561e-01 9.3376151443960290e-02 1.0565150227303604e+01 38
1 1 0 1 5.1086288911872640e-02 3.6550407523944013e-02 9.5918838193840683e-01 1.2327963403882097e-01 9.2786937636650718e-02 1.0583606471295186e+01 38
1 1 0 1 5.1102307625383626e-02 3.6551252836490147e-02 9.5928547798325814e-01 1.2318763431192634e-01 9.2196540918754483e-02 1.0602036414334176e+01 38
1 1 0 1 5.1117849829078840e-02 3.6551845816819382e-02 9.5938270092514666e-01 1.2309563458503170e-01 9.1604960542061242e-02 1.0620440743742428e+01 38
1 1 0 1 5.1132920342176778e-02 3.6552189300001210e-02 9.5948004932347042e-01 1.2300363485813706e-01 9.1012195706797291e-02 1.0638820134594882e+01 38
1 1 0 1 5.1147523889275785e-02 3.6552286064061933e-02 9.5957752176251709e-01 1.2291163513124242e-01 9.0418245562449873e-02 1.0657175250085414e+01 38
1 0 0 1 5.1161639433532503e-02 3.6552092911465932e-02 9.5967521851392523e-01 1.2281963540434779e-01 8.9823055850571709e-02 1.0675500934091216e+01 38
1 0 0 1 5.1175295542927393e-02 3.6551655224807168e-02 9.5977304419924592e-01 1.2272763567745315e-01 8.9226675429560129e-02 1.0693803221306350e+01 38
1 0 0 1 5.1188498627832056e-02 3.6550979111744826e-02 9.5987098975804364e-01 1.2263563595055851e-01 8.8629107366733781e-02 1.0712083182407905e+01 38
1 0 0 1 5.1201253057381484e-02 3.6550067138477728e-02 9.5996905385921005e-01 1.2254363622366388e-01 8.8030350619031486e-02 1.0730341436391331e+01 38
1 0 0 1 5.1213563118352123e-02 3.6548921821546676e-02 9.6006723519326909e-01 1.2245163649676924e-01 8.7430404095742223e-02 1.0748578592042398e+01 38
1 0 0 1 5.1225433017373811e-02 3.6547545629170092e-02 9.6016553247175307e-01 1.2235963676987460e-01 8.6829266658995638e-02 1.0766795248241237e+01 38
1 0 0 1 5.1236866883021544e-02 3.6545940982514520e-02 9.6026394442661134e-01 1.2226763704297997e-01 8.6226937124412290e-02 1.0784991994245971e+01 38
1 0 0 1 5.1247868767874960e-02 3.6544110256939821e-02 9.6036246980965456e-01 1.2217563731608533e-01 8.5623414261536607e-02 1.0803169409975027e+01 38
1 0 0 1 5.1258442650483876e-02 3.6542055783196761e-02 9.6046110739199086e-01 1.2208363758919069e-01 8.5018696794407836e-02 1.0821328066274294e+01 38
1 0 0 1 5.1268592437291434e-02 3.6539779848589193e-02 9.6055985596350990e-01 1.2199163786229605e-01 8.4412783401948757e-02 1.0839468525180875e+01 38
1 0 0 1 5.1278321964458529e-02 3.6537284698081311e-02 9.6065871433234906e-01 1.2189963813540142e-01 8.3805672718534813e-02 1.0857591340170943e+01 38
1 0 0 1 5.1287634999659541e-02 3.6534572535382559e-02 9.6075768132442341e-01 1.2180763840850678e-01 8.3197363334334862e-02 1.0875697056406016e+01 38
1 0 0 1 5.1296535243801358e-02 3.6531645523995619e-02 9.6085675578290797e-01 1.2171563868161214e-01 8.2587853795822133e-02 1.0893786210967029e+01 38
1 0 0 1 5.1305026332703951e-02 3.6528505788229929e-02 9.6095593656781042e-01 1.2162363895471751e-01 8.1977142606060344e-02 1.0911859333084964e+01 38
1 0 0 1 5.1313111838694359e-02 3.6525155414170049e-02 9.6105522255549192e-01 1.2153163922782287e-01 8.1365228225213873e-02 1.0929916944357501e+01 38
1 0 0 1 5.1320795272185298e-02 3.6521596450627379e-02 9.6115461263824375e-01 1.2143963950092823e-01 8.0752109070815467e-02 1.0947959558966465e+01 38
1 0 0 1 5.1328080083173945e-02 3.6517830910055185e-02 9.6125410572386438e-01 1.2134763977403359e-01 8.0137783518194214e-02 1.0965987683881069e+01 38
1 0 0 1 5.1334969662726861e-02 3.6513860769442484e-02 9.6135370073524540e-01 1.2125564004713896e-01 7.9522249900711592e-02 1.0984001819063320e+01 38
1 0 0 1 5.1341467344372858e-02 3.6509687971160505e-02 9.6145339660997331e-01 1.2116364032024432e-01 7.8905506510195206e-02 1.1002002457656792e+01 38
1 0 0 1 5.1347576405494859e-02 3.6505314423800686e-02 9.6155319229994751e-01 1.2107164059334968e-01 7.8287551597145399e-02 1.1019990086179252e+01 38
1 0 0 1 5.1353300068648695e-02 3.6500742002978946e-02 9.6165308677100869e-01 1.2097964086645505e-01 7.7668383371092650e-02 1.1037965184701823e+01 38
1 0 0 1 5.1358635886909525e-02 3.6495972552126547e-02 9.6175307900257179e-01 1.2088764113956041e-01 7.7048000000812217e-02 1.1055928227029227e+01 38
1 0 0 1 5.1363547643344311e-02 3.6491007883227608e-02 9.6185316798727771e-01 1.2079564141266577e-01 7.6426399614618598e-02 1.1073879680869469e+01 38
1 0 0 1 5.1368083513152051e-02 3.6485849777565596e-02 9.6195335273065363e-01 1.2070364168577113e-01 7.5803580300634180e-02 1.1091820007999466e+01 38
1 0 0 1 5.1372246516105891e-02 3.6480499986438666e-02 9.6205363225077778e-01 1.2061164195887650e-01 7.5179540106934922e-02 1.1109749664431204e+01 38
1 0 0 1 5.1376039623145291e-02 3.6474960231837009e-02 9.6215400557796427e-01 1.2051964223198186e-01 7.4554277041888620e-02 1.1127669100562677e+01 38
1 0 0 1 5.1379465757503830e-02 3.6469232207118972e-02 9.6225447175444545e-01 1.2042764250508722e-01 7.3927789074262451e-02 1.1145578761335505e+01 38
1 0 0 1 5.1382527795772591e-02 3.6463317577660123e-02 9.6235502983406673e-01 1.2033564277819259e-01 7.3300074133499787e-02 1.1163479086379416e+01 38
1 0 0 1 5.1385228568958004e-02 3.6457217981488418e-02 9.6245567888200256e-01 1.2024364305129795e-01 7.2671130109804458e-02 1.1181370510160027e+01 38
1 0 0 1 5.1387570863473224e-02 3.6450935029884696e-02 9.6255641797446523e-01 1.2015164332440331e-01 7.2040954854427894e-02 1.1199253462113635e+01 38
1 0 0 1 5.1389557422138583e-02 3.6444470307983506e-02 9.6265724619841808e-01 1.2005964359750868e-01 7.1409546179745542e-02 1.1217128366787795e+01 38
1 0 0 1 5.1391190945125044e-02 3.6437825375347885e-02 9.6275816265131742e-01 1.1996764387061404e-01 7.0776901859466515e-02 1.1234995643969800e+01 38
1 0 0 1 5.1392474090896992e-02 3.6431001766535263e-02 9.6285916644085012e-01 1.1987564414371940e-01 7.0143019628686076e-02 1.1252855708819212e+01 38
1 0 0 1 5.1393409477093990e-02 3.6424000991631511e-02 9.6296025668466267e-01 1.1978364441682476e-01 6.9507897184131459e-02 1.1270708971988659e+01 38
1 0 0 1 5.1393999681419854e-02 3.6416824536783653e-02 9.6306143251012710e-01 1.1969164468993013e-01 6.8871532184183265e-02 1.1288555839748865e+01 38
1 0 0 1 5.1394247242483065e-02 3.6409473864713569e-02 9.6316269305409585e-01 1.1959964496303549e-01 6.8233922249059525e-02 1.1306396714103927e+01 38
1 0 0 1 5.1394154660641261e-02 3.6401950415222810e-02 9.6326403746266431e-01 1.1950764523614085e-01 6.7595064960817686e-02 1.1324231992911159e+01 38
1 0 0 1 5.1393724398782994e-02 3.6394255605667031e-02 9.6336546489093711e-01 1.1941564550924622e-01 6.6954957863565409e-02 1.1342062069988181e+01 38
1 0 0 1 5.1392958883121703e-02 3.6386390831429589e-02 9.6346697450281404e-01 1.1932364578235158e-01 6.6313598463448642e-02 1.1359887335225714e+01 38
1 0 0 1 5.1391860503960642e-02 3.6378357466393486e-02 9.6356856547076908e-01 1.1923164605545694e-01 6.5670984228744442e-02 1.1377708174693566e+01 38
1 0 0 1 5.1390431616418909e-02 3.6370156863369738e-02 9.6367023697562948e-01 1.1913964632856230e-01 6.5027112589964062e-02 1.1395524970743121e+01 38
1 0 0 1 5.1388674541160660e-02 3.6361790354538522e-02 9.6377198820638643e-01 1.1904764660166767e-01 6.4381980939840266e-02 1.1413338102110343e+01 38
1 0 0 1 5.1386591565089026e-02 3.6353259251872577e-02 9.6387381835997332e-01 1.1895564687477303e-01 6.3735586633447319e-02 1.1431147944012576e+01 38
1 0 0 1 5.1384184942039307e-02 3.6344564847551004e-02 9.6397572664109332e-01 1.1886364714787839e-01 6.3087926988130927e-02 1.1448954868247871e+01 38
1 0 0 1 5.1381456893423411e-02 3.6335708414350409e-02 9.6407771226200567e-01 1.1877164742098376e-01 6.2438999283666322e-02 1.1466759243284653e+01 38
1 0 0 1 5.1378409608890202e-02 3.6326691206037987e-02 9.6417977444235081e-01 1.1867964769408912e-01 6.1788800762167799e-02 1.1484561434357373e+01 38
1 0 0 1 5.1375045246942891e-02 3.6317514457750583e-02 9.6428191240896910e-01 1.1858764796719448e-01 6.1137328628186612e-02 1.1502361803552143e+01 38
1 0 0 1 5.1371365935567799e-02 3.6308179386368648e-02 9.6438412539572005e-01 1.1849564824029984e-01 6.0484580048605151e-02 1.1520160709899079e+01 38
1 0 0 1 5.1367370547719594e-02 3.6298680638354862e-02 9.6448642893227143e-01 1.1840364851340521e-01 5.9830545752378055e-02 1.1537957626381166e+01 38
1 0 0 1 5.1363053107740975e-02 3.6289002960452794e-02 9.6458886333200433e-01 1.1831164878651057e-01 5.9175206906672370e-02 1.1555750684476815e+01 38
1 0 0 1 5.1358427105077209e-02 3.6279170723205037e-02 9.6469137029187912e-01 1.1821964905961593e-01 5.8518583315847146e-02 1.1573543357631179e+01 38
1 0 0 1 5.1353494550435287e-02 3.6269185074441261e-02 9.6479394906740579e-01 1.1812764933272130e-01 5.7860671997492938e-02 1.1591335993490599e+01 38
1 0 0 1 5.1348257426820566e-02 3.6259047145411789e-02 9.6489659892031843e-01 1.1803564960582666e-01 5.7201469931516633e-02 1.1609128937048281e+01 38
1 0 0 1 5.1342717690068700e-02 3.6248758051105071e-02 9.6499931911845294e-01 1.1794364987893202e-01 5.6540974059995364e-02 1.1626922530722728e+01 38
1 0 0 1 5.1336877269352210e-02 3.6238318890558292e-02 9.6510210893556592e-01 1.1785165015203738e-01 5.5879181287210436e-02 1.1644717114430593e+01 38
1 0 0 1 5.1330738067687502e-02 3.6227730747159126e-02 9.6520496765121555e-01 1.1775965042514275e-01 5.5216088479485378e-02 1.1662513025662031e+01 38
1 0 0 1 5.1324301962403819e-02 3.6216994688929624e-02 9.6530789455059074e-01 1.1766765069824811e-01 5.4551692465247638e-02 1.1680310599548411e+01 38
1 0 0 1 5.1317570805622381e-02 3.6206111768815163e-02 9.6541088892438975e-01 1.1757565097135347e-01 5.3885990034901979e-02 1.1698110168933169e+01 38
1 0 0 1 5.1310546424728994e-02 3.6195083024968162e-02 9.6551395006867469e-01 1.1748365124445884e-01 5.3218977940696348e-02 1.1715912064442993e+01 38
1 0 0 1 5.1303230622803286e-02 3.6183909481009004e-02 9.6561707728473423e-01 1.1739165151756420e-01 5.2550652896765769e-02 1.1733716614549547e+01 38
1 0 0 1 5.1295625179072026e-02 3.6172592146294182e-02 9.6572026987895543e-01 1.1729965179066956e-01 5.1881011578935217e-02 1.1751524145639269e+01 38
1 0 0 1 5.1287731849328569e-02 3.6161132016175337e-02 9.6582352716269115e-01 1.1720765206377493e-01 5.1210050624712108e-02 1.1769334982074218e+01 38
1 0 0 1 5.1279552366362620e-02 3.6149530072254021e-02 9.6592684845214449e-01 1.1711565233688029e-01 5.0537766633080183e-02 1.1787149446258748e+01 38
1 0 0 1 5.1271088440350651e-02 3.6137787282618780e-02 9.6603023306823255e-01 1.1702365260998565e-01 4.9864156164526531e-02 1.1804967858696569e+01 38
1 0 0 1 5.1262341759267929e-02 3.6125904602088782e-02 9.6613368033646363e-01 1.1693165288309101e-01 4.9189215740826728e-02 1.1822790538055932e+01 38
1 0 0 1 5.1253313989265650e-02 3.6113882972447671e-02 9.6623718958683336e-01 1.1683965315619638e-01 4.8512941845021286e-02 1.1840617801224443e+01 38
1 0 0 1 5.1244006775066075e-02 3.6101723322676145e-02 9.6634076015369930e-01 1.1674765342930174e-01 4.7835330921187899e-02 1.1858449963372838e+01 38
1 0 0 1 5.1234421740312328e-02 3.6089426569166513e-02 9.6644439137566196e-01 1.1665565370240710e-01 4.7156379374480487e-02 1.1876287338006449e+01 38
1 0 0 1 5.1224560487944840e-02 3.6076993615942597e-02 9.6654808259546554e-01 1.1656365397551247e-01 4.6476083570885451e-02 1.1894130237026282e+01 38
1 0 0 1 5.1214424600546628e-02 3.6064425354875022e-02 9.6665183315987235e-01 1.1647165424861783e-01 4.5794439837221354e-02 1.1911978970781334e+01 38
1 0 0 1 5.1204015640700144e-02 3.6051722665890983e-02 9.6675564241957401e-01 1.1637965452172319e-01 4.5111444460923689e-02 1.1929833848127080e+01 38
1 0 0 1 5.1193335151307202e-02 3.6038886417169534e-02 9.6685950972906876e-01 1.1628765479482855e-01 4.4427093690108818e-02 1.1947695176474634e+01 38
1 0 0 1 5.1182384655933021e-02 3.6025917465342741e-02 9.6696343444656585e-01 1.1619565506793392e-01 4.3741383733395908e-02 1.1965563261848629e+01 37
1 0 0 1 5.1171165659119576e-02 3.6012816655691351e-02 9.6706741593387957e-01 1.1610365534103928e-01 4.3054310759977663e-02 1.1983438408936577e+01 37
1 0 0 1 5.1159679646716048e-02 3.5999584822337366e-02 9.6717145355633227e-01 1.1601165561414464e-01 4.2365870899523733e-02 1.2001320921146101e+01 37
1 0 0 1 5.1147928086169442e-02 3.5986222788420660e-02 9.6727554668265048e-01 1.1591965588725001e-01 4.1676060242401856e-02 1.2019211100652484e+01 37
1 0 0 1 5.1135912426838792e-02 3.5972731366286134e-02 9.6737969468486085e-01 1.1582765616035537e-01 4.0984874839794190e-02 1.2037109248454428e+01 37
1 0 0 1 5.1123634100301442e-02 3.5959111357666176e-02 9.6748389693819981e-01 1.1573565643346073e-01 4.0292310703936074e-02 1.2055015664429803e+01 37
1 0 0 1 5.1111094520628758e-02 3.5945363553847164e-02 9.6758815282100730e-01 1.1564365670656609e-01 3.9598363808727208e-02 1.2072930647385409e+01 37
1 0 0 1 5.1098295084690375e-02 3.5931488735844445e-02 9.6769246171463119e-01 1.1555165697967146e-01 3.8903030090322255e-02 1.2090854495118405e+01 37
1 0 0 1 5.1085237172434274e-02 3.5917487674574956e-02 9.6779682300330971e-01 1.1545965725277682e-01 3.8206305448260196e-02 1.2108787504473021e+01 37
1 0 0 1 5.1071922147183299e-02 3.5903361131026400e-02 9.6790123607409295e-01 1.1536765752588218e-01 3.7508185746811612e-02 1.2126729971407832e+01 37
1 0 0 1 5.1058351355908527e-02 3.5889109856418584e-02 9.6800570031669753e-01 1.1527565779898755e-01 3.6808666817198583e-02 1.2144682191061847e+01 37
1 0 0 1 5.1044522108472941e-02 3.5874734592371546e-02 9.6811021512341511e-01 1.1518365807209291e-01 3.6107744460361600e-02 1.2162644457836018e+01 37
1 0 0 1 5.1030415131502575e-02 3.5860236071077176e-02 9.6821477988895965e-01 1.1509165834519827e-01 3.5405414451052143e-02 1.2180617065480931e+01 37
1 0 0 1 5.1016056538798725e-02 3.5845615015472267e-02 9.6831939401034395e-01 1.1499965861830364e-01 3.4701672543245868e-02 1.2198600307205810e+01 37
1 0 0 1 5.1001447616410393e-02 3.5830872139408027e-02 9.6842405688669753e-01 1.1490765889140900e-01 3.3996514477858612e-02 1.2216594475802552e+01 37
1 0 0 1 5.0986589635584646e-02 3.5816008147838134e-02 9.6852876791907216e-01 1.1481565916451436e-01 3.3289935993053452e-02 1.2234599863808263e+01 37
1 0 0 1 5.0971483853143935e-02 3.5801023737018406e-02 9.6863352651020995e-01 1.1472365943761972e-01 3.2581932838597547e-02 1.2252616763701239e+01 37
1 0 0 1 5.0956131511932741e-02 3.5785919594724942e-02 9.6873833206426230e-01 1.1463165971072509e-01 3.1872500795269432e-02 1.2270645468161478e+01 37
1 0 0 1 5.0940533841308824e-02 3.5770696400489931e-02 9.6884318398640701e-01 1.1453965998383045e-01 3.1161635701711456e-02 1.2288686270400047e+01 37
1 0 0 1 5.0924692057756314e-02 3.5755354825881727e-02 9.6894808168239777e-01 1.1444766025693581e-01 3.0449333490834132e-02 1.2306739464602536e+01 37
1 0 0 1 5.0908607365615345e-02 3.5739895534836509e-02 9.6905302455795495e-01 1.1435566053004118e-01 2.9735590239853275e-02 1.2324805346509999e+01 37
1 0 0 1 5.0892280958013306e-02 3.5724319184058377e-02 9.6915801201798601e-01 1.1426366080314654e-01 2.9020402238459683e-02 1.2342884214205373e+01 37
1 0 0 1 5.0875714018021038e-02 3.5708626423506418e-02 9.6926304346552683e-01 1.1417166107625190e-01 2.8303766082377207e-02 1.2360976369161405e+01 37
1 0 0 1 5.0858907720175352e-02 3.5692817897023679e-02 9.6936811830036007e-01 1.1407966134935726e-01 2.7585678801105889e-02 1.2379082117665488e+01 37
1 0 0 1 5.0841863232471335e-02 3.5676894243145588e-02 9.6947323591715862e-01 1.1398766162246263e-01 2.6866138032788780e-02 1.2397201772751330e+01 37
1 0 0 1 5.0824581718975081e-02 3.5660856096142474e-02 9.6957839570296944e-01 1.1389566189556799e-01 2.6145142263883946e-02 1.2415335656817211e+01 37
1 0 0 1 5.0807064343335873e-02 3.5644704087404805e-02 9.6968359703385532e-01 1.1380366216867335e-01 2.5422691157145787e-02 1.2433484105203091e+01 37
1 0 0 1 5.0789312273483635e-02 3.5628438847288765e-02 9.6978883927030235e-01 1.1371166244177872e-01 2.4698786001354101e-02 1.2451647471063774e+01 37
1 0 0 1 5.0771326687973073e-02 3.5612061007582040e-02 9.6989412175105738e-01 1.1361966271488408e-01 2.3973430327575214e-02 1.2469826132033049e+01 37
1 0 0 1 5.0753108784537107e-02 3.5595571204815858e-02 9.6999944378470837e-01 1.1352766298798944e-01 2.3246630754623722e-02 1.2488020499326726e+01 37
1 0 0 1 5.0734659791714813e-02 3.5578970084746468e-02 9.7010480463828019e-01 1.1343566326109480e-01 2.2518398148456176e-02 1.2506231030210797e+01 37
1 0 0 1 5.0715980984624154e-02 3.5562258308425708e-02 9.7021020352170562e-01 1.1334366353420017e-01 2.1788749213099822e-02 1.2524458245060838e+01 37
1 0 0 1 5.0697073706435565e-02 3.5545436560432332e-02 9.7031563956672073e-01 1.1325166380730553e-01 2.1057708673018340e-02 1.2542702750733099e+01 37
1 0 0 1 5.0677939397568643e-02 3.5528505560048156e-02 9.7042111179810175e-01 1.1315966408041089e-01 2.0325312266937429e-02 1.2560965272553643e+01 37
1 0 0 1 5.0658579635469991e-02 3.5511466076454321e-02 9.7052661909458215e-01 1.1306766435351626e-01 1.9591610851797128e-02 1.2579246698111110e+01 37
1 0 0 1 5.0638996188738156e-02 3.5494318949387885e-02 9.7063216013564602e-01 1.1297566462662162e-01 1.8856676023903816e-02 1.2597548137130703e+01 37
1 0 0 1 5.0619191090733394e-02 3.5477065117188740e-02 9.7073773332930180e-01 1.1288366489972698e-01 1.8120607805665535e-02 1.2615871003223015e+01 37
1 0 0 1 5.0599166739475329e-02 3.5459705654820546e-02 9.7084333671410061e-01 1.1279166517283234e-01 1.7383545132821157e-02 1.2634217125207153e+01 37
1 0 0 1 5.0578926032896071e-02 3.5442241825288545e-02 9.7094896782670803e-01 1.1269966544593771e-01 1.6645680111682593e-02 1.2652588898175360e+01 37
1 0 0 1 5.0558472551147544e-02 3.5424675148877559e-02 9.7105462352358052e-01 1.1260766571904307e-01 1.5907277303933282e-02 1.2670989487371234e+01 36
1 0 0 1 5.0537810800866403e-02 3.5407007495815407e-02 9.7116029974237883e-01 1.1251566599214843e-01 1.5168699620918765e-02 1.2689423101247330e+01 36
1 0 0 1 5.0516946539530129e-02 3.5389241209165090e-02 9.7126599118549795e-01 1.1242366626525380e-01 1.4430442730254966e-02 1.2707895353132887e+01 36
1 0 0 1 5.0495887200802725e-02 3.5371379265806989e-02 9.7137169090558395e-01 1.1233166653835916e-01 1.3693180090164908e-02 1.2726413732705220e+01 36
1 0 0 1 5.0474642442259868e-02 3.5353425483431483e-02 9.7147738977235043e-01 1.1223966681146452e-01 1.2957820627940738e-02 1.2744988206579229e+01 36
1 0 0 1 5.0453224832450176e-02 3.5335384779763258e-02 9.7158307580425096e-01 1.1214766708456989e-01 1.2225580299058774e-02 1.2763631957753896e+01 36
1 0 0 1 5.0431650680275518e-02 3.5317263484816737e-02 9.7168873336208017e-01 1.1205566735767525e-01 1.1498066709471885e-02 1.2782362250069280e+01 36
1 0 0 1 5.0409940979401588e-02 3.5299069695412258e-02 9.7179434223037420e-01 1.1196366763078061e-01 1.0777371851534283e-02 1.2801201357617318e+01 36
1 0 0 1 5.0388122386994270e-02 3.5280813640816040e-02 9.7189987666361455e-01 1.1187166790388597e-01 1.0066160983141165e-02 1.2820177422405463e+01 36
1 0 0 1 5.0366228076170083e-02 3.5262507998094092e-02 9.7200530455022316e-01 1.1177966817699134e-01 9.3677356350164841e-03 1.2839324996641324e+01 36
1 0 0 1 5.0344298205710909e-02 3.5244168059618441e-02 9.7211058693866925e-01 1.1168766845009670e-01 8.6860375003446778e-03 1.2858684911955876e+01 36
1 0 0 1 5.0322379674950637e-02 3.5225811627024567e-02 9.7221567824163779e-01 1.1159566872320206e-01 8.0255529875848750e-03 1.2878303059228497e+01 36
1 0 0 1 5.0300524843684184e-02 3.5207458511341660e-02 9.7232052742278430e-01 1.1150366899630743e-01 7.3910847768170907e-03 1.2898227761255361e+01 36
1 0 0 1 5.0278789069563554e-02 3.5189129585604356e-02 9.7242508030684871e-01 1.1141166926941279e-01 6.7873857757756763e-03 1.2918505765743660e+01 36
1 0 0 1 5.0257227262274148e-02 3.5170845468553188e-02 9.7252928282579998e-01 1.1131966954251815e-01 6.2187012635199551e-03 1.2939177444800668e+01 36
1 0 0 1 5.0235890057972209e-02 3.5152625071132350e-02 9.7263308463182563e-01 1.1122766981562351e-01 5.6883165871218014e-03 1.2960272314009172e+01 36
1 0 0 1 5.0214820453749448e-02 3.5134484325576101e-02 9.7273644228556311e-01 1.1113567008872888e-01 5.1982273946975018e-03 1.2981806112697381e+01 36
1 0 0 1 5.0194051632326854e-02 3.5116435373102495e-02 9.7283932133150020e-01 1.1104367036183424e-01 4.7490162421745859e-03 1.3003780225670704e+01 36
1 0 0 1 5.0173606291079927e-02 3.5098486326500131e-02 9.7294169696438659e-01 1.1095167063493960e-01 4.3399477885014614e-03 1.3026183392688903e+01 36
1 0 0 1 5.0153497307074781e-02 3.5080641540335786e-02 9.7304355344353699e-01 1.1085967090804497e-01 3.9692257663990049e-03 1.3048994929731558e+01 36
1 0 0 1 5.0133729264852066e-02 3.5062902206458260e-02 9.7314488269772015e-01 1.1076767118115033e-01 3.6343226252798459e-03 1.3072188427288721e+01 35
1 0 0 1 5.0114300324638629e-02 3.5045267075241103e-02 9.7324568260886590e-01 1.1067567145425569e-01 3.3323015055128496e-03 1.3095735085564154e+01 35
1 0 0 1 5.0095201783008539e-02 3.5027727365996381e-02 9.7334597274025336e-01 1.1058367172736105e-01 3.0600803662807698e-03 1.3119605332413135e+01 35
1 0 0 1 5.0076422734427986e-02 3.5010275291976055e-02 9.7344576920219728e-01 1.1049167200046642e-01 2.8146243837097306e-03 1.3143771710998289e+01 35
1 0 0 1 5.0057955403081417e-02 3.4992915257784224e-02 9.7354505104823952e-01 1.1039967227357178e-01 2.5930680250027568e-03 1.3168211466456368e+01 35
1 0 0 1 5.0039787404214532e-02 3.4975642062808981e-02 9.7364382601806787e-01 1.1030767254667714e-01 2.3927773096037298e-03 1.3192903393682272e+01 35
1 0 0 1 5.0021905960152296e-02 3.4958450373068793e-02 9.7374210225808711e-01 1.1021567281978251e-01 2.2113778187500474e-03 1.3217829276805707e+01 35
1 0 0 1 5.0004298299387420e-02 3.4941334872219121e-02 9.7383988795659993e-01 1.1012367309288787e-01 2.0467559208332455e-03 1.3242973677045827e+01 35
1 0 0 1 4.9986951907627614e-02 3.4924290356126431e-02 9.7393719111463506e-01 1.1003167336599323e-01 1.8970453387722737e-03 1.3268323629433015e+01 35
1 0 0 1 4.9969854676203060e-02 3.4907311788385201e-02 9.7403401941069767e-01 1.0993967363909860e-01 1.7606062638479715e-03 1.3293868314032242e+01 35
1 0 0 1 4.9952994981459067e-02 3.4890394329635671e-02 9.7413038012847741e-01 1.0984767391220396e-01 1.6360016040373776e-03 1.3319598738484121e+01 35
1 0 0 1 4.9936361719055050e-02 3.4873533349795163e-02 9.7422628012563250e-01 1.0975567418530932e-01 1.5219730922356861e-03 1.3345507449999030e+01 35
1 0 0 1 4.9919944309621052e-02 3.4856724429478389e-02 9.7432172582853749e-01 1.0966367445841468e-01 1.4174187429263955e-03 1.3371588283625186e+01 35
1 0 0 1 4.9903732686927084e-02 3.4839963354841429e-02 9.7441672324288109e-01 1.0957167473152005e-01 1.3213723675483820e-03 1.3397836147362323e+01 35
1 0 0 1 4.9887717275890475e-02 3.4823246108643284e-02 9.7451127797339498e-01 1.0947967500462541e-01 1.2329853937301058e-03 1.3424246841463320e+01 35
1 0 0 1 4.9871888965239621e-02 3.4806568859331866e-02 9.7460539524838263e-01 1.0938767527773077e-01 1.1515109709278530e-03 1.3450816907964334e+01 35
1 0 0 1 4.9856239077862741e-02 3.4789927949313001e-02 9.7469907994623495e-01 1.0929567555083614e-01 1.0762902088705013e-03 1.3477543506113660e+01 35
1 0 0 1 4.9840759340795564e-02 3.4773319883126354e-02 9.7479233662227105e-01 1.0920367582394150e-01 1.0067403344635451e-03 1.3504424309611482e+01 35
1 0 0 1 4.9825441855980042e-02 3.4756741315975649e-02 9.7488516953482507e-01 1.0911167609704686e-01 9.4234453578280746e-04 1.3531457421961312e+01 35
1 0 0 1 4.9810279072437930e-02 3.4740189042813424e-02 9.7497758266999368e-01 1.0901967637015222e-01 8.8264326817748945e-04 1.3558641306761411e+01 35
1 0 0 1 4.9795263760240037e-02 3.4723659988153958e-02 9.7506957976477093e-01 1.0892767664325759e-01 8.2722681561461721e-04 1.3585974730267969e+01 35
1 0 0 1 4.9780388986373790e-02 3.4707151196640862e-02 9.7516116432843691e-01 1.0883567691636295e-01 7.7572892328796903e-04 1.3613456713991949e+01 35
1 0 0 1 4.9765648092556125e-02 3.4690659824370182e-02 9.7525233966218550e-01 1.0874367718946831e-01 7.2782134114774398e-04 1.3641086495522185e+01 35
1 0 0 1 4.9751034674890351e-02 3.4674183130941796e-02 9.7534310887706555e-01 1.0865167746257368e-01 6.8320914059986145e-04 1.3668863496053772e+01 35
1 0 0 1 4.9736542565313915e-02 3.4657718472205813e-02 9.7543347491032073e-01 1.0855967773567904e-01 6.4162668694174867e-04 1.3696787293433999e+01 35
1 0 0 1 4.9722165814675826e-02 3.4641263293654967e-02 9.7552344054024731e-01 1.0846767800878440e-01 6.0283416812438974e-04 1.3724857599709093e+01 35
1 0 0 1 4.9707898677340184e-02 3.4624815124401430e-02 9.7561300839970100e-01 1.0837567828188976e-01 5.6661459585842088e-04 1.3753074242390584e+01 35
1 0 0 1 4.9693735597146710e-02 3.4608371571689771e-02 9.7570218098834782e-01 1.0828367855499513e-01 5.3277120835824496e-04 1.3781437148759874e+01 34
1 0 0 1 4.9679671194653767e-02 3.4591930315899862e-02 9.7579096068379745e-01 1.0819167882810049e-01 5.0112521513040085e-04 1.3809946332710764e+01 34
1 0 0 1 4.9665700255501197e-02 3.4575489105998572e-02 9.7587934975171264e-01 1.0809967910120585e-01 4.7151383368968907e-04 1.3838601883664966e+01 34
1 0 0 1 4.9651817719814258e-02 3.4559045755384550e-02 9.7596735035501436e-01 1.0800767937431122e-01 4.4378857592063955e-04 1.3867403957232325e+01 34
1 0 0 1 4.9638018672514238e-02 3.4542598138091532e-02 9.7605496456223162e-01 1.0791567964741658e-01 4.1781374846095701e-04 1.3896352767298772e+01 34
1 0 0 1 4.9624298334485957e-02 3.4526144185318255e-02 9.7614219435513061e-01 1.0782367992052194e-01 3.9346513696204979e-04 1.3925448579332336e+01 34
1 0 0 1 4.9610652054487059e-02 3.4509681882256976e-02 9.7622904163566127e-01 1.0773168019362730e-01 3.7062884875550627e-04 1.3954691704684727e+01 34
1 0 0 1 4.9597075301750844e-02 3.4493209265180624e-02 9.7631550823229540e-01 1.0763968046673267e-01 3.4920029228683989e-04 1.3984082495751711e+01 34
1 0 0 1 4.9583563659180263e-02 3.4476724418764489e-02 9.7640159590581799e-01 1.0754768073983803e-01 3.2908327495906716e-04 1.4013621341830705e+01 34
1 0 0 1 4.9570112817116901e-02 3.4460225473630042e-02 9.7648730635462933e-01 1.0745568101294339e-01 3.1018920371708746e-04 1.4043308665591441e+01 34
1 0 0 1 4.9556718567610167e-02 3.4443710604082634e-02 9.7657264121960774e-01 1.0736368128604876e-01 2.9243637501884934e-04 1.4073144920055634e+01 34
1 0 0 1 4.9543376799121630e-02 3.4427178026019023e-02 9.7665760208854602e-01 1.0727168155915412e-01 2.7574934276378919e-04 1.4103130585998132e+01 34
1 0 0 1 4.9530083491660090e-02 3.4410625994996467e-02 9.7674219050025091e-01 1.0717968183225948e-01 2.6005835435714678e-04 1.4133266169729898e+01 34
1 0 0 1 4.9516834712278537e-02 3.4394052804452444e-02 9.7682640794828990e-01 1.0708768210536485e-01 2.4529884649108314e-04 1.4163552201183800e+01 34
1 0 0 1 4.9503626610919879e-02 3.4377456784049333e-02 9.7691025588445257e-01 1.0699568237847021e-01 2.3141099336460776e-04 1.4193989232280860e+01 34
1 0 0 1 4.9490455416550082e-02 3.4360836298136202e-02 9.7699373572192583e-01 1.0690368265157557e-01 2.1833930107611918e-04 1.4224577835512324e+01 34
1 0 0 1 4.9477317433591947e-02 3.4344189744320922e-02 9.7707684883822854e-01 1.0681168292468093e-01 2.0603224274149594e-04 1.4255318602735334e+01 34
1 0 0 1 4.9464209038602679e-02 3.4327515552146588e-02 9.7715959657791507e-01 1.0671968319778630e-01 1.9444192963148014e-04 1.4286212144127797e+01 34
1 0 0 1 4.9451121887606711e-02 3.4310812181852640e-02 9.7724198025507802e-01 1.0662768347089166e-01 1.8352381421796291e-04 1.4317259087302434e+01 34
1 0 0 1 4.9438036075080551e-02 3.4294078123215367e-02 9.7732400115564588e-01 1.0653568374399702e-01 1.7323642156104698e-04 1.4348460076536103e+01 34
1 0 0 1 4.9424969351180410e-02 3.4277311894466075e-02 9.7740566053952938e-01 1.0644368401710239e-01 1.6354110590450669e-04 1.4379815772123305e+01 34
1 0 0 1 4.9411918356132366e-02 3.4260512041284011e-02 9.7748695964258614e-01 1.0635168429020775e-01 1.5440182975187119e-04 1.4411326849816415e+01 34
1 0 0 1 4.9398879788823284e-02 3.4243677135845599e-02 9.7756789967846036e-01 1.0625968456331311e-01 1.4578496301708124e-04 1.4442994000362418e+01 34
1 0 0 1 4.9385850404600223e-02 3.4226805775930819e-02 9.7764848184027042e-01 1.0616768483641847e-01 1.3765910014726696e-04 1.4474817929098071e+01 34
1 0 0 1 4.9372827013231022e-02 3.4209896584083445e-02 9.7772870730217887e-01 1.0607568510952384e-01 1.2999489335114301e-04 1.4506799355627246e+01 34
1 0 0 1 4.9359806476975875e-02 3.4192948206826737e-02 9.7780857722085646e-01 1.0598368538262920e-01 1.2276490029961576e-04 1.4538939013541336e+01 34
1 0 0 1 4.9346785708790045e-02 3.4175959313917280e-02 9.7788809273682997e-01 1.0589168565573456e-01 1.1594344484202264e-04 1.4571237650204871e+01 34
1 0 0 1 4.9333761670612049e-02 3.4158928597638513e-02 9.7796725497574011e-01 1.0579968592883993e-01 1.0950648945826497e-04 1.4603696026568855e+01 34
1 0 0 1 4.9320731371770690e-02 3.4141854772137964e-02 9.7804606504949987e-01 1.0570768620194529e-01 1.0343151829997463e-04 1.4636314917037748e+01 34
1 0 0 1 4.9307691867483447e-02 3.4124736572799269e-02 9.7812452405738970e-01 1.0561568647505065e-01 9.7697429808559074e-05 1.4669095109370772e+01 34
1 0 0 1 4.9294640257420155e-02 3.4107572755641989e-02 9.7820263308704736e-01 1.0552368674815601e-01 9.2284438007517395e-05 1.4702037404603352e+01 34
1 0 0 1 4.9281573684366836e-02 3.4090362096752369e-02 9.7828039321541371e-01 1.0543168702126138e-01 8.7173981657613758e-05 1.4735142617012075e+01 34
1 0 0 1 4.9268489332949063e-02 3.4073103391749578e-02 9.7835780550959117e-01 1.0533968729436674e-01 8.2348640557878704e-05 1.4768411574092621e+01 34
1 0 0 1 4.9255384428435842e-02 3.4055795455269856e-02 9.7843487102765792e-01 1.0524768756747210e-01 7.7792058342662708e-05 1.4801845116573846e+01 34
1 0 0 1 4.9242256235584043e-02 3.4038437120475239e-02 9.7851159081940697e-01 1.0515568784057747e-01 7.3488871199253294e-05 1.4835444098435852e+01 34
1 0 0 1 4.9229102057562313e-02 3.4021027238583669e-02 9.7858796592704589e-01 1.0506368811368283e-01 6.9424641981234128e-05 1.4869209386964179e+01 33
1 0 0 1 4.9215919234915216e-02 3.4003564678428161e-02 9.7866399738583987e-01 1.0497168838678819e-01 6.5585799253037278e-05 1.4903141862806569e+01 33
1 0 0 1 4.9202705144593142e-02 3.3986048326025753e-02 9.7873968622471152e-01 1.0487968865989356e-01 6.1959580840375642e-05 1.4937242420061844e+01 33
1 0 0 1 4.9189457199004111e-02 3.3968477084166421e-02 9.7881503346679022e-01 1.0478768893299892e-01 5.8533981509304147e-05 1.4971511966363572e+01 33
1 0 0 1 4.9176172845131060e-02 3.3950849872017019e-02 9.7889004012993264e-01 1.0469568920610428e-01 5.5297704426073566e-05 1.5005951422995386e+01 33
1 0 0 1 4.9162849563679022e-02 3.3933165624748587e-02 9.7896470722719120e-01 1.0460368947920964e-01 5.2240116089306009e-05 1.5040561725005745e+01 33
1 0 0 1 4.9149484868269103e-02 3.3915423293170044e-02 9.7903903576726270e-01 1.0451168975231501e-01 4.9351204450007531e-05 1.5075343821346962e+01 33
1 0 0 1 4.9136076304650070e-02 3.3897621843376066e-02 9.7911302675488776e-01 1.0441969002542037e-01 4.6621539965626783e-05 1.5110298675008949e+01 33
1 0 0 1 4.9122621449960727e-02 3.3879760256406481e-02 9.7918668119122942e-01 1.0432769029852573e-01 4.4042239352966486e-05 1.5145427263179890e+01 33
1 0 0 1 4.9109117912013139e-02 3.3861837527925362e-02 9.7926000007421876e-01 1.0423569057163110e-01 4.1604931830431417e-05 1.5180730577403191e+01 33
1 0 0 1 4.9095563328614061e-02 3.3843852667902456e-02 9.7933298439887806e-01 1.0414369084473646e-01 3.9301727655008224e-05 1.5216209623757502e+01 33
1 0 0 1 4.9081955366895358e-02 3.3825804700305329e-02 9.7940563515760415e-01 1.0405169111784182e-01 3.7125188780013202e-05 1.5251865423028743e+01 33
1 0 0 1 4.9068291722685287e-02 3.3807692662804360e-02 9.7947795334044852e-01 1.0395969139094718e-01 3.5068301471187936e-05 1.5287699010903502e+01 33
1 0 0 1 4.9054570119905230e-02 3.3789515606486797e-02 9.7954993993535322e-01 1.0386769166405255e-01 3.3124450735289441e-05 1.5323711438172047e+01 33
1 0 0 1 4.9040788309969274e-02 3.3771272595575101e-02 9.7962159592838427e-01 1.0377569193715791e-01 3.1287396427460046e-05 1.5359903770923815e+01 33
1 0 0 1 4.9026944071223384e-02 3.3752962707152827e-02 9.7969292230392635e-01 1.0368369221026327e-01 2.9551250912830646e-05 1.5396277090769498e+01 33
1 0 0 1 4.9013035208394666e-02 3.3734585030905852e-02 9.7976392004487511e-01 1.0359169248336864e-01 2.7910458170978996e-05 1.5432832495055713e+01 33
1 0 0 1 4.8999059552067022e-02 3.3716138668861834e-02 9.7983459013280483e-01 1.0349969275647400e-01 2.6359774238475726e-05 1.5469571097101520e+01 33
1 0 0 1 4.8985014958157005e-02 3.3697622735138086e-02 9.7990493354811226e-01 1.0340769302957936e-01 2.4894248895569007e-05 1.5506494026424258e+01 33
1 0 0 1 4.8970899307422558e-02 3.3679036355692825e-02 9.7997495127015921e-01 1.0331569330268472e-01 2.3509208508048404e-05 1.5543602428990660e+01 33
1 0 0 1 4.8956710504976131e-02 3.3660378668092003e-02 9.8004464427738647e-01 1.0322369357579009e-01 2.2200239944912976e-05 1.5580897467459812e+01 33
1 0 0 1 4.8942446479825000e-02 3.3641648821270138e-02 9.8011401354742023e-01 1.0313169384889545e-01 2.0963175496423301e-05 1.5618380321450603e+01 33
1 0 0 1 4.8928105184401535e-02 3.3622845975300519e-02 9.8018306005716926e-01 1.0303969412200081e-01 1.9794078725216976e-05 1.5656052187793906e+01 33
1 0 0 1 4.8913684594127919e-02 3.3603969301166325e-02 9.8025178478289432e-01 1.0294769439510618e-01 1.8689231185917723e-05 1.5693914280813704e+01 33
1 0 0 1 4.8899182706979738e-02 3.3585017980545605e-02 9.8032018870028514e-01 1.0285569466821154e-01 1.7645119955815220e-05 1.5731967832598235e+01 33
1 0 0 1 4.8884597543072034e-02 3.3565991205590326e-02 9.8038827278451479e-01 1.0276369494131690e-01 1.6658425921700126e-05 1.5770214093295026e+01 33
1 0 0 1 4.8869926120858227e-02 3.3546884130164475e-02 9.8045605249980061e-01 1.0267169521442226e-01 1.5726010405782320e-05 1.5808653537429370e+01 33
1 0 0 1 4.8855165272924973e-02 3.3527690991170978e-02 9.8052354673869491e-01 1.0257969548752763e-01 1.4844907125135252e-05 1.5847286467216097e+01 33
1 0 0 1 4.8840315402164221e-02 3.3508420129029812e-02 9.8059072389898361e-01 1.0248769576063299e-01 1.4012320496177514e-05 1.5886115972032270e+01 33
1 0 0 1 4.8825374613118630e-02 3.3489070777363385e-02 9.8065758494604327e-01 1.0239569603373835e-01 1.3225602914587246e-05 1.5925143377534532e+01 33
1 0 0 1 4.8810341030473887e-02 3.3469642179212167e-02 9.8072413084486776e-01 1.0230369630684372e-01 1.2482251743503198e-05 1.5964370028969569e+01 33
1 0 0 1 4.8795212798698487e-02 3.3450133586849444e-02 9.8079036256006813e-01 1.0221169657994908e-01 1.1779901207438848e-05 1.6003797291504082e+01 33
1 0 0 1 4.8779988081683941e-02 3.3430544261579570e-02 9.8085628105587452e-01 1.0211969685305444e-01 1.1116314759955794e-05 1.6043426550570395e+01 33
1 0 0 1 4.8764665062379572e-02 3.3410873473544531e-02 9.8092188729611307e-01 1.0202769712615981e-01 1.0489377895739570e-05 1.6083259212202428e+01 33
1 0 0 1 4.8749241942447334e-02 3.3391120501528322e-02 9.8098718224419212e-01 1.0193569739926517e-01 9.8970913788045258e-06 1.6123296703398239e+01 33
1 0 0 1 4.8733716941916479e-02 3.3371284632773689e-02 9.8105216686307717e-01 1.0184369767237053e-01 9.3375648615285033e-06 1.6163540472476512e+01 33
1 0 0 1 4.8718088298848848e-02 3.3351365162790220e-02 9.8111684211525985e-01 1.0175169794547589e-01 8.8090108700760709e-06 1.6203991989456348e+01 33
1 0 0 1 4.8702354268996446e-02 3.3331361395168499e-02 9.8118120896271455e-01 1.0165969821858126e-01 8.3097391341996932e-06 1.6244652746426706e+01 33
1 0 0 1 4.8686513125474520e-02 3.3311272641392095e-02 9.8124526836685966e-01 1.0156769849168662e-01 7.8381512400383205e-06 1.6285524257942569e+01 33
1 0 0 1 4.8670563158437964e-02 3.3291098220659919e-02 9.8130902128851172e-01 1.0147569876479198e-01 7.3927355867282176e-06 1.6326608061417748e+01 33
1 0 0 1 4.8654502674762859e-02 3.3270837459700914e-02 9.8137246868782657e-01 1.0138369903789735e-01 6.9720626283080050e-06 1.6367905717540243e+01 32
1 0 0 1 4.8638329997719991e-02 3.3250489692593949e-02 9.8143561152424641e-01 1.0129169931100271e-01 6.5747803841499478e-06 1.6409418810677465e+01 32
1 0 0 1 4.8622043466665897e-02 3.3230054260583890e-02 9.8149845075643760e-01 1.0119969958410807e-01 6.1996102015954489e-06 1.6451148949311918e+01 32
1 0 0 1 4.8605641436729963e-02 3.3209530511910189e-02 9.8156098734221819e-01 1.0110769985721343e-01 5.8453427561906360e-06 1.6493097766470832e+01 32
1 0 0 1 4.8589122278511594e-02 3.3188917801624397e-02 9.8162322223850051e-01 1.0101570013031880e-01 5.5108342752697577e-06 1.6535266920181897e+01 32
1 0 0 1 4.8572484377765526e-02 3.3168215491414681e-02 9.8168515640120257e-01 1.0092370040342416e-01 5.1950029720856431e-06 1.6577658093919450e+01 32
1 0 0 1 4.8555726135101548e-02 3.3147422949423563e-02 9.8174679078518123e-01 1.0083170067652952e-01 4.8968256779116693e-06 1.6620272997080239e+01 32
1 0 0 1 4.8538845965692232e-02 3.3126539550085522e-02 9.8180812634414705e-01 1.0073970094963489e-01 4.6153346608277321e-06 1.6663113365462593e+01 32
1 0 0 1 4.8521842298960956e-02 3.3105564673939214e-02 9.8186916403058389e-01 1.0064770122274025e-01 4.3496146203698941e-06 1.6706180961751386e+01 32
1 0 0 1 4.8504713578292030e-02 3.3084497707454655e-02 9.8192990479565634e-01 1.0055570149584561e-01 4.0987998478240424e-06 1.6749477576027630e+01 32
1 0 0 1 4.8487458260733494e-02 3.3063338042865049e-02 9.8199034958912423e-01 1.0046370176895097e-01 3.8620715428131780e-06 1.6793005026276163e+01 32
1 0 0 1 4.8470074816708522e-02 3.3042085077987934e-02 9.8205049935925226e-01 1.0037170204205634e-01 3.6386552771063762e-06 1.6836765158922486e+01 32
1 0 0 1 4.8452561729713746e-02 3.3020738216053329e-02 9.8211035505270683e-01 1.0027970231516170e-01 3.4278185974612239e-06 1.6880759849360711e+01 32
1 0 0 1 4.8434917496033097e-02 3.2999296865525093e-02 9.8216991761446570e-01 1.0018770258826706e-01 3.2288687594184245e-06 1.6924991002516418e+01 32
1 0 0 1 4.8417140624446131e-02 3.2977760439934986e-02 9.8222918798771430e-01 1.0009570286137243e-01 3.0411505848339104e-06 1.6969460553405987e+01 32
1 0 0 1 4.8399229635942835e-02 3.2956128357703757e-02 9.8228816711374667e-01 1.0000370313447779e-01 2.8640444360448299e-06 1.7014170467727446e+01 32
1 0 0 1 4.8381183063425967e-02 3.2934400041970416e-02 9.8234685593186066e-01 9.9911703407583152e-02 2.6969643002850150e-06 1.7059122742441872e+01 32
1 0 0 1 4.8362999451427850e-02 3.2912574920412066e-02 9.8240525537924306e-01 9.9819703680688515e-02 2.5393559780106802e-06 1.7104319406395874e+01 32
1 0 0 1 4.8344677355820972e-02 3.2890652425078298e-02 9.8246336639087473e-01 9.9727703953793878e-02 2.3906953695075717e-06 1.7149762520937244e+01 32
1 0 0 1 4.8326215343533714e-02 3.2868631992211329e-02 9.8252118989940962e-01 9.9635704226899241e-02 2.2504868541927511e-06 1.7195454180567069e+01 32
1 0 0 1 4.8307611992255493e-02 3.2846513062073548e-02 9.8257872683506764e-01 9.9543704500004604e-02 2.1182617575978225e-06 1.7241396513584281e+01 32
1 0 0 1 4.8288865890151106e-02 3.2824295078767128e-02 9.8263597812551617e-01 9.9451704773109967e-02 1.9935769010663127e-06 1.7287591682769758e+01 32
1 0 0 1 4.8269975635573725e-02 3.2801977490065817e-02 9.8269294469576096e-01 9.9359705046215330e-02 1.8760132297094521e-06 1.7334041886070327e+01 32
1 0 0 1 4.8250939836778924e-02 3.2779559747233268e-02 9.8274962746802097e-01 9.9267705319320693e-02 1.7651745142400976e-06 1.7380749357318297e+01 32
1 0 0 1 4.8231757111628082e-02 3.2757041304848543e-02 9.8280602736161660e-01 9.9175705592426056e-02 1.6606861227198940e-06 1.7427716366946068e+01 32
1 0 0 1 4.8212426087300281e-02 3.2734421620621477e-02 9.8286214529284022e-01 9.9083705865531418e-02 1.5621938583016630e-06 1.7474945222742164e+01 32
1 0 0 1 4.8192945400010311e-02 3.2711700155227133e-02 9.8291798217484294e-01 9.8991706138636781e-02 1.4693628594296980e-06 1.7522438270616718e+01 32
1 0 0 1 4.8173313694704255e-02 3.2688876372114303e-02 9.8297353891750661e-01 9.8899706411742144e-02 1.3818765590871979e-06 1.7570197895382066e+01 32
1 0 0 1 4.8153529624772387e-02 3.2665949737326033e-02 9.8302881642731554e-01 9.8807706684847507e-02 1.2994356998470035e-06 1.7618226521567600e+01 32
1 0 0 1 4.8133591851755649e-02 3.2642919719324669e-02 9.8308381560723312e-01 9.8715706957952870e-02 1.2217574017444442e-06 1.7666526614241747e+01 32
1 0 0 1 4.8113499045051668e-02 3.2619785788803285e-02 9.8313853735657508e-01 9.8623707231058233e-02 1.1485742800645358e-06 1.7715100679873188e+01 32
1 0 0 1 4.8093249881612954e-02 3.2596547418504658e-02 9.8319298257087617e-01 9.8531707504163596e-02 1.0796336104003729e-06 1.7763951267192962e+01 32
1 0 0 1 4.8072843045649821e-02 3.2573204083030140e-02 9.8324715214175928e-01 9.8439707777268959e-02 1.0146965383697809e-06 1.7813080968102611e+01 32
1 1 0 1 4.8068684267406910e-02 3.2568456150902120e-02 9.8325810662302215e-01 9.8421046088670694e-02 1.0019923494473238e-06 1.7823080970373088e+01 32
