isScalarized | massIncreased | isMonotoneInside | isMonotoneOutside | mass_Baryon | mass_ADM | AST(radius) | radius  |  phi_c | rho_c | ctr |
1 1 1 1 3.3838669611341632e-02 2.4959536543634163e-02 1.0000000233886339e+00 8.2886399999995114e-02 2.9079435333561783e-03 2.0082866984931560e+01 36
1 1 1 1 3.3834205812364210e-02 2.4956903372173864e-02 1.0000001200771103e+00 8.2879733333328445e-02 6.5877586636627029e-03 2.0075522679486745e+01 28
1 1 1 1 3.3829741974575361e-02 2.4954270104607535e-02 1.0000002167627435e+00 8.2873066666661777e-02 8.8496009270140029e-03 2.0068187825009012e+01 24
1 1 1 1 3.3825278093235309e-02 2.4951636738777969e-02 1.0000003134456978e+00 8.2866399999995108e-02 1.0639864538159115e-02 2.0060862429297540e+01 26
1 1 1 1 3.3820814163611199e-02 2.4949003272533108e-02 1.0000004101261371e+00 8.2859733333328439e-02 1.2168499157652829e-02 2.0053546500053496e+01 26
1 1 1 1 3.3790147731846402e-02 2.4930909917208133e-02 1.0000010742127325e+00 8.2813936988188175e-02 1.9669390231821671e-02 2.0003546545872936e+01 28
1 1 1 1 3.3759197907435118e-02 2.4912646157464600e-02 1.0000017442881737e+00 8.2767723537119586e-02 2.5032660949408061e-02 1.9953546761113074e+01 28
1 1 1 1 3.3727953858712828e-02 2.4894205725132432e-02 1.0000024206018412e+00 8.2721079333053615e-02 2.9450740663025988e-02 1.9903547183594721e+01 25
1 1 1 1 3.3696404249164466e-02 2.4875582058973906e-02 1.0000031034139041e+00 8.2673990098853900e-02 3.3302383640370845e-02 1.9853547738409347e+01 20
1 1 1 1 3.3664537260532680e-02 2.4856768318616988e-02 1.0000037929947994e+00 8.2626440969843062e-02 3.6766440788780039e-02 1.9803548316532801e+01 15
1 1 1 1 3.3632340659624720e-02 2.4837757424335444e-02 1.0000044896237645e+00 8.2578416602036075e-02 3.9944251667443885e-02 1.9753548919188578e+01 14
1 1 1 1 3.3599801702733439e-02 2.4818542000996393e-02 1.0000051935908814e+00 8.2529901038637554e-02 4.2899838817095123e-02 1.9703549547658685e+01 14
1 1 1 1 3.3566907106729389e-02 2.4799114361377137e-02 1.0000059051976722e+00 8.2480877676795850e-02 4.5676717727019416e-02 1.9653550203331761e+01 13
1 1 1 1 3.3533643018074204e-02 2.4779466488291695e-02 1.0000066247577377e+00 8.2431329232020623e-02 4.8306070158748250e-02 1.9603550887656027e+01 13
1 1 1 1 3.3499994979677407e-02 2.4759590015461717e-02 1.0000073525974356e+00 8.2381237700252852e-02 5.0811154294121683e-02 1.9553551602205140e+01 13
1 1 1 1 3.3465947895305138e-02 2.4739476206985449e-02 1.0000080890566070e+00 8.2330584317188954e-02 5.3209874703413790e-02 1.9503552348632606e+01 13
1 1 1 1 3.3431485991434987e-02 2.4719115935328648e-02 1.0000088344893514e+00 8.2279349514823796e-02 5.5516371660605163e-02 1.9453553128733880e+01 13
1 1 1 1 3.3396592776217572e-02 2.4698499657652070e-02 1.0000095892648597e+00 8.2227512874777808e-02 5.7742051726296761e-02 1.9403553944385287e+01 13
1 1 1 1 3.3361250995432620e-02 2.4677617390396620e-02 1.0000103537682996e+00 8.2175053078378302e-02 5.9896282427484349e-02 1.9353554797644218e+01 13
1 1 1 1 3.3325442584979971e-02 2.4656458681883885e-02 1.0000111284017723e+00 8.2121947852890842e-02 6.1986875917950282e-02 1.9303555690663579e+01 13
1 1 1 1 3.3289148619802728e-02 2.4635012582847914e-02 1.0000119135853311e+00 8.2068173913916187e-02 6.4020435069876175e-02 1.9253556625796321e+01 13
1 1 1 1 3.3252349258679204e-02 2.4613267614589228e-02 1.0000127097580818e+00 8.2013706903250549e-02 6.6002607048358503e-02 1.9203557605517016e+01 13
1 1 1 1 3.3215023684739789e-02 2.4591211734662891e-02 1.0000135173793585e+00 8.1958521322151145e-02 6.7938272943587494e-02 1.9153558632536821e+01 13
1 1 1 1 3.3177150041030279e-02 2.4568832299713905e-02 1.0000143369299952e+00 8.1902590459193680e-02 6.9831692185112398e-02 1.9103559709712385e+01 13
1 1 1 1 3.3138705360916232e-02 2.4546116025327049e-02 1.0000151689136880e+00 8.1845886312630900e-02 7.1686614291503248e-02 1.9053560840159765e+01 13
1 1 1 1 3.3099665492569333e-02 2.4523048942476412e-02 1.0000160138584679e+00 8.1788379506332776e-02 7.3506366614135954e-02 1.9003562027210489e+01 13
1 1 1 1 3.3060005017110150e-02 2.4499616350305082e-02 1.0000168723182874e+00 8.1730039198971649e-02 7.5293924135197018e-02 1.8953563274460048e+01 13
1 1 1 1 3.3019697159688749e-02 2.4475802764839471e-02 1.0000177448747332e+00 8.1670832985640762e-02 7.7051965666479941e-02 1.8903564585786931e+01 13
1 1 1 1 3.2978713692771645e-02 2.4451591863204294e-02 1.0000186321388780e+00 8.1610726791192967e-02 7.8782919606004129e-02 1.8853565965382742e+01 13
1 1 1 1 3.2937024830828103e-02 2.4426966422876978e-02 1.0000195347532856e+00 8.1549684754438079e-02 8.0489001586351361e-02 1.8803567417775106e+01 13
1 1 1 1 3.2894599115481801e-02 2.4401908255441692e-02 1.0000204533941797e+00 8.1487669102278865e-02 8.2172245762036938e-02 1.8753568947861364e+01 13
1 1 1 1 3.2851403290107217e-02 2.4376398134251204e-02 1.0000213887737976e+00 8.1424640012721150e-02 8.3834531062537757e-02 1.8703570560958344e+01 13
1 1 1 1 3.2807402162661037e-02 2.4350415715308250e-02 1.0000223416429463e+00 8.1360555465523621e-02 8.5477603431680343e-02 1.8653572262830910e+01 13
1 1 1 1 3.2762558455444055e-02 2.4323939450595810e-02 1.0000233127937777e+00 8.1295371079196432e-02 8.7103094845072199e-02 1.8603574059726036e+01 13
1 1 1 1 3.2716832640334356e-02 2.4296946493030980e-02 1.0000243030628111e+00 8.1229039932872560e-02 8.8712539727025530e-02 1.8553575958467075e+01 13
1 1 1 1 3.2670182616266238e-02 2.4269411412444129e-02 1.0000253133475334e+00 8.1161512371180300e-02 9.0307394190885557e-02 1.8503577808983980e+01 13
1 1 1 1 3.2622562880032895e-02 2.4241297410418396e-02 1.0000263447065838e+00 8.1092736430305568e-02 9.1889069722093125e-02 1.8453578611226188e+01 13
1 1 1 1 3.2573931262089274e-02 2.4212591530089766e-02 1.0000273979152907e+00 8.1022661803272056e-02 9.3458715137992102e-02 1.8403583884698264e+01 13
1 1 1 1 3.2524228553721155e-02 2.4183259439791317e-02 1.0000284742123675e+00 8.0951216765473816e-02 9.5017882007267809e-02 1.8353584729279621e+01 13
1 1 1 1 3.2473406832956832e-02 2.4153273513321794e-02 1.0000295745835115e+00 8.0878346966851145e-02 9.6567610767023720e-02 1.8303587263095981e+01 13
1 1 1 1 3.2421407026890406e-02 2.4122599590010164e-02 1.0000307002460307e+00 8.0803983230056720e-02 9.8109150022388458e-02 1.8253589954948371e+01 13
1 1 1 1 3.2368167589042041e-02 2.4091202100650272e-02 1.0000318524594229e+00 8.0728054172258257e-02 9.9643676596755812e-02 1.8203592817603731e+01 13
1 1 1 1 3.2313622614066902e-02 2.4059042959528151e-02 1.0000330325644500e+00 8.0650483636420245e-02 1.0117235141375260e-01 1.8153595865073545e+01 13
1 1 1 1 3.2257701426928340e-02 2.4026081327218909e-02 1.0000342419899895e+00 8.0571190263420356e-02 1.0269632685220087e-01 1.8103599112858291e+01 13
1 1 1 1 3.2200328123330672e-02 2.3992273345216024e-02 1.0000354822605899e+00 8.0490087015659573e-02 1.0421675397455117e-01 1.8053602578054669e+01 13
1 1 1 1 3.2141421054721453e-02 2.3957571838514755e-02 1.0000367550048141e+00 8.0407080645958640e-02 1.0573478973956499e-01 1.8003606279569773e+01 13
1 1 1 1 3.2080892249658315e-02 2.3921925981403091e-02 1.0000380619644607e+00 8.0322071103973852e-02 1.0725160431833622e-01 1.7953610238371301e+01 13
1 1 1 1 3.2018646761982093e-02 2.3885280920927794e-02 1.0000394050047769e+00 8.0234950871178157e-02 1.0876838863387144e-01 1.7903614477737531e+01 13
1 1 1 1 3.1954581934640632e-02 2.3847577351558989e-02 1.0000407861257807e+00 8.0145604214118260e-02 1.1028636224762267e-01 1.7853619023559812e+01 13
1 1 1 1 3.1888586565978871e-02 2.3808751033438828e-02 1.0000422074748316e+00 8.0053906343796916e-02 1.1180678172688349e-01 1.7803623904722979e+01 13
1 1 1 1 3.1820539962687605e-02 2.3768732245017778e-02 1.0000436713606067e+00 7.9959722466765137e-02 1.1333094964477997e-01 1.7753629153465702e+01 13
1 1 1 1 3.1750310861005042e-02 2.3727445159437789e-02 1.0000451802686536e+00 7.9862906711368531e-02 1.1486022437475826e-01 1.7703634805909520e+01 13
1 1 1 1 3.1677756193637170e-02 2.3684807131566430e-02 1.0000467368787271e+00 7.9763300908902962e-02 1.1639603087845014e-01 1.7653640902546908e+01 13
1 1 1 1 3.1602719675999390e-02 2.3640727880376518e-02 1.0000483440841239e+00 7.9660733206454892e-02 1.1793987270392864e-01 1.7603647488927450e+01 13
1 1 1 1 3.1525030179378549e-02 2.3595108547853655e-02 1.0000500050132697e+00 7.9555016482967977e-02 1.1949334546494646e-01 1.7553654616356479e+01 13
1 1 1 1 3.1444499852348359e-02 2.3547840611971790e-02 1.0000517230538342e+00 7.9445946535235262e-02 1.2105815211191960e-01 1.7503662342788196e+01 13
1 1 1 1 3.1360894126930827e-02 2.3498804626180918e-02 1.0000535018796750e+00 7.9333299993279066e-02 1.2263612037966236e-01 1.7453670733802607e+01 13
1 1 1 1 3.1273999139360222e-02 2.3447868751910909e-02 1.0000553454809413e+00 7.9216831916803010e-02 1.2422922287198132e-01 1.7403679863805756e+01 13
1 1 1 1 3.1183574443464656e-02 2.3394887042787766e-02 1.0000572581976781e+00 7.9096273013851082e-02 1.2583960035544411e-01 1.7353689817378960e+01 13
1 1 1 1 3.1089339499166480e-02 2.3339697429689513e-02 1.0000592447572827e+00 7.8971326410660236e-02 1.2746958896402563e-01 1.7303700690886942e+01 14
1 1 1 1 3.0990981784399237e-02 2.3282119343365468e-02 1.0000613103161442e+00 7.8841663885910823e-02 1.2912175219353364e-01 1.7253712594350365e+01 14
1 1 1 1 3.0888151933926980e-02 2.3221950895542156e-02 1.0000634605057386e+00 7.8706921463301383e-02 1.3079891879015573e-01 1.7203725653589110e+01 14
1 1 1 1 3.0780457948544063e-02 2.3158965519259708e-02 1.0000657014833267e+00 7.8566694232508505e-02 1.3250422792791752e-01 1.7153740012750443e+01 14
1 1 1 1 3.0667458259206276e-02 2.3092907942638883e-02 1.0000680399871813e+00 7.8420530238114211e-02 1.3424118346276989e-01 1.7103755837143698e+01 14
1 1 1 1 3.0548653372448348e-02 2.3023489336158148e-02 1.0000704833958562e+00 7.8267923238981629e-02 1.3601371955674899e-01 1.7053773316500486e+01 14
1 1 1 1 3.0423475746086889e-02 2.2950381428093598e-02 1.0000730397903523e+00 7.8108304093063602e-02 1.3782628066005731e-01 1.7003792668506424e+01 14
1 1 1 1 3.0291273420329553e-02 2.2873180594891018e-02 1.0000757188784299e+00 7.7941030464791200e-02 1.3968397567779309e-01 1.6953812632174305e+01 14
1 1 1 1 3.0151316225829096e-02 2.2791471858072673e-02 1.0000785299244965e+00 7.7765389759988091e-02 1.4159240376833029e-01 1.6903838379328331e+01 14
1 1 1 1 3.0002733450583668e-02 2.2704767687183179e-02 1.0000814832754421e+00 7.7580534144082225e-02 1.4355841016567697e-01 1.6853865457935179e+01 14
1 1 1 1 2.9844529311658364e-02 2.2612491032406784e-02 1.0000845904043603e+00 7.7385516642229257e-02 1.4558973507611589e-01 1.6803894336386474e+01 14
1 1 1 1 2.9675548131894564e-02 2.2513971851558470e-02 1.0000878635358301e+00 7.7179258718953869e-02 1.4769535110083407e-01 1.6753927541630336e+01 14
1 1 1 1 2.9494421250270617e-02 2.2408416099114783e-02 1.0000913158698534e+00 7.6960504180407674e-02 1.4988598228748196e-01 1.6703964677161238e+01 14
1 1 1 1 2.9299440734212676e-02 2.2294884945921124e-02 1.0000949611295513e+00 7.6727801806856732e-02 1.5217436220292685e-01 1.6654006184782830e+01 14
1 1 1 1 2.9088748179421801e-02 2.2172257823954936e-02 1.0000988131669610e+00 7.6479463969908179e-02 1.5457580732809512e-01 1.6604052471382225e+01 14
1 1 1 1 2.8860040140201819e-02 2.2039186460519052e-02 1.0001028851417411e+00 7.6213521228661651e-02 1.5710893910612947e-01 1.6554103821600556e+01 14
1 1 1 1 2.8610503081769791e-02 2.1894015130468337e-02 1.0001071888950983e+00 7.5927669724892399e-02 1.5979669608789690e-01 1.6504159629496232e+01 14
1 1 1 1 2.8336699828431552e-02 2.1734678489730198e-02 1.0001117336997412e+00 7.5619223632994947e-02 1.6266763115535229e-01 1.6454219151043254e+01 14
1 1 1 1 2.8034431294251556e-02 2.1558799760736484e-02 1.0001165131519985e+00 7.5285062385360202e-02 1.6575743729845366e-01 1.6404286563604039e+01 14
1 1 1 1 2.7698228162787240e-02 2.1363261276056793e-02 1.0001215087638098e+00 7.4921474376371588e-02 1.6911309987088755e-01 1.6354346648126356e+01 13
1 1 1 1 2.7321614248905376e-02 2.1144231202069874e-02 1.0001266699368059e+00 7.4524397590316593e-02 1.7279460208108069e-01 1.6304398645897610e+01 13
1 1 1 1 2.6896322454094280e-02 2.0896677134798890e-02 1.0001319012849315e+00 7.4089371245081498e-02 1.7688294827579809e-01 1.6254420058684236e+01 13
1 1 1 1 2.6522084432251899e-02 2.0678792435105314e-02 1.0001359231977729e+00 7.3718924388856091e-02 1.8044276382714974e-01 1.6215194102327747e+01 21
1 1 1 1 2.6136724903225612e-02 2.0454420264961592e-02 1.0001394414560700e+00 7.3350329766911818e-02 1.8409274706254516e-01 1.6178718916953148e+01 21
1 1 1 1 2.5738057696135165e-02 2.0222027826869483e-02 1.0001423674655645e+00 7.2983578118077264e-02 1.8787607093739148e-01 1.6144502536138177e+01 21
1 1 1 1 2.5322604209358692e-02 1.9979799906730069e-02 1.0001445632525852e+00 7.2618660227486878e-02 1.9185078921092480e-01 1.6112050334388993e+01 21
1 1 1 1 2.4885261231590784e-02 1.9724651023011776e-02 1.0001458489314963e+00 7.2255566926349449e-02 1.9610321281531592e-01 1.6080808301375676e+01 22
1 1 1 1 2.4417361316904061e-02 1.9451544050404813e-02 1.0001459386119766e+00 7.1894289091717703e-02 2.0077472607233057e-01 1.6050070953751295e+01 22
1 1 1 1 2.3902216531774229e-02 1.9150809656665876e-02 1.0001443167472568e+00 7.1534817646259116e-02 2.0613585223296976e-01 1.6018724204478502e+01 22
1 1 1 1 2.3297766609953498e-02 1.8798281477382238e-02 1.0001397632191749e+00 7.1177143558027817e-02 2.1286890327823008e-01 1.5984272593387482e+01 23
1 1 1 1 2.2325503296174030e-02 1.8234182243489338e-02 1.0001247285468275e+00 7.0821257840237684e-02 2.2557772841201215e-01 1.5930658015920205e+01 27
1 0 0 1 3.0950973489207962e-02 2.2243963835916140e-02 1.0001194921833485e+00 7.0821257840237684e-02 2.9723110250465951e-01 1.5767806770727125e+01 36
