1 1 1 1 3.0729727821018508e-02 2.3162017193314257e-02 1.0000000007248466e+00 8.0433987000753493e-02 6.1448196496301935e-03 2.0300223225418218e+01 8
1 1 1 1 3.0722886884746812e-02 2.3159470750734521e-02 1.0000000006915346e+00 8.0445308826116668e-02 6.0407129086808955e-03 2.0290227561094039e+01 27
1 1 1 1 3.0716026799401039e-02 2.3156912489813664e-02 1.0000000006590513e+00 8.0456630651479843e-02 5.9354666261175358e-03 2.0280235208818418e+01 27
1 1 1 1 3.0709147521631400e-02 2.3154342379590943e-02 1.0000000006273837e+00 8.0467952476843019e-02 5.8290133975181253e-03 2.0270246310463691e+01 27
1 1 1 1 3.0702249007613761e-02 2.3151760388829094e-02 1.0000000005965188e+00 8.0479274302206194e-02 5.7212800220048897e-03 2.0260261013416432e+01 27
1 1 1 1 3.0695331213019841e-02 2.3149166485995888e-02 1.0000000005664442e+00 8.0490596127569369e-02 5.6121867866645156e-03 2.0250279470851513e+01 27
1 1 1 1 3.0688394093008706e-02 2.3146560639259850e-02 1.0000000005371470e+00 8.0501917952932545e-02 5.5016466338347553e-03 2.0240301842038441e+01 27
1 1 1 1 3.0681437602217823e-02 2.3143942816485755e-02 1.0000000005086149e+00 8.0513239778295720e-02 5.3895641867710243e-03 2.0230328292668329e+01 27
1 1 1 1 3.0674461694729382e-02 2.3141312985214713e-02 1.0000000004808354e+00 8.0524561603658895e-02 5.2758346029640581e-03 2.0220358995188079e+01 27
1 1 1 1 3.0667466324074376e-02 2.3138671112669949e-02 1.0000000004537963e+00 8.0535883429022070e-02 5.1603422168516062e-03 2.0210394129180866e+01 26
1 1 1 1 3.0660451443196166e-02 2.3136017165735934e-02 1.0000000004274856e+00 8.0547205254385246e-02 5.0429589220538111e-03 2.0200433881749237e+01 26
1 1 1 1 3.0653417004441842e-02 2.3133351110951737e-02 1.0000000004018914e+00 8.0558527079748421e-02 4.9235422299701006e-03 2.0190478447944571e+01 26
1 1 1 1 3.0646362959541058e-02 2.3130672914504539e-02 1.0000000003770020e+00 8.0569848905111596e-02 4.8019329215829853e-03 2.0180528031218820e+01 26
1 1 1 1 3.0639289259575129e-02 2.3127982542206573e-02 1.0000000003528056e+00 8.0581170730474772e-02 4.6779521833710267e-03 2.0170582843905770e+01 26
1 1 1 1 3.0632180366137247e-02 2.3125279959498288e-02 1.0000000003292906e+00 8.0592492555837947e-02 4.5513980820346463e-03 2.0160643107752186e+01 26
1 1 1 1 3.0625049918283312e-02 2.3122565131424327e-02 1.0000000003064458e+00 8.0603814381201122e-02 4.4220411809779972e-03 2.0150709054469043e+01 26
1 1 1 1 3.0617899684861127e-02 2.3119838022625176e-02 1.0000000002842599e+00 8.0615136206564297e-02 4.2896190293098668e-03 2.0140780926344039e+01 26
1 1 1 1 3.0610729614304177e-02 2.3117098597319721e-02 1.0000000002627218e+00 8.0626458031927473e-02 4.1538291470761867e-03 2.0130858976892714e+01 26
1 1 1 1 3.0603539654273603e-02 2.3114346819292989e-02 1.0000000002418208e+00 8.0637779857290648e-02 4.0143199731012954e-03 2.0120943471557538e+01 26
1 1 1 1 3.0596329751636186e-02 2.3111582651880513e-02 1.0000000002215457e+00 8.0649101682653823e-02 3.8706790026936601e-03 2.0111034688477854e+01 26
1 1 1 1 3.0589099852418679e-02 2.3108806057947181e-02 1.0000000002018856e+00 8.0660423508016998e-02 3.7224169693719231e-03 2.0101132919303424e+01 26
1 1 1 1 3.0581849901782275e-02 2.3106016999872369e-02 1.0000000001828304e+00 8.0671745333380174e-02 3.5689463296214030e-03 2.0091238470093394e+01 25
1 1 1 1 3.0574579843981427e-02 2.3103215439527494e-02 1.0000000001643696e+00 8.0683067158743349e-02 3.4095513234395328e-03 2.0081351662284106e+01 25
1 1 1 1 3.0567289622325217e-02 2.3100401338258268e-02 1.0000000001464926e+00 8.0694388984106524e-02 3.2433451930028116e-03 2.0071472833739325e+01 25
1 1 1 1 3.0559979179130673e-02 2.3097574656859379e-02 1.0000000001291895e+00 8.0705710809469700e-02 3.0692071122905180e-03 2.0061602339895110e+01 25
1 1 1 1 3.0552648455682788e-02 2.3094735355554064e-02 1.0000000001124500e+00 8.0717032634832875e-02 2.8856856673345876e-03 2.0051740555012220e+01 25
1 1 1 1 3.0545297392179059e-02 2.3091883393963848e-02 1.0000000000962643e+00 8.0728354460196050e-02 2.6908442684459885e-03 2.0041887873534083e+01 25
1 1 1 1 3.0537925927678466e-02 2.3089018731081837e-02 1.0000000000806226e+00 8.0739676285559225e-02 2.4819990924080954e-03 2.0032044711581008e+01 24
1 1 1 1 3.0530534000043949e-02 2.3086141325245193e-02 1.0000000000655151e+00 8.0750998110922401e-02 2.2552411742865182e-03 2.0022211508579428e+01 24
1 1 1 1 3.0523121545876469e-02 2.3083251134099873e-02 1.0000000000509326e+00 8.0762319936285576e-02 2.0044751965303479e-03 2.0012388729052500e+01 24
1 1 1 1 3.0515688500457119e-02 2.3080348114569264e-02 1.0000000000368654e+00 8.0773641761648751e-02 1.7191970833488478e-03 2.0002576864595564e+01 23
1 1 1 1 3.0508234797660932e-02 2.3077432222812087e-02 1.0000000000233040e+00 8.0784963587011926e-02 1.3780992685655793e-03 1.9992776436035001e+01 23
1 1 1 1 3.0500760369886824e-02 2.3074503414182136e-02 1.0000000000102398e+00 8.0796285412375102e-02 9.2106754141149303e-04 1.9982987995830804e+01 22
