isScalarized | massIncreased | isMonotoneInside | isMonotoneOutside | mass_Baryon | mass_ADM | AST(radius) | radius  |  phi_c | rho_c | ctr |
1 1 1 1 3.3779321249374210e-02 2.5716495430852738e-02 1.0000000000002476e+00 9.1220300000000004e-02 8.3093497735623584e-04 1.5412490031647447e+01 10
1 1 1 1 3.3786825295023748e-02 2.5719668560051721e-02 1.0000000000004001e+00 9.1210299999999994e-02 1.0464709917733786e-03 1.5418862209429840e+01 10
1 1 1 1 3.3794314209840838e-02 2.5722831952469747e-02 1.0000000000005591e+00 9.1200299999999998e-02 1.2256156880095391e-03 1.5425240243864282e+01 10
1 1 1 1 3.3801788031476328e-02 2.5725985633972694e-02 1.0000000000007248e+00 9.1190300000000002e-02 1.3826046376821922e-03 1.5431623846434629e+01 10
1 1 1 1 3.3809246796782419e-02 2.5729129629985678e-02 1.0000000000008971e+00 9.1180300000000006e-02 1.5243133448063302e-03 1.5438012745372157e+01 10
1 1 1 1 3.3816690541849610e-02 2.5732263965517463e-02 1.0000000000010763e+00 9.1170299999999996e-02 1.6546853313546832e-03 1.5444406684358704e+01 10
1 0 1 1 3.3824119302059925e-02 2.5735388665183018e-02 1.0000000000012625e+00 9.1160300000000000e-02 1.7762303939637774e-03 1.5450805421367507e+01 10
1 1 1 1 3.3874395101310760e-02 2.5756407734382619e-02 1.0000000000027338e+00 9.1092096915989629e-02 2.4638980823939870e-03 1.5494563378524157e+01 31
1 1 1 1 3.3952762492253943e-02 2.5788805377538821e-02 1.0000000000058888e+00 9.0983893831979260e-02 3.3126010472254394e-03 1.5564291227071381e+01 36
1 1 1 1 3.4029440532199112e-02 2.5820120654615520e-02 1.0000000000102660e+00 9.0875690747968890e-02 4.0311052885117233e-03 1.5634253721560492e+01 37
1 1 1 1 3.4104461027244425e-02 2.5850377441247560e-02 1.0000000000161484e+00 9.0767487663958521e-02 4.6836631519993682e-03 1.5704349440655166e+01 37
1 1 1 1 3.4177760976571631e-02 2.5879597726397433e-02 1.0000000000238667e+00 9.0659284579948152e-02 5.2979806197812765e-03 1.5774510164233300e+01 37
1 1 1 1 3.4249381599648361e-02 2.5907802013087611e-02 1.0000000000338032e+00 9.0551081495937782e-02 5.8889227836052341e-03 1.5844687956776186e+01 37
1 1 1 1 3.4319422026967340e-02 2.5935009583645495e-02 1.0000000000463982e+00 9.0442878411927413e-02 6.4655195839485634e-03 1.5914848062905850e+01 37
1 1 1 1 3.4387905042491659e-02 2.5961238689309669e-02 1.0000000000621574e+00 9.0334675327917044e-02 7.0337186440911871e-03 1.5984964722378333e+01 37
1 1 1 1 3.4454858006148843e-02 2.5986463083052896e-02 1.0000000000816629e+00 9.0226472243906675e-02 7.5977129961540199e-03 1.6055024450587176e+01 37
1 1 1 1 3.4520301931678939e-02 2.6010690808601942e-02 1.0000000001055769e+00 9.0118269159896305e-02 8.1605233701342750e-03 1.6125013707231322e+01 37
1 1 1 1 3.4584249005196376e-02 2.6033989008511085e-02 1.0000000001346410e+00 9.0010066075885936e-02 8.7243508063279494e-03 1.6194914448736586e+01 37
1 1 1 1 3.4646717679373697e-02 2.6056373057204391e-02 1.0000000001696991e+00 8.9901862991875567e-02 9.2909250245148851e-03 1.6264718294382764e+01 37
1 1 1 1 3.4707723241270541e-02 2.6077857790943449e-02 1.0000000002117020e+00 8.9793659907865198e-02 9.8615947915419340e-03 1.6334419037716021e+01 37
1 1 1 1 3.4767141751834672e-02 2.6098457563567469e-02 1.0000000002617175e+00 8.9685456823854828e-02 1.0437425269807102e-02 1.6404012217450664e+01 37
1 1 1 1 3.4825132100344283e-02 2.6118186293934767e-02 1.0000000003209428e+00 8.9577253739844459e-02 1.1019265357477027e-02 1.6473494790950166e+01 37
1 1 1 1 3.4881710440462968e-02 2.6137057506284433e-02 1.0000000003907150e+00 8.9469050655834090e-02 1.1607795812589706e-02 1.6542864880009958e+01 37
1 1 1 1 3.4936892500647493e-02 2.6155084364468555e-02 1.0000000004725245e+00 8.9360847571823721e-02 1.2203564630500050e-02 1.6612121568946954e+01 37
1 1 1 1 3.4990695257733954e-02 2.6172264190145702e-02 1.0000000005680403e+00 8.9252644487813351e-02 1.2807030885834856e-02 1.6681266697093907e+01 37
1 1 1 1 3.5043138869635941e-02 2.6188557939624314e-02 1.0000000006791516e+00 8.9144441403802982e-02 1.3418609488733219e-02 1.6750307297994024e+01 37
1 1 1 1 3.5094230898954602e-02 2.6204044440753568e-02 1.0000000008078596e+00 8.9036238319792613e-02 1.4038514413585595e-02 1.6819236069417443e+01 37
1 1 1 1 3.5143985780839979e-02 2.6218735716659849e-02 1.0000000009564196e+00 8.8928035235782243e-02 1.4666975520749236e-02 1.6888054573857183e+01 37
1 1 1 1 3.5192417697796623e-02 2.6232643534444378e-02 1.0000000011273196e+00 8.8819832151771874e-02 1.5304175988987362e-02 1.6956764760595245e+01 37
1 1 1 1 3.5239540597368273e-02 2.6245779417338293e-02 1.0000000013232979e+00 8.8711629067761505e-02 1.5950260587601111e-02 1.7025368900932243e+01 37
1 1 1 1 3.5285258839039553e-02 2.6258154654967020e-02 1.0000000015473636e+00 8.8603425983751136e-02 1.6605342420115632e-02 1.7093869533721577e+01 37
1 1 1 1 3.5329680438119959e-02 2.6269780312078578e-02 1.0000000018028179e+00 8.8495222899740766e-02 1.7269508450959779e-02 1.7162269419557898e+01 37
1 1 1 1 3.5372833187411461e-02 2.6280667236034960e-02 1.0000000020932756e+00 8.8387019815730397e-02 1.7942824053261374e-02 1.7230571502274831e+01 37
1 1 1 1 3.5414730285205066e-02 2.6290826063309902e-02 1.0000000024226898e+00 8.8278816731720028e-02 1.8625336763064430e-02 1.7298778876618478e+01 37
1 1 1 1 3.5455384740274737e-02 2.6300267225217319e-02 1.0000000027953768e+00 8.8170613647709659e-02 1.9317079386496887e-02 1.7366894761142564e+01 37
1 1 1 1 3.5494809547581947e-02 2.6308998653198183e-02 1.0000000032160505e+00 8.8062410563699289e-02 2.0018075382906422e-02 1.7434922745835060e+01 37
1 1 1 1 3.5533021975285101e-02 2.6316966079460519e-02 1.0000000036901211e+00 8.7954207479688920e-02 2.0728415011778870e-02 1.7502873782939986e+01 37
1 1 1 1 3.5570029395399105e-02 2.6324245834651840e-02 1.0000000042229487e+00 8.7846004395678551e-02 2.1448020675919700e-02 1.7570743519541573e+01 37
1 1 1 1 3.5605844097476295e-02 2.6330847616055430e-02 1.0000000048205968e+00 8.7737801311668182e-02 2.2176888009644301e-02 1.7638535473372080e+01 37
1 1 1 1 3.5640478198354968e-02 2.6336780936479610e-02 1.0000000054896421e+00 8.7629598227657812e-02 2.2915007151420311e-02 1.7706253204438998e+01 37
1 1 1 1 3.5673943644177884e-02 2.6342055127812958e-02 1.0000000062372087e+00 8.7521395143647443e-02 2.3662363787754243e-02 1.7773900305872473e+01 37
1 1 1 1 3.5706252212249788e-02 2.6346679344446122e-02 1.0000000070710053e+00 8.7413192059637074e-02 2.4418940030008090e-02 1.7841480396334742e+01 37
1 1 1 1 3.5737366282202393e-02 2.6350662566565378e-02 1.0000000079993638e+00 8.7304988975626704e-02 2.5184715152382818e-02 1.7908997113717763e+01 37
1 1 1 1 3.5767295037276353e-02 2.6354013603355455e-02 1.0000000090312795e+00 8.7196785891616335e-02 2.5959666214671908e-02 1.7976454109936494e+01 37
1 1 1 1 3.5796101351010794e-02 2.6356741096121888e-02 1.0000000101764541e+00 8.7088582807605966e-02 2.6743768588908343e-02 1.8043855046629542e+01 36
1 1 1 1 3.5823796395998003e-02 2.6358853521344504e-02 1.0000000114453400e+00 8.6980379723595597e-02 2.7536996405836262e-02 1.8111203591627717e+01 36
1 1 1 1 3.5850391182716310e-02 2.6360359193663817e-02 1.0000000128491879e+00 8.6872176639585227e-02 2.8339322934261377e-02 1.8178503416066516e+01 36
1 1 1 1 3.5875896561115617e-02 2.6361266268826105e-02 1.0000000144000956e+00 8.6763973555574858e-02 2.9150720904042544e-02 1.8245758192038270e+01 36
1 1 1 1 3.5900323222202338e-02 2.6361582746564409e-02 1.0000000161110603e+00 8.6655770471564489e-02 2.9971162781719001e-02 1.8312971590705025e+01 36
1 0 1 1 3.5923681949493289e-02 2.6361310810391930e-02 1.0000000179961503e+00 8.6547567387554120e-02 3.0800628743248619e-02 1.8380147903806485e+01 36
1 0 1 1 3.5945984910921602e-02 2.6360415092599714e-02 1.0000000200713699e+00 8.6439364303543750e-02 3.1639151150016219e-02 1.8447295533190374e+01 36
1 0 1 1 3.5967240085572040e-02 2.6358952049244981e-02 1.0000000223518688e+00 8.6331161219533381e-02 3.2486636872978272e-02 1.8514412758958031e+01 36
1 0 1 1 3.5987457547077079e-02 2.6356929110562061e-02 1.0000000248548480e+00 8.6222958135523012e-02 3.3343059315883987e-02 1.8581503234547384e+01 36
1 0 1 1 3.6006647218420638e-02 2.6354353563790556e-02 1.0000000275987098e+00 8.6114755051512643e-02 3.4208392506003549e-02 1.8648570607886771e+01 36
1 0 1 1 3.6024818873589874e-02 2.6351232555810386e-02 1.0000000306031256e+00 8.6006551967502273e-02 3.5082611204366843e-02 1.8715618521126370e+01 35
1 0 1 1 3.6041982139240751e-02 2.6347573095733465e-02 1.0000000338891084e+00 8.5898348883491904e-02 3.5965691000799438e-02 1.8782650610524723e+01 35
1 0 1 1 3.6058146496368036e-02 2.6343382057454255e-02 1.0000000374790861e+00 8.5790145799481535e-02 3.6857608395865549e-02 1.8849670506465458e+01 35
1 0 1 1 3.6073321281988951e-02 2.6338666182157511e-02 1.0000000413969812e+00 8.5681942715471165e-02 3.7758340871641614e-02 1.8916681833593739e+01 35
1 0 1 1 3.6087471076571426e-02 2.6333432080777205e-02 1.0000000456682911e+00 8.5573739631460796e-02 3.8667866952825737e-02 1.8983688211052819e+01 35
1 0 1 1 3.6100618236093028e-02 2.6327686236426569e-02 1.0000000503201742e+00 8.5465536547450427e-02 3.9586166259524477e-02 1.9050693252808294e+01 35
1 0 1 1 3.6112803484017193e-02 2.6321435006771272e-02 1.0000000553815380e+00 8.5357333463440058e-02 4.0513219552912191e-02 1.9117700568053380e+01 35
1 0 1 1 3.6124035632007251e-02 2.6314684626367144e-02 1.0000000608831316e+00 8.5249130379429688e-02 4.1449008774689426e-02 1.9184713761681181e+01 35
1 0 1 1 3.6134323355194765e-02 2.6307441208952665e-02 1.0000000668576432e+00 8.5140927295419319e-02 4.2393517081262218e-02 1.9251736434821790e+01 35
1 0 1 1 3.6143675193876776e-02 2.6299710749700386e-02 1.0000000733397993e+00 8.5032724211408950e-02 4.3346728873285674e-02 1.9318772185430483e+01 34
1 0 1 1 3.6152099555211460e-02 2.6291499127424751e-02 1.0000000803664710e+00 8.4924521127398581e-02 4.4308629821318134e-02 1.9385824608929514e+01 34
1 0 1 1 3.6159604714897146e-02 2.6282812106744064e-02 1.0000000879767825e+00 8.4816318043388211e-02 4.5279206888005158e-02 1.9452897298888939e+01 34
1 0 1 1 3.6166198818852899e-02 2.6273655340207529e-02 1.0000000962122244e+00 8.4708114959377842e-02 4.6258448347488525e-02 1.9519993847757107e+01 34
1 0 1 1 3.6171889884874617e-02 2.6264034370372308e-02 1.0000001051167731e+00 8.4599911875367473e-02 4.7246343802187681e-02 1.9587117847618195e+01 34
1 0 1 1 3.6176686075117960e-02 2.6253933529966796e-02 1.0000001147398156e+00 8.4491708791357104e-02 4.8242916977203551e-02 1.9654275090140338e+01 34
1 0 1 1 3.6180595021140641e-02 2.6243361899466404e-02 1.0000001251308934e+00 8.4383505707346734e-02 4.9248155173378431e-02 1.9721468783271185e+01 34
1 0 1 1 3.6183624115461291e-02 2.6232342441300700e-02 1.0000001363401356e+00 8.4275302623336365e-02 5.0262024734696938e-02 1.9788700676237571e+01 34
1 0 1 1 3.6185780882504071e-02 2.6220880292445348e-02 1.0000001484228422e+00 8.4167099539325996e-02 5.1284520667136478e-02 1.9855974366849249e+01 34
1 0 1 1 3.6187072726696190e-02 2.6208980489165676e-02 1.0000001614374732e+00 8.4058896455315626e-02 5.2315639363661189e-02 1.9923293456859973e+01 34
1 0 1 1 3.6187506934020661e-02 2.6196647968850174e-02 1.0000001754457979e+00 8.3950693371305257e-02 5.3355378612549645e-02 1.9990661552901024e+01 33
1 0 1 1 3.6187090673553225e-02 2.6183887571809707e-02 1.0000001905130518e+00 8.3842490287294888e-02 5.4403737605060044e-02 2.0058082267438206e+01 33
1 0 1 1 3.6185830998974253e-02 2.6170704043036504e-02 1.0000002067080966e+00 8.3734287203284519e-02 5.5460716942548047e-02 2.0125559219748851e+01 33
1 0 1 1 3.6183734850062210e-02 2.6157102033920906e-02 1.0000002241035908e+00 8.3626084119274149e-02 5.6526318643272712e-02 2.0193096036924825e+01 33
1 0 1 1 3.6180809054160323e-02 2.6143086103929701e-02 1.0000002427761612e+00 8.3517881035263780e-02 5.7600546148912718e-02 2.0260696354893987e+01 33
1 0 1 1 3.6177060327621878e-02 2.6128660722244471e-02 1.0000002628065858e+00 8.3409677951253411e-02 5.8683404330975242e-02 2.0328363819464716e+01 33
1 0 1 1 3.6172495277229155e-02 2.6113830269361416e-02 1.0000002842799811e+00 8.3301474867243042e-02 5.9774899497160111e-02 2.0396102087390602e+01 33
1 0 1 1 3.6167113564798396e-02 2.6098599038651537e-02 1.0000003072859962e+00 8.3193271783232672e-02 6.0875039397805322e-02 2.0463914827457700e+01 33
1 0 1 1 3.6160886491832793e-02 2.6082971237884892e-02 1.0000003319190156e+00 8.3085068699222303e-02 6.1983833232422535e-02 2.0531805721589468e+01 33
1 0 1 1 3.6153862996309426e-02 2.6066950990716369e-02 1.0000003582783676e+00 8.2976865615211934e-02 6.3101291656509823e-02 2.0599778465976893e+01 32
1 0 1 1 3.6146049275973834e-02 2.6050542338128022e-02 1.0000003864685427e+00 8.2868662531201565e-02 6.4227426788616412e-02 2.0667836772228139e+01 32
1 0 1 1 3.6137451425066490e-02 2.6033749239849233e-02 1.0000004165994172e+00 8.2760459447191195e-02 6.5362252217755379e-02 2.0735984368539661e+01 32
1 0 1 1 3.6128075435590441e-02 2.6016575575725436e-02 1.0000004487864866e+00 8.2652256363180826e-02 6.6505783011243755e-02 2.0804225000891286e+01 32
1 0 1 1 3.6117927198554063e-02 2.5999025147058978e-02 1.0000004831511082e+00 8.2544053279170457e-02 6.7658035722973311e-02 2.0872562434262004e+01 32
1 0 1 1 3.6107012505187323e-02 2.5981101677911411e-02 1.0000005198207498e+00 8.2435850195160087e-02 6.8819028402245019e-02 2.0941000453872547e+01 32
1 0 1 1 3.6095337048124392e-02 2.5962808816373244e-02 1.0000005589292493e+00 8.2327647111149718e-02 6.9988780603093242e-02 2.1009542866447610e+01 32
1 0 1 1 3.6082906422561095e-02 2.5944150135797348e-02 1.0000006006170830e+00 8.2219444027139349e-02 7.1167313394286683e-02 2.1078193501507513e+01 32
1 0 1 1 3.6069726127377945e-02 2.5925129135996542e-02 1.0000006450316430e+00 8.2111240943128980e-02 7.2354649369883242e-02 2.1146956212680031e+01 32
1 0 1 1 3.6055801566240706e-02 2.5905749244412239e-02 1.0000006923275253e+00 8.2003037859118610e-02 7.3550812660626394e-02 2.1215834879047719e+01 32
1 0 1 1 3.6041138048662449e-02 2.5886013817245025e-02 1.0000007426668267e+00 8.1894834775108241e-02 7.4755828945906391e-02 2.1284833406513336e+01 31
1 0 1 1 3.6025740791041164e-02 2.5865926140553303e-02 1.0000007962194524e+00 8.1786631691097872e-02 7.5969725466607976e-02 2.1353955729201033e+01 31
1 0 1 1 3.6009614917663441e-02 2.5845489431321252e-02 1.0000008531634352e+00 8.1678428607087503e-02 7.7192531038685536e-02 2.1423205810882578e+01 31
1 0 1 1 3.5992765461679177e-02 2.5824706838493819e-02 1.0000009136852648e+00 8.1570225523077133e-02 7.8424276067628584e-02 2.1492587646437602e+01 31
1 0 1 1 3.5975197366040976e-02 2.5803581443973125e-02 1.0000009779802279e+00 8.1462022439066764e-02 7.9664992563795417e-02 2.1562105263345615e+01 31
1 0 1 1 3.5956915265158929e-02 2.5782106316300579e-02 1.0000010462651721e+00 8.1353819355056395e-02 8.0914732464359915e-02 2.1631763738665292e+01 31
1 0 1 1 3.5937923893856000e-02 2.5760284504854229e-02 1.0000011187565498e+00 8.1245616271046026e-02 8.2173531259097141e-02 2.1701567165948717e+01 31
1 0 1 1 3.5918228147826615e-02 2.5738129212618741e-02 1.0000011956663919e+00 8.1137413187035656e-02 8.3441407011410243e-02 2.1771518628739326e+01 31
1 0 1 1 3.5897832620084648e-02 2.5715643266576677e-02 1.0000012772290277e+00 8.1029210103025287e-02 8.4718398299445941e-02 2.1841622300082719e+01 31
1 0 1 1 3.5876741817673162e-02 2.5692829430947407e-02 1.0000013636894776e+00 8.0921007019014918e-02 8.6004545397720636e-02 2.1911882393631835e+01 30
1 0 1 1 3.5854960162413033e-02 2.5669690408010194e-02 1.0000014553038694e+00 8.0812803935004549e-02 8.7299890298493374e-02 2.1982303165362218e+01 30
1 0 1 1 3.5832491991622549e-02 2.5646228838896546e-02 1.0000015523398682e+00 8.0704600850994179e-02 8.8604476734320189e-02 2.2052888915332868e+01 30
1 0 1 1 3.5809341558800681e-02 2.5622447304353101e-02 1.0000016550771205e+00 8.0596397766983810e-02 8.9918350201781932e-02 2.2123643989491718e+01 30
1 0 1 1 3.5785513034279674e-02 2.5598348325473964e-02 1.0000017638077139e+00 8.0488194682973441e-02 9.1241557986465466e-02 2.2194572781529974e+01 30
1 0 1 1 3.5761010505841857e-02 2.5573934364406022e-02 1.0000018788366516e+00 8.0379991598963071e-02 9.2574149189165136e-02 2.2265679734782903e+01 30
1 0 1 1 3.5735837979305796e-02 2.5549207825023828e-02 1.0000020004823416e+00 8.0271788514952702e-02 9.3916174753479215e-02 2.2336969344186798e+01 30
1 0 1 1 3.5709999379071565e-02 2.5524171053569376e-02 1.0000021290771037e+00 8.0163585430942333e-02 9.5267687494721615e-02 2.2408446158287454e+01 30
1 0 1 1 3.5683498548642265e-02 2.5498826339277691e-02 1.0000022649676923e+00 8.0055382346931964e-02 9.6628742130282344e-02 2.2480114781306458e+01 30
1 0 1 1 3.5656339251101135e-02 2.5473175914958072e-02 1.0000024085158363e+00 7.9947179262921594e-02 9.7999395311456058e-02 2.2551979875267392e+01 30
1 0 1 1 3.5628525169555933e-02 2.5447221957554951e-02 1.0000025600987961e+00 7.9838976178911225e-02 9.9379705656773884e-02 2.2624046162182584e+01 29
1 0 1 1 3.5600059907549962e-02 2.5420966588676291e-02 1.0000027201099402e+00 7.9730773094900856e-02 1.0076973378698167e-01 2.2696318426308558e+01 29
1 0 1 1 3.5570946989433333e-02 2.5394411875096494e-02 1.0000028889593398e+00 7.9622570010890487e-02 1.0216954236157495e-01 2.2768801516464684e+01 29
1 0 1 1 3.5541189860699547e-02 2.5367559829227795e-02 1.0000030670743820e+00 7.9514366926880117e-02 1.0357919611712585e-01 2.2841500348427950e+01 29
1 0 1 1 3.5510791888282593e-02 2.5340412409562734e-02 1.0000032549004041e+00 7.9406163842869748e-02 1.0499876190728433e-01 2.2914419907397200e+01 29
1 0 1 1 3.5479756360819570e-02 2.5312971521089894e-02 1.0000034529013475e+00 7.9297960758859379e-02 1.0642830874478146e-01 2.2987565250543895e+01 29
1 0 1 1 3.5448086488870142e-02 2.5285239015678584e-02 1.0000036615604337e+00 7.9189757674849010e-02 1.0786790784517396e-01 2.3060941509635754e+01 29
1 0 1 1 3.5415785405099438e-02 2.5257216692433596e-02 1.0000038813808603e+00 7.9081554590838640e-02 1.0931763267271651e-01 2.3134553893753509e+01 29
1 0 1 1 3.5382856164419905e-02 2.5228906298023369e-02 1.0000041128865218e+00 7.8973351506828271e-02 1.1077755898821399e-01 2.3208407692092447e+01 29
1 0 1 1 3.5349301744092614e-02 2.5200309526977237e-02 1.0000043566227508e+00 7.8865148422817902e-02 1.1224776489909992e-01 2.3282508276862032e+01 28
1 0 1 1 3.5315125043782071e-02 2.5171428021946222e-02 1.0000046131570857e+00 7.8756945338807532e-02 1.1372833091172953e-01 2.3356861106282935e+01 28
1 0 1 1 3.5280328885579103e-02 2.5142263373948363e-02 1.0000048830800603e+00 7.8648742254797163e-02 1.1521933998606312e-01 2.3431471727689416e+01 28
1 0 1 1 3.5244916013967627e-02 2.5112817122569055e-02 1.0000051670060208e+00 7.8540539170786794e-02 1.1672087759273213e-01 2.3506345780738108e+01 28
1 0 1 1 3.5208889095754335e-02 2.5083090756135636e-02 1.0000054655739665e+00 7.8432336086776425e-02 1.1823303177274899e-01 2.3581489000735580e+01 28
1 0 1 1 3.5172250719947763e-02 2.5053085711862665e-02 1.0000057794484201e+00 7.8324133002766055e-02 1.1975589319977255e-01 2.3656907222080026e+01 28
1 0 1 1 3.5135003397593831e-02 2.5022803375961404e-02 1.0000061093203216e+00 7.8215929918755686e-02 1.2128955524527156e-01 2.3732606381835172e+01 28
1 0 1 1 3.5097149561559571e-02 2.4992245083719070e-02 1.0000064559079547e+00 7.8107726834745317e-02 1.2283411404652179e-01 2.3808592523432413e+01 28
1 0 1 1 3.5058691566268146e-02 2.4961412119543835e-02 1.0000068199578991e+00 7.7999523750734948e-02 1.2438966857769355e-01 2.3884871800514510e+01 27
1 0 1 1 3.5019630468003320e-02 2.4930305716976471e-02 1.0000072022460140e+00 7.7891320666724578e-02 1.2595632072410878e-01 2.3961450480924707e+01 27
1 0 1 1 3.4979963097944759e-02 2.4898927058666014e-02 1.0000076035784520e+00 7.7783117582714209e-02 1.2753417535986525e-01 2.4038334950851393e+01 27
1 0 1 1 3.4939698835627933e-02 2.4867277276313025e-02 1.0000080247927055e+00 7.7674914498703840e-02 1.2912334042888399e-01 2.4115531719130590e+01 27
1 0 1 1 3.4898839714197265e-02 2.4835357450574528e-02 1.0000084667586835e+00 7.7566711414693471e-02 1.3072392702972438e-01 2.4193047421724248e+01 27
1 0 1 1 3.4857387685972234e-02 2.4803168610926345e-02 1.0000089303798241e+00 7.7458508330683101e-02 1.3233604950414862e-01 2.4270888826373426e+01 27
1 0 1 1 3.4815344621858119e-02 2.4770711735501414e-02 1.0000094165942395e+00 7.7350305246672732e-02 1.3395982552980298e-01 2.4349062837443501e+01 27
1 0 1 1 3.4772712310682019e-02 2.4737987750873953e-02 1.0000099263758975e+00 7.7242102162662363e-02 1.3559537621707576e-01 2.4427576500966396e+01 27
1 0 1 1 3.4729492458468340e-02 2.4704997531809027e-02 1.0000104607358364e+00 7.7133899078651993e-02 1.3724282621046460e-01 2.4506437009895087e+01 27
1 0 1 1 3.4685686687644553e-02 2.4671741900972106e-02 1.0000110207234205e+00 7.7025695994641624e-02 1.3890230379453072e-01 2.4585651709574471e+01 27
1 0 1 1 3.4641296536177243e-02 2.4638221628591306e-02 1.0000116074276297e+00 7.6917492910631255e-02 1.4057394100488835e-01 2.4665228103451508e+01 27
1 0 1 1 3.4596323456632959e-02 2.4604437432077315e-02 1.0000122219783896e+00 7.6809289826620886e-02 1.4225787374431098e-01 2.4745173859028263e+01 27
1 0 1 1 3.4550768815162176e-02 2.4570389975595398e-02 1.0000128655479410e+00 7.6701086742610516e-02 1.4395424190425651e-01 2.4825496814073254e+01 27
1 0 1 1 3.4504633890403695e-02 2.4536079869589996e-02 1.0000135393522485e+00 7.6592883658600147e-02 1.4566318949229212e-01 2.4906204983114677e+01 26
1 0 1 1 3.4457919872303247e-02 2.4501507670259114e-02 1.0000142446524505e+00 7.6484680574589778e-02 1.4738486476540097e-01 2.4987306564215210e+01 26
1 0 1 1 3.4410627860845096e-02 2.4466673878974408e-02 1.0000149827563520e+00 7.6376477490579409e-02 1.4911942036984085e-01 2.5068809946061577e+01 26
1 0 1 1 3.4362758864691929e-02 2.4431578941650586e-02 1.0000157550199580e+00 7.6268274406569039e-02 1.5086701348763790e-01 2.5150723715372756e+01 26
1 0 1 1 3.4314313799727679e-02 2.4396223248056063e-02 1.0000165628490507e+00 7.6160071322558670e-02 1.5262780599030709e-01 2.5233056664656765e+01 26
1 0 1 1 3.4265293487494138e-02 2.4360607131058323e-02 1.0000174077008099e+00 7.6051868238548301e-02 1.5440196460004971e-01 2.5315817800329022e+01 26
1 0 1 1 3.4215698653533591e-02 2.4324730865821181e-02 1.0000182910854782e+00 7.5943665154537932e-02 1.5618966105903578e-01 2.5399016351220610e+01 26
1 0 1 1 3.4165529925605453e-02 2.4288594668923427e-02 1.0000192145680700e+00 7.5835462070527562e-02 1.5799107230700535e-01 2.5482661777490929e+01 26
1 0 1 1 3.4114787831792455e-02 2.4252198697413619e-02 1.0000201797701229e+00 7.5727258986517193e-02 1.5980638066796155e-01 2.5566763779981351e+01 26
1 0 1 1 3.4063472798481327e-02 2.4215543047796176e-02 1.0000211883714984e+00 7.5619055902506824e-02 1.6163577404620458e-01 2.5651332310022848e+01 26
1 0 1 1 3.4011585148212141e-02 2.4178627754937364e-02 1.0000222421122213e+00 7.5510852818496454e-02 1.6347944613257576e-01 2.5736377579741323e+01 26
1 0 1 1 3.3959125097388201e-02 2.4141452790894680e-02 1.0000233427943679e+00 7.5402649734486085e-02 1.6533759662128744e-01 2.5821910072879056e+01 25
1 0 1 1 3.3906092753841488e-02 2.4104018063661168e-02 1.0000244922839945e+00 7.5294446650475716e-02 1.6721043143816031e-01 2.5907940556173500e+01 25
1 0 1 1 3.3852488114242504e-02 2.4066323415821819e-02 1.0000256925131099e+00 7.5186243566465347e-02 1.6909816298090932e-01 2.5994480091325375e+01 25
1 0 1 1 3.3798308098130871e-02 2.4028368623114912e-02 1.0000269454816906e+00 7.5078040482454977e-02 1.7100101037230400e-01 2.6081540047597631e+01 25
1 0 1 1 3.3743550376367955e-02 2.3990153392898068e-02 1.0000282532597327e+00 7.4969837398444608e-02 1.7291919972691006e-01 2.6169132115080071e+01 25
1 0 1 1 3.3688219141417640e-02 2.3951677362506595e-02 1.0000296179893451e+00 7.4861634314434239e-02 1.7485296443253356e-01 2.6257268318676285e+01 25
1 0 1 1 3.3632313924675791e-02 2.3912940097496359e-02 1.0000310418868774e+00 7.4753431230423870e-02 1.7680254544705171e-01 2.6345961032847608e+01 25
1 0 1 1 3.3575834130899165e-02 2.3873941089781765e-02 1.0000325272450803e+00 7.4645228146413500e-02 1.7876819161198787e-01 2.6435222997179750e+01 25
1 0 1 1 3.3518779034459163e-02 2.3834679755634462e-02 1.0000340764352951e+00 7.4537025062403131e-02 1.8075015998366520e-01 2.6525067332817265e+01 25
1 0 1 1 3.3461147775364429e-02 2.3795155433553931e-02 1.0000356919096702e+00 7.4428821978392762e-02 1.8274871618339988e-01 2.6615507559836622e+01 25
1 0 1 1 3.3402939355031039e-02 2.3755367381998318e-02 1.0000373762033961e+00 7.4320618894382393e-02 1.8476413476783191e-01 2.6706557615613619e+01 25
1 0 1 1 3.3344152631783162e-02 2.3715314776958759e-02 1.0000391319369546e+00 7.4212415810372023e-02 1.8679669962110243e-01 2.6798231874271075e+01 24
1 0 1 1 3.3284786316064803e-02 2.3674996709374441e-02 1.0000409618183781e+00 7.4104212726361654e-02 1.8884670437020626e-01 2.6890545167273157e+01 24
1 0 1 1 3.3224838965345047e-02 2.3634412182373297e-02 1.0000428686455067e+00 7.3996009642351285e-02 1.9091445282528444e-01 2.6983512805255344e+01 24
1 0 1 1 3.3164308978691444e-02 2.3593560108326611e-02 1.0000448553082355e+00 7.3887806558340915e-02 1.9300025944686106e-01 2.7077150601189661e+01 24
1 0 1 1 3.3103194590990037e-02 2.3552439305706014e-02 1.0000469247907433e+00 7.3779603474330546e-02 1.9510444984172276e-01 2.7171474894971940e+01 24
1 0 1 1 3.3041493866784032e-02 2.3511048495723663e-02 1.0000490801736890e+00 7.3671400390320177e-02 1.9722736128998414e-01 2.7266502579557788e+01 24
1 0 1 1 3.2979204693705258e-02 2.3469386298747487e-02 1.0000513246363594e+00 7.3563197306309808e-02 1.9936934330541481e-01 2.7362251128752000e+01 24
1 0 1 1 3.2916324775464093e-02 2.3427451230466738e-02 1.0000536614587574e+00 7.3454994222299438e-02 2.0153075823192232e-01 2.7458738626796872e+01 24
1 0 1 1 3.2852851624360455e-02 2.3385241697786545e-02 1.0000560940236076e+00 7.3346791138289069e-02 2.0371198187880848e-01 2.7555983799892349e+01 24
1 0 1 1 3.2788782553294094e-02 2.3342755994447850e-02 1.0000586258182593e+00 7.3238588054278700e-02 2.0591340419827694e-01 2.7654006049819490e+01 24
1 0 1 1 3.2724114667209064e-02 2.3299992296325667e-02 1.0000612604364645e+00 7.3130384970268331e-02 2.0813543000818502e-01 2.7752825489823003e+01 23
1 0 1 1 3.2658844853946163e-02 2.3256948656395035e-02 1.0000640015800013e+00 7.3022181886257961e-02 2.1037847976430307e-01 2.7852462982963690e+01 23
1 0 1 1 3.2592969774445993e-02 2.3213622999338147e-02 1.0000668530601131e+00 7.2913978802247592e-02 2.1264299038581913e-01 2.7952940183130885e+01 23
1 0 1 1 3.2526485852248106e-02 2.3170013115752126e-02 1.0000698187987256e+00 7.2805775718237223e-02 2.1492941613908778e-01 2.8054279578966437e+01 23
1 0 1 1 3.2459389262225913e-02 2.3126116655932651e-02 1.0000729028294051e+00 7.2697572634226854e-02 2.1723822958436659e-01 2.8156504540939821e+01 23
1 0 1 1 3.2391675918491659e-02 2.3081931123191131e-02 1.0000761092980088e+00 7.2589369550216484e-02 2.1956992259135297e-01 2.8259639371867220e+01 23
1 0 1 1 3.2323341461395740e-02 2.3037453866666072e-02 1.0000794424629771e+00 7.2481166466206115e-02 2.2192500742963572e-01 2.8363709361183428e+01 23
1 0 1 1 3.2254381243538112e-02 2.2992682073580396e-02 1.0000829066952068e+00 7.2372963382195746e-02 2.2430401794100385e-01 2.8468740843317164e+01 23
1 0 1 1 3.2184790314702803e-02 2.2947612760899645e-02 1.0000865064774436e+00 7.2264760298185376e-02 2.2670751080109824e-01 2.8574761260547568e+01 23
1 0 1 1 3.2114563405611869e-02 2.2902242766326450e-02 1.0000902464031109e+00 7.2156557214175007e-02 2.2913606687921262e-01 2.8681799230786666e+01 22
1 0 1 1 3.2043694910382121e-02 2.2856568738568905e-02 1.0000941311744977e+00 7.2048354130164638e-02 2.3159029270529086e-01 2.8789884620746818e+01 22
1 0 1 1 3.1972178867570963e-02 2.2810587126826182e-02 1.0000981656002015e+00 7.1940151046154269e-02 2.3407082205524374e-01 2.8899048625050636e+01 22
1 0 1 1 3.1900008939653300e-02 2.2764294169390003e-02 1.0001023545917234e+00 7.1831947962143899e-02 2.3657831766584819e-01 2.9009323851859079e+01 22
1 0 1 1 3.1827177221365771e-02 2.2717674155985950e-02 1.0001067050825272e+00 7.1723744878133530e-02 2.3911351245111559e-01 2.9120745961748185e+01 22
1 0 1 1 3.1753677278876610e-02 2.2670730316201662e-02 1.0001112211720151e+00 7.1615541794123161e-02 2.4167710831128883e-01 2.9233349694965298e+01 22
1 0 1 1 3.1679501911491735e-02 2.2623462277824739e-02 1.0001159074292889e+00 7.1507338710112792e-02 2.4426985297009954e-01 2.9347171947626954e+01 22
1 0 1 1 3.1604643035941120e-02 2.2575865308555536e-02 1.0001207691432408e+00 7.1399135626102422e-02 2.4689254521831028e-01 2.9462251991036077e+01 22
1 0 1 1 3.1529092060680011e-02 2.2527934391733923e-02 1.0001258116721534e+00 7.1290932542092053e-02 2.4954602385180957e-01 2.9578631062452452e+01 22
1 0 1 1 3.1452839851899450e-02 2.2479664207421271e-02 1.0001310404320034e+00 7.1182729458081684e-02 2.5223117050989663e-01 2.9696352507307463e+01 21
1 0 1 1 3.1375876696348490e-02 2.2431049111702996e-02 1.0001364608826260e+00 7.1074526374071315e-02 2.5494891277996984e-01 2.9815461934858643e+01 21
1 0 1 1 3.1298192260589566e-02 2.2382083113998023e-02 1.0001420785114530e+00 7.0966323290060945e-02 2.5770022760024225e-01 2.9936007388883588e+01 21
1 0 1 1 3.1219775546270694e-02 2.2332759852149164e-02 1.0001478988144952e+00 7.0858120206050576e-02 2.6048614499569372e-01 3.0058039535196819e+01 21
1 0 1 1 3.1140614840921566e-02 2.2283072565014203e-02 1.0001539272741975e+00 7.0749917122040207e-02 2.6330775218846075e-01 3.0181611868075219e+01 21
1 0 1 1 3.1060697663718505e-02 2.2233014062249562e-02 1.0001601693337456e+00 7.0641714038029838e-02 2.6616619812898723e-01 3.0306780937940239e+01 21
1 0 1 1 3.0980010705588663e-02 2.2182576690943617e-02 1.0001666303673533e+00 7.0533510954019468e-02 2.6906269850237474e-01 3.0433606603047583e+01 21
1 0 1 1 3.0898539762900107e-02 2.2131752298671623e-02 1.0001733156459902e+00 7.0425307870009099e-02 2.7199854127117185e-01 3.0562152308294188e+01 20
1 0 1 1 3.0816269663896664e-02 2.2080532192508631e-02 1.0001802302979443e+00 7.0317104785998730e-02 2.7497509282724975e-01 3.0692485394814863e+01 20
1 0 1 1 3.0733184186886541e-02 2.2028907093455320e-02 1.0001873792635345e+00 7.0208901701988360e-02 2.7799380483557246e-01 3.0824677444565307e+01 20
1 0 1 1 3.0649234259293230e-02 2.1976867085627988e-02 1.0001947672431923e+00 7.0100698617977991e-02 2.8105622186746493e-01 3.0958804664833792e+01 20
1 0 1 1 3.0564430296594208e-02 2.1924401559474189e-02 1.0002023986380351e+00 6.9992495533967622e-02 2.8416398993680558e-01 3.1094948318425729e+01 20
1 0 1 1 3.0478754946720043e-02 2.1871499148138573e-02 1.0002102774819299e+00 6.9884292449957253e-02 2.8731886607252138e-01 3.1233195206275717e+01 20
1 0 1 1 3.0392186775277278e-02 2.1818147655951962e-02 1.0002184073639151e+00 6.9776089365946883e-02 2.9052272908449139e-01 3.1373638210443119e+01 20
1 0 1 1 3.0304702717302835e-02 2.1764333977828766e-02 1.0002267913396916e+00 6.9667886281936514e-02 2.9377759170871581e-01 3.1516376906903385e+01 19
1 0 1 1 3.0216277913482553e-02 2.1710044008141881e-02 1.0002354318307167e+00 6.9559683197926145e-02 2.9708561435229086e-01 3.1661518259303044e+01 19
1 0 1 1 3.0126885524298153e-02 2.1655262537351620e-02 1.0002443305092290e+00 6.9451480113915776e-02 3.0044912070210511e-01 3.1809177407042892e+01 19
1 0 1 1 3.0036496518395343e-02 2.1599973134343926e-02 1.0002534881672938e+00 6.9343277029905406e-02 3.0387061551248162e-01 3.1959478563656141e+01 19
1 0 1 1 2.9945079430709093e-02 2.1544158012019688e-02 1.0002629045676774e+00 6.9235073945895037e-02 3.0735280495356032e-01 3.2112556044808358e+01 19
1 0 1 1 2.9852600084935496e-02 2.1487797873138904e-02 1.0002725782740360e+00 6.9126870861884668e-02 3.1089861998078372e-01 3.2268555449244793e+01 19
1 0 1 1 2.9759019633921791e-02 2.1430857979135978e-02 1.0002825134948199e+00 6.9018667777874299e-02 3.1451129622050805e-01 3.2427636710069706e+01 19
1 0 1 1 2.9664297456651147e-02 2.1373315336351690e-02 1.0002927067975573e+00 6.8910464693863929e-02 3.1819429914549729e-01 3.2589972203778053e+01 18
1 0 1 1 2.9568390770433457e-02 2.1315158787466006e-02 1.0003031451675581e+00 6.8802261609853560e-02 3.2195135993824070e-01 3.2755748708078201e+01 18
1 0 1 1 2.9471250809504544e-02 2.1256360924055293e-02 1.0003138202149038e+00 6.8694058525843191e-02 3.2578662502680833e-01 3.2925172944908461e+01 18
1 0 1 1 2.9372823884189769e-02 2.1196891600562401e-02 1.0003247210698119e+00 6.8585855441832821e-02 3.2970465269479510e-01 3.3098472379979825e+01 18
1 0 1 1 2.9273050683069148e-02 2.1136717548009679e-02 1.0003358340064241e+00 6.8477652357822452e-02 3.3371047230067208e-01 3.3275898219297154e+01 18
1 0 1 1 2.9171865443260527e-02 2.1075801915015159e-02 1.0003471420110759e+00 6.8369449273812083e-02 3.3780965480519365e-01 3.3457728978554222e+01 18
1 0 1 1 2.9069194957231707e-02 2.1014103718747366e-02 1.0003586242854452e+00 6.8261246189801714e-02 3.4200839734284566e-01 3.3644274764123878e+01 17
1 0 1 1 2.8964927222529042e-02 2.0951577183353901e-02 1.0003702556727443e+00 6.8153043105791344e-02 3.4631362538740995e-01 3.3835882445689442e+01 17
1 0 1 1 2.8858979540543686e-02 2.0888170936419943e-02 1.0003820059921100e+00 6.8044840021780975e-02 3.5073311717182315e-01 3.4032941956928049e+01 17
1 0 1 1 2.8751269026831679e-02 2.0823827024467331e-02 1.0003938392623333e+00 6.7936636937770606e-02 3.5527565654922955e-01 3.4235894038206872e+01 17
1 0 1 1 2.8641677764809463e-02 2.0758479695151214e-02 1.0004057127905210e+00 6.7828433853760237e-02 3.5995122262125839e-01 3.4445239843927730e+01 17
1 0 1 1 2.8530070981702196e-02 2.0692053874864166e-02 1.0004175760935443e+00 6.7720230769749867e-02 3.6477122749265539e-01 3.4661552991342468e+01 17
1 0 1 1 2.8416293551016450e-02 2.0624463243135993e-02 1.0004293696090887e+00 6.7612027685739498e-02 3.6974881790436753e-01 3.4885494850996508e+01 17
1 0 1 1 2.8300163643351139e-02 2.0555592341463043e-02 1.0004410369728942e+00 6.7503824601729129e-02 3.7489931844519736e-01 3.5117835439200618e+01 17
1 0 1 1 2.8181469583962122e-02 2.0485314985938908e-02 1.0004525054591797e+00 6.7395621517718760e-02 3.8024065459031986e-01 3.5359476981320164e+01 17
1 0 1 1 2.8059965357174678e-02 2.0413517597756531e-02 1.0004636561194347e+00 6.7287418433708390e-02 3.8579393138017704e-01 3.5611486291837302e+01 17
1 0 1 1 2.7935353146997161e-02 2.0340035144652355e-02 1.0004743732601764e+00 6.7179215349698021e-02 3.9158455004510434e-01 3.5875145451301684e+01 18
1 0 1 1 2.7807272005014892e-02 2.0264667831994758e-02 1.0004845192229772e+00 6.7071012265687652e-02 3.9764337007516343e-01 3.6152013302489713e+01 18
1 0 1 1 2.7675240360785239e-02 2.0187169989851195e-02 1.0004939290815624e+00 6.6962809181677282e-02 4.0400848304281289e-01 3.6444015585379354e+01 18
1 0 1 1 2.7538701548500539e-02 2.0107233916888154e-02 1.0005024033045069e+00 6.6854606097666913e-02 4.1072779986695102e-01 3.6753576473974881e+01 18
1 0 1 1 2.7396977217361607e-02 2.0024465555979597e-02 1.0005096972008767e+00 6.6746403013656544e-02 4.1786295899025766e-01 3.7083817377167065e+01 19
1 0 1 1 2.7249125985428547e-02 1.9938346287061006e-02 1.0005155050158498e+00 6.6638199929646175e-02 4.2549548539139742e-01 3.7438870415869872e+01 19
1 0 1 1 2.7093859125552455e-02 1.9848127521304822e-02 1.0005194816703642e+00 6.6529996845635805e-02 4.3373716410707996e-01 3.7824401659579330e+01 19
1 0 1 1 2.6929349022386244e-02 1.9752825022523641e-02 1.0005210813943453e+00 6.6421793761625436e-02 4.4274783671630918e-01 3.8248530785549114e+01 20
1 0 1 1 2.6752826002878059e-02 1.9650934265482475e-02 1.0005195500713870e+00 6.6313590677615067e-02 4.5277084431548070e-01 3.8723630397327739e+01 20
1 0 1 1 2.6559616824402676e-02 1.9539944065256862e-02 1.0005137693524331e+00 6.6205387593604698e-02 4.6421018130157554e-01 3.9270261405631473e+01 21
1 0 1 1 2.6341145302296042e-02 1.9415115960080651e-02 1.0005017937532115e+00 6.6097184509594328e-02 4.7783349086983629e-01 3.9927541805861857e+01 22
1 0 1 1 2.6076501004714488e-02 1.9264903266687967e-02 1.0004793775980356e+00 6.5988981425583959e-02 4.9551112680257664e-01 4.0790908986528876e+01 23
1 0 1 1 2.6062277149032462e-02 1.9256866265972027e-02 1.0004779229602747e+00 6.5983952544207219e-02 4.9650325757239255e-01 4.0839721920600603e+01 13
1 0 1 1 2.6047804499441284e-02 1.9248692962959450e-02 1.0004764165569677e+00 6.5978923662830480e-02 4.9751754859243663e-01 4.0889664883561579e+01 20
1 0 1 1 2.6033066711819135e-02 1.9240374410998677e-02 1.0004748552882994e+00 6.5973894781453740e-02 4.9855547351696028e-01 4.0940813224619255e+01 20
1 0 1 1 2.6018045560819617e-02 1.9231900633997562e-02 1.0004732357070016e+00 6.5968865900077001e-02 4.9961867615208344e-01 4.0993250999226852e+01 20
1 0 1 1 2.6002720621751980e-02 1.9223260452362743e-02 1.0004715539601312e+00 6.5963837018700261e-02 5.0070899926957269e-01 4.1047072443907965e+01 20
1 0 1 1 2.5987068879660295e-02 1.9214441269113681e-02 1.0004698057175889e+00 6.5958808137323521e-02 5.0182852001981437e-01 4.1102383788909563e+01 20
1 0 1 1 2.5971064244222752e-02 1.9205428804463385e-02 1.0004679860834953e+00 6.5953779255946782e-02 5.0297959388230928e-01 4.1159305507943365e+01 20
1 0 1 1 2.5954676941214349e-02 1.9196206762874070e-02 1.0004660894851185e+00 6.5948750374570042e-02 5.0416490980865636e-01 4.1217975140948077e+01 20
1 0 1 1 2.5937872739642334e-02 1.9186756410205529e-02 1.0004641095319315e+00 6.5943721493193302e-02 5.0538756026561682e-01 4.1278550879704767e+01 20
1 0 1 1 2.5920611957066800e-02 1.9177056029511072e-02 1.0004620388343859e+00 6.5938692611816563e-02 5.0665113139469109e-01 4.1341216183423690e+01 20
1 0 1 1 2.5902848159697830e-02 1.9167080209855233e-02 1.0004598687672837e+00 6.5933663730439823e-02 5.0795982085526237e-01 4.1406185811750078e+01 21
1 0 1 1 2.5884523947301036e-02 1.9156798900941904e-02 1.0004575891555119e+00 6.5928634849063084e-02 5.0931859449640382e-01 4.1473713845902843e+01 21
1 0 1 1 2.5865565000115661e-02 1.9146176131821530e-02 1.0004551878484822e+00 6.5923605967686344e-02 5.1073339873594137e-01 4.1544104562247576e+01 21
1 0 1 1 2.5845902127508182e-02 1.9135168234970461e-02 1.0004526501308113e+00 6.5918577086309604e-02 5.1221145497173537e-01 4.1617727506357575e+01 21
1 0 1 1 2.5825436777315181e-02 1.9123721320336708e-02 1.0004499578848554e+00 6.5913548204932865e-02 5.1376167840195641e-01 4.1695038937679477e+01 21
1 0 1 1 2.5804044925020236e-02 1.9111767571292706e-02 1.0004470883637393e+00 6.5908519323556125e-02 5.1539529228224812e-01 4.1776613282176164e+01 21
1 0 1 1 2.5781566770785764e-02 1.9099219612021486e-02 1.0004440123272076e+00 6.5903490442179385e-02 5.1712676215569786e-01 4.1863190970697801e+01 22
1 0 1 1 2.5757790364407635e-02 1.9085961555437920e-02 1.0004406910815109e+00 6.5898461560802646e-02 5.1897528089868994e-01 4.1955754485287827e+01 22
1 0 1 1 2.5732424110238107e-02 1.9071833972090769e-02 1.0004370715136373e+00 6.5893432679425906e-02 5.2096726261545001e-01 4.2055656071297349e+01 22
1 0 1 1 2.5705047239455332e-02 1.9056606814548110e-02 1.0004330771544852e+00 6.5888403798049167e-02 5.2314083565621328e-01 4.2164847832882820e+01 22
1 0 1 1 2.5675011841585577e-02 1.9039925861132338e-02 1.0004285905176411e+00 6.5883374916672427e-02 5.2555473142282472e-01 4.2286336961501561e+01 23
1 0 1 1 2.5641221768073954e-02 1.9021191851169020e-02 1.0004234132786869e+00 6.5878346035295687e-02 5.2830834789880765e-01 4.2425213302085531e+01 23
1 0 1 1 2.5601521191927826e-02 1.8999226239319503e-02 1.0004171562580346e+00 6.5873317153918948e-02 5.3159724424898880e-01 4.2591491654728436e+01 24
1 0 1 1 2.5550236497136343e-02 1.8970927483051427e-02 1.0004087975932008e+00 6.5868288272542208e-02 5.3593627954434531e-01 4.2811540895458222e+01 25
1 0 1 1 2.5527580705626520e-02 1.8958451154378841e-02 1.0004050100301380e+00 6.5866615044673685e-02 5.3788725089148093e-01 4.2910734426887743e+01 16
1 0 1 1 2.5373634116882617e-02 1.8874135805109375e-02 1.0003777500753337e+00 6.5864941816805161e-02 5.5176137664637315e-01 4.3620691006748686e+01 23
