isScalarized | massIncreased | isMonotoneInside | isMonotoneOutside | mass_Baryon | mass_ADM | AST(radius) | radius  |  phi_c | rho_c | ctr |
1 0 1 1 9.7799994415721575e-04 9.7051141916771905e-04 9.9999721046745471e-01 1.7636055481481483e-01 1.4173064294545241e-03 1.6858153730112519e+00 27
1 0 1 1 9.7667007338798190e-04 9.6918226863472370e-04 9.9999636661160418e-01 1.7599767301478433e-01 1.6182675075961620e-03 1.6985410042257498e+00 24
1 0 1 1 9.7534609942781525e-04 9.6785895969827933e-04 9.9999552169613937e-01 1.7563553788512429e-01 1.7974045983584015e-03 1.7113430095246582e+00 24
1 0 1 1 9.7402799828884192e-04 9.6654146848833224e-04 9.9999467570379896e-01 1.7527414788947587e-01 1.9607090426961462e-03 1.7242217070784944e+00 24
1 0 1 1 9.7271574603484498e-04 9.6522977118593581e-04 9.9999382861729524e-01 1.7491350149464155e-01 2.1118573519481086e-03 1.7371774163390277e+00 23
1 0 1 1 9.7140931878189716e-04 9.6392384402391683e-04 9.9999298041931350e-01 1.7455359717057850e-01 2.2532975082033674e-03 1.7502104580565536e+00 23
1 0 1 1 9.7010869269907661e-04 9.6262366328765626e-04 9.9999213109251317e-01 1.7419443339039212e-01 2.3867564453069643e-03 1.7633211542957563e+00 22
1 0 1 1 9.6881384400948308e-04 9.6132920531597161e-04 9.9999128061952769e-01 1.7383600863032958e-01 2.5135061827832798e-03 1.7765098284498575e+00 22
1 0 1 1 9.6752474899057842e-04 9.6004044650152521e-04 9.9999042898296464e-01 1.7347832136977334e-01 2.6345156182527507e-03 1.7897768052591956e+00 22
1 0 1 1 9.6624138397522841e-04 9.5875736329190261e-04 9.9998957616540585e-01 1.7312137009123471e-01 2.7505428319042711e-03 1.8031224108262949e+00 21
1 0 1 1 9.6496372535225016e-04 9.5747993218999632e-04 9.9998872214940793e-01 1.7276515328034739e-01 2.8621941314516614e-03 1.8165469726314361e+00 21
1 0 1 1 9.6369174956726495e-04 9.5620812975504531e-04 9.9998786691750252e-01 1.7240966942586108e-01 2.9699634059152094e-03 1.8300508195496179e+00 21
1 0 1 1 9.6242543312312150e-04 9.5494193260293027e-04 9.9998701045219596e-01 1.7205491701963505e-01 3.0742592635903186e-03 1.8436342818675686e+00 21
1 0 1 1 9.6116475258083720e-04 9.5368131740709362e-04 9.9998615273596980e-01 1.7170089455663168e-01 3.1754242909526136e-03 1.8572976912989874e+00 21
1 0 1 1 9.5740928515007802e-04 9.4992571825165521e-04 9.9998356657445864e-01 1.7064101249146729e-01 3.4633807692513291e-03 1.8934380160224229e+00 24
1 0 1 1 9.5374489554702778e-04 9.4626035444143148e-04 9.9998096902206113e-01 1.6958767290818663e-01 3.7304700248565752e-03 1.9117368286830714e+00 23
1 0 1 1 9.5022192781410095e-04 9.4273517451409837e-04 9.9997835899840437e-01 1.6854083542109907e-01 3.9801745657962705e-03 1.9292959513165495e+00 23
1 0 1 1 9.4685713905226325e-04 9.3936671385942390e-04 9.9997573390309802e-01 1.6750045989380835e-01 4.2153635901473804e-03 1.9461911968494312e+00 23
1 0 1 1 9.4365588987278554e-04 9.3616029111379736e-04 9.9997309065684836e-01 1.6646650643767374e-01 4.4382358961862958e-03 1.9624918355193381e+00 22
1 0 1 1 9.4061863801968271e-04 9.3311627778255672e-04 9.9997042601383801e-01 1.6543893541028071e-01 4.6505113746978079e-03 1.9782578434095461e+00 22
1 0 1 1 9.3774223792659301e-04 9.3023191033096686e-04 9.9996773670992678e-01 1.6441770741392095e-01 4.8535692857475561e-03 1.9935428132819717e+00 22
1 0 1 1 9.3502410304808332e-04 9.2750415156354286e-04 9.9996501947145866e-01 1.6340278329408192e-01 5.0485249317580609e-03 2.0083902341966988e+00 21
1 0 1 1 9.3245966559687076e-04 9.2492847450943662e-04 9.9996227109462799e-01 1.6239412413794560e-01 5.2363072505396020e-03 2.0228403677547955e+00 21
1 0 1 1 9.3004345611721667e-04 9.2249973868838338e-04 9.9995948846237759e-01 1.6139169127289654e-01 5.4176971217755618e-03 2.0369291537939191e+00 21
1 0 1 1 9.2777082222993677e-04 9.2021329484432042e-04 9.9995666849160481e-01 1.6039544626503915e-01 5.5933543352751818e-03 2.0506870693753778e+00 21
1 0 1 1 9.2563619567959609e-04 9.1806390376607510e-04 9.9995380820900670e-01 1.5940535091772409e-01 5.7638479762235463e-03 2.0641424631182277e+00 21
1 0 1 1 9.2363783873892710e-04 9.1604855102043515e-04 9.9995090450311497e-01 1.5842136727008382e-01 5.9296624868530792e-03 2.0773169538528227e+00 20
1 0 1 1 9.2176791462355364e-04 9.1416107699508569e-04 9.9994795460952290e-01 1.5744345759557712e-01 6.0912338412216415e-03 2.0902357623558063e+00 20
1 0 1 1 9.2002369107718664e-04 9.1239795066936475e-04 9.9994495557782737e-01 1.5647158440054271e-01 6.2489363942062346e-03 2.1029175540239189e+00 20
1 0 1 1 9.1548331075804791e-04 9.0779209581524271e-04 9.9993557491188212e-01 1.5357396246719932e-01 6.7047416406538834e-03 2.1399362922102374e+00 23
1 0 1 1 9.1195664308912721e-04 9.0418977984593404e-04 9.9992564173514076e-01 1.5073000019928823e-01 7.1355561496670153e-03 2.1753645455274619e+00 23
1 0 1 1 9.0936860163877171e-04 9.0151500301128445e-04 9.9991507641311272e-01 1.4793870389930142e-01 7.5468626364041235e-03 2.2095232850930850e+00 23
1 0 1 1 9.0765797750918132e-04 8.9970701462842924e-04 9.9990379669784135e-01 1.4519909827153657e-01 7.9428626135758362e-03 2.2426697519401619e+00 22
1 0 1 1 9.0677650098749604e-04 8.9871858060228604e-04 9.9989171601155202e-01 1.4251022608132294e-01 8.3268838630411110e-03 2.2750149971151048e+00 22
1 0 1 1 9.0669271760113169e-04 8.9851589126094158e-04 9.9987874120781539e-01 1.3987114782055771e-01 8.7016488992212732e-03 2.3067362269364202e+00 22
1 1 1 1 9.0737811940713958e-04 8.9907241980865149e-04 9.9986477248583205e-01 1.3728094137943628e-01 9.0694332054380537e-03 2.3379867917115487e+00 22
1 1 1 1 9.0882311518551847e-04 9.0037490524199726e-04 9.9984969911083932e-01 1.3473870172426153e-01 9.4322160024697538e-03 2.3689018391742298e+00 22
1 1 1 1 9.1101364469076216e-04 9.0241290745194400e-04 9.9983340151982991e-01 1.3224354058121965e-01 9.7917189216339545e-03 2.3996027649092180e+00 21
1 1 1 1 9.1395565837159361e-04 9.0518842076863068e-04 9.9981574491400660e-01 1.2979458612601188e-01 1.0149527275912411e-02 2.4302022961422969e+00 21
1 1 1 1 9.1765601367443256e-04 9.0870840231673563e-04 9.9979658020968831e-01 1.2739098267923388e-01 1.0507097964920335e-02 2.4608060761061852e+00 21
1 1 1 1 9.2213068582500015e-04 9.1298771843571324e-04 9.9977573998057412e-01 1.2503189040739621e-01 1.0865818943495857e-02 2.4915159433959833e+00 21
1 1 1 1 9.2740095253500236e-04 9.1804788513641161e-04 9.9975303625838652e-01 1.2271648502948146e-01 1.1227031031478171e-02 2.5224311161581974e+00 21
1 1 1 1 9.3350202987365922e-04 9.2392055546621486e-04 9.9972825452086767e-01 1.2044395752893551e-01 1.1592088963525612e-02 2.5536528629886304e+00 22
1 1 1 1 9.4047537991673736e-04 9.3064525306012192e-04 9.9970115106104851e-01 1.1821351387099226e-01 1.1962364585322604e-02 2.5852844018074475e+00 22
1 1 1 1 9.4837070864661874e-04 9.3826965421053463e-04 9.9967144837144584e-01 1.1602437472523314e-01 1.2339265447342922e-02 2.6174316767483514e+00 22
1 1 1 1 9.5724390966241363e-04 9.4685156912764233e-04 9.9963882816619065e-01 1.1387577519328437e-01 1.2724270366673280e-02 2.6502058060780609e+00 22
1 1 1 1 9.6717583282854595e-04 9.5646455330984095e-04 9.9960291880059637e-01 1.1176696454155688e-01 1.3119012182585238e-02 2.6837305259919146e+00 22
1 1 1 1 9.7825813777779988e-04 9.6719644037296132e-04 9.9956328790089688e-01 1.0969720593893545e-01 1.3525276219888685e-02 2.7181410858203066e+00 22
1 1 1 1 9.9059403105257416e-04 9.7914897048040372e-04 9.9951943346112271e-01 1.0766577619932553e-01 1.3945000277474159e-02 2.7535824824716064e+00 22
1 1 1 1 1.0043157533490582e-03 9.9244843410753372e-04 9.9947075859267787e-01 1.0567196552896765e-01 1.4380422082642775e-02 2.7902230972717845e+00 22
1 1 1 1 1.0091922434077474e-03 9.9717593768591838e-04 9.9945345415733389e-01 1.0501966944545550e-01 1.4528545551300162e-02 2.8026567755045839e+00 23
1 1 1 1 1.0142437804231067e-03 1.0020736605512170e-03 9.9943551544977494e-01 1.0437139988097738e-01 1.4678767906013593e-02 2.8152500969457033e+00 23
1 1 1 1 1.0194770953447715e-03 1.0071480952202490e-03 9.9941691196432814e-01 1.0372713198047752e-01 1.4831194284934224e-02 2.8280108105290833e+00 23
1 1 1 1 1.0249017042402726e-03 1.0124073752721913e-03 9.9939760937225075e-01 1.0308684104232642e-01 1.4985953061283730e-02 2.8409489853690175e+00 23
1 1 1 1 1.0305262748885305e-03 1.0178593465539978e-03 9.9937757229616175e-01 1.0245050251737378e-01 1.5143167905780856e-02 2.8540739422549768e+00 23
1 1 1 1 1.0363552433748160e-03 1.0235104778688314e-03 9.9935676611133806e-01 1.0181809200800727e-01 1.5302941180866728e-02 2.8673924065870207e+00 23
1 1 1 1 1.0423955932375810e-03 1.0293688238047721e-03 9.9933515220308089e-01 1.0118958526721711e-01 1.5465397280376573e-02 2.8809132233311630e+00 23
1 1 1 1 1.0486675739735947e-03 1.0354479240324932e-03 9.9931268097335324e-01 1.0056495819766638e-01 1.5630741693451355e-02 2.8946538155486570e+00 23
1 1 1 1 1.0551704487476786e-03 1.0417533738021269e-03 9.9928931428054457e-01 9.9944186850767197e-02 1.5799059686713312e-02 2.9086180697564918e+00 23
1 1 1 1 1.0619229234907735e-03 1.0482988355259076e-03 9.9926499825818293e-01 9.9327247425762460e-02 1.5970556409595386e-02 2.9228226521570888e+00 23
1 1 1 1 1.0689306208947267e-03 1.0550935373657621e-03 9.9923968458843149e-01 9.8714116268813309e-02 1.6145368129237982e-02 2.9372762336244049e+00 23
1 1 1 1 1.0762163489134394e-03 1.0621538090012247e-03 9.9921330977186029e-01 9.8104769872092240e-02 1.6323737758393561e-02 2.9519987386858277e+00 23
1 1 1 1 1.0837834296201845e-03 1.0694894487753540e-03 9.9918581968259734e-01 9.7499184872881797e-02 1.6505806023226488e-02 2.9669983523775287e+00 23
1 1 1 1 1.0916511582778087e-03 1.0771160878365750e-03 9.9915714674117972e-01 9.6897338052678819e-02 1.6691800475673115e-02 2.9822922206874551e+00 23
1 1 1 1 1.0998400957410936e-03 1.0850517987653109e-03 9.9912721542766336e-01 9.6299206336304261e-02 1.6881984032522314e-02 2.9979007319617286e+00 23
1 1 1 1 1.1083659870134196e-03 1.0933129170894937e-03 9.9909595019946917e-01 9.5704766791018428e-02 1.7076589581199095e-02 3.0138402758650304e+00 23
1 1 1 1 1.1172471181447518e-03 1.1019177129640955e-03 9.9906326817773117e-01 9.5113996625641767e-02 1.7275876198120953e-02 3.0301293281827544e+00 23
1 1 1 1 1.1265049000236992e-03 1.1108867723012288e-03 9.9902907786740969e-01 9.4526873189681018e-02 1.7480134824634713e-02 3.0467889775173949e+00 23
1 1 1 1 1.1361675201727777e-03 1.1202450921464508e-03 9.9899327406319960e-01 9.3943373972460761e-02 1.7689720815789498e-02 3.0638463494385100e+00 23
1 1 1 1 1.1462585334720233e-03 1.1300158460027549e-03 9.9895575054750152e-01 9.3363476602260381e-02 1.7904955220307515e-02 3.0813237223424528e+00 23
1 1 1 1 1.1567998245444542e-03 1.1402245268023821e-03 9.9891639108704933e-01 9.2787158845456311e-02 1.8126188876025916e-02 3.0992454045477773e+00 23
1 1 1 1 1.1678327949933070e-03 1.1509046829319199e-03 9.9887505566939505e-01 9.2214398605669545e-02 1.8353892284312518e-02 3.1176472772842074e+00 24
1 1 1 1 1.1793842229484354e-03 1.1620866014156012e-03 9.9883160506499447e-01 9.1645173922918502e-02 1.8588475455608256e-02 3.1365570796391165e+00 24
1 1 1 1 1.1915025857320944e-03 1.1738113761923063e-03 9.9878586787191925e-01 9.1079462972777026e-02 1.8830509355812170e-02 3.1560181159832581e+00 24
1 1 1 1 1.2042213874170844e-03 1.1861165678894328e-03 9.9873767279949810e-01 9.0517244065537655e-02 1.9080496857544045e-02 3.1760642986754481e+00 24
1 1 1 1 1.2175922809151256e-03 1.1990496797703847e-03 9.9868681591212216e-01 8.9958495645380013e-02 1.9339084326303605e-02 3.1967425926845436e+00 24
1 1 1 1 1.2316713229955931e-03 1.2126631572786761e-03 9.9863307077330032e-01 8.9403196289544337e-02 1.9606979928612239e-02 3.2181038243525872e+00 24
1 1 1 1 1.2465176318403272e-03 1.2270150364429668e-03 9.9857618541507476e-01 8.8851324707510115e-02 1.9884960838409006e-02 3.2402030144650822e+00 24
1 1 1 1 1.2621965557992360e-03 1.2421696892806157e-03 9.9851587883481663e-01 8.8302859740179804e-02 2.0173881447456059e-02 3.2630997448650221e+00 24
1 1 1 1 1.2788038121783738e-03 1.2582101535174870e-03 9.9845180617570151e-01 8.7757780359067589e-02 2.0474863496239212e-02 3.2868773930393473e+00 24
1 1 1 1 1.2964093651496014e-03 1.2752147948821388e-03 9.9838361757768002e-01 8.7216065665493100e-02 2.0788921606459780e-02 3.3116030779815113e+00 24
1 1 1 1 1.3151296264096652e-03 1.2932877611766156e-03 9.9831087434388610e-01 8.6677694889780180e-02 2.1117437022774840e-02 3.3373762273473679e+00 24
1 1 1 1 1.3350892553745362e-03 1.3125478155207040e-03 9.9823307371146164e-01 8.6142647390460556e-02 2.1461971466413803e-02 3.3643076731271191e+00 24
1 1 1 1 1.3564311303605647e-03 1.3331309442276512e-03 9.9814963718932292e-01 8.5610902653482410e-02 2.1824296403634279e-02 3.3925211272765452e+00 24
1 1 1 1 1.3793118455964475e-03 1.3551935006757495e-03 9.9805989641729653e-01 8.5082440291423880e-02 2.2206427877704077e-02 3.4221548666824608e+00 24
1 1 1 1 1.4039558640622006e-03 1.3789391133144646e-03 9.9796300664588156e-01 8.4557240042711382e-02 2.2611024105947473e-02 3.4533991275679412e+00 24
1 1 1 1 1.4305934476001917e-03 1.4045939569722302e-03 9.9785800900298083e-01 8.4035281770842796e-02 2.3040973906625638e-02 3.4864509372077452e+00 24
1 1 1 1 1.4595356492724892e-03 1.4324500223018369e-03 9.9774368920868373e-01 8.3516545463615366e-02 2.3500029095413232e-02 3.5215726962507188e+00 24
1 1 1 1 1.4911482846548456e-03 1.4628592389135608e-03 9.9761857730490011e-01 8.3001011232358479e-02 2.3992660983844383e-02 3.5590710464005193e+00 24
1 1 1 1 1.5023381188283733e-03 1.4736173297221836e-03 9.9757425137840028e-01 8.2830227258629346e-02 2.4164953613884200e-02 3.5721397923253755e+00 25
1 1 1 1 1.5138978392984334e-03 1.4847278505107178e-03 9.9752844302578592e-01 8.2659794692253569e-02 2.4341850905682992e-02 3.5855332873883095e+00 25
1 1 1 1 1.5258497735381627e-03 1.4962119509063553e-03 9.9748106477245291e-01 8.2489712810170743e-02 2.4523619181232435e-02 3.5992697125819246e+00 25
1 1 1 1 1.5382180239292048e-03 1.5080924500189617e-03 9.9743202210502324e-01 8.2319980890808248e-02 2.4710544512678304e-02 3.6133684432574533e+00 25
1 1 1 1 1.5510269927786909e-03 1.5203939980189660e-03 9.9738121277827141e-01 8.2150598214078191e-02 2.4902934500703133e-02 3.6278501391577787e+00 25
1 1 1 1 1.5643027248800128e-03 1.5331432549477348e-03 9.9732852604587374e-01 8.1981564061374329e-02 2.5101120225999304e-02 3.6427368407391389e+00 25
1 1 1 1 1.5780914395966354e-03 1.5463779878202386e-03 9.9727381239517587e-01 8.1812877715569027e-02 2.5305590222939996e-02 3.6580644117077989e+00 25
1 1 1 1 1.5924252053378708e-03 1.5601304531401867e-03 9.9721693769506869e-01 8.1644538461010246e-02 2.5516741818371692e-02 3.6738589408973850e+00 25
1 1 1 1 1.6073321311689888e-03 1.5744331323805411e-03 9.9715776455071092e-01 8.1476545583518453e-02 2.5734966652296611e-02 3.6901448353760298e+00 25
1 1 1 1 1.6228825574300112e-03 1.5893425090397766e-03 9.9709607227878982e-01 8.1308898370383645e-02 2.5960998407997767e-02 3.7069767788186239e+00 25
1 1 1 1 1.6391062372330012e-03 1.6048957109363240e-03 9.9703170125172447e-01 8.1141596110362285e-02 2.6195272681681755e-02 3.7243801424813952e+00 25
1 1 1 1 1.6560640826902232e-03 1.6211485646596539e-03 9.9696442526075824e-01 8.0974638093674292e-02 2.6438484866945028e-02 3.7424024384917609e+00 25
1 1 1 1 1.6738427303564550e-03 1.6381770717815959e-03 9.9689394456501335e-01 8.0808023612000068e-02 2.6691605439588300e-02 3.7611138941413023e+00 25
1 1 1 1 1.6925010626865343e-03 1.6560421573410043e-03 9.9682000529091741e-01 8.0641751958477434e-02 2.6955364157496178e-02 3.7805601174645096e+00 25
1 1 1 1 1.7121283160733151e-03 1.6748283312752524e-03 9.9674226694315760e-01 8.0475822427698671e-02 2.7230808330574976e-02 3.8008124518862867e+00 25
1 1 1 1 1.7328260506439582e-03 1.6946317147805308e-03 9.9666034171873163e-01 8.0310234315707524e-02 2.7519122492112368e-02 3.8219508002167593e+00 25
1 1 1 1 1.7547241600458596e-03 1.7155720171536477e-03 9.9657375126415226e-01 8.0144986919996192e-02 2.7821792468872401e-02 3.8440773193112610e+00 25
1 1 1 1 1.7779660020670227e-03 1.7377838671550918e-03 9.9648195477042878e-01 7.9980079539502369e-02 2.8140471549294988e-02 3.8673033405815862e+00 25
1 1 1 1 1.8027023829505304e-03 1.7614179985989136e-03 9.9638434315243418e-01 7.9815511474606277e-02 2.8476988252831927e-02 3.8917489808688992e+00 25
1 1 1 1 1.8291613377784891e-03 1.7866814104248133e-03 9.9628009384299077e-01 7.9651282027127665e-02 2.8833896425115860e-02 3.9175890382446887e+00 25
1 1 1 1 1.8575990739585183e-03 1.8138170837299352e-03 9.9616823757823825e-01 7.9487390500322871e-02 2.9214164558319704e-02 3.9450229841818478e+00 25
1 1 1 1 1.8883303375407307e-03 1.8431238814670898e-03 9.9604758242889024e-01 7.9323836198881878e-02 2.9621425790612724e-02 3.9742930848200668e+00 25
1 1 1 1 1.9217929004428137e-03 1.8750079241663007e-03 9.9591652062602476e-01 7.9160618428925328e-02 3.0060643628620237e-02 4.0057352649105367e+00 25
1 1 1 1 1.9585014722714334e-03 1.9099654420064250e-03 9.9577307914622026e-01 7.8997736498001611e-02 3.0537809014191748e-02 4.0397456928826649e+00 26
1 1 1 1 1.9992286097748071e-03 1.9487140156097716e-03 9.9561442574308201e-01 7.8835189715083909e-02 3.1061633928216811e-02 4.0769094327232089e+00 26
1 1 1 1 2.0138520807145535e-03 1.9626216355243045e-03 9.9555757377012033e-01 7.8781118940245032e-02 3.1248395353380122e-02 4.0901161119188227e+00 26
1 1 1 1 2.0290778742844779e-03 1.9770981973102771e-03 9.9549844785142239e-01 7.8727085250985609e-02 3.1442117858102601e-02 4.1037905884054782e+00 26
1 1 1 1 2.0449841528792406e-03 1.9922132326208324e-03 9.9543677806401731e-01 7.8673088621869711e-02 3.1643660248278742e-02 4.1179929084994038e+00 26
1 1 1 1 2.0616330001932805e-03 2.0080251074074637e-03 9.9537233376756751e-01 7.8619129027478848e-02 3.1853718881691279e-02 4.1327684987062048e+00 26
1 1 1 1 2.0790621447530672e-03 2.0245818586296861e-03 9.9530492091453671e-01 7.8565206442411994e-02 3.2072840645047430e-02 4.1481494413146258e+00 26
1 1 1 1 2.0974362641480258e-03 2.0420186282690150e-03 9.9523401895923158e-01 7.8511320841285509e-02 3.2302710093009904e-02 4.1642558555386104e+00 26
1 1 1 1 2.1167854917357050e-03 2.0603842922747536e-03 9.9515942548024661e-01 7.8457472198733183e-02 3.2543848315965032e-02 4.1811133666644293e+00 26
1 1 1 1 2.1373192273537543e-03 2.0798581595542170e-03 9.9508044768760473e-01 7.8403660489406210e-02 3.2798470041670712e-02 4.1988774562634683e+00 26
1 1 1 1 2.1591663682315248e-03 2.1005685791215039e-03 9.9499657816084208e-01 7.8349885687973145e-02 3.3068082670950898e-02 4.2176438561073200e+00 26
1 1 1 1 2.1825341234863907e-03 2.1227120178164936e-03 9.9490704866550572e-01 7.8296147769119945e-02 3.3355042369092411e-02 4.2375690854577419e+00 26
1 1 1 1 2.2076925892303978e-03 2.1465425412400458e-03 9.9481086680124819e-01 7.8242446707549901e-02 3.3662394735322614e-02 4.2588555260127796e+00 26
1 1 1 1 2.2349834057834757e-03 2.1723809275929133e-03 9.9470677880148206e-01 7.8188782477983679e-02 3.3993968048484868e-02 4.2817556284440927e+00 26
1 1 1 1 2.2649766192465929e-03 2.2007505242132787e-03 9.9459275120524804e-01 7.8135155055159278e-02 3.4356078439527649e-02 4.3066956543529322e+00 26
1 1 1 1 2.2982823151242930e-03 2.2322391412516861e-03 9.9446648574273722e-01 7.8081564413832003e-02 3.4755686987347510e-02 4.3341287897765399e+00 26
1 1 1 1 2.3359988663965723e-03 2.2678729945932812e-03 9.9432399041822739e-01 7.8028010528774505e-02 3.5205066932216110e-02 4.3648708180603810e+00 26
1 1 1 1 2.3799232118172182e-03 2.3093339557194235e-03 9.9415872570115271e-01 7.7974493374776715e-02 3.5724287314809026e-02 4.4002515171133876e+00 27
1 1 1 1 2.3964202301152500e-03 2.3249004888293750e-03 9.9409682305458869e-01 7.7956666558733095e-02 3.5918246906844392e-02 4.4134295540376245e+00 27
1 1 1 1 2.4141429191124374e-03 2.3416158149766947e-03 9.9403044281294972e-01 7.7938843818321862e-02 3.6125938461012329e-02 4.4275179489300216e+00 27
1 1 1 1 2.4333803992971628e-03 2.3597507531171471e-03 9.9395853498545084e-01 7.7921025152611220e-02 3.6350599446041749e-02 4.4427324387481297e+00 27
1 1 1 1 2.4545202172709005e-03 2.3796681476022396e-03 9.9387969197466186e-01 7.7903210560669608e-02 3.6596553195723885e-02 4.4593594736989450e+00 27
1 1 1 1 2.4780905025617505e-03 2.4018634114700366e-03 9.9379199055982148e-01 7.7885400041565661e-02 3.6869679283625695e-02 4.4777859072265631e+00 27
1 1 1 1 2.5049247509248604e-03 2.4271290576663392e-03 9.9369235568767356e-01 7.7867593594368234e-02 3.7179384670825259e-02 4.4986311376812971e+00 27
1 1 1 1 2.5368030620479495e-03 2.4571193808812820e-03 9.9357437806383286e-01 7.7849791218146391e-02 3.7545384527574985e-02 4.5232035334824090e+00 27
1 1 1 1 2.5773445322374387e-03 2.4952364896874426e-03 9.9342487136224067e-01 7.7831992911969405e-02 3.8008088402596396e-02 4.5541696216122425e+00 27
1 1 1 1 2.5945476747198308e-03 2.5113937174237057e-03 9.9336165724923131e-01 7.7826061499615198e-02 3.8203409064668743e-02 4.5672120977571273e+00 27
1 1 1 1 2.6149322662196968e-03 2.5305381095426958e-03 9.9328686528350174e-01 7.7820130539281440e-02 3.8434222565144650e-02 4.5825979738188307e+00 27
1 1 1 1 2.6413808690440342e-03 2.5553713924451834e-03 9.9319003364632452e-01 7.7814200030933686e-02 3.8732644317039842e-02 4.6024510960312428e+00 27
1 1 1 1 2.6900928376863546e-03 2.6010687230730838e-03 9.9301240423486914e-01 7.7808269974537492e-02 3.9278970955823819e-02 4.6386862418760435e+00 27
1 1 1 1 2.7123794280217248e-03 2.6219587265592344e-03 9.9293144628788466e-01 7.7807611129595375e-02 3.9527531490589914e-02 4.6551265573676091e+00 27
1 1 1 1 2.7379670003192364e-03 2.6459332562688348e-03 9.9283871666068746e-01 7.7808321129595376e-02 3.9811894722561719e-02 4.6738987128524876e+00 27
1 1 1 1 2.7890233515004649e-03 2.6937301203260045e-03 9.9265444162042471e-01 7.7814250737972879e-02 4.0376021361685062e-02 4.7110317818166987e+00 27
1 1 1 1 2.8182772044442828e-03 2.7210902661004436e-03 9.9254931162477833e-01 7.7820180798233357e-02 4.0697305410070932e-02 4.7321163331519420e+00 27
1 1 1 1 2.8415270076925102e-03 2.7428314661960430e-03 9.9246595113980363e-01 7.7826111310411242e-02 4.0951775262831877e-02 4.7487825245947448e+00 28
1 1 1 1 2.8615261397194514e-03 2.7615252157946273e-03 9.9239440220793196e-01 7.7832042274540977e-02 4.1169996259511711e-02 4.7630513937878520e+00 28
1 1 1 1 2.9107266850596294e-03 2.8074689136937891e-03 9.9221907297514167e-01 7.7849836522889071e-02 4.1704093398304054e-02 4.7978917618501482e+00 28
1 1 1 1 2.9512613112017872e-03 2.8452907436696383e-03 9.9207527189800848e-01 7.7867634839423799e-02 4.2141444984207098e-02 4.8263301459984644e+00 28
1 1 1 1 2.9868846142370106e-03 2.8785146030384850e-03 9.9194934348780761e-01 7.7885437225075252e-02 4.2523933720446300e-02 4.8511336708346722e+00 28
1 1 1 1 3.0190698505055498e-03 2.9084987710441121e-03 9.9183602485622813e-01 7.7903243680773712e-02 4.2867802245349432e-02 4.8733858720448469e+00 28
1 1 1 1 3.0488922683401909e-03 2.9362684702072548e-03 9.9173133869371277e-01 7.7921054207449700e-02 4.3185167817817116e-02 4.8938793704396346e+00 28
1 1 1 1 3.0768759476209381e-03 2.9623144492994906e-03 9.9163338166725845e-01 7.7938868806033942e-02 4.3481883491506119e-02 4.9130026611859003e+00 28
1 1 1 1 3.1034114188405121e-03 2.9870021368140071e-03 9.9154073564126877e-01 7.7956687477457362e-02 4.3762287508979078e-02 4.9310414431365732e+00 28
1 1 1 1 3.1286305095930113e-03 3.0104409959371844e-03 9.9145297706433722e-01 7.7974510222651117e-02 4.4027773007617871e-02 4.9480974419758930e+00 28
1 1 1 1 3.1528942231817967e-03 3.0329910737548369e-03 9.9136870652299036e-01 7.7992337042546558e-02 4.4282513287656242e-02 4.9644345657444271e+00 28
1 1 1 1 3.1762641037769409e-03 3.0546958432789897e-03 9.9128775585709439e-01 7.8010167938075262e-02 4.4527090578730069e-02 4.9800981423736577e+00 28
1 1 1 1 3.1989038411017637e-03 3.0757184443520650e-03 9.9120949092425292e-01 7.8028002910169009e-02 4.4763409386300891e-02 4.9952100512958335e+00 28
1 1 1 1 3.2208363130482210e-03 3.0960638778634642e-03 9.9113389272851549e-01 7.8045841959759804e-02 4.4991593522447700e-02 5.0097852175713209e+00 28
1 1 1 1 3.2422182769591768e-03 3.1159045652445192e-03 9.9106029057025724e-01 7.8063685087779874e-02 4.5213618087404046e-02 5.0239459651419454e+00 28
1 1 1 1 3.2630790276280274e-03 3.1352503570167140e-03 9.9098864631338635e-01 7.8081532295161626e-02 4.5429639507051443e-02 5.0377067166011953e+00 28
1 1 1 1 3.2834237854630953e-03 3.1541022118791247e-03 9.9091895631731208e-01 7.8099383582837703e-02 4.5639713115068030e-02 5.0510756878931851e+00 28
1 1 1 1 3.3033616721108556e-03 3.1725705186982146e-03 9.9085079102798590e-01 7.8117238951740955e-02 4.5845096208712528e-02 5.0641299535007276e+00 28
1 1 1 1 3.3609824867129141e-03 3.2259229641354863e-03 9.9065447235323012e-01 7.8170817304931445e-02 4.6436144981514126e-02 5.1016129208889494e+00 28
1 1 1 1 3.4158670060011232e-03 3.2766827777582362e-03 9.9046853024987425e-01 7.8224432405963634e-02 4.6995402500860949e-02 5.1369711615054321e+00 28
1 1 1 1 3.4685435198539478e-03 3.3253453274630150e-03 9.9029103434937149e-01 7.8278084280041793e-02 4.7528812114933532e-02 5.1706012531986243e+00 28
1 1 1 1 3.5194332262311187e-03 3.3723061894495778e-03 9.9012044239810204e-01 7.8331772952387496e-02 4.8041078173717298e-02 5.2028127550855947e+00 28
1 1 1 1 3.5688539151838023e-03 3.4178839153813497e-03 9.8995551210038146e-01 7.8385498448239610e-02 4.8535958777988580e-02 5.2338498678139294e+00 29
1 1 1 1 3.6169727519311753e-03 3.4622015796222654e-03 9.8979576135954983e-01 7.8439260792854321e-02 4.9015042224829171e-02 5.2638296768277453e+00 29
1 1 1 1 3.6640353330286315e-03 3.5055248281959917e-03 9.8964015452750198e-01 7.8493060011505106e-02 4.9481382031308321e-02 5.2929424118562860e+00 29
1 1 1 1 3.7101390670209330e-03 3.5479190465501471e-03 9.8948843443144230e-01 7.8546896129482818e-02 4.9935857258723029e-02 5.3212561363077988e+00 29
1 1 1 1 3.7554106191943389e-03 3.5895082980058539e-03 9.8934011628869001e-01 7.8600769172095630e-02 5.0379939233136044e-02 5.3488672539409459e+00 29
1 1 1 1 3.7999651837030161e-03 3.6304061294934130e-03 9.8919475667004353e-01 7.8654679164669089e-02 5.0814958196394852e-02 5.3758613404069564e+00 29
1 1 1 1 3.8438800824879874e-03 3.6706850999175950e-03 9.8905207160123820e-01 7.8708626132546089e-02 5.1241791595313273e-02 5.4022976762443484e+00 29
1 1 1 1 3.8872255554940303e-03 3.7104110195678823e-03 9.8891180360700859e-01 7.8762610101086927e-02 5.1661229077248634e-02 5.4282290359600500e+00 29
1 1 1 1 3.9300655270051478e-03 3.7496436877689212e-03 9.8877371883941334e-01 7.8816631095669290e-02 5.2073982742505118e-02 5.4537025182232339e+00 29
1 1 1 1 3.9724582627371626e-03 3.7884375249824941e-03 9.8863760461066963e-01 7.8870689141688266e-02 5.2480695871748258e-02 5.4787602457277833e+00 29
1 1 1 1 4.0144084123292538e-03 3.8267849195075133e-03 9.8850348854694625e-01 7.8924784264556361e-02 5.2881366122662012e-02 5.5034109055782441e+00 29
1 1 1 1 4.0560041444782438e-03 3.8647768298172977e-03 9.8837101701465646e-01 7.8978916489703524e-02 5.3276992818485157e-02 5.5277123719053662e+00 29
1 1 1 1 4.0972724361468078e-03 3.9024577299692441e-03 9.8824001666988603e-01 7.9033085842577122e-02 5.3668087361546185e-02 5.5516968463132113e+00 29
1 1 1 1 4.1382364332890271e-03 3.9398237256675914e-03 9.8811050130324318e-01 7.9087292348641994e-02 5.4054663925407427e-02 5.5753714156925547e+00 29
1 1 1 1 4.1789215248875331e-03 3.9768987916402590e-03 9.8798237708187708e-01 7.9141536033380436e-02 5.4437016221387718e-02 5.5987564996434056e+00 29
1 1 1 1 4.2193847132884453e-03 4.0137651521202694e-03 9.8785532553845279e-01 7.9195816922292217e-02 5.4816016751425847e-02 5.6218996206061709e+00 29
1 1 1 1 4.2595880117204535e-03 4.0503395633661628e-03 9.8772966700428888e-01 7.9250135040894606e-02 5.5190871721840451e-02 5.6447677766500099e+00 29
1 1 1 1 4.2996221383853530e-03 4.0867617683679278e-03 9.8760486162039152e-01 7.9304490414722387e-02 5.5563018122818504e-02 5.6674341990312103e+00 29
1 1 1 1 4.3394456319899386e-03 4.1229368607282810e-03 9.8748127460982615e-01 7.9358883069327826e-02 5.5931544101120008e-02 5.6898600291350485e+00 29
1 1 1 1 4.3791284065116355e-03 4.1589866825016697e-03 9.8735843586887562e-01 7.9413313030280722e-02 5.6297693291763644e-02 5.7121077972929761e+00 30
1 1 1 1 4.4186405298657352e-03 4.1948322659832544e-03 9.8723664905773434e-01 7.9467780323168438e-02 5.6660712978865324e-02 5.7341461263144859e+00 30
1 1 1 1 4.4580327311511316e-03 4.2305550071978617e-03 9.8711560037299362e-01 7.9522284973595855e-02 5.7021435315506692e-02 5.7560172032496810e+00 30
1 1 1 1 4.4973128232347389e-03 4.2661538876401887e-03 9.8699529353753135e-01 7.9576827007185422e-02 5.7379874422009307e-02 5.7777248649059674e+00 30
1 1 1 1 4.5364690765328603e-03 4.3015978832413914e-03 9.8687584749234158e-01 7.9631406449577183e-02 5.7735750875569945e-02 5.7992595654457277e+00 30
1 1 1 1 4.5755401223281566e-03 4.3369564940321367e-03 9.8675699495690161e-01 7.9686023326428740e-02 5.8089766686604913e-02 5.8206561536075840e+00 30
1 1 1 1 4.6145395555070934e-03 4.3722276126803286e-03 9.8663874405583507e-01 7.9740677663415319e-02 5.8441920288169753e-02 5.8419171887808412e+00 30
1 1 1 1 4.6534400336190815e-03 4.4073670373088311e-03 9.8652126432507092e-01 7.9795369486229728e-02 5.8791802805449593e-02 5.8630271232496165e+00 30
1 1 1 1 4.6922912305685932e-03 4.4424411179521135e-03 9.8640430114579514e-01 7.9850098820582430e-02 5.9140075834285162e-02 5.8840179785007987e+00 30
1 1 1 1 4.7310877451855029e-03 4.4774547687534503e-03 9.8628783586210633e-01 7.9904865692201482e-02 5.9486802361894277e-02 5.9048947947495227e+00 30
1 1 1 1 4.7698502447976300e-03 4.5124127919823256e-03 9.8617185029110399e-01 7.9959670126832624e-02 5.9832043371621832e-02 5.9256624193428928e+00 30
1 1 1 1 4.8085510922424128e-03 4.5472769336523996e-03 9.8605649106875637e-01 8.0014512150239234e-02 6.0175447638958192e-02 5.9463078067051311e+00 30
1 1 1 1 4.8472294099374770e-03 4.5820962244338351e-03 9.8594157064471832e-01 8.0069391788202354e-02 6.0517499229024420e-02 5.9668540838426880e+00 30
1 1 1 1 4.8858906637591687e-03 4.6168774943558151e-03 9.8582706323452274e-01 8.0124309066520738e-02 6.0858275675751847e-02 5.9873065013770637e+00 30
1 1 1 1 4.9245301153265216e-03 4.6516251015923512e-03 9.8571295256307012e-01 8.0179264011010803e-02 6.1197830078063849e-02 6.0076691662043276e+00 30
1 1 1 1 4.9631641778760593e-03 4.6863433248891155e-03 9.8559922270325284e-01 8.0234256647506691e-02 6.1536214053770036e-02 6.0279460427722382e+00 30
1 1 1 1 5.0017974762418850e-03 4.7210363681494082e-03 9.8548585805828992e-01 8.0289287001860263e-02 6.1873477814326477e-02 6.0481409603985927e+00 30
1 1 1 1 5.0404345687192756e-03 4.7557083644587878e-03 9.8537284334621045e-01 8.0344355099941103e-02 6.2209670232094415e-02 6.0682576199909599e+00 30
1 1 1 1 5.0790674492453792e-03 4.7903463910854063e-03 9.8526022835636673e-01 8.0399460967636532e-02 6.2544679857858845e-02 6.0882930413060432e+00 30
1 1 1 1 5.1177139907292151e-03 4.8249725655750281e-03 9.8514792925749828e-01 8.0454604630851648e-02 6.2878723502100609e-02 6.1082577935553442e+00 30
1 1 1 1 5.1563800008471352e-03 4.8595928001209732e-03 9.8503592413469054e-01 8.0509786115509296e-02 6.3211864626475128e-02 6.1281559624281661e+00 30
1 1 1 1 5.1950697192942224e-03 4.8942108994519942e-03 9.8492419915511153e-01 8.0565005447550117e-02 6.3544146346439498e-02 6.1479907310328459e+00 30
1 1 1 1 5.2337873335332359e-03 4.9288306109012379e-03 9.8481274074715897e-01 8.0620262652932526e-02 6.3875610697708932e-02 6.1677651821644002e+00 30
1 1 1 1 5.2725369807408154e-03 4.9634556263611213e-03 9.8470153559266083e-01 8.0675557757632757e-02 6.4206298674558904e-02 6.1874823025177035e+00 30
1 1 1 1 5.3113227495187694e-03 4.9980895840145223e-03 9.8459057061990740e-01 8.0730890787644852e-02 6.4536250264958864e-02 6.2071449866221657e+00 30
1 1 1 1 5.3501486813957479e-03 5.0327360698675799e-03 9.8447983299742825e-01 8.0786261768980683e-02 6.4865504482845865e-02 6.2267560405216793e+00 30
1 1 1 1 5.3890187721378499e-03 5.0673986191037907e-03 9.8436931012842266e-01 8.0841670727669970e-02 6.5194099397823349e-02 6.2463181852187244e+00 30
1 1 1 1 5.4279369729049497e-03 5.1020807172899897e-03 9.8425898964573988e-01 8.0897117689760281e-02 6.5522072162642941e-02 6.2658340599122084e+00 30
1 1 1 1 5.4669071912583920e-03 5.1367858014434650e-03 9.8414885940736652e-01 8.0952602681317043e-02 6.5849459038616581e-02 6.2853062250387453e+00 31
1 1 1 1 5.5059332920509027e-03 5.1715172609840803e-03 9.8403890749235023e-01 8.1008125728423572e-02 6.6176295419233630e-02 6.3047371651428756e+00 31
1 1 1 1 5.5450190982018893e-03 5.2062784385793750e-03 9.8392912219709283e-01 8.1063686857181058e-02 6.6502615852150490e-02 6.3241292915832998e+00 31
1 1 1 1 5.5841683913833220e-03 5.2410726309039257e-03 9.8381949203198638e-01 8.1119286093708623e-02 6.6828454059726525e-02 6.3434849450950512e+00 31
1 1 1 1 5.6233746037942130e-03 5.2758881016542573e-03 9.8371006244634684e-01 8.1174923464143262e-02 6.7153707785505265e-02 6.3628012967211793e+00 31
1 1 1 1 5.6626480668463845e-03 5.3107375079305763e-03 9.8360078653850835e-01 8.1230598994639927e-02 6.7478495219625831e-02 6.3820838801857134e+00 31
1 1 1 1 5.7019948944408748e-03 5.3456275242317591e-03 9.8349164013604395e-01 8.1286312711371503e-02 6.7802879610150218e-02 6.4013360627292100e+00 31
1 1 1 1 5.7414187837317113e-03 5.3805613440299728e-03 9.8338261228701862e-01 8.1342064640528816e-02 6.8126892359936270e-02 6.4205599681899548e+00 31
1 1 1 1 5.7809233918759469e-03 5.4155421170211842e-03 9.8327369224343752e-01 8.1397854808320680e-02 6.8450564119021645e-02 6.4397576595770234e+00 31
1 1 1 1 5.8205015512180725e-03 5.4505729495009378e-03 9.8316486945926473e-01 8.1453683240973851e-02 6.8773924798942732e-02 6.4589311409905896e+00 31
1 1 1 1 5.8601643093952379e-03 5.4856569046990260e-03 9.8305613358857058e-01 8.1509549964733086e-02 6.9097003586325131e-02 6.4780823594554064e+00 31
1 1 1 1 5.8999174616996032e-03 5.5207970030857730e-03 9.8294747448379416e-01 8.1565455005861154e-02 6.9419828955835525e-02 6.4972132066776842e+00 31
1 1 1 1 5.9397602398570080e-03 5.5559897702212417e-03 9.8283890651937467e-01 8.1621398390638839e-02 6.9742371629823385e-02 6.5163234722586418e+00 31
1 1 1 1 5.9796806791007360e-03 5.5912145989240984e-03 9.8273050863325695e-01 8.1677380145364922e-02 7.0064451486133592e-02 6.5354075963023952e+00 31
1 1 1 1 6.0197012146756268e-03 5.6265028598440469e-03 9.8262216386326562e-01 8.1733400296356257e-02 7.0386347458917267e-02 6.5544764530449848e+00 31
1 1 1 1 6.0598225341421605e-03 5.6618574773910392e-03 9.8251386256577777e-01 8.1789458869947720e-02 7.0708086018180016e-02 6.5735317640510056e+00 31
1 1 1 1 6.1000335670726158e-03 5.6972813336705220e-03 9.8240559529179428e-01 8.1845555892492261e-02 7.1029692965468127e-02 6.5925752023008828e+00 31
1 1 1 1 6.1403539289722701e-03 5.7327772686611121e-03 9.8229735278566777e-01 8.1901691390360909e-02 7.1351193444039132e-02 6.6116083935994023e+00 31
1 1 1 1 6.1807738214099111e-03 5.7683276533859375e-03 9.8218920277728083e-01 8.1957865389942777e-02 7.1672433907271293e-02 6.6306267635778466e+00 31
1 1 1 1 6.2212930218110227e-03 5.8039293178491916e-03 9.8208115859171297e-01 8.2014077917645076e-02 7.1993388016154833e-02 6.6496302590670933e+00 31
1 1 1 1 6.2619311594606462e-03 5.8396101732836499e-03 9.8197311679243615e-01 8.2070328999893111e-02 7.2314299221564668e-02 6.6686280470675969e+00 31
1 1 1 1 6.3026666439588326e-03 5.8753729629612101e-03 9.8186506862458744e-01 8.2126618663130355e-02 7.2635190797902080e-02 6.6876216078745738e+00 31
1 1 1 1 6.3435265379804947e-03 5.9112203879759968e-03 9.8175700552466938e-01 8.2182946933818377e-02 7.2956085394253092e-02 6.7066123800207427e+00 31
1 1 1 1 6.3844899289312402e-03 5.9471165373540733e-03 9.8164906380011208e-01 8.2239313838436912e-02 7.3276672764888931e-02 6.7255906386747402e+00 31
1 1 1 1 6.4255746092186901e-03 5.9830866065013338e-03 9.8154115047963320e-01 8.2295719403483847e-02 7.3597170818227808e-02 6.7445645226717277e+00 31
1 1 1 1 6.4667763073377217e-03 6.0191482975955083e-03 9.8143320081486596e-01 8.2352163655475263e-02 7.3917731057484670e-02 6.7635397653431344e+00 31
1 1 1 1 6.5081023289954402e-03 6.0553042125585351e-03 9.8132520674769652e-01 8.2408646620945408e-02 7.4238374338615104e-02 6.7825176759512962e+00 31
1 1 1 1 6.5495471624903087e-03 6.0915235281544817e-03 9.8121728541292286e-01 8.2465168326446736e-02 7.4558835926411493e-02 6.8014902274938631e+00 31
1 1 1 1 6.5911181285305577e-03 6.1278148989755803e-03 9.8110940607138364e-01 8.2521728798549923e-02 7.4879189842479141e-02 6.8204606352352233e+00 31
1 1 1 1 6.6328141277190852e-03 6.1642074047615824e-03 9.8100146159476154e-01 8.2578328063843853e-02 7.5199682882724495e-02 6.8394375930919518e+00 31
1 1 1 1 6.6746458332966876e-03 6.2007035454338709e-03 9.8089344443761917e-01 8.2634966148935660e-02 7.5520334151125953e-02 6.8584222918036115e+00 31
1 1 1 1 6.7165979794053497e-03 6.2372552721740582e-03 9.8078553606038543e-01 8.2691643080450711e-02 7.5840734847123670e-02 6.8774023082947107e+00 31
1 1 1 1 6.7586952405373846e-03 6.2738999033202488e-03 9.8067759873228644e-01 8.2748358885032638e-02 7.6161200625196698e-02 6.8963884837088347e+00 31
1 1 1 1 6.8009135295579023e-03 6.3106549977156130e-03 9.8056956869856104e-01 8.2805113589343365e-02 7.6481877687379241e-02 6.9153860405437095e+00 31
1 1 1 1 6.8432800412040048e-03 6.3475050115696287e-03 9.8046150590926351e-01 8.2861907220063077e-02 7.6802632623565265e-02 6.9343913583626700e+00 31
1 1 1 1 6.8857779275276780e-03 6.3844174491077517e-03 9.8035353358760569e-01 8.2918739803890279e-02 7.7123191111083900e-02 6.9533966050293952e+00 32
1 1 1 1 6.9284184228129309e-03 6.4214471513558214e-03 9.8024544893752097e-01 8.2975611367541779e-02 7.7444012077622429e-02 6.9724167237396921e+00 32
1 1 1 1 6.9712102889436349e-03 6.4585964485349579e-03 9.8013724527318069e-01 8.3032521937752707e-02 7.7765111775542128e-02 6.9914527255196779e+00 32
1 1 1 1 7.0141314860930545e-03 6.4957963636181181e-03 9.8002918180511334e-01 8.3089471541276549e-02 7.8085912104624983e-02 7.0104875892193084e+00 32
1 1 1 1 7.0572092043091773e-03 6.5331164730754020e-03 9.7992100112856184e-01 8.3146460204885100e-02 7.8406992170915110e-02 7.0295396939286405e+00 32
1 1 1 1 7.1004361756662904e-03 6.5705628806360054e-03 9.7981268258377685e-01 8.3203487955368555e-02 7.8728399173216723e-02 7.0486109647131165e+00 32
1 1 1 1 7.1438056461000836e-03 6.6080735958740150e-03 9.7970445915633275e-01 8.3260554819535468e-02 7.9049616060600264e-02 7.0676865221410488e+00 32
1 1 1 1 7.1873357465568584e-03 6.6457000567860646e-03 9.7959614139626683e-01 8.3317660824212783e-02 7.9371067551399083e-02 7.0867797815145890e+00 32
1 1 1 1 7.2310186226293548e-03 6.6834594803589307e-03 9.7948766736575543e-01 8.3374805996245846e-02 7.9692892318581399e-02 7.1058953616864002e+00 32
1 1 1 1 7.2748513557874053e-03 6.7212867596290488e-03 9.7937928148960329e-01 8.3431990362498418e-02 8.0014550471135037e-02 7.1250180142858754e+00 32
1 1 1 1 7.3188491616511349e-03 6.7592356586830115e-03 9.7927078597386930e-01 8.3489213949852675e-02 8.0336482856637859e-02 7.1441613636972487e+00 32
1 1 1 1 7.3630090862517256e-03 6.7973241411780410e-03 9.7916211625991967e-01 8.3546476785209225e-02 8.0658832982541701e-02 7.1633300683422654e+00 32
1 1 1 1 7.4073208340417317e-03 6.8354741629346304e-03 9.7905356471185845e-01 8.3603778895487146e-02 8.0980958111133677e-02 7.1825062655149088e+00 32
1 1 1 1 7.4518018528149767e-03 6.8737617252977827e-03 9.7894485119144281e-01 8.3661120307623973e-02 8.1303478000986334e-02 7.2017084276818100e+00 32
1 1 1 1 7.4964533920984216e-03 6.9121829472143358e-03 9.7883599244280095e-01 8.3718501048575700e-02 8.1626356436290695e-02 7.2209360028004905e+00 32
1 1 1 1 7.5412676171203834e-03 6.9506748318526133e-03 9.7872722479628149e-01 8.3775921145316831e-02 8.1949077201531828e-02 7.2401751249926338e+00 32
1 1 1 1 7.5862475610432535e-03 6.9893174161750346e-03 9.7861825348837606e-01 8.3833380624840373e-02 8.2272288321861037e-02 7.2594446294724149e+00 32
1 1 1 1 7.6314040600043310e-03 7.0280716725120264e-03 9.7850922576651256e-01 8.3890879514157815e-02 8.2595668559726665e-02 7.2787360961793919e+00 32
1 1 1 1 7.6767396695135732e-03 7.0669285298004710e-03 9.7840017781072453e-01 8.3948417840299216e-02 8.2919141506095570e-02 7.2980481474733709e+00 32
1 1 1 1 7.7222414084659819e-03 7.1059426225791927e-03 9.7829090944538344e-01 8.4005995630313135e-02 8.3243144663594115e-02 7.3173933493544121e+00 32
1 1 1 1 7.7679207404834577e-03 7.1450372728276146e-03 9.7818170749733524e-01 8.4063612911266711e-02 8.3567055455503012e-02 7.3367553736311013e+00 32
1 1 1 1 7.8137817596582691e-03 7.1842757738274669e-03 9.7807233996273524e-01 8.4121269710245639e-02 8.3891380374748109e-02 7.3561486469536375e+00 32
1 1 1 1 7.8598263075060938e-03 7.2236523095951279e-03 9.7796283094487502e-01 8.4178966054354168e-02 8.4216067663770017e-02 7.3755722866254780e+00 32
1 1 1 1 7.9060606023013506e-03 7.2631209122084534e-03 9.7785335345131008e-01 8.4236701970715172e-02 8.4540745057423081e-02 7.3950171058239986e+00 32
1 1 1 1 7.9524636639943837e-03 7.3027578488999842e-03 9.7774362765781730e-01 8.4294477486470121e-02 8.4866018743955607e-02 7.4144997485541682e+00 32
1 1 1 1 7.9990605784262623e-03 7.3424870131035018e-03 9.7763393805185506e-01 8.4352292628779080e-02 8.5191276078736139e-02 7.4340047482483849e+00 32
1 1 1 1 8.0458476419130332e-03 7.3823645418995771e-03 9.7752407965849841e-01 8.4410147424820767e-02 8.5516960909982467e-02 7.4535444076148929e+00 32
1 1 1 1 8.0928272042412215e-03 7.4223832527638180e-03 9.7741408177155309e-01 8.4468041901792523e-02 8.5843010715466933e-02 7.4731176406982245e+00 32
1 1 1 1 8.1400058800009892e-03 7.4625073666888019e-03 9.7730407970026634e-01 8.4525976086910357e-02 8.6169137206908428e-02 7.4927178033301125e+00 32
1 1 1 1 8.1873707717250478e-03 7.5028109130761663e-03 9.7719380243904663e-01 8.4583950007408926e-02 8.6495922111318679e-02 7.5123602885343779e+00 32
1 1 1 1 8.2349346320311489e-03 7.5431958426744345e-03 9.7708361549682998e-01 8.4641963690541583e-02 8.6822584892106744e-02 7.5320260715518401e+00 32
1 1 1 1 8.2826944246058281e-03 7.5837568260774995e-03 9.7697317185655619e-01 8.4700017163580360e-02 8.7149868781806250e-02 7.5517345056882954e+00 32
1 1 1 1 8.3306599021277274e-03 7.6244397152337214e-03 9.7686267459400911e-01 8.4758110453816010e-02 8.7477341221655514e-02 7.5714754101923667e+00 32
1 1 1 1 8.3788304547437985e-03 7.6652644403048002e-03 9.7675205322854997e-01 8.4816243588557994e-02 8.7805154389810069e-02 7.5912533112405578e+00 32
1 1 1 1 8.4272049923733057e-03 7.7062489665691448e-03 9.7664124435519573e-01 8.4874416595134505e-02 8.8133443486126173e-02 7.6110720865744295e+00 32
1 1 1 1 8.4757942108507536e-03 7.7473438762378976e-03 9.7653043378004500e-01 8.4932629500892490e-02 8.8461816247052155e-02 7.6309229982361559e+00 32
1 1 1 1 8.5245854948246998e-03 7.7886338266762081e-03 9.7641931194773501e-01 8.4990882333197626e-02 8.8790929043333550e-02 7.6508224448472708e+00 32
1 1 1 1 8.5735921067113807e-03 7.8300055057136612e-03 9.7630830054009721e-01 8.5049175119434384e-02 8.9119891732873116e-02 7.6707499398626435e+00 32
1 1 1 1 8.6228040531511722e-03 7.8715772971109169e-03 9.7619696577433968e-01 8.5107507887006009e-02 8.9449621668167972e-02 7.6907279187988342e+00 32
1 1 1 1 8.6722408997749398e-03 7.9132599631297450e-03 9.7608564032933143e-01 8.5165880663334539e-02 8.9779418323114146e-02 7.7107405970357492e+00 32
1 1 1 1 8.7218919802043125e-03 7.9551201197842064e-03 9.7597408183249701e-01 8.5224293475860829e-02 9.0109793485760634e-02 7.7308006650329464e+00 33
1 1 1 1 8.7717675637184259e-03 7.9971181568905224e-03 9.7586243974811671e-01 8.5282746352044553e-02 9.0440433616685814e-02 7.7509015261386978e+00 33
1 1 1 1 8.8218662886300377e-03 8.0392736026468885e-03 9.7575064566721903e-01 8.5341239319364201e-02 9.0771484055333806e-02 7.7710473238245559e+00 33
1 1 1 1 8.8721892673292255e-03 8.0815912811359712e-03 9.7563868516530738e-01 8.5399772405317126e-02 9.1102975360032271e-02 7.7912393869520367e+00 33
1 1 1 1 8.9227443441739669e-03 8.1240490932220476e-03 9.7552664351658813e-01 8.5458345637419539e-02 9.1434731129445487e-02 7.8114745961517356e+00 33
1 1 1 1 8.9735236666534900e-03 8.1666908278155963e-03 9.7541436270745308e-01 8.5516959043206525e-02 9.1767081469738290e-02 7.8317609508093415e+00 33
1 1 1 1 9.0245440087896381e-03 8.2094582410171708e-03 9.7530206137744491e-01 8.5575612650232044e-02 9.2099572627710569e-02 7.8520892983422179e+00 33
1 1 1 1 9.0757889255147061e-03 8.2524285991668733e-03 9.7518945824838221e-01 8.5634306486068970e-02 9.2432790053532624e-02 7.8724731090216515e+00 33
1 1 1 1 9.1272836616112102e-03 8.2955130102098287e-03 9.7507688499508927e-01 8.5693040578309065e-02 9.2766046657267259e-02 7.8928983706508031e+00 33
1 1 1 1 9.1790037368988456e-03 8.3388167206489370e-03 9.7496395739908359e-01 8.5751814954563049e-02 9.3100139429857037e-02 7.9133828816065064e+00 33
1 1 1 1 9.2309822208476860e-03 8.3822256928227368e-03 9.7485109985323215e-01 8.5810629642460556e-02 9.3434191531930791e-02 7.9339088861638345e+00 33
1 1 1 1 9.2831865281781337e-03 8.4258658278445631e-03 9.7473785223028120e-01 8.5869484669650178e-02 9.3769154274069844e-02 7.9544971394910773e+00 33
1 1 1 1 9.3356555195521079e-03 8.4696089224588402e-03 9.7462469116410044e-01 8.5928380063799464e-02 9.4104045790270638e-02 7.9751280600745797e+00 33
1 1 1 1 9.3883561405699017e-03 8.5135864447090977e-03 9.7451113623108365e-01 8.5987315852594934e-02 9.4439856198088007e-02 7.9958228566325893e+00 33
1 1 1 1 9.4413274773369783e-03 8.5576756886496588e-03 9.7439764385862349e-01 8.6046292063742119e-02 9.4775648212734459e-02 8.0165632593653058e+00 33
1 1 1 1 9.4945360321670152e-03 8.6019985568287910e-03 9.7428376907668968e-01 8.6105308724965537e-02 9.5112335921792468e-02 8.0373685599100337e+00 33
1 1 1 1 9.5480205041204233e-03 8.6464393519041765e-03 9.7416994257662304e-01 8.6164365864008718e-02 9.5449037838046411e-02 8.0582220129540598e+00 33
1 1 1 1 9.6017471934372722e-03 8.6911157081140077e-03 9.7405573528836442e-01 8.6223463508634232e-02 9.5786632456139775e-02 8.0791418473734318e+00 33
1 1 1 1 9.6557559626386895e-03 8.7359136595270021e-03 9.7394157165690132e-01 8.6282601686623689e-02 9.6124253979064406e-02 8.1001120223491032e+00 33
1 1 1 1 9.7100112641346614e-03 8.7809518354029746e-03 9.7382701908733638e-01 8.6341780425777753e-02 9.6462785081753627e-02 8.1211504948619027e+00 33
1 1 1 1 9.7645558799809018e-03 8.8261127622841842e-03 9.7371251512715717e-01 8.6400999753916144e-02 9.6801336238241359e-02 8.1422411728651234e+00 33
1 1 1 1 9.8193505621486758e-03 8.8715212855735633e-03 9.7359760438456999e-01 8.6460259698877676e-02 9.7140833364470200e-02 8.1634024675323307e+00 33
1 1 1 1 9.8744429772017507e-03 8.9170512320161811e-03 9.7348275669363415e-01 8.6519560288520259e-02 9.7480324522896997e-02 8.1846175454595240e+00 33
1 1 1 1 9.9297870761228969e-03 8.9628363028595448e-03 9.7336748410031593e-01 8.6578901550720885e-02 9.7820798331672731e-02 8.2059055908472711e+00 33
1 1 1 1 9.9854349908922724e-03 9.0087440802793586e-03 9.7325227973042838e-01 8.6638283513375700e-02 9.8161259060426123e-02 8.2272494292509268e+00 33
1 1 1 1 1.0041342674077115e-02 9.0549072751502212e-03 9.7313665932772497e-01 8.6697706204399969e-02 9.8502684475486227e-02 8.2486676412816760e+00 33
1 1 1 1 1.0097558678095017e-02 9.1012067781311556e-03 9.7302106726832749e-01 8.6757169651728083e-02 9.8844180413675653e-02 8.2701453347823612e+00 33
1 1 1 1 1.0154043966132774e-02 9.1477547208245764e-03 9.7290509519995727e-01 8.6816673883313628e-02 9.9186568540610046e-02 8.2916979269021844e+00 33
1 1 1 1 1.0210839999143285e-02 9.1944552771640667e-03 9.7278910198312030e-01 8.6876218927129337e-02 9.9529129496613022e-02 8.3133140081073122e+00 33
1 1 1 1 1.0267916381192944e-02 9.2413948601840056e-03 9.7267277414563635e-01 8.6935804811167153e-02 9.9872491855636639e-02 8.3350053349241922e+00 33
1 1 1 1 1.0325304748721077e-02 9.2885060319093278e-03 9.7255636618324293e-01 8.6995431563438183e-02 1.0021614759049077e-01 8.3567644457705086e+00 33
1 1 1 1 1.0382986202449346e-02 9.3358444304441138e-03 9.7243967821369870e-01 8.7055099211972783e-02 1.0056049613593918e-01 8.3785990112231747e+00 33
1 1 1 1 1.0440979595721633e-02 9.3833760237532742e-03 9.7232284179667217e-01 8.7114807784820503e-02 1.0090527636068759e-01 8.4005059107742497e+00 33
1 1 1 1 1.0499280608994578e-02 9.4311207104834909e-03 9.7220578905986277e-01 8.7174557310050152e-02 1.0125062350075471e-01 8.4224883768261360e+00 33
1 1 1 1 1.0557892126327293e-02 9.4790827864951657e-03 9.7208851035695298e-01 8.7234347815749777e-02 1.0159655787436686e-01 8.4445479496201532e+00 33
1 1 1 1 1.0616827720308857e-02 9.5272415473246896e-03 9.7197108793216802e-01 8.7294179330026700e-02 1.0194291649120496e-01 8.4666831455314657e+00 33
1 1 1 1 1.0676070890105586e-02 9.5756444337287555e-03 9.7185335298819664e-01 8.7354051881007519e-02 1.0229003461925906e-01 8.4889004105332813e+00 33
1 1 1 1 1.0735656643885153e-02 9.6242253845083194e-03 9.7173555565542691e-01 8.7413965496838109e-02 1.0263741808948092e-01 8.5111933427609952e+00 33
1 1 1 1 1.0795545449389378e-02 9.6730796882009921e-03 9.7161735038898189e-01 8.7473920205683675e-02 1.0298574952360831e-01 8.5335734629752871e+00 33
1 1 1 1 1.0855792471407982e-02 9.7220912925607660e-03 9.7149917261446572e-01 8.7533916035728729e-02 1.0333417173940249e-01 8.5560293257671844e+00 33
1 1 1 1 1.0916339344584592e-02 9.7713878119455276e-03 9.7138055718395666e-01 8.7593953015177098e-02 1.0368360013537718e-01 8.5785755515711664e+00 33
1 1 1 1 1.0977251726023478e-02 9.8208590017519158e-03 9.7126191873600787e-01 8.7654031172251984e-02 1.0403322136856881e-01 8.6012018053311046e+00 33
1 1 1 1 1.1038488272300289e-02 9.8705988744039411e-03 9.7114291623030857e-01 8.7714150535195920e-02 1.0438370413469390e-01 8.6239187934375003e+00 33
1 1 1 1 1.1100084120057117e-02 9.9205489373689233e-03 9.7102377346899682e-01 8.7774311132270813e-02 1.0473461141235881e-01 8.6467218690837981e+00 33
1 1 1 1 1.1162028096810649e-02 9.9707415513513500e-03 9.7090437759660808e-01 8.7834512991757971e-02 1.0508616366659601e-01 8.6696153339170241e+00 34
1 1 1 1 1.1224323244913412e-02 1.0021182257757439e-02 9.7078471576323611e-01 8.7894756141958075e-02 1.0543838683997361e-01 8.6926010066249155e+00 34
1 1 1 1 1.1286993104908704e-02 1.0071837422196589e-02 9.7066491986045522e-01 8.7955040611191249e-02 1.0579102430100802e-01 8.7156768942959122e+00 34
1 1 1 1 1.1350003980263342e-02 1.0122780895423025e-02 9.7054472404607706e-01 8.8015366427797004e-02 1.0614459318291354e-01 8.7388511366130128e+00 34
1 1 1 1 1.1413413865716223e-02 1.0173908864818783e-02 9.7042452105853161e-01 8.8075733620134308e-02 1.0649833219535589e-01 8.7621156395941249e+00 34
1 1 1 1 1.1477154657701921e-02 1.0225342819266412e-02 9.7030386823063886e-01 8.8136142216581587e-02 1.0685309890151432e-01 8.7854825224619386e+00 34
1 1 1 1 1.1541302627097412e-02 1.0276979101890439e-02 9.7018315865993188e-01 8.8196592245536720e-02 1.0720813412704466e-01 8.8089442089988186e+00 34
1 1 1 1 1.1605816634961333e-02 1.0328901306939548e-02 9.7006209008792021e-01 8.8257083735417061e-02 1.0756402116387578e-01 8.8325091433800758e+00 34
1 1 1 1 1.1670725127996572e-02 1.0381072251097934e-02 9.6994080953695583e-01 8.8317616714659458e-02 1.0792047752911198e-01 8.8561757488130901e+00 34
1 1 1 1 1.1736033562368093e-02 1.0433494164482627e-02 9.6981931718886805e-01 8.8378191211720261e-02 1.0827750278618224e-01 8.8799456155789809e+00 34
1 1 1 1 1.1801721437191997e-02 1.0486213379686289e-02 9.6969744993309481e-01 8.8438807255075344e-02 1.0863541052942564e-01 8.9038239481888528e+00 34
1 1 1 1 1.1867846396328340e-02 1.0539147006224360e-02 9.6957552530953184e-01 8.8499464873220121e-02 1.0899359262737754e-01 8.9278059363604410e+00 34
1 1 1 1 1.1934326850618465e-02 1.0592406426233960e-02 9.6945313797506705e-01 8.8560164094669519e-02 1.0935282460551944e-01 8.9519015031278695e+00 34
1 1 1 1 1.2001255529522940e-02 1.0645886489782617e-02 9.6933068953675272e-01 8.8620904947958046e-02 1.0971234031734088e-01 8.9761047057203456e+00 34
1 1 1 1 1.2068584794308557e-02 1.0699675798404465e-02 9.6920785924203390e-01 8.8681687461639777e-02 1.1007275100783223e-01 9.0004234420142275e+00 34
1 1 1 1 1.2136344615239976e-02 1.0753740383641004e-02 9.6908478422746003e-01 8.8742511664288370e-02 1.1043379630686194e-01 9.0248571704280760e+00 34
1 1 1 1 1.2204547809061791e-02 1.0808073082780088e-02 9.6896150127293135e-01 8.8803377584497079e-02 1.1079540618341059e-01 9.0494071329231289e+00 34
1 1 1 1 1.2273160687383709e-02 1.0862737640950198e-02 9.6883778296374656e-01 8.8864285250878763e-02 1.1115801192295724e-01 9.0740792721082020e+00 34
1 1 1 1 1.2342248932829640e-02 1.0917627914292459e-02 9.6871403708342907e-01 8.8925234692065924e-02 1.1152084232116996e-01 9.0988689082214353e+00 34
1 1 1 1 1.2411741572601593e-02 1.0972867129670702e-02 9.6858981354997964e-01 8.8986225936710683e-02 1.1188474758659528e-01 9.1237853843630070e+00 34
1 1 1 1 1.2481715912052735e-02 1.1028371239561973e-02 9.6846543883144265e-01 8.9047259013484828e-02 1.1224911258987383e-01 9.1488258761994619e+00 34
1 1 1 1 1.2552146789357682e-02 1.1084189651256501e-02 9.6834073911382113e-01 8.9108333951079810e-02 1.1261426410613606e-01 9.1739951243878579e+00 34
1 1 1 1 1.2623034748936208e-02 1.1140335409688376e-02 9.6821567775932771e-01 8.9169450778206746e-02 1.1298027120940414e-01 9.1992959813012796e+00 34
1 1 1 1 1.2694432646082679e-02 1.1196749092040614e-02 9.6809049010071957e-01 8.9230609523596460e-02 1.1334669255302660e-01 9.2247275587038775e+00 34
1 1 1 1 1.2766254622442344e-02 1.1253531479155383e-02 9.6796481001995305e-01 8.9291810215999481e-02 1.1371421330864466e-01 9.2502970438177581e+00 34
1 1 1 1 1.2838603678138110e-02 1.1310580174070552e-02 9.6783903607491728e-01 8.9353052884186032e-02 1.1408208930908878e-01 9.2760020376953332e+00 34
1 1 1 1 1.2911430830879363e-02 1.1367982478684695e-02 9.6771285255620021e-01 8.9414337556946111e-02 1.1445090889448166e-01 9.3018487659306590e+00 34
1 1 1 1 1.2984761892357026e-02 1.1425719301950261e-02 9.6758634550436362e-01 8.9475664263089422e-02 1.1482051203113618e-01 9.3278389263761365e+00 34
1 1 1 1 1.3058632208198761e-02 1.1483759856794947e-02 9.6745964503125437e-01 8.9537033031445445e-02 1.1519065661512108e-01 9.3539737921626163e+00 34
1 1 1 1 1.3132971796695175e-02 1.1542191547127626e-02 9.6733243546656034e-01 8.9598443890863452e-02 1.1556192773092687e-01 9.3802592506965663e+00 34
1 1 1 1 1.3207876896921588e-02 1.1600902868206434e-02 9.6720515391068729e-01 8.9659896870212460e-02 1.1593351669439368e-01 9.4066941974450966e+00 34
1 1 1 1 1.3283291728055938e-02 1.1660001103487303e-02 9.6707740919114960e-01 8.9721391998381333e-02 1.1630614569924923e-01 9.4332849078364287e+00 34
1 1 1 1 1.3359256678390278e-02 1.1719452806452880e-02 9.6694934432898605e-01 8.9782929304278711e-02 1.1667955092066125e-01 9.4600332997024186e+00 34
1 1 1 1 1.3435801278584656e-02 1.1779238645302883e-02 9.6682104883962083e-01 8.9844508816833091e-02 1.1705356701007592e-01 9.4869417841919397e+00 34
1 1 1 1 1.3512857468050523e-02 1.1839441309183858e-02 9.6669222521063103e-01 8.9906130564992789e-02 1.1742873997509373e-01 9.5140155225904266e+00 34
1 1 1 1 1.3590525540172399e-02 1.1899948932859724e-02 9.6656331712412280e-01 8.9967794577725982e-02 1.1780425653862867e-01 9.5412552990989017e+00 34
1 1 1 1 1.3668746932684123e-02 1.1960871940860710e-02 9.6643392123085359e-01 9.0029500884020716e-02 1.1818085413082141e-01 9.5686666211623699e+00 34
1 1 1 1 1.3747564264516886e-02 1.2022179228090160e-02 9.6630417511683098e-01 9.0091249512884927e-02 1.1855828110329253e-01 9.5962524112843965e+00 34
1 1 1 1 1.3827014721770989e-02 1.2083846968069634e-02 9.6617418881072703e-01 9.0153040493346437e-02 1.1893633609259638e-01 9.6240158435773235e+00 34
1 1 1 1 1.3907017329039749e-02 1.2145961243804433e-02 9.6604365232755796e-01 9.0214873854452982e-02 1.1931558233443423e-01 9.6519616316776400e+00 34
1 1 1 1 1.3987686675909085e-02 1.2208417925105247e-02 9.6591298604795206e-01 9.0276749625272226e-02 1.1969525644254078e-01 9.6800927618768267e+00 34
1 1 1 1 1.4068967026140125e-02 1.2271315157237254e-02 9.6578183359961378e-01 9.0338667834891750e-02 1.2007600324523196e-01 9.7084138111514537e+00 34
1 1 1 1 1.4150889361267462e-02 1.2334639458677566e-02 9.6565026898807227e-01 9.0400628512419118e-02 1.2045768820733525e-01 9.7369288783793184e+00 34
1 1 1 1 1.4233513672907584e-02 1.2398348156034203e-02 9.6551847932352641e-01 9.0462631686981820e-02 1.2083997261978179e-01 9.7656422156200442e+00 34
1 1 1 1 1.4316730588458769e-02 1.2462538121070026e-02 9.6538611366048654e-01 9.0524677387727348e-02 1.2122348772438306e-01 9.7945580629652067e+00 34
1 1 1 1 1.4400678472883304e-02 1.2527120229701684e-02 9.6525354183231227e-01 9.0586765643823189e-02 1.2160756814383673e-01 9.8236816415241055e+00 34
1 1 1 1 1.4485311617548270e-02 1.2592166742472773e-02 9.6512050833526741e-01 9.0648896484456815e-02 1.2199267089766108e-01 9.8530171274500145e+00 35
1 1 1 1 1.4570634198200542e-02 1.2657695300498048e-02 9.6498697084792373e-01 9.0711069938835723e-02 1.2237887062118023e-01 9.8825693404338981e+00 35
1 1 1 1 1.4656730216948901e-02 1.2723632049195990e-02 9.6485324440417153e-01 9.0773286036187464e-02 1.2276560327752591e-01 9.9123446571225120e+00 35
1 1 1 1 1.4743492478147779e-02 1.2790091154886796e-02 9.6471891130194443e-01 9.0835544805759616e-02 1.2315361246647999e-01 9.9423465108657663e+00 35
1 1 1 1 1.4831045258452552e-02 1.2857004756077706e-02 9.6458426687151122e-01 9.0897846276819808e-02 1.2354237153218375e-01 9.9725821207058285e+00 35
1 1 1 1 1.4919377085440619e-02 1.2924407893811529e-02 9.6444920378181276e-01 9.0960190478655764e-02 1.2393206919961432e-01 1.0003056518051482e+01 35
1 1 1 1 1.5008449209406163e-02 1.2992360634938142e-02 9.6431351735830506e-01 9.1022577440575278e-02 1.2432306636809005e-01 1.0033774161367587e+01 35
1 1 1 1 1.5098375350258412e-02 1.3060748117152880e-02 9.6417769427100697e-01 9.1085007191906264e-02 1.2471450121490835e-01 1.0064745370739725e+01 35
1 1 1 1 1.5189071445827434e-02 1.3129707226213963e-02 9.6404122759569555e-01 9.1147479761996733e-02 1.2510726661573179e-01 1.0095972139986944e+01 35
1 1 1 1 1.5280618395899309e-02 1.3199196396280879e-02 9.6390431827461986e-01 9.1209995180214831e-02 1.2550100673901204e-01 1.0127463208503803e+01 35
1 1 1 1 1.5373061350286498e-02 1.3269204921740383e-02 9.6376704626537912e-01 9.1272553475948856e-02 1.2589557868386034e-01 1.0159226474903166e+01 35
1 1 1 1 1.5466301660604575e-02 1.3339820554000566e-02 9.6362910065374807e-01 9.1335154678607255e-02 1.2629152540244748e-01 1.0191265620591466e+01 35
1 1 1 1 1.5560496372646174e-02 1.3410950835453702e-02 9.6349089312436575e-01 9.1397798817618642e-02 1.2668812466976823e-01 1.0223593740206695e+01 35
1 1 1 1 1.5655587790737363e-02 1.3482689359732928e-02 9.6335209064684801e-01 9.1460485922431820e-02 1.2708595520562305e-01 1.0256214279707532e+01 35
1 1 1 1 1.5751600386018548e-02 1.3555047821694500e-02 9.6321269109388752e-01 9.1523216022515785e-02 1.2748501797070372e-01 1.0289135574288508e+01 35
1 1 1 1 1.5848638246993233e-02 1.3627964697795073e-02 9.6307299064123864e-01 9.1585989147359756e-02 1.2788479520244694e-01 1.0322371178051339e+01 35
1 1 1 1 1.5946575985969418e-02 1.3701556785375666e-02 9.6293256496284330e-01 9.1648805326473168e-02 1.2828601999498296e-01 1.0355923189361912e+01 35
1 1 1 1 1.6045573239634098e-02 1.3775763376109817e-02 9.6279171382514606e-01 9.1711664589385705e-02 1.2868817051401982e-01 1.0389806739801802e+01 35
1 1 1 1 1.6145624514915982e-02 1.3850625125176746e-02 9.6265032553083196e-01 9.1774566965647286e-02 1.2909143573230450e-01 1.0424029816170924e+01 35
1 1 1 1 1.6246684155684275e-02 1.3926211903034823e-02 9.6250817044974613e-01 9.1837512484828118e-02 1.2949620731859929e-01 1.0458598319267530e+01 35
1 1 1 1 1.6348909704603492e-02 1.4002413766501678e-02 9.6236576386067929e-01 9.1900501176518670e-02 1.2990159599819859e-01 1.0493534733666547e+01 35
1 1 1 1 1.6452206409675034e-02 1.4079375255559575e-02 9.6222257137045575e-01 9.1963533070329728e-02 1.3030851426242893e-01 1.0528838874349709e+01 35
1 1 1 1 1.6556672523188161e-02 1.4157069563831911e-02 9.6207877229818750e-01 9.2026608195892368e-02 1.3071665056243587e-01 1.0564527388935653e+01 35
1 1 1 1 1.6662388218470478e-02 1.4235486008437050e-02 9.6193448322737507e-01 9.2089726582857995e-02 1.3112580059397452e-01 1.0600616349831908e+01 35
1 1 1 1 1.6769230746983173e-02 1.4314726551730682e-02 9.6178935147294253e-01 9.2152888260898361e-02 1.3153655992312729e-01 1.0637110280279726e+01 35
1 1 1 1 1.6877413999011506e-02 1.4394714795155425e-02 9.6164378169327913e-01 9.2216093259705562e-02 1.3194823567495179e-01 1.0674035263638419e+01 35
1 1 1 1 1.6986883265073954e-02 1.4475545654700715e-02 9.6149745627136174e-01 9.2279341608992052e-02 1.3236136001188126e-01 1.0711397580004167e+01 35
1 1 1 1 1.7023660579188953e-02 1.4502693709188118e-02 9.6144847056649108e-01 9.2300438852158259e-02 1.3249947360763992e-01 1.0723953557091978e+01 35
1 1 1 1 1.7060595893276347e-02 1.4529942681459429e-02 9.6139938326030372e-01 9.2321540918653952e-02 1.3263777691713494e-01 1.0736560007825981e+01 35
1 1 1 1 1.7097695306556734e-02 1.4557269909466809e-02 9.6135029573479092e-01 9.2342647809581860e-02 1.3277609873697815e-01 1.0749220883907123e+01 35
1 1 1 1 1.7134959952534771e-02 1.4584680813786968e-02 9.6130118847399149e-01 9.2363759526044961e-02 1.3291447174091731e-01 1.0761936251414845e+01 35
1 1 1 1 1.7172388219451957e-02 1.4612195395648196e-02 9.6125197888511604e-01 9.2384876069146485e-02 1.3305303486254735e-01 1.0774704073197066e+01 35
1 1 1 1 1.7209981954186035e-02 1.4639814800035495e-02 9.6120266577977176e-01 9.2405997439989909e-02 1.3319178977820587e-01 1.0787524976178247e+01 35
1 1 1 1 1.7247700897606456e-02 1.4667540193954555e-02 9.6115324794608747e-01 9.2427123639678976e-02 1.3333073819469149e-01 1.0800399599488538e+01 35
1 1 1 1 1.7285567551849308e-02 1.4695372767021032e-02 9.6110372414806755e-01 9.2448254669317678e-02 1.3346988185004849e-01 1.0813328594791342e+01 35
1 1 1 1 1.7323604342235187e-02 1.4723313732100517e-02 9.6105409312488321e-01 9.2469390530010256e-02 1.3360922251449320e-01 1.0826312626635257e+01 35
1 1 1 1 1.7361813246980343e-02 1.4751364325945777e-02 9.6100435359018244e-01 9.2490531222861203e-02 1.3374876199126332e-01 1.0839352372811474e+01 35
1 1 1 1 1.7400204249540908e-02 1.4779491578814915e-02 9.6095465476039033e-01 9.2511676748975258e-02 1.3388824996418450e-01 1.0852454092643983e+01 35
1 1 1 1 1.7438773745758508e-02 1.4807722056696244e-02 9.6090488454193845e-01 9.2532827109457413e-02 1.3402787393242901e-01 1.0865614487366813e+01 35
1 1 1 1 1.7477521916981747e-02 1.4836065461970173e-02 9.6085500473896712e-01 9.2553982305412938e-02 1.3416769750895099e-01 1.0878832928738911e+01 35
1 1 1 1 1.7516450917667396e-02 1.4864523129382480e-02 9.6080501399777052e-01 9.2575142337947322e-02 1.3430772256984372e-01 1.0892110157423424e+01 35
1 1 1 1 1.7555502075602872e-02 1.4893096421172029e-02 9.6075491093608678e-01 9.2596307208166334e-02 1.3444795102766433e-01 1.0905446929530660e+01 35
1 1 1 1 1.7594733333987721e-02 1.4921786727880417e-02 9.6070469414221216e-01 9.2617476917175978e-02 1.3458838483254754e-01 1.0918844017072477e+01 35
1 1 1 1 1.7634150991606558e-02 1.4950595469181850e-02 9.6065436217411804e-01 9.2638651466082508e-02 1.3472902597328462e-01 1.0932302208428888e+01 35
1 1 1 1 1.7673758469216528e-02 1.4979520243162072e-02 9.6060393083099505e-01 9.2659830855992456e-02 1.3486984772459831e-01 1.0945823021712883e+01 35
1 1 1 1 1.7713568260685632e-02 1.5008527636227674e-02 9.6055355539149112e-01 9.2681015088012575e-02 1.3501059121489925e-01 1.0959413814616436e+01 35
1 1 1 1 1.7753572026670356e-02 1.5037657353523620e-02 9.6050306331279578e-01 9.2702204163249896e-02 1.3515154328324511e-01 1.0973068427277676e+01 35
1 1 1 1 1.7793772256385496e-02 1.5066910936374894e-02 9.6045245306772076e-01 9.2723398082811687e-02 1.3529270601085899e-01 1.0986787725925387e+01 35
1 1 1 1 1.7834154676819813e-02 1.5096289959985017e-02 9.6040172309476479e-01 9.2744596847805477e-02 1.3543408152214179e-01 1.1000572596067675e+01 35
1 1 1 1 1.7874688064380782e-02 1.5125796034490321e-02 9.6035087179702872e-01 9.2765800459339035e-02 1.3557567198598658e-01 1.1014423943096276e+01 35
1 1 1 1 1.7915424486081868e-02 1.5155430806065710e-02 9.6029989754108258e-01 9.2787008918520417e-02 1.3571747961715874e-01 1.1028342692913188e+01 35
1 1 1 1 1.7956366639418724e-02 1.5185195958077118e-02 9.6024879865574164e-01 9.2808222226457890e-02 1.3585950667781507e-01 1.1042329792590575e+01 35
1 1 1 1 1.7997523692002148e-02 1.5215074907169515e-02 9.6019765752091468e-01 9.2829440384260012e-02 1.3600161639774286e-01 1.1056390104617272e+01 35
1 1 1 1 1.8038900801787317e-02 1.5245063495286666e-02 9.6014650007685454e-01 9.2850663393035562e-02 1.3614376541916706e-01 1.1070526002879213e+01 35
1 1 1 1 1.8080492684654340e-02 1.5275187204855213e-02 9.6009521597494940e-01 9.2871891253893599e-02 1.3628613573635179e-01 1.1084733520592350e+01 35
1 1 1 1 1.8122302315994827e-02 1.5305447877420194e-02 9.6004380343111329e-01 9.2893123967943414e-02 1.3642872973413067e-01 1.1099013705777649e+01 35
1 1 1 1 1.8164289249189017e-02 1.5335847398317145e-02 9.5999226061800391e-01 9.2914361536294565e-02 1.3657154985086203e-01 1.1113367631686589e+01 35
1 1 1 1 1.8206473208236044e-02 1.5366387698155895e-02 9.5994058566352924e-01 9.2935603960056859e-02 1.3671459858022825e-01 1.1127796397658301e+01 35
1 1 1 1 1.8248882941714457e-02 1.5397070754374966e-02 9.5988877664928196e-01 9.2956851240340366e-02 1.3685787847312725e-01 1.1142301130016774e+01 35
1 1 1 1 1.8291521698385157e-02 1.5427898592858166e-02 9.5983683160891131e-01 9.2978103378255392e-02 1.3700139213962750e-01 1.1156882983003054e+01 35
1 1 1 1 1.8334407909415637e-02 1.5458837870270928e-02 9.5978491589415538e-01 9.2999360374912521e-02 1.3714486724453184e-01 1.1171551828710408e+01 35
1 1 1 1 1.8377533288915528e-02 1.5489919153001810e-02 9.5973289387067129e-01 9.3020622231422559e-02 1.3728852609064293e-01 1.1186302100873531e+01 35
1 1 1 1 1.8420898642879550e-02 1.5521151074766823e-02 9.5968073304309498e-01 9.3041888948896589e-02 1.3743242139742046e-01 1.1201133487579586e+01 35
1 1 1 1 1.8464502054388671e-02 1.5552535871291314e-02 9.5962843129280007e-01 9.3063160528445946e-02 1.3757655594021131e-01 1.1216047276710585e+01 35
1 1 1 1 1.8508285961216332e-02 1.5584075836194351e-02 9.5957598644533670e-01 9.3084436971182211e-02 1.3772093256225712e-01 1.1231044789896149e+01 35
1 1 1 1 1.8552319537899837e-02 1.5615773323138247e-02 9.5952339626834393e-01 9.3105718278217231e-02 1.3786555417718371e-01 1.1246127383772562e+01 35
1 1 1 1 1.8596606661124612e-02 1.5647630748067631e-02 9.5947065846934676e-01 9.3127004450663103e-02 1.3801042377160969e-01 1.1261296451290063e+01 35
1 1 1 1 1.8641158446535102e-02 1.5679636637506777e-02 9.5941783869483777e-01 9.3148295489632160e-02 1.3815543339348615e-01 1.1276557350561017e+01 35
1 1 1 1 1.8685986405823536e-02 1.5711779777105493e-02 9.5936500232947020e-01 9.3169591396237011e-02 1.3830047556119779e-01 1.1291915600780486e+01 35
1 1 1 1 1.8731081039514989e-02 1.5744089997507725e-02 9.5931201468381710e-01 9.3190892171590517e-02 1.3844576935713426e-01 1.1307365151185271e+01 35
1 1 1 1 1.8776446696197741e-02 1.5776569988752504e-02 9.5925887326434256e-01 9.3212197816805786e-02 1.3859131798547780e-01 1.1322907569120728e+01 35
1 1 1 1 1.8822041651531295e-02 1.5809222516462225e-02 9.5920557550639851e-01 9.3233508332996179e-02 1.3873712473549207e-01 1.1338544466481363e+01 35
1 1 1 1 1.8867886748194500e-02 1.5842050424856688e-02 9.5915211877134132e-01 9.3254823721275332e-02 1.3888319298485960e-01 1.1354277501494265e+01 35
1 1 1 1 1.8914015092644353e-02 1.5875056639950331e-02 9.5909850034349131e-01 9.3276143982757104e-02 1.3902952620323977e-01 1.1370108380609071e+01 35
1 1 1 1 1.8960431519136404e-02 1.5908244172894891e-02 9.5904471742692654e-01 9.3297469118555632e-02 1.3917612795598414e-01 1.1386038860474283e+01 36
1 1 1 1 1.9007164625964183e-02 1.5941578185136848e-02 9.5899095953325264e-01 9.3318799129785301e-02 1.3932268991213106e-01 1.1402083234306485e+01 36
1 1 1 1 1.9054198755319014e-02 1.5975096421795610e-02 9.5893704987450334e-01 9.3340134017560750e-02 1.3946949781611886e-01 1.1418232324351138e+01 36
1 1 1 1 1.9101537437322156e-02 1.6008805094403895e-02 9.5888297070793116e-01 9.3361473782996862e-02 1.3961657936276076e-01 1.1434487120651275e+01 36
1 1 1 1 1.9149165662042247e-02 1.6042707595727707e-02 9.5882871895434707e-01 9.3382818427208802e-02 1.3976393842244064e-01 1.1450849622408509e+01 36
1 1 1 1 1.9197051106793581e-02 1.6076807423989321e-02 9.5877429143760218e-01 9.3404167951311956e-02 1.3991157897946349e-01 1.1467321891642191e+01 36
1 1 1 1 1.9245256363476883e-02 1.6111108187510482e-02 9.5871968488028436e-01 9.3425522356422000e-02 1.4005950513691723e-01 1.1483906055965027e+01 36
1 1 1 1 1.9293787412307081e-02 1.6145613609675768e-02 9.5866489589907533e-01 9.3446881643654833e-02 1.4020772112203087e-01 1.1500604311549161e+01 36
1 1 1 1 1.9342669513563202e-02 1.6180302146222070e-02 9.5861005562540758e-01 9.3468245814126633e-02 1.4035601439517756e-01 1.1517428679376026e+01 36
1 1 1 1 1.9391902000181028e-02 1.6215188207412634e-02 9.5855510663310406e-01 9.3489614868953824e-02 1.4050447622321618e-01 1.1534377851147635e+01 36
1 1 1 1 1.9441480760568081e-02 1.6250290437151930e-02 9.5849996852786401e-01 9.3510988809253084e-02 1.4065323476738936e-01 1.1551448766093639e+01 36
1 1 1 1 1.9491409803166153e-02 1.6285613083136297e-02 9.5844463753444153e-01 9.3532367636141339e-02 1.4080229467443375e-01 1.1568643953623713e+01 36
1 1 1 1 1.9541619591358216e-02 1.6321160538613870e-02 9.5838910974678904e-01 9.3553751350735792e-02 1.4095166074202553e-01 1.1585966030712198e+01 36
1 1 1 1 1.9592195083516149e-02 1.6356937349505472e-02 9.5833338112159938e-01 9.3575139954153883e-02 1.4110133792604787e-01 1.1603417706193213e+01 36
1 1 1 1 1.9643143840797090e-02 1.6392948221971727e-02 9.5827744747145605e-01 9.3596533447513314e-02 1.4125133134827236e-01 1.1621001785333018e+01 36
1 1 1 1 1.9694490712706871e-02 1.6429179470893805e-02 9.5822140843386705e-01 9.3617931831932039e-02 1.4140147987474308e-01 1.1638729613814244e+01 36
1 1 1 1 1.9746246634387784e-02 1.6465634138268716e-02 9.5816527264235429e-01 9.3639335108528274e-02 1.4155176801587141e-01 1.1656605550601956e+01 36
1 1 1 1 1.9798401871558860e-02 1.6502337712413925e-02 9.5810892278838478e-01 9.3660743278420486e-02 1.4170238175960539e-01 1.1674623698443192e+01 36
1 1 1 1 1.9850965233751589e-02 1.6539295642705759e-02 9.5805235412588285e-01 9.3682156342727391e-02 1.4185332682134766e-01 1.1692787335129523e+01 36
1 1 1 1 1.9903863300313122e-02 1.6576513586495697e-02 9.5799556172595102e-01 9.3703574302567982e-02 1.4200460912366608e-01 1.1711099864744121e+01 36
1 1 1 1 1.9957182101485459e-02 1.6613997420443432e-02 9.5793854046682247e-01 9.3724997159061477e-02 1.4215623480739692e-01 1.1729564824563708e+01 36
1 1 1 1 2.0010935380105632e-02 1.6651753252664801e-02 9.5788128502312930e-01 9.3746424913327381e-02 1.4230821024348464e-01 1.1748185892463308e+01 36
1 1 1 1 2.0065153694844205e-02 1.6689769540294951e-02 9.5782389733460338e-01 9.3767857566485438e-02 1.4246037110800050e-01 1.1766976718324804e+01 36
1 1 1 1 2.0119851053188503e-02 1.6728051114894196e-02 9.5776638492774480e-01 9.3789295119655641e-02 1.4261270315736457e-01 1.1785942860225417e+01 36
1 1 1 1 2.0175016948992420e-02 1.6766624350779042e-02 9.5770862587859307e-01 9.3810737573958261e-02 1.4276539789019382e-01 1.1805078030085733e+01 36
1 1 1 1 2.0230659086136971e-02 1.6805496450756723e-02 9.5765061403547402e-01 9.3832184930513804e-02 1.4291846254806589e-01 1.1824386602251659e+01 36
1 1 1 1 2.0286705843899668e-02 1.6844674927610971e-02 9.5759234297991236e-01 9.3853637190443054e-02 1.4307190466928185e-01 1.1843873140961307e+01 36
1 1 1 1 2.0343255204628739e-02 1.6884167623198203e-02 9.5753380601012694e-01 9.3875094354867017e-02 1.4322573210680042e-01 1.1863542412082072e+01 36
1 1 1 1 2.0400320334572921e-02 1.6923982729062346e-02 9.5747499612316156e-01 9.3896556424906991e-02 1.4337995304762302e-01 1.1883399395779186e+01 36
1 1 1 1 2.0457948983741529e-02 1.6964105345998910e-02 9.5741606042702554e-01 9.3918023401684522e-02 1.4353433194399862e-01 1.1903465311384519e+01 36
1 1 1 1 2.0516141128610804e-02 1.7004555937547027e-02 9.5735691982491566e-01 9.3939495286321395e-02 1.4368899061387835e-01 1.1923738738894750e+01 36
1 1 1 1 2.0574895138688723e-02 1.7045355872373474e-02 9.5729748864593089e-01 9.3960972079939670e-02 1.4384406108454448e-01 1.1944217494262379e+01 36
1 1 1 1 2.0634195173176995e-02 1.7086515033829200e-02 9.5723775860628968e-01 9.3982453783661643e-02 1.4399955287966160e-01 1.1964907635114987e+01 36
1 1 1 1 2.0694023413301323e-02 1.7128043792513911e-02 9.5717772101122978e-01 9.4003940398609903e-02 1.4415547597135059e-01 1.1985815520054002e+01 36
1 1 1 1 2.0754461070379326e-02 1.7169953040698883e-02 9.5711736672588099e-01 9.4025431925907260e-02 1.4431184081123943e-01 1.2006947829982446e+01 36
1 1 1 1 2.0815530103372948e-02 1.7212252327860483e-02 9.5705670014153899e-01 9.4046928366676788e-02 1.4446863636936247e-01 1.2028313230613371e+01 36
1 1 1 1 2.0877305635468048e-02 1.7254924974266086e-02 9.5699592661426780e-01 9.4068429722041824e-02 1.4462553555959870e-01 1.2049944797647983e+01 36
1 1 1 1 2.0939752440369400e-02 1.7298014617003664e-02 9.5693481185820495e-01 9.4089935993125970e-02 1.4478290182214454e-01 1.2071824591827585e+01 36
1 1 1 1 2.1002892287186669e-02 1.7341534730616393e-02 9.5687334478408637e-01 9.4111447181053062e-02 1.4494074762832390e-01 1.2093960941329062e+01 36
1 1 1 1 2.1066660612607677e-02 1.7385499548706548e-02 9.5681151367480444e-01 9.4132963286947216e-02 1.4509908612232519e-01 1.2116362646779558e+01 36
1 1 1 1 2.1131150034718729e-02 1.7429924125396401e-02 9.5674930613438902e-01 9.4154484311932796e-02 1.4525793117479280e-01 1.2139039019609896e+01 36
1 1 1 1 2.1196402246270507e-02 1.7474824403310982e-02 9.5668670903160302e-01 9.4176010257134429e-02 1.4541729744193929e-01 1.2161999924492642e+01 36
1 1 1 1 2.1262497325912372e-02 1.7520197362862675e-02 9.5662388448940328e-01 9.4197541123676981e-02 1.4557692523808527e-01 1.2185279749331231e+01 36
1 1 1 1 2.1329438453006017e-02 1.7566072847273389e-02 9.5656072387086122e-01 9.4219076912685593e-02 1.4573697750963030e-01 1.2208877890998847e+01 36
1 1 1 1 2.1397234347682894e-02 1.7612478875233643e-02 9.5649713586734031e-01 9.4240617625285655e-02 1.4589758974388575e-01 1.2232796210051953e+01 36
1 1 1 1 2.1465849418369026e-02 1.7659435942170641e-02 9.5643310389818637e-01 9.4262163262602824e-02 1.4605878012102769e-01 1.2257047479936137e+01 36
1 1 1 1 2.1535341743277672e-02 1.7706965925631896e-02 9.5636861026022968e-01 9.4283713825763005e-02 1.4622056800066505e-01 1.2281645340664857e+01 36
1 1 1 1 2.1605791097957135e-02 1.7755092219777037e-02 9.5630363601827584e-01 9.4305269315892351e-02 1.4638297403482634e-01 1.2306604383345212e+01 36
1 1 1 1 2.1677295325750988e-02 1.7803825846951123e-02 9.5623832302540201e-01 9.4326829734117296e-02 1.4654576795067936e-01 1.2331965827953152e+01 36
1 1 1 1 2.1749882071756953e-02 1.7853200109939387e-02 9.5617259577507407e-01 9.4348395081564507e-02 1.4670905666303499e-01 1.2357739408773982e+01 36
1 1 1 1 2.1823563315286645e-02 1.7903253341587908e-02 9.5610632988424082e-01 9.4369965359360930e-02 1.4687302248088213e-01 1.2383927798768749e+01 36
1 1 1 1 2.1898306541670586e-02 1.7954017019436865e-02 9.5603950030424178e-01 9.4391540568633761e-02 1.4703769223065019e-01 1.2410550764037446e+01 36
1 1 1 1 2.1974207849632534e-02 1.8005525175134970e-02 9.5597207994784883e-01 9.4413120710510445e-02 1.4720309484158800e-01 1.2437629682755901e+01 36
1 1 1 1 2.2051364067471893e-02 1.8057814695045724e-02 9.5590403944894564e-01 9.4434705786118706e-02 1.4736926158963831e-01 1.2465187735302322e+01 36
1 1 1 1 2.2129941091501702e-02 1.8110913731050133e-02 9.5583558368444688e-01 9.4456295796586501e-02 1.4753585884458775e-01 1.2493294501226764e+01 36
1 1 1 1 2.2209935650878903e-02 1.8164878481646822e-02 9.5576649181555295e-01 9.4477890743042053e-02 1.4770321147766591e-01 1.2521945128973462e+01 36
1 1 1 1 2.2291395449057887e-02 1.8219759585898280e-02 9.5569668357578719e-01 9.4499490626613850e-02 1.4787142497376032e-01 1.2551162363291297e+01 36
1 1 1 1 2.2374295497785284e-02 1.8275610019809596e-02 9.5562611745876658e-01 9.4521095448430639e-02 1.4804054272155603e-01 1.2580979707747991e+01 36
1 1 1 1 2.2458846890808799e-02 1.8332488146886036e-02 9.5555474772776294e-01 9.4542705209621408e-02 1.4821061239294556e-01 1.2611434087521129e+01 36
1 1 1 1 2.2545220803294734e-02 1.8390457721012526e-02 9.5548265394095655e-01 9.4564319911315420e-02 1.4838148475389215e-01 1.2642595458058691e+01 36
1 1 1 1 2.2633561504731895e-02 1.8449594052282706e-02 9.5540982111657524e-01 9.4585939554642201e-02 1.4855315307680922e-01 1.2674521564618601e+01 36
1 1 1 1 2.2723918314187009e-02 1.8509980430221513e-02 9.5533602470711276e-01 9.4607564140731515e-02 1.4872593240234494e-01 1.2707228764354680e+01 36
1 1 1 1 2.2816303813661152e-02 1.8571707733485716e-02 9.5526119455182457e-01 9.4629193670713388e-02 1.4889989448699215e-01 1.2740774896509347e+01 36
1 1 1 1 2.2910993376024001e-02 1.8634878556426544e-02 9.5518525143092903e-01 9.4650828145718124e-02 1.4907512010617832e-01 1.2775225282475002e+01 36
1 1 1 1 2.3008282487536644e-02 1.8699617947670860e-02 9.5510824646783499e-01 9.4672467566876264e-02 1.4925148116325626e-01 1.2810693343394979e+01 36
1 1 1 1 2.3108424813383495e-02 1.8766068523893738e-02 9.5503011603154431e-01 9.4694111935318626e-02 1.4942901869345698e-01 1.2847280572662894e+01 36
1 1 1 1 2.3142460968677225e-02 1.8788625187006594e-02 9.5500376266300202e-01 9.4701328374271171e-02 1.4948854255677058e-01 1.2859732691862501e+01 36
1 1 1 1 2.3176840232811021e-02 1.8811394591961246e-02 9.5497724746064971e-01 9.4708545363173344e-02 1.4954824440561174e-01 1.2872319159587054e+01 36
1 1 1 1 2.3211552365430439e-02 1.8834383432899445e-02 9.5495056532684952e-01 9.4715762902067041e-02 1.4960812933930331e-01 1.2885044261622870e+01 36
1 1 1 1 2.3246593895992224e-02 1.8857598765664431e-02 9.5492371088823469e-01 9.4722980990994188e-02 1.4966820272730946e-01 1.2897912515926139e+01 36
1 1 1 1 2.3282011526202750e-02 1.8881048035815608e-02 9.5489667847435922e-01 9.4730199629996709e-02 1.4972847022996791e-01 1.2910928690624610e+01 36
1 1 1 1 2.3317817897996907e-02 1.8904739109464320e-02 9.5486946209417056e-01 9.4737418819116501e-02 1.4978893782131283e-01 1.2924097823835652e+01 36
1 1 1 1 2.3354026383717860e-02 1.8928680307374768e-02 9.5484205541000722e-01 9.4744638558395503e-02 1.4984961181433032e-01 1.2937425245576915e+01 36
1 1 1 1 2.3390651146582678e-02 1.8952880442600833e-02 9.5481445170887846e-01 9.4751858847875639e-02 1.4991049888875285e-01 1.2950916601960387e+01 36
1 1 1 1 2.3427707207928784e-02 1.8977348862357048e-02 9.5478664387055379e-01 9.4759079687598849e-02 1.4997160612202096e-01 1.2964577882099929e+01 36
1 1 1 1 2.3465284249539257e-02 1.9002109216563909e-02 9.5475871144961022e-01 9.4766301077607043e-02 1.5003280411487219e-01 1.2978446538087109e+01 36
1 1 1 1 2.3503350540348682e-02 1.9027164103808718e-02 9.5473058473829175e-01 9.4773523017942174e-02 1.5009419718289541e-01 1.2992508753782063e+01 36
1 1 1 1 2.3541904390102095e-02 1.9052521339506821e-02 9.5470223089187245e-01 9.4780745508646180e-02 1.5015583183179579e-01 1.3006763393632390e+01 36
1 1 1 1 2.3580965477346272e-02 1.9078193130973801e-02 9.5467364073354044e-01 9.4787968549761001e-02 1.5021771708554416e-01 1.3021218311502210e+01 36
1 1 1 1 2.3620554850578776e-02 1.9104192535612564e-02 9.5464480444697797e-01 9.4795192141328574e-02 1.5027986258641210e-01 1.3035881909304571e+01 36
1 1 1 1 2.3660695065710023e-02 1.9130533546225553e-02 9.5461571151218960e-01 9.4802416283390867e-02 1.5034227865652522e-01 1.3050763192046961e+01 36
1 1 1 1 2.3701371794162644e-02 1.9157231187685263e-02 9.5458635063273967e-01 9.4809640975989817e-02 1.5040497636766634e-01 1.3065871830213892e+01 36
1 1 1 1 2.3742620886409337e-02 1.9184301626900786e-02 9.5455670965300055e-01 9.4816866219167378e-02 1.5046796762065273e-01 1.3081218230728691e+01 36
1 1 1 1 2.3784497376455837e-02 1.9211762298187985e-02 9.5452677546380915e-01 9.4824092012965516e-02 1.5053126523567964e-01 1.3096813617867006e+01 36
1 1 1 1 2.3827031549283277e-02 1.9239632047103290e-02 9.5449653389420830e-01 9.4831318357426184e-02 1.5059488305609528e-01 1.3112670126082843e+01 36
1 1 1 1 2.3870256222748455e-02 1.9267931295785065e-02 9.5446596958701935e-01 9.4838545252591361e-02 1.5065883606745847e-01 1.3128800906730113e+01 36
1 1 1 1 2.3914207054837360e-02 1.9296682234229402e-02 9.5443506585489168e-01 9.4845772698503000e-02 1.5072314053532590e-01 1.3145220251523414e+01 36
1 1 1 1 2.3959038540318407e-02 1.9325941121225633e-02 9.5440390149147114e-01 9.4853000695203082e-02 1.5078765775969938e-01 1.3161992028316485e+01 36
1 1 1 1 2.4004712644067585e-02 1.9355713965270551e-02 9.5437238197515151e-01 9.4860229242733587e-02 1.5085252598993798e-01 1.3179099566181828e+01 36
1 1 1 1 2.4051252129239913e-02 1.9386023606652775e-02 9.5434046381420612e-01 9.4867458341136482e-02 1.5091780101824201e-01 1.3196551577975809e+01 36
1 1 1 1 2.4098709482635837e-02 1.9416902616607192e-02 9.5430812280855826e-01 9.4874687990453746e-02 1.5098350618620013e-01 1.3214369120098450e+01 36
1 1 1 1 2.4147142748898089e-02 1.9448387016098499e-02 9.5427533219398886e-01 9.4881918190727360e-02 1.5104966727918379e-01 1.3232575482239076e+01 36
1 1 1 1 2.4196575770993940e-02 1.9480516810465403e-02 9.5424206224466124e-01 9.4889148941999318e-02 1.5111631290323527e-01 1.3251196533700409e+01 36
1 1 1 1 2.4247079081535842e-02 1.9513336635588161e-02 9.5420827979274558e-01 9.4896380244311615e-02 1.5118347494031836e-01 1.3270261141990114e+01 36
1 0 1 1 2.8335299264489463e-02 2.2052803722957547e-02 9.5241883200217825e-01 9.4876380244311609e-02 1.5267878526266077e-01 1.4945524815286110e+01 37
1 0 1 1 2.8449069361874288e-02 2.2119964878988110e-02 9.5239938345704023e-01 9.4856380244311603e-02 1.5258789841035306e-01 1.4997240471016529e+01 37
1 0 1 1 2.8556347139696674e-02 2.2183057266022554e-02 9.5238292968752181e-01 9.4836380244311597e-02 1.5249395551587372e-01 1.5046336716778130e+01 37
1 0 1 1 2.8658201849880528e-02 2.2242790051495917e-02 9.5236883393509109e-01 9.4816380244311591e-02 1.5239759486564206e-01 1.5093248833814346e+01 37
1 0 1 1 2.8755214827496010e-02 2.2299590865723150e-02 9.5235679616956848e-01 9.4796380244311584e-02 1.5229910027857410e-01 1.5138257056325314e+01 37
1 0 1 1 2.8847993744116198e-02 2.2353803406750774e-02 9.5234657525287369e-01 9.4776380244311578e-02 1.5219870062184820e-01 1.5181586532021353e+01 37
1 0 1 1 2.8937047677542602e-02 2.2405708848342983e-02 9.5233797391731956e-01 9.4756380244311572e-02 1.5209658374201607e-01 1.5223421381982703e+01 37
1 0 1 1 2.9022700164907142e-02 2.2455492142796456e-02 9.5233091165209061e-01 9.4736380244311566e-02 1.5199281580893756e-01 1.5263892977913095e+01 37
1 0 1 1 2.9105096670791662e-02 2.2503188681624438e-02 9.5232553336716430e-01 9.4716380244311560e-02 1.5188722230706908e-01 1.5303059857749119e+01 37
1 0 1 1 2.9184747735251395e-02 2.2549187603528649e-02 9.5232134419838521e-01 9.4696380244311554e-02 1.5178032550026410e-01 1.5341130180880342e+01 37
1 0 1 1 2.9261882315418857e-02 2.2593630974908102e-02 9.5231824474211368e-01 9.4676380244311548e-02 1.5167222120410001e-01 1.5378196897006161e+01 37
1 0 1 1 2.9336682760498046e-02 2.2636641999691242e-02 9.5231614879387061e-01 9.4656380244311542e-02 1.5156299277530086e-01 1.5414340585055520e+01 37
1 0 1 1 2.9409229771302160e-02 2.2678328352181913e-02 9.5231498101603862e-01 9.4636380244311535e-02 1.5145271329226059e-01 1.5449631641311344e+01 37
1 0 1 1 2.9479786090303817e-02 2.2718784788839378e-02 9.5231467511018564e-01 9.4616380244311529e-02 1.5134144726626420e-01 1.5484131993843450e+01 37
1 0 1 1 2.9548486927708020e-02 2.2758095220854670e-02 9.5231517236670671e-01 9.4596380244311523e-02 1.5122925200151052e-01 1.5517896462782319e+01 37
1 0 1 1 3.2489295543215356e-02 2.4349228267067466e-02 9.5331269728143120e-01 9.3116380244311528e-02 1.4162164483863790e-01 1.7193278815268616e+01 37
1 0 0 1 3.3974092168015696e-02 2.5061220132302105e-02 9.5495751279935781e-01 9.1636380244311533e-02 1.3076483987847767e-01 1.8347253941235046e+01 37
1 0 0 1 3.4904912951208622e-02 2.5450191397548668e-02 9.5684674151577542e-01 9.0156380244311538e-02 1.1911638318467259e-01 1.9331619684430720e+01 37
1 0 0 1 3.5504777074579906e-02 2.5651707947108724e-02 9.5888160063746386e-01 8.8676380244311542e-02 1.0678852268098868e-01 2.0230743395375768e+01 37
1 0 0 1 3.5872302023573908e-02 2.5725725327178164e-02 9.6101630481266209e-01 8.7196380244311547e-02 9.3821407584629063e-02 2.1081858883669518e+01 36
1 1 0 1 3.6061976373740132e-02 2.5704657497125579e-02 9.6322597538602650e-01 8.5716380244311552e-02 8.0223022483111070e-02 2.1905723288848382e+01 36
1 1 0 1 3.6108006518124257e-02 2.5608740548815255e-02 9.6549372766278208e-01 8.4236380244311557e-02 6.5984040992116341e-02 2.2715963181480337e+01 36
1 1 0 1 3.6033261685166851e-02 2.5451616672506748e-02 9.6780686941577243e-01 8.2756380244311561e-02 5.1082549723535778e-02 2.3522618682644204e+01 36
1 1 0 1 3.5854652763209822e-02 2.5242516727273900e-02 9.7015681399796272e-01 8.1276380244311566e-02 3.5493004947038262e-02 2.4333851798611672e+01 35
1 1 0 1 3.5587462093141273e-02 2.4989833801644719e-02 9.7252992342950839e-01 7.9796380244311571e-02 1.9457350676994230e-02 2.5163736544071458e+01 35
1 1 0 1 3.5288449929437922e-02 2.4716647024859508e-02 9.7484870305314342e-01 7.8316380244311576e-02 7.1417262037654482e-03 2.6116045673450799e+01 34
1 1 0 1 3.5046789334849990e-02 2.4455337049245563e-02 9.7697193305399610e-01 7.6836380244311581e-02 2.6034356171440337e-03 2.7296056957238683e+01 33
1 1 0 1 3.4842496575208270e-02 2.4195786742505037e-02 9.7889293418549872e-01 7.5356380244311585e-02 1.0477037272293593e-03 2.8642930118271671e+01 32
1 1 0 1 3.4642623835523106e-02 2.3923479676111609e-02 9.8063074124899441e-01 7.3876380244311590e-02 4.3271116171162257e-04 3.0151376793941292e+01 32
1 1 0 1 3.4424313350078714e-02 2.3628378139252396e-02 9.8219982686681839e-01 7.2396380244311595e-02 1.7710473353042545e-04 3.1838893179195860e+01 31
1 1 0 1 3.4170115859427343e-02 2.3303612876408392e-02 9.8361134935040528e-01 7.0916380244311600e-02 7.0551345837333010e-05 3.3732976281447179e+01 31
1 1 0 1 3.3866700651914876e-02 2.2943776038447241e-02 9.8487713985569125e-01 6.9436380244311605e-02 2.7003209078863003e-05 3.5872388726767348e+01 30
1 1 0 1 3.3502865394507753e-02 2.2544283755648761e-02 9.8600871182770677e-01 6.7956380244311609e-02 9.8032111121323642e-06 3.8312715263866849e+01 30
1 1 0 1 3.3068312203902793e-02 2.2100856234387685e-02 9.8701494789811339e-01 6.6476380244311614e-02 3.3214864359503806e-06 4.1136762965395974e+01 29
1 1 0 1 3.2552064054102735e-02 2.1608190784392186e-02 9.8790262271570828e-01 6.4996380244311619e-02 1.0257582657360052e-06 4.4474390326787272e+01 29
1 1 0 1 3.2541801672671997e-02 2.1598697501623326e-02 9.8791774862213677e-01 6.4969366963271574e-02 1.0029215886193534e-06 4.4541254277710181e+01 28
