1 1 1 1 3.0404436937746172e-02 2.3034364059857836e-02 1.0000000000154166e+00 8.0910670311710453e-02 5.1310424178967386e-03 1.9822824867651271e+01 15
1 1 1 1 3.0397066985233177e-02 2.3031429737883091e-02 1.0000000000147777e+00 8.0921635333383604e-02 5.0648948983011075e-03 1.9812828514500403e+01 33
1 1 1 1 3.0389680699852113e-02 2.3028473550597582e-02 1.0000000000141580e+00 8.0932600355056755e-02 4.9984745839905540e-03 1.9802834790909689e+01 33
1 1 1 1 3.0382276284958081e-02 2.3025505812407074e-02 1.0000000000135563e+00 8.0943565376729906e-02 4.9317500787849329e-03 1.9792841517569009e+01 33
1 1 1 1 3.0374853709268221e-02 2.3022526498389477e-02 1.0000000000129723e+00 8.0954530398403057e-02 4.8647039192872528e-03 1.9782848773615790e+01 33
1 1 1 1 3.0367412941211886e-02 2.3019535583444304e-02 1.0000000000124056e+00 8.0965495420076208e-02 4.7973176016170328e-03 1.9772856641170865e+01 33
1 1 1 1 3.0359953948926380e-02 2.3016533042288654e-02 1.0000000000118558e+00 8.0976460441749359e-02 4.7295714937875709e-03 1.9762865205485220e+01 33
1 1 1 1 3.0352476700249376e-02 2.3013518849453230e-02 1.0000000000113229e+00 8.0987425463422510e-02 4.6614447383937331e-03 1.9752874555093729e+01 33
1 1 1 1 3.0344981162710012e-02 2.3010492979277958e-02 1.0000000000108062e+00 8.0998390485095662e-02 4.5929151442864564e-03 1.9742884781978017e+01 33
1 1 1 1 3.0337467303522585e-02 2.3007455405909122e-02 1.0000000000103053e+00 8.1009355506768813e-02 4.5239590656949279e-03 1.9732895981741549e+01 33
1 1 1 1 3.0329935089574874e-02 2.3004406103288941e-02 1.0000000000098199e+00 8.1020320528441964e-02 4.4545512669608607e-03 1.9722908253795467e+01 33
1 1 1 1 3.0322384487423602e-02 2.3001345045159400e-02 1.0000000000093496e+00 8.1031285550115115e-02 4.3846647707494303e-03 1.9712921701556780e+01 33
1 1 1 1 3.0314815463282720e-02 2.2998272205051455e-02 1.0000000000088944e+00 8.1042250571788266e-02 4.3142706872156492e-03 1.9702936432660582e+01 33
1 1 1 1 3.0307227983013777e-02 2.2995187556281129e-02 1.0000000000084535e+00 8.1053215593461417e-02 4.2433380211235232e-03 1.9692952559186207e+01 33
1 1 1 1 3.0299622012116893e-02 2.2992091071944110e-02 1.0000000000080269e+00 8.1064180615134568e-02 4.1718334533638888e-03 1.9682970197900385e+01 33
1 1 1 1 3.0291997515718854e-02 2.2988982724909780e-02 1.0000000000076141e+00 8.1075145636807719e-02 4.0997210925855995e-03 1.9672989470516029e+01 33
1 1 1 1 3.0284354458561782e-02 2.2985862487815187e-02 1.0000000000072147e+00 8.1086110658480870e-02 4.0269621918215259e-03 1.9663010503970479e+01 33
1 1 1 1 3.0276692804994159e-02 2.2982730333058535e-02 1.0000000000068288e+00 8.1097075680154021e-02 3.9535148239138998e-03 1.9653033430726367e+01 33
1 1 1 1 3.0269012518954044e-02 2.2979586232792591e-02 1.0000000000064555e+00 8.1108040701827172e-02 3.8793335081346511e-03 1.9643058389089507e+01 33
1 1 1 1 3.0261313563958524e-02 2.2976430158917319e-02 1.0000000000060949e+00 8.1119005723500323e-02 3.8043687788334381e-03 1.9633085523555845e+01 33
1 1 1 1 3.0253595903089833e-02 2.2973262083072588e-02 1.0000000000057465e+00 8.1129970745173474e-02 3.7285666846887167e-03 1.9623114985183488e+01 33
1 1 1 1 3.0245859498979632e-02 2.2970081976629975e-02 1.0000000000054103e+00 8.1140935766846625e-02 3.6518682044505047e-03 1.9613146931992489e+01 33
1 1 1 1 3.0238104313795165e-02 2.2966889810685332e-02 1.0000000000050857e+00 8.1151900788519776e-02 3.5742085615680483e-03 1.9603181529398856e+01 33
1 1 1 1 3.0230330309217308e-02 2.2963685556046238e-02 1.0000000000047726e+00 8.1162865810192927e-02 3.4955164154376623e-03 1.9593218950678022e+01 33
1 1 1 1 3.0222537446431202e-02 2.2960469183227916e-02 1.0000000000044706e+00 8.1173830831866078e-02 3.4157129011845090e-03 1.9583259377476448e+01 33
1 1 1 1 3.0214725686101260e-02 2.2957240662439427e-02 1.0000000000041795e+00 8.1184795853539229e-02 3.3347104816742286e-03 1.9573303000355430e+01 32
1 1 1 1 3.0206894988354101e-02 2.2953999963574036e-02 1.0000000000038991e+00 8.1195760875212381e-02 3.2524115650785111e-03 1.9563350019387322e+01 32
1 1 1 1 3.0199045312755447e-02 2.2950747056197533e-02 1.0000000000036291e+00 8.1206725896885532e-02 3.1687068266918550e-03 1.9553400644800590e+01 32
1 1 1 1 3.0191176618287373e-02 2.2947481909536101e-02 1.0000000000033691e+00 8.1217690918558683e-02 3.0834731539545884e-03 1.9543455097682642e+01 32
1 1 1 1 3.0183288863326684e-02 2.2944204492463142e-02 1.0000000000031191e+00 8.1228655940231834e-02 2.9965711059883556e-03 1.9533513610747761e+01 32
1 1 1 1 3.0175382005614461e-02 2.2940914773485383e-02 1.0000000000028784e+00 8.1239620961904985e-02 2.9078417397740185e-03 1.9523576429170092e+01 32
1 1 1 1 3.0167456002230090e-02 2.2937612720727679e-02 1.0000000000026472e+00 8.1250585983578136e-02 2.8171025989543116e-03 1.9513643811499300e+01 32
1 1 1 1 3.0159502014557658e-02 2.2934298301916952e-02 1.0000000000024252e+00 8.1261551005251287e-02 2.7241425785465853e-03 1.9503716030661668e+01 32
1 1 1 1 3.0151518989406188e-02 2.2930971484364682e-02 1.0000000000022122e+00 8.1272516026924438e-02 2.6287152552371771e-03 1.9493793375057344e+01 32
1 1 1 1 3.0143516714067186e-02 2.2927632234949487e-02 1.0000000000020077e+00 8.1283481048597589e-02 2.5305300833189642e-03 1.9483876149767440e+01 32
1 1 1 1 3.0135495142806324e-02 2.2924280520091194e-02 1.0000000000018117e+00 8.1294446070270740e-02 2.4292405577924273e-03 1.9473964677883156e+01 32
1 1 1 1 3.0127454229051356e-02 2.2920916305737348e-02 1.0000000000016238e+00 8.1305411091943891e-02 2.3244279619575548e-03 1.9464059301971773e+01 32
1 1 1 1 3.0119393925343161e-02 2.2917539557333527e-02 1.0000000000014440e+00 8.1316376113617042e-02 2.2155785041135610e-03 1.9454160385697705e+01 32
1 1 1 1 3.0111314183288777e-02 2.2914150239798984e-02 1.0000000000012719e+00 8.1327341135290193e-02 2.1020502287237837e-03 1.9444268315619492e+01 32
1 1 1 1 3.0103214953506444e-02 2.2910748317498123e-02 1.0000000000011076e+00 8.1338306156963344e-02 1.9830234911591246e-03 1.9434383503183941e+01 32
1 1 1 1 3.0095096185567011e-02 2.2907333754209652e-02 1.0000000000009504e+00 8.1349271178636495e-02 1.8574237663271931e-03 1.9424506386946671e+01 31
1 1 1 1 3.0086957827932474e-02 2.2903906513092698e-02 1.0000000000008005e+00 8.1360236200309646e-02 1.7237951874651159e-03 1.9414637435052356e+01 31
1 1 1 1 3.0078799827881347e-02 2.2900466556649717e-02 1.0000000000006577e+00 8.1371201221982797e-02 1.5800799089602420e-03 1.9404777148004392e+01 31
1 1 1 1 3.0070622131433442e-02 2.2897013846685486e-02 1.0000000000005216e+00 8.1382166243655948e-02 1.4232001606150685e-03 1.9394926061777067e+01 31
1 1 1 1 3.0062424683264262e-02 2.2893548344262118e-02 1.0000000000003919e+00 8.1393131265329099e-02 1.2481720477036048e-03 1.9385084751315336e+01 31
1 1 1 1 3.0054207426609348e-02 2.2890070009649054e-02 1.0000000000002689e+00 8.1404096287002251e-02 1.0458867259813846e-03 1.9375253834483047e+01 30
1 1 1 1 3.0045970303158941e-02 2.2886578802267722e-02 1.0000000000001521e+00 8.1415061308675402e-02 7.9577290740843337e-04 1.9365433976533541e+01 30
1 1 1 1 3.0037713252940860e-02 2.2883074680629948e-02 1.0000000000000413e+00 8.1426026330348553e-02 4.1949427210245127e-04 1.9355625895186755e+01 29
