1 1 1 1 1.4671811548768914e-03 1.4407901302539543e-03 9.9826317584835256e-01 8.5168260851091193e-02 2.2491457289642493e-02 3.4902865094468805e+00 24
1 1 1 1 1.4322737879804972e-03 1.4071754478299971e-03 9.9839264664045324e-01 8.5977425797518478e-02 2.1863570168879343e-02 3.4445026212991130e+00 24
1 1 1 1 1.4010840152478949e-03 1.3771214177740131e-03 9.9850748986085325e-01 8.6786590743945763e-02 2.1285580681207311e-02 3.4022189067895083e+00 24
1 1 1 1 1.3729996233848971e-03 1.3500437359634716e-03 9.9861012903080260e-01 8.7595755690373048e-02 2.0749687327173760e-02 3.3629031993233292e+00 24
1 1 1 1 1.3475541700511335e-03 1.3254934269509131e-03 9.9870243997841845e-01 8.8404920636800333e-02 2.0249858199507413e-02 3.3261447952730796e+00 24
1 1 1 1 1.3243544044471310e-03 1.3031033375113564e-03 9.9878594084026229e-01 8.9214085583227618e-02 1.9781074699149782e-02 3.2915945590559219e+00 24
1 1 1 1 1.3031129466122829e-03 1.2825915467175896e-03 9.9886182264226797e-01 9.0023250529654902e-02 1.9339495954704560e-02 3.2589912574688298e+00 24
1 1 1 1 1.2835762302501710e-03 1.2637191207250582e-03 9.9893108096413608e-01 9.0832415476082187e-02 1.8921807808689805e-02 3.2281040809388313e+00 24
1 1 1 1 1.2655429489441101e-03 1.2462920179909763e-03 9.9899453169075303e-01 9.1641580422509472e-02 1.8525307445851149e-02 3.1987460970203507e+00 24
1 1 1 1 1.2488392310654314e-03 1.2301469028933080e-03 9.9905286010533090e-01 9.2450745368936757e-02 1.8147696236849458e-02 3.1707572969362268e+00 24
1 1 1 1 1.2333207461760322e-03 1.2151452588484684e-03 9.9910664621164214e-01 9.3259910315364042e-02 1.7787005963982114e-02 3.1439999991991701e+00 24
1 1 1 1 1.2188783033167468e-03 1.2011753111141662e-03 9.9915637155369552e-01 9.4069075261791327e-02 1.7441654074413962e-02 3.1183666344567764e+00 23
1 1 1 1 1.2053928152246671e-03 1.1881313694887216e-03 9.9920246922911771e-01 9.4878240208218612e-02 1.7110099066475495e-02 3.0937465248410958e+00 23
1 1 1 1 1.1927802749731960e-03 1.1759288131729941e-03 9.9924529976086618e-01 9.5687405154645896e-02 1.6791114861028640e-02 3.0700549647269284e+00 23
1 1 1 1 1.1809595276335975e-03 1.1644917780172332e-03 9.9928518099874264e-01 9.6496570101073181e-02 1.6483585438791977e-02 3.0472134541598872e+00 23
1 1 1 1 1.1698628713505319e-03 1.1537542460080727e-03 9.9932239002041390e-01 9.7305735047500466e-02 1.6186531568533079e-02 3.0251532291763059e+00 23
1 1 1 1 1.1594339829042160e-03 1.1436600647844923e-03 9.9935716697459254e-01 9.8114899993927751e-02 1.5899116734884599e-02 3.0038165084393160e+00 23
1 1 1 1 1.1496171039454190e-03 1.1341567794202697e-03 9.9938972875527987e-01 9.8924064940355036e-02 1.5620544887667648e-02 2.9831466798385229e+00 23
1 1 1 1 1.1403627611828318e-03 1.1251985275432877e-03 9.9942026623848101e-01 9.9733229886782321e-02 1.5350114432436925e-02 2.9630942032581817e+00 23
1 1 1 1 1.1316294070292002e-03 1.1167452563242231e-03 9.9944894789945515e-01 1.0054239483320961e-01 1.5087207707656458e-02 2.9436159101754678e+00 23
1 1 1 1 1.1233789093787604e-03 1.1087601757360194e-03 9.9947592566623467e-01 1.0135155977963689e-01 1.4831249410526293e-02 2.9246711024039396e+00 23
1 1 1 1 1.1155825478859664e-03 1.1012127383542313e-03 9.9950133199132773e-01 1.0216072472606418e-01 1.4581759538478298e-02 2.9062271219885858e+00 23
1 1 1 1 1.1082060603455888e-03 1.0940722943883650e-03 9.9952529061583695e-01 1.0296988967249146e-01 1.4338246160894847e-02 2.8882487733545088e+00 23
1 1 1 1 1.1012233098077707e-03 1.0873128720470006e-03 9.9954791053656755e-01 1.0377905461891875e-01 1.4100288940863138e-02 2.8707069162678494e+00 23
1 1 1 1 1.0946053471334277e-03 1.0809092290327961e-03 9.9956929258565919e-01 1.0458821956534603e-01 1.3867472679086751e-02 2.8535719497580665e+00 23
1 1 1 1 1.0883344475751432e-03 1.0748411604130520e-03 9.9958952450474692e-01 1.0539738451177331e-01 1.3639460849375956e-02 2.8368212599946130e+00 23
1 1 1 1 1.0823904253453164e-03 1.0690893736750636e-03 9.9960868732972108e-01 1.0620654945820060e-01 1.3415926503939940e-02 2.8204324392310807e+00 23
1 1 1 1 1.0767519896857554e-03 1.0636345635411681e-03 9.9962685692709130e-01 1.0701571440462788e-01 1.3196538060101357e-02 2.8043820261591650e+00 22
1 1 1 1 1.0714054624978145e-03 1.0584618956992957e-03 9.9964409913612018e-01 1.0782487935105517e-01 1.2981033504354370e-02 2.7886528492840150e+00 22
1 1 1 1 1.0663330546907858e-03 1.0535548831038927e-03 9.9966047758867083e-01 1.0863404429748245e-01 1.2769120182505925e-02 2.7732243125409011e+00 22
1 1 1 1 1.0615162047567562e-03 1.0488987684824042e-03 9.9967604999291859e-01 1.0944320924390974e-01 1.2560531035149057e-02 2.7580779844097871e+00 22
1 1 1 1 1.0569472023045478e-03 1.0444823536305771e-03 9.9969086676033603e-01 1.1025237419033702e-01 1.2355053309813815e-02 2.7432003488102725e+00 22
1 1 1 1 1.0526131306393927e-03 1.0402937882199258e-03 9.9970497598630537e-01 1.1106153913676431e-01 1.2152460609115836e-02 2.7285763040681719e+00 22
1 1 1 1 1.0485015030929775e-03 1.0363217706589164e-03 9.9971842230839791e-01 1.1187070408319159e-01 1.1952533259102897e-02 2.7141912291158987e+00 22
1 1 1 1 1.0445995012761137e-03 1.0325552725535334e-03 9.9973124740415487e-01 1.1267986902961888e-01 1.1755053731676937e-02 2.7000305887741196e+00 22
1 1 1 1 1.0409058242803577e-03 1.0289885242218233e-03 9.9974348569536620e-01 1.1348903397604616e-01 1.1559883077473188e-02 2.6860870211682322e+00 22
1 1 1 1 1.0374049974231283e-03 1.0256098446511847e-03 9.9975517492583321e-01 1.1429819892247345e-01 1.1366789430091536e-02 2.6723445233055410e+00 22
1 1 1 1 1.0340880114966141e-03 1.0224118102813845e-03 9.9976634687820465e-01 1.1510736386890073e-01 1.1175604009790781e-02 2.6587929131288699e+00 22
1 1 1 1 1.0309495616009593e-03 1.0193873787345531e-03 9.9977703122949402e-01 1.1591652881532802e-01 1.0986161216962071e-02 2.6454222970477193e+00 22
1 1 1 1 1.0279827912627619e-03 1.0165298709205225e-03 9.9978725570088267e-01 1.1672569376175530e-01 1.0798298295493248e-02 2.6322230795794970e+00 22
1 1 1 1 1.0251811230096426e-03 1.0138329544860946e-03 9.9979704619617205e-01 1.1753485870818259e-01 1.0611854985460393e-02 2.6191859718011394e+00 22
1 1 1 1 1.0225383253641813e-03 1.0112906285778510e-03 9.9980642692979393e-01 1.1834402365460987e-01 1.0426673161144637e-02 2.6063019985735187e+00 22
1 1 1 1 1.0200474362602268e-03 1.0088972098838776e-03 9.9981542054522765e-01 1.1915318860103716e-01 1.0242596449769849e-02 2.5935625044845763e+00 22
1 1 1 1 1.0177029444350099e-03 1.0066473199152866e-03 9.9982404822460758e-01 1.1996235354746444e-01 1.0059469825724424e-02 2.5809591584409652e+00 22
1 1 1 1 1.0155015328919799e-03 1.0045366160285946e-03 9.9983232931596955e-01 1.2077151849389173e-01 9.8771491535038294e-03 2.5684847609553025e+00 22
1 1 1 1 1.0134419169347867e-03 1.0025622685481868e-03 9.9984028122324620e-01 1.2158068344031901e-01 9.6955062356621317e-03 2.5561335956731570e+00 22
1 1 1 1 1.0115131858398094e-03 1.0007174842602510e-03 9.9984792285928636e-01 1.2238984838674630e-01 9.5143559124417736e-03 2.5438956987901382e+00 22
1 1 1 1 1.0097131955229066e-03 9.9899901261309913e-04 9.9985526995954410e-01 1.2319901333317358e-01 9.3335562834443858e-03 2.5317649571481118e+00 22
1 1 1 1 1.0080439203024242e-03 9.9740551727794404e-04 9.9986233643592470e-01 1.2400817827960087e-01 9.1529837818218242e-03 2.5197369157583678e+00 22
1 1 1 1 1.0064911990597799e-03 9.9592980525634511e-04 9.9986913866382965e-01 1.2481734322602815e-01 8.9724349177743648e-03 2.5078015698043035e+00 22
1 1 1 1 1.0050649553281217e-03 9.9457361792366721e-04 9.9987568748524280e-01 1.2562650817245544e-01 8.7918117814397862e-03 2.4959571365307038e+00 22
1 1 1 1 1.0037485242253873e-03 9.9332890017360311e-04 9.9988199816205769e-01 1.2643567311888271e-01 8.6108880440523821e-03 2.4841931084925966e+00 22
1 1 1 1 1.0025528038885361e-03 9.9219835084700977e-04 9.9988807996701501e-01 1.2724483806530998e-01 8.4295598172376782e-03 2.4725081157375253e+00 21
1 1 1 1 1.0014634708458948e-03 9.9117490432201099e-04 9.9989394628866968e-01 1.2805400301173725e-01 8.2475970862024069e-03 2.4608928066008500e+00 21
1 1 1 1 1.0004855471927913e-03 9.9025908571726429e-04 9.9989960642978271e-01 1.2886316795816452e-01 8.0648487296908142e-03 2.4493437866285341e+00 21
1 1 1 1 9.9961537478493131e-04 9.8944819232800615e-04 9.9990507067956924e-01 1.2967233290459179e-01 7.8811137600732998e-03 2.4378551580729848e+00 21
1 1 1 1 9.9884671095930213e-04 9.8873889880159572e-04 9.9991034903909237e-01 1.3048149785101906e-01 7.6961709942074312e-03 2.4264207234019000e+00 21
1 1 1 1 9.9818452246054883e-04 9.8813207366544751e-04 9.9991544944510169e-01 1.3129066279744633e-01 7.5098289606904513e-03 2.4150368639077016e+00 21
1 1 1 1 9.9762445777498709e-04 9.8762477298445432e-04 9.9992038091049817e-01 1.3209982774387360e-01 7.3218361934166854e-03 2.4036975757701979e+00 21
1 1 1 1 9.9716149869233210e-04 9.8721479422699508e-04 9.9992515172107421e-01 1.3290899269030088e-01 7.1319283798915514e-03 2.3923974090784399e+00 21
1 1 1 1 9.9679744684382735e-04 9.8690142944294658e-04 9.9992976928537769e-01 1.3371815763672815e-01 6.9398315685129542e-03 2.3811316673277134e+00 21
1 1 1 1 9.9653422781952701e-04 9.8668540832751628e-04 9.9993424029229971e-01 1.3452732258315542e-01 6.7452556049600364e-03 2.3698960767947490e+00 21
1 1 1 1 9.9636681433430013e-04 9.8656356986169232e-04 9.9993857230298067e-01 1.3533648752958269e-01 6.5478371473973737e-03 2.3586847377882521e+00 21
1 1 1 1 9.9629302240881274e-04 9.8653516276343031e-04 9.9994277181756974e-01 1.3614565247600996e-01 6.3471948467051483e-03 2.3474927803634005e+00 21
1 0 1 1 9.9631378944820426e-04 9.8659954517934080e-04 9.9994684503974918e-01 1.3695481742243723e-01 6.1428975992522256e-03 2.3363153072526570e+00 21
1 0 1 1 9.9643132805704473e-04 9.8675783047559367e-04 9.9995079752086580e-01 1.3776398236886450e-01 5.9344675828292533e-03 2.3251476708896104e+00 21
1 0 1 1 9.9664302755679622e-04 9.8700835300744982e-04 9.9995463526158423e-01 1.3857314731529177e-01 5.7213259916876792e-03 2.3139845054454944e+00 21
1 0 1 1 9.9694721849770277e-04 9.8735035490625164e-04 9.9995836378519642e-01 1.3938231226171904e-01 5.5028072028724473e-03 2.3028206817813319e+00 21
1 0 1 1 9.9734347364649175e-04 9.8778365219490778e-04 9.9996198827455307e-01 1.4019147720814631e-01 5.2781296299254203e-03 2.2916511036344831e+00 21
1 0 1 1 9.9783284969550117e-04 9.8830837628540846e-04 9.9996551366452036e-01 1.4100064215457359e-01 5.0463579944920586e-03 2.2804705863380610e+00 21
1 0 1 1 9.9841818483042098e-04 9.8892628639326739e-04 9.9996894446593643e-01 1.4180980710100086e-01 4.8063633660930484e-03 2.2692736784771510e+00 21
1 0 1 1 9.9909644951584674e-04 9.8963563778415361e-04 9.9997228560755347e-01 1.4261897204742813e-01 4.5567128706284826e-03 2.2580549741975919e+00 22
1 0 1 1 9.9986647965141415e-04 9.9043669175798805e-04 9.9997554149922363e-01 1.4342813699385540e-01 4.2956046317156570e-03 2.2468089672582989e+00 23
1 0 1 1 1.0007304664012681e-03 9.9133010843862170e-04 9.9997871635652080e-01 1.4423730194028267e-01 4.0206874301587231e-03 2.2355299405496862e+00 23
1 0 1 1 1.0016921508433786e-03 9.9231839384455057e-04 9.9998181408090803e-01 1.4504646688670994e-01 3.7287956316485976e-03 2.2242114216927282e+00 24
1 0 1 1 1.0027476655908294e-03 9.9339990956039711e-04 9.9998483891866652e-01 1.4585563183313721e-01 3.4154295293140745e-03 2.2128479018024945e+00 25
1 0 1 1 1.0038980624788828e-03 9.9457560268444547e-04 9.9998779468391530e-01 1.4666479677956448e-01 3.0738913018114825e-03 2.2014331112306489e+00 26
1 0 1 1 1.0051492082017194e-03 9.9584895801330792e-04 9.9999068492247023e-01 1.4747396172599175e-01 2.6933512080208953e-03 2.1899593223003917e+00 28
1 0 1 1 1.0064957619292513e-03 9.9721799781611847e-04 9.9999351349745658e-01 1.4828312667241902e-01 2.2539429217319986e-03 2.1784210659786734e+00 30
1 0 0 0 1.0079445965721289e-03 9.9868661948660626e-04 9.9999628378997962e-01 1.4909229161884630e-01 1.7107042073979410e-03 2.1668097065879270e+00 32
1 0 0 0 1.0094923068442643e-03 1.0002539636385537e-03 9.9999899936840109e-01 1.4990145656527357e-01 8.9001618119492038e-04 2.1551190278469514e+00 43
1 0 1 1 1.0095919065983758e-03 1.0003544792377306e-03 9.9999916543894762e-01 1.4995145656527356e-01 8.1293931114136207e-04 2.1543935784441155e+00 28
1 0 0 0 1.0096921940420068e-03 1.0004554483691295e-03 9.9999933131232954e-01 1.5000145656527356e-01 7.2779448515160414e-04 2.1536677462473977e+00 64
1 0 0 0 1.0097920795741296e-03 1.0005564366761198e-03 9.9999949700222202e-01 1.5005145656527355e-01 6.3131797791271017e-04 2.1529418372507916e+00 70
1 0 0 0 1.0098915383650125e-03 1.0006574442539852e-03 9.9999966250887351e-01 1.5010145656527354e-01 5.1720690059007396e-04 2.1522158508228055e+00 76
1 0 0 0 1.0099916357111983e-03 1.0007588743578236e-03 9.9999982782141084e-01 1.5015145656527354e-01 3.6947961921371262e-04 2.1514894940796472e+00 81
1 0 1 1 1.0100936786662049e-03 1.0008615799823105e-03 9.9999999291736885e-01 1.5020145656527353e-01 7.4948913438002660e-05 2.1507621494614098e+00 49
