isScalarized | massIncreased | isMonotoneInside | isMonotoneOutside | mass_Baryon | mass_ADM | AST(radius) | radius  |  phi_c | rho_c | ctr |
1 1 1 1 3.2998275475049889e-02 2.4704910105177218e-02 1.0000000000830489e+00 8.4501699999985608e-02 5.2877790648456744e-04 1.8693435046799120e+01 45
1 1 1 1 3.2998195749031664e-02 2.4704852351429017e-02 1.0000000003004221e+00 8.4501449999985614e-02 1.0056750173832614e-03 1.8693126477956639e+01 34
1 1 1 1 3.2998116019232866e-02 2.4704794595771656e-02 1.0000000005178098e+00 8.4501199999985621e-02 1.3202678210171499e-03 1.8692817941534773e+01 31
1 1 1 1 3.2998036285652954e-02 2.4704736838205496e-02 1.0000000007352121e+00 8.4500949999985628e-02 1.5731435758788985e-03 1.8692509437532721e+01 28
1 1 1 1 3.2997956548291713e-02 2.4704679078730026e-02 1.0000000009526286e+00 8.4500699999985635e-02 1.7906431857031336e-03 1.8692200965947837e+01 26
1 1 1 1 3.2996608403413438e-02 2.4703702646556025e-02 1.0000000046291788e+00 8.4496474964985635e-02 3.9450181219718768e-03 1.8686992654569174e+01 22
1 1 1 1 3.2995259244147451e-02 2.4702725717077198e-02 1.0000000083096663e+00 8.4492250141237388e-02 5.2824882868527032e-03 1.8681793852246777e+01 22
1 1 1 1 3.2993909068902892e-02 2.4701748289567400e-02 1.0000000119940966e+00 8.4488025528730332e-02 6.3427881625820089e-03 1.8676604548545672e+01 21
1 1 1 1 3.2992557876102134e-02 2.4700770363309966e-02 1.0000000156824751e+00 8.4483801127453892e-02 7.2485874965085286e-03 1.8671424732986718e+01 21
1 1 1 1 3.2983778092921530e-02 2.4694421780819306e-02 1.0000000396772752e+00 8.4456434343350040e-02 1.1486664541755901e-02 1.8638091436584190e+01 32
1 1 1 1 3.2974848429647624e-02 2.4687975085559817e-02 1.0000000641319715e+00 8.4428746515678998e-02 1.4548434246312558e-02 1.8604758270843384e+01 31
1 1 1 1 3.2965763775671834e-02 2.4681427073444003e-02 1.0000000890627339e+00 8.4400728404089020e-02 1.7078964405192569e-02 1.8571425262707137e+01 26
1 1 1 1 3.2956518779654789e-02 2.4674774389596352e-02 1.0000001144865218e+00 8.4372370333253954e-02 1.9288723300112883e-02 1.8538092354062886e+01 23
1 1 1 1 3.2947107852588892e-02 2.4668013531999090e-02 1.0000001404210852e+00 8.4343662221760873e-02 2.1278109804242263e-02 1.8504759462042152e+01 18
1 1 1 1 3.2937525185682749e-02 2.4661140865744058e-02 1.0000001668849232e+00 8.4314593655602010e-02 2.3104330634233044e-02 1.8471426587477250e+01 16
1 1 1 1 3.2927764714041671e-02 2.4654152598377138e-02 1.0000001938973953e+00 8.4285153796800016e-02 2.4803657023236964e-02 1.8438093731262065e+01 14
1 1 1 1 3.2917820101994795e-02 2.4647044770981182e-02 1.0000002214787715e+00 8.4255331360472474e-02 2.6400803985373589e-02 1.8404760894323903e+01 12
1 1 1 1 3.2907684727395373e-02 2.4639813248625221e-02 1.0000002496502873e+00 8.4225114590408989e-02 2.7913514012068860e-02 1.8371428077673183e+01 12
1 1 1 1 3.2897351664785184e-02 2.4632453710141680e-02 1.0000002784342028e+00 8.4194491232906454e-02 2.9355039446305818e-02 1.8338095282381566e+01 12
1 1 1 1 3.2886813667345451e-02 2.4624961637162802e-02 1.0000003078538655e+00 8.4163448508813188e-02 3.0735593091169557e-02 1.8304762509568725e+01 12
1 1 1 1 3.2876063147540630e-02 2.4617332302376126e-02 1.0000003379337785e+00 8.4131973083662548e-02 3.2063247255251524e-02 1.8271429760461128e+01 12
1 1 1 1 3.2865092156291714e-02 2.4609560756885963e-02 1.0000003686996739e+00 8.4100051035584766e-02 3.3344517761680938e-02 1.8238097036335986e+01 12
1 1 1 1 3.2853892360619460e-02 2.4601641816663397e-02 1.0000004001785909e+00 8.4067667821007663e-02 3.4584758175726725e-02 1.8204764338592280e+01 12
1 1 1 1 3.2842455019537184e-02 2.4593570047932039e-02 1.0000004323989617e+00 8.4034808237733349e-02 3.5788434609227496e-02 1.8171431668678697e+01 12
1 1 1 1 3.2830770958133200e-02 2.4585339751477739e-02 1.0000004653907024e+00 8.4001456385425943e-02 3.6959322556186509e-02 1.8138099028200855e+01 12
1 1 1 1 3.2818830539552701e-02 2.4576944945680506e-02 1.0000004991853124e+00 8.3967595622944147e-02 3.8100651232737509e-02 1.8104766418824823e+01 12
1 1 1 1 3.2806623634812265e-02 2.4568379348254760e-02 1.0000005338159821e+00 8.3933208522602110e-02 3.9215211591351488e-02 1.8071433842372350e+01 12
1 1 1 1 3.2794139590131575e-02 2.4559636356494000e-02 1.0000005693177079e+00 8.3898276820751461e-02 4.0305438623167641e-02 1.8038101300788981e+01 12
1 1 1 1 3.2781367191602025e-02 2.4550709025915284e-02 1.0000006057274191e+00 8.3862781364529682e-02 4.1373475073567770e-02 1.8004768796140350e+01 12
1 1 1 1 3.2768294626939927e-02 2.4541590047157801e-02 1.0000006430841142e+00 8.3826702054423274e-02 4.2421221477805610e-02 1.7971436330690764e+01 12
1 1 1 1 3.2754909443954747e-02 2.4532271720904775e-02 1.0000006814290088e+00 8.3790017782035486e-02 4.3450375973039919e-02 1.7938103906833195e+01 12
1 1 1 1 3.2741198505515649e-02 2.4522745930711170e-02 1.0000007208056971e+00 8.3752706362895946e-02 4.4462466345899135e-02 1.7904771527170070e+01 12
1 1 1 1 3.2727147940556596e-02 2.4513004113453758e-02 1.0000007612603283e+00 8.3714744463550095e-02 4.5458876120222105e-02 1.7871439194499622e+01 12
1 1 1 1 3.2712743090759812e-02 2.4503037227193929e-02 1.0000008028417977e+00 8.3676107522506038e-02 4.6440866008631551e-02 1.7838106911837677e+01 12
1 1 1 1 3.2697968452449620e-02 2.4492835716169326e-02 1.0000008456019560e+00 8.3636769664371891e-02 4.7409591723651015e-02 1.7804774682452635e+01 12
1 1 1 1 3.2682807613164298e-02 2.4482389472604435e-02 1.0000008895958388e+00 8.3596703606433398e-02 4.8366118904897622e-02 1.7771442509866930e+01 12
1 1 1 1 3.2667243182351986e-02 2.4471687795006219e-02 1.0000009348819163e+00 8.3555880556957396e-02 4.9311435739899226e-02 1.7738110397913072e+01 12
1 1 1 1 3.2651256715490740e-02 2.4460719342518575e-02 1.0000009815223692e+00 8.3514270104208643e-02 5.0246463732778364e-02 1.7704778350722645e+01 12
1 1 1 1 3.2634828630954973e-02 2.4449472084955463e-02 1.0000010295833888e+00 8.3471840095331484e-02 5.1172066970349393e-02 1.7671446372803324e+01 12
1 1 1 1 3.2617938118711345e-02 2.4437933247942443e-02 1.0000010791355107e+00 8.3428556503775397e-02 5.2089060171073336e-02 1.7638114469047927e+01 12
1 1 1 1 3.2600563039946288e-02 2.4426089252648848e-02 1.0000011302539800e+00 8.3384383284105190e-02 5.2998215739400216e-02 1.7604782644776137e+01 12
1 1 1 1 3.2582679816520882e-02 2.4413925649447717e-02 1.0000011830191531e+00 8.3339282212709864e-02 5.3900270008729580e-02 1.7571450905793025e+01 12
1 1 1 1 3.2564263309003617e-02 2.4401427044760803e-02 1.0000012375169458e+00 8.3293212712712172e-02 5.4795928823531889e-02 1.7538119258439590e+01 12
1 1 1 1 3.2545286681875715e-02 2.4388577020260652e-02 1.0000012938393257e+00 8.3246131661203704e-02 5.5685872584839625e-02 1.7504787709640432e+01 12
1 1 1 1 3.2525721254289590e-02 2.4375358043455704e-02 1.0000013520848594e+00 8.3197993176689744e-02 5.6570760863091811e-02 1.7471456266971963e+01 12
1 1 1 1 3.2505536334528538e-02 2.4361751368579414e-02 1.0000014123593217e+00 8.3148748384268945e-02 5.7451236667099219e-02 1.7438124938771949e+01 12
1 1 1 1 3.2484699035959332e-02 2.4347736926449183e-02 1.0000014747763726e+00 8.3098345155582981e-02 5.8327930450280938e-02 1.7404793734155138e+01 12
1 1 1 1 3.2463174072131742e-02 2.4333293201926728e-02 1.0000015394583128e+00 8.3046727820602628e-02 5.9201463916247164e-02 1.7371462663184008e+01 12
1 1 1 1 3.2440923528016079e-02 2.4318397097186483e-02 1.0000016065369288e+00 8.2993836847143704e-02 6.0072453692512399e-02 1.7338131736945009e+01 12
1 1 1 1 3.2417906604134926e-02 2.4303023778864910e-02 1.0000016761544390e+00 8.2939608483999505e-02 6.0941514926661208e-02 1.7304800967656846e+01 12
1 1 1 1 3.2394079329746826e-02 2.4287146506838182e-02 1.0000017484645569e+00 8.2883974362723434e-02 6.1809264858400263e-02 1.7271470368869000e+01 12
1 1 1 1 3.2369394240444362e-02 2.4270736441853281e-02 1.0000018236336869e+00 8.2826861051984335e-02 6.2676326425925605e-02 1.7238139955574901e+01 12
1 1 1 1 3.2343800015010735e-02 2.4253762428993013e-02 1.0000019018422732e+00 8.2768189557997696e-02 6.3543331955805943e-02 1.7204809744432886e+01 11
1 1 1 1 3.2317241065221151e-02 2.4236190753224741e-02 1.0000019832863274e+00 8.2707874762900785e-02 6.4410926995308440e-02 1.7171479753990884e+01 11
1 1 1 1 3.2289657071255418e-02 2.4217984862701481e-02 1.0000020681791577e+00 8.2645824791768657e-02 6.5279774346629169e-02 1.7138150004925766e+01 11
1 1 1 1 3.2260982454084874e-02 2.4199105054726038e-02 1.0000021567533384e+00 8.2581940297380391e-02 6.6150558366727175e-02 1.7104820520348714e+01 11
1 1 1 1 3.2231145774468770e-02 2.4179508118244600e-02 1.0000022492629530e+00 8.2516113649717060e-02 6.7023989605431489e-02 1.7071491326160722e+01 11
1 1 1 1 3.2200069046249592e-02 2.4159146925617079e-02 1.0000023459861620e+00 8.2448228014778496e-02 6.7900809863865694e-02 1.7038162451446862e+01 11
1 1 1 1 3.2167666949228006e-02 2.4137969964980705e-02 1.0000024472281466e+00 8.2378156304474121e-02 6.8781797766125891e-02 1.7004833928947008e+01 11
1 1 1 1 3.2133845923888113e-02 2.4115920802755670e-02 1.0000025533244987e+00 8.2305759975713294e-02 6.9667774953017292e-02 1.6971505795622406e+01 11
1 1 1 1 3.2098503126536435e-02 2.4092937463664622e-02 1.0000026646451352e+00 8.2230887652373963e-02 7.0559613026893786e-02 1.6938178093305357e+01 11
1 1 1 1 3.2061525218881684e-02 2.4068951712968158e-02 1.0000027815988333e+00 8.2153373538532026e-02 7.1458241399787528e-02 1.6904850869464784e+01 11
1 1 1 1 3.2022786960385421e-02 2.4043888222283014e-02 1.0000029046385075e+00 8.2073035584659504e-02 7.2364656227093899e-02 1.6871524178136585e+01 11
1 1 1 1 3.1982149564505506e-02 2.4017663596102752e-02 1.0000030342673698e+00 8.1989673360054971e-02 7.3279930649387703e-02 1.6838198080997540e+01 11
1 1 1 1 3.1939458771024901e-02 2.3990185230911273e-02 1.0000031710461526e+00 8.1903065574605333e-02 7.4205226610144892e-02 1.6804872648682085e+01 11
1 1 1 1 3.1894542575127395e-02 2.3961349972021390e-02 1.0000033156016122e+00 8.1812967179654417e-02 7.5141808581794603e-02 1.6771547962322128e+01 11
1 1 1 1 3.1847208539388799e-02 2.3931042524757994e-02 1.0000034686365842e+00 8.1719105961519489e-02 7.6091059607033606e-02 1.6738224115425819e+01 11
1 1 1 1 3.1797240595986993e-02 2.3899133565559321e-02 1.0000036309419285e+00 8.1621178519956372e-02 7.7054500164688844e-02 1.6704901216131162e+01 11
1 1 1 1 3.1744395222231422e-02 2.3865477484394739e-02 1.0000038034107881e+00 8.1518845497086323e-02 7.8033810497269207e-02 1.6671579389918168e+01 11
1 1 1 1 3.1688396840918648e-02 2.3829909671395873e-02 1.0000039870556974e+00 8.1411725887755859e-02 7.9030857203034210e-02 1.6638258782926972e+01 12
1 1 1 1 3.1628932255377738e-02 2.3792243236208953e-02 1.0000041830292137e+00 8.1299390217166423e-02 8.0047725116605295e-02 1.6604939565954528e+01 12
1 1 1 1 3.1565643874351228e-02 2.3752265016581259e-02 1.0000043926489379e+00 8.1181352313369287e-02 8.1086755786060741e-02 1.6571621939356845e+01 12
1 1 1 1 3.1498121408432195e-02 2.3709730689739503e-02 1.0000046174280308e+00 8.1057059324944392e-02 8.2150594239325733e-02 1.6538306139016303e+01 12
1 1 1 1 3.1425891621355312e-02 2.3664358742564711e-02 1.0000048591126491e+00 8.0925879532529388e-02 8.3242246242489326e-02 1.6504992443630385e+01 12
1 1 1 1 3.1348405585728545e-02 2.3615822978409695e-02 1.0000051197281554e+00 8.0787087367196087e-02 8.4365148944274840e-02 1.6471681183606005e+01 12
1 1 1 1 3.1265022709820706e-02 2.3563743131500652e-02 1.0000054016365048e+00 8.0639844866811583e-02 8.5523258743303313e-02 1.6438372751893141e+01 12
1 1 1 1 3.1174990549030012e-02 2.3507673012029929e-02 1.0000057076079643e+00 8.0483178555962098e-02 8.6721161514785580e-02 1.6405067617068934e+01 13
1 1 1 1 3.1077419063074641e-02 2.3447085399080424e-02 1.0000060409112908e+00 8.0315950402156805e-02 8.7964212137963099e-02 1.6371766339013224e+01 13
1 1 1 1 3.0971247483268433e-02 2.3381352608414674e-02 1.0000064054277902e+00 8.0136821046623924e-02 8.9258712809204860e-02 1.6338469587268985e+01 13
1 1 1 1 3.0855201249093710e-02 2.3309721250168461e-02 1.0000068057963363e+00 7.9944202887797994e-02 9.0612143231516271e-02 1.6305178161882111e+01 13
1 1 1 1 3.0727735462650854e-02 2.3231279100939143e-02 1.0000072475985289e+00 7.9736199747345610e-02 9.2033460958913862e-02 1.6271893015506105e+01 13
1 1 1 1 3.0586959852021943e-02 2.3144911162575211e-02 1.0000077375956224e+00 7.9510528697827654e-02 9.3533497692113027e-02 1.6238615273809717e+01 13
1 1 1 1 3.0430488455131341e-02 2.3049240742632503e-02 1.0000082840313627e+00 7.9264418090882971e-02 9.5125488350994672e-02 1.6205346247424782e+01 13
1 1 1 1 3.0255434232501058e-02 2.2942549592289401e-02 1.0000088970163650e+00 7.8994473832228906e-02 9.6825786055971044e-02 1.6172087421443042e+01 13
1 1 1 1 3.0058117535753767e-02 2.2822668531136445e-02 1.0000095890073697e+00 7.8696503546535984e-02 9.8654840459724710e-02 1.6138840394314826e+01 13
1 1 1 1 2.9833820959252501e-02 2.2686826268206544e-02 1.0000103753816927e+00 7.8365285845296895e-02 1.0063855328825516e-01 1.6105606710963155e+01 12
1 1 1 1 2.9576439958052553e-02 2.2531439001775361e-02 1.0000112750666996e+00 7.7994270764335849e-02 1.0281017962167972e-01 1.6072387483595392e+01 10
1 1 1 1 2.9277976744602176e-02 2.2351774399917330e-02 1.0000123113750989e+00 7.7575201253426707e-02 1.0521307096388088e-01 1.6039182000490189e+01 13
1 1 1 1 2.8927871484719488e-02 2.2141611853478307e-02 1.0000135116793141e+00 7.7097686963006673e-02 1.0790434726887893e-01 1.6005988738493777e+01 17
1 1 1 1 2.8512033697705670e-02 2.1892729093725735e-02 1.0000149054383907e+00 7.6548694173740328e-02 1.1096073074085470e-01 1.5972798761170775e+01 20
1 1 1 1 2.8011372204193322e-02 2.1594047947882014e-02 1.0000165194317543e+00 7.5912297582356597e-02 1.1448682716320026e-01 1.5939589705930810e+01 23
1 1 1 1 2.7401149176023779e-02 2.1230776530949950e-02 1.0000183625275518e+00 7.5170298633585986e-02 1.1862682824302855e-01 1.5906320148080738e+01 25
1 1 1 1 2.7080266648846808e-02 2.1039968872764925e-02 1.0000192636110021e+00 7.4794447140418052e-02 1.2075611925219550e-01 1.5891208816660287e+01 26
1 1 1 1 2.6752246099026628e-02 2.0845137869904409e-02 1.0000201265684616e+00 7.4420474904715955e-02 1.2290931250255031e-01 1.5877104295467289e+01 27
1 1 1 1 2.6416534377486044e-02 2.0645867626744349e-02 1.0000209416680867e+00 7.4048372530192377e-02 1.2509747721142306e-01 1.5863844524499546e+01 29
1 1 1 1 2.6072291990018277e-02 2.0441491561821311e-02 1.0000216992501620e+00 7.3678130667541419e-02 1.2733373563217021e-01 1.5851284444443035e+01 31
1 1 1 1 2.5718335752239349e-02 2.0231394625170842e-02 1.0000223849385779e+00 7.3309740014203706e-02 1.2963381507941782e-01 1.5839292542454739e+01 33
1 1 0 0 2.5463195289257730e-02 2.0082770036091623e-02 1.0000227096867589e+00 7.3052740014203713e-02 -1.3132939738208327e-01 1.5839260604329969e+01 52
1 1 0 0 2.5456164613495706e-02 2.0078605383112812e-02 1.0000227205810008e+00 7.3045740014203719e-02 -1.3137537776856015e-01 1.5839050030050005e+01 45
1 1 0 0 2.5451139449913153e-02 2.0075628698161697e-02 1.0000227283405705e+00 7.3040740014203714e-02 -1.3140824641457227e-01 1.5838899698162340e+01 69
1 1 0 0 2.5449128623893921e-02 2.0074437572159858e-02 1.0000227314392427e+00 7.3038740014203712e-02 -1.3142139984602944e-01 1.5838839583606900e+01 46
1 1 0 0 2.5448123047691375e-02 2.0073841912170775e-02 1.0000227329874722e+00 7.3037740014203711e-02 -1.3142797784416135e-01 1.5838809530220129e+01 53
1 1 0 0 2.5440074514474248e-02 2.0069074300350629e-02 1.0000227453466908e+00 7.3029740014203717e-02 -1.3148063268857010e-01 1.5838569196212307e+01 50
1 1 0 0 2.5439067956578767e-02 2.0068478056907202e-02 1.0000227468882590e+00 7.3028740014203716e-02 -1.3148721841084257e-01 1.5838539166063427e+01 46
1 1 1 1 2.5431011552624175e-02 2.0063705767110290e-02 1.0000227591940383e+00 7.3020740014203722e-02 1.3153993524984470e-01 1.5838299017230440e+01 46
1 1 1 1 2.5426980717896171e-02 2.0061318057369951e-02 1.0000227653290359e+00 7.3016740014203718e-02 1.3156631444164404e-01 1.5838179004151913e+01 57
1 1 1 1 2.5424964640842908e-02 2.0060123810386268e-02 1.0000227683920488e+00 7.3014740014203716e-02 1.3157950924820019e-01 1.5838119012884079e+01 44
1 1 0 0 2.5411849386706310e-02 2.0052354813100644e-02 1.0000227882284507e+00 7.3001740014203717e-02 -1.3166536055421887e-01 1.5837729316411021e+01 69
1 1 0 0 2.5410839746946745e-02 2.0051756737801955e-02 1.0000227897490563e+00 7.3000740014203716e-02 -1.3167197063165398e-01 1.5837699357391623e+01 49
1 1 0 0 2.5402758633597332e-02 2.0046969760402978e-02 1.0000228018866675e+00 7.2992740014203722e-02 -1.3172488294958604e-01 1.5837459775320466e+01 50
1 1 0 0 2.5399726381299489e-02 2.0045173553153574e-02 1.0000228064257586e+00 7.2989740014203719e-02 -1.3174473963965350e-01 1.5837369973182890e+01 73
1 1 0 0 2.5391635467011876e-02 2.0040380749311186e-02 1.0000228184965023e+00 7.2981740014203725e-02 -1.3179772984853813e-01 1.5837130609888831e+01 46
1 1 1 1 2.5382524626583823e-02 2.0034983754882711e-02 1.0000228320176041e+00 7.2972740014203730e-02 1.3185741203305215e-01 1.5836861514663536e+01 47
1 1 0 0 2.5381511749705994e-02 2.0034383755141157e-02 1.0000228335161119e+00 7.2971740014203729e-02 -1.3186404786395112e-01 1.5836831627444880e+01 53
1 1 0 0 2.5350056504552108e-02 2.0015750430348148e-02 1.0000228795859938e+00 7.2940740014203725e-02 -1.3207020722230500e-01 1.5835906323502360e+01 50
1 1 0 0 2.5323590107875209e-02 2.0000072187904321e-02 1.0000229176448188e+00 7.2914740014203727e-02 -1.3224379486999704e-01 1.5835132021852939e+01 47
1 1 0 0 2.5320531276917035e-02 1.9998260177007721e-02 1.0000229220017200e+00 7.2911740014203724e-02 -1.3226386471345697e-01 1.5835042780660450e+01 50
1 1 1 1 2.5319511434791955e-02 1.9997656035517314e-02 1.0000229234524243e+00 7.2910740014203723e-02 1.3227055653713829e-01 1.5835013038207904e+01 48
1 1 0 0 2.5315430905665768e-02 1.9995238779306018e-02 1.0000229292472469e+00 7.2906740014203719e-02 -1.3229733322975415e-01 1.5834894091394155e+01 52
1 1 1 1 2.5297045452718374e-02 1.9984347404525926e-02 1.0000229551648945e+00 7.2888740014203715e-02 1.3241801548877769e-01 1.5834359282547773e+01 51
1 1 1 1 2.5290908537819918e-02 1.9980711932030014e-02 1.0000229637459326e+00 7.2882740014203709e-02 1.3245831143458925e-01 1.5834181175670041e+01 45
1 1 1 1 2.5289885307065756e-02 1.9980105775129514e-02 1.0000229651732628e+00 7.2881740014203708e-02 1.3246503077742622e-01 1.5834151499033487e+01 51
1 1 1 1 2.5286814907962796e-02 1.9978286884000929e-02 1.0000229694503693e+00 7.2878740014203705e-02 1.3248519456631924e-01 1.5834062482522489e+01 46
1 1 1 1 2.5285791205775700e-02 1.9977680446692160e-02 1.0000229708744417e+00 7.2877740014203704e-02 1.3249191775180238e-01 1.5834032814810611e+01 60
1 1 0 0 2.5269395878718567e-02 1.9967967877889785e-02 1.0000229935483194e+00 7.2861740014203702e-02 -1.3259962010508078e-01 1.5833558432478720e+01 47
1 1 0 0 2.5264266102921970e-02 1.9964928990681099e-02 1.0000230005907487e+00 7.2856740014203697e-02 -1.3263332808870035e-01 1.5833410303316777e+01 53
1 1 0 0 2.5262213357746709e-02 1.9963712939178441e-02 1.0000230034019382e+00 7.2854740014203695e-02 -1.3264681812110926e-01 1.5833351066901818e+01 45
1 1 1 1 2.5258106433424122e-02 1.9961279983153779e-02 1.0000230090143816e+00 7.2850740014203691e-02 1.3267380994221228e-01 1.5833232620111115e+01 58
1 1 0 0 2.5253997593745060e-02 1.9958845887736380e-02 1.0000230146135498e+00 7.2846740014203687e-02 -1.3270081747772963e-01 1.5833114207913988e+01 44
1 1 0 0 2.5250914704574440e-02 1.9957019566973190e-02 1.0000230188041941e+00 7.2843740014203684e-02 -1.3272108347046041e-01 1.5833025421377574e+01 52
1 1 1 1 2.5242688375135557e-02 1.9952146230306975e-02 1.0000230299425377e+00 7.2835740014203690e-02 1.3277516961552888e-01 1.5832788751514613e+01 71
1 1 0 0 2.5239601512262008e-02 1.9950317545595307e-02 1.0000230341056104e+00 7.2832740014203687e-02 -1.3279546828914709e-01 1.5832700035472067e+01 49
1 1 1 1 2.5239601512262008e-02 1.9950317545595304e-02 1.0000230341056104e+00 7.2832740014203687e-02 1.3279546828914712e-01 1.5832700035472065e+01 53
1 1 1 1 2.5238572316321504e-02 1.9949707840264515e-02 1.0000230354916237e+00 7.2831740014203686e-02 1.3280223650383624e-01 1.5832670467700318e+01 51
1 1 0 0 2.5220026046555707e-02 1.9938720803795950e-02 1.0000230602957469e+00 7.2813740014203682e-02 -1.3292423547392920e-01 1.5832138607566273e+01 45
1 1 1 1 2.5218994541697654e-02 1.9938109724806263e-02 1.0000230616657135e+00 7.2812740014203681e-02 1.3293102274851593e-01 1.5832109079617242e+01 51
1 1 0 0 2.5217962914658752e-02 1.9937498573124168e-02 1.0000230630348299e+00 7.2811740014203680e-02 -1.3293781103388458e-01 1.5832079553740384e+01 54
1 1 0 0 2.5216931165372547e-02 1.9936887348709739e-02 1.0000230644030961e+00 7.2810740014203679e-02 -1.3294460033080463e-01 1.5832050029933312e+01 47
1 1 1 1 2.5213835183365087e-02 1.9935053238674730e-02 1.0000230685027858e+00 7.2807740014203676e-02 1.3296497429857068e-01 1.5831961470906970e+01 64
1 1 0 0 2.5204540614386598e-02 1.9929546968091127e-02 1.0000230807557531e+00 7.2798740014203681e-02 -1.3302615107564345e-01 1.5831695904823551e+01 61
1 1 1 1 2.5184885937324038e-02 1.9917903097795470e-02 1.0000231063945282e+00 7.2779740014203675e-02 1.3315557449416845e-01 1.5831135805492746e+01 46
1 1 0 0 2.5159994720828499e-02 1.9903156816993877e-02 1.0000231383319500e+00 7.2755740014203679e-02 -1.3331959227339554e-01 1.5830429337957369e+01 46
1 1 0 0 2.5158956017513428e-02 1.9902541454809988e-02 1.0000231396517110e+00 7.2754740014203678e-02 -1.3332643946832759e-01 1.5830399926230283e+01 49
1 1 1 1 2.5150641843593141e-02 1.9897615851294688e-02 1.0000231501779957e+00 7.2746740014203684e-02 1.3338125513709223e-01 1.5830164701782078e+01 52
1 1 1 1 2.5145441368830766e-02 1.9894534899697995e-02 1.0000231567281261e+00 7.2741740014203679e-02 1.3341554945863340e-01 1.5830017748756585e+01 56
1 1 1 1 2.5144400892935785e-02 1.9893918482683105e-02 1.0000231580354859e+00 7.2740740014203678e-02 1.3342241152171569e-01 1.5829988363863890e+01 48
1 1 1 1 2.5141278702076601e-02 1.9892068777476440e-02 1.0000231619522226e+00 7.2737740014203675e-02 1.3344300412338986e-01 1.5829900220566596e+01 58
1 1 0 0 2.5140237717159217e-02 1.9891452057543526e-02 1.0000231632560188e+00 7.2736740014203674e-02 -1.3344987046418669e-01 1.5829870843252936e+01 51
1 1 0 0 2.5112082716089064e-02 1.9874771810811754e-02 1.0000231981192922e+00 7.2709740014203675e-02 -1.3363566943575680e-01 1.5829078361639564e+01 53
1 1 0 0 2.5102676822919289e-02 1.9869199294524315e-02 1.0000232095938364e+00 7.2700740014203680e-02 -1.3369777887282255e-01 1.5828814498684228e+01 50
1 1 1 1 2.5085929183700256e-02 1.9859277094162499e-02 1.0000232298100560e+00 7.2684740014203678e-02 1.3380841645548527e-01 1.5828345767774854e+01 45
1 1 1 1 2.5083833371947903e-02 1.9858035416384118e-02 1.0000232323205194e+00 7.2682740014203676e-02 1.3382226616665963e-01 1.5828287208298105e+01 57
1 1 1 1 2.5076493886325747e-02 1.9853687077426317e-02 1.0000232410779959e+00 7.2675740014203682e-02 1.3387077540941003e-01 1.5828082305274403e+01 47
1 1 1 1 2.5043912346731971e-02 1.9834383660646753e-02 1.0000232793113519e+00 7.2644740014203679e-02 1.3408626823872602e-01 1.5827175888932292e+01 60
1 1 0 0 2.5036537432176341e-02 1.9830014234055868e-02 1.0000232878193238e+00 7.2637740014203686e-02 -1.3413508013835024e-01 1.5826971437585962e+01 53
1 1 0 0 2.5035483333702563e-02 1.9829389709277275e-02 1.0000232890309455e+00 7.2636740014203685e-02 -1.3414205789268338e-01 1.5826942236834453e+01 48
1 1 1 1 2.5025990360315799e-02 1.9823765362982658e-02 1.0000232998926000e+00 7.2627740014203690e-02 1.3420490995821791e-01 1.5826679503483961e+01 51
1 1 0 0 2.5024934907663585e-02 1.9823140032143086e-02 1.0000233010946677e+00 7.2626740014203689e-02 -1.3421189934661826e-01 1.5826650318999398e+01 46
1 1 0 0 2.4997445210217496e-02 1.9806852900744694e-02 1.0000233320099892e+00 7.2600740014203691e-02 -1.3439403635970817e-01 1.5825892080853158e+01 45
1 1 0 0 2.4991088237761722e-02 1.9803086476805766e-02 1.0000233390510516e+00 7.2594740014203685e-02 -1.3443618191661533e-01 1.5825717252820015e+01 48
1 1 0 0 2.4978359314279143e-02 1.9795544712575112e-02 1.0000233530272498e+00 7.2582740014203687e-02 -1.3452060273730437e-01 1.5825367761372670e+01 45
1 1 0 0 2.4975173949473708e-02 1.9793657405952084e-02 1.0000233564991281e+00 7.2579740014203684e-02 -1.3454173511850473e-01 1.5825280422393087e+01 55
1 1 0 0 2.4970924838797554e-02 1.9791139831793467e-02 1.0000233611144449e+00 7.2575740014203680e-02 -1.3456992862347700e-01 1.5825163991269124e+01 45
1 1 0 0 2.4954970657719153e-02 1.9781687013392828e-02 1.0000233782801740e+00 7.2560740014203678e-02 -1.3467582830679495e-01 1.5824727584000845e+01 46
1 1 0 0 2.4951776011726084e-02 1.9779794181782356e-02 1.0000233816863371e+00 7.2557740014203675e-02 -1.3469704141738054e-01 1.5824640341706210e+01 52
1 1 0 0 2.4915480303607178e-02 1.9758288679708920e-02 1.0000234196535307e+00 7.2523740014203669e-02 -1.3493824057955323e-01 1.5823652478791649e+01 46
1 1 0 0 2.4899414495166795e-02 1.9748769409279616e-02 1.0000234360277931e+00 7.2508740014203668e-02 -1.3504511658208332e-01 1.5823217155666530e+01 51
1 1 0 0 2.4887612017171681e-02 1.9741776177771068e-02 1.0000234478872903e+00 7.2497740014203671e-02 -1.3512367612175311e-01 1.5822898104981892e+01 50
1 1 0 0 2.4877942200989375e-02 1.9736046558979176e-02 1.0000234574964360e+00 7.2488740014203676e-02 -1.3518806892074942e-01 1.5822637177855471e+01 50
1 1 1 1 2.4866107242100109e-02 1.9729033991091341e-02 1.0000234691251451e+00 7.2477740014203679e-02 1.3526691524185913e-01 1.5822318403522056e+01 58
1 1 0 0 2.4859644212533959e-02 1.9725204431178610e-02 1.0000234754140664e+00 7.2471740014203673e-02 -1.3530998958286994e-01 1.5822144588711751e+01 52
1 1 0 0 2.4845622463488318e-02 1.9716896027114059e-02 1.0000234889083677e+00 7.2458740014203674e-02 -1.3540348156797941e-01 1.5821768136865016e+01 45
1 1 1 1 2.4834819149019610e-02 1.9710494616163133e-02 1.0000234991651464e+00 7.2448740014203677e-02 1.3547555267813519e-01 1.5821478692177529e+01 46
1 1 1 1 2.4825083172712502e-02 1.9704725611227016e-02 1.0000235083037818e+00 7.2439740014203682e-02 1.3554053236344030e-01 1.5821218288735741e+01 48
1 1 0 0 2.4787102611647849e-02 1.9682220088997997e-02 1.0000235429996689e+00 7.2404740014203689e-02 -1.3579428916920019e-01 1.5820206440382361e+01 55
1 1 0 0 2.4784926544071266e-02 1.9680930636278276e-02 1.0000235449413344e+00 7.2402740014203687e-02 -1.3580884107218505e-01 1.5820148658793798e+01 52
1 1 0 0 2.4782749849408255e-02 1.9679640810255083e-02 1.0000235468785317e+00 7.2400740014203685e-02 -1.3582339860692977e-01 1.5820090881195402e+01 45
1 1 1 1 2.4732510801812504e-02 1.9649870594309914e-02 1.0000235901861705e+00 7.2354740014203681e-02 1.3615979904592357e-01 1.5818763043010446e+01 45
1 1 1 1 2.4728126139990633e-02 1.9647272326278827e-02 1.0000235938376176e+00 7.2350740014203677e-02 1.3618919629714152e-01 1.5818647668414311e+01 46
1 1 0 0 2.4728126139990630e-02 1.9647272326278824e-02 1.0000235938376176e+00 7.2350740014203677e-02 -1.3618919629714155e-01 1.5818647668414309e+01 47
1 1 1 1 2.4699543248510016e-02 1.9630258101097735e-02 1.0000236182941922e+00 7.2324740014203678e-02 1.3638098689747705e-01 1.5817897549560698e+01 49
1 1 0 0 2.4688517705847911e-02 1.9623685344167818e-02 1.0000236276391647e+00 7.2314740014203682e-02 -1.3645503956567051e-01 1.5817609118570971e+01 55
1 1 0 0 2.4681894374166801e-02 1.9619736931383767e-02 1.0000236331892431e+00 7.2308740014203676e-02 -1.3649954422168425e-01 1.5817436095333884e+01 55
1 1 0 0 2.4671948050370519e-02 1.9613807580143021e-02 1.0000236414338455e+00 7.2299740014203681e-02 -1.3656640471164611e-01 1.5817176608416716e+01 66
1 1 1 1 2.4663095400033988e-02 1.9608530226066470e-02 1.0000236486808085e+00 7.2291740014203687e-02 1.3662594125443517e-01 1.5816946000010049e+01 45
1 1 0 0 2.4650905253481632e-02 1.9601263312685059e-02 1.0000236585191546e+00 7.2280740014203690e-02 -1.3670796672402732e-01 1.5816628981978724e+01 43
1 1 0 0 2.4648686643458224e-02 1.9599940736353447e-02 1.0000236602921599e+00 7.2278740014203688e-02 -1.3672290081785035e-01 1.5816571350567530e+01 52
1 1 0 0 2.4646467347931262e-02 1.9598617752578176e-02 1.0000236620602903e+00 7.2276740014203686e-02 -1.3673784120857324e-01 1.5816513721623949e+01 48
1 1 0 0 2.4644247365892338e-02 1.9597294360760294e-02 1.0000236638235385e+00 7.2274740014203684e-02 -1.3675278790769016e-01 1.5816456095121898e+01 49
1 1 0 0 2.4633137122536963e-02 1.9590671259953927e-02 1.0000236725662892e+00 7.2264740014203688e-02 -1.3682761643355304e-01 1.5816167998318875e+01 48
1 1 0 0 2.4629800678826301e-02 1.9588682326273196e-02 1.0000236751651410e+00 7.2261740014203685e-02 -1.3685009601777709e-01 1.5816081580562720e+01 49
1 1 0 0 2.4623123102325818e-02 1.9584701671882653e-02 1.0000236803294922e+00 7.2255740014203679e-02 -1.3689509839608702e-01 1.5815908760111538e+01 48
1 1 0 0 2.4622009563557597e-02 1.9584037867307180e-02 1.0000236811858831e+00 7.2254740014203678e-02 -1.3690260441093260e-01 1.5815879958616732e+01 47
1 1 0 0 2.4613094962390183e-02 1.9578723691554379e-02 1.0000236879922619e+00 7.2246740014203684e-02 -1.3696271058629036e-01 1.5815649565743726e+01 48
1 1 0 0 2.4592995941139000e-02 1.9566742327177405e-02 1.0000237030137629e+00 7.2228740014203680e-02 -1.3709833000448260e-01 1.5815131298780175e+01 62
1 1 0 0 2.4585164132766287e-02 1.9562073681948615e-02 1.0000237087450359e+00 7.2221740014203686e-02 -1.3715121463829313e-01 1.5814929791017962e+01 48
1 1 1 1 2.4580684882275421e-02 1.9559403548043038e-02 1.0000237119920814e+00 7.2217740014203682e-02 1.3718147089815041e-01 1.5814814653184595e+01 46
1 1 0 0 2.4560492610060145e-02 1.9547366760145152e-02 1.0000237263502139e+00 7.2199740014203678e-02 -1.3731795527614374e-01 1.5814296611482783e+01 53
1 1 0 0 2.4554873222356808e-02 1.9544017013070319e-02 1.0000237302644364e+00 7.2194740014203673e-02 -1.3735596460480071e-01 1.5814152732026082e+01 47
1 1 0 0 2.4541368034763311e-02 1.9535966531664506e-02 1.0000237395258544e+00 7.2182740014203675e-02 -1.3744736097042359e-01 1.5813807454445408e+01 45
1 1 0 0 2.4534605504639890e-02 1.9531935385592763e-02 1.0000237440858852e+00 7.2176740014203669e-02 -1.3749315193086589e-01 1.5813634831723501e+01 83
1 1 1 1 2.4526707459240515e-02 1.9527227373604114e-02 1.0000237493459829e+00 7.2169740014203676e-02 1.3754665351402487e-01 1.5813433450737197e+01 50
1 1 1 1 2.4523319792889159e-02 1.9525207996205066e-02 1.0000237515804686e+00 7.2166740014203673e-02 1.3756960887323869e-01 1.5813347148331880e+01 58
1 1 0 0 2.4493889233541490e-02 1.9507664658455302e-02 1.0000237704426278e+00 7.2140740014203675e-02 -1.3776921914456372e-01 1.5812599271556611e+01 51
1 1 0 0 2.4483671860897255e-02 1.9501574212539376e-02 1.0000237767594389e+00 7.2131740014203680e-02 -1.3783859574620008e-01 1.5812340416164236e+01 48
1 1 1 1 2.4462050668440281e-02 1.9488686187917065e-02 1.0000237897310893e+00 7.2112740014203675e-02 1.3798553995420032e-01 1.5811793968147956e+01 50
1 1 0 0 2.4444931664281980e-02 1.9478481932194525e-02 1.0000237996190784e+00 7.2097740014203673e-02 -1.3810201762222790e-01 1.5811362571458041e+01 51
1 1 0 0 2.4415153243144326e-02 1.9460731876853120e-02 1.0000238160089610e+00 7.2071740014203675e-02 -1.3830491229459824e-01 1.5810614796268208e+01 66
1 1 0 0 2.4393306066408105e-02 1.9447709568517199e-02 1.0000238273754114e+00 7.2052740014203670e-02 -1.3845399974838868e-01 1.5810068294726438e+01 46
1 1 0 0 2.4378315456887057e-02 1.9438774291718634e-02 1.0000238348505741e+00 7.2039740014203671e-02 -1.3855641289910947e-01 1.5809694331923824e+01 47
1 1 0 0 2.4366760416206185e-02 1.9431886859849420e-02 1.0000238404318653e+00 7.2029740014203675e-02 -1.3863541989819406e-01 1.5809406639137565e+01 62
1 1 0 0 2.4342426601761672e-02 1.9417382717241194e-02 1.0000238516688673e+00 7.2008740014203682e-02 -1.3880198870777716e-01 1.5808802382037369e+01 45
1 1 0 0 2.4338942721869261e-02 1.9415306169485853e-02 1.0000238532201489e+00 7.2005740014203679e-02 -1.3882585744528358e-01 1.5808716046560995e+01 50
1 1 1 1 2.4324987949475883e-02 1.9406988540973329e-02 1.0000238592889028e+00 7.1993740014203680e-02 1.3892151766707697e-01 1.5808370667443180e+01 58
1 1 0 0 2.4311002126629785e-02 1.9398652466929858e-02 1.0000238651378004e+00 7.1981740014203682e-02 -1.3901747712240450e-01 1.5808025223150377e+01 48
1 1 1 1 2.4281763804145397e-02 1.9381225536565939e-02 1.0000238766070173e+00 7.1956740014203685e-02 1.3921837038952500e-01 1.5807305304834760e+01 66
1 1 0 0 2.4262978361466785e-02 1.9370028990469471e-02 1.0000238834318191e+00 7.1940740014203683e-02 -1.3934764859388640e-01 1.5806844358861778e+01 49
1 1 0 0 2.4254741572260069e-02 1.9365119716739022e-02 1.0000238862893998e+00 7.1933740014203690e-02 -1.3940438419227399e-01 1.5806642640423760e+01 54
1 1 0 0 2.4250029831922600e-02 1.9362311445695366e-02 1.0000238878869732e+00 7.1929740014203686e-02 -1.3943685320749000e-01 1.5806527356904848e+01 51
1 0 0 0 2.4250029831922600e-02 1.9362311445695366e-02 1.0000238878869732e+00 7.1929740014203686e-02 -1.3943685320749002e-01 1.5806527356904844e+01 45
1 1 0 0 2.4244135013831814e-02 1.9358798052620155e-02 1.0000238898476390e+00 7.1924740014203681e-02 -1.3947748954398420e-01 1.5806383235739567e+01 46
1 1 0 0 2.4232328134184578e-02 1.9351761025709832e-02 1.0000238936472952e+00 7.1914740014203685e-02 -1.3955893026084845e-01 1.5806094935258168e+01 47
1 1 0 0 2.4225232898220459e-02 1.9347532212698002e-02 1.0000238958487366e+00 7.1908740014203679e-02 -1.3960790306266940e-01 1.5805921916139363e+01 49
1 1 0 0 2.4224049544611458e-02 1.9346826926959666e-02 1.0000238962099020e+00 7.1907740014203678e-02 -1.3961607314747645e-01 1.5805893076692268e+01 57
1 1 0 0 2.4219313795618244e-02 1.9344004397626516e-02 1.0000238976381048e+00 7.1903740014203674e-02 -1.3964877629582811e-01 1.5805777710361605e+01 45
1 1 1 1 2.4209831045787718e-02 1.9338352657165402e-02 1.0000239004152081e+00 7.1895740014203680e-02 1.3971429259964258e-01 1.5805546935677429e+01 45
1 1 0 0 2.4203896667697344e-02 1.9334815771005136e-02 1.0000239020969324e+00 7.1890740014203675e-02 -1.3975531524035958e-01 1.5805402672138367e+01 51
1 1 1 1 2.4192010106362620e-02 1.9327731425898442e-02 1.0000239053349933e+00 7.1880740014203678e-02 1.3983753495961879e-01 1.5805114074440322e+01 55
1 1 0 0 2.4190820137843447e-02 1.9327022212105627e-02 1.0000239056495603e+00 7.1879740014203677e-02 -1.3984576979963745e-01 1.5805085209344474e+01 48
1 1 0 0 2.4178907240219528e-02 1.9319922229014314e-02 1.0000239087022578e+00 7.1869740014203681e-02 -1.3992824788920685e-01 1.5804796503175279e+01 48
1 1 0 0 2.4170553835309666e-02 1.9314943704693398e-02 1.0000239107380213e+00 7.1862740014203688e-02 -1.3998612379865538e-01 1.5804594347302787e+01 45
1 1 0 0 2.4163384280317661e-02 1.9310670761444351e-02 1.0000239124162169e+00 7.1856740014203682e-02 -1.4003582510385690e-01 1.5804421028951833e+01 50
1 1 0 0 2.4155008651290319e-02 1.9305679042143253e-02 1.0000239142957708e+00 7.1849740014203689e-02 -1.4009391972968846e-01 1.5804218773757217e+01 48
1 1 0 0 2.4143022483314267e-02 1.9298535556752608e-02 1.0000239168334686e+00 7.1839740014203693e-02 -1.4017711890837564e-01 1.5803929740079818e+01 44
1 1 1 1 2.4121384447928943e-02 1.9285639922429702e-02 1.0000239209596811e+00 7.1821740014203689e-02 1.4032749892753879e-01 1.5803409174126516e+01 54
1 1 1 1 2.4094826228646372e-02 1.9269812267102185e-02 1.0000239252197034e+00 7.1799740014203695e-02 1.4051240293752176e-01 1.5802772353669463e+01 51
1 1 0 0 2.4091194991997644e-02 1.9267648215906076e-02 1.0000239257329739e+00 7.1796740014203692e-02 -1.4053771297997047e-01 1.5802685462671072e+01 46
1 1 0 0 2.4065710385338997e-02 1.9252460715448044e-02 1.0000239288646946e+00 7.1775740014203698e-02 -1.4071553914328344e-01 1.5802076855228179e+01 51
1 1 1 1 2.4062060217820199e-02 1.9250285428867885e-02 1.0000239292456357e+00 7.1772740014203695e-02 1.4074103757853987e-01 1.5801989856501342e+01 50
1 1 1 1 2.4043773234079906e-02 1.9239387545533643e-02 1.0000239308980439e+00 7.1757740014203694e-02 1.4086889040704495e-01 1.5801554646967380e+01 54
1 1 0 0 2.4040108554765949e-02 1.9237203647305280e-02 1.0000239311777246e+00 7.1754740014203691e-02 -1.4089453371107222e-01 1.5801467560744641e+01 45
1 1 0 0 2.4018068849165634e-02 1.9224069622435471e-02 1.0000239324960396e+00 7.1736740014203687e-02 -1.4104891013244369e-01 1.5800944719350676e+01 46
1 1 0 0 2.4015614484674024e-02 1.9222607018025296e-02 1.0000239326041622e+00 7.1734740014203685e-02 -1.4106611824581841e-01 1.5800886590620141e+01 49
1 1 0 0 2.4003325959020803e-02 1.9215284085876437e-02 1.0000239330285703e+00 7.1724740014203689e-02 -1.4115232637792327e-01 1.5800595837470876e+01 47
1 1 1 1 2.3963812585269171e-02 1.9191737931083440e-02 1.0000239330660565e+00 7.1692740014203685e-02 1.4143010352170102e-01 1.5799664137497759e+01 56
1 1 1 1 2.3962573050961954e-02 1.9190999301182423e-02 1.0000239330343343e+00 7.1691740014203684e-02 1.4143883182566108e-01 1.5799634988648497e+01 46
1 1 1 1 2.3942700706928239e-02 1.9179157619019754e-02 1.0000239322511471e+00 7.1675740014203682e-02 1.4157888656733422e-01 1.5799168318243257e+01 45
1 1 1 1 2.3935229098355777e-02 1.9174705434863753e-02 1.0000239318226387e+00 7.1669740014203676e-02 1.4163160403257133e-01 1.5798993173190302e+01 53
1 1 0 0 2.3921503207601925e-02 1.9166526526241241e-02 1.0000239308438861e+00 7.1658740014203678e-02 -1.4172853565738691e-01 1.5798671863221413e+01 55
1 1 0 0 2.3907740769047340e-02 1.9158325944127905e-02 1.0000239296127404e+00 7.1647740014203681e-02 -1.4182583786555386e-01 1.5798350272514798e+01 46
1 1 0 0 2.3906487809948754e-02 1.9157579352495065e-02 1.0000239294882027e+00 7.1646740014203680e-02 -1.4183470207988202e-01 1.5798321022742533e+01 45
1 1 0 0 2.3902727093738738e-02 1.9155338487185376e-02 1.0000239291019075e+00 7.1643740014203677e-02 -1.4186131340283051e-01 1.5798233258952832e+01 47
1 1 0 0 2.3900218413608031e-02 1.9153843666203967e-02 1.0000239288337871e+00 7.1641740014203675e-02 -1.4187906989210031e-01 1.5798174737625214e+01 62
1 1 0 0 2.3829464335878577e-02 1.9111685703707630e-02 1.0000239178112329e+00 7.1585740014203675e-02 -1.4238145952088191e-01 1.5796531948656439e+01 50
1 1 0 0 2.3789857119823416e-02 1.9088087588365884e-02 1.0000239086951470e+00 7.1554740014203672e-02 -1.4266406888214214e-01 1.5795618749943154e+01 56
1 1 0 0 2.3764130314903785e-02 1.9072760032166208e-02 1.0000239016280728e+00 7.1534740014203665e-02 -1.4284818471821567e-01 1.5795028001294559e+01 48
1 1 0 0 2.3760259270311050e-02 1.9070453774854300e-02 1.0000239004861546e+00 7.1531740014203662e-02 -1.4287592607359709e-01 1.5794939276087431e+01 45
1 1 0 0 2.3751214477844011e-02 1.9065065188276734e-02 1.0000238977376794e+00 7.1524740014203669e-02 -1.4294078347515737e-01 1.5794732132876469e+01 50
1 1 0 0 2.3704419654495032e-02 1.9037187340739063e-02 1.0000238817115403e+00 7.1488740014203675e-02 -1.4327722020629338e-01 1.5793664109825281e+01 50
1 1 0 0 2.3682155508820357e-02 1.9023924139040187e-02 1.0000238730166271e+00 7.1471740014203672e-02 -1.4343782169937330e-01 1.5793158097659367e+01 70
1 1 0 0 2.3624012155794748e-02 1.8989288858909745e-02 1.0000238470210072e+00 7.1427740014203669e-02 -1.4385890028672269e-01 1.5791843003761446e+01 49
1 1 1 1 2.3606685287411739e-02 1.8978968012221761e-02 1.0000238383467268e+00 7.1414740014203670e-02 1.4398485916177173e-01 1.5791452858207204e+01 45
1 1 0 0 2.3595987963771943e-02 1.8972596224198335e-02 1.0000238327771676e+00 7.1406740014203676e-02 -1.4406273557300003e-01 1.5791212386125371e+01 60
1 1 0 0 2.3593309463664041e-02 1.8971000809982978e-02 1.0000238313569405e+00 7.1404740014203674e-02 -1.4408224844763867e-01 1.5791152221653981e+01 57
1 1 0 0 2.3586605863947264e-02 1.8967007925470829e-02 1.0000238277573419e+00 7.1399740014203669e-02 -1.4413110784700878e-01 1.5791001728125766e+01 48
1 1 1 1 2.3581235384015378e-02 1.8963809120694841e-02 1.0000238248269897e+00 7.1395740014203665e-02 1.4417027525266154e-01 1.5790881247791397e+01 44
1 1 0 0 2.3579891703273584e-02 1.8963008791849367e-02 1.0000238240873331e+00 7.1394740014203664e-02 -1.4418007825882853e-01 1.5790851115728264e+01 46
1 1 0 0 2.3577203064493246e-02 1.8961407378398985e-02 1.0000238225995115e+00 7.1392740014203662e-02 -1.4419969770720018e-01 1.5790790837139459e+01 47
1 1 0 0 2.3573166903624442e-02 1.8959003363267408e-02 1.0000238203464522e+00 7.1389740014203659e-02 -1.4422916057837917e-01 1.5790700382912235e+01 63
1 1 0 0 2.3567779350777193e-02 1.8955794456845563e-02 1.0000238173024059e+00 7.1385740014203655e-02 -1.4426850761660134e-01 1.5790579708904936e+01 48
1 1 0 0 2.3554280188754762e-02 1.8947754276502082e-02 1.0000238094909486e+00 7.1375740014203659e-02 -1.4436719418673163e-01 1.5790277676979022e+01 51
1 1 1 1 2.3543449369422521e-02 1.8941303503578907e-02 1.0000238030326567e+00 7.1367740014203665e-02 1.4444647548792233e-01 1.5790035687789061e+01 47
1 1 1 1 2.3542093530015414e-02 1.8940495981577991e-02 1.0000238022121886e+00 7.1366740014203664e-02 1.4445640662021028e-01 1.5790005416038301e+01 62
1 1 0 0 2.3532590190035351e-02 1.8934835954938917e-02 1.0000237963863008e+00 7.1359740014203671e-02 -1.4452605617966854e-01 1.5789793368045750e+01 43
1 1 0 0 2.3524426984867501e-02 1.8929974161408934e-02 1.0000237912768866e+00 7.1353740014203665e-02 -1.4458594057782972e-01 1.5789611407171705e+01 50
1 1 0 0 2.3510785349833127e-02 1.8921849707303439e-02 1.0000237825211651e+00 7.1343740014203669e-02 -1.4468613182950998e-01 1.5789307709188879e+01 46
1 1 0 0 2.3506683925600815e-02 1.8919407087735981e-02 1.0000237798354294e+00 7.1340740014203666e-02 -1.4471628378868984e-01 1.5789216493292086e+01 44
1 1 0 0 2.3492982373322657e-02 1.8911247200474275e-02 1.0000237706841453e+00 7.1330740014203670e-02 -1.4481710972489120e-01 1.5788912078210048e+01 50
1 1 0 0 2.3488862789921686e-02 1.8908793842892520e-02 1.0000237678786648e+00 7.1327740014203667e-02 -1.4484745420402950e-01 1.5788820643553615e+01 50
1 1 0 0 2.3441872594084132e-02 1.8880810824300608e-02 1.0000237341011529e+00 7.1293740014203660e-02 -1.4519456343440051e-01 1.5787780684353487e+01 46
1 1 0 0 2.3437699208581582e-02 1.8878325660754383e-02 1.0000237309425148e+00 7.1290740014203657e-02 -1.4522548021258397e-01 1.5787688585361101e+01 54
1 1 1 1 2.3432127680380603e-02 1.8875007963730320e-02 1.0000237266851291e+00 7.1286740014203653e-02 1.4526677739234140e-01 1.5787565698425686e+01 67
1 1 0 0 2.3422358066418618e-02 1.8869190505072637e-02 1.0000237191076942e+00 7.1279740014203660e-02 -1.4533925491418834e-01 1.5787350400566057e+01 55
1 1 0 0 2.3418163455751415e-02 1.8866692797467388e-02 1.0000237158103942e+00 7.1276740014203657e-02 -1.4537039822029735e-01 1.5787258033153462e+01 60
1 1 0 0 2.3370296342493112e-02 1.8838191525023296e-02 1.0000236763047774e+00 7.1242740014203651e-02 -1.4572686704232937e-01 1.5786206980210357e+01 48
1 1 0 0 2.3361785025015500e-02 1.8833123972965014e-02 1.0000236689166280e+00 7.1236740014203645e-02 -1.4579046125540496e-01 1.5786020664060649e+01 44
1 1 1 1 2.3348980903187405e-02 1.8825500704420815e-02 1.0000236575940860e+00 7.1227740014203650e-02 1.4588625158310753e-01 1.5785740699030455e+01 53
1 1 1 1 2.3316052083149571e-02 1.8805896666421150e-02 1.0000236273218392e+00 7.1204740014203655e-02 1.4613327818506389e-01 1.5785022465939848e+01 52
1 1 0 0 2.3303083782403061e-02 1.8798176446727825e-02 1.0000236149414008e+00 7.1195740014203659e-02 -1.4623083657350910e-01 1.5784740295651140e+01 61
1 1 1 1 2.3294411663129032e-02 1.8793013938035695e-02 1.0000236065171630e+00 7.1189740014203653e-02 1.4629616251687097e-01 1.5784551819359327e+01 51
1 1 0 0 2.3277002531074186e-02 1.8782650612983905e-02 1.0000235892530318e+00 7.1177740014203655e-02 -1.4642751581024596e-01 1.5784173974922055e+01 47
1 1 0 0 2.3237506386531184e-02 1.8759140962778257e-02 1.0000235483300308e+00 7.1150740014203656e-02 -1.4672658680198766e-01 1.5783319297164359e+01 55
1 1 0 0 2.3236034681638918e-02 1.8758264992080494e-02 1.0000235467578069e+00 7.1149740014203655e-02 -1.4673775988720189e-01 1.5783287517620424e+01 54
1 1 0 0 2.3221281845741563e-02 1.8749484170483378e-02 1.0000235308083951e+00 7.1139740014203659e-02 -1.4684987958390047e-01 1.5782969214678371e+01 70
1 1 0 0 2.3185603206920827e-02 1.8728249839686541e-02 1.0000234908088366e+00 7.1115740014203663e-02 -1.4712192490003698e-01 1.5782201399288414e+01 52
1 1 0 0 2.3158583214551946e-02 1.8712170150578897e-02 1.0000234591632813e+00 7.1097740014203659e-02 -1.4732880549270894e-01 1.5781621757234792e+01 58
1 1 0 0 2.3157075344346488e-02 1.8711272848631624e-02 1.0000234573627123e+00 7.1096740014203658e-02 -1.4734037271150410e-01 1.5781589456009460e+01 44
1 1 0 0 2.3128286888463793e-02 1.8694142207596715e-02 1.0000234222814088e+00 7.1077740014203653e-02 -1.4756167013185734e-01 1.5780973682546017e+01 44
1 1 0 0 2.3108433722150705e-02 1.8682329400796709e-02 1.0000233973047412e+00 7.1064740014203653e-02 -1.4771479152749062e-01 1.5780550047330186e+01 51
1 1 1 1 2.3083818957634509e-02 1.8667684421066651e-02 1.0000233654430895e+00 7.1048740014203651e-02 1.4790522624996338e-01 1.5780025943810246e+01 45
1 1 1 1 2.3076085023222160e-02 1.8663083221982985e-02 1.0000233552267099e+00 7.1043740014203646e-02 1.4796519697802640e-01 1.5779861528388032e+01 67
1 1 0 0 2.3069883258520146e-02 1.8659393650495428e-02 1.0000233469630533e+00 7.1039740014203642e-02 -1.4801333446575882e-01 1.5779729773597097e+01 58
1 1 0 0 2.3063668368218156e-02 1.8655696346077690e-02 1.0000233386181725e+00 7.1035740014203638e-02 -1.4806161651847705e-01 1.5779597818502291e+01 46
1 1 0 0 2.3058998512024590e-02 1.8652918249234120e-02 1.0000233323057952e+00 7.1032740014203635e-02 -1.4809792379672601e-01 1.5779498719283138e+01 48
1 1 1 1 2.2938034586150916e-02 1.8580972864187695e-02 1.0000231560615660e+00 7.0956740014203629e-02 1.4904713411764109e-01 1.5776946786044842e+01 52
1 1 0 0 2.2934777277329937e-02 1.8579035977522897e-02 1.0000231509723332e+00 7.0954740014203627e-02 -1.4907293497844812e-01 1.5776878458677581e+01 44
1 1 0 0 2.2915147177038273e-02 1.8567363911793727e-02 1.0000231199154967e+00 7.0942740014203629e-02 -1.4922870065603011e-01 1.5776467107303867e+01 52
1 1 0 0 2.2887077361550223e-02 1.8550675234661106e-02 1.0000230743478546e+00 7.0925740014203625e-02 -1.4945227366593586e-01 1.5775880145447408e+01 46
1 1 0 0 2.2855326870902037e-02 1.8531800668101159e-02 1.0000230211487207e+00 7.0906740014203620e-02 -1.4970637684748855e-01 1.5775217955384722e+01 48
1 1 0 0 2.2850275717967133e-02 1.8528798177475714e-02 1.0000230125221314e+00 7.0903740014203617e-02 -1.4974692276171669e-01 1.5775112776042564e+01 51
1 1 0 0 2.2835058264411918e-02 1.8519753082268980e-02 1.0000229862608396e+00 7.0894740014203622e-02 -1.4986927762917376e-01 1.5774796180849592e+01 44
1 1 0 0 2.2824858978485709e-02 1.8513691088311947e-02 1.0000229684300477e+00 7.0888740014203616e-02 -1.4995145667202434e-01 1.5774584217300877e+01 53
1 1 1 1 2.2799164636744015e-02 1.8498420827971467e-02 1.0000229226892405e+00 7.0873740014203615e-02 1.5015910647874811e-01 1.5774051041684841e+01 47
1 1 0 0 2.2736282162828306e-02 1.8461057684422993e-02 1.0000228057363501e+00 7.0837740014203621e-02 -1.5067115335017567e-01 1.5772750968688079e+01 52
1 1 0 0 2.2729182572894538e-02 1.8456840055236127e-02 1.0000227920805702e+00 7.0833740014203617e-02 -1.5072931825023983e-01 1.5772604604678996e+01 56
1 1 0 0 2.2722059292332376e-02 1.8452608513756980e-02 1.0000227782863842e+00 7.0829740014203613e-02 -1.5078775088833293e-01 1.5772457835902978e+01 45
1 1 0 0 2.2714911981680602e-02 1.8448362861604450e-02 1.0000227643519817e+00 7.0825740014203609e-02 -1.5084645523646034e-01 1.5772310655786757e+01 48
1 1 0 0 2.2702345314841308e-02 1.8440898402472330e-02 1.0000227396237822e+00 7.0818740014203616e-02 -1.5094985394574145e-01 1.5772052080446779e+01 57
1 1 1 1 2.2675156253327448e-02 1.8424750207407910e-02 1.0000226851212874e+00 7.0803740014203614e-02 1.5117437304093662e-01 1.5771493502919526e+01 55
1 1 1 1 2.2595072762406361e-02 1.8377201987685471e-02 1.0000225165251326e+00 7.0760740014203613e-02 1.5184231767278744e-01 1.5769854983596705e+01 48
1 1 0 0 2.2472969404899526e-02 1.8304753825323025e-02 1.0000222356692667e+00 7.0698740014203607e-02 -1.5288114384580287e-01 1.5767374948276286e+01 45
1 1 1 1 2.2466827115802952e-02 1.8301111103880986e-02 1.0000222207626086e+00 7.0695740014203604e-02 1.5293409374566241e-01 1.5767250740347288e+01 48
1 1 1 1 2.2448253766665403e-02 1.8290097136725938e-02 1.0000221752251575e+00 7.0686740014203608e-02 1.5309462825403375e-01 1.5766875459628579e+01 59
1 1 1 1 2.2410410488828435e-02 1.8267661255903778e-02 1.0000220802765316e+00 7.0668740014203604e-02 1.5342371953052461e-01 1.5766112214533186e+01 52
1 1 0 0 2.2347260950311823e-02 1.8230238445362298e-02 1.0000219152627785e+00 7.0639740014203603e-02 -1.5397908731131379e-01 1.5764842568282393e+01 56
1 1 0 0 2.2333821105847331e-02 1.8222276675226932e-02 1.0000218790665998e+00 7.0633740014203597e-02 -1.5409832323450384e-01 1.5764572972996916e+01 50
1 1 0 0 2.2271515036764469e-02 1.8185380095036535e-02 1.0000217062305046e+00 7.0606740014203598e-02 -1.5465607774705253e-01 1.5763325835868239e+01 50
1 1 0 0 2.2237885843212013e-02 1.8165475249375337e-02 1.0000216094486838e+00 7.0592740014203598e-02 -1.5496065616759266e-01 1.5762654457630838e+01 58
1 1 0 0 2.2215723362914962e-02 1.8152361430367869e-02 1.0000215443042850e+00 7.0583740014203603e-02 -1.5516279073472994e-01 1.5762212640056402e+01 46
1 1 0 0 2.2121975886219208e-02 1.8096927490783451e-02 1.0000212564898157e+00 7.0547740014203608e-02 -1.5603087416157593e-01 1.5760348948602735e+01 59
1 1 0 0 2.2020369501197117e-02 1.8036923267509837e-02 1.0000209213632136e+00 7.0512740014203615e-02 -1.5699752326021582e-01 1.5758337397508024e+01 58
1 1 0 0 2.2017264201481777e-02 1.8035090805679707e-02 1.0000209107283045e+00 7.0511740014203614e-02 -1.5702752051710100e-01 1.5758276039890347e+01 58
1 1 0 0 2.2014145566621214e-02 1.8033250562384646e-02 1.0000209000238285e+00 7.0510740014203613e-02 -1.5705767484829283e-01 1.5758214425315696e+01 46
1 1 0 0 2.1982176097129356e-02 1.8014391197374809e-02 1.0000207889002586e+00 7.0500740014203617e-02 -1.5736844773173320e-01 1.5757583172245456e+01 49
1 1 0 0 2.1945138920629850e-02 1.7992554542977022e-02 1.0000206569495902e+00 7.0489740014203620e-02 -1.5773236908390717e-01 1.5756852629599841e+01 67
1 1 0 0 2.1882936344830076e-02 1.7955912405674516e-02 1.0000204273842579e+00 7.0472740014203616e-02 -1.5835345693421812e-01 1.5755627324816803e+01 44
