isScalarized | massIncreased | isMonotoneInside | isMonotoneOutside | mass_Baryon | mass_ADM | AST(radius) | radius  |  phi_c | rho_c | ctr |
1 0 1 1 3.1838772537940145e-02 2.4251983475212360e-02 1.0000000000004385e+00 8.6200299999999799e-02 1.9235580618292200e-03 1.7249919963009898e+01 32
1 1 1 1 3.1839054946164978e-02 2.4252103507871887e-02 1.0000000000004405e+00 8.6199924999999802e-02 1.9271552590569530e-03 1.7250207111137488e+01 36
1 1 1 1 3.1839337332481198e-02 2.4252223526319804e-02 1.0000000000004423e+00 8.6199549999999805e-02 1.9307467369688287e-03 1.7250494265966470e+01 36
1 1 1 1 3.1839619696892675e-02 2.4252343530560029e-02 1.0000000000004443e+00 8.6199174999999809e-02 1.9343325279748780e-03 1.7250781427483531e+01 36
1 1 1 1 3.1839902039401125e-02 2.4252463520592564e-02 1.0000000000004463e+00 8.6198799999999812e-02 1.9379126641973462e-03 1.7251068595675612e+01 36
1 1 1 1 3.1888642498148601e-02 2.4273103315897340e-02 1.0000000000008402e+00 8.6133624368812889e-02 2.4948906797994412e-03 1.7301069336373974e+01 32
1 1 1 1 3.1936600368076384e-02 2.4293266100392476e-02 1.0000000000013418e+00 8.6068626118518510e-02 2.9683978664378791e-03 1.7351076777873217e+01 28
1 1 1 1 3.1983828518702136e-02 2.4312977773135114e-02 1.0000000000019686e+00 8.6003750726616923e-02 3.3951292187427992e-03 1.7401089355428063e+01 27
1 1 1 1 3.2030362034092701e-02 2.4332256248340896e-02 1.0000000000027409e+00 8.5938964538303186e-02 3.7921662751753105e-03 1.7451101179574252e+01 32
1 1 1 1 3.2076231812779278e-02 2.4351102321459182e-02 1.0000000000036806e+00 8.5874240566996829e-02 4.1691102996828976e-03 1.7501111528189853e+01 33
1 1 1 1 3.2121463468475754e-02 2.4369491113988138e-02 1.0000000000048130e+00 8.5809562370245063e-02 4.5319728898482381e-03 1.7551120843357001e+01 34
1 1 1 1 3.2166059385709447e-02 2.4387478962823259e-02 1.0000000000061651e+00 8.5744924785272403e-02 4.8846637414116725e-03 1.7601109662274744e+01 34
1 1 1 1 3.2210074665005799e-02 2.4405090457294477e-02 1.0000000000077689e+00 8.5680256540417665e-02 5.2303604774466628e-03 1.7651121296499689e+01 34
1 1 1 1 3.2253494450362762e-02 2.4422321832872046e-02 1.0000000000096574e+00 8.5615586914505382e-02 5.5709624197656489e-03 1.7701123487588283e+01 34
1 1 1 1 3.2296338329170587e-02 2.4439183028350478e-02 1.0000000000118692e+00 8.5550894101066643e-02 5.9081551527275676e-03 1.7751125184496168e+01 34
1 1 1 1 3.2338587393733895e-02 2.4455680036229391e-02 1.0000000000144458e+00 8.5486169422620939e-02 6.2432113155728823e-03 1.7801126524347374e+01 34
1 1 1 1 3.2380208549208665e-02 2.4471818177128304e-02 1.0000000000174334e+00 8.5421405652820970e-02 6.5771488298317689e-03 1.7851127600583720e+01 35
1 1 1 1 3.2421279277820854e-02 2.4487602222522224e-02 1.0000000000208829e+00 8.5356596740133517e-02 6.9107959632533165e-03 1.7901128478607159e+01 35
1 1 1 1 3.2461806145283927e-02 2.4503036489362629e-02 1.0000000000248501e+00 8.5291737600018958e-02 7.2448363010764547e-03 1.7951129204965916e+01 35
1 1 1 1 3.2501794924043481e-02 2.4518124914677263e-02 1.0000000000293963e+00 8.5226823954748676e-02 7.5798407127042576e-03 1.8001129813426225e+01 35
1 1 1 1 3.2541250719587654e-02 2.4532871115312674e-02 1.0000000000345888e+00 8.5161852208160194e-02 7.9162906314996732e-03 1.8051130328878145e+01 35
1 1 1 1 3.2580178072784724e-02 2.4547278436524815e-02 1.0000000000405012e+00 8.5096819346129560e-02 8.2545953768289465e-03 1.8101130769922015e+01 35
1 1 1 1 3.2618588416879424e-02 2.4561295967846453e-02 1.0000000000472176e+00 8.5031722856273806e-02 8.5951670758374499e-03 1.8151140190613152e+01 35
1 1 1 1 3.2656457887813108e-02 2.4574969934602280e-02 1.0000000000548190e+00 8.4966595968984981e-02 8.9380636714015676e-03 1.8201123027474765e+01 35
1 1 1 1 3.2693829157736082e-02 2.4588320443764824e-02 1.0000000000634093e+00 8.4901368608312544e-02 9.2839023512659973e-03 1.8251131271253175e+01 35
1 1 1 1 3.2730680352339094e-02 2.4601341145703785e-02 1.0000000000730875e+00 8.4836082296304904e-02 9.6326831499990145e-03 1.8301132022772773e+01 35
1 1 1 1 3.2767019461439256e-02 2.4614036419243358e-02 1.0000000000839686e+00 8.4770726895304238e-02 9.9846505902484450e-03 1.8351132248786602e+01 35
1 1 1 1 3.2802849366880563e-02 2.4626408774591109e-02 1.0000000000961755e+00 8.4705300957836016e-02 1.0339979519045576e-02 1.8401132449588061e+01 35
1 1 1 1 3.2838161845241180e-02 2.4638460498060118e-02 1.0000000001098426e+00 8.4639803919455636e-02 1.0698819522254028e-02 1.8451132628558909e+01 35
1 1 1 1 3.2872891811885276e-02 2.4650193795989647e-02 1.0000000001251144e+00 8.4574235426320143e-02 1.1061301245861173e-02 1.8501132788508464e+01 35
1 1 1 1 3.2907118562331410e-02 2.4661610806124858e-02 1.0000000001421483e+00 8.4508595313373958e-02 1.1427538817059851e-02 1.8551132931765881e+01 35
1 1 1 1 3.2940844023126491e-02 2.4672713607498269e-02 1.0000000001611140e+00 8.4442883585038542e-02 1.1797631899821409e-02 1.8601133060287044e+01 35
1 1 1 1 3.2974070021542484e-02 2.4683504229061969e-02 1.0000000001821949e+00 8.4377100398082938e-02 1.2171667452483378e-02 1.8651133175757955e+01 35
1 1 1 1 3.3006798301698878e-02 2.4693984657170490e-02 1.0000000002055891e+00 8.4311246046458121e-02 1.2549721239165763e-02 1.8701133279607642e+01 35
1 1 1 1 3.3039030538759624e-02 2.4704156842119220e-02 1.0000000002315104e+00 8.4245320947660407e-02 1.2931859137444679e-02 1.8751133373100302e+01 35
1 1 1 1 3.3070768351313673e-02 2.4714022703808250e-02 1.0000000002601883e+00 8.4179325630637458e-02 1.3318138273626799e-02 1.8801133457328039e+01 35
1 1 1 1 3.3102017427737142e-02 2.4723545048354331e-02 1.0000000002918865e+00 8.4113260724874073e-02 1.3708656028197496e-02 1.8851139648588273e+01 35
1 1 1 1 3.3132765059555286e-02 2.4732750057488453e-02 1.0000000003268508e+00 8.4047151192391922e-02 1.4103276614193904e-02 1.8901129291097000e+01 35
1 1 1 1 3.3163030874802088e-02 2.4741656617517944e-02 1.0000000003653848e+00 8.3980956473681367e-02 1.4502269003076718e-02 1.8951131912904653e+01 35
1 1 1 1 3.3192807830683249e-02 2.4750264015879417e-02 1.0000000004077871e+00 8.3914695683896368e-02 1.4905555521028110e-02 1.9001133716649449e+01 35
1 1 1 1 3.3222096880973662e-02 2.4758573957851044e-02 1.0000000004543865e+00 8.3848371009197342e-02 1.5313154277429951e-02 1.9051133767185281e+01 35
1 1 1 1 3.3250900539719547e-02 2.4766588583542179e-02 1.0000000005055378e+00 8.3781981136304806e-02 1.5725100917087270e-02 1.9101133812916288e+01 35
1 1 1 1 3.3279220267496759e-02 2.4774309719680546e-02 1.0000000005616199e+00 8.3715527122118771e-02 1.6141413157576858e-02 1.9151133854330102e+01 35
1 1 1 1 3.3307057524954914e-02 2.4781739187436973e-02 1.0000000006230378e+00 8.3649010073559460e-02 1.6562105215619561e-02 1.9201133891877568e+01 35
1 1 1 1 3.3334352829163125e-02 2.4788878803879172e-02 1.0000000006902248e+00 8.3582431143014613e-02 1.6987188164653146e-02 1.9251133925950572e+01 35
1 1 1 1 3.3361152813382873e-02 2.4795730383211541e-02 1.0000000007636434e+00 8.3515791524191807e-02 1.7416670251921777e-02 1.9301133956901857e+01 35
1 1 1 1 3.3387474507718534e-02 2.4802295737819311e-02 1.0000000008437882e+00 8.3449092448407702e-02 1.7850557179608886e-02 1.9351133985054989e+01 35
1 1 1 1 3.3413319424991615e-02 2.4808576679141138e-02 1.0000000009311858e+00 8.3382335181276357e-02 1.8288852354181775e-02 1.9401134010686857e+01 35
1 1 1 1 3.3438689091388925e-02 2.4814575018388348e-02 1.0000000010263983e+00 8.3315521019675431e-02 1.8731557108349436e-02 1.9451134034053673e+01 35
1 1 1 1 3.3463585048078608e-02 2.4820292567143520e-02 1.0000000011300245e+00 8.3248651289056896e-02 1.9178670898214487e-02 1.9501134055375019e+01 35
1 1 1 1 3.3488008852596646e-02 2.4825731137851578e-02 1.0000000012427013e+00 8.3181727340976008e-02 1.9630191479239317e-02 1.9551134074856890e+01 35
1 1 1 1 3.3511962079975664e-02 2.4830892544196077e-02 1.0000000013651067e+00 8.3114750550904670e-02 2.0086115062862044e-02 1.9601134092672403e+01 35
1 1 1 1 3.3535446634993166e-02 2.4835774498666009e-02 1.0000000014979697e+00 8.3047722316203110e-02 2.0546442011723513e-02 1.9651134709491423e+01 35
1 1 1 1 3.3558465878540583e-02 2.4840343869635392e-02 1.0000000016421282e+00 8.2980646469664909e-02 2.1011196718735990e-02 1.9701139213607167e+01 35
1 1 1 1 3.3581012486153576e-02 2.4844640196004242e-02 1.0000000017982820e+00 8.2913542515212713e-02 2.1480192209278881e-02 1.9751128470401426e+01 35
1 1 1 1 3.3603102377362040e-02 2.4848668022086535e-02 1.0000000019673954e+00 8.2846369391919417e-02 2.1953717039413546e-02 1.9801134147746215e+01 35
1 1 1 1 3.3624727319373465e-02 2.4852427315938064e-02 1.0000000021503146e+00 8.2779158219572879e-02 2.2431553797371693e-02 1.9851134159296745e+01 35
1 1 1 1 3.3645891535472899e-02 2.4855920385235486e-02 1.0000000023480300e+00 8.2711902871590859e-02 2.2913745306621061e-02 1.9901134169897958e+01 35
1 1 1 1 3.3666596741564220e-02 2.4859149068144730e-02 1.0000000025615712e+00 8.2644604841386193e-02 2.3400280176560668e-02 1.9951134179628234e+01 35
1 1 1 1 3.3686844674955405e-02 2.4862115204829321e-02 1.0000000027920282e+00 8.2577265634412034e-02 2.3891146263366077e-02 2.0001134188562599e+01 35
1 1 1 1 3.3706637094400790e-02 2.4864820637377310e-02 1.0000000030405538e+00 8.2509886767192619e-02 2.4386330730012885e-02 2.0051134196757410e+01 35
1 1 1 1 3.3725975780106561e-02 2.4867267209726773e-02 1.0000000033083678e+00 8.2442469766382920e-02 2.4885820100979492e-02 2.0101134204263904e+01 35
1 1 1 1 3.3744832911171502e-02 2.4869456767559528e-02 1.0000000035967589e+00 8.2375016167907433e-02 2.5389600312000063e-02 2.0151134211145642e+01 35
1 1 1 1 3.3763205959102510e-02 2.4871391158182297e-02 1.0000000039070882e+00 8.2307527516223722e-02 2.5897656754679525e-02 2.0201134217427832e+01 35
1 1 1 1 3.3781130745230523e-02 2.4873072230399709e-02 1.0000000042407928e+00 8.2240005363499125e-02 2.6409974318304018e-02 2.0251134223163788e+01 35
1 1 1 1 3.3798609151118417e-02 2.4874501834358503e-02 1.0000000045993891e+00 8.2172451268986035e-02 2.6926537426887946e-02 2.0301134228382523e+01 35
1 1 1 1 3.3815643078906277e-02 2.4875681821405399e-02 1.0000000049844762e+00 8.2104866798332204e-02 2.7447330073871051e-02 2.0351134233119684e+01 35
1 1 1 1 3.3832234451064314e-02 2.4876614043918763e-02 1.0000000053977391e+00 8.2037253522989240e-02 2.7972335853456400e-02 2.0401134237400658e+01 35
1 1 1 1 3.3848385210137041e-02 2.4877300355136890e-02 1.0000000058409539e+00 8.1969613019618248e-02 2.8501537989693512e-02 2.0451134241255229e+01 35
1 1 1 1 3.3864097318455667e-02 2.4877742608986831e-02 1.0000000063159900e+00 8.1901946869560843e-02 2.9034919362891959e-02 2.0501134244699404e+01 35
1 1 1 1 3.3879372757845708e-02 2.4877942659897415e-02 1.0000000068248147e+00 8.1834256658288085e-02 2.9572462534452088e-02 2.0551134247766068e+01 35
1 0 1 1 3.3894213529304038e-02 2.4877902362624750e-02 1.0000000073694981e+00 8.1766543974957834e-02 3.0114149769074210e-02 2.0601134250467531e+01 35
1 0 1 1 3.3908621652668183e-02 2.4877623572054790e-02 1.0000000079522162e+00 8.1698810411909906e-02 3.0659963055890881e-02 2.0651134252818490e+01 35
1 0 1 1 3.3922600278947057e-02 2.4877083432464218e-02 1.0000000085755272e+00 8.1631057564215126e-02 3.1209921638084351e-02 2.0701137652557509e+01 35
1 0 1 1 3.3936148005206772e-02 2.4876298789509404e-02 1.0000000092415802e+00 8.1563300841338171e-02 3.1763871871884390e-02 2.0751132223312439e+01 35
1 0 1 1 3.3949270912262540e-02 2.4875281239667063e-02 1.0000000099530122e+00 8.1495519761660501e-02 3.2321960045829788e-02 2.0801132888184792e+01 35
1 0 1 1 3.3961969590294155e-02 2.4874032706344286e-02 1.0000000107124076e+00 8.1427723227153026e-02 3.2884107901133018e-02 2.0851134257719252e+01 34
1 0 1 1 3.3974245629901569e-02 2.4872555106164464e-02 1.0000000115225156e+00 8.1359915649787506e-02 3.3450272921418542e-02 2.0901134258582861e+01 34
1 0 1 1 3.3986101509724469e-02 2.4870850267158823e-02 1.0000000123862729e+00 8.1292096775575140e-02 3.4020451131881589e-02 2.0951134259178922e+01 34
1 0 1 1 3.3997539371349576e-02 2.4868920047023537e-02 1.0000000133067357e+00 8.1224268206190858e-02 3.4594623062792942e-02 2.1001134259521017e+01 34
1 0 1 1 3.4008561372247378e-02 2.4866766301919786e-02 1.0000000142871064e+00 8.1156431543447649e-02 3.5172769090122492e-02 2.1051134259619378e+01 34
1 0 1 1 3.4019169685370450e-02 2.4864390886280122e-02 1.0000000153307373e+00 8.1088588388975091e-02 3.5754869446439304e-02 2.1101134259477544e+01 34
1 0 1 1 3.4029366498763862e-02 2.4861795652624190e-02 1.0000000164411380e+00 8.1020740343889147e-02 3.6340904231361507e-02 2.1151134259109778e+01 34
1 0 1 1 3.4039154015160687e-02 2.4858982451371969e-02 1.0000000176219794e+00 8.0952889008519380e-02 3.6930853420946277e-02 2.1201134258521968e+01 34
1 0 1 1 3.4048534451582832e-02 2.4855953130659206e-02 1.0000000188771010e+00 8.0885035982106862e-02 3.7524696876814929e-02 2.1251134257720217e+01 34
1 0 1 1 3.4057489253128750e-02 2.4852709536161217e-02 1.0000000202105161e+00 8.0817182862522596e-02 3.8122414354632490e-02 2.1301134256710267e+01 34
1 0 1 1 3.4066013300855402e-02 2.4849253510907360e-02 1.0000000216264180e+00 8.0749331245992401e-02 3.8723985512173542e-02 2.1351134255504146e+01 34
1 0 1 1 3.4074137201913102e-02 2.4845586895111835e-02 1.0000000231291866e+00 8.0681482726855547e-02 3.9329389916610911e-02 2.1401134254100505e+01 34
1 0 1 1 3.4081863237365131e-02 2.4841711525993852e-02 1.0000000247233944e+00 8.0613638897276851e-02 3.9938607051940994e-02 2.1451134252511785e+01 34
1 0 1 1 3.4089193700346472e-02 2.4837629237608776e-02 1.0000000264138140e+00 8.0545801347031376e-02 4.0551616325387466e-02 2.1501134250739579e+01 34
1 0 1 1 3.4096130895673454e-02 2.4833341860681358e-02 1.0000000282054233e+00 8.0477971663243386e-02 4.1168397073947267e-02 2.1551134248792078e+01 34
1 0 1 1 3.4102677139437869e-02 2.4828851222437307e-02 1.0000000301034138e+00 8.0410151430169108e-02 4.1788928570203700e-02 2.1601134246669300e+01 34
1 0 1 1 3.4108834758616917e-02 2.4824159146437576e-02 1.0000000321131965e+00 8.0342342228948455e-02 4.2413190028227549e-02 2.1651134244381414e+01 34
1 0 1 1 3.4114606090685687e-02 2.4819267452429791e-02 1.0000000342404103e+00 8.0274545637409295e-02 4.3041160608770002e-02 2.1701134241933410e+01 34
1 0 1 1 3.4119993483215212e-02 2.4814177956178469e-02 1.0000000364909276e+00 8.0206763229850875e-02 4.3672819424330718e-02 2.1751134239322369e+01 34
1 0 1 1 3.4124999293492400e-02 2.4808892469313570e-02 1.0000000388708636e+00 8.0138996576809229e-02 4.4308145544295310e-02 2.1801134236560369e+01 34
1 0 1 1 3.4129625888136755e-02 2.4803412799187886e-02 1.0000000413865822e+00 8.0071247244890176e-02 4.4947117999237882e-02 2.1851134233650058e+01 34
1 0 1 1 3.4133875642711572e-02 2.4797740748718891e-02 1.0000000440447048e+00 8.0003516796560425e-02 4.5589715785391130e-02 2.1901134230591644e+01 33
1 0 1 1 3.4137750941347085e-02 2.4791878116247841e-02 1.0000000468521177e+00 7.9935806789945413e-02 4.6235917868909009e-02 2.1951134227389591e+01 33
1 0 1 1 3.4141254200258937e-02 2.4785825132442464e-02 1.0000000498160799e+00 7.9868118778648245e-02 4.6885705850554765e-02 2.2001134428195424e+01 33
1 0 1 1 3.4144388091783391e-02 2.4779561714518401e-02 1.0000000529454938e+00 7.9800455140622478e-02 4.7539088257221411e-02 2.2051137089014919e+01 33
1 0 1 1 3.4147154238379995e-02 2.4773114375307832e-02 1.0000000562461400e+00 7.9732828235168945e-02 4.8195898437059605e-02 2.2101131121655019e+01 33
1 0 1 1 3.4149556028637361e-02 2.4766482614356679e-02 1.0000000597272294e+00 7.9665215676541945e-02 4.8856347676986427e-02 2.2151134212394016e+01 33
1 0 1 1 3.4151595234978030e-02 2.4759669788032720e-02 1.0000000633962967e+00 7.9597635434889069e-02 4.9520254963452387e-02 2.2201134208548684e+01 33
1 0 1 1 3.4153274445066863e-02 2.4752677263436586e-02 1.0000000672622154e+00 7.9530084852687255e-02 5.0187639922825267e-02 2.2251134204586400e+01 33
1 0 1 1 3.4154596092675710e-02 2.4745506806800151e-02 1.0000000713339736e+00 7.9462565451983741e-02 5.0858481412116963e-02 2.2301134200504759e+01 33
1 0 1 1 3.4155562617231273e-02 2.4738160178607679e-02 1.0000000756208931e+00 7.9395078749153636e-02 5.1532758285510669e-02 2.2351134196305388e+01 33
1 0 1 1 3.4156176463473444e-02 2.4730639133482751e-02 1.0000000801326383e+00 7.9327626254751593e-02 5.2210449397176825e-02 2.2401134191996558e+01 33
1 0 1 1 3.4156440081104120e-02 2.4722945420070395e-02 1.0000000848792252e+00 7.9260209473387855e-02 5.2891533603696556e-02 2.2451134187575338e+01 33
1 0 1 1 3.4156355924450932e-02 2.4715080780927098e-02 1.0000000898710304e+00 7.9192829903560913e-02 5.3575989766881472e-02 2.2501134183046904e+01 33
1 0 1 1 3.4155926452131877e-02 2.4707046952414009e-02 1.0000000951188015e+00 7.9125489037534746e-02 5.4263796756101927e-02 2.2551134178415044e+01 33
1 0 1 1 3.4155154126718913e-02 2.4698845664589110e-02 1.0000001006336658e+00 7.9058188361206566e-02 5.4954933450596787e-02 2.2601134173678602e+01 33
1 0 1 1 3.4154041414415234e-02 2.4690478641105341e-02 1.0000001064271402e+00 7.8990929353962069e-02 5.5649378741957953e-02 2.2651134168847154e+01 33
1 0 1 1 3.4152590784727370e-02 2.4681947599111603e-02 1.0000001125111406e+00 7.8923713488579295e-02 5.6347111535941623e-02 2.2701134163914311e+01 33
1 0 1 1 3.4150804710146948e-02 2.4673254249155556e-02 1.0000001188979930e+00 7.8856542231066806e-02 5.7048110754999048e-02 2.2751134158888540e+01 33
1 0 1 1 3.4148685665833893e-02 2.4664400295088026e-02 1.0000001256004414e+00 7.8789417040575072e-02 5.7752355339991832e-02 2.2801134153771418e+01 33
1 0 1 1 3.4146236129304008e-02 2.4655387433971221e-02 1.0000001326316599e+00 7.8722339369271754e-02 5.8459824252205451e-02 2.2851134148562419e+01 33
1 0 1 1 3.4143443988348239e-02 2.4646217355991769e-02 1.0000001400052614e+00 7.8655310662220174e-02 5.9170496475337904e-02 2.2901134143266709e+01 33
1 0 1 1 3.4140309011970869e-02 2.4636891744373609e-02 1.0000001477353087e+00 7.8588332357283214e-02 5.9884351017216793e-02 2.2951134137888786e+01 33
1 0 1 1 3.4136851306242146e-02 2.4627412275294778e-02 1.0000001558363241e+00 7.8521405885024126e-02 6.0601366911377942e-02 2.3001134132420848e+01 33
1 0 1 1 3.4133073359619188e-02 2.4617780617801854e-02 1.0000001643233003e+00 7.8454532668565058e-02 6.1321523219219777e-02 2.3051134126875645e+01 32
1 0 1 1 3.4128977661256117e-02 2.4607998433740258e-02 1.0000001732117108e+00 7.8387714123534707e-02 6.2044799031178419e-02 2.3101134121255171e+01 32
1 0 1 1 3.4124566700707994e-02 2.4598067377672311e-02 1.0000001825175202e+00 7.8320951657962323e-02 6.2771173468255934e-02 2.3151134115547876e+01 32
1 0 1 1 3.4119842967655759e-02 2.4587989096800239e-02 1.0000001922571948e+00 7.8254246672135097e-02 6.3500625684223502e-02 2.3201134109776198e+01 32
1 0 1 1 3.4114808951628328e-02 2.4577765230904752e-02 1.0000002024477139e+00 7.8187600558594639e-02 6.4233134866043040e-02 2.3251134103924731e+01 32
1 0 1 1 3.4109467141728300e-02 2.4567397412269629e-02 1.0000002131065793e+00 7.8121014701966723e-02 6.4968680236204973e-02 2.3301134098003402e+01 32
1 0 1 1 3.4103820026363342e-02 2.4556887265615664e-02 1.0000002242518271e+00 7.8054490478922878e-02 6.5707241053628532e-02 2.3351134092015648e+01 32
1 0 1 1 3.4097870092981764e-02 2.4546236408040385e-02 1.0000002359020377e+00 7.7988029258095781e-02 6.6448796614966971e-02 2.3401134085957036e+01 32
1 0 1 1 3.4091619827808992e-02 2.4535446448951812e-02 1.0000002480763475e+00 7.7921632399976570e-02 6.7193326256156011e-02 2.3451134079833391e+01 32
1 0 1 1 3.4085071715594113e-02 2.4524518990010534e-02 1.0000002607944587e+00 7.7855301256858189e-02 6.7940809353472645e-02 2.3501134073648807e+01 32
1 0 1 1 3.4078228239355565e-02 2.4513455625075363e-02 1.0000002740766514e+00 7.7789037172766196e-02 6.8691225324622171e-02 2.3551134067397864e+01 32
1 0 1 1 3.4071091880134817e-02 2.4502257940146668e-02 1.0000002879437933e+00 7.7722841483359784e-02 6.9444553630288175e-02 2.3601134061091734e+01 32
1 0 1 1 3.4063665116748965e-02 2.4490927513313904e-02 1.0000003024173509e+00 7.7656715515904529e-02 7.0200773774699757e-02 2.3651134054721133e+01 32
1 0 1 1 3.4055950425548223e-02 2.4479465914698916e-02 1.0000003175194014e+00 7.7590660589156979e-02 7.0959865307361744e-02 2.3701134048298865e+01 32
1 0 1 1 3.4047950280186118e-02 2.4467874706419604e-02 1.0000003332726422e+00 7.7524678013352138e-02 7.1721807823475758e-02 2.3751134041817807e+01 32
1 0 1 1 3.4039667151380362e-02 2.4456155442532320e-02 1.0000003497004024e+00 7.7458769090099744e-02 7.2486580965470379e-02 2.3801134035284502e+01 32
1 0 1 1 3.4031103506688191e-02 2.4444309668993278e-02 1.0000003668266537e+00 7.7392935112351957e-02 7.3254164423686222e-02 2.3851134028699136e+01 32
1 0 1 1 3.4022261810280452e-02 2.4432338923615675e-02 1.0000003846760215e+00 7.7327177364337057e-02 7.4024537937439308e-02 2.3901134022062219e+01 32
1 0 1 1 3.4013144522717927e-02 2.4420244736023999e-02 1.0000004032737948e+00 7.7261497121503375e-02 7.4797681295987489e-02 2.3951134015377157e+01 32
1 0 1 1 3.4003754100739574e-02 2.4408028627623330e-02 1.0000004226459380e+00 7.7195895650474911e-02 7.5573574339353550e-02 2.4001134008644936e+01 32
1 0 1 1 3.3994092967018386e-02 2.4395690547598943e-02 1.0000004428200058e+00 7.7130374208998542e-02 7.6352200079707069e-02 2.4051134201704567e+01 32
1 0 1 1 3.3984163481165529e-02 2.4383221820976145e-02 1.0000004638294828e+00 7.7064934831356208e-02 7.7133549816092953e-02 2.4101135316491195e+01 32
1 0 1 1 3.3973969016923095e-02 2.4370636895363729e-02 1.0000004856942428e+00 7.6999583159919255e-02 7.7917526455039840e-02 2.4151132437026696e+01 32
1 0 1 1 3.3963510293878584e-02 2.4357935139058009e-02 1.0000005084467778e+00 7.6934309423419278e-02 7.8704242077755587e-02 2.4201133981133829e+01 32
1 0 1 1 3.3952790973571255e-02 2.4345119540010941e-02 1.0000005321139729e+00 7.6869122650168015e-02 7.9493583017205563e-02 2.4251133974192992e+01 32
1 0 1 1 3.3941813165129134e-02 2.4332191177732627e-02 1.0000005567267862e+00 7.6804022026653429e-02 8.0285553797774134e-02 2.4301133967216106e+01 31
1 0 1 1 3.3930579292792279e-02 2.4319151515438602e-02 1.0000005823162339e+00 7.6739008756300159e-02 8.1080134638085735e-02 2.4351133960197135e+01 31
1 0 1 1 3.3919091775373139e-02 2.4306002007810558e-02 1.0000006089140903e+00 7.6674084033362316e-02 8.1877305814030160e-02 2.4401133953141070e+01 31
1 0 1 1 3.3907353026078925e-02 2.4292744100978710e-02 1.0000006365528999e+00 7.6609249042909278e-02 8.2677047659323585e-02 2.4451133946056419e+01 31
1 0 1 1 3.3895365452334229e-02 2.4279379232509314e-02 1.0000006652659861e+00 7.6544504960817300e-02 8.3479340565761589e-02 2.4501133938929325e+01 31
1 0 1 1 3.3883131455596176e-02 2.4265908831373313e-02 1.0000006950874616e+00 7.6479852953680760e-02 8.4284164984640281e-02 2.4551133931772512e+01 31
1 0 1 1 3.3870653431186851e-02 2.4252334317934547e-02 1.0000007260522372e+00 7.6415294178838189e-02 8.5091501426750218e-02 2.4601133924586314e+01 31
1 0 1 1 3.3857933768127908e-02 2.4238657103941436e-02 1.0000007581960324e+00 7.6350829784332497e-02 8.5901330463082667e-02 2.4651133917364763e+01 31
1 0 1 1 3.3844974848965065e-02 2.4224878592499752e-02 1.0000007915553837e+00 7.6286460908863540e-02 8.6713632725774370e-02 2.4701133910118351e+01 31
1 0 1 1 3.3831779049618378e-02 2.4211000178073545e-02 1.0000008261676545e+00 7.6222188681804914e-02 8.7528388908166402e-02 2.4751133902842543e+01 31
1 0 1 1 3.3818348739212634e-02 2.4197023246464281e-02 1.0000008620710437e+00 7.6158014223155462e-02 8.8345579765642876e-02 2.4801133895535784e+01 31
1 0 1 1 3.3804686279925993e-02 2.4182949174805440e-02 1.0000008993045946e+00 7.6093938643515990e-02 8.9165186116308318e-02 2.4851133888208278e+01 31
1 0 1 1 3.3790794026841806e-02 2.4168779331554816e-02 1.0000009379082035e+00 7.6029963044105559e-02 8.9987188841053473e-02 2.4901133880855014e+01 31
1 0 1 1 3.3776674327794583e-02 2.4154515076486568e-02 1.0000009779226278e+00 7.5966088516717684e-02 9.0811568884353197e-02 2.4951133873473722e+01 31
1 0 1 1 3.3762329523225561e-02 2.4140157760684785e-02 1.0000010193894950e+00 7.5902316143700466e-02 9.1638307254890125e-02 2.5001133866073548e+01 31
1 0 1 1 3.3747761946044723e-02 2.4125708726542360e-02 1.0000010623513098e+00 7.5838646997974102e-02 9.2467385025647303e-02 2.5051133858652577e+01 31
1 0 1 1 3.3732973921487309e-02 2.4111169307755375e-02 1.0000011068514623e+00 7.5775082143003492e-02 9.3298783334470808e-02 2.5101133851204509e+01 31
1 0 1 1 3.3717967766976283e-02 2.4096540829316917e-02 1.0000011529342350e+00 7.5711622632766012e-02 9.4132483384963592e-02 2.5151133843746351e+01 31
1 0 1 1 3.3702745792002269e-02 2.4081824607530909e-02 1.0000012006448113e+00 7.5648269511806004e-02 9.4968466445945740e-02 2.5201133836260464e+01 31
1 0 1 1 3.3687310297974206e-02 2.4067021949993037e-02 1.0000012500292808e+00 7.5585023815149366e-02 9.5806713852976955e-02 2.5251133828761589e+01 31
1 0 1 1 3.3671663578111896e-02 2.4052134155609053e-02 1.0000013011346471e+00 7.5521886568363394e-02 9.6647207007888883e-02 2.5301133821245276e+01 31
1 0 1 1 3.3655807917314741e-02 2.4037162514592491e-02 1.0000013540088344e+00 7.5458858787521454e-02 9.7489927379575306e-02 2.5351133813712199e+01 31
1 0 1 1 3.3639745592038493e-02 2.4022108308463502e-02 1.0000014087006928e+00 7.5395941479205919e-02 9.8334856504273732e-02 2.5401133806163433e+01 31
1 0 1 1 3.3623478870181411e-02 2.4006972810057800e-02 1.0000014652600051e+00 7.5333135640507087e-02 9.9181975985974016e-02 2.5451133798603490e+01 31
1 0 1 1 3.3607010010975033e-02 2.3991757283538393e-02 1.0000015237374917e+00 7.5270442259036202e-02 1.0003126749654428e-01 2.5501133791027485e+01 31
1 0 1 1 3.3590341264865348e-02 2.3976462984394393e-02 1.0000015841848162e+00 7.5207862312904938e-02 1.0088271277639176e-01 2.5551133783440910e+01 31
1 0 1 1 3.3573474873405375e-02 2.3961091159450262e-02 1.0000016466545907e+00 7.5145396770749551e-02 1.0173629363445087e-01 2.5601133775840381e+01 31
1 0 1 1 3.3556413069153676e-02 2.3945643046879406e-02 1.0000017112003794e+00 7.5083046591715608e-02 1.0259199194882998e-01 2.5651133768233407e+01 31
1 0 1 1 3.3539158075572874e-02 2.3930119876216210e-02 1.0000017778767041e+00 7.5020812725490799e-02 1.0344978966665792e-01 2.5701133760612290e+01 31
1 0 1 1 3.3521712106921085e-02 2.3914522868355936e-02 1.0000018467390470e+00 7.4958696112276624e-02 1.0430966880487891e-01 2.5751133752984472e+01 30
1 0 1 1 3.3504077368164548e-02 2.3898853235579626e-02 1.0000019178438557e+00 7.4896697682826391e-02 1.0517161145012208e-01 2.5801133745348618e+01 30
1 0 1 1 3.3486256054879683e-02 2.3883112181560067e-02 1.0000019912485452e+00 7.4834818358440969e-02 1.0603559975913041e-01 2.5851133737704927e+01 30
1 0 1 1 3.3468250353161082e-02 2.3867300901378691e-02 1.0000020670115013e+00 7.4773059050979668e-02 1.0690161595899431e-01 2.5901133730053793e+01 30
1 0 1 1 3.3450062439530130e-02 2.3851420581534215e-02 1.0000021451920829e+00 7.4711420662870398e-02 1.0776964234740485e-01 2.5951133722397245e+01 30
1 0 1 1 3.3431694480854847e-02 2.3835472399968270e-02 1.0000022258506243e+00 7.4649904087126268e-02 1.0863966129284794e-01 2.6001133714736252e+01 30
1 0 1 1 3.3413147903570029e-02 2.3819457526075505e-02 1.0000023090484371e+00 7.4588510207358794e-02 1.0951165523482854e-01 2.6051133707071685e+01 30
1 0 1 1 3.3394417496853783e-02 2.3803377120722460e-02 1.0000023948478114e+00 7.4527239897793585e-02 1.1038560668399834e-01 2.6101133699399380e+01 30
1 0 1 1 3.3375513756719238e-02 2.3787232336262856e-02 1.0000024833120162e+00 7.4466094023268647e-02 1.1126149822269303e-01 2.6151133691729608e+01 30
1 0 1 1 3.3356438809010722e-02 2.3771024316559797e-02 1.0000025745053007e+00 7.4405073439287178e-02 1.1213931250451209e-01 2.6201133684052497e+01 30
1 0 1 1 3.3337194769475234e-02 2.3754754197004877e-02 1.0000026684928938e+00 7.4344178991991194e-02 1.1301903225518461e-01 2.6251133676376661e+01 30
1 0 1 1 3.3317783743694346e-02 2.3738423104536655e-02 1.0000027653410042e+00 7.4283411518215742e-02 1.1390064027222509e-01 2.6301133668700519e+01 30
1 0 1 1 3.3298207827018145e-02 2.3722032157665229e-02 1.0000028651168196e+00 7.4222771845493807e-02 1.1478411942528458e-01 2.6351133661022615e+01 30
1 0 1 1 3.3278469104498561e-02 2.3705582466490779e-02 1.0000029678885045e+00 7.4162260792072443e-02 1.1566945265635056e-01 2.6401133653344502e+01 30
1 0 1 1 3.3258569650825354e-02 2.3689075132725144e-02 1.0000030737252004e+00 7.4101879166937973e-02 1.1655662297983094e-01 2.6451133645667390e+01 30
1 0 1 1 3.3238511530269646e-02 2.3672511249715610e-02 1.0000031826970217e+00 7.4041627769838247e-02 1.1744561348276730e-01 2.6501133637996674e+01 30
1 0 1 1 3.3218296796631859e-02 2.3655891902477549e-02 1.0000032948750546e+00 7.3981507391322116e-02 1.1833640732457179e-01 2.6551133630319502e+01 30
1 0 1 1 3.3197927493167204e-02 2.3639218167697793e-02 1.0000034103313533e+00 7.3921518812714471e-02 1.1922898773800596e-01 2.6601133622653879e+01 30
1 0 1 1 3.3177405652557140e-02 2.3622491113783978e-02 1.0000035291389366e+00 7.3861662806209205e-02 1.2012333802817388e-01 2.6651133614985358e+01 30
1 0 1 1 3.3156733296839040e-02 2.3605711800871912e-02 1.0000036513717838e+00 7.3801940134829935e-02 1.2101944157365070e-01 2.6701133607324788e+01 30
1 0 1 1 3.3135912437370033e-02 2.3588881280863613e-02 1.0000037771048305e+00 7.3742351552503471e-02 1.2191728182582215e-01 2.6751133599666005e+01 30
1 0 1 1 3.3114945074770391e-02 2.3572000597442407e-02 1.0000039064139632e+00 7.3682897804054959e-02 1.2281684230950710e-01 2.6801133592016082e+01 30
1 0 1 1 3.3093833198889526e-02 2.3555070786113241e-02 1.0000040393760143e+00 7.3623579625263391e-02 1.2371810662251533e-01 2.6851133584365815e+01 30
1 0 1 1 3.3072578788749946e-02 2.3538092874216623e-02 1.0000041760687557e+00 7.3564397742851728e-02 1.2462105843640635e-01 2.6901133576728171e+01 30
1 0 1 1 3.3051183812524594e-02 2.3521067880971320e-02 1.0000043165708923e+00 7.3505352874564500e-02 1.2552568149574989e-01 2.6951133569093709e+01 30
1 0 1 1 3.3029650227482082e-02 2.3503996817490509e-02 1.0000044609620553e+00 7.3446445729154930e-02 1.2643195961886936e-01 2.7001133561468585e+01 30
1 0 1 1 3.3007979979961237e-02 2.3486880686820557e-02 1.0000046093227941e+00 7.3387677006442720e-02 1.2733987669738686e-01 2.7051133553846427e+01 30
1 0 1 1 3.2986175005325004e-02 2.3469720483957991e-02 1.0000047617345693e+00 7.3329047397316438e-02 1.2824941669686066e-01 2.7101133546241712e+01 30
1 0 1 1 3.2964237227950138e-02 2.3452517195903223e-02 1.0000049182797426e+00 7.3270557583816787e-02 1.2916056365583514e-01 2.7151133538634529e+01 30
1 0 1 1 3.2942168561163630e-02 2.3435271801657963e-02 1.0000050790415687e+00 7.3212208239091414e-02 1.3007330168725420e-01 2.7201133531047748e+01 30
1 0 1 1 3.2919970907251107e-02 2.3417985272291365e-02 1.0000052441041858e+00 7.3154000027517069e-02 1.3098761497695491e-01 2.7251133523462215e+01 29
1 0 1 1 3.2897646157397736e-02 2.3400658570943353e-02 1.0000054135526046e+00 7.3095933604650998e-02 1.3190348778503386e-01 2.7301133515891184e+01 29
1 0 1 1 3.2875196191684872e-02 2.3383292652873547e-02 1.0000055874726979e+00 7.3038009617322680e-02 1.3282090444493577e-01 2.7351133508329845e+01 29
1 0 1 1 3.2852622879056534e-02 2.3365888465485801e-02 1.0000057659511896e+00 7.2980228703639960e-02 1.3373984936391409e-01 2.7401133500780322e+01 29
1 0 1 1 3.2829928077299536e-02 2.3348446948362515e-02 1.0000059490756423e+00 7.2922591493034872e-02 1.3466030702278739e-01 2.7451133493238512e+01 29
1 0 1 1 3.2807113633024992e-02 2.3330969033298368e-02 1.0000061369344455e+00 7.2865098606282430e-02 1.3558226197635914e-01 2.7501133485717258e+01 29
1 0 1 1 3.2784181381655154e-02 2.3313455644335856e-02 1.0000063296168018e+00 7.2807750655580483e-02 1.3650569885249977e-01 2.7551133478197816e+01 29
1 0 1 1 3.2761133147393581e-02 2.3295907697791867e-02 1.0000065272127145e+00 7.2750548244515711e-02 1.3743060235344712e-01 2.7601133470700734e+01 29
1 0 1 1 3.2737970743230239e-02 2.3278326102303692e-02 1.0000067298129722e+00 7.2693491968179813e-02 1.3835695725438946e-01 2.7651133463211302e+01 29
1 0 1 1 3.2714695970907863e-02 2.3260711758849036e-02 1.0000069375091354e+00 7.2636582413143108e-02 1.3928474840447627e-01 2.7701133455735640e+01 29
1 0 1 1 3.2691310620921843e-02 2.3243065560789186e-02 1.0000071503935204e+00 7.2579820157522845e-02 1.4021396072632902e-01 2.7751133448276370e+01 29
1 0 1 1 3.2667816472514093e-02 2.3225388393907635e-02 1.0000073685591835e+00 7.2523205771022808e-02 1.4114457921595250e-01 2.7801133440829993e+01 29
1 0 1 1 3.2644215293654646e-02 2.3207681136435315e-02 1.0000075920999052e+00 7.2466739814959047e-02 1.4207658894295178e-01 2.7851133433401738e+01 29
1 0 1 1 3.2620508841045372e-02 2.3189944659096139e-02 1.0000078211101728e+00 7.2410422842318412e-02 1.4300997505008603e-01 2.7901133425984078e+01 29
1 0 1 1 3.2596698860102094e-02 2.3172179825132991e-02 1.0000080556851632e+00 7.2354255397769546e-02 1.4394472275368156e-01 2.7951133418582209e+01 29
1 0 1 1 3.2572787084959469e-02 2.3154387490349169e-02 1.0000082959207242e+00 7.2298238017723115e-02 1.4488081734332922e-01 2.8001133411201486e+01 29
1 0 1 1 3.2548775238473882e-02 2.3136568503149799e-02 1.0000085419133562e+00 7.2242371230383851e-02 1.4581824418152356e-01 2.8051133403831674e+01 29
1 0 1 1 3.2524665032208806e-02 2.3118723704567693e-02 1.0000087937601929e+00 7.2186655555755874e-02 1.4675698870423842e-01 2.8101133396481760e+01 29
1 0 1 1 3.2500458166446700e-02 2.3100853928307519e-02 1.0000090515589817e+00 7.2131091505718892e-02 1.4769703642024837e-01 2.8151133389148317e+01 29
1 0 1 1 3.2476156330186801e-02 2.3082960000782447e-02 1.0000093154080625e+00 7.2075679584051033e-02 1.4863837291129586e-01 2.8201133381828392e+01 29
1 0 1 1 3.2451761201141037e-02 2.3065042741142669e-02 1.0000095854063475e+00 7.2020420286463299e-02 1.4958098383222204e-01 2.8251133374531886e+01 29
1 0 1 1 3.2427274445757416e-02 2.3047102961328472e-02 1.0000098616532989e+00 7.1965314100673000e-02 1.5052485491030576e-01 2.8301133367251069e+01 29
1 0 1 1 3.2402697719208860e-02 2.3029141466095426e-02 1.0000101442489073e+00 7.1910361506415388e-02 1.5146997194568118e-01 2.8351133359988047e+01 29
1 0 1 1 3.2378032665404642e-02 2.3011159053054505e-02 1.0000104332936686e+00 7.1855562975498749e-02 1.5241632081098119e-01 2.8401133352741599e+01 29
1 0 1 1 3.2353280916999794e-02 2.2993156512710188e-02 1.0000107288885602e+00 7.1800918971839767e-02 1.5336388745147311e-01 2.8451133345519988e+01 29
1 0 1 1 3.2328444095413633e-02 2.2975134628507619e-02 1.0000110311350181e+00 7.1746429951532520e-02 1.5431265788438303e-01 2.8501133338310925e+01 29
1 0 1 1 3.2303523810819842e-02 2.2957094176852506e-02 1.0000113401349111e+00 7.1692096362848678e-02 1.5526261819961035e-01 2.8551133331126032e+01 29
1 0 1 1 3.2278521662181869e-02 2.2939035927168165e-02 1.0000116559905168e+00 7.1637918646324655e-02 1.5621375455884326e-01 2.8601133323960230e+01 29
1 0 1 1 3.2253439237250034e-02 2.2920960641922047e-02 1.0000119788044950e+00 7.1583897234780980e-02 1.5716605319578369e-01 2.8651133316810448e+01 29
1 0 1 1 3.2228278112577606e-02 2.2902869076665583e-02 1.0000123086798625e+00 7.1530032553360767e-02 1.5811950041626172e-01 2.8701133309688270e+01 29
1 0 1 1 3.2203039853550386e-02 2.2884761980082571e-02 1.0000126457199645e+00 7.1476325019610293e-02 1.5907408259735331e-01 2.8751133302580904e+01 29
1 0 1 1 3.2177726014384116e-02 2.2866640094016268e-02 1.0000129900284489e+00 7.1422775043476994e-02 1.6002978618809194e-01 2.8801133295495312e+01 29
1 0 1 1 3.2152338138150445e-02 2.2848504153510914e-02 1.0000133417092376e+00 7.1369383027383937e-02 1.6098659770882356e-01 2.8851133288432575e+01 29
1 0 1 1 3.2126877756802862e-02 2.2830354886859371e-02 1.0000137008664973e+00 7.1316149366271286e-02 1.6194450375116221e-01 2.8901133281392408e+01 28
1 0 1 1 3.2101346391188265e-02 2.2812193015634363e-02 1.0000140676046112e+00 7.1263074447640906e-02 1.6290349097779444e-01 2.8951133274371362e+01 28
1 0 1 1 3.2075745551063239e-02 2.2794019254724848e-02 1.0000144420281489e+00 7.1210158651591970e-02 1.6386354612243628e-01 2.9001133267368527e+01 28
1 0 1 1 3.2050076735122668e-02 2.2775834312381119e-02 1.0000148242418361e+00 7.1157402350864263e-02 1.6482465598994486e-01 2.9051133260399176e+01 28
1 0 1 1 3.2024341431034054e-02 2.2757638890260966e-02 1.0000152143505232e+00 7.1104805910928826e-02 1.6578680745510777e-01 2.9101133253440604e+01 28
1 0 1 1 3.1998541115431274e-02 2.2739433683449793e-02 1.0000156124591553e+00 7.1052369689957401e-02 1.6674998746398609e-01 2.9151133246510106e+01 28
1 0 1 1 3.1972677253966533e-02 2.2721219380516456e-02 1.0000160186727380e+00 7.1000094038934453e-02 1.6771418303257429e-01 2.9201133239604683e+01 28
1 0 1 1 3.1946751301328034e-02 2.2702996663551241e-02 1.0000164330963073e+00 7.0947979301681008e-02 1.6867938124688936e-01 2.9251133232713773e+01 28
1 0 1 1 3.1920764701253816e-02 2.2684766208193416e-02 1.0000168558348941e+00 7.0896025814872976e-02 1.6964556926357482e-01 2.9301133225860269e+01 28
1 0 1 1 3.1894718886588860e-02 2.2666528683693211e-02 1.0000172869934920e+00 7.0844233908160886e-02 1.7061273430802620e-01 2.9351133219012436e+01 28
1 0 1 1 3.1868615279266765e-02 2.2648284752918524e-02 1.0000177266770234e+00 7.0792603904108020e-02 1.7158086367655040e-01 2.9401133212205107e+01 28
1 0 1 1 3.1842455290394402e-02 2.2630035072432948e-02 1.0000181749903028e+00 7.0741136118359527e-02 1.7254994473368221e-01 2.9451133205410603e+01 28
1 0 1 1 3.1816240320234113e-02 2.2611780292504807e-02 1.0000186320380036e+00 7.0689830859584191e-02 1.7351996491408647e-01 2.9501133198646190e+01 28
1 0 1 1 3.1789971758262946e-02 2.2593521057162724e-02 1.0000190979246208e+00 7.0638688429591534e-02 1.7449091172094194e-01 2.9551133191901396e+01 28
1 0 1 1 3.1763650983189791e-02 2.2575258004229357e-02 1.0000195727544356e+00 7.0587709123334341e-02 1.7546277272670924e-01 2.9601133185186775e+01 28
1 0 1 1 3.1737279362997750e-02 2.2556991765365554e-02 1.0000200566314779e+00 7.0536893228993702e-02 1.7643553557207178e-01 2.9651133178490173e+01 28
1 0 1 1 3.1710858254962691e-02 2.2538722966101200e-02 1.0000205496594889e+00 7.0486241027983565e-02 1.7740918796668337e-01 2.9701133171825141e+01 28
1 0 1 1 3.1684389005707123e-02 2.2520452225889550e-02 1.0000210519418833e+00 7.0435752795044437e-02 1.7838371768797923e-01 2.9751133165180235e+01 28
1 0 1 1 3.1657872951214812e-02 2.2502180158131949e-02 1.0000215635817111e+00 7.0385428798248328e-02 1.7935911258187834e-01 2.9801133158565879e+01 28
1 0 1 1 3.1631311416882905e-02 2.2483907370231201e-02 1.0000220846816179e+00 7.0335269299083736e-02 1.8033536056171537e-01 2.9851133151969911e+01 28
1 0 1 1 3.1604705717534806e-02 2.2465634463612476e-02 1.0000226153438065e+00 7.0285274552460808e-02 1.8131244960893628e-01 2.9901133145404788e+01 28
1 0 1 1 3.1578057157483352e-02 2.2447362033784602e-02 1.0000231556699959e+00 7.0235444806801023e-02 1.8229036777206803e-01 2.9951133138864947e+01 28
1 0 1 1 3.1551367030551877e-02 2.2429090670367725e-02 1.0000237057613812e+00 7.0185780304060141e-02 1.8326910316696243e-01 3.0001133132350724e+01 28
1 0 1 1 3.1524636620113337e-02 2.2410820957132635e-02 1.0000242657185932e+00 7.0136281279781498e-02 1.8424864397642085e-01 3.0051133125860634e+01 28
1 0 1 1 3.1497867199129212e-02 2.2392553472042366e-02 1.0000248356416563e+00 7.0086947963137913e-02 1.8522897845014547e-01 3.0101133119399805e+01 28
1 0 1 1 3.1471060030191622e-02 2.2374288787293341e-02 1.0000254156299468e+00 7.0037780576993558e-02 1.8621009490413901e-01 3.0151133112960999e+01 28
1 0 1 1 3.1444216365554140e-02 2.2356027469348453e-02 1.0000260057821515e+00 6.9988779337927298e-02 1.8719198172107007e-01 3.0201133106554810e+01 28
1 0 1 1 3.1417337447189199e-02 2.2337770078990390e-02 1.0000266061962229e+00 6.9939944456313990e-02 1.8817462734931129e-01 3.0251133100171931e+01 28
1 0 1 1 3.1390424501756574e-02 2.2319517171341285e-02 1.0000272169693378e+00 6.9891276136339830e-02 1.8915802030335258e-01 3.0301133093817018e+01 28
1 0 1 1 3.1363472609677742e-02 2.2301269295920381e-02 1.0000278381978533e+00 6.9842774576068800e-02 1.9014214916314151e-01 3.0351133087485493e+01 28
1 0 1 1 3.1336489052840998e-02 2.2283026996667607e-02 1.0000284699772621e+00 6.9794439967473032e-02 1.9112700257430049e-01 3.0401133081187911e+01 28
1 0 1 1 3.1309475034506797e-02 2.2264790811996883e-02 1.0000291124021485e+00 6.9746272496511497e-02 1.9211256924712936e-01 3.0451133074910821e+01 28
1 0 1 1 3.1282431747821714e-02 2.2246561274822822e-02 1.0000297655661434e+00 6.9698272343134193e-02 1.9309883795733040e-01 3.0501133068665521e+01 28
1 0 1 1 3.1255360375878498e-02 2.2228338912609048e-02 1.0000304295618785e+00 6.9650439681368248e-02 1.9408579754495284e-01 3.0551133062447263e+01 28
1 0 1 1 3.1228262091749955e-02 2.2210124247402201e-02 1.0000311044809418e+00 6.9602774679344503e-02 1.9507343691450663e-01 3.0601133056253047e+01 27
1 0 1 1 3.1201138058528335e-02 2.2191917795866010e-02 1.0000317904138303e+00 6.9555277499339985e-02 1.9606174503493357e-01 3.0651133050093147e+01 27
1 0 1 1 3.1173989429388656e-02 2.2173720069336090e-02 1.0000324874499038e+00 6.9507948297853533e-02 1.9705071093867577e-01 3.0701133043955576e+01 27
1 0 1 1 3.1146817347608224e-02 2.2155531573838403e-02 1.0000331956773387e+00 6.9460787225614884e-02 1.9804032372223884e-01 3.0751133037848163e+01 27
1 0 1 1 3.1119622946628914e-02 2.2137352810141401e-02 1.0000339151830804e+00 6.9413794427659770e-02 1.9903057254538137e-01 3.0801133031769748e+01 27
1 0 1 1 3.1092407350097686e-02 2.2119184273790497e-02 1.0000346460527958e+00 6.9366970043367671e-02 2.0002144663100832e-01 3.0851133025717747e+01 27
1 0 1 1 3.1065171671907029e-02 2.2101026455142714e-02 1.0000353883708255e+00 6.9320314206503197e-02 2.0101293526505776e-01 3.0901133019695411e+01 27
1 0 1 1 3.1037917016251138e-02 2.2082879839412570e-02 1.0000361422201354e+00 6.9273827045272574e-02 2.0200502779608390e-01 3.0951133013703348e+01 27
1 0 1 1 3.1010644477665078e-02 2.2064744906703980e-02 1.0000369076822690e+00 6.9227508682369765e-02 2.0299771363485611e-01 3.1001133007732879e+01 27
1 0 1 1 3.0983355141065209e-02 2.2046622132044676e-02 1.0000376848372985e+00 6.9181359234999906e-02 2.0399098225485754e-01 3.1051133001803841e+01 27
1 0 1 1 3.0956050081822097e-02 2.2028511985441215e-02 1.0000384737637742e+00 6.9135378814982384e-02 2.0498482319046146e-01 3.1101132995886164e+01 27
1 0 1 1 3.0928730365760961e-02 2.2010414931884853e-02 1.0000392745386784e+00 6.9089567528707263e-02 2.0597922603898028e-01 3.1151132990016183e+01 27
1 0 1 1 3.0901397049273634e-02 2.1992331431434316e-02 1.0000400872373723e+00 6.9043925477293350e-02 2.0697418045770530e-01 3.1201132984160434e+01 27
1 0 1 1 3.0874051179298437e-02 2.1974261939204012e-02 1.0000409119335492e+00 6.8998452756525885e-02 2.0796967616609230e-01 3.1251132978340017e+01 27
1 0 1 1 3.0846693793419835e-02 2.1956206905439663e-02 1.0000417486991831e+00 6.8953149456977669e-02 2.0896570294392830e-01 3.1301132972550633e+01 27
1 0 1 1 3.0819325919892823e-02 2.1938166775535329e-02 1.0000425976044787e+00 6.8908015664029543e-02 2.0996225063147336e-01 3.1351132966784466e+01 27
1 0 1 1 3.0791948577691863e-02 2.1920141990075415e-02 1.0000434587178209e+00 6.8863051457900393e-02 2.1095930912970273e-01 3.1401132961054387e+01 27
1 0 1 1 3.0764562776572520e-02 2.1902132984875287e-02 1.0000443321057249e+00 6.8818256913729448e-02 2.1195686839906699e-01 3.1451132955346690e+01 27
1 0 1 1 3.0737169517102394e-02 2.1884140191009274e-02 1.0000452178327850e+00 6.8773632101579052e-02 2.1295491846035985e-01 3.1501132949677217e+01 27
1 0 1 1 3.0709769790734084e-02 2.1866164034861475e-02 1.0000461159616241e+00 6.8729177086528537e-02 2.1395344939313965e-01 3.1551132944026403e+01 27
1 0 1 1 3.0682364579821944e-02 2.1848204938141033e-02 1.0000470265528423e+00 6.8684891928660785e-02 2.1495245133695881e-01 3.1601132938414374e+01 27
1 0 1 1 3.0654954857708479e-02 2.1830263317942064e-02 1.0000479496649661e+00 6.8640776683168814e-02 2.1595191448966605e-01 3.1651132932829803e+01 27
1 0 1 1 3.0627541588751171e-02 2.1812339586766146e-02 1.0000488853543981e+00 6.8596831400360936e-02 2.1695182910797575e-01 3.1701132927271740e+01 27
1 0 1 1 3.0600125728371397e-02 2.1794434152555095e-02 1.0000498336753640e+00 6.8553056125710998e-02 2.1795218550704559e-01 3.1751132921743043e+01 27
1 0 1 1 3.0572708223114749e-02 2.1776547418736334e-02 1.0000507946798636e+00 6.8509450899908730e-02 2.1895297406028985e-01 3.1801132916254030e+01 27
1 0 1 1 3.0545290010709249e-02 2.1758679784260878e-02 1.0000517684176171e+00 6.8466015758928356e-02 2.1995418519822083e-01 3.1851132910779246e+01 27
1 0 1 1 3.0517872020079745e-02 2.1740831643617540e-02 1.0000527549360165e+00 6.8422750734005944e-02 2.2095580941000140e-01 3.1901132905348209e+01 27
1 0 1 1 3.0490455171448490e-02 2.1723003386900388e-02 1.0000537542800718e+00 6.8379655851769139e-02 2.2195783724100115e-01 3.1951132899937541e+01 27
1 0 1 1 3.0463040376340900e-02 2.1705195399814067e-02 1.0000547664923616e+00 6.8336731134206963e-02 2.2296025929435864e-01 3.2001132894562957e+01 27
1 0 1 1 3.0435628537668336e-02 2.1687408063729791e-02 1.0000557916129815e+00 6.8293976598766182e-02 2.2396306622941520e-01 3.2051132889215047e+01 27
1 0 1 1 3.0408220549758908e-02 2.1669641755707209e-02 1.0000568296794927e+00 6.8251392258362409e-02 2.2496624876226712e-01 3.2101132883900775e+01 27
1 0 1 1 3.0380817298424085e-02 2.1651896848541283e-02 1.0000578807268707e+00 6.8208978121446717e-02 2.2596979766483719e-01 3.2151132878610596e+01 27
1 0 1 1 3.0353419660989069e-02 2.1634173710778654e-02 1.0000589447874564e+00 6.8166734192021849e-02 2.2697370376530304e-01 3.2201132873355050e+01 27
1 0 1 1 3.0326028506367286e-02 2.1616472706772586e-02 1.0000600218909028e+00 6.8124660469715048e-02 2.2797795794717518e-01 3.2251132868131414e+01 27
1 0 1 1 3.0298644695100706e-02 2.1598794196706933e-02 1.0000611120641265e+00 6.8082756949809031e-02 2.2898255114908900e-01 3.2301132862928050e+01 27
1 0 1 1 3.0271269079395351e-02 2.1581138536620161e-02 1.0000622153312564e+00 6.8041023623259256e-02 2.2998747436545183e-01 3.2351132857770757e+01 26
1 0 1 1 3.0243902503216076e-02 2.1563506078469085e-02 1.0000633317135839e+00 6.7999460476802887e-02 2.3099271864423296e-01 3.2401132852626155e+01 26
1 0 1 1 3.0216545802276628e-02 2.1545897170120849e-02 1.0000644612295140e+00 6.7958067492909280e-02 2.3199827508911086e-01 3.2451132847523091e+01 26
1 0 1 1 3.0189199804148973e-02 2.1528312155425496e-02 1.0000656038945139e+00 6.7916844649907521e-02 2.3300413485712052e-01 3.2501132842449181e+01 26
1 0 1 1 3.0161865328283070e-02 2.1510751374228997e-02 1.0000667597210657e+00 6.7875791921983009e-02 2.3401028915936603e-01 3.2551132837400154e+01 26
1 0 1 1 3.0134543186056684e-02 2.1493215162403208e-02 1.0000679287186165e+00 6.7834909279218036e-02 2.3501672926085890e-01 3.2601132832386440e+01 26
1 0 1 1 3.0107234180845426e-02 2.1475703851894255e-02 1.0000691108935302e+00 6.7794196687658237e-02 2.3602344647952361e-01 3.2651132827396566e+01 26
1 0 1 1 3.0079939108051592e-02 2.1458217770739155e-02 1.0000703062490399e+00 6.7753654109321604e-02 2.3703043218689004e-01 3.2701132822446134e+01 26
1 0 1 1 3.0052658755180879e-02 2.1440757243112920e-02 1.0000715147851988e+00 6.7713281502281869e-02 2.3803767780650723e-01 3.2751132817513295e+01 26
1 0 1 1 3.0025393901860587e-02 2.1423322589344131e-02 1.0000727364988358e+00 6.7673078820651267e-02 2.3904517481548399e-01 3.2801132812627884e+01 26
1 0 1 1 2.9998145319936879e-02 2.1405914125972172e-02 1.0000739713835043e+00 6.7633046014700882e-02 2.4005291474168441e-01 3.2851132807747334e+01 26
1 0 1 1 2.9970913773456780e-02 2.1388532165738425e-02 1.0000752194294424e+00 6.7593183030788401e-02 2.4106088916686558e-01 3.2901132802925225e+01 26
1 0 1 1 2.9943700018812008e-02 2.1371177017675939e-02 1.0000764806235205e+00 6.7553489811540940e-02 2.4206908972234026e-01 3.2951132798110024e+01 26
1 0 1 1 2.9916504642882872e-02 2.1353847469656455e-02 1.0000777551465740e+00 6.7513966295751709e-02 2.4307751401893340e-01 3.3001133065557525e+01 26
1 0 1 1 2.9889328477247009e-02 2.1336540792470670e-02 1.0000790434075124e+00 6.7474613063607858e-02 2.4408615025369190e-01 3.3051133380606423e+01 26
1 0 1 1 2.9862173297606848e-02 2.1319262453745373e-02 1.0000803447399813e+00 6.7435430800136253e-02 2.4509495171069090e-01 3.3101131902706669e+01 26
1 0 1 1 2.9835037577912681e-02 2.1302011315792988e-02 1.0000816592256048e+00 6.7396416185777186e-02 2.4610399390586832e-01 3.3151132779003582e+01 26
1 0 1 1 2.9807923793363410e-02 2.1284788787436094e-02 1.0000829867497900e+00 6.7357571676302852e-02 2.4711320344837748e-01 3.3201132774349716e+01 26
1 0 1 1 2.9780832176808797e-02 2.1267594852312558e-02 1.0000843273018334e+00 6.7318896503206549e-02 2.4812259005271592e-01 3.3251132769726738e+01 26
1 0 1 1 2.9753763432046314e-02 2.1250429794727653e-02 1.0000856808443179e+00 6.7280390583356969e-02 2.4913214570594008e-01 3.3301132765123214e+01 26
1 0 1 1 2.9726718255556898e-02 2.1233293895474067e-02 1.0000870473361188e+00 6.7242053830106896e-02 2.5014186244529407e-01 3.3351132760562450e+01 26
1 0 1 1 2.9699697336591283e-02 2.1216187431882107e-02 1.0000884267323626e+00 6.7203886153386044e-02 2.5115173235628152e-01 3.3401132756021006e+01 26
1 0 1 1 2.9672701357178598e-02 2.1199110677825740e-02 1.0000898189843910e+00 6.7165887459676971e-02 2.5216174757413740e-01 3.3451132751514052e+01 26
1 0 1 1 2.9645730992207294e-02 2.1182063903771180e-02 1.0000912240397208e+00 6.7128057652097506e-02 2.5317190028219255e-01 3.3501132747027803e+01 26
1 0 1 1 2.9618786909447557e-02 2.1165047376788919e-02 1.0000926418420100e+00 6.7090396630399007e-02 2.5418218271290649e-01 3.3551132742583782e+01 26
1 0 1 1 2.9591869769639633e-02 2.1148061360608775e-02 1.0000940723310201e+00 6.7052904291055954e-02 2.5519258714589726e-01 3.3601132738153737e+01 26
1 0 1 1 2.9564980226491403e-02 2.1131106115614140e-02 1.0000955154425837e+00 6.7015580527232305e-02 2.5620310590981216e-01 3.3651132733765898e+01 26
1 0 1 1 2.9538118926780210e-02 2.1114181898904818e-02 1.0000969711085690e+00 6.6978425228891247e-02 2.5721373137978870e-01 3.3701132729391823e+01 26
1 0 1 1 2.9511286510350815e-02 2.1097288964294941e-02 1.0000984392568502e+00 6.6941438282756505e-02 2.5822445597948357e-01 3.3751132725059080e+01 26
1 0 1 1 2.9484483610213705e-02 2.1080427562370937e-02 1.0000999198112743e+00 6.6904619572419444e-02 2.5923527217869857e-01 3.3801132720746800e+01 26
1 0 1 1 2.9457710852553262e-02 2.1063597940494342e-02 1.0001014126916328e+00 6.6867968978317260e-02 2.6024617249462906e-01 3.3851132716459901e+01 26
1 0 1 1 2.9430968856791331e-02 2.1046800342840295e-02 1.0001029178136329e+00 6.6831486377788574e-02 2.6125714949125400e-01 3.3901132712211187e+01 26
1 0 1 1 2.9404258235651529e-02 2.1030035010434305e-02 1.0001044350888695e+00 6.6795171645130380e-02 2.6226819577826255e-01 3.3951132707980726e+01 26
1 0 1 1 2.9377579595174928e-02 2.1013302181160345e-02 1.0001059644248005e+00 6.6759024651586979e-02 2.6327930401198624e-01 3.4001132703773720e+01 26
1 0 1 1 2.9350933534780320e-02 2.0996602089794994e-02 1.0001075057247226e+00 6.6723045265403041e-02 2.6429046689492408e-01 3.4051132699609880e+01 26
1 0 1 1 2.9324320647341019e-02 2.0979934968054580e-02 1.0001090588877466e+00 6.6687233351893249e-02 2.6530167717409925e-01 3.4101132695452968e+01 25
1 0 1 1 2.9297741519170761e-02 2.0963301044582470e-02 1.0001106238087782e+00 6.6651588773394527e-02 2.6631292764340619e-01 3.4151132691339434e+01 25
1 0 1 1 2.9271196730136898e-02 2.0946700545016135e-02 1.0001122003784955e+00 6.6616111389388888e-02 2.6732421114051003e-01 3.4201132687236907e+01 25
1 0 1 1 2.9244686853647256e-02 2.0930133691978461e-02 1.0001137884833333e+00 6.6580801056452449e-02 2.6833552054933124e-01 3.4251132683178021e+01 25
1 0 1 1 2.9218212456755484e-02 2.0913600705137869e-02 1.0001153880054636e+00 6.6545657628369226e-02 2.6934684879706200e-01 3.4301132679124962e+01 25
1 0 1 1 2.9191774100141465e-02 2.0897101801195708e-02 1.0001169988227829e+00 6.6510680956071933e-02 2.7035818885689783e-01 3.4351132675115238e+01 25
1 0 1 1 2.9165372338225474e-02 2.0880637193953434e-02 1.0001186208088959e+00 6.6475870887765021e-02 2.7136953374484174e-01 3.4401132671114908e+01 25
1 0 1 1 2.9139007719149224e-02 2.0864207094297260e-02 1.0001202538331073e+00 6.6441227268870529e-02 2.7238087652214532e-01 3.4451132667150652e+01 25
1 0 1 1 2.9112680784873737e-02 2.0847811710256490e-02 1.0001218977604081e+00 6.6406749942127086e-02 2.7339221029307642e-01 3.4501132663210051e+01 25
1 0 1 1 2.9086392071196638e-02 2.0831451247011093e-02 1.0001235524514696e+00 6.6372438747583196e-02 2.7440352820566660e-01 3.4551132659289223e+01 25
1 0 1 1 2.9060142107797362e-02 2.0815125906916917e-02 1.0001252177626361e+00 6.6338293522627129e-02 2.7541482345139318e-01 3.4601132655387488e+01 25
1 0 1 1 2.9033931418280489e-02 2.0798835889529608e-02 1.0001268935459222e+00 6.6304314102014594e-02 2.7642608926529488e-01 3.4651132651523653e+01 25
1 0 1 1 2.9007760520246503e-02 2.0782581391644631e-02 1.0001285796490067e+00 6.6270500317933245e-02 2.7743731892452855e-01 3.4701132647675038e+01 25
1 0 1 1 2.8981629925298753e-02 2.0766362607298260e-02 1.0001302759152353e+00 6.6236851999981777e-02 2.7844850574951219e-01 3.4751132643843910e+01 25
1 0 1 1 2.8955540139099283e-02 2.0750179727800973e-02 1.0001319821836208e+00 6.6203368975212895e-02 2.7945964310346705e-01 3.4801132640044273e+01 25
1 0 1 1 2.8929491661427598e-02 2.0734032941766910e-02 1.0001336982888458e+00 6.6170051068184021e-02 2.8047072439134063e-01 3.4851132636259436e+01 25
1 0 1 1 2.8903475760298430e-02 2.0717922435125633e-02 1.0001354240612699e+00 6.6136898100947833e-02 2.8148174306095319e-01 3.4901132632506993e+01 25
1 0 1 1 2.8877500292970010e-02 2.0701848391160342e-02 1.0001371593269346e+00 6.6103909893120649e-02 2.8249269260121163e-01 3.4951132628760888e+01 25
1 0 1 1 2.8851567644757343e-02 2.0685810990506447e-02 1.0001389039075765e+00 6.6071086261852568e-02 2.8350356654384051e-01 3.5001132625045571e+01 25
1 0 1 1 2.8825678292830170e-02 2.0669810411199953e-02 1.0001406576206369e+00 6.6038427021909318e-02 2.8451435846156242e-01 3.5051132621355471e+01 25
1 0 1 1 2.8799832708663351e-02 2.0653846828691275e-02 1.0001424202792748e+00 6.6005931985677169e-02 2.8552506196821303e-01 3.5101132617668917e+01 25
1 0 1 1 2.8774031358046740e-02 2.0637920415846986e-02 1.0001441916923879e+00 6.5973600963152745e-02 2.8653567071992248e-01 3.5151132614016198e+01 25
1 0 1 1 2.8748274701179580e-02 2.0622031343005415e-02 1.0001459716646257e+00 6.5941433762030210e-02 2.8754617841289043e-01 3.5201132610377108e+01 25
1 0 1 1 2.8722563192671344e-02 2.0606179777974777e-02 1.0001477599964139e+00 6.5909430187675921e-02 2.8855657878481672e-01 3.5251132606759796e+01 25
1 0 1 1 2.8696897281601172e-02 2.0590365886063638e-02 1.0001495564839769e+00 6.5877590043177725e-02 2.8956686561384531e-01 3.5301132603157434e+01 25
1 0 1 1 2.8671277411545223e-02 2.0574589830094598e-02 1.0001513609193629e+00 6.5845913129352257e-02 2.9057703271886332e-01 3.5351132599570825e+01 25
1 0 1 1 2.8645704020623126e-02 2.0558851770432256e-02 1.0001531730904725e+00 6.5814399244771921e-02 2.9158707395937028e-01 3.5401132596008260e+01 25
1 0 1 1 2.8620177541543796e-02 2.0543151865003387e-02 1.0001549927810882e+00 6.5783048185801468e-02 2.9259698323471461e-01 3.5451132592457213e+01 25
1 0 1 1 2.8594698401629766e-02 2.0527490269312432e-02 1.0001568197709090e+00 6.5751859746595531e-02 2.9360675448480994e-01 3.5501132588925110e+01 25
1 0 1 1 2.8569267022867429e-02 2.0511867136464888e-02 1.0001586538355833e+00 6.5720833719139171e-02 2.9461638168922344e-01 3.5551132585402947e+01 25
1 0 1 1 2.8543883821931199e-02 2.0496282617180891e-02 1.0001604947467488e+00 6.5689969893249517e-02 2.9562585886790771e-01 3.5601132581907549e+01 25
1 0 1 1 2.8518549210250922e-02 2.0480736859833579e-02 1.0001623422720709e+00 6.5659268056629916e-02 2.9663518007969009e-01 3.5651132578412792e+01 25
1 0 1 1 2.8493263594003504e-02 2.0465230010437960e-02 1.0001641961752872e+00 6.5628727994838848e-02 2.9764433942410135e-01 3.5701132574948097e+01 25
1 0 1 1 2.8468027374204972e-02 2.0449762212704999e-02 1.0001660562162500e+00 6.5598349491371721e-02 2.9865333103876479e-01 3.5751132571474152e+01 25
1 0 1 1 2.8442840946679690e-02 2.0434333608019068e-02 1.0001679221509792e+00 6.5568132327600448e-02 2.9966214910233668e-01 3.5801132568035108e+01 25
1 0 1 1 2.8417704702172090e-02 2.0418944335503023e-02 1.0001697937317053e+00 6.5538076282883218e-02 3.0067078783128764e-01 3.5851132564604889e+01 24
1 0 1 1 2.8392619026333971e-02 2.0403594532005378e-02 1.0001716707069284e+00 6.5508181134522225e-02 3.0167924148150987e-01 3.5901132561172432e+01 24
1 0 1 1 2.8367584299754646e-02 2.0388284332116709e-02 1.0001735528214708e+00 6.5478446657775913e-02 3.0268750434858538e-01 3.5951132557760218e+01 24
1 0 1 1 2.8342600898029313e-02 2.0373013868207092e-02 1.0001754398165357e+00 6.5448872625915366e-02 3.0369557076643572e-01 3.6001132554362613e+01 24
1 0 1 1 2.8317669191778829e-02 2.0357783270434932e-02 1.0001773314297664e+00 6.5419458810223541e-02 3.0470343510776560e-01 3.6051132550972824e+01 24
1 0 1 1 2.8292789546680016e-02 2.0342592666759966e-02 1.0001792273953103e+00 6.5390204980005917e-02 3.0571109178396605e-01 3.6101132547583248e+01 24
1 0 1 1 2.8267962323491398e-02 2.0327442182958799e-02 1.0001811274438854e+00 6.5361110902596664e-02 3.0671853524570525e-01 3.6151132544218441e+01 24
1 0 1 1 2.8243187878123154e-02 2.0312331942659682e-02 1.0001830313028455e+00 6.5332176343417009e-02 3.0772575998094781e-01 3.6201132540842437e+01 24
1 0 1 1 2.8218466561613670e-02 2.0297262067328251e-02 1.0001849386962549e+00 6.5303401065923083e-02 3.0873276051766585e-01 3.6251132537496289e+01 24
1 0 1 1 2.8193798720233497e-02 2.0282232676325097e-02 1.0001868493449557e+00 6.5274784831702293e-02 3.0973953142039723e-01 3.6301132534131675e+01 24
1 0 1 1 2.8169184695436882e-02 2.0267243886874634e-02 1.0001887629666510e+00 6.5246327400393933e-02 3.1074606729392840e-01 3.6351132530796995e+01 24
1 0 1 1 2.8144624823976002e-02 2.0252295814126759e-02 1.0001906792759747e+00 6.5218028529800132e-02 3.1175236277943935e-01 3.6401132527451082e+01 24
1 0 1 1 2.8120119437865583e-02 2.0237388571137434e-02 1.0001925979845792e+00 6.5189887975815208e-02 3.1275841255757836e-01 3.6451132524116602e+01 24
1 0 1 1 2.8095668202071739e-02 2.0222517197598214e-02 1.0001945206853609e+00 6.5161905492491956e-02 3.1376423601379189e-01 3.6501133548908690e+01 24
1 0 1 1 2.8071273297311222e-02 2.0207685365944635e-02 1.0001964460380470e+00 6.5134082556535466e-02 3.1476975265138613e-01 3.6551131958028350e+01 24
1 0 1 1 2.8046933042797321e-02 2.0192894238662662e-02 1.0001983730229242e+00 6.5106416267277700e-02 3.1577504085181995e-01 3.6601132002785995e+01 24
1 0 1 1 2.8022648326150972e-02 2.0178144270118693e-02 1.0002003012952887e+00 6.5078907031773353e-02 3.1678007186374141e-01 3.6651132511053476e+01 24
1 0 1 1 2.7998419929861594e-02 2.0163435850922506e-02 1.0002022305153342e+00 6.5051555133027239e-02 3.1778482095725580e-01 3.6701132507740446e+01 24
1 0 1 1 2.7974247909626489e-02 2.0148768930974888e-02 1.0002041603981109e+00 6.5024360033736905e-02 3.1878929332435663e-01 3.6751132504445330e+01 24
1 0 1 1 2.7950132565433519e-02 2.0134143609338979e-02 1.0002060906365653e+00 6.4997321477107989e-02 3.1979348390888979e-01 3.6801132501109180e+01 24
1 0 1 1 2.7926074192745596e-02 2.0119559983075887e-02 1.0002080209213680e+00 6.4970439204503405e-02 3.2079738769522786e-01 3.6851132497813353e+01 24
1 0 1 1 2.7902073082659472e-02 2.0105018147337114e-02 1.0002099509410063e+00 6.4943712955595367e-02 3.2180099970258552e-01 3.6901132494497723e+01 24
1 0 1 1 2.7878129521828263e-02 2.0090518195312844e-02 1.0002118803818951e+00 6.4917142468256250e-02 3.2280431498921197e-01 3.6951132491171386e+01 24
1 0 1 1 2.7854243792522826e-02 2.0076060218267865e-02 1.0002138089284800e+00 6.4890727478605470e-02 3.2380732865149947e-01 3.7001132487868915e+01 24
1 0 1 1 2.7830416172702634e-02 2.0061644305579190e-02 1.0002157362633410e+00 6.4864467721064134e-02 3.2481003582160162e-01 3.7051132484533262e+01 24
1 0 1 1 2.7806646935956719e-02 2.0047270544697092e-02 1.0002176620673098e+00 6.4838362928269333e-02 3.2581243167141899e-01 3.7101132481215537e+01 24
1 0 1 1 2.7782936351619682e-02 2.0032939021212549e-02 1.0002195860195728e+00 6.4812412831177779e-02 3.2681451140880696e-01 3.7151132477886208e+01 24
1 0 1 1 2.7759284684743191e-02 2.0018649818836224e-02 1.0002215077977901e+00 6.4786617159012183e-02 3.2781627027977139e-01 3.7201132474545375e+01 24
1 0 1 1 2.7735692196132703e-02 2.0004403019416566e-02 1.0002234270782089e+00 6.4760975639281237e-02 3.2881770356816387e-01 3.7251132471208606e+01 24
1 0 1 1 2.7712159142395158e-02 1.9990198702966467e-02 1.0002253435357789e+00 6.4735487997807983e-02 3.2981880659483964e-01 3.7301132467864520e+01 24
1 0 1 1 2.7688685775946822e-02 1.9976036947662652e-02 1.0002272568442718e+00 6.4710153958716626e-02 3.3081957471822659e-01 3.7351132464504168e+01 24
1 0 1 1 2.7665272345031803e-02 1.9961917829855843e-02 1.0002291666764029e+00 6.4684973244431399e-02 3.3182000333490347e-01 3.7401132461149288e+01 24
1 0 1 1 2.7641919093779711e-02 1.9947841424099465e-02 1.0002310727039487e+00 6.4659945575716221e-02 3.3282008787795597e-01 3.7451132457770925e+01 24
1 0 1 1 2.7618626262186790e-02 1.9933807803136253e-02 1.0002329745978744e+00 6.4635070671632960e-02 3.3381982381908104e-01 3.7501132454394003e+01 24
1 0 1 1 2.7595394086183445e-02 1.9919817037936709e-02 1.0002348720284548e+00 6.4610348249592164e-02 3.3481920666680748e-01 3.7551132451007717e+01 24
1 0 1 1 2.7572222797637071e-02 1.9905869197694270e-02 1.0002367646654009e+00 6.4585778025335522e-02 3.3581823196724836e-01 3.7601132447604058e+01 24
1 0 1 1 2.7549112624371624e-02 1.9891964349836935e-02 1.0002386521779880e+00 6.4561359712935029e-02 3.3681689530468906e-01 3.7651132444205516e+01 24
1 0 1 1 2.7526063790225021e-02 1.9878102560055875e-02 1.0002405342351808e+00 6.4537093024831960e-02 3.3781519229976137e-01 3.7701132440774117e+01 24
1 0 1 1 2.7503076515018755e-02 1.9864283892284920e-02 1.0002424105057659e+00 6.4512977671783323e-02 3.3881311861204239e-01 3.7751132437340374e+01 24
1 0 1 1 2.7480151014631551e-02 1.9850508408741634e-02 1.0002442806584788e+00 6.4489013362919512e-02 3.3981066993798431e-01 3.7801132433898971e+01 24
1 0 1 1 2.7457287501005921e-02 1.9836776169927649e-02 1.0002461443621360e+00 6.4465199805730844e-02 3.4080784201165021e-01 3.7851132430445148e+01 24
1 0 1 1 2.7434486182172577e-02 1.9823087234638406e-02 1.0002480012857651e+00 6.4441536706070224e-02 3.4180463060449795e-01 3.7901132426963279e+01 24
1 0 1 1 2.7411744324008579e-02 1.9809441659964962e-02 1.0002498510987403e+00 6.4418023768137683e-02 3.4280103152659830e-01 3.7951132423486158e+01 24
1 0 1 1 2.7389056545546086e-02 1.9795839501329324e-02 1.0002516934709098e+00 6.4394660694531647e-02 3.4379704062427341e-01 3.8001132419976798e+01 24
1 0 1 1 2.7366431637171999e-02 1.9782280812462506e-02 1.0002535280727349e+00 6.4371447186194086e-02 3.4479265378310542e-01 3.8051132416477706e+01 24
1 0 1 1 2.7343869791426507e-02 1.9768765645455856e-02 1.0002553545754176e+00 6.4348382942482879e-02 3.4578786692432728e-01 3.8101132412928862e+01 24
1 0 1 1 2.7321371196992187e-02 1.9755294050715647e-02 1.0002571726510410e+00 6.4325467661083852e-02 3.4678267600944257e-01 3.8151132409399167e+01 24
1 0 1 1 2.7298936038825876e-02 1.9741866077038275e-02 1.0002589819726959e+00 6.4302701038121635e-02 3.4777707703514715e-01 3.8201132405829973e+01 24
1 0 1 1 2.7276564498085843e-02 1.9728481771563222e-02 1.0002607822146221e+00 6.4280082768066626e-02 3.4877106603764302e-01 3.8251132402251002e+01 24
1 0 1 1 2.7254256752209480e-02 1.9715141179817368e-02 1.0002625730523373e+00 6.4257612543795417e-02 3.4976463909040634e-01 3.8301132398666880e+01 24
1 0 1 1 2.7232012974936281e-02 1.9701844345722423e-02 1.0002643541627723e+00 6.4235290056589622e-02 3.5075779230367560e-01 3.8351132395030866e+01 24
1 0 1 1 2.7209833336263294e-02 1.9688591311567829e-02 1.0002661252244087e+00 6.4213114996079512e-02 3.5175052182823069e-01 3.8401132391433983e+01 24
1 0 1 1 2.7187718002603275e-02 1.9675382118100163e-02 1.0002678859174028e+00 6.4191087050374240e-02 3.5274282384854949e-01 3.8451132387759024e+01 24
1 0 1 1 2.7165667136628487e-02 1.9662216804425512e-02 1.0002696359237311e+00 6.4169205905893589e-02 3.5373469459127371e-01 3.8501132384107365e+01 24
1 0 1 1 2.7143680897456605e-02 1.9649095408119776e-02 1.0002713749273109e+00 6.4147471247530563e-02 3.5472613031786387e-01 3.8551132380426445e+01 24
1 0 1 1 2.7121759440577358e-02 1.9636017965179161e-02 1.0002731026141400e+00 6.4125882758558517e-02 3.5571712732864702e-01 3.8601132376713714e+01 24
1 0 1 1 2.7099902917884524e-02 1.9622984510035066e-02 1.0002748186724248e+00 6.4104440120649198e-02 3.5670768196256636e-01 3.8651132373004515e+01 24
1 0 1 1 2.7078111477747163e-02 1.9609995075596305e-02 1.0002765227927093e+00 6.4083143013916766e-02 3.5769779059492190e-01 3.8701132369254765e+01 24
1 0 1 1 2.7056385264959626e-02 1.9597049693212503e-02 1.0002782146680069e+00 6.4061991116858341e-02 3.5868744964066807e-01 3.8751132365509619e+01 24
1 0 1 1 2.7034724420838086e-02 1.9584148392730115e-02 1.0002798939939257e+00 6.4040984106424503e-02 3.5967665555094502e-01 3.8801132361726069e+01 24
1 0 1 1 2.7013129083175262e-02 1.9571291202460900e-02 1.0002815604687987e+00 6.4020121657958229e-02 3.6066540481611514e-01 3.8851132357926602e+01 24
1 0 1 1 2.6991599386300181e-02 1.9558478149214457e-02 1.0002832137938067e+00 6.3999403445236691e-02 3.6165369396407560e-01 3.8901132354113727e+01 24
1 0 1 1 2.6970135461094745e-02 1.9545709258304365e-02 1.0002848536731044e+00 6.3978829140469179e-02 3.6264151956057983e-01 3.8951132350286024e+01 24
1 0 1 1 2.6948737435015239e-02 1.9532984553558209e-02 1.0002864798139413e+00 6.3958398414299816e-02 3.6362887820910078e-01 3.9001132346430907e+01 24
1 0 1 1 2.6927405432101814e-02 1.9520304057317698e-02 1.0002880919267860e+00 6.3938110935797599e-02 3.6461576655129574e-01 3.9051132342548712e+01 24
1 0 1 1 2.6906139572997492e-02 1.9507667790449806e-02 1.0002896897254450e+00 6.3917966372462193e-02 3.6560218126749122e-01 3.9101132338676813e+01 24
1 0 1 1 2.6884939975019388e-02 1.9495075772381302e-02 1.0002912729271767e+00 6.3897964390269291e-02 3.6658811907378896e-01 3.9151132334744425e+01 24
1 0 1 1 2.6863806752082473e-02 1.9482528021053373e-02 1.0002928412528158e+00 6.3878104653585399e-02 3.6757357672710134e-01 3.9201132330827235e+01 24
1 0 1 1 2.6842740014827494e-02 1.9470024552992828e-02 1.0002943944268785e+00 6.3858386825274449e-02 3.6855855102011448e-01 3.9251132326893682e+01 24
1 0 1 1 2.6821739870592602e-02 1.9457565383291388e-02 1.0002959321776796e+00 6.3838810566646753e-02 3.6954303878317685e-01 3.9301132322900486e+01 24
1 0 1 1 2.6800806161892340e-02 1.9445148729540566e-02 1.0002974553497008e+00 6.3819375537425699e-02 3.7052704706209227e-01 3.9351132718264616e+01 24
1 0 1 1 2.6779938925202522e-02 1.9432771003258298e-02 1.0002989660944068e+00 6.3800081860945268e-02 3.7151057114727726e-01 3.9401133171721177e+01 24
1 0 1 1 2.6759139674571469e-02 1.9420438303254892e-02 1.0003004605756847e+00 6.3780929721665103e-02 3.7249354782472088e-01 3.9451130997698272e+01 25
1 0 1 1 2.6738405963735345e-02 1.9408149132532256e-02 1.0003019387191157e+00 6.3761916437457267e-02 3.7347609421735606e-01 3.9501132307763569e+01 25
1 0 1 1 2.6717739877948541e-02 1.9395904681247678e-02 1.0003034001294173e+00 6.3743043495826157e-02 3.7445811302369758e-01 3.9551132303715306e+01 25
1 0 1 1 2.6697140959504685e-02 1.9383704632440969e-02 1.0003048445977016e+00 6.3724310047558019e-02 3.7543962712823842e-01 3.9601132299652775e+01 25
1 0 1 1 2.6676609293340810e-02 1.9371548991340581e-02 1.0003062718805245e+00 6.3705715743463065e-02 3.7642063362357964e-01 3.9651132295556934e+01 25
1 0 1 1 2.6656144961241100e-02 1.9359437761799790e-02 1.0003076817390475e+00 6.3687260232825949e-02 3.7740112964148481e-01 3.9701132291487866e+01 25
1 0 1 1 2.6635748041940313e-02 1.9347370946350872e-02 1.0003090739391227e+00 6.3668943163478542e-02 3.7838111234812455e-01 3.9751132287345818e+01 25
1 0 1 1 2.6615418611009606e-02 1.9335348546136093e-02 1.0003104482513907e+00 6.3650764181688829e-02 3.7936057895111647e-01 3.9801132283232533e+01 25
1 0 1 1 2.6595156741021354e-02 1.9323370561001370e-02 1.0003118044513575e+00 6.3632722932294217e-02 3.8033952669244975e-01 3.9851132279093257e+01 25
1 0 1 1 2.6574962501481229e-02 1.9311436989451244e-02 1.0003131423194815e+00 6.3614819058626176e-02 3.8131795285248504e-01 3.9901132274924599e+01 25
1 0 1 1 2.6554835958861198e-02 1.9299547828666955e-02 1.0003144616412551e+00 6.3597052202528925e-02 3.8229585474980055e-01 3.9951132270769151e+01 25
1 0 1 1 2.6534777176669123e-02 1.9287703074542396e-02 1.0003157622072769e+00 6.3579422004407249e-02 3.8327322973839778e-01 4.0001132266577216e+01 25
1 0 1 1 2.6514786215399488e-02 1.9275902721651021e-02 1.0003170438133300e+00 6.3561928103174375e-02 3.8425007521137616e-01 4.0051132262399172e+01 25
1 0 1 1 2.6494863132635091e-02 1.9264146763304645e-02 1.0003183062604497e+00 6.3544570136321588e-02 3.8522638859675634e-01 4.0101132258173614e+01 25
1 0 1 1 2.6475007982973541e-02 1.9252435191503030e-02 1.0003195493549952e+00 6.3527347739852358e-02 3.8620216736221263e-01 4.0151132253977373e+01 25
1 0 1 1 2.6455220818158414e-02 1.9240767997011243e-02 1.0003207729087080e+00 6.3510260548378744e-02 3.8717740900961140e-01 4.0201132249747566e+01 25
1 0 1 1 2.6435501687009175e-02 1.9229145169311575e-02 1.0003219767387797e+00 6.3493308195051223e-02 3.8815211107936365e-01 4.0251132245511414e+01 25
1 0 1 1 2.6415850635488985e-02 1.9217566696641493e-02 1.0003231606679064e+00 6.3476490311608291e-02 3.8912627114819748e-01 4.0301132241276669e+01 25
1 0 1 1 2.6396267706730012e-02 1.9206032566005324e-02 1.0003243245243443e+00 6.3459806528384177e-02 3.9009988682881658e-01 4.0351132237018781e+01 25
1 0 1 1 2.6376752941020470e-02 1.9194542763160988e-02 1.0003254681419620e+00 6.3443256474293275e-02 3.9107295577157847e-01 4.0401132232774671e+01 25
1 0 1 1 2.6357306375878721e-02 1.9183097272662347e-02 1.0003265913602872e+00 6.3426839776879157e-02 3.9204547566193576e-01 4.0451132228515235e+01 25
1 0 1 1 2.6337928046032025e-02 1.9171696077841107e-02 1.0003276940245536e+00 6.3410556062289070e-02 3.9301744422220902e-01 4.0501132224244266e+01 25
1 0 1 1 2.6318617983448558e-02 1.9160339160823946e-02 1.0003287759857418e+00 6.3394404955293804e-02 3.9398885921144600e-01 4.0551132219996710e+01 25
1 0 1 1 2.6299376217403959e-02 1.9149026502565992e-02 1.0003298371006160e+00 6.3378386079327831e-02 3.9495971842246885e-01 4.0601132215693717e+01 25
1 0 1 1 2.6280202774395457e-02 1.9137758082797537e-02 1.0003308772317629e+00 6.3362499056420829e-02 3.9593001968793806e-01 4.0651132211462937e+01 25
1 0 1 1 2.6261097307227550e-02 1.9126533880134015e-02 1.0003318962476164e+00 6.3346743507338932e-02 3.9689976087091577e-01 4.0701132207158345e+01 25
1 0 1 1 2.6242049742732299e-02 1.9115353871969873e-02 1.0003328940224951e+00 6.3331119051438900e-02 3.9786893987544686e-01 4.0751132202913240e+01 25
1 0 1 1 2.6223070643346894e-02 1.9104218034592509e-02 1.0003338704366171e+00 6.3315625306828577e-02 3.9883755463653536e-01 4.0801132198633312e+01 25
1 0 1 1 2.6204160024628706e-02 1.9093126343118189e-02 1.0003348253761295e+00 6.3300261890265774e-02 3.9980560312723690e-01 4.0851132194367118e+01 25
1 0 1 1 2.6185317899559662e-02 1.9082078771539019e-02 1.0003357587331219e+00 6.3285028417233491e-02 4.0077308335488337e-01 4.0901132190122844e+01 25
1 0 1 1 2.6166544278572748e-02 1.9071075292735353e-02 1.0003366704056416e+00 6.3269924501947294e-02 4.0173999336045302e-01 4.0951132185842773e+01 25
1 0 1 1 2.6147839169503442e-02 1.9060115878445000e-02 1.0003375602977078e+00 6.3254949757317935e-02 4.0270633122254340e-01 4.1001132181617962e+01 25
1 0 1 1 2.6129202577727811e-02 1.9049200499339763e-02 1.0003384283193155e+00 6.3240103795051461e-02 4.0367209505108986e-01 4.1051132177372097e+01 25
1 0 1 1 2.6110634506081146e-02 1.9038329124972771e-02 1.0003392743864437e+00 6.3225386225580271e-02 4.0463728299238233e-01 4.1101132173131646e+01 25
1 0 1 1 2.6092134954930988e-02 1.9027501723820166e-02 1.0003400984210555e+00 6.3210796658114354e-02 4.0560189322668588e-01 4.1151132168910230e+01 25
1 0 1 1 2.6073703922192965e-02 1.9016718263284129e-02 1.0003409003510957e+00 6.3196334700657636e-02 4.0656592396845664e-01 4.1201132164732712e+01 25
1 0 1 1 2.6055341403395098e-02 1.9005978709729088e-02 1.0003416801104854e+00 6.3181999960041701e-02 4.0752937346366708e-01 4.1251132160503495e+01 25
1 0 1 1 2.6037047391587985e-02 1.8995283028422700e-02 1.0003424376391183e+00 6.3167792041859128e-02 4.0849223999576312e-01 4.1301132156328450e+01 25
1 0 1 1 2.6018821877493156e-02 1.8984631183621380e-02 1.0003431728828429e+00 6.3153710550578029e-02 4.0945452187911036e-01 4.1351132152184753e+01 25
1 0 1 1 2.6000664849487262e-02 1.8974023138556603e-02 1.0003438857934510e+00 6.3139755089517247e-02 4.1041621746049578e-01 4.1401132148008514e+01 25
1 0 1 1 2.5982576293557352e-02 1.8963458855405530e-02 1.0003445763286631e+00 6.3125925260818561e-02 4.1137732512299491e-01 4.1451132143908112e+01 26
1 0 1 1 2.5964556193453333e-02 1.8952938295373888e-02 1.0003452444521006e+00 6.3112220665556440e-02 4.1233784327842427e-01 4.1501132139784168e+01 26
1 0 1 1 2.5946604530588020e-02 1.8942461418637754e-02 1.0003458901332707e+00 6.3098640903656189e-02 4.1329777037408993e-01 4.1551132135689038e+01 26
1 0 1 1 2.5928721284123865e-02 1.8932028184388491e-02 1.0003465133475333e+00 6.3085185573968333e-02 4.1425710488924916e-01 4.1601132131657714e+01 26
1 0 1 1 2.5910906431034695e-02 1.8921638550865011e-02 1.0003471140760736e+00 6.3071854274300121e-02 4.1521584533248923e-01 4.1651132127580986e+01 26
1 0 1 1 2.5893159945995871e-02 1.8911292475286237e-02 1.0003476923058723e+00 6.3058646601345247e-02 4.1617399024914603e-01 4.1701132123606506e+01 26
1 0 1 1 2.5875481801599230e-02 1.8900989913972911e-02 1.0003482480296657e+00 6.3045562150828849e-02 4.1713153821023602e-01 4.1751132119571658e+01 26
1 0 1 1 2.5857871968153659e-02 1.8890730822228401e-02 1.0003487812459133e+00 6.3032600517375942e-02 4.1808848782506797e-01 4.1801132115676637e+01 26
1 0 1 1 2.5840330413970162e-02 1.8880515154500819e-02 1.0003492919587513e+00 6.3019761294704907e-02 4.1904483772607787e-01 4.1851132111703102e+01 26
1 0 1 1 2.5822857105107511e-02 1.8870342864230095e-02 1.0003497801779557e+00 6.3007044075451019e-02 4.2000058658408324e-01 4.1901132107826569e+01 26
1 0 1 1 2.5805452005620795e-02 1.8860213903991063e-02 1.0003502459188913e+00 6.2994448451347718e-02 4.2095573309599016e-01 4.1951132103985707e+01 26
1 0 1 1 2.5788115077488780e-02 1.8850128225446031e-02 1.0003506892024658e+00 6.2981974013167880e-02 4.2191027598927222e-01 4.2001132100130079e+01 26
1 0 1 1 2.5770846246985561e-02 1.8840085576862335e-02 1.0003511102077451e+00 6.2969620350719790e-02 4.2286421550064235e-01 4.2051132157086570e+01 26
1 0 1 1 2.5753644423053980e-02 1.8830079259668647e-02 1.0003515140130559e+00 6.2957387097878126e-02 4.2381759592148344e-01 4.2101134110497526e+01 26
1 0 1 1 2.5736512745489860e-02 1.8820117339358306e-02 1.0003518953897956e+00 6.2945275276643564e-02 4.2477025238891414e-01 4.2151129942280114e+01 26
1 0 1 1 2.5719446907999599e-02 1.8810197286563590e-02 1.0003522544739958e+00 6.2933281462798502e-02 4.2572242067363592e-01 4.2201132086592239e+01 26
1 0 1 1 2.5702449758739261e-02 1.8800320732266503e-02 1.0003525912487019e+00 6.2921407287157116e-02 4.2667393846481216e-01 4.2251132082974287e+01 26
1 0 1 1 2.5685520513312507e-02 1.8790487195661048e-02 1.0003529057816365e+00 6.2909651817600054e-02 4.2762484558042851e-01 4.2301132079364578e+01 26
1 0 1 1 2.5668659119958696e-02 1.8780696622157061e-02 1.0003531981297777e+00 6.2898014638955890e-02 4.2857514095303911e-01 4.2351132075833725e+01 26
1 0 1 1 2.5651865525074934e-02 1.8770948956360167e-02 1.0003534683551969e+00 6.2886495335278819e-02 4.2952482354145372e-01 4.2401132072349412e+01 26
1 0 1 1 2.5635139673203401e-02 1.8761244142062778e-02 1.0003537165249936e+00 6.2875093489835415e-02 4.3047389233269445e-01 4.2451132068891084e+01 26
1 0 1 1 2.5618481507032841e-02 1.8751582122238916e-02 1.0003539427112236e+00 6.2863808685116818e-02 4.3142234634271004e-01 4.2501132065506205e+01 26
1 0 1 1 2.5601890967473364e-02 1.8741962839087824e-02 1.0003541469908299e+00 6.2852640502889301e-02 4.3237018461367044e-01 4.2551132062179150e+01 26
1 0 1 1 2.5585367993653817e-02 1.8732386234025289e-02 1.0003543294455677e+00 6.2841588524196745e-02 4.3331740621459597e-01 4.2601132058882627e+01 26
1 0 1 1 2.5568912522919519e-02 1.8722852247682498e-02 1.0003544901619315e+00 6.2830652329366216e-02 4.3426401024316919e-01 4.2651132055686240e+01 26
1 0 1 1 2.5552524490933971e-02 1.8713360819958530e-02 1.0003546292310779e+00 6.2819831498073908e-02 4.3520999582027775e-01 4.2701132052485299e+01 26
1 0 1 1 2.5536203831579219e-02 1.8703911889962087e-02 1.0003547467487490e+00 6.2809125609290112e-02 4.3615536209742300e-01 4.2751132049406486e+01 26
1 0 1 1 2.5519950477122199e-02 1.8694505396102616e-02 1.0003548428151920e+00 6.2798534241390036e-02 4.3710010824781909e-01 4.2801132046353878e+01 26
1 0 1 1 2.5503764358114987e-02 1.8685141276031096e-02 1.0003549175350794e+00 6.2788056972097106e-02 4.3804423347346222e-01 4.2851132043397804e+01 26
1 0 1 1 2.5487645403516671e-02 1.8675819466705851e-02 1.0003549710174278e+00 6.2777693378560318e-02 4.3898773699884391e-01 4.2901132040457497e+01 26
1 0 1 1 2.5471593540608458e-02 1.8666539904341278e-02 1.0003550033755140e+00 6.2767443037315240e-02 4.3993061807725609e-01 4.2951132037652094e+01 26
1 0 1 1 2.5455608695157037e-02 1.8657302524497953e-02 1.0003550147267914e+00 6.2757305524384077e-02 4.4087287598186453e-01 4.3001132034842435e+01 27
1 0 1 1 2.5439690791271095e-02 1.8648107261997768e-02 1.0003550051928047e+00 6.2747280415198947e-02 4.4181451001567557e-01 4.3051132032175872e+01 27
1 0 1 1 2.5423839751599068e-02 1.8638954051035304e-02 1.0003549748991050e+00 6.2737367284724899e-02 4.4275551950054548e-01 4.3101132029517800e+01 27
1 0 1 1 2.5408055497181718e-02 1.8629842825088446e-02 1.0003549239751597e+00 6.2727565707383082e-02 4.4369590378728246e-01 4.3151132027006163e+01 27
1 0 1 1 2.5392337947642122e-02 1.8620773517025471e-02 1.0003548525542680e+00 6.2717875257166711e-02 4.4463566224504486e-01 4.3201132024502520e+01 27
1 0 1 1 2.5376687021041101e-02 1.8611746059019888e-02 1.0003547607734697e+00 6.2708295507566181e-02 4.4557479427144842e-01 4.3251132022145782e+01 27
1 0 1 1 2.5361102634069894e-02 1.8602760382656097e-02 1.0003546487734589e+00 6.2698826031683197e-02 4.4651329928138667e-01 4.3301132019773597e+01 27
1 0 1 1 2.5345584701872516e-02 1.8593816418825369e-02 1.0003545166984891e+00 6.2689466402143540e-02 4.4745117671949458e-01 4.3351132017603071e+01 27
1 0 1 1 2.5330133138303838e-02 1.8584914097873457e-02 1.0003543646962874e+00 6.2680216191252691e-02 4.4838842604541435e-01 4.3401132015459503e+01 27
1 0 1 1 2.5314738688929205e-02 1.8576053349495976e-02 1.0003541929179605e+00 6.2671074970898216e-02 4.4932504674459872e-01 4.3451132013370710e+01 27
1 0 1 1 2.5299409869232618e-02 1.8567234102782128e-02 1.0003540015179047e+00 6.2662042312607719e-02 4.5026103832541181e-01 4.3501132011426975e+01 27
1 0 1 1 2.5284147222580863e-02 1.8558456286259899e-02 1.0003537906537132e+00 6.2653117787606405e-02 4.5119640031455233e-01 4.3551132009553989e+01 27
1 0 1 1 2.5268950656883834e-02 1.8549719827861407e-02 1.0003535604860836e+00 6.2644300966789968e-02 4.5213113226186108e-01 4.3601132007784202e+01 27
1 0 1 1 2.5253820078761386e-02 1.8541024654953994e-02 1.0003533111787262e+00 6.2635591420771464e-02 4.5306523373714447e-01 4.3651132006105620e+01 27
1 0 1 1 2.5238755393554108e-02 1.8532370694346566e-02 1.0003530428982712e+00 6.2626988719890309e-02 4.5399870433062661e-01 4.3701132004499094e+01 27
1 0 1 1 2.5223756505316199e-02 1.8523757872281499e-02 1.0003527558141752e+00 6.2618492434223405e-02 4.5493154365444965e-01 4.3751132003036830e+01 27
1 0 1 1 2.5208823316909129e-02 1.8515186114486243e-02 1.0003524500986303e+00 6.2610102133640405e-02 4.5586375133783708e-01 4.3801132001637662e+01 27
1 0 1 1 2.5193955729926817e-02 1.8506655346127800e-02 1.0003521259264683e+00 6.2601817387777037e-02 4.5679532703284886e-01 4.3851132000392816e+01 27
1 0 1 1 2.5179153644824911e-02 1.8498165491882261e-02 1.0003517834750715e+00 6.2593637766107352e-02 4.5772627040697472e-01 4.3901131999184393e+01 27
1 0 1 1 2.5164416960806721e-02 1.8489716475870107e-02 1.0003514229242760e+00 6.2585562837897402e-02 4.5865658115178831e-01 4.3951131998164719e+01 27
1 0 1 1 2.5149745576002885e-02 1.8481308221754766e-02 1.0003510444562842e+00 6.2577592172307017e-02 4.5958625897225686e-01 4.4001131997198478e+01 27
1 0 1 1 2.5135139387350239e-02 1.8472940652668825e-02 1.0003506482555686e+00 6.2569725338331050e-02 4.6051530359517245e-01 4.4051131996332614e+01 27
1 0 1 1 2.5120598290655223e-02 1.8464613691252615e-02 1.0003502345087794e+00 6.2561961904853941e-02 4.6144371476703550e-01 4.4101131995696427e+01 27
1 0 1 1 2.5106122180738100e-02 1.8456327259729361e-02 1.0003498034046598e+00 6.2554301440719051e-02 4.6237149224459384e-01 4.4151131995009187e+01 27
1 0 1 1 2.5091710951174153e-02 1.8448081279757188e-02 1.0003493551339435e+00 6.2546743514614478e-02 4.6329863581336816e-01 4.4201131994593304e+01 27
1 0 1 1 2.5077364494646162e-02 1.8439875672629037e-02 1.0003488898892769e+00 6.2539287695257406e-02 4.6422514526544589e-01 4.4251131994191390e+01 28
1 0 1 1 2.5063082702668021e-02 1.8431710359109382e-02 1.0003484078651161e+00 6.2531933551268570e-02 4.6515102041845202e-01 4.4301131994008060e+01 28
1 0 1 1 2.5048865465837292e-02 1.8423585259578681e-02 1.0003479092576482e+00 6.2524680651304843e-02 4.6607626110017208e-01 4.4351131993892352e+01 28
1 0 1 1 2.5034712673690798e-02 1.8415500293948114e-02 1.0003473942646952e+00 6.2517528563993591e-02 4.6700086715868350e-01 4.4401131993900350e+01 28
1 0 1 1 2.5020624214779484e-02 1.8407455381698679e-02 1.0003468630856269e+00 6.2510476857988939e-02 4.6792483845874833e-01 4.4451131994117866e+01 28
1 0 1 1 2.5006599976758807e-02 1.8399450441933123e-02 1.0003463159212771e+00 6.2503525102016455e-02 4.6884817487662089e-01 4.4501131994390860e+01 28
1 0 1 1 2.4992639846261967e-02 1.8391485393298046e-02 1.0003457529738500e+00 6.2496672864824243e-02 4.6977087630917846e-01 4.4551131994837945e+01 28
1 0 1 1 2.4978743709038610e-02 1.8383560154063252e-02 1.0003451744468390e+00 6.2489919715260522e-02 4.7069294266603007e-01 4.4601131995435829e+01 28
1 0 1 1 2.4964911449930013e-02 1.8375674642104732e-02 1.0003445805449394e+00 6.2483265222269158e-02 4.7161437387175986e-01 4.4651131996156010e+01 28
1 0 1 1 2.4951142952867773e-02 1.8367828774901736e-02 1.0003439714739630e+00 6.2476708954899735e-02 4.7253516986716376e-01 4.4701131997046389e+01 28
1 0 1 1 2.4937438100927117e-02 1.8360022469565227e-02 1.0003433474407553e+00 6.2470250482344364e-02 4.7345533060658634e-01 4.4751131998101521e+01 28
1 0 1 1 2.4923796353588511e-02 1.8352253803855856e-02 1.0003427099370514e+00 6.2463889373948339e-02 4.7437488027750163e-01 4.4801133167988468e+01 28
1 0 1 1 2.4910217866576628e-02 1.8344520287778384e-02 1.0003420612614811e+00 6.2457625644116860e-02 4.7529379359914076e-01 4.4851133896807340e+01 28
1 0 1 1 2.4896704248527617e-02 1.8336827020599470e-02 1.0003413982750322e+00 6.2451459132952664e-02 4.7621196440178509e-01 4.4901128792943759e+01 28
1 0 1 1 2.4883251559205850e-02 1.8329171743289609e-02 1.0003407209988473e+00 6.2445387672326935e-02 4.7712965251420858e-01 4.4951132006281519e+01 28
1 0 1 1 2.4869862788901125e-02 1.8321556141956234e-02 1.0003400297974123e+00 6.2439412246976689e-02 4.7804664628032839e-01 4.5001132008119839e+01 28
1 0 1 1 2.4856536949727483e-02 1.8313979638412629e-02 1.0003393248387518e+00 6.2433532034289918e-02 4.7896300469926334e-01 4.5051132010159648e+01 28
1 0 1 1 2.4843273919165035e-02 1.8306442147121245e-02 1.0003386063344371e+00 6.2427746604961948e-02 4.7987872781703578e-01 4.5101132012266689e+01 28
1 0 1 1 2.4830073573865109e-02 1.8298943582179438e-02 1.0003378744964544e+00 6.2422055529917364e-02 4.8079381569856938e-01 4.5151132014652546e+01 28
1 0 1 1 2.4816935789833482e-02 1.8291483857417596e-02 1.0003371295371382e+00 6.2416458380401607e-02 4.8170826841560338e-01 4.5201132017231963e+01 28
1 0 1 1 2.4803860442378402e-02 1.8284062886369558e-02 1.0003363716690954e+00 6.2410954727952744e-02 4.8262208605070139e-01 4.5251132019850687e+01 28
1 0 1 1 2.4790847405979755e-02 1.8276680582198009e-02 1.0003356011051230e+00 6.2405544144376296e-02 4.8353526870816854e-01 4.5301132022898223e+01 29
1 0 1 1 2.4777896554646732e-02 1.8269336857892903e-02 1.0003348180581566e+00 6.2400226201888315e-02 4.8444781648896440e-01 4.5351132025947322e+01 29
1 0 1 1 2.4765007761538050e-02 1.8262031626056718e-02 1.0003340227411781e+00 6.2395000472973555e-02 4.8535972951864448e-01 4.5401132029295695e+01 29
1 0 1 1 2.4752180899267232e-02 1.8254764799073453e-02 1.0003332153671622e+00 6.2389866530520394e-02 4.8627100792647976e-01 4.5451132032836931e+01 29
1 0 1 1 2.4739415839788646e-02 1.8247536289045026e-02 1.0003323961490027e+00 6.2384823947779028e-02 4.8718165185437085e-01 4.5501132036558360e+01 29
1 0 1 1 2.4726712454412419e-02 1.8240346007796570e-02 1.0003315652994449e+00 6.2379872298381128e-02 4.8809166145667782e-01 4.5551132040546094e+01 29
1 0 1 1 2.4714070613866549e-02 1.8233193866909709e-02 1.0003307230310223e+00 6.2375011156377003e-02 4.8900103689656432e-01 4.5601132044797573e+01 29
1 0 1 1 2.4701490188329046e-02 1.8226079777740312e-02 1.0003298695559966e+00 6.2370240096243534e-02 4.8990977834419164e-01 4.5651132049130609e+01 29
1 0 1 1 2.4688971047280194e-02 1.8219003651332378e-02 1.0003290050862821e+00 6.2365558692848794e-02 4.9081788598846965e-01 4.5701132053844496e+01 29
1 0 1 1 2.4676513059750615e-02 1.8211965398557080e-02 1.0003281298334001e+00 6.2360966521553596e-02 4.9172536001983236e-01 4.5751132058783718e+01 29
1 0 1 1 2.4664116094189968e-02 1.8204964930037613e-02 1.0003272440084103e+00 6.2356463158164316e-02 4.9263220064043250e-01 4.5801132063908511e+01 29
1 0 1 1 2.4651780018473880e-02 1.8198002156150354e-02 1.0003263478218500e+00 6.2352048178947767e-02 4.9353840806423804e-01 4.5851132069313827e+01 29
1 0 1 1 2.4639504699966799e-02 1.8191076987060139e-02 1.0003254414836813e+00 6.2347721160666697e-02 4.9444398251358662e-01 4.5901132075050057e+01 29
1 0 1 1 2.4627290005563171e-02 1.8184189332741733e-02 1.0003245252032360e+00 6.2343481680597529e-02 4.9534892421660792e-01 4.5951132080990917e+01 29
1 0 1 1 2.4615135801603898e-02 1.8177339102931064e-02 1.0003235991891548e+00 6.2339329316510483e-02 4.9625323341417543e-01 4.6001132087228619e+01 29
1 0 1 1 2.4603041953948544e-02 1.8170526207165139e-02 1.0003226636493361e+00 6.2335263646709521e-02 4.9715691035541393e-01 4.6051132093837502e+01 29
1 0 1 1 2.4591008328051955e-02 1.8163750554823173e-02 1.0003217187908922e+00 6.2331284250054492e-02 4.9805995529240005e-01 4.6101132100589297e+01 29
1 0 1 1 2.4579034788784669e-02 1.8157012055024024e-02 1.0003207648200809e+00 6.2327390705917113e-02 4.9896236849447911e-01 4.6151132107757583e+01 29
1 0 1 1 2.4567121200648738e-02 1.8150310616747396e-02 1.0003198019422723e+00 6.2323582594262794e-02 4.9986415023293301e-01 4.6201132115278739e+01 30
1 0 1 1 2.4555260704462348e-02 1.8143646148789515e-02 1.0003188303618940e+00 6.2319859495631541e-02 5.0076530078722792e-01 4.6251132123107951e+01 30
1 0 1 1 2.4543458115057582e-02 1.8137018559775144e-02 1.0003178502823866e+00 6.2316220991145088e-02 5.0166582044362185e-01 4.6301132131150339e+01 30
1 0 1 1 2.4531715127848987e-02 1.8130427758093176e-02 1.0003168619061451e+00 6.2312666662497768e-02 5.0256570950495738e-01 4.6351132139818013e+01 30
1 0 1 1 2.4520031605346094e-02 1.8123873652093673e-02 1.0003158654345061e+00 6.2309196092052210e-02 5.0346496826378206e-01 4.6401132148542764e+01 30
1 0 1 1 2.4508407409388828e-02 1.8117356149811446e-02 1.0003148610676607e+00 6.2305808862716777e-02 5.0436359704128986e-01 4.6451132157952067e+01 30
1 0 1 1 2.4496842401691022e-02 1.8110875159267754e-02 1.0003138490046584e+00 6.2302504558103600e-02 5.0526159614578348e-01 4.6501132167568457e+01 30
1 0 1 1 2.4485336443418795e-02 1.8104430588234684e-02 1.0003128294433301e+00 6.2299282762416197e-02 5.0615896590604448e-01 4.6551132177674020e+01 30
1 0 1 1 2.4473889395461464e-02 1.8098022344385272e-02 1.0003118025802724e+00 6.2296143060534076e-02 5.0705570665089517e-01 4.6601132188182319e+01 30
1 0 1 1 2.4462287304444202e-02 1.8091530733373464e-02 1.0003107490801360e+00 6.2293028253381053e-02 5.0796868139040552e-01 4.6652073415264724e+01 44
1 0 1 1 2.4450958760578179e-02 1.8085195545719315e-02 1.0003097080699657e+00 6.2290053022175912e-02 5.0886415330456036e-01 4.6702073427023642e+01 28
1 0 1 1 2.4439688704967290e-02 1.8078896405676729e-02 1.0003086603436404e+00 6.2287158635657452e-02 5.0975899723631424e-01 4.6752073439010815e+01 29
1 0 1 1 2.4438460574414653e-02 1.8078210173038536e-02 1.0003085454419016e+00 6.2286847199864277e-02 5.0985675393796015e-01 4.6757537787156174e+01 29
1 0 1 1 2.4437229346199733e-02 1.8077522249749223e-02 1.0003084301068248e+00 6.2286535765628280e-02 5.0995480539022642e-01 4.6763019032040233e+01 44
