isScalarized | massIncreased | isMonotoneInside | isMonotoneOutside | mass_Baryon | mass_ADM | AST(radius) | radius  |  phi_c | rho_c | ctr |
1 0 1 1 3.2084795112423931e-02 2.4353813439242332e-02 1.0000000000001785e+00 8.5850499999999802e-02 4.8743419083792563e-03 1.7504508617738104e+01 36
1 1 1 1 3.2085057262220724e-02 2.4353920121367435e-02 1.0000000000001787e+00 8.5850124999999805e-02 4.8759401111524298e-03 1.7504802694300295e+01 38
1 1 1 1 3.2085319391969867e-02 2.4354026790553651e-02 1.0000000000001790e+00 8.5849749999999808e-02 4.8775383609776079e-03 1.7505096768948018e+01 38
1 1 1 1 3.2085581501670624e-02 2.4354133446800423e-02 1.0000000000001792e+00 8.5849374999999811e-02 4.8791366579591698e-03 1.7505390841679723e+01 38
1 1 1 1 3.2085843591322903e-02 2.4354240090108597e-02 1.0000000000001794e+00 8.5848999999999814e-02 4.8807350022025704e-03 1.7505684912494086e+01 38
1 1 1 1 3.2130140679981670e-02 2.4372195164798705e-02 1.0000000000002225e+00 8.5785202827537432e-02 5.1534288949781600e-03 1.7555685485159305e+01 36
1 1 1 1 3.2173912284168903e-02 2.4389799788752085e-02 1.0000000000002740e+00 8.5721331316653937e-02 5.4282913708145778e-03 1.7605685678417579e+01 36
1 1 1 1 3.2217163271830995e-02 2.4407057467705891e-02 1.0000000000003351e+00 8.5657381239855279e-02 5.7057469142177408e-03 1.7655686103703570e+01 36
1 1 1 1 3.2259897210588792e-02 2.4423971133676548e-02 1.0000000000004075e+00 8.5593349991579748e-02 5.9861459318033558e-03 1.7705686598815713e+01 36
1 1 1 1 3.2302117175105317e-02 2.4440543481149938e-02 1.0000000000004927e+00 8.5529235484064936e-02 6.2697825343928926e-03 1.7755687020298286e+01 36
1 1 1 1 3.2343776567735440e-02 2.4456777051684048e-02 1.0000000000005926e+00 8.5465035893147689e-02 6.5569055990393104e-03 1.7805687381800546e+01 36
1 1 1 1 3.2384877606462387e-02 2.4472674212131822e-02 1.0000000000007099e+00 8.5400749800085163e-02 6.8477258541713073e-03 1.7855687693693973e+01 36
1 1 1 1 3.2425471174384241e-02 2.4488237183576733e-02 1.0000000000008464e+00 8.5336376137350789e-02 7.1424221832085549e-03 1.7905687964037714e+01 36
1 1 1 1 3.2465559153643457e-02 2.4503468065642055e-02 1.0000000000010052e+00 8.5271914142939054e-02 7.4411466818141486e-03 1.7955688199180042e+01 36
1 1 1 1 3.2505143216020195e-02 2.4518368857046058e-02 1.0000000000011893e+00 8.5207363321310403e-02 7.7440287703790817e-03 1.8005688404252741e+01 36
1 1 1 1 3.2544224859400769e-02 2.4532941472988377e-02 1.0000000000014022e+00 8.5142723409930121e-02 8.0511785754058315e-03 1.8055688583456366e+01 36
1 1 1 1 3.2582806297932934e-02 2.4547181531778321e-02 1.0000000000016480e+00 8.5077994350317376e-02 8.3626963107830462e-03 1.8105689788092295e+01 36
1 1 1 1 3.2620892378655363e-02 2.4561045671250642e-02 1.0000000000019311e+00 8.5013180333151028e-02 8.6786891146049209e-03 1.8155696319755492e+01 36
1 1 1 1 3.2658463042773964e-02 2.4574580661137737e-02 1.0000000000022558e+00 8.4948306506070437e-02 8.9990478055955551e-03 1.8205680607345222e+01 36
1 1 1 1 3.2695554243414152e-02 2.4587800783006576e-02 1.0000000000026281e+00 8.4883312993586812e-02 9.3241271928025584e-03 1.8255689100252791e+01 36
1 1 1 1 3.2732142573124776e-02 2.4600698958843408e-02 1.0000000000030540e+00 8.4818242665976151e-02 9.6537652583510245e-03 1.8305689193494075e+01 36
1 1 1 1 3.2768235264088744e-02 2.4613279104477973e-02 1.0000000000035396e+00 8.4753085272658124e-02 9.9880560446433727e-03 1.8355689275651144e+01 36
1 1 1 1 3.2803833254783941e-02 2.4625542874382914e-02 1.0000000000040929e+00 8.4687841550675325e-02 1.0327032625502408e-02 1.8405689348173080e+01 36
1 1 1 1 3.2838915342865357e-02 2.4637491910248638e-02 1.0000000000047220e+00 8.4622512321174514e-02 1.0670722122689023e-02 1.8455689412304732e+01 36
1 1 1 1 3.2873438582778594e-02 2.4649127844779902e-02 1.0000000000054357e+00 8.4557098479894732e-02 1.1019146461863707e-02 1.8505689469162498e+01 36
1 1 1 1 3.2907469315714630e-02 2.4660452304844867e-02 1.0000000000062441e+00 8.4491600989023696e-02 1.1372323020555148e-02 1.8555689519692216e+01 36
1 1 1 1 3.2941008466138656e-02 2.4671466914119006e-02 1.0000000000071585e+00 8.4426020869994622e-02 1.1730265185673555e-02 1.8605689564722734e+01 36
1 1 1 1 3.2974056964522734e-02 2.4682173295265755e-02 1.0000000000081908e+00 8.4360359197269474e-02 1.2092982833212749e-02 1.8655689604978775e+01 36
1 1 1 1 3.3006615751712987e-02 2.4692573071746639e-02 1.0000000000093547e+00 8.4294617092939284e-02 1.2460482741783310e-02 1.8705689641076159e+01 36
1 1 1 1 3.3038685782609302e-02 2.4702667869301639e-02 1.0000000000106646e+00 8.4228795721971894e-02 1.2832768950065717e-02 1.8755689673545991e+01 36
1 1 1 1 3.3070268029256597e-02 2.4712459317170199e-02 1.0000000000121372e+00 8.4162896288067779e-02 1.3209843066245815e-02 1.8805689702856522e+01 36
1 1 1 1 3.3101368165973005e-02 2.4721904423255531e-02 1.0000000000137907e+00 8.4096920030069300e-02 1.3591758256539419e-02 1.8855696719610211e+01 36
1 1 1 1 3.3131970252129668e-02 2.4731039855275239e-02 1.0000000000156439e+00 8.4030895891588631e-02 1.3978303720218271e-02 1.8905683692832266e+01 36
1 1 1 1 3.3162098738323528e-02 2.4739880029292220e-02 1.0000000000177189e+00 8.3964773460927122e-02 1.4369770997019318e-02 1.8955688901621780e+01 36
1 1 1 1 3.3191740895207156e-02 2.4748422498600264e-02 1.0000000000200386e+00 8.3898583854144226e-02 1.4765979763355358e-02 1.9005689792341652e+01 36
1 1 1 1 3.3220899928990695e-02 2.4756669569922816e-02 1.0000000000226286e+00 8.3832323869754422e-02 1.5166949430530336e-02 1.9055689810772499e+01 36
1 1 1 1 3.3249577475548804e-02 2.4764623073277755e-02 1.0000000000255167e+00 8.3765993726659438e-02 1.5572678452597405e-02 1.9105689827729748e+01 36
1 1 1 1 3.3277774678455274e-02 2.4772284694466861e-02 1.0000000000287337e+00 8.3699594816460554e-02 1.5983157291504353e-02 1.9155689843355077e+01 36
1 1 1 1 3.3305492709955566e-02 2.4779656126513203e-02 1.0000000000323126e+00 8.3633128549956692e-02 1.6398375381300737e-02 1.9205689857793768e+01 36
1 1 1 1 3.3332664513648594e-02 2.4786739069716117e-02 1.0000000000362896e+00 8.3566596355781730e-02 1.6818321222200547e-02 1.9255689871161561e+01 36
1 1 1 1 3.3359351220936466e-02 2.4793535231657570e-02 1.0000000000407041e+00 8.3499999679109205e-02 1.7242982464553885e-02 1.9305689883565016e+01 36
1 1 1 1 3.3385562213687138e-02 2.4800046327151198e-02 1.0000000000455991e+00 8.3433339980511667e-02 1.7672345983388883e-02 1.9355689895087902e+01 36
1 1 1 1 3.3411298803344654e-02 2.4806274078176142e-02 1.0000000000510205e+00 8.3366618734880882e-02 1.8106397945231605e-02 1.9405689905806785e+01 36
1 1 1 1 3.3436562331067551e-02 2.4812220213757903e-02 1.0000000000570191e+00 8.3299837430458878e-02 1.8545123867866185e-02 1.9455689915794590e+01 36
1 1 1 1 3.3461354167701289e-02 2.4817886469829714e-02 1.0000000000636495e+00 8.3232997567964540e-02 1.8988508673841206e-02 1.9505689925106264e+01 36
1 1 1 1 3.3485675713704026e-02 2.4823274589078966e-02 1.0000000000709710e+00 8.3166100659748610e-02 1.9436536738868276e-02 1.9555689933792348e+01 36
1 1 1 1 3.3509528399004326e-02 2.4828386320756356e-02 1.0000000000790477e+00 8.3099148229026976e-02 1.9889191935383820e-02 1.9605689941898028e+01 36
1 1 1 1 3.3532914268727523e-02 2.4833215669403490e-02 1.0000000000879501e+00 8.3032141809164600e-02 2.0346468102297066e-02 1.9655691084268550e+01 36
1 1 1 1 3.3555835265291482e-02 2.4837736662402691e-02 1.0000000000977574e+00 8.2965087505884022e-02 2.0808354204989443e-02 1.9705693972031362e+01 36
1 1 1 1 3.3578286459792557e-02 2.4841985518774978e-02 1.0000000001085438e+00 8.2897998462593214e-02 2.1274704228995342e-02 1.9755684836094687e+01 36
1 1 1 1 3.3600281173688754e-02 2.4845966239401166e-02 1.0000000001204030e+00 8.2830840951031215e-02 2.1745745956923468e-02 1.9805689967030645e+01 35
1 1 1 1 3.3621812324089374e-02 2.4849678996573338e-02 1.0000000001334250e+00 8.2763642566927476e-02 2.2221279847353136e-02 1.9855689972775071e+01 35
1 1 1 1 3.3642883790296667e-02 2.4853126006951057e-02 1.0000000001477132e+00 8.2696398002748917e-02 2.2701335506962697e-02 1.9905689978113539e+01 35
1 1 1 1 3.3663497201311537e-02 2.4856309070273110e-02 1.0000000001633769e+00 8.2629108837752263e-02 2.3185894209550979e-02 1.9955689983079100e+01 35
1 1 1 1 3.3683654213259917e-02 2.4859229990839466e-02 1.0000000001805343e+00 8.2561776657425229e-02 2.3674936957817805e-02 2.0005689987684107e+01 35
1 1 1 1 3.3703356508999721e-02 2.4861890577244659e-02 1.0000000001993126e+00 8.2494403052993104e-02 2.4168444502684194e-02 2.0055689991940593e+01 35
1 1 1 1 3.3722605797728629e-02 2.4864292642129492e-02 1.0000000002198484e+00 8.2426989620967839e-02 2.4666397361069695e-02 2.0105689995874666e+01 35
1 1 1 1 3.3741369505789445e-02 2.4866438001898129e-02 1.0000000002422884e+00 8.2359537962769958e-02 2.5168775831778734e-02 2.0155689999486302e+01 35
1 1 1 1 3.3759654505315213e-02 2.4868328476466344e-02 1.0000000002667901e+00 8.2292049684260682e-02 2.5675560011061721e-02 2.0205690002798850e+01 35
1 1 1 1 3.3777491783677477e-02 2.4869965888993668e-02 1.0000000002935225e+00 8.2224526395403230e-02 2.6186729806177499e-02 2.0255690005818572e+01 35
1 1 1 1 3.3794883167626584e-02 2.4871352065617622e-02 1.0000000003226670e+00 8.2156969709854477e-02 2.6702264948542598e-02 2.0305690008552929e+01 35
1 1 1 1 3.3811830507840888e-02 2.4872488835186089e-02 1.0000000003544174e+00 8.2089381244592474e-02 2.7222145005868479e-02 2.0355690011017813e+01 35
1 1 1 1 3.3828335678468914e-02 2.4873378029003253e-02 1.0000000003889817e+00 8.2021762619586241e-02 2.7746349393227066e-02 2.0405690013221143e+01 35
1 1 1 1 3.3844400576656004e-02 2.4874021480562780e-02 1.0000000004265825e+00 8.1954115457443077e-02 2.8274857383517413e-02 2.0455690015161487e+01 35
1 1 1 1 3.3860027122088132e-02 2.4874421025287839e-02 1.0000000004674579e+00 8.1886441383038883e-02 2.8807648117601566e-02 2.0505690016860299e+01 35
1 1 1 1 3.3875217256509688e-02 2.4874578500277866e-02 1.0000000005118617e+00 8.1818742023251900e-02 2.9344700613017020e-02 2.0555690018318618e+01 35
1 0 1 1 3.3889972943256831e-02 2.4874495744054065e-02 1.0000000005600660e+00 8.1751019006611525e-02 2.9885993772812473e-02 2.0605690019540031e+01 35
1 0 1 1 3.3904296166779056e-02 2.4874174596303981e-02 1.0000000006123606e+00 8.1683273962986136e-02 3.0431506393616772e-02 2.0655690020530677e+01 35
1 0 1 1 3.3918190135239543e-02 2.4873590031424187e-02 1.0000000006690850e+00 8.1615508523282254e-02 3.0981257932093369e-02 2.0705693714538178e+01 35
1 0 1 1 3.3931653002528719e-02 2.4872763270750966e-02 1.0000000007305396e+00 8.1547739335300379e-02 3.1535075449604329e-02 2.0755687389665738e+01 35
1 0 1 1 3.3944691607532419e-02 2.4871703626659483e-02 1.0000000007970924e+00 8.1479942308326614e-02 3.2093135603092474e-02 2.0805688955869076e+01 35
1 0 1 1 3.3957305731467789e-02 2.4870413074998897e-02 1.0000000008691088e+00 8.1412130448330289e-02 3.2655324091308877e-02 2.0855690020928094e+01 35
1 0 1 1 3.3969497334891872e-02 2.4868893490597847e-02 1.0000000009469876e+00 8.1344306151609203e-02 3.3221612748223273e-02 2.0905690020880076e+01 35
1 0 1 1 3.3981268792089014e-02 2.4867146697374949e-02 1.0000000010311556e+00 8.1276469604422724e-02 3.3791991806053870e-02 2.0955690020641885e+01 34
1 0 1 1 3.3992622221981857e-02 2.4865174543630835e-02 1.0000000011220656e+00 8.1208622436538591e-02 3.4366439505912526e-02 2.1005690020209613e+01 34
1 0 1 1 3.4003559760836237e-02 2.4862978876792976e-02 1.0000000012201986e+00 8.1140766276869114e-02 3.4944934032571415e-02 2.1055690019591239e+01 34
1 0 1 1 3.4014083561789477e-02 2.4860561543194600e-02 1.0000000013260655e+00 8.1072902753245357e-02 3.5527453519097203e-02 2.1105690018787939e+01 34
1 0 1 1 3.4024195794384676e-02 2.4857924387850092e-02 1.0000000014402093e+00 8.1005033492158429e-02 3.6113976051611749e-02 2.1155690017807274e+01 34
1 0 1 1 3.4033898644112076e-02 2.4855069254249476e-02 1.0000000015632060e+00 8.0937160118537632e-02 3.6704479673520356e-02 2.1205690016649605e+01 34
1 0 1 1 3.4043194311951817e-02 2.4851997984144385e-02 1.0000000016956667e+00 8.0869284255500828e-02 3.7298942389849321e-02 2.1255690015321672e+01 34
1 0 1 1 3.4052061837102104e-02 2.4848712417341639e-02 1.0000000018382393e+00 8.0801407524141194e-02 3.7897342171092474e-02 2.1305690013824833e+01 34
1 0 1 1 3.4060500961427029e-02 2.4845214391500108e-02 1.0000000019916104e+00 8.0733531543292436e-02 3.8499656957119599e-02 2.1355690012163738e+01 34
1 0 1 1 3.4068539797127234e-02 2.4841505741932033e-02 1.0000000021565074e+00 8.0665657929316514e-02 3.9105864660740751e-02 2.1405690010340336e+01 34
1 0 1 1 3.4076180613496786e-02 2.4837588301410921e-02 1.0000000023337006e+00 8.0597788295882711e-02 3.9715943171262709e-02 2.1455690008360392e+01 34
1 0 1 1 3.4083425692859805e-02 2.4833463899976940e-02 1.0000000025240046e+00 8.0529924253768537e-02 4.0329870357749299e-02 2.1505690006227770e+01 34
1 0 1 1 3.4090277330129919e-02 2.4829134364752752e-02 1.0000000027282816e+00 8.0462067410655536e-02 4.0947624072128284e-02 2.1555690003937585e+01 34
1 0 1 1 3.4096737832383366e-02 2.4824601519753541e-02 1.0000000029474427e+00 8.0394219370897357e-02 4.1569182152639918e-02 2.1605690001507934e+01 34
1 0 1 1 3.4102809518419347e-02 2.4819867185719480e-02 1.0000000031824510e+00 8.0326381735386754e-02 4.2194522426081543e-02 2.1655689998923624e+01 34
1 0 1 1 3.4108494718339419e-02 2.4814933179922997e-02 1.0000000034343237e+00 8.0258556101280798e-02 4.2823622711467974e-02 2.1705689996203994e+01 34
1 0 1 1 3.4113795773126586e-02 2.4809801316016261e-02 1.0000000037041348e+00 8.0190744061891223e-02 4.3456460821995058e-02 2.1755689993342710e+01 34
1 0 1 1 3.4118715034217727e-02 2.4804473403841527e-02 1.0000000039930170e+00 8.0122947206449802e-02 4.4093014568095126e-02 2.1805689990343684e+01 34
1 0 1 1 3.4123254863104260e-02 2.4798951249286650e-02 1.0000000043021664e+00 8.0055167119942039e-02 4.4733261759860622e-02 2.1855689987213655e+01 34
1 0 1 1 3.4127417630906050e-02 2.4793236654107671e-02 1.0000000046328426e+00 7.9987405382943633e-02 4.5377180209291157e-02 2.1905689983948935e+01 33
1 0 1 1 3.4131205717980756e-02 2.4787331415781540e-02 1.0000000049863742e+00 7.9919663571420357e-02 4.6024747732943259e-02 2.1955689980560027e+01 33
1 0 1 1 3.4134621548140537e-02 2.4781235027602468e-02 1.0000000053641807e+00 7.9851943256594810e-02 4.6675946074887585e-02 2.2005690277272617e+01 33
1 0 1 1 3.4137667747015446e-02 2.4774928974512105e-02 1.0000000057679255e+00 7.9784247224581495e-02 4.7330776329090031e-02 2.2055692640524896e+01 33
1 0 1 1 3.4140346018285160e-02 2.4768438868749691e-02 1.0000000061989103e+00 7.9716586649202892e-02 4.7989083548219853e-02 2.2105686979528233e+01 33
1 0 1 1 3.4142659661552034e-02 2.4761764325707220e-02 1.0000000066589134e+00 7.9648940524549905e-02 4.8651065167280703e-02 2.2155689964939857e+01 33
1 0 1 1 3.4144610497087897e-02 2.4754908645265829e-02 1.0000000071495514e+00 7.9581326146157122e-02 4.9316545616292236e-02 2.2205689960959798e+01 33
1 0 1 1 3.4146201101583444e-02 2.4747873206387189e-02 1.0000000076726572e+00 7.9513741013356898e-02 4.9985542251001547e-02 2.2255689956870160e+01 33
1 0 1 1 3.4147433909042804e-02 2.4740659776181582e-02 1.0000000082301290e+00 7.9446186664632046e-02 5.0658032977277834e-02 2.2305689952666086e+01 33
1 0 1 1 3.4148311359623471e-02 2.4733270116227623e-02 1.0000000088239609e+00 7.9378664632628271e-02 5.1333995721573274e-02 2.2355689948357224e+01 33
1 0 1 1 3.4148835899266566e-02 2.4725705982446458e-02 1.0000000094562460e+00 7.9311176444048503e-02 5.2013408432247589e-02 2.2405689943938302e+01 33
1 0 1 1 3.4149009979335614e-02 2.4717969124973330e-02 1.0000000101291810e+00 7.9243723619480400e-02 5.2696249081630495e-02 2.2455689939418434e+01 33
1 0 1 1 3.4148836056266250e-02 2.4710061288050554e-02 1.0000000108450706e+00 7.9176307673295226e-02 5.3382495667303652e-02 2.2505689934796237e+01 33
1 0 1 1 3.4148316591207283e-02 2.4701984209899868e-02 1.0000000116063315e+00 7.9108930113497677e-02 5.4072126213879239e-02 2.2555689930075545e+01 33
1 0 1 1 3.4147454049676999e-02 2.4693739622616059e-02 1.0000000124154964e+00 7.9041592441609410e-02 5.4765118774400164e-02 2.2605689925256378e+01 33
1 0 1 1 3.4146250901218519e-02 2.4685329252054838e-02 1.0000000132752198e+00 7.8974296152535289e-02 5.5461451431893814e-02 2.2655689920340610e+01 33
1 0 1 1 3.4144709619065274e-02 2.4676754817727659e-02 1.0000000141882817e+00 7.8907042734442878e-02 5.6161102300864775e-02 2.2705689915336148e+01 33
1 0 1 1 3.4142832679805835e-02 2.4668018032701022e-02 1.0000000151575923e+00 7.8839833668666537e-02 5.6864049528426962e-02 2.2755689910238271e+01 33
1 0 1 1 3.4140622563053093e-02 2.4659120603489418e-02 1.0000000161861982e+00 7.8772670429563318e-02 5.7570271295958042e-02 2.2805689905051299e+01 33
1 0 1 1 3.4138081751121686e-02 2.4650064229960949e-02 1.0000000172772856e+00 7.8705554484416657e-02 5.8279745820293938e-02 2.2855689899779986e+01 33
1 0 1 1 3.4135198380507152e-02 2.4640850605247181e-02 1.0000000184341873e+00 7.8638487293335224e-02 5.8992451354852357e-02 2.2905689894418398e+01 33
1 0 1 1 3.4131971839148831e-02 2.4631481415641518e-02 1.0000000196603873e+00 7.8571470309115266e-02 5.9708366191325059e-02 2.2955689888982000e+01 32
1 0 1 1 3.4128422382650007e-02 2.4621958340520556e-02 1.0000000209595263e+00 7.8504504977195466e-02 6.0427468660159279e-02 2.3005689883456292e+01 32
1 0 1 1 3.4124552505503877e-02 2.4612283052246477e-02 1.0000000223354069e+00 7.8437592735483730e-02 6.1149737132632921e-02 2.3055689877860043e+01 32
1 0 1 1 3.4120364703183102e-02 2.4602457216098050e-02 1.0000000237920006e+00 7.8370735014338999e-02 6.1875150021046398e-02 2.3105689872178690e+01 32
1 0 1 1 3.4115861471839107e-02 2.4592482490172648e-02 1.0000000253334522e+00 7.8303933236399725e-02 6.2603685780731361e-02 2.3155689866426822e+01 32
1 0 1 1 3.4111045308018090e-02 2.4582360525324403e-02 1.0000000269640872e+00 7.8237188816555003e-02 6.3335322910470865e-02 2.3205689860602057e+01 32
1 0 1 1 3.4105918708364553e-02 2.4572092965074035e-02 1.0000000286884172e+00 7.8170503161828497e-02 6.4070039953791846e-02 2.3255689854701902e+01 32
1 0 1 1 3.4100484169347127e-02 2.4561681445546754e-02 1.0000000305111463e+00 7.8103877671281602e-02 6.4807815500173518e-02 2.3305689848735739e+01 32
1 0 1 1 3.4094744186974897e-02 2.4551127595396263e-02 1.0000000324371781e+00 7.8037313735961622e-02 6.5548628185658167e-02 2.3355689842698659e+01 32
1 0 1 1 3.4088701256524231e-02 2.4540433035736407e-02 1.0000000344716213e+00 7.7970812738789363e-02 6.6292456694187651e-02 2.3405689836596025e+01 32
1 0 1 1 3.4082357872269368e-02 2.4529599380075890e-02 1.0000000366197976e+00 7.7904376054501012e-02 6.7039279758358508e-02 2.3455689830430533e+01 32
1 0 1 1 3.4075716527219198e-02 2.4518628234259279e-02 1.0000000388872481e+00 7.7838005049572945e-02 6.7789076160275866e-02 2.3505689824197443e+01 32
1 0 1 1 3.4068779712850918e-02 2.4507521196397937e-02 1.0000000412797398e+00 7.7771701082124167e-02 6.8541824732795797e-02 2.3555689817907638e+01 32
1 0 1 1 3.4061549918856023e-02 2.4496279856814740e-02 1.0000000438032737e+00 7.7705465501885340e-02 6.9297504359905074e-02 2.3605689811554726e+01 32
1 0 1 1 3.4054029632891336e-02 2.4484905797992097e-02 1.0000000464640917e+00 7.7639299650092697e-02 7.0056093978068404e-02 2.3655689805147503e+01 32
1 0 1 1 3.4046221340323091e-02 2.4473400594512203e-02 1.0000000492686838e+00 7.7573204859457290e-02 7.0817572576568219e-02 2.3705689798677696e+01 32
1 0 1 1 3.4038127523987757e-02 2.4461765813004854e-02 1.0000000522237960e+00 7.7507182454058465e-02 7.1581919198881780e-02 2.3755689792157320e+01 32
1 0 1 1 3.4029750663950815e-02 2.4450003012101353e-02 1.0000000553364381e+00 7.7441233749329375e-02 7.2349112942927382e-02 2.3805689785582956e+01 32
1 0 1 1 3.4021093237271552e-02 2.4438113742386039e-02 1.0000000586138913e+00 7.7375360051970876e-02 7.3119132962126354e-02 2.3855689778954968e+01 32
1 0 1 1 3.4012157717764523e-02 2.4426099546342700e-02 1.0000000620637166e+00 7.7309562659896913e-02 7.3891958466112295e-02 2.3905689772275132e+01 32
1 0 1 1 3.4002946575781512e-02 2.4413961958322537e-02 1.0000000656937620e+00 7.7243842862181000e-02 7.4667568721519431e-02 2.3955689765550009e+01 32
1 0 1 1 3.3993462277983492e-02 2.4401702504497295e-02 1.0000000695121718e+00 7.7178201939022417e-02 7.5445943052434905e-02 2.4005689758774629e+01 32
1 0 1 1 3.3983707280157295e-02 2.4389322343428818e-02 1.0000000735274392e+00 7.7112641161669437e-02 7.6227061560130094e-02 2.4055689797869636e+01 32
1 0 1 1 3.3973683812931553e-02 2.4376810339123429e-02 1.0000000777499878e+00 7.7047161972970568e-02 7.7010927009915978e-02 2.4105691367254181e+01 31
1 0 1 1 3.3963395567176563e-02 2.4364182435693580e-02 1.0000000821869248e+00 7.6981771817323741e-02 7.7797417876277475e-02 2.4155688040313841e+01 31
1 0 1 1 3.3952842951634338e-02 2.4351437622258217e-02 1.0000000868485543e+00 7.6916458972575652e-02 7.8586669686417684e-02 2.4205689731077221e+01 31
1 0 1 1 3.3942029802367622e-02 2.4338579084121150e-02 1.0000000917440353e+00 7.6851233453774731e-02 7.9378556329739988e-02 2.4255689724097284e+01 31
1 0 1 1 3.3930958205604038e-02 2.4325607867191335e-02 1.0000000968836329e+00 7.6786094267673854e-02 8.0173084242028347e-02 2.4305689717069164e+01 31
1 0 1 1 3.3919630596252352e-02 2.4312525439654665e-02 1.0000001022778162e+00 7.6721042630807534e-02 8.0970233169603417e-02 2.4355689710010267e+01 31
1 0 1 1 3.3908049403887773e-02 2.4299333261198600e-02 1.0000001079374203e+00 7.6656079750528017e-02 8.1769982921029424e-02 2.4405689702909434e+01 31
1 0 1 1 3.3896217052551109e-02 2.4286032782974393e-02 1.0000001138736569e+00 7.6591206824911939e-02 8.2572313368394851e-02 2.4455689695772300e+01 31
1 0 1 1 3.3884135960566851e-02 2.4272625447576732e-02 1.0000001200981234e+00 7.6526425042755752e-02 8.3377204447569714e-02 2.4505689688603397e+01 31
1 0 1 1 3.3871808540365429e-02 2.4259112689029576e-02 1.0000001266228118e+00 7.6461735583552126e-02 8.4184636158607315e-02 2.4555689681397912e+01 31
1 0 1 1 3.3859237198302541e-02 2.4245495932761613e-02 1.0000001334601194e+00 7.6397139617438103e-02 8.4994588566614765e-02 2.4605689674163816e+01 31
1 0 1 1 3.3846424334480374e-02 2.4231776595586701e-02 1.0000001406228574e+00 7.6332638305198902e-02 8.5807041801758757e-02 2.4655689666891288e+01 31
1 0 1 1 3.3833372342583670e-02 2.4217956085692809e-02 1.0000001481242615e+00 7.6268232798196833e-02 8.6621976060478875e-02 2.4705689659597038e+01 31
1 0 1 1 3.3820083609708479e-02 2.4204035802625413e-02 1.0000001559780016e+00 7.6203924238413379e-02 8.7439371605012056e-02 2.4755689652266277e+01 31
1 0 1 1 3.3806560516198153e-02 2.4190017137272278e-02 1.0000001641981919e+00 7.6139713758357014e-02 8.8259208764840599e-02 2.4805689644912899e+01 31
1 0 1 1 3.3792805435486149e-02 2.4175901471855627e-02 1.0000001727994001e+00 7.6075602481103899e-02 8.9081467936335479e-02 2.4855689637530485e+01 31
1 0 1 1 3.3778820733936302e-02 2.4161690179920016e-02 1.0000001817966588e+00 7.6011591520241228e-02 8.9906129583673819e-02 2.4905689630121415e+01 31
1 0 1 1 3.3764608770688861e-02 2.4147384626321190e-02 1.0000001912054746e+00 7.5947681979862541e-02 9.0733174239122028e-02 2.4955689622688578e+01 31
1 0 1 1 3.3750171897512657e-02 2.4132986167223140e-02 1.0000002010418387e+00 7.5883874954557035e-02 9.1562582503373971e-02 2.5005689615230708e+01 31
1 0 1 1 3.3735512458657031e-02 2.4118496150088087e-02 1.0000002113222377e+00 7.5820171529386304e-02 9.2394335046133924e-02 2.5055689607753685e+01 31
1 0 1 1 3.3720632790710942e-02 2.4103915913675330e-02 1.0000002220636626e+00 7.5756572779892312e-02 9.3228412606184266e-02 2.5105689600251278e+01 31
1 0 1 1 3.3705535222456062e-02 2.4089246788031649e-02 1.0000002332836209e+00 7.5693079772057970e-02 9.4064795992134326e-02 2.5155689592727473e+01 31
1 0 1 1 3.3690222074737465e-02 2.4074490094494316e-02 1.0000002450001451e+00 7.5629693562314110e-02 9.4903466082671889e-02 2.5205689585189798e+01 31
1 0 1 1 3.3674695660329566e-02 2.4059647145693322e-02 1.0000002572318045e+00 7.5566415197552417e-02 9.5744403826486219e-02 2.5255689577623450e+01 31
1 0 1 1 3.3658958283796205e-02 2.4044719245537634e-02 1.0000002699977155e+00 7.5503245715058620e-02 9.6587590243580990e-02 2.5305689570049484e+01 31
1 0 1 1 3.3643012241375940e-02 2.4029707689232249e-02 1.0000002833175514e+00 7.5440186142591681e-02 9.7433006424363366e-02 2.5355689562450788e+01 31
1 0 1 1 3.3626859820848190e-02 2.4014613763269112e-02 1.0000002972115529e+00 7.5377237498299693e-02 9.8280633531142178e-02 2.5405689554841963e+01 30
1 0 1 1 3.3610503301419119e-02 2.3999438745440423e-02 1.0000003117005396e+00 7.5314400790782776e-02 9.9130452797441759e-02 2.5455689547210241e+01 30
1 0 1 1 3.3593944953595814e-02 2.3984183904831920e-02 1.0000003268059190e+00 7.5251677019031016e-02 9.9982445529274128e-02 2.5505689539573119e+01 30
1 0 1 1 3.3577187039080948e-02 2.3968850501839917e-02 1.0000003425496979e+00 7.5189067172495294e-02 1.0083659310439687e-01 2.5555689531917636e+01 30
1 0 1 1 3.3560231810651639e-02 2.3953439788171174e-02 1.0000003589544926e+00 7.5126572231027505e-02 1.0169287697338551e-01 2.5605689524246632e+01 30
1 0 1 1 3.3543081512052188e-02 2.3937953006848863e-02 1.0000003760435388e+00 7.5064193164902537e-02 1.0255127865977702e-01 2.5655689516571687e+01 30
1 0 1 1 3.3525738377895575e-02 2.3922391392231700e-02 1.0000003938407027e+00 7.5001930934856798e-02 1.0341177975972098e-01 2.5705689508877406e+01 30
1 0 1 1 3.3508204633545577e-02 2.3906756170008779e-02 1.0000004123704909e+00 7.4939786492029398e-02 1.0427436194319971e-01 2.5755689501177919e+01 30
1 0 1 1 3.3490482495032246e-02 2.3891048557224719e-02 1.0000004316580602e+00 7.4877760778028435e-02 1.0513900695345586e-01 2.5805689493469632e+01 30
1 0 1 1 3.3472574168944225e-02 2.3875269762283310e-02 1.0000004517292285e+00 7.4815854724912145e-02 1.0600569660752744e-01 2.5855689485748830e+01 30
1 0 1 1 3.3454481852333552e-02 2.3859420984960945e-02 1.0000004726104847e+00 7.4754069255187405e-02 1.0687441279662252e-01 2.5905689478020214e+01 30
1 0 1 1 3.3436207732627253e-02 2.3843503416419339e-02 1.0000004943289986e+00 7.4692405281835073e-02 1.0774513748621738e-01 2.5955689470290675e+01 30
1 0 1 1 3.3417753987538795e-02 2.3827518239225159e-02 1.0000005169126305e+00 7.4630863708339212e-02 1.0861785271585511e-01 2.6005689462545600e+01 30
1 0 1 1 3.3399122784975165e-02 2.3811466627357936e-02 1.0000005403899417e+00 7.4569445428642633e-02 1.0949254060029971e-01 2.6055689454803751e+01 30
1 0 1 1 3.3380311398204791e-02 2.3795349746233426e-02 1.0000005647902035e+00 7.4508151327234429e-02 1.1036918332854606e-01 2.6105689447050224e+01 30
1 0 1 1 3.3361323269493162e-02 2.3779168752711088e-02 1.0000005901434077e+00 7.4446982279095325e-02 1.1124776316499846e-01 2.6155689439293148e+01 30
1 0 1 1 3.3342164394866945e-02 2.3762924795122688e-02 1.0000006164802753e+00 7.4385939149751279e-02 1.1212826244917191e-01 2.6205689431536889e+01 30
1 0 1 1 3.3322836900555187e-02 2.3746619013284020e-02 1.0000006438322662e+00 7.4325022795294821e-02 1.1301066359570847e-01 2.6255689423774133e+01 30
1 0 1 1 3.3303342902541125e-02 2.3730252538514907e-02 1.0000006722315880e+00 7.4264234062373785e-02 1.1389494909495408e-01 2.6305689416009379e+01 30
1 0 1 1 3.3283684506493362e-02 2.3713826493658489e-02 1.0000007017112058e+00 7.4203573788228727e-02 1.1478110151280950e-01 2.6355689408242423e+01 30
1 0 1 1 3.3263863807699898e-02 2.3697341993103100e-02 1.0000007323048508e+00 7.4143042800704551e-02 1.1566910349102263e-01 2.6405689400476987e+01 30
1 0 1 1 3.3243882891005667e-02 2.3680800142806727e-02 1.0000007640470285e+00 7.4082641918281844e-02 1.1655893774711383e-01 2.6455689392708955e+01 30
1 0 1 1 3.3223743830743939e-02 2.3664202040313501e-02 1.0000007969730282e+00 7.4022371950079657e-02 1.1745058707477325e-01 2.6505689384941920e+01 30
1 0 1 1 3.3203448690680086e-02 2.3647548774779713e-02 1.0000008311189301e+00 7.3962233695890944e-02 1.1834403434377729e-01 2.6555689377175913e+01 30
1 0 1 1 3.3182999523949784e-02 2.3630841426992975e-02 1.0000008665216147e+00 7.3902227946200189e-02 1.1923926250014147e-01 2.6605689369410108e+01 30
1 0 1 1 3.3162398373008599e-02 2.3614081069403908e-02 1.0000009032187702e+00 7.3842355482202304e-02 1.2013625456631385e-01 2.6655689361647326e+01 30
1 0 1 1 3.3141647269575580e-02 2.3597268766144968e-02 1.0000009412489002e+00 7.3782617075834889e-02 1.2103499364117423e-01 2.6705689353889344e+01 30
1 0 1 1 3.3120748234582179e-02 2.3580405573056098e-02 1.0000009806513313e+00 7.3723013489805783e-02 1.2193546289998961e-01 2.6755689346129490e+01 29
1 0 1 1 3.3099703278120091e-02 2.3563492537711280e-02 1.0000010214662205e+00 7.3663545477593850e-02 1.2283764559492846e-01 2.6805689338376258e+01 29
1 0 1 1 3.3078514399399614e-02 2.3546530699444505e-02 1.0000010637345620e+00 7.3604213783506345e-02 1.2374152505466512e-01 2.6855689330627971e+01 29
1 0 1 1 3.3057183586704932e-02 2.3529521089379776e-02 1.0000011074981940e+00 7.3545019142691848e-02 1.2464708468466207e-01 2.6905689322884246e+01 29
1 0 1 1 3.3035712817346595e-02 2.3512464730453746e-02 1.0000011527998056e+00 7.3485962281168160e-02 1.2555430796719819e-01 2.6955689315144472e+01 29
1 0 1 1 3.3014104057624102e-02 2.3495362637446122e-02 1.0000011996829421e+00 7.3427043915847368e-02 1.2646317846147695e-01 2.7005689307410751e+01 29
1 0 1 1 3.2992359262785549e-02 2.3478215817007403e-02 1.0000012481920122e+00 7.3368264754570256e-02 1.2737367980359449e-01 2.7055689299683578e+01 29
1 0 1 1 3.2970480376994876e-02 2.3461025267689301e-02 1.0000012983722930e+00 7.3309625496134401e-02 1.2828579570666229e-01 2.7105689291966446e+01 29
1 0 1 1 3.2948469333296038e-02 2.3443791979974885e-02 1.0000013502699350e+00 7.3251126830335328e-02 1.2919950996052931e-01 2.7155689284248670e+01 29
1 0 1 1 3.2926328053571506e-02 2.3426516936300445e-02 1.0000014039319678e+00 7.3192769437958383e-02 1.3011480643260062e-01 2.7205689276548707e+01 29
1 0 1 1 3.2904058448531566e-02 2.3409201111101053e-02 1.0000014594063049e+00 7.3134553990877094e-02 1.3103166906668692e-01 2.7255689268850237e+01 29
1 0 1 1 3.2881662417663653e-02 2.3391845470826747e-02 1.0000015167417471e+00 7.3076481152017037e-02 1.3195008188408192e-01 2.7305689261159760e+01 29
1 0 1 1 3.2859141849216608e-02 2.3374450973979072e-02 1.0000015759879879e+00 7.3018551575421475e-02 1.3287002898318329e-01 2.7355689253485863e+01 29
1 0 1 1 3.2836498620179976e-02 2.3357018571147407e-02 1.0000016371956162e+00 7.2960765906305014e-02 1.3379149453902375e-01 2.7405689245813488e+01 29
1 0 1 1 3.2813734596249040e-02 2.3339549205033679e-02 1.0000017004161201e+00 7.2903124781032669e-02 1.3471446280425550e-01 2.7455689238157031e+01 29
1 0 1 1 3.2790851631812029e-02 2.3322043810488295e-02 1.0000017657018898e+00 7.2845628827211240e-02 1.3563891810809783e-01 2.7505689230504512e+01 29
1 0 1 1 3.2767851569924081e-02 2.3304503314541432e-02 1.0000018331062204e+00 7.2788278663672018e-02 1.3656484485732895e-01 2.7555689222871209e+01 29
1 0 1 1 3.2744736242301634e-02 2.3286928636441693e-02 1.0000019026833138e+00 7.2731074900563908e-02 1.3749222753523299e-01 2.7605689215244599e+01 29
1 0 1 1 3.2721507469289202e-02 2.3269320687680700e-02 1.0000019744882809e+00 7.2674018139337215e-02 1.3842105070238081e-01 2.7655689207627276e+01 29
1 0 1 1 3.2698167059853955e-02 2.3251680372031017e-02 1.0000020485771426e+00 7.2617108972797134e-02 1.3935129899644058e-01 2.7705689200028651e+01 29
1 0 1 1 3.2674716811578131e-02 2.3234008585586229e-02 1.0000021250068312e+00 7.2560347985165918e-02 1.4028295713160679e-01 2.7755689192436066e+01 29
1 0 1 1 3.2651158510632917e-02 2.3216306216781977e-02 1.0000022038351908e+00 7.2503735752072807e-02 1.4121600989945685e-01 2.7805689184863297e+01 29
1 0 1 1 3.2627493931789285e-02 2.3198574146449980e-02 1.0000022851209782e+00 7.2447272840644950e-02 1.4215044216789008e-01 2.7855689177295567e+01 29
1 0 1 1 3.2603724838382100e-02 2.3180813247827028e-02 1.0000023689238615e+00 7.2390959809486621e-02 1.4308623888215488e-01 2.7905689169748253e+01 29
1 0 1 1 3.2579852982332722e-02 2.3163024386616906e-02 1.0000024553044200e+00 7.2334797208776169e-02 1.4402338506380458e-01 2.7955689162213233e+01 29
1 0 1 1 3.2555880104127195e-02 2.3145208421011625e-02 1.0000025443241436e+00 7.2278785580266902e-02 1.4496186581122872e-01 2.8005689154690923e+01 29
1 0 1 1 3.2531807932811886e-02 2.3127366201726354e-02 1.0000026360454299e+00 7.2222925457334330e-02 1.4590166629948839e-01 2.8055689147185227e+01 29
1 0 1 1 3.2507638186001456e-02 2.3109498572043741e-02 1.0000027305315839e+00 7.2167217365025904e-02 1.4684277178007721e-01 2.8105689139694363e+01 29
1 0 1 1 3.2483372569868538e-02 2.3091606367841907e-02 1.0000028278468138e+00 7.2111661820091766e-02 1.4778516758099058e-01 2.8155689132218999e+01 29
1 0 1 1 3.2459012779149178e-02 2.3073690417636544e-02 1.0000029280562290e+00 7.2056259331028383e-02 1.4872883910655985e-01 2.8205689124757399e+01 29
1 0 1 1 3.2434560497143473e-02 2.3055751542616111e-02 1.0000030312258363e+00 7.2001010398111992e-02 1.4967377183754677e-01 2.8255689117315022e+01 28
1 0 1 1 3.2410017395723155e-02 2.3037790556680246e-02 1.0000031374225367e+00 7.1945915513456804e-02 1.5061995133075670e-01 2.8305689109889197e+01 28
1 0 1 1 3.2385385135329868e-02 2.3019808266473124e-02 1.0000032467141189e+00 7.1890975161044202e-02 1.5156736321908562e-01 2.8355689102476656e+01 28
1 0 1 1 3.2360665364982853e-02 2.3001805471423064e-02 1.0000033591692570e+00 7.1836189816756046e-02 1.5251599321163523e-01 2.8405689095084465e+01 28
1 0 1 1 3.2335859722292769e-02 2.2983782963783089e-02 1.0000034748575031e+00 7.1781559948439155e-02 1.5346582709322165e-01 2.8455689087710109e+01 28
1 0 1 1 3.2310969833464348e-02 2.2965741528665751e-02 1.0000035938492815e+00 7.1727086015934194e-02 1.5441685072441252e-01 2.8505689080348873e+01 28
1 0 1 1 3.2285997313302957e-02 2.2947681944077730e-02 1.0000037162158835e+00 7.1672768471105541e-02 1.5536905004173340e-01 2.8555689073010832e+01 28
1 0 1 1 3.2260943765238893e-02 2.2929604980967310e-02 1.0000038420294588e+00 7.1618607757916564e-02 1.5632241105698649e-01 2.8605689065691269e+01 28
1 0 1 1 3.2235810781326910e-02 2.2911511403253440e-02 1.0000039713630087e+00 7.1564604312451346e-02 1.5727691985735776e-01 2.8655689058382755e+01 28
1 0 1 1 3.2210599942259208e-02 2.2893401967864647e-02 1.0000041042903776e+00 7.1510758562938675e-02 1.5823256260584298e-01 2.8705689051103786e+01 28
1 0 1 1 3.2185312817399440e-02 2.2875277424789849e-02 1.0000042408862451e+00 7.1457070929854927e-02 1.5918932553992235e-01 2.8755689043836565e+01 28
1 0 1 1 3.2159950964772019e-02 2.2857138517099505e-02 1.0000043812261155e+00 7.1403541825901307e-02 1.6014719497265159e-01 2.8805689036590874e+01 28
1 0 1 1 3.2134515931096889e-02 2.2838985980995541e-02 1.0000045253863090e+00 7.1350171656089922e-02 1.6110615729177297e-01 2.8855689029365038e+01 28
1 0 1 1 3.2109009251801018e-02 2.2820820545846915e-02 1.0000046734439516e+00 7.1296960817773869e-02 1.6206619895980931e-01 2.8905689022158136e+01 28
1 0 1 1 3.2083432451039159e-02 2.2802642934229140e-02 1.0000048254769629e+00 7.1243909700690167e-02 1.6302730651398395e-01 2.8955689014973384e+01 28
1 0 1 1 3.2057787041716482e-02 2.2784453861964604e-02 1.0000049815640459e+00 7.1191018687013941e-02 1.6398946656592961e-01 2.9005689007811057e+01 28
1 0 1 1 3.2032074525508186e-02 2.2766254038161446e-02 1.0000051417846740e+00 7.1138288151402412e-02 1.6495266580138007e-01 2.9055689000660244e+01 28
1 0 1 1 3.2006296392869824e-02 2.2748044165243921e-02 1.0000053062190795e+00 7.1085718461006531e-02 1.6591689098085441e-01 2.9105688993542586e+01 28
1 0 1 1 3.1980454123089884e-02 2.2729824939012756e-02 1.0000054749482390e+00 7.1033309975585934e-02 1.6688212893803092e-01 2.9155688986436321e+01 28
1 0 1 1 3.1954549184279743e-02 2.2711597048660378e-02 1.0000056480538604e+00 7.0981063047475035e-02 1.6784836658116170e-01 2.9205688979358086e+01 28
1 0 1 1 3.1928583033424003e-02 2.2693361176826330e-02 1.0000058256183688e+00 7.0928978021693068e-02 1.6881559089162057e-01 2.9255688972296863e+01 28
1 0 1 1 3.1902557116393511e-02 2.2675117999631463e-02 1.0000060077248907e+00 7.0877055235944009e-02 1.6978378892466461e-01 2.9305688965261410e+01 28
1 0 1 1 3.1876472867977977e-02 2.2656868186717773e-02 1.0000061944572387e+00 7.0825295020696011e-02 1.7075294780851474e-01 2.9355688958242720e+01 28
1 0 1 1 3.1850331711907306e-02 2.2638612401284855e-02 1.0000063858998960e+00 7.0773697699193616e-02 1.7172305474497399e-01 2.9405688951254657e+01 28
1 0 1 1 3.1824135060895924e-02 2.2620351300140444e-02 1.0000065821379986e+00 7.0722263587550072e-02 1.7269409700821325e-01 2.9455688944280958e+01 28
1 0 1 1 3.1797884316649615e-02 2.2602085533724923e-02 1.0000067832573181e+00 7.0670992994737059e-02 1.7366606194575412e-01 2.9505688937335137e+01 28
1 0 1 1 3.1771580869916424e-02 2.2583815746163641e-02 1.0000069893442443e+00 7.0619886222680450e-02 1.7463893697731253e-01 2.9555688930411101e+01 28
1 0 1 1 3.1745226100506119e-02 2.2565542575300301e-02 1.0000072004857661e+00 7.0568943566278741e-02 1.7561270959506234e-01 2.9605688923506175e+01 28
1 0 1 1 3.1718821377319538e-02 2.2547266652732170e-02 1.0000074167694524e+00 7.0518165313445957e-02 1.7658736736367103e-01 2.9655688916633519e+01 28
1 0 1 1 3.1692368058402996e-02 2.2528988603868653e-02 1.0000076382834318e+00 7.0467551745196588e-02 1.7756289791920640e-01 2.9705688909775372e+01 28
1 0 1 1 3.1665867490948151e-02 2.2510709047943868e-02 1.0000078651163726e+00 7.0417103135633263e-02 1.7853928897015608e-01 2.9755688902946549e+01 28
1 0 1 1 3.1639321011356671e-02 2.2492428598080070e-02 1.0000080973574623e+00 7.0366819752046811e-02 1.7951652829615200e-01 2.9805688896138918e+01 27
1 0 1 1 3.1612729945256594e-02 2.2474147861312882e-02 1.0000083350963846e+00 7.0316701854928693e-02 1.8049460374846785e-01 2.9855688889357829e+01 27
1 0 1 1 3.1586095607547909e-02 2.2455867438638730e-02 1.0000085784232975e+00 7.0266749698038922e-02 1.8147350324933237e-01 2.9905688882597666e+01 27
1 0 1 1 3.1559419302431203e-02 2.2437587925049310e-02 1.0000088274288106e+00 7.0216963528432763e-02 1.8245321479221796e-01 2.9955688875867313e+01 27
1 0 1 1 3.1532702323455779e-02 2.2419309909577412e-02 1.0000090822039620e+00 7.0167343586535869e-02 1.8343372644093056e-01 3.0005688869155207e+01 27
1 0 1 1 3.1505945953541128e-02 2.2401033975327622e-02 1.0000093428401924e+00 7.0117890106152880e-02 1.8441502633027482e-01 3.0055688862473801e+01 27
1 0 1 1 3.1479151465032204e-02 2.2382760699525210e-02 1.0000096094293223e+00 7.0068603314556166e-02 1.8539710266487863e-01 3.0105688855811657e+01 27
1 0 1 1 3.1452320119724021e-02 2.2364490653548445e-02 1.0000098820635250e+00 7.0019483432492036e-02 1.8637994371992792e-01 3.0155688849181473e+01 27
1 0 1 1 3.1425453168917407e-02 2.2346224402976959e-02 1.0000101608353014e+00 6.9970530674270504e-02 1.8736353783995877e-01 3.0205688842570911e+01 27
1 0 1 1 3.1398550563605798e-02 2.2327962507617517e-02 1.0000104458374521e+00 6.9921745247769479e-02 1.8834787343955878e-01 3.0255688835989787e+01 27
1 0 1 1 3.1371610054453498e-02 2.2309705521559395e-02 1.0000107371630518e+00 6.9873127354516951e-02 1.8933293900237472e-01 3.0305688829430927e+01 27
1 0 1 1 3.1344637554395233e-02 2.2291453993197447e-02 1.0000110349054196e+00 6.9824677189710888e-02 1.9031872308144424e-01 3.0355688822899847e+01 27
1 0 1 1 3.1317634275178904e-02 2.2273208465287631e-02 1.0000113391580918e+00 6.9776394942285769e-02 1.9130521429867475e-01 3.0405688816399355e+01 27
1 0 1 1 3.1290601418237141e-02 2.2254969474977356e-02 1.0000116500147911e+00 6.9728280794963848e-02 1.9229240134425596e-01 3.0455688809912839e+01 27
1 0 1 1 3.1263540174714263e-02 2.2236737553836598e-02 1.0000119675693979e+00 6.9680334924255488e-02 1.9328027297770606e-01 3.0505688803468903e+01 27
1 0 1 1 3.1236451725549393e-02 2.2218513227921399e-02 1.0000122919159198e+00 6.9632557500592662e-02 1.9426881802553839e-01 3.0555688797036193e+01 27
1 0 1 1 3.1209337241470236e-02 2.2200297017783265e-02 1.0000126231484592e+00 6.9584948688273474e-02 1.9525802538336245e-01 3.0605688790641306e+01 27
1 0 1 1 3.1182197883081835e-02 2.2182089438533351e-02 1.0000129613611832e+00 6.9537508645600654e-02 1.9624788401360180e-01 3.0655688784267106e+01 27
1 0 1 1 3.1155034800879219e-02 2.2163890999863680e-02 1.0000133066482899e+00 6.9490237524864523e-02 1.9723838294661236e-01 3.0705688777921100e+01 27
1 0 1 1 3.1127849135307993e-02 2.2145702206093885e-02 1.0000136591039763e+00 6.9443135472421591e-02 1.9822951127977528e-01 3.0755688771603062e+01 27
1 0 1 1 3.1100642016811085e-02 2.2127523556212999e-02 1.0000140188224038e+00 6.9396202628734666e-02 1.9922125817748096e-01 3.0805688765316436e+01 27
1 0 1 1 3.1073414565870979e-02 2.2109355543912950e-02 1.0000143858976642e+00 6.9349439128430168e-02 2.0021361287036818e-01 3.0855688759043932e+01 27
1 0 1 1 3.1046167893038424e-02 2.2091198657617894e-02 1.0000147604237457e+00 6.9302845100296662e-02 2.0120656465643696e-01 3.0905688752815848e+01 27
1 0 1 1 3.1018903099024449e-02 2.2073053380552154e-02 1.0000151424944959e+00 6.9256420667420160e-02 2.0220010289866017e-01 3.0955688746603311e+01 27
1 0 1 1 3.0991621274693851e-02 2.2054920190741636e-02 1.0000155322035866e+00 6.9210165947137248e-02 2.0319421702679380e-01 3.1005688740422958e+01 27
1 0 1 1 3.0964323501149010e-02 2.2036799561076979e-02 1.0000159296444773e+00 6.9164081051143661e-02 2.0418889653577374e-01 3.1055688734269559e+01 27
1 0 1 1 3.0937010849765301e-02 2.2018691959345124e-02 1.0000163349103770e+00 6.9118166085514854e-02 2.0518413098612606e-01 3.1105688728149691e+01 27
1 0 1 1 3.0909684382245606e-02 2.2000597848267880e-02 1.0000167480942066e+00 6.9072421150774388e-02 2.0617991000296682e-01 3.1155688722046005e+01 27
1 0 1 1 3.0882345150648114e-02 2.1982517685530955e-02 1.0000171692885609e+00 6.9026846341891518e-02 2.0717622327706742e-01 3.1205688715983136e+01 27
1 0 1 1 3.0854994197469360e-02 2.1964451923839532e-02 1.0000175985856683e+00 6.8981441748399763e-02 2.0817306056280888e-01 3.1255688709940124e+01 27
1 0 1 1 3.0827632555660268e-02 2.1946401010938404e-02 1.0000180360773525e+00 6.8936207454374621e-02 2.0917041167952005e-01 3.1305688703930198e+01 27
1 0 1 1 3.0800261248696326e-02 2.1928365389659175e-02 1.0000184818549911e+00 6.8891143538527044e-02 2.1016826651010095e-01 3.1355688697946825e+01 27
1 0 1 1 3.0772881290618177e-02 2.1910345497955553e-02 1.0000189360094744e+00 6.8846250074223847e-02 2.1116661500136294e-01 3.1405688691993660e+01 27
1 0 1 1 3.0745493686086488e-02 2.1892341768941809e-02 1.0000193986311652e+00 6.8801527129547402e-02 2.1216544716341468e-01 3.1455688686068520e+01 26
1 0 1 1 3.0718099430427727e-02 2.1874354630927354e-02 1.0000198698098555e+00 6.8756974767333667e-02 2.1316475306961688e-01 3.1505688680175176e+01 26
1 0 1 1 3.0690699509690739e-02 2.1856384507458280e-02 1.0000203496347240e+00 6.8712593045229031e-02 2.1416452285589171e-01 3.1555688674302864e+01 26
1 0 1 1 3.0663294900680139e-02 2.1838431817342237e-02 1.0000208381942937e+00 6.8668382015706381e-02 2.1516474672135499e-01 3.1605688668472578e+01 26
1 0 1 1 3.0635886571041573e-02 2.1820496974708396e-02 1.0000213355763872e+00 6.8624341726168908e-02 2.1616541492645494e-01 3.1655688662657962e+01 26
1 0 1 1 3.0608475479266806e-02 2.1802580389014656e-02 1.0000218418680824e+00 6.8580472218918276e-02 2.1716651779462648e-01 3.1705688656882540e+01 26
1 0 1 1 3.0581062574788525e-02 2.1784682465110387e-02 1.0000223571556683e+00 6.8536773531273465e-02 2.1816804571031231e-01 3.1755688651135802e+01 26
1 0 1 1 3.0553648798009609e-02 2.1766803603261858e-02 1.0000228815245984e+00 6.8493245695576133e-02 2.1916998911951996e-01 3.1805688645414726e+01 26
1 0 1 1 3.0526235080350097e-02 2.1748944199181094e-02 1.0000234150594460e+00 6.8449888739236325e-02 2.2017233852951371e-01 3.1855688639724217e+01 26
1 0 1 1 3.0498822344311335e-02 2.1731104644073657e-02 1.0000239578438566e+00 6.8406702684789489e-02 2.2117508450832596e-01 3.1905688634066468e+01 26
1 0 1 1 3.0471411503526644e-02 2.1713285324672336e-02 1.0000245099605010e+00 6.8363687549943403e-02 2.2217821768436907e-01 3.1955688628436697e+01 26
1 0 1 1 3.0444003462808008e-02 2.1695486623269818e-02 1.0000250714910284e+00 6.8320843347611182e-02 2.2318172874648587e-01 3.2005688622840481e+01 26
1 0 1 1 3.0416599118203581e-02 2.1677708917756461e-02 1.0000256425160177e+00 6.8278170085972784e-02 2.2418560844306862e-01 3.2055688617265126e+01 26
1 0 1 1 3.0389199357034432e-02 2.1659952581647095e-02 1.0000262231149293e+00 6.8235667768485220e-02 2.2518984758281615e-01 3.2105688611731779e+01 26
1 0 1 1 3.0361805057980987e-02 2.1642217984138967e-02 1.0000268133660550e+00 6.8193336393984005e-02 2.2619443703297543e-01 3.2155688606222846e+01 26
1 0 1 1 3.0334417091099370e-02 2.1624505490120557e-02 1.0000274133464704e+00 6.8151175956674387e-02 2.2719936772031896e-01 3.2205688600746527e+01 26
1 0 1 1 3.0307036317896972e-02 2.1606815460225415e-02 1.0000280231319825e+00 6.8109186446206310e-02 2.2820463063009125e-01 3.2255688595298281e+01 26
1 0 1 1 3.0279663591371683e-02 2.1589148250854281e-02 1.0000286427970815e+00 6.8067367847701843e-02 2.2921021680609330e-01 3.2305688589881342e+01 26
1 0 1 1 3.0252299756073152e-02 2.1571504214218107e-02 1.0000292724148878e+00 6.8025720141808965e-02 2.3021611735024441e-01 3.2355688584499418e+01 26
1 0 1 1 3.0224945648159446e-02 2.1553883698374153e-02 1.0000299120571021e+00 6.7984243304752556e-02 2.3122232342194615e-01 3.2405688579140332e+01 26
1 0 1 1 3.0197602095431052e-02 2.1536287047248255e-02 1.0000305617939533e+00 6.7942937308348050e-02 2.3222882623875002e-01 3.2455688573824780e+01 26
1 0 1 1 3.0170269917418505e-02 2.1518714600690662e-02 1.0000312216941454e+00 6.7901802120099886e-02 2.3323561707445900e-01 3.2505688568527269e+01 26
1 0 1 1 3.0142949925390173e-02 2.1501166694481395e-02 1.0000318918248057e+00 6.7860837703174831e-02 2.3424268726066519e-01 3.2555688563267857e+01 26
1 0 1 1 3.0115642922445209e-02 2.1483643660390406e-02 1.0000325722514321e+00 6.7820044016505265e-02 2.3525002818500232e-01 3.2605688558040654e+01 26
1 0 1 1 3.0088349703548796e-02 2.1466145826198605e-02 1.0000332630378381e+00 6.7779421014806968e-02 2.3625763129128399e-01 3.2655688552836267e+01 26
1 0 1 1 3.0061071055575702e-02 2.1448673515726113e-02 1.0000339642461016e+00 6.7738968648604903e-02 2.3726548807996986e-01 3.2705688547680481e+01 26
1 0 1 1 3.0033807757403993e-02 2.1431227048891350e-02 1.0000346759365077e+00 6.7698686864339330e-02 2.3827359010588475e-01 3.2755688542536355e+01 26
1 0 1 1 3.0006560579904251e-02 2.1413806741703473e-02 1.0000353981674976e+00 6.7658575604311877e-02 2.3928192898058820e-01 3.2805688537437504e+01 26
1 0 1 1 2.9979330286056281e-02 2.1396412906335482e-02 1.0000361309956107e+00 6.7618634806823119e-02 2.4029049636956287e-01 3.2855688532364297e+01 26
1 0 1 1 2.9952117630961068e-02 2.1379045851132230e-02 1.0000368744754322e+00 6.7578864406151434e-02 2.4129928399362857e-01 3.2905688527329062e+01 26
1 0 1 1 2.9924923361918255e-02 2.1361705880656594e-02 1.0000376286595354e+00 6.7539264332635685e-02 2.4230828362740045e-01 3.2955688522316080e+01 26
1 0 1 1 2.9897747592084679e-02 2.1344387417130073e-02 1.0000383940806798e+00 6.7499834512674939e-02 2.4331751056248707e-01 3.3005689629574746e+01 26
1 0 1 1 2.9870593450498084e-02 2.1327097351351406e-02 1.0000391703112792e+00 6.7460577498170665e-02 2.4432686739042381e-01 3.3055687469949888e+01 26
1 0 1 1 2.9843458198772335e-02 2.1309834188270444e-02 1.0000399574625294e+00 6.7421488132338281e-02 2.4533647473519840e-01 3.3105688421625985e+01 25
1 0 1 1 2.9816344715941533e-02 2.1292599595005075e-02 1.0000407555169630e+00 6.7382569454517649e-02 2.4634624419195775e-01 3.3155688502400494e+01 25
1 0 1 1 2.9789253284550090e-02 2.1275393586786984e-02 1.0000415645290055e+00 6.7343820759573347e-02 2.4735618365775536e-01 3.3205688497563365e+01 25
1 0 1 1 2.9762184559633965e-02 2.1258216417187656e-02 1.0000423845398747e+00 6.7305241887989697e-02 2.4836628695727986e-01 3.3255688492743992e+01 25
1 0 1 1 2.9735139235234090e-02 2.1241068365743132e-02 1.0000432155870294e+00 6.7266832743367699e-02 2.4937654623882399e-01 3.3305688487971622e+01 25
1 0 1 1 2.9708117998027986e-02 2.1223949708458697e-02 1.0000440577054699e+00 6.7228593225725192e-02 2.5038695370128494e-01 3.3355688483215530e+01 25
1 0 1 1 2.9681121527331527e-02 2.1206860717813372e-02 1.0000449109276817e+00 6.7190523231455551e-02 2.5139750159630497e-01 3.3405688478504850e+01 25
1 0 1 1 2.9654150495204628e-02 2.1189801662822395e-02 1.0000457752835765e+00 6.7152622653446070e-02 2.5240818222588812e-01 3.3455688473827145e+01 25
1 0 1 1 2.9627205566473278e-02 2.1172772809048238e-02 1.0000466508004373e+00 6.7114891381077429e-02 2.5341898794287027e-01 3.3505688469167474e+01 25
1 0 1 1 2.9600287398767411e-02 2.1155774418623135e-02 1.0000475375028595e+00 6.7077329300239796e-02 2.5442991115164865e-01 3.3555688464559928e+01 25
1 0 1 1 2.9573396642626038e-02 2.1138806750311424e-02 1.0000484354126939e+00 6.7039936293450064e-02 2.5544094430541275e-01 3.3605688459966778e+01 25
1 0 1 1 2.9546533941483270e-02 2.1121870059500551e-02 1.0000493445489913e+00 6.7002712239795481e-02 2.5645207990878510e-01 3.3655688455424190e+01 25
1 0 1 1 2.9519699931786547e-02 2.1104964598269813e-02 1.0000502649279419e+00 6.6965657015068958e-02 2.5746331051449567e-01 3.3705688450894137e+01 25
1 0 1 1 2.9492895242981113e-02 2.1088090615380771e-02 1.0000511965628225e+00 6.6928770491709810e-02 2.5847462872617549e-01 3.3755688446417437e+01 25
1 0 1 1 2.9466120497633908e-02 2.1071248356350030e-02 1.0000521394639363e+00 6.6892052538947033e-02 2.5948602719496949e-01 3.3805688441962722e+01 25
1 0 1 1 2.9439376311425534e-02 2.1054438063441996e-02 1.0000530936385583e+00 6.6855503022753532e-02 2.6049749862143046e-01 3.3855688437535228e+01 25
1 0 1 1 2.9412663293222011e-02 2.1037659975711900e-02 1.0000540590908782e+00 6.6819121805911846e-02 2.6150903575477974e-01 3.3905688433155746e+01 25
1 0 1 1 2.9385982045150947e-02 2.1020914329047208e-02 1.0000550358219438e+00 6.6782908748089953e-02 2.6252063139123921e-01 3.3955688428794687e+01 25
1 0 1 1 2.9359333162607821e-02 2.1004201356174194e-02 1.0000560238296059e+00 6.6746863705810788e-02 2.6353227837582616e-01 3.4005688424474364e+01 25
1 0 1 1 2.9332717234345142e-02 2.0987521286704620e-02 1.0000570231084625e+00 6.6710986532549921e-02 2.6454396960031068e-01 3.4055688420185675e+01 25
1 0 1 1 2.9306134842504886e-02 2.0970874347156235e-02 1.0000580336498028e+00 6.6675277078743073e-02 2.6555569800375162e-01 3.4105688415928718e+01 25
1 0 1 1 2.9279586562671225e-02 2.0954260760980448e-02 1.0000590554415540e+00 6.6639735191829641e-02 2.6656745657197328e-01 3.4155688411703117e+01 25
1 0 1 1 2.9253072963922929e-02 2.0937680748593757e-02 1.0000600884682254e+00 6.6604360716288502e-02 2.6757923833747849e-01 3.4205688407518295e+01 25
1 0 1 1 2.9226594608896508e-02 2.0921134527412330e-02 1.0000611327108551e+00 6.6569153493694189e-02 2.6859103637821308e-01 3.4255688403348017e+01 25
1 0 1 1 2.9200152053792911e-02 2.0904622311852184e-02 1.0000621881469576e+00 6.6534113362697100e-02 2.6960284381935684e-01 3.4305688399234789e+01 25
1 0 1 1 2.9173745848502238e-02 2.0888144313404928e-02 1.0000632547504684e+00 6.6499240159155509e-02 2.7061465382982031e-01 3.4355688395130734e+01 25
1 0 1 1 2.9147376536565496e-02 2.0871700740609390e-02 1.0000643324916956e+00 6.6464533716058233e-02 2.7162645962564602e-01 3.4405688391081782e+01 25
1 0 1 1 2.9121044655311297e-02 2.0855291799132994e-02 1.0000654213372646e+00 6.6429993863673986e-02 2.7263825446595813e-01 3.4455688387041931e+01 25
1 0 1 1 2.9094750735819463e-02 2.0838917691745465e-02 1.0000665212500710e+00 6.6395620429475083e-02 2.7365003165635582e-01 3.4505688383056430e+01 25
1 0 1 1 2.9068495303054259e-02 2.0822578618398632e-02 1.0000676321892270e+00 6.6361413238282374e-02 2.7466178454503282e-01 3.4555688379084295e+01 25
1 0 1 1 2.9042278875835291e-02 2.0806274776202314e-02 1.0000687541100151e+00 6.6327372112199690e-02 2.7567350652571837e-01 3.4605688375159431e+01 25
1 0 1 1 2.9016101966954266e-02 2.0790006359497622e-02 1.0000698869638378e+00 6.6293496870733548e-02 2.7668519103470873e-01 3.4655688371256851e+01 25
1 0 1 1 2.8989965083169054e-02 2.0773773559843309e-02 1.0000710306981719e+00 6.6259787330763820e-02 2.7769683155251113e-01 3.4705688367390991e+01 25
1 0 1 1 2.8963868725287421e-02 2.0757576566068050e-02 1.0000721852565206e+00 6.6226243306617583e-02 2.7870842160239057e-01 3.4755688363556544e+01 25
1 0 1 1 2.8937813388200628e-02 2.0741415564287977e-02 1.0000733505783692e+00 6.6192864610085778e-02 2.7971995475054107e-01 3.4805688359751322e+01 24
1 0 1 1 2.8911795573858291e-02 2.0725290737923487e-02 1.0000745265991395e+00 6.6159651050455848e-02 2.8073142460585904e-01 3.4855688355981492e+01 24
1 0 1 1 2.8885812673266422e-02 2.0709202267742824e-02 1.0000757132501479e+00 6.6126602434557175e-02 2.8174282481925927e-01 3.4905688352238798e+01 24
1 0 1 1 2.8859872288521601e-02 2.0693150331866868e-02 1.0000769104585632e+00 6.6093718566776039e-02 2.8275414908398011e-01 3.4955688348532725e+01 24
1 0 1 1 2.8833974891885071e-02 2.0677135105812722e-02 1.0000781181473648e+00 6.6060999249109797e-02 2.8376539113456872e-01 3.5005688344852217e+01 24
1 0 1 1 2.8808120949912582e-02 2.0661156762501787e-02 1.0000793362353047e+00 6.6028444281174770e-02 2.8477654474738207e-01 3.5055688341205396e+01 24
1 0 1 1 2.8782310923517233e-02 2.0645215472296197e-02 1.0000805646368682e+00 6.5996053460257942e-02 2.8578760373980655e-01 3.5105688337594287e+01 24
1 0 1 1 2.8756545268016635e-02 2.0629311403021995e-02 1.0000818032622381e+00 6.5963826581349083e-02 2.8679856196958359e-01 3.5155688333995116e+01 24
1 0 1 1 2.8730824433143162e-02 2.0613444719973471e-02 1.0000830520172601e+00 6.5931763437128005e-02 2.8780941333652865e-01 3.5205688330456496e+01 24
1 0 1 1 2.8705148863166729e-02 2.0597615585982106e-02 1.0000843108034070e+00 6.5899863818092735e-02 2.8882015177858394e-01 3.5255688326918047e+01 24
1 0 1 1 2.8679518996837520e-02 2.0581824161377747e-02 1.0000855795177497e+00 6.5868127512462099e-02 2.8983077127584872e-01 3.5305688323422700e+01 24
1 0 1 1 2.8653935267514526e-02 2.0566070604065512e-02 1.0000868580529247e+00 6.5836554306308220e-02 2.9084126584732595e-01 3.5355688319968067e+01 24
1 0 1 1 2.8628398103189300e-02 2.0550355069532823e-02 1.0000881462971061e+00 6.5805143983562631e-02 2.9185162955082677e-01 3.5405688316515480e+01 24
1 0 1 1 2.8602907926479047e-02 2.0534677710843580e-02 1.0000894441339805e+00 6.5773896325981518e-02 2.9286185648528806e-01 3.5455688313116646e+01 24
1 0 1 1 2.8577465154755261e-02 2.0519038678711278e-02 1.0000907514427195e+00 6.5742811113279509e-02 2.9387194078693085e-01 3.5505688309736328e+01 24
1 0 1 1 2.8552070200120645e-02 2.0503438121481223e-02 1.0000920680979590e+00 6.5711888123075379e-02 2.9488187663146820e-01 3.5555688306373590e+01 24
1 0 1 1 2.8526723469462421e-02 2.0487876185158745e-02 1.0000933939697785e+00 6.5681127130934769e-02 2.9589165823388669e-01 3.5605688303063516e+01 24
1 0 1 1 2.8501425364543954e-02 2.0472353013460495e-02 1.0000947289236790e+00 6.5650527910456946e-02 2.9690127984582615e-01 3.5655688299759348e+01 24
1 0 1 1 2.8476176281974058e-02 2.0456868747793878e-02 1.0000960728205712e+00 6.5620090233209749e-02 2.9791073575854204e-01 3.5705688296489747e+01 24
1 0 1 1 2.8450976613300726e-02 2.0441423527306192e-02 1.0000974255167578e+00 6.5589813868824981e-02 2.9892002030041187e-01 3.5755688293248717e+01 24
1 0 1 1 2.8425826745036395e-02 2.0426017488898440e-02 1.0000987868639224e+00 6.5559698585001019e-02 2.9992912783741915e-01 3.5805688290029501e+01 24
1 0 1 1 2.8400727058692562e-02 2.0410650767242484e-02 1.0001001567091197e+00 6.5529744147521662e-02 3.0093805277328600e-01 3.5855688286842394e+01 24
1 0 1 1 2.8375677930837215e-02 2.0395323494810408e-02 1.0001015348947679e+00 6.5499950320301925e-02 3.0194678954842880e-01 3.5905688283674216e+01 24
1 0 1 1 2.8350679733113799e-02 2.0380035801882301e-02 1.0001029212586441e+00 6.5470316865387457e-02 3.0295533264057600e-01 3.5955688280529465e+01 24
1 0 1 1 2.8325732832292297e-02 2.0364787816573950e-02 1.0001043156338822e+00 6.5440843542991622e-02 3.0396367656433881e-01 3.6005688277419154e+01 24
1 0 1 1 2.8300837590322019e-02 2.0349579664863778e-02 1.0001057178489721e+00 6.5411530111536137e-02 3.0497181587015937e-01 3.6055688274319230e+01 24
1 0 1 1 2.8275994364335311e-02 2.0334411470591212e-02 1.0001071277277638e+00 6.5382376327632080e-02 3.0597974514577764e-01 3.6105688271253051e+01 24
1 0 1 1 2.8251203506726184e-02 2.0319283355500900e-02 1.0001085450894722e+00 6.5353381946150729e-02 3.0698745901436647e-01 3.6155688268208586e+01 24
1 0 1 1 2.8226465365166823e-02 2.0304195439248392e-02 1.0001099697486859e+00 6.5324546720217869e-02 3.0799495213509614e-01 3.6205688265175425e+01 24
1 0 1 1 2.8201780282633419e-02 2.0289147839411228e-02 1.0001114015153796e+00 6.5295870401224865e-02 3.0900221920350712e-01 3.6255688262173067e+01 24
1 0 1 1 2.8177148597473136e-02 2.0274140671526060e-02 1.0001128401949257e+00 6.5267352738884232e-02 3.1000925495033005e-01 3.6305688259201091e+01 24
1 0 1 1 2.8152570643436941e-02 2.0259174049103348e-02 1.0001142855881129e+00 6.5238993481244512e-02 3.1101605414096134e-01 3.6355688256221882e+01 24
1 0 1 1 2.8128046749666638e-02 2.0244248083617158e-02 1.0001157374911689e+00 6.5210792374652909e-02 3.1202261157784200e-01 3.6405688253286421e+01 23
1 0 1 1 2.8103577132559173e-02 2.0229362066205379e-02 1.0001171959324711e+00 6.5182749163868570e-02 3.1302892626584228e-01 3.6455688433630087e+01 23
1 0 1 1 2.8079161602619584e-02 2.0214510384509079e-02 1.0001186624207516e+00 6.5154863900086402e-02 3.1403501198865880e-01 3.6505689562000043e+01 23
1 0 1 1 2.8054803032347069e-02 2.0199700897044377e-02 1.0001201347169903e+00 6.5127138215178793e-02 3.1504076043896684e-01 3.6555686701688870e+01 23
1 0 1 1 2.8030497646488316e-02 2.0184931223137539e-02 1.0001216128467485e+00 6.5099567198854513e-02 3.1604633531082060e-01 3.6605688241798539e+01 23
1 0 1 1 2.8006248645655017e-02 2.0170203223689360e-02 1.0001230964088312e+00 6.5072153880128603e-02 3.1705161203098647e-01 3.6655688238962696e+01 23
1 0 1 1 2.7982055581457100e-02 2.0155516542184098e-02 1.0001245852183787e+00 6.5044897142608638e-02 3.1805661664329282e-01 3.6705688236120714e+01 23
1 0 1 1 2.7957918752030651e-02 2.0140871276592674e-02 1.0001260790406494e+00 6.5017796721567600e-02 3.1906134419265952e-01 3.6755688233314643e+01 23
1 0 1 1 2.7933838451259053e-02 2.0126267523026275e-02 1.0001275776365885e+00 6.4990852350813089e-02 3.2006578975601885e-01 3.6805688230484336e+01 23
1 0 1 1 2.7909814968704077e-02 2.0111705375692051e-02 1.0001290807628829e+00 6.4964063762594892e-02 3.2106994844719400e-01 3.6855688227716435e+01 23
1 0 1 1 2.7885848589779421e-02 2.0097184926992522e-02 1.0001305881720046e+00 6.4937430687772968e-02 3.2207381541015639e-01 3.6905688224914030e+01 23
1 0 1 1 2.7861939595622227e-02 2.0082706267446380e-02 1.0001320996122778e+00 6.4910952855656956e-02 3.2307738582613171e-01 3.6955688222155395e+01 23
1 0 1 1 2.7838088263263151e-02 2.0068269485785360e-02 1.0001336148279290e+00 6.4884629994173493e-02 3.2408065490740889e-01 3.7005688219391047e+01 23
1 0 1 1 2.7814294865565279e-02 2.0053874668914246e-02 1.0001351335591568e+00 6.4858461829777225e-02 3.2508361790108403e-01 3.7055688216634493e+01 23
1 0 1 1 2.7790559671289506e-02 2.0039521901947185e-02 1.0001366555421960e+00 6.4832448087503991e-02 3.2608627008760799e-01 3.7105688213894155e+01 23
1 0 1 1 2.7766882945131657e-02 2.0025211268227549e-02 1.0001381805093881e+00 6.4806588490989414e-02 3.2708860678049284e-01 3.7155688211161895e+01 23
1 0 1 1 2.7743264947740143e-02 2.0010942849332011e-02 1.0001397081892558e+00 6.4780882762468517e-02 3.2809062332637873e-01 3.7205688208421151e+01 23
1 0 1 1 2.7719705935723819e-02 1.9996716725072462e-02 1.0001412383065824e+00 6.4755330622766838e-02 3.2909231510606851e-01 3.7255688205701894e+01 23
1 0 1 1 2.7696206161729891e-02 1.9982532973542608e-02 1.0001427705824897e+00 6.4729931791359274e-02 3.3009367753248148e-01 3.7305688202979532e+01 23
1 0 1 1 2.7672765874426887e-02 1.9968391671099223e-02 1.0001443047345264e+00 6.4704685986336052e-02 3.3109470605214780e-01 3.7355688200254527e+01 23
1 0 1 1 2.7649385318544203e-02 1.9954292892386899e-02 1.0001458404767556e+00 6.4679592924422935e-02 3.3209539614506245e-01 3.7405688197545537e+01 23
1 0 1 1 2.7626064734921123e-02 1.9940236710360815e-02 1.0001473775198457e+00 6.4654652321016026e-02 3.3309574332344682e-01 3.7455688194830955e+01 23
1 0 1 1 2.7602804360504215e-02 1.9926223196282556e-02 1.0001489155711685e+00 6.4629863890156070e-02 3.3409574313281132e-01 3.7505688192103086e+01 23
1 0 1 1 2.7579604428368706e-02 1.9912252419731435e-02 1.0001504543348989e+00 6.4605227344533611e-02 3.3509539115261827e-01 3.7555688189402126e+01 23
1 0 1 1 2.7556465167800918e-02 1.9898324448647996e-02 1.0001519935121139e+00 6.4580742395553947e-02 3.3609468299317702e-01 3.7605688186662718e+01 23
1 0 1 1 2.7533386804224638e-02 1.9884439349287616e-02 1.0001535328009070e+00 6.4556408753242117e-02 3.3709361430041407e-01 3.7655688183953053e+01 23
1 0 1 1 2.7510369559336605e-02 1.9870597186299473e-02 1.0001550718964891e+00 6.4532226126364833e-02 3.3809218075092201e-01 3.7705688181227288e+01 23
1 0 1 1 2.7487413651052166e-02 1.9856798022687906e-02 1.0001566104913093e+00 6.4508194222352683e-02 3.3909037805509734e-01 3.7755688178483460e+01 23
1 0 1 1 2.7464519293543613e-02 1.9843041919834676e-02 1.0001581482751698e+00 6.4484312747320360e-02 3.4008820195679285e-01 3.7805688175745040e+01 23
1 0 1 1 2.7441686697289625e-02 1.9829328937525131e-02 1.0001596849353449e+00 6.4460581406100864e-02 3.4108564823231097e-01 3.7855688173010421e+01 23
1 0 1 1 2.7418916069094957e-02 1.9815659133954285e-02 1.0001612201567054e+00 6.4436999902242553e-02 3.4208271269004137e-01 3.7905688170234505e+01 23
1 0 1 1 2.7396200362096900e-02 1.9802032565707520e-02 1.0001627536218489e+00 6.4413567937956162e-02 3.4307939117349207e-01 3.7955688167478243e+01 23
1 0 1 1 2.7373542866112519e-02 1.9788449287822123e-02 1.0001642850112247e+00 6.4390285214211140e-02 3.4407567955700169e-01 3.8005688164693389e+01 23
1 0 1 1 2.7350948010577320e-02 1.9774909353747743e-02 1.0001658140032716e+00 6.4367151430656633e-02 3.4507157374955433e-01 3.8055688161912776e+01 23
1 0 1 1 2.7328415987685799e-02 1.9761412815398147e-02 1.0001673402745521e+00 6.4344166285685039e-02 3.4606706969161555e-01 3.8105688159087876e+01 23
1 0 1 1 2.7305946985999335e-02 1.9747959723110619e-02 1.0001688634998940e+00 6.4321329476359934e-02 3.4706216335906720e-01 3.8155688156286146e+01 23
1 0 1 1 2.7283541190573534e-02 1.9734550125721072e-02 1.0001703833525288e+00 6.4298640698519399e-02 3.4805685075840564e-01 3.8205688153445749e+01 23
1 0 1 1 2.7261198782879918e-02 1.9721184070511200e-02 1.0001718995042419e+00 6.4276099646679213e-02 3.4905112793099069e-01 3.8255688150587957e+01 23
1 0 1 1 2.7238919940874538e-02 1.9707861603248732e-02 1.0001734116255174e+00 6.4253706014081313e-02 3.5004499095121960e-01 3.8305688147721348e+01 23
1 0 1 1 2.7216704839019293e-02 1.9694582768195811e-02 1.0001749193856886e+00 6.4231459492696263e-02 3.5103843592638712e-01 3.8355688144832385e+01 23
1 0 1 1 2.7194553648286001e-02 1.9681347608109100e-02 1.0001764224530927e+00 6.4209359773206021e-02 3.5203145899734734e-01 3.8405688141914965e+01 23
1 0 1 1 2.7172466536171436e-02 1.9668156164244523e-02 1.0001779204952250e+00 6.4187406545000714e-02 3.5302405633889444e-01 3.8455688138986623e+01 23
1 0 1 1 2.7150443666741093e-02 1.9655008476382029e-02 1.0001794131788968e+00 6.4165599496200765e-02 3.5401622415868861e-01 3.8505688136029960e+01 23
1 0 1 1 2.7128485200620712e-02 1.9641904582816727e-02 1.0001809001703954e+00 6.4143938313630078e-02 3.5500795869857493e-01 3.8555688133055632e+01 23
1 0 1 1 2.7106591295034389e-02 1.9628844520378049e-02 1.0001823811356454e+00 6.4122422682834079e-02 3.5599925623371415e-01 3.8605688130054801e+01 23
1 0 1 1 2.7084762103812096e-02 1.9615828324431456e-02 1.0001838557403728e+00 6.4101052288064786e-02 3.5699011307295386e-01 3.8655688127013157e+01 23
1 0 1 1 2.7062997777390230e-02 1.9602856028876438e-02 1.0001853236502722e+00 6.4079826812263846e-02 3.5798052556000209e-01 3.8705688123965693e+01 23
1 0 1 1 2.7041298462874886e-02 1.9589927666181485e-02 1.0001867845311707e+00 6.4058745937105116e-02 3.5897049007141418e-01 3.8755688120890603e+01 23
1 0 1 1 2.7019664304028794e-02 1.9577043267372651e-02 1.0001882380491980e+00 6.4037809342958385e-02 3.5996000301771136e-01 3.8805688117760852e+01 23
1 0 1 1 2.6998095441256684e-02 1.9564202862020864e-02 1.0001896838709587e+00 6.4017016708862257e-02 3.6094906084528183e-01 3.8855688114636820e+01 23
1 0 1 1 2.6976592011707674e-02 1.9551406478302474e-02 1.0001911216636981e+00 6.3996367712597535e-02 3.6193766003239303e-01 3.8905688111457970e+01 23
1 0 1 1 2.6955154149201629e-02 1.9538654142950307e-02 1.0001925510954792e+00 6.3975862030598130e-02 3.6292579709334316e-01 3.8955688108248886e+01 23
1 0 1 1 2.6933781984290063e-02 1.9525945881288358e-02 1.0001939718353545e+00 6.3955499337993549e-02 3.6391346857683010e-01 3.9005688105031595e+01 23
1 0 1 1 2.6912475644296809e-02 1.9513281717252928e-02 1.0001953835535364e+00 6.3935279308622583e-02 3.6490067106444879e-01 3.9055688101743840e+01 23
1 0 1 1 2.6891235253249868e-02 1.9500661673347477e-02 1.0001967859215777e+00 6.3915201614954786e-02 3.6588740117506241e-01 3.9105688098456554e+01 23
1 0 1 1 2.6870060932003361e-02 1.9488085770715324e-02 1.0001981786125387e+00 6.3895265928182843e-02 3.6687365555986129e-01 3.9155688095116624e+01 23
1 0 1 1 2.6848952798168787e-02 1.9475554029093713e-02 1.0001995613011685e+00 6.3875471918139637e-02 3.6785943090633505e-01 3.9205688091743980e+01 23
1 0 1 1 2.6827910966168038e-02 1.9463066466842260e-02 1.0002009336640756e+00 6.3855819253332419e-02 3.6884472393671974e-01 3.9255688088348386e+01 23
1 0 1 1 2.6806935547260716e-02 1.9450623100957260e-02 1.0002022953799037e+00 6.3836307600943054e-02 3.6982953140737951e-01 3.9305688084891344e+01 23
1 0 1 1 2.6786025999619045e-02 1.9438219568912275e-02 1.0002036485997718e+00 6.3816936626779952e-02 3.7081387617345130e-01 3.9355689153467523e+01 23
1 0 1 1 2.6765183967426640e-02 1.9425857955573275e-02 1.0002049922600944e+00 6.3797707239792528e-02 3.7179768371552474e-01 3.9405687736365721e+01 23
1 0 1 1 2.6744408257899758e-02 1.9413540385322409e-02 1.0002063243929977e+00 6.3778617471096366e-02 3.7278101516817880e-01 3.9455687279339685e+01 23
1 0 1 1 2.6723698854036616e-02 1.9401266801308683e-02 1.0002076446926924e+00 6.3759666881480492e-02 3.7376387308457515e-01 3.9505688071715284e+01 23
1 0 1 1 2.6703056699607385e-02 1.9389037716358630e-02 1.0002089527951459e+00 6.3740855908679894e-02 3.7474621418295573e-01 3.9555688068080798e+01 23
1 0 1 1 2.6682481556996318e-02 1.9376852943533942e-02 1.0002102484146551e+00 6.3722183909155294e-02 3.7572805108126245e-01 3.9605688064441516e+01 23
1 0 1 1 2.6661973515762435e-02 1.9364712490321508e-02 1.0002115312476123e+00 6.3703650540823165e-02 3.7670938078075333e-01 3.9655688060724167e+01 23
1 0 1 1 2.6641532662353581e-02 1.9352616362851318e-02 1.0002128009937916e+00 6.3685255460181112e-02 3.7769020032132206e-01 3.9705688056999243e+01 23
1 0 1 1 2.6621159080220579e-02 1.9340564565959142e-02 1.0002140573565090e+00 6.3666998322395418e-02 3.7867050677659847e-01 3.9755688053228383e+01 23
1 0 1 1 2.6600852849773995e-02 1.9328557103156951e-02 1.0002153000427905e+00 6.3648878781240148e-02 3.7965029725659299e-01 3.9805688049394604e+01 24
1 0 1 1 2.6580614048386485e-02 1.9316593976635037e-02 1.0002165287635343e+00 6.3630896489087013e-02 3.8062956890900113e-01 3.9855688045563504e+01 24
1 0 1 1 2.6560442750489646e-02 1.9304675187312277e-02 1.0002177432336672e+00 6.3613051096970630e-02 3.8160831891463837e-01 3.9905688041647963e+01 24
1 0 1 1 2.6540339027470234e-02 1.9292800734774077e-02 1.0002189431723083e+00 6.3595342254482656e-02 3.8258654449368162e-01 3.9955688037722304e+01 24
1 0 1 1 2.6520302947793513e-02 1.9280970617343633e-02 1.0002201283029180e+00 6.3577769609863610e-02 3.8356424290058738e-01 4.0005688033758332e+01 24
1 0 1 1 2.6500334576967266e-02 1.9269184832054097e-02 1.0002212983534524e+00 6.3560332809953601e-02 3.8454141142627773e-01 4.0055688029735364e+01 24
1 0 1 1 2.6480433977544095e-02 1.9257443374650730e-02 1.0002224530565151e+00 6.3543031500178482e-02 3.8551804739906392e-01 4.0105688025682674e+01 24
1 0 1 1 2.6460601209170001e-02 1.9245746239614232e-02 1.0002235921495006e+00 6.3525865324578490e-02 3.8649414818311634e-01 4.0155688021599687e+01 24
1 0 1 1 2.6440836328591306e-02 1.9234093420162954e-02 1.0002247153747370e+00 6.3508833925798175e-02 3.8746971117891882e-01 4.0205688017476170e+01 24
1 0 1 1 2.6421139389662045e-02 1.9222484908254640e-02 1.0002258224796281e+00 6.3491936945076932e-02 3.8844473382375821e-01 4.0255688013314654e+01 24
1 0 1 1 2.6401510443367159e-02 1.9210920694594950e-02 1.0002269132167878e+00 6.3475174022252778e-02 3.8941921359112291e-01 4.0305688009098652e+01 24
1 0 1 1 2.6381949537814888e-02 1.9199400768633565e-02 1.0002279873441744e+00 6.3458544795743477e-02 3.9039314799238067e-01 4.0355688004875411e+01 24
1 0 1 1 2.6362456718307552e-02 1.9187925118599389e-02 1.0002290446252164e+00 6.3442048902592751e-02 3.9136653457371179e-01 4.0405688000599163e+01 24
1 0 1 1 2.6343032027297996e-02 1.9176493731473326e-02 1.0002300848289405e+00 6.3425685978417801e-02 3.9233937091924193e-01 4.0455687996289804e+01 24
1 0 1 1 2.6323675504438104e-02 1.9165106593014597e-02 1.0002311077300903e+00 6.3409455657438635e-02 3.9331165464962775e-01 4.0505687991959448e+01 24
1 0 1 1 2.6304387186603342e-02 1.9153763687771389e-02 1.0002321131092433e+00 6.3393357572484099e-02 3.9428338342151392e-01 4.0555687987584399e+01 24
1 0 1 1 2.6285167107884724e-02 1.9142464999071684e-02 1.0002331007529242e+00 6.3377391354969753e-02 3.9525455492850892e-01 4.0605687983155860e+01 24
1 0 1 1 2.6266015299591682e-02 1.9131210509024967e-02 1.0002340704537129e+00 6.3361556634894817e-02 3.9622516690257936e-01 4.0655687978751317e+01 24
1 0 1 1 2.6246927885474919e-02 1.9120000198578877e-02 1.0002350220103438e+00 6.3345853040913447e-02 3.9719521710888128e-01 4.0705687974270234e+01 24
1 0 1 1 2.6227901898034287e-02 1.9108834047453251e-02 1.0002359552278106e+00 6.3330280200233957e-02 3.9816470335244691e-01 4.0755687969779039e+01 24
1 0 1 1 2.6208944336775179e-02 1.9097712034206290e-02 1.0002368699174571e+00 6.3314837738701335e-02 3.9913362347317521e-01 4.0805687965253661e+01 24
1 0 1 1 2.6190055221813332e-02 1.9086634136208477e-02 1.0002377658970665e+00 6.3299525280762492e-02 4.0010197534831482e-01 4.0855687960711904e+01 24
1 0 1 1 2.6171234570611032e-02 1.9075600329672288e-02 1.0002386429909458e+00 6.3284342449491826e-02 4.0106975689091290e-01 4.0905687956133100e+01 24
1 0 1 1 2.6152482397963681e-02 1.9064610589637470e-02 1.0002395010300069e+00 6.3269288866573514e-02 4.0203696605130168e-01 4.0955687951540142e+01 24
1 0 1 1 2.6133798716046885e-02 1.9053664889998229e-02 1.0002403398518389e+00 6.3254364152329434e-02 4.0300360081573117e-01 4.1005687946930600e+01 24
1 0 1 1 2.6115183534431409e-02 1.9042763203507476e-02 1.0002411593007789e+00 6.3239567925717777e-02 4.0396965920638456e-01 4.1055687942280969e+01 24
1 0 1 1 2.6096636860073432e-02 1.9031905501766744e-02 1.0002419592279763e+00 6.3224899804319890e-02 4.0493513928269537e-01 4.1105687937620452e+01 24
1 0 1 1 2.6078158697365260e-02 1.9021091755255643e-02 1.0002427394914517e+00 6.3210359404373279e-02 4.0590003914006018e-01 4.1155687932967012e+01 24
1 0 1 1 2.6059749048169663e-02 1.9010321933345054e-02 1.0002434999561489e+00 6.3195946340787457e-02 4.0686435690853157e-01 4.1205687928266350e+01 24
1 0 1 1 2.6041407911779980e-02 1.8999596004271906e-02 1.0002442404939877e+00 6.3181660227105418e-02 4.0782809075596205e-01 4.1255687923559414e+01 24
1 0 1 1 2.6023135284991207e-02 1.8988913935178486e-02 1.0002449609839041e+00 6.3167500675553268e-02 4.0879123888539209e-01 4.1305687918852477e+01 24
1 0 1 1 2.6004931162112648e-02 1.8978275692114851e-02 1.0002456613118895e+00 6.3153467297043825e-02 4.0975379953522051e-01 4.1355687914133185e+01 24
1 0 1 1 2.5986795534976265e-02 1.8967681240041549e-02 1.0002463413710232e+00 6.3139559701176129e-02 4.1071577097982126e-01 4.1405687909408556e+01 24
1 0 1 1 2.5968728392971385e-02 1.8957130542844473e-02 1.0002470010615006e+00 6.3125777496253449e-02 4.1167715152835832e-01 4.1455687904651370e+01 24
1 0 1 1 2.5950729723026807e-02 1.8946623563323682e-02 1.0002476402906562e+00 6.3112120289268936e-02 4.1263793952717731e-01 4.1505687899931225e+01 24
1 0 1 1 2.5932799509710718e-02 1.8936160263246384e-02 1.0002482589729782e+00 6.3098587685973540e-02 4.1359813335512274e-01 4.1555687895179773e+01 24
1 0 1 1 2.5914937735161372e-02 1.8925740603303681e-02 1.0002488570301231e+00 6.3085179290822496e-02 4.1455773142848107e-01 4.1605687890456551e+01 24
1 0 1 1 2.5897144379193434e-02 1.8915364543168223e-02 1.0002494343909198e+00 6.3071894707045745e-02 4.1551673219596569e-01 4.1655687885696530e+01 24
1 0 1 1 2.5879419419227695e-02 1.8905032041452122e-02 1.0002499909913738e+00 6.3058733536598854e-02 4.1647513414394283e-01 4.1705687880991483e+01 25
1 0 1 1 2.5861762830427636e-02 1.8894743055779470e-02 1.0002505267746598e+00 6.3045695380255173e-02 4.1743293578954171e-01 4.1755687876241879e+01 25
1 0 1 1 2.5844174585593415e-02 1.8884497542725327e-02 1.0002510416911170e+00 6.3032779837528780e-02 4.1839013568801303e-01 4.1805687871548741e+01 25
1 0 1 1 2.5826654655308409e-02 1.8874295457893937e-02 1.0002515356982307e+00 6.3019986506779674e-02 4.1934673242535198e-01 4.1855687866841798e+01 25
1 0 1 1 2.5809203007868230e-02 1.8864136755874790e-02 1.0002520087606166e+00 6.3007314985158713e-02 4.2030272462325374e-01 4.1905687862148490e+01 25
1 0 1 1 2.5791819609342567e-02 1.8854021390276986e-02 1.0002524608499954e+00 6.2994764868655018e-02 4.2125811093712423e-01 4.1955687857500877e+01 25
1 0 1 1 2.5774504423629434e-02 1.8843949313754757e-02 1.0002528919451636e+00 6.2982335752127555e-02 4.2221289005365764e-01 4.2005687852821389e+01 25
1 0 1 1 2.5757256999203632e-02 1.8833918017921659e-02 1.0002533038468053e+00 6.2970027229261372e-02 4.2316707912563623e-01 4.2055688623072754e+01 25
1 0 1 1 2.5740077736579471e-02 1.8823925759237203e-02 1.0002536981393055e+00 6.2957839463963411e-02 4.2412064857486120e-01 4.2105688513997130e+01 25
1 0 1 1 2.5722967278951785e-02 1.8813977100157156e-02 1.0002540713873969e+00 6.2945771969582759e-02 4.2507356734429413e-01 4.2155686320348941e+01 25
1 0 1 1 2.5705923602179225e-02 1.8804070838554090e-02 1.0002544236383490e+00 6.2933822944168771e-02 4.2602594465108756e-01 4.2205687836223987e+01 25
1 0 1 1 2.5688948446756368e-02 1.8794207961179622e-02 1.0002547548658607e+00 6.2921993234986540e-02 4.2697767968880118e-01 4.2255687831682586e+01 25
1 0 1 1 2.5672041244640644e-02 1.8784388112994824e-02 1.0002550650997111e+00 6.2910282065441026e-02 4.2792880030741492e-01 4.2305687827204537e+01 25
1 0 1 1 2.5655201945070729e-02 1.8774611239959490e-02 1.0002553543654145e+00 6.2898689023085652e-02 4.2887930541833208e-01 4.2355687822769667e+01 25
1 0 1 1 2.5638430495274596e-02 1.8764877287143114e-02 1.0002556226951878e+00 6.2887213694466315e-02 4.2982919396380187e-01 4.2405687818332197e+01 25
1 0 1 1 2.5621726840447979e-02 1.8755186198711981e-02 1.0002558701278819e+00 6.2875855665114805e-02 4.3077846491966493e-01 4.2455687813979310e+01 25
1 0 1 1 2.5605090923865266e-02 1.8745537917988470e-02 1.0002560967089082e+00 6.2864614519628659e-02 4.3172711729011232e-01 4.2505687809671791e+01 25
1 0 1 1 2.5588522686853531e-02 1.8735932387432971e-02 1.0002563024901650e+00 6.2853489841653037e-02 4.3267515011008323e-01 4.2555687805385197e+01 25
1 0 1 1 2.5572022068799358e-02 1.8726369548643974e-02 1.0002564875299549e+00 6.2842481213893298e-02 4.3362256244612324e-01 4.2605687801172067e+01 25
1 0 1 1 2.5555589007228045e-02 1.8716849342401379e-02 1.0002566518929037e+00 6.2831588218169671e-02 4.3456935339297548e-01 4.2655687796997405e+01 25
1 0 1 1 2.5539223437772287e-02 1.8707371708643377e-02 1.0002567956498707e+00 6.2820810435407826e-02 4.3551552207655697e-01 4.2705687792914560e+01 25
1 0 1 1 2.5522925294265218e-02 1.8697936586518700e-02 1.0002569188778603e+00 6.2810147445698655e-02 4.3646106764961329e-01 4.2755687788850345e+01 25
1 0 1 1 2.5506694508676767e-02 1.8688543914345195e-02 1.0002570216599276e+00 6.2799598828268022e-02 4.3740598929666741e-01 4.2805687784885457e+01 25
1 0 1 1 2.5490531011237782e-02 1.8679193629677796e-02 1.0002571040850814e+00 6.2789164161556943e-02 4.3835028622765859e-01 4.2855687780934808e+01 25
1 0 1 1 2.5474434730348758e-02 1.8669885669253830e-02 1.0002571662481841e+00 6.2778843023180098e-02 4.3929395768492174e-01 4.2905687777135292e+01 25
1 0 1 1 2.5458405592760903e-02 1.8660619969092931e-02 1.0002572082498487e+00 6.2768634990040428e-02 4.4023700293325368e-01 4.2955687773337360e+01 25
1 0 1 1 2.5442443523435644e-02 1.8651396464413193e-02 1.0002572301963342e+00 6.2758539638247346e-02 4.4117942126951853e-01 4.3005687769631535e+01 25
1 0 1 1 2.5426548445672190e-02 1.8642215089702253e-02 1.0002572321994367e+00 6.2748556543211487e-02 4.4212121201647309e-01 4.3055687766040066e+01 25
1 0 1 1 2.5410720281136612e-02 1.8633075778727914e-02 1.0002572143763784e+00 6.2738685279665501e-02 4.4306237452172242e-01 4.3105687762481246e+01 25
1 0 1 1 2.5394958949813928e-02 1.8623978464509760e-02 1.0002571768496955e+00 6.2728925421641157e-02 4.4400290816199461e-01 4.3155687759012928e+01 26
1 0 1 1 2.5379264370083185e-02 1.8614923079359514e-02 1.0002571197471222e+00 6.2719276542533564e-02 4.4494281234018013e-01 4.3205687755695365e+01 26
1 0 1 1 2.5363636458796513e-02 1.8605909554920856e-02 1.0002570432014741e+00 6.2709738215149136e-02 4.4588208648108157e-01 4.3255687752384723e+01 26
1 0 1 1 2.5348075131163484e-02 1.8596937822102061e-02 1.0002569473505283e+00 6.2700310011646748e-02 4.4682073003995537e-01 4.3305687749205042e+01 26
1 0 1 1 2.5332580300909225e-02 1.8588007811160982e-02 1.0002568323369037e+00 6.2690991503644433e-02 4.4775874249384934e-01 4.3355687746109069e+01 26
1 0 1 1 2.5317149435345906e-02 1.8579119451674692e-02 1.0002566983079364e+00 6.2681782262199670e-02 4.4869612334661513e-01 4.3405687743161891e+01 26
1 0 1 1 2.5301777560253133e-02 1.8570272672593702e-02 1.0002565454155574e+00 6.2672681857875889e-02 4.4963287212268327e-01 4.3455687740231220e+01 26
1 0 1 1 2.5286471986206271e-02 1.8561467402174889e-02 1.0002563738161658e+00 6.2663689860690930e-02 4.5056898837624804e-01 4.3505687737494839e+01 26
1 0 1 1 2.5271232620624629e-02 1.8552703568096553e-02 1.0002561836705033e+00 6.2654805840246630e-02 4.5150447167892649e-01 4.3555687734803598e+01 26
1 0 1 1 2.5256059369445662e-02 1.8543981097375182e-02 1.0002559751435245e+00 6.2646029365655859e-02 4.5243932163013173e-01 4.3605687732252917e+01 26
1 0 1 1 2.5240952137266175e-02 1.8535299916439370e-02 1.0002557484042709e+00 6.2637360005633358e-02 4.5337353784922962e-01 4.3655687729785981e+01 26
1 0 1 1 2.5225910827277660e-02 1.8526659951093948e-02 1.0002555036257368e+00 6.2628797328478092e-02 4.5430711998129847e-01 4.3705687727520029e+01 26
1 0 1 1 2.5210935341425125e-02 1.8518061126604268e-02 1.0002552409847447e+00 6.2620340902162730e-02 4.5524006768770719e-01 4.3755687725262618e+01 26
1 0 1 1 2.5196025580231624e-02 1.8509503367594719e-02 1.0002549606618083e+00 6.2611990294253156e-02 4.5617238065854143e-01 4.3805687723196932e+01 26
1 0 1 1 2.5181181443007763e-02 1.8500986598166368e-02 1.0002546628410054e+00 6.2603745072039696e-02 4.5710405860087727e-01 4.3855687721273199e+01 26
1 0 1 1 2.5166402827807587e-02 1.8492510741867137e-02 1.0002543477098447e+00 6.2595604802516025e-02 4.5803510124221758e-01 4.3905687719412569e+01 26
1 0 1 1 2.5151689631385532e-02 1.8484075721663929e-02 1.0002540154591324e+00 6.2587569052375558e-02 4.5896550833455824e-01 4.3955687717747175e+01 26
1 0 1 1 2.5137041749346205e-02 1.8475681460028023e-02 1.0002536662828425e+00 6.2579637388102016e-02 4.5989527964629373e-01 4.4005687716202523e+01 26
1 0 1 1 2.5122459076083473e-02 1.8467327878894910e-02 1.0002533003779834e+00 6.2571809375945586e-02 4.6082441496673004e-01 4.4055687714761625e+01 26
1 0 1 1 2.5107941504789708e-02 1.8459014899667829e-02 1.0002529179444646e+00 6.2564084581948565e-02 4.6175291410711683e-01 4.4105687713540654e+01 26
1 0 1 1 2.5093488927595220e-02 1.8450742443294726e-02 1.0002525191849696e+00 6.2556462572020244e-02 4.6268077689241638e-01 4.4155687712363985e+01 26
1 0 1 1 2.5079101235401031e-02 1.8442510430170433e-02 1.0002521043048171e+00 6.2548942911873073e-02 4.6360800317361966e-01 4.4205687711448554e+01 26
1 0 1 1 2.5064778318127943e-02 1.8434318780273615e-02 1.0002516735118390e+00 6.2541525167156831e-02 4.6453459281220755e-01 4.4255687710587068e+01 26
1 0 1 1 2.5050520064518203e-02 1.8426167413055489e-02 1.0002512270162414e+00 6.2534208903372079e-02 4.6546054569479967e-01 4.4305687709953880e+01 26
1 0 1 1 2.5036326362342768e-02 1.8418056247550614e-02 1.0002507650304822e+00 6.2526993685987853e-02 4.6638586172012275e-01 4.4355687709425411e+01 27
1 0 1 1 2.5022197098274485e-02 1.8409985202305721e-02 1.0002502877691364e+00 6.2519879080394858e-02 4.6731054080901274e-01 4.4405687709137005e+01 27
1 0 1 1 2.5008132158068012e-02 1.8401954195477292e-02 1.0002497954487743e+00 6.2512864651996958e-02 4.6823458289296355e-01 4.4455687708883701e+01 27
1 0 1 1 2.4994131426363527e-02 1.8393963144718282e-02 1.0002492882878264e+00 6.2505949966138341e-02 4.6915798792880559e-01 4.4505687708933699e+01 27
1 0 1 1 2.4980194786962270e-02 1.8386011967333533e-02 1.0002487665064659e+00 6.2499134588249405e-02 4.7008075588144982e-01 4.4555687709112902e+01 27
1 0 1 1 2.4966322122667455e-02 1.8378100580183583e-02 1.0002482303264777e+00 6.2492418083777090e-02 4.7100288673511204e-01 4.4605687709432630e+01 27
1 0 1 1 2.4952513315344389e-02 1.8370228899719999e-02 1.0002476799711368e+00 6.2485800018230370e-02 4.7192438049074598e-01 4.4655687709967530e+01 27
1 0 1 1 2.4938768245990207e-02 1.8362396842021161e-02 1.0002471156650872e+00 6.2479279957225575e-02 4.7284523716238591e-01 4.4705687710676479e+01 27
1 0 1 1 2.4925086794697834e-02 1.8354604322769141e-02 1.0002465376342176e+00 6.2472857466485954e-02 4.7376545678058701e-01 4.4755687711608658e+01 27
1 0 1 1 2.4911467916897318e-02 1.8346847324954632e-02 1.0002459487661599e+00 6.2466532111886408e-02 4.7468509311819168e-01 4.4805690338017307e+01 27
1 0 1 1 2.4897913930320113e-02 1.8339128216688094e-02 1.0002453485309577e+00 6.2460304453197946e-02 4.7560398397742654e-01 4.4855686859111565e+01 27
1 0 1 1 2.4884422542248579e-02 1.8331448057135956e-02 1.0002447351689945e+00 6.2454172754428772e-02 4.7652228234662186e-01 4.4905685799550881e+01 27
1 0 1 1 2.4870993488493920e-02 1.8323806680592115e-02 1.0002441089005589e+00 6.2448136528933496e-02 4.7743999850157665e-01 4.4955687719811692e+01 27
1 0 1 1 2.4857627962611633e-02 1.8316204750545146e-02 1.0002434700165741e+00 6.2442195937794515e-02 4.7835704261963879e-01 4.5005687721636527e+01 27
1 0 1 1 2.4844325323327802e-02 1.8308641886371352e-02 1.0002428187238159e+00 6.2436350314518940e-02 4.7927345004069993e-01 4.5055687723792992e+01 27
1 0 1 1 2.4831085445230786e-02 1.8301118001147674e-02 1.0002421552533274e+00 6.2430599226367151e-02 4.8018922088321547e-01 4.5105687725978036e+01 27
1 0 1 1 2.4817908202014960e-02 1.8293633007546661e-02 1.0002414798365111e+00 6.2424942240811687e-02 4.8110435528993384e-01 4.5155687728538460e+01 27
1 0 1 1 2.4804793466805676e-02 1.8286186818015884e-02 1.0002407927050379e+00 6.2419378925689772e-02 4.8201885340591227e-01 4.5205687731290375e+01 27
1 0 1 1 2.4791741111996109e-02 1.8278779344685282e-02 1.0002400940907341e+00 6.2413908849136585e-02 4.8293271539076649e-01 4.5255687734200919e+01 27
1 0 1 1 2.4778751009253801e-02 1.8271410499367185e-02 1.0002393842254778e+00 6.2408531579610765e-02 4.8384594141926818e-01 4.5305687737441190e+01 27
1 0 1 1 2.4765823029678093e-02 1.8264080193645327e-02 1.0002386633411067e+00 6.2403246685964281e-02 4.8475853167126182e-01 4.5355687740847252e+01 28
1 0 1 1 2.4752957043656577e-02 1.8256788338790492e-02 1.0002379316693106e+00 6.2398053737398679e-02 4.8567048634258048e-01 4.5405687744535335e+01 28
1 0 1 1 2.4740152920979145e-02 1.8249534845824502e-02 1.0002371894415389e+00 6.2392952303529509e-02 4.8658180563829895e-01 4.5455687748547739e+01 28
1 0 1 1 2.4727410530909984e-02 1.8242319625556936e-02 1.0002364368889141e+00 6.2387941954407444e-02 4.8749248976762705e-01 4.5505687752586361e+01 28
1 0 1 1 2.4714729741916495e-02 1.8235142588432986e-02 1.0002356742421177e+00 6.2383022260448201e-02 4.8840253896528119e-01 4.5555687757202605e+01 28
1 0 1 1 2.4702110422177948e-02 1.8228003644817012e-02 1.0002349017313337e+00 6.2378192792621107e-02 4.8931195345502160e-01 4.5605687761808355e+01 28
1 0 1 1 2.4689552439052180e-02 1.8220902704689915e-02 1.0002341195861255e+00 6.2373453122267469e-02 4.9022073348930761e-01 4.5655687766870720e+01 28
1 0 1 1 2.4677055659546681e-02 1.8213839677914463e-02 1.0002333280353795e+00 6.2368802821283320e-02 4.9112887931603050e-01 4.5705687772095736e+01 28
1 0 1 1 2.4664619950013303e-02 1.8206814474061063e-02 1.0002325273072012e+00 6.2364241462022768e-02 4.9203639120159071e-01 4.5755687777713256e+01 28
1 0 1 1 2.4652245176387897e-02 1.8199827002540064e-02 1.0002317176288491e+00 6.2359768617394173e-02 4.9294326941417171e-01 4.5805687783570477e+01 28
1 0 1 1 2.4639931204059082e-02 1.8192877172528286e-02 1.0002308992266455e+00 6.2355383860820901e-02 4.9384951423429585e-01 4.5855687789724563e+01 28
1 0 1 1 2.4627677897941590e-02 1.8185964893006765e-02 1.0002300723259052e+00 6.2351086766280345e-02 4.9475512594997767e-01 4.5905687796191550e+01 28
1 0 1 1 2.4615485122475869e-02 1.8179090072760810e-02 1.0002292371508592e+00 6.2346876908316279e-02 4.9566010485799794e-01 4.5955687803028006e+01 28
1 0 1 1 2.4603352741688563e-02 1.8172252620412235e-02 1.0002283939245862e+00 6.2342753862065420e-02 4.9656445125989912e-01 4.6005687810122353e+01 28
1 0 1 1 2.4591280619116456e-02 1.8165452444372673e-02 1.0002275428689367e+00 6.2338717203242022e-02 4.9746816546821382e-01 4.6055687817553881e+01 28
1 0 1 1 2.4579268617856059e-02 1.8158689452875031e-02 1.0002266842044671e+00 6.2334766508174266e-02 4.9837124780438374e-01 4.6105687825487408e+01 28
1 0 1 1 2.4567316600711365e-02 1.8151963554050143e-02 1.0002258181503858e+00 6.2330901353848972e-02 4.9927369858748744e-01 4.6155687833563327e+01 29
1 0 1 1 2.4555423533514413e-02 1.8145274655771676e-02 1.0002249449244671e+00 6.2327121317837963e-02 5.0017551815662631e-01 4.6205687842147256e+01 29
1 0 1 1 2.4543582533851360e-02 1.8138622665828653e-02 1.0002240647430136e+00 6.2323425978406538e-02 5.0107670684775607e-01 4.6255687851059896e+01 29
1 0 1 1 2.4531801164503580e-02 1.8132007491826457e-02 1.0002231778207833e+00 6.2319814914465671e-02 5.0197726500800288e-01 4.6305687860379912e+01 29
1 0 1 1 2.4520079286240174e-02 1.8125429041231680e-02 1.0002222843709379e+00 6.2316287705610401e-02 5.0287719298962008e-01 4.6355687870122402e+01 29
1 0 1 1 2.4508416759501168e-02 1.8118887221384095e-02 1.0002213846049910e+00 6.2312843932128464e-02 5.0377649114940337e-01 4.6405687880213534e+01 29
1 0 1 1 2.4496813444309259e-02 1.8112381939444134e-02 1.0002204787327456e+00 6.2309483174995267e-02 5.0467515985640876e-01 4.6455687890933987e+01 29
1 0 1 1 2.4485269200510976e-02 1.8105913102527689e-02 1.0002195669622642e+00 6.2306205015940974e-02 5.0557319947365975e-01 4.6505687901909099e+01 29
1 0 1 1 2.4473783887504427e-02 1.8099480617551546e-02 1.0002186494997989e+00 6.2303009037378260e-02 5.0647061037972807e-01 4.6555687913320014e+01 29
1 0 1 1 2.4462357364357389e-02 1.8093084391299329e-02 1.0002177265497525e+00 6.2299894822460289e-02 5.0736739296091538e-01 4.6605687925480908e+01 29
1 0 1 1 2.4450989490021471e-02 1.8086724330540999e-02 1.0002167983146528e+00 6.2296861955133592e-02 5.0826354759470305e-01 4.6655687937922615e+01 29
1 0 1 1 2.4439680122988080e-02 1.8080400341837270e-02 1.0002158649950819e+00 6.2293910020055188e-02 5.0915907467726262e-01 4.6705687950938049e+01 29
1 0 1 1 2.4428429121519282e-02 1.8074112331669650e-02 1.0002149267896541e+00 6.2291038602670129e-02 5.1005397460641888e-01 4.6755687964641190e+01 29
1 0 1 1 2.4417236343721848e-02 1.8067860206478860e-02 1.0002139838949862e+00 6.2288247289222276e-02 5.1094824777565639e-01 4.6805687978639426e+01 29
1 0 1 1 2.4406101647225294e-02 1.8061643872486544e-02 1.0002130365056310e+00 6.2285535666695840e-02 5.1184189460112484e-01 4.6855687993552195e+01 29
1 0 1 1 2.4395024889644849e-02 1.8055463235950631e-02 1.0002120848140841e+00 6.2282903322931848e-02 5.1273491548480599e-01 4.6905688008961029e+01 29
1 0 1 1 2.4381547963349827e-02 1.8047947910165792e-02 1.0002109145735749e+00 6.2279789177765700e-02 5.1382692881007064e-01 4.6966877216137931e+01 27
1 0 1 1 2.4370599536444465e-02 1.8041846319826235e-02 1.0002099539940765e+00 6.2277331659211954e-02 5.1471855930961730e-01 4.7016877237471583e+01 28
1 0 1 1 2.4359708587960303e-02 1.8035780124212284e-02 1.0002089897184556e+00 6.2274952096274344e-02 5.1560956518483647e-01 4.7066877257571065e+01 44
1 0 1 1 2.4359694138161782e-02 1.8035772078002287e-02 1.0002089884333185e+00 6.2274948982526737e-02 5.1561075005678758e-01 4.7066943771623997e+01 44
1 0 1 1 2.4359679687828414e-02 1.8035764031500361e-02 1.0002089871481186e+00 6.2274945868779290e-02 5.1561193497981761e-01 4.7067010288606326e+01 45
1 0 1 1 2.4359665236960093e-02 1.8035755984706511e-02 1.0002089858628560e+00 6.2274942755031995e-02 5.1561311995392534e-01 4.7067076808518031e+01 56
