isScalarized | massIncreased | isMonotoneInside | isMonotoneOutside | mass_Baryon | mass_ADM | AST(radius) | radius  |  phi_c | rho_c | ctr |
1 0 1 1 3.1829814684827824e-02 2.4247441832228923e-02 1.0000000000000193e+00 8.6200799999999814e-02 3.4909251220797744e-03 1.7226442855987742e+01 34
1 1 1 1 3.1830095749304836e-02 2.4247561239265220e-02 1.0000000000000193e+00 8.6200424999999817e-02 3.4924513596350836e-03 1.7226739051489410e+01 37
1 1 1 1 3.1830376792952780e-02 2.4247680632657097e-02 1.0000000000000193e+00 8.6200049999999820e-02 3.4939775380770691e-03 1.7227035245659099e+01 37
1 1 1 1 3.1830657815771643e-02 2.4247800012405448e-02 1.0000000000000193e+00 8.6199674999999823e-02 3.4955036576815477e-03 1.7227331438494517e+01 37
1 1 1 1 3.1830938817762243e-02 2.4247919378509820e-02 1.0000000000000193e+00 8.6199299999999826e-02 3.4970297187293348e-03 1.7227627629994430e+01 37
1 1 1 1 3.1878095863978828e-02 2.4267882673264483e-02 1.0000000000000253e+00 8.6135970806935802e-02 3.7541199024022859e-03 1.7277627370236164e+01 34
1 1 1 1 3.1924706131478763e-02 2.4287478822907358e-02 1.0000000000000326e+00 8.6072583328610230e-02 4.0109309856105942e-03 1.7327627880934191e+01 34
1 1 1 1 3.1970777582454084e-02 2.4306712876883147e-02 1.0000000000000417e+00 8.6009130441767667e-02 4.2684005976251198e-03 1.7377628856764492e+01 34
1 1 1 1 3.2016316748271878e-02 2.4325589198261915e-02 1.0000000000000528e+00 8.5945606468000424e-02 4.5272695455382565e-03 1.7427629939733006e+01 34
1 1 1 1 3.2061329088664735e-02 2.4344111631512361e-02 1.0000000000000664e+00 8.5882006789971210e-02 4.7881334568035889e-03 1.7477630813498052e+01 34
1 1 1 1 3.2105829736701931e-02 2.4362223022803758e-02 1.0000000000000826e+00 8.5818327236174663e-02 5.0515373292781855e-03 1.7527642472273239e+01 34
1 1 1 1 3.2149784029065931e-02 2.4379973342533483e-02 1.0000000000001019e+00 8.5754606220359353e-02 5.3176523156081047e-03 1.7577621637277971e+01 34
1 1 1 1 3.2193251703186619e-02 2.4397390073831061e-02 1.0000000000001252e+00 8.5690759039050934e-02 5.5871520329097060e-03 1.7627632305681779e+01 34
1 1 1 1 3.2236199355889068e-02 2.4414461187326104e-02 1.0000000000001528e+00 8.5626836365645387e-02 5.8600934452537005e-03 1.7677633046102951e+01 34
1 1 1 1 3.2278637860607674e-02 2.4431192466531994e-02 1.0000000000001854e+00 8.5562824317423736e-02 6.1367610682841181e-03 1.7727633409133706e+01 34
1 1 1 1 3.2320569656239494e-02 2.4447586271154377e-02 1.0000000000002243e+00 8.5498721177975578e-02 6.4173532342750479e-03 1.7777633720977359e+01 34
1 1 1 1 3.2361902439860174e-02 2.4463644709717059e-02 1.0000000000002698e+00 8.5434525982538978e-02 6.7020358722015578e-03 1.7827633989907739e+01 34
1 1 1 1 3.2402726950610639e-02 2.4479369773307415e-02 1.0000000000003231e+00 8.5370238067756954e-02 6.9909491866176681e-03 1.7877634222540809e+01 34
1 1 1 1 3.2443048863902757e-02 2.4494763356477676e-02 1.0000000000003855e+00 8.5305857031741650e-02 7.2842116941336113e-03 1.7927634424231194e+01 34
1 1 1 1 3.2482869459198795e-02 2.4509827274859335e-02 1.0000000000004585e+00 8.5241382699813628e-02 7.5819235389505404e-03 1.7977634599390903e+01 34
1 1 1 1 3.2522189882179343e-02 2.4524563279996862e-02 1.0000000000005433e+00 8.5176815095034109e-02 7.8841692394482493e-03 1.8027634751729618e+01 34
1 1 1 1 3.2561011171336182e-02 2.4538973071835772e-02 1.0000000000006417e+00 8.5112154412852414e-02 8.1910199786387541e-03 1.8077634884399234e+01 34
1 1 1 1 3.2599338618031951e-02 2.4553026632922477e-02 1.0000000000007558e+00 8.5047400999226919e-02 8.5025689610796849e-03 1.8127640326698469e+01 34
1 1 1 1 3.2637160063596127e-02 2.4566727706835753e-02 1.0000000000008875e+00 8.4982576029297097e-02 8.8187589968473975e-03 1.8177634026234593e+01 34
1 1 1 1 3.2674487633652008e-02 2.4580108094698308e-02 1.0000000000010392e+00 8.4917655198145647e-02 9.1397256140950903e-03 1.8227631035553483e+01 34
1 1 1 1 3.2711324890956524e-02 2.4593170339337608e-02 1.0000000000012139e+00 8.4852634093605162e-02 9.4655296650492833e-03 1.8277635264051650e+01 34
1 1 1 1 3.2747664183721902e-02 2.4605913023453621e-02 1.0000000000014142e+00 8.4787528286154823e-02 9.7961254016598869e-03 1.8327635332198316e+01 34
1 1 1 1 3.2783509354074161e-02 2.4618338820491730e-02 1.0000000000016438e+00 8.4722333240566550e-02 1.0131562168065893e-02 1.8377635392270591e+01 34
1 1 1 1 3.2818861159196785e-02 2.4630449300540824e-02 1.0000000000019065e+00 8.4657049885039970e-02 1.0471857707531973e-02 1.8427635445379593e+01 34
1 1 1 1 3.2853658983799883e-02 2.4642246030867575e-02 1.0000000000022060e+00 8.4591679209591430e-02 1.0817025614272580e-02 1.8477635492496034e+01 34
1 1 1 1 3.2887938043709201e-02 2.4653730578339101e-02 1.0000000000025473e+00 8.4526222259373618e-02 1.1167075850364205e-02 1.8527635534450280e+01 34
1 1 1 1 3.2921725516628773e-02 2.4664904511432995e-02 1.0000000000029354e+00 8.4460680128881804e-02 1.1522015188413991e-02 1.8577635571950310e+01 34
1 1 1 1 3.2955022216796512e-02 2.4675769401849190e-02 1.0000000000033764e+00 8.4395053956936583e-02 1.1881847591367562e-02 1.8627635605596971e+01 34
1 1 1 1 3.2987828976750656e-02 2.4686326825860534e-02 1.0000000000038760e+00 8.4329344922322302e-02 1.2246574539273171e-02 1.8677635635913621e+01 34
1 1 1 1 3.3020146650093361e-02 2.4696578365373343e-02 1.0000000000044416e+00 8.4263554240039673e-02 1.2616195310752455e-02 1.8727635663334482e+01 34
1 1 1 1 3.3051976113813476e-02 2.4706525608795674e-02 1.0000000000050810e+00 8.4197683157987924e-02 1.2990707226613732e-02 1.8777635688231928e+01 34
1 1 1 1 3.3083320037287908e-02 2.4716153449422028e-02 1.0000000000058027e+00 8.4131732954083938e-02 1.3370125846348063e-02 1.8827638327913405e+01 34
1 1 1 1 3.3114176220362758e-02 2.4725445156089574e-02 1.0000000000066160e+00 8.4065715290741638e-02 1.3754405707240326e-02 1.8877638379953435e+01 34
1 1 1 1 3.3144542218662081e-02 2.4734435822490998e-02 1.0000000000075318e+00 8.3999631626372140e-02 1.4143497144743371e-02 1.8927630543597111e+01 34
1 1 1 1 3.3174431666280389e-02 2.4743130803066678e-02 1.0000000000085609e+00 8.3933455611357177e-02 1.4537555288369506e-02 1.8977635765680365e+01 34
1 1 1 1 3.3203834548014094e-02 2.4751528494043676e-02 1.0000000000097162e+00 8.3867212771576105e-02 1.4936427559019357e-02 1.9027635781903321e+01 34
1 1 1 1 3.3232755046695234e-02 2.4759631466738839e-02 1.0000000000110114e+00 8.3800897615972203e-02 1.5340143890400393e-02 1.9077635796935148e+01 34
1 1 1 1 3.3261194240241716e-02 2.4767441380688579e-02 1.0000000000124618e+00 8.3734511555756064e-02 1.5748692519648239e-02 1.9127635810896063e+01 34
1 1 1 1 3.3289153238092915e-02 2.4774959904100072e-02 1.0000000000140838e+00 8.3668056019438330e-02 1.6162060832401098e-02 1.9177635823885865e+01 34
1 1 1 1 3.3316607514603427e-02 2.4782188713810587e-02 1.0000000000158955e+00 8.3601532451660299e-02 1.6580235438186156e-02 1.9227635836006158e+01 34
1 1 1 1 3.3343533124627442e-02 2.4789129495199760e-02 1.0000000000179170e+00 8.3534942312189109e-02 1.7003202237093416e-02 1.9277635847320184e+01 34
1 1 1 1 3.3369981811263771e-02 2.4795783942079017e-02 1.0000000000201701e+00 8.3468287074890513e-02 1.7430946480189335e-02 1.9327635857916661e+01 34
1 1 1 1 3.3395954832879875e-02 2.4802153756530994e-02 1.0000000000226783e+00 8.3401568226936507e-02 1.7863452822512168e-02 1.9377635867832009e+01 34
1 1 1 1 3.3421453479618168e-02 2.4808240648754833e-02 1.0000000000254676e+00 8.3334787267886512e-02 1.8300705372030386e-02 1.9427635877137927e+01 34
1 1 1 1 3.3446479073217364e-02 2.4814046336858984e-02 1.0000000000285665e+00 8.3267945709026292e-02 1.8742687732411160e-02 1.9477635885864675e+01 34
1 1 1 1 3.3471032966860596e-02 2.4819572546661096e-02 1.0000000000320053e+00 8.3201045072588187e-02 1.9189383042759814e-02 1.9527635894060115e+01 34
1 1 1 1 3.3495116544936358e-02 2.4824821011459094e-02 1.0000000000358180e+00 8.3134086891136105e-02 1.9640774012855806e-02 1.9577635901757727e+01 34
1 1 1 1 3.3518731222775329e-02 2.4829793471791192e-02 1.0000000000400406e+00 8.3067072706932366e-02 2.0096842955456964e-02 1.9627635908984615e+01 34
1 1 1 1 3.3541880440157518e-02 2.4834465014131623e-02 1.0000000000447149e+00 8.3000004071341532e-02 2.0557607931368030e-02 1.9677639815510464e+01 34
1 1 1 1 3.3564559546245043e-02 2.4838846758854515e-02 1.0000000000498825e+00 8.2932898238257780e-02 2.1022928075566726e-02 1.9727634412350941e+01 34
1 1 1 1 3.3586776273807260e-02 2.4842958173994744e-02 1.0000000000555906e+00 8.2865734994102214e-02 2.1492913023415043e-02 1.9777633560346310e+01 34
1 1 1 1 3.3608531460274441e-02 2.4846800865315592e-02 1.0000000000618898e+00 8.2798517683711992e-02 2.1967532365515838e-02 1.9827635931770317e+01 34
1 1 1 1 3.3629824226760023e-02 2.4850376180212505e-02 1.0000000000688340e+00 8.2731255400158632e-02 2.2446713883545730e-02 1.9877635937027048e+01 34
1 1 1 1 3.3650657207279222e-02 2.4853686096187450e-02 1.0000000000764835e+00 8.2663946551189693e-02 2.2930460390232738e-02 1.9927635941937396e+01 34
1 1 1 1 3.3671032023991375e-02 2.4856732407805983e-02 1.0000000000849021e+00 8.2596592729870022e-02 2.3418752113819802e-02 1.9977635946521801e+01 34
1 1 1 1 3.3690950327030088e-02 2.4859516914590644e-02 1.0000000000941596e+00 8.2529195535033850e-02 2.3911569061286862e-02 2.0027635950788625e+01 34
1 1 1 1 3.3710413794064309e-02 2.4862041420735302e-02 1.0000000001043305e+00 8.2461756570854916e-02 2.4408891033391406e-02 2.0077635954751198e+01 34
1 1 1 1 3.3729424129837385e-02 2.4864307734814919e-02 1.0000000001154967e+00 8.2394277446463493e-02 2.4910697638378616e-02 2.0127635958419877e+01 34
1 1 1 1 3.3747920964808865e-02 2.4866317669516080e-02 1.0000000001277451e+00 8.2326759775562197e-02 2.5416968304803264e-02 2.0177635961803905e+01 34
1 1 1 1 3.3765966782765604e-02 2.4868073041346431e-02 1.0000000001411700e+00 8.2259205176054673e-02 2.5927682293462491e-02 2.0227635964913528e+01 34
1 1 1 1 3.3783564754674256e-02 2.4869575670356813e-02 1.0000000001558731e+00 8.2191615269691820e-02 2.6442818708472100e-02 2.0277635967757696e+01 34
1 1 1 1 3.3800716705441387e-02 2.4870827379866640e-02 1.0000000001719638e+00 8.2123991681725073e-02 2.6962356507596846e-02 2.0327635970340989e+01 33
1 1 1 1 3.3817424484487872e-02 2.4871829996182246e-02 1.0000000001895593e+00 8.2056336040555261e-02 2.7486274512029951e-02 2.0377635972672405e+01 33
1 1 1 1 3.3833689965260649e-02 2.4872585348323928e-02 1.0000000002087865e+00 8.1988649977410871e-02 2.8014551415411364e-02 2.0427635974759806e+01 33
1 1 1 1 3.3849515044747161e-02 2.4873095267756995e-02 1.0000000002297815e+00 8.1920935126027994e-02 2.8547165792320663e-02 2.0477635976608120e+01 33
1 1 1 1 3.3864901642981483e-02 2.4873361588117770e-02 1.0000000002526899e+00 8.1853193122330026e-02 2.9084096106312140e-02 2.0527635978222797e+01 33
1 1 1 1 3.3879851702555967e-02 2.4873386144951454e-02 1.0000000002776683e+00 8.1785425604119832e-02 2.9625320717447425e-02 2.0577635979610410e+01 33
1 0 1 1 3.3894367188126384e-02 2.4873170775445142e-02 1.0000000003048850e+00 8.1717634210782819e-02 3.0170817889348285e-02 2.0627635980774961e+01 33
1 0 1 1 3.3908450414815772e-02 2.4872710059676513e-02 1.0000000003345242e+00 8.1649820582986921e-02 3.0720576798937037e-02 2.0677636978612863e+01 33
1 0 1 1 3.3922103442245270e-02 2.4871985829665835e-02 1.0000000003667913e+00 8.1581990418721578e-02 3.1274573170628248e-02 2.0727638737696896e+01 33
1 0 1 1 3.3935325728848026e-02 2.4871027461277839e-02 1.0000000004018741e+00 8.1514152516969363e-02 3.1832684004877702e-02 2.0777632226556214e+01 33
1 0 1 1 3.3948124199548485e-02 2.4869836434157137e-02 1.0000000004400074e+00 8.1446283364814576e-02 3.2395094431452741e-02 2.0827635981868514e+01 33
1 0 1 1 3.3960497249780799e-02 2.4868414886091150e-02 1.0000000004814180e+00 8.1378403631597374e-02 3.2961625436121356e-02 2.0877635982013679e+01 33
1 0 1 1 3.3972447943298574e-02 2.4866764585518848e-02 1.0000000005263621e+00 8.1310509862738939e-02 3.3532296909230937e-02 2.0927635981958716e+01 33
1 0 1 1 3.3983978385435966e-02 2.4864887381365785e-02 1.0000000005751102e+00 8.1242603699229976e-02 3.4107086608304464e-02 2.0977635981718727e+01 33
1 0 1 1 3.3995090699691248e-02 2.4862785122077739e-02 1.0000000006279510e+00 8.1174686781504246e-02 3.4685972238926194e-02 2.1027635981291937e+01 33
1 0 1 1 3.4005787027246888e-02 2.4860459655387437e-02 1.0000000006851932e+00 8.1106760749159457e-02 3.5268931459324596e-02 2.1077635980674604e+01 33
1 0 1 1 3.4016069526499743e-02 2.4857912828087109e-02 1.0000000007471652e+00 8.1038827240690475e-02 3.5855941884856454e-02 2.1127635979884037e+01 32
1 0 1 1 3.4025940372579062e-02 2.4855146485809589e-02 1.0000000008142178e+00 8.0970887893305976e-02 3.6446981091539203e-02 2.1177635978916275e+01 32
1 0 1 1 3.4035401756877852e-02 2.4852162472805271e-02 1.0000000008867245e+00 8.0902944342653327e-02 3.7042026620226237e-02 2.1227635977773915e+01 32
1 0 1 1 3.4044455886587291e-02 2.4848962631729601e-02 1.0000000009650825e+00 8.0834998222593768e-02 3.7641055980251928e-02 2.1277635976462491e+01 32
1 0 1 1 3.4053061054059912e-02 2.4845548803432829e-02 1.0000000010497154e+00 8.0767051164984172e-02 3.8244046652872649e-02 2.1327635974982563e+01 32
1 0 1 1 3.4061258652428095e-02 2.4841922826750417e-02 1.0000000011410732e+00 8.0699104799442034e-02 3.8850976094832061e-02 2.1377635973344585e+01 32
1 0 1 1 3.4069055916213627e-02 2.4838086538301572e-02 1.0000000012396348e+00 8.0631160753158349e-02 3.9461821741304234e-02 2.1427635971543101e+01 32
1 0 1 1 3.4076455121985032e-02 2.4834041772291669e-02 1.0000000013459085e+00 8.0563220650646611e-02 4.0076561009331706e-02 2.1477635969582394e+01 32
1 0 1 1 3.4083458559605234e-02 2.4829790360313186e-02 1.0000000014604347e+00 8.0495286113545894e-02 4.0695171300776052e-02 2.1527635967471777e+01 32
1 0 1 1 3.4090068531784236e-02 2.4825334131158082e-02 1.0000000015837871e+00 8.0427358760437051e-02 4.1317630004990599e-02 2.1577635965207605e+01 32
1 0 1 1 3.4096287353639551e-02 2.4820674910628712e-02 1.0000000017165738e+00 8.0359440206612065e-02 4.1943914501898633e-02 2.1627635962796784e+01 32
1 0 1 1 3.4102117352253394e-02 2.4815814521354739e-02 1.0000000018594406e+00 8.0291532063899190e-02 4.2574002164431066e-02 2.1677635960236561e+01 32
1 0 1 1 3.4107560866247187e-02 2.4810754782615071e-02 1.0000000020130717e+00 8.0223635940443766e-02 4.3207870361416441e-02 2.1727635957538354e+01 32
1 0 1 1 3.4112620245341743e-02 2.4805497510158762e-02 1.0000000021781918e+00 8.0155753440556421e-02 4.3845496459699075e-02 2.1777635954697203e+01 32
1 0 1 1 3.4117297849938714e-02 2.4800044516034448e-02 1.0000000023555689e+00 8.0087886164490918e-02 4.4486857826919017e-02 2.1827635951720385e+01 32
1 0 1 1 3.4121596050696888e-02 2.4794397608422968e-02 1.0000000025460154e+00 8.0020035708287807e-02 4.5131931833587803e-02 2.1877635948606951e+01 32
1 0 1 1 3.4125517228117810e-02 2.4788558591473948e-02 1.0000000027503912e+00 7.9952203663577859e-02 4.5780695855545936e-02 2.1927635945363004e+01 31
1 0 1 1 3.4129063772128945e-02 2.4782529265139394e-02 1.0000000029696061e+00 7.9884391617424111e-02 4.6433127275983491e-02 2.1977635941989028e+01 31
1 0 1 1 3.4132238262237297e-02 2.4776298880210039e-02 1.0000000032046918e+00 7.9816601152140176e-02 4.7089225013998218e-02 2.2027637574480639e+01 31
1 0 1 1 3.4135042807884715e-02 2.4769870047195271e-02 1.0000000034566545e+00 7.9748840498865575e-02 4.7748901589113886e-02 2.2077635911689871e+01 31
1 0 1 1 3.4137479964737226e-02 2.4763256472909379e-02 1.0000000037265258e+00 7.9681104483762449e-02 4.8412178155303923e-02 2.2127634295112848e+01 31
1 0 1 1 3.4139552276226150e-02 2.4756459501282684e-02 1.0000000040154591e+00 7.9613390337789330e-02 4.9079074976597220e-02 2.2177635926579431e+01 31
1 0 1 1 3.4141261953394744e-02 2.4749481567935855e-02 1.0000000043246244e+00 7.9545706236474778e-02 4.9749504543154237e-02 2.2227635922616024e+01 31
1 0 1 1 3.4142611508084827e-02 2.4742324228965239e-02 1.0000000046552942e+00 7.9478051520099346e-02 5.0423466077465916e-02 2.2277635918527317e+01 31
1 0 1 1 3.4143603385080892e-02 2.4734989254436856e-02 1.0000000050087996e+00 7.9410427738276723e-02 5.1100937070754714e-02 2.2327635914334170e+01 31
1 0 1 1 3.4144240035464145e-02 2.4727478408952980e-02 1.0000000053865439e+00 7.9342836434840552e-02 5.1781895036504336e-02 2.2377635910027273e+01 31
1 0 1 1 3.4144523916238442e-02 2.4719793451513747e-02 1.0000000057900054e+00 7.9275279147640626e-02 5.2466317512724535e-02 2.2427635905611695e+01 31
1 0 1 1 3.4144457489971532e-02 2.4711936135400819e-02 1.0000000062207404e+00 7.9207757408425422e-02 5.3154182063409321e-02 2.2477635901095098e+01 31
1 0 1 1 3.4144043224420599e-02 2.4703908208046646e-02 1.0000000066803876e+00 7.9140272742723089e-02 5.3845466279844136e-02 2.2527635896468666e+01 31
1 0 1 1 3.4143283592188038e-02 2.4695711410925105e-02 1.0000000071706701e+00 7.9072826669662755e-02 5.4540147782673000e-02 2.2577635891745874e+01 31
1 0 1 1 3.4142181070355486e-02 2.4687347479425685e-02 1.0000000076934010e+00 7.9005420701896978e-02 5.5238204222817368e-02 2.2627635886921745e+01 31
1 0 1 1 3.4140738140145614e-02 2.4678818142751045e-02 1.0000000082504859e+00 7.8938056345437602e-02 5.5939613283297239e-02 2.2677635881999482e+01 31
1 0 1 1 3.4138957286574290e-02 2.4670125123803049e-02 1.0000000088439267e+00 7.8870735099543177e-02 5.6644352680580920e-02 2.2727635876986241e+01 31
1 0 1 1 3.4136840998111075e-02 2.4661270139077502e-02 1.0000000094758272e+00 7.8803458456616404e-02 5.7352400165721802e-02 2.2777635871876559e+01 31
1 0 1 1 3.4134391766342656e-02 2.4652254898557331e-02 1.0000000101483955e+00 7.8736227902054867e-02 5.8063733526032245e-02 2.2827635866676257e+01 30
1 0 1 1 3.4131612085649084e-02 2.4643081105619108e-02 1.0000000108639493e+00 7.8669044914157327e-02 5.8778330586207843e-02 2.2877635861389841e+01 30
1 0 1 1 3.4128478203150132e-02 2.4633750456933255e-02 1.0000000116249201e+00 7.8601910964017752e-02 5.9496169209501806e-02 2.2927635856014010e+01 30
1 0 1 1 3.4125013538748784e-02 2.4624264642366785e-02 1.0000000124338579e+00 7.8534827515395922e-02 6.0217227299201238e-02 2.2977635850554577e+01 30
1 0 1 1 3.4121226245365628e-02 2.4614625344893965e-02 1.0000000132934359e+00 7.8467796024631220e-02 6.0941482799581455e-02 2.3027635845008998e+01 30
1 0 1 1 3.4117118829770407e-02 2.4604834240506891e-02 1.0000000142064551e+00 7.8400817940518674e-02 6.1668913697421786e-02 2.3077635839390190e+01 30
1 0 1 1 3.4112693799772102e-02 2.4594892998134981e-02 1.0000000151758499e+00 7.8333894704255225e-02 6.2399498022526402e-02 2.3127635833683417e+01 30
1 0 1 1 3.4107953663913296e-02 2.4584803279548564e-02 1.0000000162046925e+00 7.8267027749271745e-02 6.3133213849671826e-02 2.3177635827903654e+01 30
1 0 1 1 3.4102900931184246e-02 2.4574566739293927e-02 1.0000000172961987e+00 7.8200218501202290e-02 6.3870039299035147e-02 2.3227635822050278e+01 30
1 0 1 1 3.4097538110719618e-02 2.4564185024605167e-02 1.0000000184537332e+00 7.8133468377770993e-02 6.4609952537411142e-02 2.3277635816117872e+01 30
1 0 1 1 3.4091867711516392e-02 2.4553659775329154e-02 1.0000000196808150e+00 7.8066778788680513e-02 6.5352931779594670e-02 2.3327635810119883e+01 30
1 0 1 1 3.4085892242150431e-02 2.4542992623859259e-02 1.0000000209811231e+00 7.8000151135575291e-02 6.6098955288767566e-02 2.3377635804046509e+01 30
1 0 1 1 3.4079614210494269e-02 2.4532185195056490e-02 1.0000000223585033e+00 7.7933586811904876e-02 6.6848001378133112e-02 2.3427635797908568e+01 30
1 0 1 1 3.4073036123447767e-02 2.4521239106191431e-02 1.0000000238169724e+00 7.7867087202888041e-02 6.7600048411318475e-02 2.3477635791700010e+01 30
1 0 1 1 3.4066160486659135e-02 2.4510155966864160e-02 1.0000000253607260e+00 7.7800653685396709e-02 6.8355074803804886e-02 2.3527635785431244e+01 30
1 0 1 1 3.4058989804271508e-02 2.4498937378960535e-02 1.0000000269941443e+00 7.7734287627920284e-02 6.9113059023337017e-02 2.3577635779095143e+01 30
1 0 1 1 3.4051526578648836e-02 2.4487584936573201e-02 1.0000000287217978e+00 7.7667990390452579e-02 6.9873979591301802e-02 2.3627635772699836e+01 30
1 0 1 1 3.4043773310126500e-02 2.4476100225953829e-02 1.0000000305484555e+00 7.7601763324453399e-02 7.0637815083215261e-02 2.3677635766243291e+01 30
1 0 1 1 3.4035732496756052e-02 2.4464484825453953e-02 1.0000000324790901e+00 7.7535607772760862e-02 7.1404544129802516e-02 2.3727635759728582e+01 30
1 0 1 1 3.4027406634055478e-02 2.4452740305470271e-02 1.0000000345188860e+00 7.7469525069535000e-02 7.2174145417709848e-02 2.3777635753156449e+01 29
1 0 1 1 3.4018798214766721e-02 2.4440868228394308e-02 1.0000000366732453e+00 7.7403516540189621e-02 7.2946597690390719e-02 2.3827635746530451e+01 29
1 0 1 1 3.4009909728614215e-02 2.4428870148562095e-02 1.0000000389477965e+00 7.7337583501339902e-02 7.3721879748777031e-02 2.3877635739849538e+01 29
1 0 1 1 3.4000743662065215e-02 2.4416747612204248e-02 1.0000000413484005e+00 7.7271727260733003e-02 7.4499970452131845e-02 2.3927635733113540e+01 29
1 0 1 1 3.3991302498104524e-02 2.4404502157405021e-02 1.0000000438811587e+00 7.7205949117187089e-02 7.5280848718947455e-02 2.3977635726332728e+01 29
1 0 1 1 3.3981588716002618e-02 2.4392135314057928e-02 1.0000000465524210e+00 7.7140250360570622e-02 7.6064493527199850e-02 2.4027635719497457e+01 29
1 0 1 1 3.3971604707488084e-02 2.4379644411359244e-02 1.0000000493691683e+00 7.7074632271703220e-02 7.6850892347881714e-02 2.4077636247750480e+01 29
1 0 1 1 3.3961353167381712e-02 2.4367026495308416e-02 1.0000000523387036e+00 7.7009098228764394e-02 7.7640008830109422e-02 2.4127636328168734e+01 29
1 0 1 1 3.3950836823455503e-02 2.4354292419062604e-02 1.0000000554673625e+00 7.6943649836881733e-02 7.8431799066635832e-02 2.4177634511266245e+01 29
1 0 1 1 3.3940057099737429e-02 2.4341442429357887e-02 1.0000000587628874e+00 7.6878281945058663e-02 7.9226319882863674e-02 2.4227635691608448e+01 29
1 0 1 1 3.3929017341596111e-02 2.4328479084103561e-02 1.0000000622327312e+00 7.6813001272681924e-02 8.0023484217702293e-02 2.4277635684557808e+01 29
1 0 1 1 3.3917719748610173e-02 2.4315403559760747e-02 1.0000000658849875e+00 7.6747807501350351e-02 8.0823290257677594e-02 2.4327635677465015e+01 29
1 0 1 1 3.3906166768034179e-02 2.4302217328070440e-02 1.0000000697279801e+00 7.6682701856641583e-02 8.1625717418523480e-02 2.4377635670334111e+01 29
1 0 1 1 3.3894360841727499e-02 2.4288921852238961e-02 1.0000000737703483e+00 7.6617685554822901e-02 8.2430745180904652e-02 2.4427635663164395e+01 29
1 0 1 1 3.3882304405962925e-02 2.4275518586915290e-02 1.0000000780210558e+00 7.6552759802806764e-02 8.3238353091101364e-02 2.4477635655956760e+01 29
1 0 1 1 3.3869999891235632e-02 2.4262008978165640e-02 1.0000000824894000e+00 7.6487925798118361e-02 8.4048520761536211e-02 2.4527635648711449e+01 29
1 0 1 1 3.3857449722081365e-02 2.4248394463451881e-02 1.0000000871850208e+00 7.6423184728859839e-02 8.4861227871435560e-02 2.4577635641435052e+01 29
1 0 1 1 3.3844656316895316e-02 2.4234676471615379e-02 1.0000000921179106e+00 7.6358537773700719e-02 8.5676454167057339e-02 2.4627635634121436e+01 29
1 0 1 1 3.3831622087748876e-02 2.4220856422849858e-02 1.0000000972984235e+00 7.6293986101819394e-02 8.6494179462580340e-02 2.4677635626774634e+01 29
1 0 1 1 3.3818349440221919e-02 2.4206935728690378e-02 1.0000001027372853e+00 7.6229530872893025e-02 8.7314383640481302e-02 2.4727635619400800e+01 29
1 0 1 1 3.3804840773229899e-02 2.4192915791995135e-02 1.0000001084456027e+00 7.6165173237088102e-02 8.8137046651760059e-02 2.4777635611992100e+01 28
1 0 1 1 3.3791098478855454e-02 2.4178798006932449e-02 1.0000001144348738e+00 7.6100914335001935e-02 8.8962148516908438e-02 2.4827635604556164e+01 28
1 0 1 1 3.3777124942187910e-02 2.4164583758966129e-02 1.0000001207169980e+00 7.6036755297672676e-02 8.9789669325991459e-02 2.4877635597093189e+01 28
1 0 1 1 3.3762922541162366e-02 2.4150274424846217e-02 1.0000001273042860e+00 7.5972697246550425e-02 9.0619589239186255e-02 2.4927635589600968e+01 28
1 0 1 1 3.3748493646401846e-02 2.4135871372597158e-02 1.0000001342094702e+00 7.5908741293469362e-02 9.1451888487383462e-02 2.4977635582084613e+01 28
1 0 1 1 3.3733840621067858e-02 2.4121375961511829e-02 1.0000001414457149e+00 7.5844888540648470e-02 9.2286547372381136e-02 2.5027635574542625e+01 28
1 0 1 1 3.3718965820706104e-02 2.4106789542139035e-02 1.0000001490266270e+00 7.5781140080664278e-02 9.3123546267489324e-02 2.5077635566978444e+01 28
1 0 1 1 3.3703871593107046e-02 2.4092113456285712e-02 1.0000001569662667e+00 7.5717496996449307e-02 9.3962865617743294e-02 2.5127635559388850e+01 28
1 0 1 1 3.3688560278157170e-02 2.4077349037006694e-02 1.0000001652791572e+00 7.5653960361263373e-02 9.4804485940563649e-02 2.5177635551780163e+01 28
1 0 1 1 3.3673034207700951e-02 2.4062497608599423e-02 1.0000001739802968e+00 7.5590531238706182e-02 9.5648387825794975e-02 2.5227635544148374e+01 28
1 0 1 1 3.3657295705408569e-02 2.4047560486611219e-02 1.0000001830851688e+00 7.5527210682686419e-02 9.6494551936420980e-02 2.5277635536499105e+01 28
1 0 1 1 3.3641347086638101e-02 2.4032538977828300e-02 1.0000001926097526e+00 7.5463999737435949e-02 9.7342959008603860e-02 2.5327635528829685e+01 28
1 0 1 1 3.3625190658307887e-02 2.4017434380281543e-02 1.0000002025705348e+00 7.5400899437487512e-02 9.8193589852249977e-02 2.5377635521141798e+01 28
1 0 1 1 3.3608828718769440e-02 2.4002247983246138e-02 1.0000002129845202e+00 7.5337910807676378e-02 9.9046425351296596e-02 2.5427635513438855e+01 28
1 0 1 1 3.3592263557687962e-02 2.3986981067249395e-02 1.0000002238692427e+00 7.5275034863145240e-02 9.9901446463899160e-02 2.5477635505717970e+01 28
1 0 1 1 3.3575497455914871e-02 2.3971634904064457e-02 1.0000002352427764e+00 7.5212272609327890e-02 1.0075863422299662e-01 2.5527635497985255e+01 28
1 0 1 1 3.3558532685379790e-02 2.3956210756728699e-02 1.0000002471237475e+00 7.5149625041971257e-02 1.0161796973621634e-01 2.5577635490232115e+01 28
1 0 1 1 3.3541371508962844e-02 2.3940709879532774e-02 1.0000002595313444e+00 7.5087093147098577e-02 1.0247943418678859e-01 2.5627635482472165e+01 28
1 0 1 1 3.3524016180402294e-02 2.3925133518048224e-02 1.0000002724853299e+00 7.5024677901063985e-02 1.0334300883305654e-01 2.5677635474696007e+01 28
1 0 1 1 3.3506468944169823e-02 2.3909482909118620e-02 1.0000002860060515e+00 7.4962380270510109e-02 1.0420867500938999e-01 2.5727635466908893e+01 28
1 0 1 1 3.3488732035372205e-02 2.3893759280874404e-02 1.0000003001144540e+00 7.4900201212398043e-02 1.0507641412612526e-01 2.5777635459112240e+01 27
1 0 1 1 3.3470807679651271e-02 2.3877963852747659e-02 1.0000003148320895e+00 7.4838141674011038e-02 1.0594620766979417e-01 2.5827635451302100e+01 27
1 0 1 1 3.3452698093076931e-02 2.3862097835473682e-02 1.0000003301811298e+00 7.4776202592945207e-02 1.0681803720366626e-01 2.5877635443486856e+01 27
1 0 1 1 3.3434405482063619e-02 2.3846162431116799e-02 1.0000003461843765e+00 7.4714384897147962e-02 1.0769188436753784e-01 2.5927635435661507e+01 27
1 0 1 1 3.3415932043261265e-02 2.3830158833067758e-02 1.0000003628652734e+00 7.4652689504901948e-02 1.0856773087826772e-01 2.5977635427826137e+01 27
1 0 1 1 3.3397279963472283e-02 2.3814088226067159e-02 1.0000003802479172e+00 7.4591117324838391e-02 1.0944555853001846e-01 2.6027635419987060e+01 27
1 0 1 1 3.3378451419566725e-02 2.3797951786220156e-02 1.0000003983570687e+00 7.4529669255967546e-02 1.1032534919417926e-01 2.6077635412141213e+01 27
1 0 1 1 3.3359445900876195e-02 2.3781750681008369e-02 1.0000004172181642e+00 7.4468346187674755e-02 1.1120708481976856e-01 2.6127635404287801e+01 27
1 0 1 1 3.3340262642351202e-02 2.3765486069307479e-02 1.0000004368573268e+00 7.4407148999732914e-02 1.1209074743371769e-01 2.6177635396434020e+01 27
1 0 1 1 3.3320909656303001e-02 2.3749159101408322e-02 1.0000004573013763e+00 7.4346078562340656e-02 1.1297631914059338e-01 2.6227635388569219e+01 27
1 0 1 1 3.3301389077321684e-02 2.3732770919025020e-02 1.0000004785778425e+00 7.4285135736094215e-02 1.1386378212351631e-01 2.6277635380707384e+01 27
1 0 1 1 3.3281703029621794e-02 2.3716322655326191e-02 1.0000005007149735e+00 7.4224321372058505e-02 1.1475311864350111e-01 2.6327635372840991e+01 27
1 0 1 1 3.3261853626963281e-02 2.3699815434950058e-02 1.0000005237417489e+00 7.4163636311746550e-02 1.1564431104015066e-01 2.6377635364971191e+01 27
1 0 1 1 3.3241842972580565e-02 2.3683250374020103e-02 1.0000005476878886e+00 7.4103081387147829e-02 1.1653734173166060e-01 2.6427635357100527e+01 27
1 0 1 1 3.3221673159119301e-02 2.3666628580168651e-02 1.0000005725838650e+00 7.4042657420752750e-02 1.1743219321491016e-01 2.6477635349230361e+01 27
1 0 1 1 3.3201346268576203e-02 2.3649951152564234e-02 1.0000005984609128e+00 7.3982365225574276e-02 1.1832884806556361e-01 2.6527635341359069e+01 27
1 0 1 1 3.3180864372233637e-02 2.3633219181926669e-02 1.0000006253510394e+00 7.3922205605161884e-02 1.1922728893831112e-01 2.6577635333489386e+01 27
1 0 1 1 3.3160229530601083e-02 2.3616433750553913e-02 1.0000006532870354e+00 7.3862179353633040e-02 1.2012749856681654e-01 2.6627635325618915e+01 27
1 0 1 1 3.3139443793359237e-02 2.3599595932344911e-02 1.0000006823024845e+00 7.3802287255684329e-02 1.2102945976401404e-01 2.6677635317750966e+01 27
1 0 1 1 3.3118509199307852e-02 2.3582706792824964e-02 1.0000007124317745e+00 7.3742530086626679e-02 1.2193315542209684e-01 2.6727635309888683e+01 27
1 0 1 1 3.3097427776313249e-02 2.3565767389171325e-02 1.0000007437101057e+00 7.3682908612416997e-02 1.2283856851238471e-01 2.6777635302022823e+01 27
1 0 1 1 3.3076201541250204e-02 2.3548778770231975e-02 1.0000007761735012e+00 7.3623423589649628e-02 1.2374568208604123e-01 2.6827635294166832e+01 26
1 0 1 1 3.3054832499970960e-02 2.3531741976564272e-02 1.0000008098588171e+00 7.3564075765632841e-02 1.2465447927330145e-01 2.6877635286310241e+01 26
1 0 1 1 3.3033322647245254e-02 2.3514658040452326e-02 1.0000008448037507e+00 7.3504865878368852e-02 1.2556494328431839e-01 2.6927635278461363e+01 26
1 0 1 1 3.3011673966724310e-02 2.3497527985935532e-02 1.0000008810468499e+00 7.3445794656616964e-02 1.2647705740866239e-01 2.6977635270617125e+01 26
1 0 1 1 3.2989888430900768e-02 2.3480352828842564e-02 1.0000009186275229e+00 7.3386862819903642e-02 1.2739080501563116e-01 2.7027635262776393e+01 26
1 0 1 1 3.2967968001061811e-02 2.3463133576810517e-02 1.0000009575860460e+00 7.3328071078549717e-02 1.2830616955435167e-01 2.7077635254943566e+01 26
1 0 1 1 3.2945914627260840e-02 2.3445871229320198e-02 1.0000009979635722e+00 7.3269420133713431e-02 1.2922313455362974e-01 2.7127635247118238e+01 26
1 0 1 1 3.2923730248281720e-02 2.3428566777726478e-02 1.0000010398021397e+00 7.3210910677415364e-02 1.3014168362206543e-01 2.7177635239299427e+01 26
1 0 1 1 3.2901416791599934e-02 2.3411221205282596e-02 1.0000010831446797e+00 7.3152543392566327e-02 1.3106180044808102e-01 2.7227635231486019e+01 26
1 0 1 1 3.2878976173356118e-02 2.3393835487173841e-02 1.0000011280350241e+00 7.3094318952994675e-02 1.3198346880012388e-01 2.7277635223686616e+01 26
1 0 1 1 3.2856410298331744e-02 2.3376410590552742e-02 1.0000011745179127e+00 7.3036238023506450e-02 1.3290667252609881e-01 2.7327635215887980e+01 26
1 0 1 1 3.2833721059907936e-02 2.3358947474559560e-02 1.0000012226390012e+00 7.2978301259867928e-02 1.3383139555430507e-01 2.7377635208105506e+01 26
1 0 1 1 3.2810910340060020e-02 2.3341447090366996e-02 1.0000012724448668e+00 7.2920509308898124e-02 1.3475762189245971e-01 2.7427635200330588e+01 26
1 0 1 1 3.2787980009316681e-02 2.3323910381201397e-02 1.0000013239830159e+00 7.2862862808462381e-02 1.3568533562824930e-01 2.7477635192560495e+01 26
1 0 1 1 3.2764931926742381e-02 2.3306338282377232e-02 1.0000013773018896e+00 7.2805362387504041e-02 1.3661452092952614e-01 2.7527635184809714e+01 26
1 0 1 1 3.2741767939931610e-02 2.3288731721339724e-02 1.0000014324508701e+00 7.2748008666125907e-02 1.3754516204345149e-01 2.7577635177064874e+01 26
1 0 1 1 3.2718489884973091e-02 2.3271091617687301e-02 1.0000014894802858e+00 7.2690802255572534e-02 1.3847724329733246e-01 2.7627635169330663e+01 26
1 0 1 1 3.2695099586439035e-02 2.3253418883205812e-02 1.0000015484414171e+00 7.2633743758291347e-02 1.3941074909820347e-01 2.7677635161609611e+01 26
1 0 1 1 3.2671598857376652e-02 2.3235714421908905e-02 1.0000016093865007e+00 7.2576833767971083e-02 1.4034566393283668e-01 2.7727635153904060e+01 26
1 0 1 1 3.2647989499294226e-02 2.3217979130071672e-02 1.0000016723687353e+00 7.2520072869584784e-02 1.4128197236750331e-01 2.7777635146205782e+01 26
1 0 1 1 3.2624273302137338e-02 2.3200213896255421e-02 1.0000017374422843e+00 7.2463461639399651e-02 1.4221965904839146e-01 2.7827635138520833e+01 26
1 0 1 1 3.2600452044293092e-02 2.3182419601351457e-02 1.0000018046622801e+00 7.2407000645038494e-02 1.4315870870127267e-01 2.7877635130854728e+01 26
1 0 1 1 3.2576527492586715e-02 2.3164597118623401e-02 1.0000018740848287e+00 7.2350690445529553e-02 1.4409910613117982e-01 2.7927635123197778e+01 25
1 0 1 1 3.2552501402254408e-02 2.3146747313722685e-02 1.0000019457670106e+00 7.2294531591311717e-02 1.4504083622287264e-01 2.7977635115554122e+01 25
1 0 1 1 3.2528375516956518e-02 2.3128871044742164e-02 1.0000020197668853e+00 7.2238524624293199e-02 1.4598388394056772e-01 2.8027635107930120e+01 25
1 0 1 1 3.2504151568771282e-02 2.3110969162245289e-02 1.0000020961434926e+00 7.2182670077906186e-02 1.4692823432748467e-01 2.8077635100315117e+01 25
1 0 1 1 3.2479831278183983e-02 2.3093042509299416e-02 1.0000021749568537e+00 7.2126968477109255e-02 1.4787387250651707e-01 2.8127635092720475e+01 25
1 0 1 1 3.2455416354102061e-02 2.3075091921522767e-02 1.0000022562679749e+00 7.2071420338470693e-02 1.4882078367937429e-01 2.8177635085138860e+01 25
1 0 1 1 3.2430908493842316e-02 2.3057118227110863e-02 1.0000023401388451e+00 7.2016026170177216e-02 1.4976895312700916e-01 2.8227635077571541e+01 25
1 0 1 1 3.2406309383136593e-02 2.3039122246874731e-02 1.0000024266324399e+00 7.1960786472084093e-02 1.5071836620945966e-01 2.8277635070025301e+01 25
1 0 1 1 3.2381620696145662e-02 2.3021104794287716e-02 1.0000025158127179e+00 7.1905701735775290e-02 1.5166900836531536e-01 2.8327635062488973e+01 25
1 0 1 1 3.2356844095446251e-02 2.3003066675507677e-02 1.0000026077446236e+00 7.1850772444565669e-02 1.5262086511245304e-01 2.8377635054978182e+01 25
1 0 1 1 3.2331981232063385e-02 2.2985008689434389e-02 1.0000027024940841e+00 7.1795999073599126e-02 1.5357392204684947e-01 2.8427635047478251e+01 25
1 0 1 1 3.2307033745449250e-02 2.2966931627724747e-02 1.0000028001280084e+00 7.1741382089834438e-02 1.5452816484345808e-01 2.8477635039996699e+01 25
1 0 1 1 3.2282003263514512e-02 2.2948836274850701e-02 1.0000029007142861e+00 7.1686921952121507e-02 1.5548357925555864e-01 2.8527635032534377e+01 25
1 0 1 1 3.2256891402629564e-02 2.2930723408125520e-02 1.0000030043217840e+00 7.1632619111239387e-02 1.5644015111473655e-01 2.8577635025091968e+01 25
1 0 1 1 3.2231699767640523e-02 2.2912593797748543e-02 1.0000031110203436e+00 7.1578474009941828e-02 1.5739786633062069e-01 2.8627635017662147e+01 25
1 0 1 1 3.2206429951873346e-02 2.2894448206836983e-02 1.0000032208807774e+00 7.1524487082977706e-02 1.5835671089133152e-01 2.8677635010260044e+01 25
1 0 1 1 3.2181083537168254e-02 2.2876287391478227e-02 1.0000033339748653e+00 7.1470658757185029e-02 1.5931667086229243e-01 2.8727635002868386e+01 25
1 0 1 1 3.2155662093865230e-02 2.2858112100747008e-02 1.0000034503753503e+00 7.1416989451471985e-02 1.6027773238731288e-01 2.8777634995501383e+01 25
1 0 1 1 3.2130167180850176e-02 2.2839923076768184e-02 1.0000035701559320e+00 7.1363479576916022e-02 1.6123988168740447e-01 2.8827634988150052e+01 25
1 0 1 1 3.2104600345550113e-02 2.2821721054734980e-02 1.0000036933912633e+00 7.1310129536769573e-02 1.6220310506143559e-01 2.8877634980824908e+01 25
1 0 1 1 3.2078963123973632e-02 2.2803506762968887e-02 1.0000038201569421e+00 7.1256939726543456e-02 1.6316738888517815e-01 2.8927634973513392e+01 25
1 0 1 1 3.2053257040706315e-02 2.2785280922937759e-02 1.0000039505295060e+00 7.1203910534006709e-02 1.6413271961201922e-01 2.8977634966225640e+01 24
1 0 1 1 3.2027483608951191e-02 2.2767044249310062e-02 1.0000040845864244e+00 7.1151042339270110e-02 1.6509908377207927e-01 2.9027634958956973e+01 24
1 0 1 1 3.2001644330544136e-02 2.2748797449991708e-02 1.0000042224060908e+00 7.1098335514809263e-02 1.6606646797257923e-01 2.9077634951714909e+01 24
1 0 1 1 3.1975740695980012e-02 2.2730541226163886e-02 1.0000043640678147e+00 7.1045790425536826e-02 1.6703485889695494e-01 2.9127634944483056e+01 24
1 0 1 1 3.1949774184420951e-02 2.2712276272315989e-02 1.0000045096518120e+00 7.0993407428793953e-02 1.6800424330588865e-01 2.9177634937282313e+01 24
1 0 1 1 3.1923746263749886e-02 2.2694003276301559e-02 1.0000046592391962e+00 7.0941186874467571e-02 1.6897460803577941e-01 2.9227634930101747e+01 24
1 0 1 1 3.1897658390574075e-02 2.2675722919364979e-02 1.0000048129119676e+00 7.0889129104989623e-02 1.6994593999931248e-01 2.9277634922936894e+01 24
1 0 1 1 3.1871512010253553e-02 2.2657435876181239e-02 1.0000049707530030e+00 7.0837234455379067e-02 1.7091822618555597e-01 2.9327634915804222e+01 24
1 0 1 1 3.1845308556949017e-02 2.2639142814910224e-02 1.0000051328460433e+00 7.0785503253337351e-02 1.7189145365864641e-01 2.9377634908683163e+01 24
1 0 1 1 3.1819049453617881e-02 2.2620844397213898e-02 1.0000052992756836e+00 7.0733935819223881e-02 1.7286560955910849e-01 2.9427634901593756e+01 24
1 0 1 1 3.1792736112077995e-02 2.2602541278319184e-02 1.0000054701273584e+00 7.0682532466174619e-02 1.7384068110219747e-01 2.9477634894521650e+01 24
1 0 1 1 3.1766369933014203e-02 2.2584234107043140e-02 1.0000056454873298e+00 7.0631293500092673e-02 1.7481665557886611e-01 2.9527634887477443e+01 24
1 0 1 1 3.1739952306023667e-02 2.2565923525840862e-02 1.0000058254426734e+00 7.0580219219736701e-02 1.7579352035462434e-01 2.9577634880449079e+01 24
1 0 1 1 3.1713484609632046e-02 2.2547610170835990e-02 1.0000060100812627e+00 7.0529309916724348e-02 1.7677126287031869e-01 2.9627634873451747e+01 24
1 0 1 1 3.1686968211350260e-02 2.2529294671876116e-02 1.0000061994917564e+00 7.0478565875630561e-02 1.7774987064090048e-01 2.9677634866475863e+01 24
1 0 1 1 3.1660404467687114e-02 2.2510977652557849e-02 1.0000063937635804e+00 7.0427987373997136e-02 1.7872933125587126e-01 2.9727634859520677e+01 24
1 0 1 1 3.1633794724191013e-02 2.2492659730275377e-02 1.0000065929869122e+00 7.0377574682384869e-02 1.7970963237903412e-01 2.9777634852591742e+01 24
1 0 1 1 3.1607140315489085e-02 2.2474341516258736e-02 1.0000067972526647e+00 7.0327328064434869e-02 1.8069076174808885e-01 2.9827634845692359e+01 24
1 0 1 1 3.1580442565325259e-02 2.2456023615617635e-02 1.0000070066524676e+00 7.0277247776922180e-02 1.8167270717406597e-01 2.9877634838805452e+01 24
1 0 1 1 3.1553702786575981e-02 2.2437706627367545e-02 1.0000072212786493e+00 7.0227334069753566e-02 1.8265545654233398e-01 2.9927634831956169e+01 24
1 0 1 1 3.1526922281323498e-02 2.2419391144492644e-02 1.0000074412242177e+00 7.0177587186095292e-02 1.8363899781060503e-01 2.9977634825122340e+01 24
1 0 1 1 3.1500102340858531e-02 2.2401077753964316e-02 1.0000076665828415e+00 7.0128007362341760e-02 1.8462331901038878e-01 3.0027634818319420e+01 24
1 0 1 1 3.1473244245745630e-02 2.2382767036795741e-02 1.0000078974488289e+00 7.0078594828221763e-02 1.8560840824554045e-01 3.0077634811539333e+01 23
1 0 1 1 3.1446349265844505e-02 2.2364459568073140e-02 1.0000081339171076e+00 7.0029349806812136e-02 1.8659425369264593e-01 3.0127634804781312e+01 23
1 0 1 1 3.1419416497912661e-02 2.2346155916999531e-02 1.0000083760832024e+00 6.9980272514588548e-02 1.8758084360092694e-01 3.0177634798059263e+01 23
1 0 1 1 3.1392445567340783e-02 2.2327856646939905e-02 1.0000086240432127e+00 6.9931363161511439e-02 1.8856816629092432e-01 3.0227634791347771e+01 23
1 0 1 1 3.1365441418883130e-02 2.2309562315443999e-02 1.0000088778937912e+00 6.9882621950995150e-02 1.8955621015617863e-01 3.0277634784678671e+01 23
1 0 1 1 3.1338405282112930e-02 2.2291273474312864e-02 1.0000091377321181e+00 6.9834049080059052e-02 1.9054496366061385e-01 3.0327634778022059e+01 23
1 0 1 1 3.1311338376070211e-02 2.2272990669609926e-02 1.0000094036558786e+00 6.9785644739272346e-02 1.9153441534052149e-01 3.0377634771398263e+01 23
1 0 1 1 3.1284241909342279e-02 2.2254714441721807e-02 1.0000096757632366e+00 6.9737409112876791e-02 1.9252455380281977e-01 3.0427634764803532e+01 23
1 0 1 1 3.1257117080093814e-02 2.2236445325393261e-02 1.0000099541528102e+00 6.9689342378809749e-02 1.9351536772513753e-01 3.0477634758226230e+01 23
1 0 1 1 3.1229965076095784e-02 2.2218183849753728e-02 1.0000102389236443e+00 6.9641444708724298e-02 1.9450684585629124e-01 3.0527634751684491e+01 23
1 0 1 1 3.1202787074800519e-02 2.2199930538378966e-02 1.0000105301751840e+00 6.9593716268091521e-02 1.9549897701488733e-01 3.0577634745168574e+01 23
1 0 1 1 3.1175584243362600e-02 2.2181685909313690e-02 1.0000108280072475e+00 6.9546157216210824e-02 1.9649175008965195e-01 3.0627634738670732e+01 23
1 0 1 1 3.1148357738682363e-02 2.2163450475111295e-02 1.0000111325199963e+00 6.9498767706243636e-02 1.9748515403978786e-01 3.0677634732216209e+01 23
1 0 1 1 3.1121108707485242e-02 2.2145224742894661e-02 1.0000114438139074e+00 6.9451547885331699e-02 1.9847917789286523e-01 3.0727634725770677e+01 23
1 0 1 1 3.1093838286311688e-02 2.2127009214356796e-02 1.0000117619897428e+00 6.9404497894538175e-02 1.9947381074713103e-01 3.0777634719370152e+01 23
1 0 1 1 3.1066547601626915e-02 2.2108804385843346e-02 1.0000120871485194e+00 6.9357617869012400e-02 2.0046904176848454e-01 3.0827634712982306e+01 23
1 0 1 1 3.1039237769810029e-02 2.2090610748353737e-02 1.0000124193914774e+00 6.9310907937928379e-02 2.0146486019273308e-01 3.0877634706633337e+01 23
1 0 1 1 3.1011909897249775e-02 2.2072428787610610e-02 1.0000127588200489e+00 6.9264368224622092e-02 2.0246125532328960e-01 3.0927634700306562e+01 23
1 0 1 1 3.0984565080356345e-02 2.2054258984074714e-02 1.0000131055358248e+00 6.9217998846577727e-02 2.0345821653220167e-01 3.0977634694008060e+01 23
1 0 1 1 3.0957204405629612e-02 2.2036101812999323e-02 1.0000134596405219e+00 6.9171799915502319e-02 2.0445573325940203e-01 3.1027634687742502e+01 23
1 0 1 1 3.0929828949707559e-02 2.2017957744466014e-02 1.0000138212359486e+00 6.9125771537380309e-02 2.0545379501211464e-01 3.1077634681498111e+01 23
1 0 1 1 3.0902439779398390e-02 2.1999827243413702e-02 1.0000141904239708e+00 6.9079913812488125e-02 2.0645239136541185e-01 3.1127634675288547e+01 23
1 0 1 1 3.0875037951753760e-02 2.1981710769692516e-02 1.0000145673064758e+00 6.9034226835483326e-02 2.0745151196097020e-01 3.1177634669104915e+01 22
1 0 1 1 3.0847624514099670e-02 2.1963608778088721e-02 1.0000149519853365e+00 6.8988710695420230e-02 2.0845114650748120e-01 3.1227634662951012e+01 22
1 0 1 1 3.0820200504095535e-02 2.1945521718370581e-02 1.0000153445623752e+00 6.8943365475813145e-02 2.0945128477997269e-01 3.1277634656823565e+01 22
1 0 1 1 3.0792766949780989e-02 2.1927450035324397e-02 1.0000157451393248e+00 6.8898191254671753e-02 2.1045191661990612e-01 3.1327634650731458e+01 22
1 0 1 1 3.0765324869634153e-02 2.1909394168795168e-02 1.0000161538177921e+00 6.8853188104572693e-02 2.1145303193409548e-01 3.1377634644657210e+01 22
1 0 1 1 3.0737875272598851e-02 2.1891354553711398e-02 1.0000165706992179e+00 6.8808356092656731e-02 2.1245462069579885e-01 3.1427634638625538e+01 22
1 0 1 1 3.0710419158177005e-02 2.1873331620149063e-02 1.0000169958848377e+00 6.8763695280747550e-02 2.1345667294263973e-01 3.1477634632614642e+01 22
1 0 1 1 3.0682957516437376e-02 2.1855325793340825e-02 1.0000174294756414e+00 6.8719205725329524e-02 2.1445917877790158e-01 3.1527634626635894e+01 22
1 0 1 1 3.0655491328094222e-02 2.1837337493732140e-02 1.0000178715723327e+00 6.8674887477636670e-02 2.1546212836932968e-01 3.1577634620688883e+01 22
1 0 1 1 3.0628021564553631e-02 2.1819367137014888e-02 1.0000183222752865e+00 6.8630740583689953e-02 2.1646551194899824e-01 3.1627634614769903e+01 22
1 0 1 1 3.0600549187956873e-02 2.1801415134157502e-02 1.0000187816845074e+00 6.8586765084335921e-02 2.1746931981305778e-01 3.1677634608874943e+01 22
1 0 1 1 3.0573075151234086e-02 2.1783481891445470e-02 1.0000192498995863e+00 6.8542961015284148e-02 2.1847354232195373e-01 3.1727634603025113e+01 22
1 0 1 1 3.0545600398183801e-02 2.1765567810533140e-02 1.0000197270196567e+00 6.8499328407207238e-02 2.1947816989861257e-01 3.1777634597192463e+01 22
1 0 1 1 3.0518125863479587e-02 2.1747673288453527e-02 1.0000202131433495e+00 6.8455867285708183e-02 2.2048319302998473e-01 3.1827634591391444e+01 22
1 0 1 1 3.0490652472754575e-02 2.1729798717673308e-02 1.0000207083687498e+00 6.8412577671417452e-02 2.2148860226571437e-01 3.1877634585628627e+01 22
1 0 1 1 3.0463181142657021e-02 2.1711944486131788e-02 1.0000212127933481e+00 6.8369459580044395e-02 2.2249438821756470e-01 3.1927634579889720e+01 22
1 0 1 1 3.0435712780879642e-02 2.1694110977261143e-02 1.0000217265139963e+00 6.8326513022387070e-02 2.2350054155994326e-01 3.1977634574181362e+01 22
1 0 1 1 3.0408248286232783e-02 2.1676298570037954e-02 1.0000222496268598e+00 6.8283738004401573e-02 2.2450705302923915e-01 3.2027634568513207e+01 22
1 0 1 1 3.0380788548703561e-02 2.1658507639019966e-02 1.0000227822273686e+00 6.8241134527266489e-02 2.2551391342272772e-01 3.2077634562860084e+01 22
1 0 1 1 3.0353334449471560e-02 2.1640738554358670e-02 1.0000233244101702e+00 6.8198702587363685e-02 2.2652111360008279e-01 3.2127634557252762e+01 22
1 0 1 1 3.0325886861017604e-02 2.1622991681871186e-02 1.0000238762690787e+00 6.8156442176410259e-02 2.2752864448087459e-01 3.2177634551669279e+01 22
1 0 1 1 3.0298446647134169e-02 2.1605267383048635e-02 1.0000244378970267e+00 6.8114353281434115e-02 2.2853649704598492e-01 3.2227634546121067e+01 21
1 0 1 1 3.0271014663000730e-02 2.1587566015101704e-02 1.0000250093860130e+00 6.8072435884860616e-02 2.2954466233614926e-01 3.2277634540597639e+01 21
1 0 1 1 3.0243591755224036e-02 2.1569887930991922e-02 1.0000255908270528e+00 6.8030689964524715e-02 2.3055313145271833e-01 3.2327634535119117e+01 21
1 0 1 1 3.0216178761921494e-02 2.1552233479483065e-02 1.0000261823101240e+00 6.7989115493769653e-02 2.3156189555564585e-01 3.2377634529653264e+01 21
1 0 1 1 3.0188776512720852e-02 2.1534603005140734e-02 1.0000267839241170e+00 6.7947712441405350e-02 2.3257094586564278e-01 3.2427634524238691e+01 21
1 0 1 1 3.0161385828885313e-02 2.1516996848414360e-02 1.0000273957567791e+00 6.7906480771860456e-02 2.3358027366101947e-01 3.2477634518844120e+01 21
1 0 1 1 3.0134007523304734e-02 2.1499415345629692e-02 1.0000280178946621e+00 6.7865420445133190e-02 2.3458987027964562e-01 3.2527634513482219e+01 21
1 0 1 1 3.0106642400583115e-02 2.1481858829046446e-02 1.0000286504230673e+00 6.7824531416883271e-02 2.3559972711766608e-01 3.2577634508161999e+01 21
1 0 1 1 3.0079291257100349e-02 2.1464327626895829e-02 1.0000292934259902e+00 6.7783813638488288e-02 2.3660983562859242e-01 3.2627634502860417e+01 21
1 0 1 1 3.0051954881029325e-02 2.1446822063391796e-02 1.0000299469860656e+00 6.7743267057031709e-02 2.3762018732465823e-01 3.2677634497605958e+01 21
1 0 1 1 3.0024634052440741e-02 2.1429342458795662e-02 1.0000306111845094e+00 6.7702891615424310e-02 2.3863077377431552e-01 3.2727634492371564e+01 21
1 0 1 1 2.9997329543308453e-02 2.1411889129421317e-02 1.0000312861010643e+00 6.7662687252371012e-02 2.3964158660397430e-01 3.2777634487176570e+01 21
1 0 1 1 2.9970042117601629e-02 2.1394462387690216e-02 1.0000319718139390e+00 6.7622653902473295e-02 2.4065261749621900e-01 3.2827634482015789e+01 21
1 0 1 1 2.9942772531325594e-02 2.1377062542158522e-02 1.0000326683997531e+00 6.7582791496250072e-02 2.4166385818990244e-01 3.2877634476880111e+01 21
1 0 1 1 2.9915521171929298e-02 2.1359686499757734e-02 1.0000333761929150e+00 6.7543099960164721e-02 2.4267531401828538e-01 3.2927635114579488e+01 21
1 0 1 1 2.9888289884415151e-02 2.1342335722406826e-02 1.0000340952188060e+00 6.7503580746398423e-02 2.4368693576348119e-01 3.2977634367200196e+01 21
1 0 1 1 2.9861078500593795e-02 2.1325012647122617e-02 1.0000348253637859e+00 6.7464232012385217e-02 2.4469874862529917e-01 3.3027633902616060e+01 21
1 0 1 1 2.9833887345516813e-02 2.1307717314161496e-02 1.0000355667092664e+00 6.7425053100258536e-02 2.4571075946047316e-01 3.3077634456502246e+01 21
1 0 1 1 2.9806717994197495e-02 2.1290450559852628e-02 1.0000363193003670e+00 6.7386045158879693e-02 2.4672292836319967e-01 3.3127634451538405e+01 21
1 0 1 1 2.9779570851900816e-02 2.1273212477382276e-02 1.0000370832117158e+00 6.7347207656119401e-02 2.4773525871551469e-01 3.3177634446615080e+01 21
1 0 1 1 2.9752446620366173e-02 2.1256003349770815e-02 1.0000378585077097e+00 6.7308540494963653e-02 2.4874774264211424e-01 3.3227634441715935e+01 21
1 0 1 1 2.9725345993790685e-02 2.1238823456416530e-02 1.0000386452506751e+00 6.7270043574640503e-02 2.4976037232199405e-01 3.3277634436857717e+01 21
1 0 1 1 2.9698269658912778e-02 2.1221673073143946e-02 1.0000394435008040e+00 6.7231716790706497e-02 2.5077313998702594e-01 3.3327634432037627e+01 20
1 0 1 1 2.9671218295054869e-02 2.1204552472228154e-02 1.0000402533160913e+00 6.7193560035074762e-02 2.5178603792171800e-01 3.3377634427238632e+01 20
1 0 1 1 2.9644192574158814e-02 2.1187461922418237e-02 1.0000410747522708e+00 6.7155573196023555e-02 2.5279905846410933e-01 3.3427634422489675e+01 20
1 0 1 1 2.9617193160884060e-02 2.1170401688992469e-02 1.0000419078627496e+00 6.7117756158307285e-02 2.5381219400324956e-01 3.3477634417759475e+01 20
1 0 1 1 2.9590220712605985e-02 2.1153372033756234e-02 1.0000427526985449e+00 6.7080108803116989e-02 2.5482543698129062e-01 3.3527634413076662e+01 20
1 0 1 1 2.9563275879525380e-02 2.1136373215109111e-02 1.0000436093082166e+00 6.7042631008198877e-02 2.5583877989102549e-01 3.3577634408425048e+01 20
1 0 1 1 2.9536359304687114e-02 2.1119405488052776e-02 1.0000444777378035e+00 6.7005322647847088e-02 2.5685221527674679e-01 3.3627634403803327e+01 20
1 0 1 1 2.9509471624039160e-02 2.1102469104226019e-02 1.0000453580307569e+00 6.6968183592951896e-02 2.5786573573391763e-01 3.3677634399226029e+01 20
1 0 1 1 2.9482613466506026e-02 2.1085564311946338e-02 1.0000462502278726e+00 6.6931213711070497e-02 2.5887933390767498e-01 3.3727634394667135e+01 20
1 0 1 1 2.9455785453999971e-02 2.1068691356214940e-02 1.0000471543672274e+00 6.6894412866406489e-02 2.5989300249460157e-01 3.3777634390164508e+01 20
1 0 1 1 2.9428988201541165e-02 2.1051850478790216e-02 1.0000480704841086e+00 6.6857780919941490e-02 2.6090673423965288e-01 3.3827634385684917e+01 20
1 0 1 1 2.9402222317245933e-02 2.1035041918174679e-02 1.0000489986109493e+00 6.6821317729390095e-02 2.6192052193816401e-01 3.3877634381241279e+01 20
1 0 1 1 2.9375488402414125e-02 2.1018265909667523e-02 1.0000499387772606e+00 6.6785023149284251e-02 2.6293435843425861e-01 3.3927634376830710e+01 20
1 0 1 1 2.9348787051570388e-02 2.1001522685387089e-02 1.0000508910095629e+00 6.6748897030998344e-02 2.6394823662110711e-01 3.3977634372464763e+01 20
1 0 1 1 2.9322118852537549e-02 2.0984812474314121e-02 1.0000518553313194e+00 6.6712939222814904e-02 2.6496214943977470e-01 3.4027634368129412e+01 20
1 0 1 1 2.9295484386463157e-02 2.0968135502302539e-02 1.0000528317628672e+00 6.6677149569932120e-02 2.6597608987964294e-01 3.4077634363823712e+01 20
1 0 1 1 2.9268884227876789e-02 2.0951491992113311e-02 1.0000538203213505e+00 6.6641527914508281e-02 2.6699005097819073e-01 3.4127634359565903e+01 20
1 0 1 1 2.9242318944771643e-02 2.0934882163462558e-02 1.0000548210206510e+00 6.6606074095736711e-02 2.6800402581952426e-01 3.4177634355337446e+01 20
1 0 1 1 2.9215789098619119e-02 2.0918306233024486e-02 1.0000558338713212e+00 6.6570787949841170e-02 2.6901800753513788e-01 3.4227634351138825e+01 20
1 0 1 1 2.9189295244432104e-02 2.0901764414468362e-02 1.0000568588805161e+00 6.6535669310124668e-02 2.7003198930357430e-01 3.4277634346989409e+01 20
1 0 1 1 2.9162837930843642e-02 2.0885256918504506e-02 1.0000578960519235e+00 6.6500718007044601e-02 2.7104596434873268e-01 3.4327634342860698e+01 20
1 0 1 1 2.9136417700109767e-02 2.0868783952880790e-02 1.0000589453856989e+00 6.6465933868187055e-02 2.7205992594182277e-01 3.4377634338790521e+01 19
1 0 1 1 2.9110035088227879e-02 2.0852345722452113e-02 1.0000600068783949e+00 6.6431316718394001e-02 2.7307386739791262e-01 3.4427634334729696e+01 19
1 0 1 1 2.9083690624903649e-02 2.0835942429157924e-02 1.0000610805228962e+00 6.6396866379688169e-02 2.7408778207929269e-01 3.4477634330724356e+01 19
1 0 1 1 2.9057384833685963e-02 2.0819574272098882e-02 1.0000621663083493e+00 6.6362582671422615e-02 2.7510166339164832e-01 3.4527634326745151e+01 19
1 0 1 1 2.9031118231957583e-02 2.0803241447529375e-02 1.0000632642200982e+00 6.6328465410239235e-02 2.7611550478622204e-01 3.4577634322810191e+01 19
1 0 1 1 2.9004891331026579e-02 2.0786944148910049e-02 1.0000643742396154e+00 6.6294514410157046e-02 2.7712929975793560e-01 3.4627634318909180e+01 19
1 0 1 1 2.8978704636153423e-02 2.0770682566918230e-02 1.0000654963444360e+00 6.6260729482581604e-02 2.7814304184557193e-01 3.4677634315029891e+01 19
1 0 1 1 2.8952558646587759e-02 2.0754456889469544e-02 1.0000666305080936e+00 6.6227110436322845e-02 2.7915672463263597e-01 3.4727634311216775e+01 19
1 0 1 1 2.8926453855686565e-02 2.0738267301783738e-02 1.0000677767000503e+00 6.6193657077720180e-02 2.8017034174372840e-01 3.4777634307409400e+01 19
1 0 1 1 2.8900381074103674e-02 2.0722113986351914e-02 1.0000689348856373e+00 6.6160369210547354e-02 2.8118388684862161e-01 3.4827634303659352e+01 19
1 0 1 1 2.8874349101952447e-02 2.0705997123017648e-02 1.0000701050259850e+00 6.6127246636172726e-02 2.8219735365782983e-01 3.4877634299929483e+01 19
1 0 1 1 2.8848359818649399e-02 2.0689916888961667e-02 1.0000712870779638e+00 6.6094289153500657e-02 2.8321073592559942e-01 3.4927634296257018e+01 19
1 0 1 1 2.8822413694832422e-02 2.0673873458770073e-02 1.0000724809941168e+00 6.6061496559095323e-02 2.8422402744645420e-01 3.4977634292599525e+01 19
1 0 1 1 2.8796511195394749e-02 2.0657867004413306e-02 1.0000736867226010e+00 6.6028868647121736e-02 2.8523722205790558e-01 3.5027634288985261e+01 19
1 0 1 1 2.8770652779586410e-02 2.0641897695302867e-02 1.0000749042071240e+00 6.5996405209450909e-02 2.8625031363810488e-01 3.5077634285414440e+01 19
1 0 1 1 2.8744838901057539e-02 2.0625965698317105e-02 1.0000761333868831e+00 6.5964106035681092e-02 2.8726329610566692e-01 3.5127634281864722e+01 19
1 0 1 1 2.8719070007871265e-02 2.0610071177801594e-02 1.0000773741965072e+00 6.5931970913133686e-02 2.8827616342098600e-01 3.5177634278373866e+01 19
1 0 1 1 2.8693346542616356e-02 2.0594214295634256e-02 1.0000786265659956e+00 6.5899999626965688e-02 2.8928890958292858e-01 3.5227634274891834e+01 19
1 0 1 1 2.8667668942370991e-02 2.0578395211200522e-02 1.0000798904206643e+00 6.5868191960097938e-02 2.9030152863223246e-01 3.5277634271463846e+01 19
1 0 1 1 2.8642037638828107e-02 2.0562614081461775e-02 1.0000811656810857e+00 6.5836547693350622e-02 2.9131401464780499e-01 3.5327634268065005e+01 19
1 0 1 1 2.8616453058295712e-02 2.0546871060955194e-02 1.0000824522630363e+00 6.5805066605411910e-02 2.9232636174854132e-01 3.5377634264703602e+01 19
1 0 1 1 2.8590915621763628e-02 2.0531166301828122e-02 1.0000837500774415e+00 6.5773748472898685e-02 2.9333856409195663e-01 3.5427634261369938e+01 19
1 0 1 1 2.8565425744930522e-02 2.0515499953849058e-02 1.0000850590303247e+00 6.5742593070367117e-02 2.9435061587486933e-01 3.5477634258085892e+01 18
1 0 1 1 2.8539983838287940e-02 2.0499872164456565e-02 1.0000863790227545e+00 6.5711600170387630e-02 2.9536251133143321e-01 3.5527634254821805e+01 18
1 0 1 1 2.8514590307115291e-02 2.0484283078749964e-02 1.0000877099507979e+00 6.5680769543517009e-02 2.9637424473496859e-01 3.5577634251602639e+01 18
1 0 1 1 2.8489245551572853e-02 2.0468732839543018e-02 1.0000890517054701e+00 6.5650100958385749e-02 2.9738581039561374e-01 3.5627634248406046e+01 18
1 0 1 1 2.8463949966702779e-02 2.0453221587358000e-02 1.0000904041726917e+00 6.5619594181679036e-02 2.9839720266197389e-01 3.5677634245259576e+01 18
1 0 1 1 2.8438703942524429e-02 2.0437749460482026e-02 1.0000917672332414e+00 6.5589248978224934e-02 2.9940841591879075e-01 3.5727634242138656e+01 18
1 0 1 1 2.8413507864033887e-02 2.0422316594959022e-02 1.0000931407627172e+00 6.5559065110972703e-02 3.0041944458812175e-01 3.5777634239040260e+01 18
1 0 1 1 2.8388362111252993e-02 2.0406923124617483e-02 1.0000945246314943e+00 6.5529042341027965e-02 3.0143028312927811e-01 3.5827634235993173e+01 18
1 0 1 1 2.8363267059312490e-02 2.0391569181116190e-02 1.0000959187046876e+00 6.5499180427729509e-02 3.0244092603682804e-01 3.5877634232973229e+01 18
1 0 1 1 2.8338223078453500e-02 2.0376254893939679e-02 1.0000973228421159e+00 6.5469479128628605e-02 3.0345136784181770e-01 3.5927634229977620e+01 18
1 0 1 1 2.8313230534074519e-02 2.0360980390421515e-02 1.0000987368982703e+00 6.5439938199524095e-02 3.0446160311146725e-01 3.5977634227023707e+01 18
1 0 1 1 2.8288289786800747e-02 2.0345745795784999e-02 1.0001001607222797e+00 6.5410557394518620e-02 3.0547162644790193e-01 3.6027634224098044e+01 18
1 0 1 1 2.8263401192499996e-02 2.0330551233145425e-02 1.0001015941578850e+00 6.5381336466018292e-02 3.0648143248866205e-01 3.6077634221195844e+01 18
1 0 1 1 2.8238565102323025e-02 2.0315396823531822e-02 1.0001030370434132e+00 6.5352275164757889e-02 3.0749101590684014e-01 3.6127634218339885e+01 18
1 0 1 1 2.8213781862776996e-02 2.0300282685925645e-02 1.0001044892117517e+00 6.5323373239865756e-02 3.0850037140928055e-01 3.6177634215504362e+01 18
1 0 1 1 2.8189051815725990e-02 2.0285208937258197e-02 1.0001059504903302e+00 6.5294630438841372e-02 3.0950949373801240e-01 3.6227634212697325e+01 18
1 0 1 1 2.8164375298450294e-02 2.0270175692439770e-02 1.0001074207011025e+00 6.5266046507604869e-02 3.1051837766915236e-01 3.6277634209919256e+01 18
1 0 1 1 2.8139752643683597e-02 2.0255183064381552e-02 1.0001088996605312e+00 6.5237621190518180e-02 3.1152701801303484e-01 3.6327634207179898e+01 18
1 0 1 1 2.8115184179666162e-02 2.0240231164019021e-02 1.0001103871795758e+00 6.5209354230426397e-02 3.1253540961300957e-01 3.6377634204451567e+01 18
1 0 1 1 2.8090669643268215e-02 2.0225315649091385e-02 1.0001118843974279e+00 6.5181245368635621e-02 3.1354356989035059e-01 3.6427635187600771e+01 18
1 0 1 1 2.8066210992889008e-02 2.0210438914483923e-02 1.0001133906616808e+00 6.5153296006044747e-02 3.1455142669044583e-01 3.6477633866023993e+01 18
1 0 1 1 2.8041807018542485e-02 2.0195602976821152e-02 1.0001149049753990e+00 6.5125503668179541e-02 3.1555903881323005e-01 3.6527633497341370e+01 18
1 0 1 1 2.8017457979266924e-02 2.0180807908543014e-02 1.0001164271318024e+00 6.5097868038970330e-02 3.1656640348542942e-01 3.6577634193954125e+01 17
1 0 1 1 2.7993165041176115e-02 2.0166054333619267e-02 1.0001179568610570e+00 6.5070389830841513e-02 3.1757348016509868e-01 3.6627634191370980e+01 17
1 0 1 1 2.7968928165342494e-02 2.0151342144398430e-02 1.0001194939626668e+00 6.5043068390293668e-02 3.1858027798391569e-01 3.6677634188802351e+01 17
1 0 1 1 2.7944747649468249e-02 2.0136671438544623e-02 1.0001210382093895e+00 6.5015903449999968e-02 3.1958679201764012e-01 3.6727634186282444e+01 17
1 0 1 1 2.7920623787087269e-02 2.0122042311905914e-02 1.0001225893684820e+00 6.4988894741321523e-02 3.2059301737228330e-01 3.6777634183751559e+01 17
1 0 1 1 2.7896556867504922e-02 2.0107454858473140e-02 1.0001241472017244e+00 6.4962041994225506e-02 3.2159894918842791e-01 3.6827634181280125e+01 17
1 0 1 1 2.7872547175951713e-02 2.0092909170466935e-02 1.0001257114654376e+00 6.4935344937433415e-02 3.2260458263530595e-01 3.6877634178782785e+01 17
1 0 1 1 2.7848594993477350e-02 2.0078405338273320e-02 1.0001272819105187e+00 6.4908803298285134e-02 3.2360991291731173e-01 3.6927634176348825e+01 17
1 0 1 1 2.7824700597131876e-02 2.0063943450544741e-02 1.0001288582824632e+00 6.4882416802921228e-02 3.2461493526697011e-01 3.6977634173901656e+01 17
1 0 1 1 2.7800864259868871e-02 2.0049523594141049e-02 1.0001304403214111e+00 6.4856185176154213e-02 3.2561964495064633e-01 3.7027634171488259e+01 17
1 0 1 1 2.7777086250666671e-02 2.0035145854197640e-02 1.0001320277621790e+00 6.4830108141584242e-02 3.2662403726458583e-01 3.7077634169089450e+01 17
1 0 1 1 2.7753366834518720e-02 2.0020810314115199e-02 1.0001336203343103e+00 6.4804185421568850e-02 3.2762810753637828e-01 3.7127634166699131e+01 17
1 0 1 1 2.7729706272466639e-02 2.0006517055576559e-02 1.0001352177621230e+00 6.4778416737238359e-02 3.2863185112482551e-01 3.7177634164323017e+01 17
1 0 1 1 2.7706104821638648e-02 1.9992266158565697e-02 1.0001368197647633e+00 6.4752801808519639e-02 3.2963526341955923e-01 3.7227634161965334e+01 17
1 0 1 1 2.7682562735282329e-02 1.9978057701383951e-02 1.0001384260562642e+00 6.4727340354154117e-02 3.3063833984090668e-01 3.7277634159627269e+01 17
1 0 1 1 2.7659080262801426e-02 1.9963891760668828e-02 1.0001400363456086e+00 6.4702032091713879e-02 3.3164107583910851e-01 3.7327634157271852e+01 17
1 0 1 1 2.7635657649733483e-02 1.9949768411374767e-02 1.0001416503367999e+00 6.4676876737562061e-02 3.3264346689674312e-01 3.7377634154950151e+01 17
1 0 1 1 2.7612295137857241e-02 1.9935687726837455e-02 1.0001432677289313e+00 6.4651874006947246e-02 3.3364550852515767e-01 3.7427634152625643e+01 17
1 0 1 1 2.7588992965155924e-02 1.9921649778745443e-02 1.0001448882162651e+00 6.4627023613946372e-02 3.3464719626719835e-01 3.7477634150314834e+01 17
1 0 1 1 2.7565751365882175e-02 1.9907654637177186e-02 1.0001465114883161e+00 6.4602325271513494e-02 3.3564852569557152e-01 3.7527634148007579e+01 17
1 0 1 1 2.7542570570569046e-02 1.9893702370603464e-02 1.0001481372299377e+00 6.4577778691470106e-02 3.3664949241316905e-01 3.7577634145685657e+01 17
1 0 1 1 2.7519450806032089e-02 1.9879793045884952e-02 1.0001497651214173e+00 6.4553383584492197e-02 3.3765009205437163e-01 3.7627634143390530e+01 17
1 0 1 1 2.7496392295455013e-02 1.9865926728321909e-02 1.0001513948385694e+00 6.4529139660179952e-02 3.3865032028247755e-01 3.7677634141095531e+01 16
1 0 1 1 2.7473395258372401e-02 1.9852103481637209e-02 1.0001530260528408e+00 6.4505046627018253e-02 3.3965017279104581e-01 3.7727634138775009e+01 16
1 0 1 1 2.7450459910670511e-02 1.9838323367977136e-02 1.0001546584314203e+00 6.4481104192359640e-02 3.4064964530530811e-01 3.7777634136474369e+01 16
1 0 1 1 2.7427586464675559e-02 1.9824586447958384e-02 1.0001562916373470e+00 6.4457312062496941e-02 3.4164873357922160e-01 3.7827634134163787e+01 16
1 0 1 1 2.7404773859298088e-02 1.9810892780650600e-02 1.0001579253296307e+00 6.4433669942614791e-02 3.4264743339779680e-01 3.7877634131853462e+01 16
1 0 1 1 2.7382013385339382e-02 1.9797242423599405e-02 1.0001595591633732e+00 6.4410177536820767e-02 3.4364574057557784e-01 3.7927634129518140e+01 16
1 0 1 1 2.7359315502606448e-02 1.9783635432818598e-02 1.0001611927898992e+00 6.4386834548111976e-02 3.4464365095865906e-01 3.7977634127195451e+01 16
1 0 1 1 2.7336680409192592e-02 1.9770071862831917e-02 1.0001628258568835e+00 6.4363640678435308e-02 3.4564116042212767e-01 3.8027634124856831e+01 16
1 0 1 1 2.7314108299686286e-02 1.9756551766654404e-02 1.0001644580084934e+00 6.4340595628642472e-02 3.4663826487179694e-01 3.8077634122492817e+01 16
1 0 1 1 2.7291599365189333e-02 1.9743075195802793e-02 1.0001660888855299e+00 6.4317699098490166e-02 3.4763496024472301e-01 3.8127634120135525e+01 16
1 0 1 1 2.7269153793382159e-02 1.9729642200331562e-02 1.0001677181255737e+00 6.4294950786684124e-02 3.4863124250703831e-01 3.8177634117746813e+01 16
1 0 1 1 2.7246771768482562e-02 1.9716252828802704e-02 1.0001693453631397e+00 6.4272350390822020e-02 3.4962710765675736e-01 3.8227634115357404e+01 16
1 0 1 1 2.7224453471323306e-02 1.9702907128330668e-02 1.0001709702298316e+00 6.4249897607445816e-02 3.5062255172115853e-01 3.8277634112930116e+01 16
1 0 1 1 2.7202199079311748e-02 1.9689605144556588e-02 1.0001725923545066e+00 6.4227592131984368e-02 3.5161757075962585e-01 3.8327634110498465e+01 16
1 0 1 1 2.7180008766503123e-02 1.9676346921687043e-02 1.0001742113634386e+00 6.4205433658805655e-02 3.5261216086118019e-01 3.8377634108038670e+01 16
1 0 1 1 2.7157882703579637e-02 1.9663132502479884e-02 1.0001758268804910e+00 6.4183421881175234e-02 3.5360631814630966e-01 3.8427634105556130e+01 16
1 0 1 1 2.7135821057883494e-02 1.9649961928261201e-02 1.0001774385272910e+00 6.4161556491269145e-02 3.5460003876635099e-01 3.8477634103049056e+01 16
1 0 1 1 2.7113823993432786e-02 1.9636835238931113e-02 1.0001790459234097e+00 6.4139837180166748e-02 3.5559331890352741e-01 3.8527634100504478e+01 16
1 0 1 1 2.7091891670917044e-02 1.9623752472959589e-02 1.0001806486865454e+00 6.4118263637831296e-02 3.5658615477229127e-01 3.8577634097960107e+01 16
1 0 1 1 2.7070024247772554e-02 1.9610713667427965e-02 1.0001822464327099e+00 6.4096835553155929e-02 3.5757854261638961e-01 3.8627634095349165e+01 16
1 0 1 1 2.7048221878102192e-02 1.9597718857978109e-02 1.0001838387764246e+00 6.4075552613868825e-02 3.5857047871343917e-01 3.8677634092724887e+01 16
1 0 1 1 2.7026484712776619e-02 1.9584768078870739e-02 1.0001854253309106e+00 6.4054414506609925e-02 3.5956195937118829e-01 3.8727634090064427e+01 16
1 0 1 1 2.7004812899402816e-02 1.9571861362964845e-02 1.0001870057082911e+00 6.4033420916881051e-02 3.6055298092988358e-01 3.8777634087380548e+01 16
1 0 1 1 2.6983206582368798e-02 1.9558998741739882e-02 1.0001885795197920e+00 6.4012571529064477e-02 3.6154353976067788e-01 3.8827634084633758e+01 16
1 0 1 1 2.6961665902803859e-02 1.9546180245270470e-02 1.0001901463759511e+00 6.3991866026366251e-02 3.6253363226844371e-01 3.8877634081866127e+01 16
1 0 1 1 2.6940190998653944e-02 1.9533405902269603e-02 1.0001917058868228e+00 6.3971304090867376e-02 3.6352325488915938e-01 3.8927634079060525e+01 15
1 0 1 1 2.6918782004666214e-02 1.9520675740075065e-02 1.0001932576621919e+00 6.3950885403484425e-02 3.6451240409099384e-01 3.8977634076187108e+01 15
1 0 1 1 2.6897439052365926e-02 1.9507989784634534e-02 1.0001948013117912e+00 6.3930609643932962e-02 3.6550107637665391e-01 3.9027634073313372e+01 15
1 0 1 1 2.6876162270166253e-02 1.9495348060569295e-02 1.0001963364455118e+00 6.3910476490803197e-02 3.6648926827872119e-01 3.9077634070357668e+01 15
1 0 1 1 2.6854951783260399e-02 1.9482750591104721e-02 1.0001978626736308e+00 6.3890485621441673e-02 3.6747697636540488e-01 3.9127634067373030e+01 15
1 0 1 1 2.6833807713724549e-02 1.9470197398132168e-02 1.0001993796070265e+00 6.3870636712024420e-02 3.6846419723655210e-01 3.9177634064333944e+01 15
1 0 1 1 2.6812730180481848e-02 1.9457688502183219e-02 1.0002008868574064e+00 6.3850929437502035e-02 3.6945092752601083e-01 3.9227634061247002e+01 15
1 0 1 1 2.6791719219661173e-02 1.9445223373810216e-02 1.0002023843776833e+00 6.3831363471605479e-02 3.7043716701570545e-01 3.9277634181873339e+01 15
1 0 1 1 2.6770774171385989e-02 1.9432795722441387e-02 1.0002038757874399e+00 6.3811938631948395e-02 3.7142294135944665e-01 3.9327635491606884e+01 15
1 0 1 1 2.6749897821426401e-02 1.9420413548150321e-02 1.0002053562855566e+00 6.3792656117732854e-02 3.7240812907493809e-01 3.9377632423952853e+01 15
1 0 1 1 2.6729086489635390e-02 1.9408074620098224e-02 1.0002068257564731e+00 6.3773512102265006e-02 3.7339290565648048e-01 3.9427634049346366e+01 15
1 0 1 1 2.6708342916899389e-02 1.9395780516178313e-02 1.0002082836312507e+00 6.3754508687793476e-02 3.7437714335172578e-01 3.9477634046004368e+01 15
1 0 1 1 2.6687666524694249e-02 1.9383530846209293e-02 1.0002097295779679e+00 6.3735644916133316e-02 3.7536087108095950e-01 3.9527634042611716e+01 15
1 0 1 1 2.6667057410408618e-02 1.9371325621321329e-02 1.0002111632190376e+00 6.3716920453669335e-02 3.7634408571392619e-01 3.9577634039156322e+01 15
1 0 1 1 2.6646515668369966e-02 1.9359164851319041e-02 1.0002125841794867e+00 6.3698334965478887e-02 3.7732678415576293e-01 3.9627634035650921e+01 15
1 0 1 1 2.6626041389873265e-02 1.9347048544695395e-02 1.0002139920871871e+00 6.3679888115337369e-02 3.7830896334623587e-01 3.9677634032084278e+01 15
1 0 1 1 2.6605634663178303e-02 1.9334976708627508e-02 1.0002153865730861e+00 6.3661579565692572e-02 3.7929062026049959e-01 3.9727634028449209e+01 15
1 0 1 1 2.6585295573512465e-02 1.9322949348977620e-02 1.0002167672714366e+00 6.3643408977648808e-02 3.8027175190980661e-01 3.9777634024767998e+01 15
1 0 1 1 2.6565024203111843e-02 1.9310966470313596e-02 1.0002181338200240e+00 6.3625376010979534e-02 3.8125235533994484e-01 3.9827634021002851e+01 15
1 0 1 1 2.6544820631178943e-02 1.9299028075881110e-02 1.0002194858603968e+00 6.3607480324071902e-02 3.8223242763398702e-01 3.9877634017186580e+01 15
1 0 1 1 2.6524684933938683e-02 1.9287134167635871e-02 1.0002208230380882e+00 6.3589721573956759e-02 3.8321196591052031e-01 3.9927634013321637e+01 15
1 0 1 1 2.6504617184644433e-02 1.9275284746244733e-02 1.0002221450028412e+00 6.3572099416291827e-02 3.8419096732384167e-01 3.9977634009380111e+01 15
1 0 1 1 2.6484617453562086e-02 1.9263479811073535e-02 1.0002234514088320e+00 6.3554613505325042e-02 3.8516942906525287e-01 4.0027634005359978e+01 15
1 0 1 1 2.6464685807978283e-02 1.9251719360188824e-02 1.0002247419148880e+00 6.3537263493886886e-02 3.8614734836355230e-01 4.0077634001301988e+01 15
1 0 1 1 2.6444822312255870e-02 1.9240003390389206e-02 1.0002260161847030e+00 6.3520049033417680e-02 3.8712472248295998e-01 4.0127633997173675e+01 15
1 0 1 1 2.6425027027801508e-02 1.9228331897184568e-02 1.0002272738870519e+00 6.3502969773917839e-02 3.8810154872540797e-01 4.0177633992976688e+01 15
1 0 1 1 2.6405300013089706e-02 1.9216704874804893e-02 1.0002285146960017e+00 6.3486025363948539e-02 3.8907782442969108e-01 4.0227633988696290e+01 15
1 0 1 1 2.6385641323646420e-02 1.9205122316191325e-02 1.0002297382911187e+00 6.3469215450604632e-02 3.9005354697352856e-01 4.0277633984397610e+01 15
1 0 1 1 2.6366051012140897e-02 1.9193584213047003e-02 1.0002309443576671e+00 6.3452539679569375e-02 3.9102871376938714e-01 4.0327633980003284e+01 15
1 0 1 1 2.6346529128295038e-02 1.9182090555780219e-02 1.0002321325868149e+00 6.3435997695020285e-02 3.9200332226974444e-01 4.0377633975556137e+01 15
1 0 1 1 2.6327075718966066e-02 1.9170641333550200e-02 1.0002333026758234e+00 6.3419589139678656e-02 3.9297736996333332e-01 4.0427633971019368e+01 14
1 0 1 1 2.6307690828094071e-02 1.9159236534236623e-02 1.0002344543282424e+00 6.3403313654753601e-02 3.9395085437923616e-01 4.0477633966478599e+01 14
1 0 1 1 2.6288374496823089e-02 1.9147876144504538e-02 1.0002355872540885e+00 6.3387170880021521e-02 3.9492377308074067e-01 4.0527633961821529e+01 14
1 0 1 1 2.6269126763369156e-02 1.9136560149726766e-02 1.0002367011700348e+00 6.3371160453699699e-02 3.9589612367317828e-01 4.0577633957132868e+01 14
1 0 1 1 2.6249947663152876e-02 1.9125288534057962e-02 1.0002377957995801e+00 6.3355282012540287e-02 3.9686790379772868e-01 4.0627633952371184e+01 14
1 0 1 1 2.6230827741304506e-02 1.9114061280396132e-02 1.0002388708732217e+00 6.3339535191765550e-02 3.9783911113547271e-01 4.0677633947572154e+01 14
1 0 1 1 2.6211775228096763e-02 1.9102878370421975e-02 1.0002399261286188e+00 6.3323919625105196e-02 3.9880974340420150e-01 4.0727633942678850e+01 14
1 0 1 1 2.6192791515448462e-02 1.9091739784557579e-02 1.0002409613107537e+00 6.3308434944732705e-02 3.9977979836279431e-01 4.0777633937763675e+01 14
1 0 1 1 2.6173876627174117e-02 1.9080645502025786e-02 1.0002419761720811e+00 6.3293080781334721e-02 4.0074927380662312e-01 4.0827633932787485e+01 14
1 0 1 1 2.6155030584297377e-02 1.9069595500820380e-02 1.0002429704726774e+00 6.3277856764058338e-02 4.0171816757028134e-01 4.0877633927737399e+01 14
1 0 1 1 2.6136253405056133e-02 1.9058589757707901e-02 1.0002439439803816e+00 6.3262762520506388e-02 4.0268647752830561e-01 4.0927633922661535e+01 14
1 0 1 1 2.6117545104975201e-02 1.9047628248267279e-02 1.0002448964709261e+00 6.3247797676776185e-02 4.0365420159212934e-01 4.0977633917508605e+01 14
1 0 1 1 2.6098905696802836e-02 1.9036710946849559e-02 1.0002458277280679e+00 6.3232961857404180e-02 4.0462133771441017e-01 4.1027633912351426e+01 14
1 0 1 1 2.6080335190626337e-02 1.9025837826641780e-02 1.0002467375437041e+00 6.3218254685437292e-02 4.0558788388345746e-01 4.1077633907097244e+01 14
1 0 1 1 2.6061833593767587e-02 1.9015008859602892e-02 1.0002476257179918e+00 6.3203675782341096e-02 4.0655383812968487e-01 4.1127633901821504e+01 14
1 0 1 1 2.6043400910897872e-02 1.9004224016530399e-02 1.0002484920594494e+00 6.3189224768079366e-02 4.0751919852066759e-01 4.1177633896511040e+01 14
1 0 1 1 2.6025037144017660e-02 1.8993483267040766e-02 1.0002493363850578e+00 6.3174901261087546e-02 4.0848396316260338e-01 4.1227633891143569e+01 14
1 0 1 1 2.6006742292454459e-02 1.8982786579570320e-02 1.0002501585203534e+00 6.3160704878261364e-02 4.0944813020187487e-01 4.1277633885767003e+01 14
1 0 1 1 2.5988516352941644e-02 1.8972133921413701e-02 1.0002509582995109e+00 6.3146635235001691e-02 4.1041169782105369e-01 4.1327633880296332e+01 14
1 0 1 1 2.5970359319519850e-02 1.8961525258666498e-02 1.0002517355654248e+00 6.3132691945140096e-02 4.1137466424585362e-01 4.1377633874876530e+01 14
1 0 1 1 2.5952271183734735e-02 1.8950960556334405e-02 1.0002524901697720e+00 6.3118874621072685e-02 4.1233702773474284e-01 4.1427633869347737e+01 14
1 0 1 1 2.5934251934451005e-02 1.8940439778223947e-02 1.0002532219730838e+00 6.3105182873613663e-02 4.1329878659021757e-01 4.1477633863833567e+01 14
1 0 1 1 2.5916301558031346e-02 1.8929962887042798e-02 1.0002539308447924e+00 6.3091616312126508e-02 4.1425993915023052e-01 4.1527633858301627e+01 14
1 0 1 1 2.5898420038298207e-02 1.8919529844373114e-02 1.0002546166632826e+00 6.3078174544480725e-02 4.1522048379079524e-01 4.1577633852703698e+01 14
1 0 1 1 2.5880607356503417e-02 1.8909140610652787e-02 1.0002552793159318e+00 6.3064857177030947e-02 4.1618041892907959e-01 4.1627633847142796e+01 14
1 0 1 1 2.5862863491464810e-02 1.8898795145248261e-02 1.0002559186991387e+00 6.3051663814709225e-02 4.1713974301649859e-01 4.1677633841521967e+01 14
1 0 1 1 2.5845188419467792e-02 1.8888493406397512e-02 1.0002565347183523e+00 6.3038594060943448e-02 4.1809845454537770e-01 4.1727633835895610e+01 14
1 0 1 1 2.5827582114347904e-02 1.8878235351252579e-02 1.0002571272880854e+00 6.3025647517724742e-02 4.1905655204551923e-01 4.1777633830302094e+01 14
1 0 1 1 2.5810044547551047e-02 1.8868020935910494e-02 1.0002576963319239e+00 6.3012823785635108e-02 4.2001403408149474e-01 4.1827633824629423e+01 14
1 0 1 1 2.5792575688025794e-02 1.8857850115349923e-02 1.0002582417825330e+00 6.3000122463772956e-02 4.2097089926010028e-01 4.1877633819013099e+01 14
1 0 1 1 2.5775175502399897e-02 1.8847722843527738e-02 1.0002587635816456e+00 6.2987543149879976e-02 4.2192714622146371e-01 4.1927633813383842e+01 14
1 0 1 1 2.5757843954909238e-02 1.8837639073334123e-02 1.0002592616800534e+00 6.2975085440281131e-02 4.2288277364379734e-01 4.1977633807725411e+01 14
1 0 1 1 2.5740580013699013e-02 1.8827592466205939e-02 1.0002597414070942e+00 6.2962748929900697e-02 4.2383782203618342e-01 4.2027635433936616e+01 14
1 0 1 1 2.5723386217597517e-02 1.8817589529765696e-02 1.0002601979620951e+00 6.2950534418165782e-02 4.2479215885017213e-01 4.2077632304704693e+01 14
1 0 1 1 2.5706259424005930e-02 1.8807629109958719e-02 1.0002606307503461e+00 6.2938439207806229e-02 4.2574595653274544e-01 4.2127633585820583e+01 14
1 0 1 1 2.5689201475427706e-02 1.8797712253398113e-02 1.0002610397064935e+00 6.2926464230112944e-02 4.2669910911654890e-01 4.2177633787225979e+01 14
1 0 1 1 2.5672212024385237e-02 1.8787838732948758e-02 1.0002614248320469e+00 6.2914608861349447e-02 4.2765163211926716e-01 4.2227633781678115e+01 14
1 0 1 1 2.5655290950826883e-02 1.8778008454124976e-02 1.0002617861310539e+00 6.2902872640330565e-02 4.2860352837868687e-01 4.2277633776101574e+01 14
1 0 1 1 2.5638438203201695e-02 1.8768221362571828e-02 1.0002621236146125e+00 6.2891255154381487e-02 4.2955479682411152e-01 4.2327633770604415e+01 14
1 0 1 1 2.5621653727846676e-02 1.8758477403001537e-02 1.0002624373025455e+00 6.2879755989613539e-02 4.3050543641609745e-01 4.2377633765094622e+01 14
1 0 1 1 2.5604937468887326e-02 1.8748776519134064e-02 1.0002627272233278e+00 6.2868374730865706e-02 4.3145544615369069e-01 4.2427633759676020e+01 14
1 0 1 1 2.5588289368394676e-02 1.8739118653781823e-02 1.0002629934140035e+00 6.2857110961807211e-02 4.3240482506616079e-01 4.2477633754230467e+01 14
1 0 1 1 2.5571709366258993e-02 1.8729503748774707e-02 1.0002632359201029e+00 6.2845964264866383e-02 4.3335357222189280e-01 4.2527633748903170e+01 14
1 0 1 1 2.5555197400388224e-02 1.8719931745071285e-02 1.0002634547955471e+00 6.2834934221361716e-02 4.3430168671790276e-01 4.2577633743566992e+01 14
1 0 1 1 2.5538753406579892e-02 1.8710402582679662e-02 1.0002636501025517e+00 6.2824020411422432e-02 4.3524916768834299e-01 4.2627633738289532e+01 14
1 0 1 1 2.5522377318623231e-02 1.8700916200714679e-02 1.0002638219115212e+00 6.2813222414071890e-02 4.3619601430031252e-01 4.2677633733131245e+01 14
1 0 1 1 2.5506069068382282e-02 1.8691472537440829e-02 1.0002639703009406e+00 6.2802539807276014e-02 4.3714222574963957e-01 4.2727633727940571e+01 14
1 0 1 1 2.5489828585659614e-02 1.8682071530189550e-02 1.0002640953572608e+00 6.2791972167869470e-02 4.3808780127034108e-01 4.2777633722874441e+01 14
1 0 1 1 2.5473655798398786e-02 1.8672713115474519e-02 1.0002641971747777e+00 6.2781519071693548e-02 4.3903274012414328e-01 4.2827633717862938e+01 14
1 0 1 1 2.5457550632601036e-02 1.8663397228938096e-02 1.0002642758555069e+00 6.2771180093555340e-02 4.3997704160666162e-01 4.2877633712958122e+01 14
1 0 1 1 2.5441513012435253e-02 1.8654123805411062e-02 1.0002643315090565e+00 6.2760954807297098e-02 4.4092070504177483e-01 4.2927633708055623e+01 15
1 0 1 1 2.5425542860143830e-02 1.8644892778856777e-02 1.0002643642524904e+00 6.2750842785753685e-02 4.4186372978895150e-01 4.2977633703303496e+01 15
1 0 1 1 2.5409640096222295e-02 1.8635704082467949e-02 1.0002643742101918e+00 6.2740843600875673e-02 4.4280611523354496e-01 4.3027633698611808e+01 15
1 0 1 1 2.5393804639339802e-02 1.8626557648619445e-02 1.0002643615137192e+00 6.2730956823684486e-02 4.4374786079293738e-01 4.3077633693997292e+01 15
1 0 1 1 2.5378036406387888e-02 1.8617453408891812e-02 1.0002643263016600e+00 6.2721182024323086e-02 4.4468896591503476e-01 4.3127633689528381e+01 15
1 0 1 1 2.5362335312581582e-02 1.8608391294126742e-02 1.0002642687194827e+00 6.2711518772117447e-02 4.4562943007320271e-01 4.3177633685075861e+01 15
1 0 1 1 2.5346701271338225e-02 1.8599371234352249e-02 1.0002641889193793e+00 6.2701966635525325e-02 4.4656925277511322e-01 4.3227633680808744e+01 15
1 0 1 1 2.5331134194486245e-02 1.8590393158901382e-02 1.0002640870601121e+00 6.2692525182271475e-02 4.4750843355157405e-01 4.3277633676621001e+01 15
1 0 1 1 2.5315633992170967e-02 1.8581456996351983e-02 1.0002639633068520e+00 6.2683193979297780e-02 4.4844697196296995e-01 4.3327633672498621e+01 15
1 0 1 1 2.5300192441459483e-02 1.8572562674540362e-02 1.0002638178310155e+00 6.2673972592799554e-02 4.4938486759962087e-01 4.3377633668561678e+01 15
1 0 1 1 2.5284815967537681e-02 1.8563710120631096e-02 1.0002636508100997e+00 6.2664860588315274e-02 4.5032212007476957e-01 4.3427633664715898e+01 15
1 0 1 1 2.5269506160418467e-02 1.8554899261072830e-02 1.0002634624275155e+00 6.2655857530693582e-02 4.5125872903048575e-01 4.3477633660989333e+01 15
1 0 1 1 2.5254262923486960e-02 1.8546130021636572e-02 1.0002632528724160e+00 6.2646962984150623e-02 4.5219469413449970e-01 4.3527633657387909e+01 15
1 0 1 1 2.5239086158623861e-02 1.8537402327422528e-02 1.0002630223395259e+00 6.2638176512296473e-02 4.5313001508004797e-01 4.3577633653912763e+01 15
1 0 1 1 2.5223975766215677e-02 1.8528716102865335e-02 1.0002627710289653e+00 6.2629497678163781e-02 4.5406469158715235e-01 4.3627633650652065e+01 15
1 0 1 1 2.5208931645289888e-02 1.8520071271805549e-02 1.0002624991460798e+00 6.2620926044282016e-02 4.5499872339465436e-01 4.3677633647378613e+01 15
1 0 1 1 2.5193953693299208e-02 1.8511467757363811e-02 1.0002622069012561e+00 6.2612461172587675e-02 4.5593211027575281e-01 4.3727633644407604e+01 15
1 0 1 1 2.5179041806471979e-02 1.8502905482138822e-02 1.0002618945097519e+00 6.2604102624629093e-02 4.5686485201715149e-01 4.3777633641503485e+01 15
1 0 1 1 2.5164195879575624e-02 1.8494384368067149e-02 1.0002615621915119e+00 6.2595849961448680e-02 4.5779694843502666e-01 4.3827633638760553e+01 15
1 0 1 1 2.5149415806076530e-02 1.8485904336512479e-02 1.0002612101709913e+00 6.2587702743686913e-02 4.5872839936645943e-01 4.3877633636167751e+01 15
1 0 1 1 2.5134701478117413e-02 1.8477465308248765e-02 1.0002608386769736e+00 6.2579660531592113e-02 4.5965920467220367e-01 4.3927633633783557e+01 15
1 0 1 1 2.5120052786606215e-02 1.8469067203508580e-02 1.0002604479423922e+00 6.2571722885079284e-02 4.6058936423234675e-01 4.3977633631526018e+01 15
1 0 1 1 2.5105469621172560e-02 1.8460709941954000e-02 1.0002600382041500e+00 6.2563889363718483e-02 4.6151887795009511e-01 4.4027633629400988e+01 15
1 0 1 1 2.5090951870185899e-02 1.8452393442685459e-02 1.0002596097029350e+00 6.2556159526774624e-02 4.6244774575247166e-01 4.4077633627565575e+01 15
1 0 1 1 2.5076499420927229e-02 1.8444117624335656e-02 1.0002591626830470e+00 6.2548532933303480e-02 4.6337596758024080e-01 4.4127633625809345e+01 15
1 0 1 1 2.5062112159417636e-02 1.8435882404967584e-02 1.0002586973922114e+00 6.2541009142077109e-02 4.6430354339999202e-01 4.4177633624230090e+01 15
1 0 1 1 2.5047789970548479e-02 1.8427687702147845e-02 1.0002582140814025e+00 6.2533587711676136e-02 4.6523047319746957e-01 4.4227633622898928e+01 16
1 0 1 1 2.5033532738138780e-02 1.8419533432975442e-02 1.0002577130046648e+00 6.2526268200534585e-02 4.6615675697510567e-01 4.4277633621751853e+01 16
1 0 1 1 2.5019340344911253e-02 1.8411419514064959e-02 1.0002571944189365e+00 6.2519050166938817e-02 4.6708239475446278e-01 4.4327633620745146e+01 16
1 0 1 1 2.5005212672490697e-02 1.8403345861543387e-02 1.0002566585838697e+00 6.2511933169046241e-02 4.6800738657791402e-01 4.4377633619969984e+01 16
1 0 1 1 2.4991149601498841e-02 1.8395312391100132e-02 1.0002561057616577e+00 6.2504916764951957e-02 4.6893173250355963e-01 4.4427633619403338e+01 16
1 0 1 1 2.4977151011540730e-02 1.8387319017978295e-02 1.0002555362168595e+00 6.2498000512698493e-02 4.6985543260752000e-01 4.4477633619054096e+01 16
1 0 1 1 2.4963216781252354e-02 1.8379365656997222e-02 1.0002549502162290e+00 6.2491183970311781e-02 4.7077848698176022e-01 4.4527633618869558e+01 16
1 0 1 1 2.4949346788265030e-02 1.8371452222530088e-02 1.0002543480285400e+00 6.2484466695807622e-02 4.7170089573795110e-01 4.4577633618968811e+01 16
1 0 1 1 2.4935540909349498e-02 1.8363578628584162e-02 1.0002537299244239e+00 6.2477848247268708e-02 4.7262265899880929e-01 4.4627633619194476e+01 16
1 0 1 1 2.4921799020271602e-02 1.8355744788713924e-02 1.0002530961761924e+00 6.2471328182801628e-02 4.7354377690920585e-01 4.4677633619740973e+01 16
1 0 1 1 2.4908120699498115e-02 1.8347949243535992e-02 1.0002524481418855e+00 6.2464906060649888e-02 4.7446426605438036e-01 4.4727634394575382e+01 16
1 0 1 1 2.4894505621237042e-02 1.8340188432658840e-02 1.0002517891315157e+00 6.2458581736670765e-02 4.7538413040325539e-01 4.4777635822324591e+01 16
1 0 1 1 2.4880955980287989e-02 1.8332468192915209e-02 1.0002511153233735e+00 6.2452355307833579e-02 4.7630322635556960e-01 4.4827630536397827e+01 16
1 0 1 1 2.4867467562674838e-02 1.8324786108006162e-02 1.0002504267902077e+00 6.2446224458476918e-02 4.7722183148214337e-01 4.4877633626340128e+01 16
1 0 1 1 2.4854043342598890e-02 1.8317143856987735e-02 1.0002497239653458e+00 6.2440190168523535e-02 4.7813973528518633e-01 4.4927633627970067e+01 16
1 0 1 1 2.4840682355832644e-02 1.8309540875338801e-02 1.0002490070852612e+00 6.2434251615517161e-02 4.7905699475033386e-01 4.4977633629846899e+01 16
1 0 1 1 2.4827384472489465e-02 1.8301977073928652e-02 1.0002482764291292e+00 6.2428408358913695e-02 4.7997361011740247e-01 4.5027633632023431e+01 17
1 0 1 1 2.4814149561992092e-02 1.8294452363334272e-02 1.0002475322766000e+00 6.2422659958457749e-02 4.8088958163584605e-01 4.5077633634393884e+01 17
1 0 1 1 2.4800977493003199e-02 1.8286966653800595e-02 1.0002467749076491e+00 6.2417005974168827e-02 4.8180490957093658e-01 4.5127633637050110e+01 17
1 0 1 1 2.4787868133516661e-02 1.8279519855288778e-02 1.0002460046024346e+00 6.2411445966401635e-02 4.8271959419856159e-01 4.5177633640020183e+01 17
1 0 1 1 2.4774821350894646e-02 1.8272111877495157e-02 1.0002452216411606e+00 6.2405979495870123e-02 4.8363363580349306e-01 4.5227633643192441e+01 17
1 0 1 1 2.4761837011787274e-02 1.8264742629803914e-02 1.0002444263039318e+00 6.2400606123635016e-02 4.8454703468622634e-01 4.5277633646710015e+01 17
1 0 1 1 2.4748914982276722e-02 1.8257412021367513e-02 1.0002436188706274e+00 6.2395325411177455e-02 4.8545979115409887e-01 4.5327633650503365e+01 17
1 0 1 1 2.4736055127822960e-02 1.8250119961072304e-02 1.0002427996207646e+00 6.2390136920389444e-02 4.8637190552576870e-01 4.5377633654555602e+01 17
1 0 1 1 2.4723257313289872e-02 1.8242866357550971e-02 1.0002419688333712e+00 6.2385040213596643e-02 4.8728337813039724e-01 4.5427633658876282e+01 17
1 0 1 1 2.4710521402945978e-02 1.8235651119183922e-02 1.0002411267868589e+00 6.2380034853580985e-02 4.8819420930904989e-01 4.5477633663595768e+01 17
1 0 1 1 2.4697847260577353e-02 1.8228474154157768e-02 1.0002402737589069e+00 6.2375120403636436e-02 4.8910439940722361e-01 4.5527633668575739e+01 17
1 0 1 1 2.4685234749394082e-02 1.8221335370413302e-02 1.0002394100263361e+00 6.2370296427543603e-02 4.9001394878279475e-01 4.5577633673859900e+01 17
1 0 1 1 2.4672683732097200e-02 1.8214234675678925e-02 1.0002385358649974e+00 6.2365562489611559e-02 4.9092285780177569e-01 4.5627633679461724e+01 17
1 0 1 1 2.4660194070885193e-02 1.8207171977476060e-02 1.0002376515496578e+00 6.2360918154695189e-02 4.9183112683942715e-01 4.5677633685439183e+01 18
1 0 1 1 2.4647765627514702e-02 1.8200147183147383e-02 1.0002367573538953e+00 6.2356362988228220e-02 4.9273875627605229e-01 4.5727633691683735e+01 18
1 0 1 1 2.4635398263211601e-02 1.8193160199808146e-02 1.0002358535499836e+00 6.2351896556209874e-02 4.9364574650511289e-01 4.5777633698381329e+01 18
1 0 1 1 2.4623091838860127e-02 1.8186210934450858e-02 1.0002349404088060e+00 6.2347518425276582e-02 4.9455209791971666e-01 4.5827633705283141e+01 18
1 0 1 1 2.4610846214784935e-02 1.8179299293818514e-02 1.0002340181997356e+00 6.2343228162645481e-02 4.9545781092981095e-01 4.5877633712671944e+01 18
1 0 1 1 2.4598661251007008e-02 1.8172425184549611e-02 1.0002330871905587e+00 6.2339025336214410e-02 4.9636288594420042e-01 4.5927633720383504e+01 18
1 0 1 1 2.4586536807097922e-02 1.8165588513094078e-02 1.0002321476473708e+00 6.2334909514521059e-02 4.9726732338208562e-01 4.5977633728457910e+01 18
1 0 1 1 2.4574472742233885e-02 1.8158789185741545e-02 1.0002311998344895e+00 6.2330880266779132e-02 4.9817112367004052e-01 4.6027633736989124e+01 18
1 0 1 1 2.4562468915279839e-02 1.8152027108668124e-02 1.0002302440143744e+00 6.2326937162911406e-02 4.9907428723644676e-01 4.6077633745829274e+01 18
1 0 1 1 2.4550525184678998e-02 1.8145302187870492e-02 1.0002292804475355e+00 6.2323079773526330e-02 4.9997681452038745e-01 4.6127633755096944e+01 18
1 0 1 1 2.4538634828286488e-02 1.8138614329217914e-02 1.0002283093924582e+00 6.2319307669965213e-02 5.0087870596637141e-01 4.6177633764897017e+01 18
1 0 1 1 2.4526802355222980e-02 1.8131963438497239e-02 1.0002273311055345e+00 6.2315620424330948e-02 5.0177996201790320e-01 4.6227633774977882e+01 19
1 0 1 1 2.4515029612218062e-02 1.8125349421301003e-02 1.0002263458409724e+00 6.2312017609444659e-02 5.0268058313384811e-01 4.6277633785651851e+01 19
1 0 1 1 2.4503316456110369e-02 1.8118772183184105e-02 1.0002253538507488e+00 6.2308498798934769e-02 5.0358056976737009e-01 4.6327633796638118e+01 19
1 0 1 1 2.4491662743323501e-02 1.8112231629519006e-02 1.0002243553845205e+00 6.2305063567175578e-02 5.0447992238616091e-01 4.6377633808199747e+01 19
1 0 1 1 2.4480068330084925e-02 1.8105727665618621e-02 1.0002233506895775e+00 6.2301711489364114e-02 5.0537864145667366e-01 4.6427633820278508e+01 19
1 0 1 1 2.4468533072363716e-02 1.8099260196699430e-02 1.0002223400107775e+00 6.2298442141506427e-02 5.0627672744933683e-01 4.6477633832795860e+01 19
1 0 1 1 2.4457056825836172e-02 1.8092829127861573e-02 1.0002213235904853e+00 6.2295255100418251e-02 5.0717418084189059e-01 4.6527633845849785e+01 19
1 0 1 1 2.4445639445943419e-02 1.8086434364119656e-02 1.0002203016685203e+00 6.2292149943754815e-02 5.0807100211589895e-01 4.6577633859532298e+01 19
1 0 1 1 2.4434280787976100e-02 1.8080075810448442e-02 1.0002192744821152e+00 6.2289126250031329e-02 5.0896719175020022e-01 4.6627633873573402e+01 19
1 0 1 1 2.4422980706812515e-02 1.8073753371637420e-02 1.0002182422658397e+00 6.2286183598581346e-02 5.0986275024309480e-01 4.6677633888590265e+01 19
1 0 1 1 2.4411739057434399e-02 1.8067466952576213e-02 1.0002172052516034e+00 6.2283321569679778e-02 5.1075767807138495e-01 4.6727633903809291e+01 20
1 0 1 1 2.4400555694296541e-02 1.8061216457901100e-02 1.0002161636685545e+00 6.2280539744399871e-02 5.1165197574125965e-01 4.6777633919918948e+01 20
1 0 1 1 2.4389430471887578e-02 1.8055001792309608e-02 1.0002151177430896e+00 6.2277837704761141e-02 5.1254564374450917e-01 4.6827633936630825e+01 20
1 0 1 1 2.4378363244436037e-02 1.8048822860392350e-02 1.0002140676987901e+00 6.2275215033660875e-02 5.1343868258219294e-01 4.6877633954013092e+01 20
1 0 1 1 2.4367353865965658e-02 1.8042679566666633e-02 1.0002130137563903e+00 6.2272671314904354e-02 5.1433109276152200e-01 4.6927633972323648e+01 20
1 0 1 1 2.4356402190520269e-02 1.8036571815696734e-02 1.0002119561337692e+00 6.2270206133244410e-02 5.1522287477701190e-01 4.6977633990963014e+01 20
1 0 1 1 2.4345508071624652e-02 1.8030499511797183e-02 1.0002108950458657e+00 6.2267819074292713e-02 5.1611402915636018e-01 4.7027634011053820e+01 20
1 0 1 1 2.4334671363155591e-02 1.8024462559512767e-02 1.0002098307047373e+00 6.2265509724697132e-02 5.1700455638872611e-01 4.7077634031427053e+01 20
1 0 1 1 2.4323891918398694e-02 1.8018460863096518e-02 1.0002087633194439e+00 6.2263277671953221e-02 5.1789445700308023e-01 4.7127634053023080e+01 21
1 0 1 1 2.4313169590793604e-02 1.8012494326920588e-02 1.0002076930960964e+00 6.2261122504568250e-02 5.1878373150738144e-01 4.7177634075487653e+01 21
1 0 1 1 2.4302504233531433e-02 1.8006562855253195e-02 1.0002066202377988e+00 6.2259043811985132e-02 5.1967238042235719e-01 4.7227634099074507e+01 21
1 0 1 1 2.4291895699802675e-02 1.8000666352396083e-02 1.0002055449446554e+00 6.2257041184629158e-02 5.2056040426121775e-01 4.7277634123509820e+01 21
1 0 1 1 2.4281343842510100e-02 1.7994804722522198e-02 1.0002044674137245e+00 6.2255114213868895e-02 5.2144780355433051e-01 4.7327634149390825e+01 21
1 0 1 1 2.4270848514660704e-02 1.7988977869895686e-02 1.0002033878390466e+00 6.2253262492089650e-02 5.2233457881687617e-01 4.7377634176367209e+01 21
1 0 1 1 2.4260409569054522e-02 1.7983185698695864e-02 1.0002023064116019e+00 6.2251485612639018e-02 5.2322073057522189e-01 4.7427634204634103e+01 21
1 0 1 1 2.4250026858400830e-02 1.7977428113082592e-02 1.0002012233193120e+00 6.2249783169856687e-02 5.2410625935779365e-01 4.7477634234423313e+01 22
1 0 1 1 2.4239700235333447e-02 1.7971705017204569e-02 1.0002001387470345e+00 6.2248154759087709e-02 5.2499116569457072e-01 4.7527634265980524e+01 22
1 0 1 1 2.4229429552602415e-02 1.7966016315302147e-02 1.0001990528765801e+00 6.2246599976697736e-02 5.2587545010001779e-01 4.7577634298604984e+01 22
1 0 1 1 2.4219214662433895e-02 1.7960361911356304e-02 1.0001979658866396e+00 6.2245118420001661e-02 5.2675911312984092e-01 4.7627634333862915e+01 22
1 0 1 1 2.4209050836645082e-02 1.7954734320035005e-02 1.0001968807054784e+00 6.2243709687406557e-02 5.2764254014544010e-01 4.7677655799065256e+01 22
1 0 1 1 2.4198955823161866e-02 1.7949148071358178e-02 1.0001957962253398e+00 6.2242375173024778e-02 5.2852418470665108e-01 4.7727611419866008e+01 23
1 0 1 1 2.4188902705449968e-02 1.7943588420975046e-02 1.0001947096297912e+00 6.2241110919093401e-02 5.2940638578568022e-01 4.7777633710133443e+01 23
1 0 1 1 2.4178909107995670e-02 1.7938065105977119e-02 1.0001936229978636e+00 6.2239918850322651e-02 5.3028759008743731e-01 4.7827634612925351e+01 23
1 0 1 1 2.4168970742434924e-02 1.7932575739533659e-02 1.0001925360477883e+00 6.2238798031757719e-02 5.3116816041287362e-01 4.7877634660372038e+01 23
1 0 1 1 2.4159087288891306e-02 1.7927120130434415e-02 1.0001914489219506e+00 6.2237748045775726e-02 5.3204811243367445e-01 4.7927634711073161e+01 23
1 0 1 1 2.4149258599340365e-02 1.7921698182504747e-02 1.0001903617783359e+00 6.2236768496856471e-02 5.3292744670303549e-01 4.7977634766048830e+01 24
1 0 1 1 2.4139484525987284e-02 1.7916309799722030e-02 1.0001892747719381e+00 6.2235858990539600e-02 5.3380616375174761e-01 4.8027634825011511e+01 24
1 0 1 1 2.4129764920505520e-02 1.7910954885797418e-02 1.0001881880546823e+00 6.2235019133372010e-02 5.3468426415784132e-01 4.8077634890332241e+01 24
1 0 1 1 2.4120099635304756e-02 1.7905633344872302e-02 1.0001871017755823e+00 6.2234248533003772e-02 5.3556174843163173e-01 4.8127634960498824e+01 24
1 0 1 1 2.4110488521697358e-02 1.7900345080510163e-02 1.0001860160805454e+00 6.2233546798057454e-02 5.3643861718311447e-01 4.8177635039654405e+01 24
1 0 1 1 2.4110040681911936e-02 1.7900098752989313e-02 1.0001859653587517e+00 6.2233515681284053e-02 5.3647958140286234e-01 4.8179971725412443e+01 24
1 0 1 1 2.4109590793762761e-02 1.7899851306418794e-02 1.0001859143931191e+00 6.2233484564526209e-02 5.3652074250451387e-01 4.8182319718920709e+01 24
1 0 1 1 2.4104972385737607e-02 1.7897311541840370e-02 1.0001853905114062e+00 6.2233173397103388e-02 5.3694384226742731e-01 4.8206459504389542e+01 24
1 0 1 1 2.4095446433671387e-02 1.7892075576208574e-02 1.0001843060334283e+00 6.2232579439116531e-02 5.3781973612303113e-01 4.8256459276553223e+01 17
1 0 1 1 2.4089986283706670e-02 1.7889075961726151e-02 1.0001836820667040e+00 6.2232268276219332e-02 5.3832375271604327e-01 4.8285246610639618e+01 23
