beta   |   likelihood  |
0.0 6.287319329339767e-12
6.0 6.287319329339767e-12
11.0 6.287319329339767e-12
16.0 6.098680504970975e-12
21.0 6.1178422037119025e-12
26.0 6.1378097702301324e-12
31.0 6.153579809241462e-12
36.0 5.955033163118108e-12
41.0 5.961711974822304e-12
46.0 5.9801411052539926e-12
51.0 5.982976727210988e-12
56.0 5.99005803229339e-12
61.0 5.99505803229339e-12
66.0 6.004995997746916e-12
71.0 6.007870436107005e-12
76.0 6.008228953731967e-12
81.0 6.0352048732580525e-12
86.0 6.035516646285266e-12
91.0 6.035681536457193e-12
96.0 6.0358859126040395e-12
101.0 6.036076448189317e-12
106.0 6.066932852797113e-12
