beta   |   likelihood  |
0.0 2.0115559787305614e-14
6.0 2.0115559787305614e-14
11.0 2.0115559787305614e-14
16.0 1.6553908006702578e-14
21.0 1.659058464269538e-14
26.0 1.629773908681492e-14
31.0 1.6301277195786714e-14
36.0 1.6330396006278417e-14
41.0 1.6371751915131044e-14
46.0 1.6413931289059142e-14
51.0 1.645439358115904e-14
56.0 1.6490683489401812e-14
61.0 1.6524851551982752e-14
66.0 1.655678543671383e-14
71.0 1.658690380642859e-14
76.0 1.6615868652581633e-14
81.0 1.6644456796601655e-14
86.0 1.6387337404964873e-14
91.0 1.6413376084705957e-14
96.0 1.6433406067455718e-14
101.0 1.6462321656497327e-14
106.0 1.6482584815418578e-14
