beta   |   likelihood  |
0.0 6.386498204702017e-33
6.0 6.386498204702017e-33
11.0 6.386498204702017e-33
16.0 6.557585703992299e-33
21.0 6.457801509565016e-33
26.0 6.527293283487341e-33
31.0 6.245570420053922e-33
36.0 6.363014660826185e-33
41.0 6.322622526679444e-33
46.0 6.448674657327226e-33
51.0 6.415460452365032e-33
56.0 6.385112904304567e-33
61.0 6.355293507855033e-33
66.0 6.491207861558263e-33
71.0 6.466892505816367e-33
76.0 6.442730878370329e-33
81.0 6.419937248236095e-33
86.0 6.39890164151991e-33
91.0 6.380329767974229e-33
96.0 6.525751907636225e-33
101.0 6.506545931735158e-33
106.0 6.489439735083713e-33
