isScalarized | massIncreased | isMonotoneInside | isMonotoneOutside | mass_Baryon | mass_ADM | AST(radius) | radius  |  phi_c | rho_c | ctr |
1 0 1 1 3.1560051900340794e-02 2.4131103027628619e-02 1.0000000000000049e+00 8.6550599999999811e-02 1.2065112275171817e-03 1.6958223497569769e+01 37
1 1 1 1 3.1560354150937615e-02 2.4131235900028674e-02 1.0000000000000049e+00 8.6550224999999814e-02 1.2098548321695917e-03 1.6958515462677969e+01 38
1 1 1 1 3.1560656379241998e-02 2.4131368757650099e-02 1.0000000000000049e+00 8.6549849999999817e-02 1.2131903160087821e-03 1.6958807435347499e+01 38
1 1 1 1 3.1560958585255677e-02 2.4131501600492992e-02 1.0000000000000049e+00 8.6549474999999820e-02 1.2165177466404305e-03 1.6959099415559848e+01 38
1 1 1 1 3.1561260768979554e-02 2.4131634428558743e-02 1.0000000000000049e+00 8.6549099999999823e-02 1.2198371907594081e-03 1.6959391403295530e+01 38
1 1 1 1 3.1612583665708946e-02 2.4154121253649949e-02 1.0000000000000113e+00 8.6485005493159406e-02 1.7061435548747219e-03 1.7009393787844161e+01 37
1 1 1 1 3.1663127269449753e-02 2.4176123530807760e-02 1.0000000000000202e+00 8.6421085138509435e-02 2.1014779276904644e-03 1.7059405098368330e+01 35
1 1 1 1 3.1712954275703413e-02 2.4197672089414791e-02 1.0000000000000318e+00 8.6357274776708071e-02 2.4520702503554193e-03 1.7109423319309766e+01 31
1 1 1 1 3.1762101548920757e-02 2.4218785976032664e-02 1.0000000000000469e+00 8.6293539637926464e-02 2.7763261392374067e-03 1.7159439433733215e+01 37
1 1 1 1 3.1810581144076609e-02 2.4239480956173384e-02 1.0000000000000659e+00 8.6229851269292002e-02 3.0837782045567974e-03 1.7209449455399561e+01 37
1 1 1 1 3.1858348362065261e-02 2.4259771813020786e-02 1.0000000000000902e+00 8.6166181156979604e-02 3.3801284005297700e-03 1.7259456049459349e+01 37
1 1 1 1 3.1905515378718684e-02 2.4279670087848326e-02 1.0000000000001201e+00 8.6102508228387609e-02 3.6690827146503954e-03 1.7309460588847706e+01 38
1 1 1 1 3.1952099223376523e-02 2.4299185121791321e-02 1.0000000000001568e+00 8.6038816330556489e-02 3.9532073507246050e-03 1.7359463832760309e+01 38
1 1 1 1 3.1998113593808115e-02 2.4318324676983204e-02 1.0000000000002018e+00 8.5975092763678651e-02 4.2343645051159846e-03 1.7409466225365794e+01 38
1 1 1 1 3.2043569711000766e-02 2.4337095335866955e-02 1.0000000000002562e+00 8.5911327361156253e-02 4.5139549078487169e-03 1.7459468038766936e+01 38
1 1 1 1 3.2088482781998828e-02 2.4355468178910138e-02 1.0000000000003220e+00 8.5847511879539762e-02 4.7930970252247629e-03 1.7509475672097238e+01 38
1 1 1 1 3.2132842912030446e-02 2.4373447685783513e-02 1.0000000000004003e+00 8.5783663412881961e-02 5.0725378009348144e-03 1.7559469455454128e+01 38
1 1 1 1 3.2176671715093606e-02 2.4391074158532356e-02 1.0000000000004938e+00 8.5719748327581946e-02 5.3530626534178533e-03 1.7609466466604321e+01 38
1 1 1 1 3.2219979426242537e-02 2.4408353312995967e-02 1.0000000000006046e+00 8.5655755077352291e-02 5.6352669478066377e-03 1.7659472197671167e+01 38
1 1 1 1 3.2262758835191765e-02 2.4425283859544039e-02 1.0000000000007352e+00 8.5591697646694387e-02 5.9195392196969418e-03 1.7709472812036051e+01 38
1 1 1 1 3.2305018497867356e-02 2.4441870767510959e-02 1.0000000000008886e+00 8.5527566564631285e-02 6.2062968943641973e-03 1.7759473329228129e+01 38
1 1 1 1 3.2346707481619913e-02 2.4458116998002526e-02 1.0000000000010683e+00 8.5463359320054055e-02 6.4958672188857054e-03 1.7809473769012161e+01 38
1 1 1 1 3.2387839073451101e-02 2.4474025289580491e-02 1.0000000000012776e+00 8.5399073893385191e-02 6.7885268234388124e-03 1.7859474146130090e+01 38
1 1 1 1 3.2428459774923375e-02 2.4489598193903121e-02 1.0000000000015212e+00 8.5334708689011052e-02 7.0845105702685204e-03 1.7909474471734018e+01 38
1 1 1 1 3.2468572086998465e-02 2.4504838105516413e-02 1.0000000000018032e+00 8.5270262479147318e-02 7.3840185005375125e-03 1.7959474754408156e+01 38
1 1 1 1 3.2508178236638437e-02 2.4519747286920131e-02 1.0000000000021292e+00 8.5205734356650076e-02 7.6872213756506227e-03 1.8009475000868669e+01 38
1 1 1 1 3.2547280221037408e-02 2.4534327889798199e-02 1.0000000000025049e+00 8.5141123694878695e-02 7.9942651606412819e-03 1.8059475216471096e+01 38
1 1 1 1 3.2585881144758681e-02 2.4548572561700729e-02 1.0000000000029365e+00 8.5076430113283308e-02 8.3052846160051909e-03 1.8109476989994405e+01 38
1 1 1 1 3.2623984170598135e-02 2.4562444013910670e-02 1.0000000000034319e+00 8.5011659598895117e-02 8.6203972415940713e-03 1.8159481956879688e+01 38
1 1 1 1 3.2661573648594948e-02 2.4575987357936549e-02 1.0000000000039981e+00 8.4946830838983078e-02 8.9395519059906371e-03 1.8209467844985863e+01 38
1 1 1 1 3.2698681909503514e-02 2.4589215602606043e-02 1.0000000000046447e+00 8.4881890601195664e-02 9.2630897740831313e-03 1.8259475842994970e+01 38
1 1 1 1 3.2735287798510204e-02 2.4602122511586364e-02 1.0000000000053810e+00 8.4816878143013141e-02 9.5908848023379279e-03 1.8309475956664901e+01 38
1 1 1 1 3.2771398440644341e-02 2.4614711991787764e-02 1.0000000000062179e+00 8.4751783722819940e-02 9.9230437162981348e-03 1.8359476057024295e+01 38
1 1 1 1 3.2807015027435556e-02 2.4626985814706483e-02 1.0000000000071672e+00 8.4686607927319746e-02 1.0259613922784553e-02 1.8409476145732935e+01 38
1 1 1 1 3.2842111481249742e-02 2.4638945729044331e-02 1.0000000000082421e+00 8.4621351446004578e-02 1.0600635211766471e-02 1.8459476224223071e+01 38
1 1 1 1 3.2876655230638409e-02 2.4650593465667312e-02 1.0000000000094569e+00 8.4556015059495893e-02 1.0946140724316527e-02 1.8509476293765871e+01 38
1 1 1 1 3.2910707762607815e-02 2.4661930741784154e-02 1.0000000000108276e+00 8.4490599629395591e-02 1.1296157785347224e-02 1.8559476355470327e+01 38
1 1 1 1 3.2944270184057600e-02 2.4672959264474922e-02 1.0000000000123714e+00 8.4425106089350777e-02 1.1650708621777374e-02 1.8609476410310137e+01 38
1 1 1 1 3.2977343595043826e-02 2.4683680733649949e-02 1.0000000000141074e+00 8.4359535437231459e-02 1.2009810982616012e-02 1.8659476459138290e+01 38
1 1 1 1 3.3009929094591897e-02 2.4694096844531131e-02 1.0000000000160567e+00 8.4293888728269872e-02 1.2373478675226243e-02 1.8709476502706213e+01 38
1 1 1 1 3.3042027785610113e-02 2.4704209289714747e-02 1.0000000000182419e+00 8.4228167069062665e-02 1.2741722029568981e-02 1.8759476541660561e+01 38
1 1 1 1 3.3073640779069796e-02 2.4714019760893637e-02 1.0000000000206879e+00 8.4162371612267695e-02 1.3114548301081384e-02 1.8809476576577232e+01 38
1 1 1 1 3.3104774206101778e-02 2.4723482344645061e-02 1.0000000000234242e+00 8.4096503551998991e-02 1.3492018754608572e-02 1.8859484078731388e+01 38
1 1 1 1 3.3135410717813812e-02 2.4732639434527040e-02 1.0000000000264775e+00 8.4030593645947782e-02 1.3873911471484974e-02 1.8909469633089291e+01 38
1 1 1 1 3.3165577819074948e-02 2.4741503324430546e-02 1.0000000000298830e+00 8.3964585906720512e-02 1.4260554874808425e-02 1.8959476248783034e+01 38
1 1 1 1 3.3195260031519791e-02 2.4750070766122682e-02 1.0000000000336744e+00 8.3898517558725239e-02 1.4651738391954048e-02 1.9009476681304214e+01 38
1 1 1 1 3.3224462069941126e-02 2.4758344524486775e-02 1.0000000000378904e+00 8.3832382310450315e-02 1.5047502578622061e-02 1.9059476702276115e+01 38
1 1 1 1 3.3253185395070169e-02 2.4766326392747961e-02 1.0000000000425733e+00 8.3766180967337456e-02 1.5447845385962217e-02 1.9109476721345739e+01 38
1 1 1 1 3.3281431246013155e-02 2.4774018097510536e-02 1.0000000000477680e+00 8.3699914898600680e-02 1.5852760193949007e-02 1.9159476738735840e+01 38
1 1 1 1 3.3309200886174450e-02 2.4781421370377484e-02 1.0000000000535241e+00 8.3633585494599538e-02 1.6262239132949424e-02 1.9209476754618979e+01 38
1 1 1 1 3.3336422687377583e-02 2.4788537948147893e-02 1.0000000000598950e+00 8.3567194165019509e-02 1.6676273205563686e-02 1.9259476769161388e+01 38
1 1 1 1 3.3363167132757637e-02 2.4795369572931041e-02 1.0000000000669385e+00 8.3500742337319578e-02 1.7094852393933012e-02 1.9309476782494318e+01 38
1 1 1 1 3.3389439072570949e-02 2.4801917992204450e-02 1.0000000000747171e+00 8.3434231455266461e-02 1.7517965755361398e-02 1.9359476794737038e+01 38
1 1 1 1 3.3415239894358469e-02 2.4808184958831466e-02 1.0000000000832985e+00 8.3367662977639423e-02 1.7945601507199847e-02 1.9409476805995013e+01 38
1 1 1 1 3.3440571012135538e-02 2.4814172231025704e-02 1.0000000000927560e+00 8.3301038377052217e-02 1.8377747102567503e-02 1.9459476816361239e+01 38
1 1 1 1 3.3465433866500770e-02 2.4819881572277023e-02 1.0000000001031684e+00 8.3234359138882164e-02 1.8814389297918652e-02 1.9509476825903096e+01 38
1 1 1 1 3.3489829924705471e-02 2.4825314751261551e-02 1.0000000001146205e+00 8.3167626760235480e-02 1.9255514214064681e-02 1.9559476834705087e+01 38
1 1 1 1 3.3513760680603952e-02 2.4830473541712909e-02 1.0000000001272047e+00 8.3100842749103343e-02 1.9701107390209169e-02 1.9609476842818097e+01 38
1 1 1 1 3.3537228451634177e-02 2.4835349238023947e-02 1.0000000001410214e+00 8.3034008623471822e-02 2.0151167757037479e-02 1.9659478389619292e+01 38
1 1 1 1 3.3560234275245404e-02 2.4839921216679179e-02 1.0000000001561822e+00 8.2967132083917317e-02 2.0605667560096574e-02 1.9709480086657880e+01 38
1 1 1 1 3.3582775083398797e-02 2.4844223317379580e-02 1.0000000001727927e+00 8.2900221449965145e-02 2.1064500379827975e-02 1.9759472117598964e+01 38
1 1 1 1 3.3604862525761635e-02 2.4848259245217975e-02 1.0000000001909837e+00 8.2833248298291973e-02 2.1527855729756164e-02 1.9809476867261878e+01 38
1 1 1 1 3.3626490403497009e-02 2.4852029334168083e-02 1.0000000002108815e+00 8.2766237555422256e-02 2.1995556127293512e-02 1.9859476872639686e+01 38
1 1 1 1 3.3647662483690631e-02 2.4855535790878847e-02 1.0000000002326297e+00 8.2699184425049921e-02 2.2467628252363040e-02 1.9909476877571127e+01 38
1 1 1 1 3.3668380441453254e-02 2.4858780430049472e-02 1.0000000002563807e+00 8.2632090468348296e-02 2.2944054714906105e-02 1.9959476882083489e+01 38
1 1 1 1 3.3688645976711513e-02 2.4861765069724172e-02 1.0000000002822973e+00 8.2564957252024590e-02 2.3424817828322408e-02 2.0009476886200822e+01 38
1 1 1 1 3.3708460813858504e-02 2.4864491531061655e-02 1.0000000003105545e+00 8.2497786347820179e-02 2.3909899632328317e-02 2.0059476889944900e+01 38
1 1 1 1 3.3727826701374856e-02 2.4866961638089650e-02 1.0000000003413392e+00 8.2430579332037401e-02 2.4399281913847846e-02 2.0109476893329273e+01 38
1 1 1 1 3.3746706579401521e-02 2.4869177217469309e-02 1.0000000003748517e+00 8.2363337785065327e-02 2.4892946226441521e-02 2.0159476896378408e+01 38
1 1 1 1 3.3765116315436418e-02 2.4871140098251601e-02 1.0000000004113057e+00 8.2296063290978272e-02 2.5390873907799153e-02 2.0209476899106050e+01 38
1 1 1 1 3.3783082488418610e-02 2.4872852111636010e-02 1.0000000004509295e+00 8.2228757437108613e-02 2.5893046096147693e-02 2.0259476901524806e+01 38
1 1 1 1 3.3800606955648467e-02 2.4874315090721168e-02 1.0000000004939673e+00 8.2161421813647745e-02 2.6399443745347525e-02 2.0309476903649632e+01 38
1 1 1 1 3.3817691596287065e-02 2.4875530870265457e-02 1.0000000005406795e+00 8.2094058013274407e-02 2.6910047638742603e-02 2.0359476905490556e+01 37
1 1 1 1 3.3834338310926665e-02 2.4876501286440835e-02 1.0000000005913436e+00 8.2026667630779676e-02 2.7424838402186017e-02 2.0409476907065699e+01 37
1 1 1 1 3.3850549021140229e-02 2.4877228176593304e-02 1.0000000006462553e+00 8.1959252262744808e-02 2.7943796515677983e-02 2.0459476908370263e+01 37
1 1 1 1 3.3866325669064362e-02 2.4877713379002835e-02 1.0000000007057297e+00 8.1891813507139311e-02 2.8466902325069824e-02 2.0509476909434785e+01 37
1 1 1 1 3.3881670216919915e-02 2.4877958732638934e-02 1.0000000007701026e+00 8.1824352963086378e-02 2.8994136051601720e-02 2.0559476910249053e+01 37
1 1 1 1 3.3896584646595472e-02 2.4877966076931730e-02 1.0000000008397305e+00 8.1756872230456717e-02 2.9525477802268892e-02 2.0609476910833965e+01 37
1 0 1 1 3.3911070959177426e-02 2.4877737251533520e-02 1.0000000009149932e+00 8.1689372909629299e-02 3.0060907578246667e-02 2.0659476911189753e+01 37
1 0 1 1 3.3925132529555070e-02 2.4877244247444415e-02 1.0000000009963392e+00 8.1621856601154535e-02 3.0600449903433101e-02 2.0709481031143081e+01 37
1 0 1 1 3.3938766859266237e-02 2.4876514185687319e-02 1.0000000010841448e+00 8.1554341594164359e-02 3.1143913010444772e-02 2.0759473454006031e+01 37
1 0 1 1 3.3951982003361740e-02 2.4875553427277614e-02 1.0000000011788988e+00 8.1486798790781717e-02 3.1691516317535605e-02 2.0809476243013236e+01 37
1 0 1 1 3.3964776630096248e-02 2.4874364001055371e-02 1.0000000012810621e+00 8.1419246655638766e-02 3.2243103702704543e-02 2.0859476908968936e+01 37
1 0 1 1 3.3977153237634415e-02 2.4872947736364892e-02 1.0000000013911505e+00 8.1351684819077841e-02 3.2798670485394983e-02 2.0909476908308644e+01 37
1 0 1 1 3.3989114106091511e-02 2.4871306462411324e-02 1.0000000015097088e+00 8.1284113976623829e-02 3.3358203516636264e-02 2.0959476907465177e+01 37
1 0 1 1 3.4000661358314518e-02 2.4869442021256478e-02 1.0000000016373125e+00 8.1216535722703487e-02 3.3921682265280390e-02 2.1009476906435776e+01 37
1 0 1 1 3.4011797132770132e-02 2.4867356253276809e-02 1.0000000017745716e+00 8.1148951650097112e-02 3.4489086148686406e-02 2.1059476905228848e+01 37
1 0 1 1 3.4022523583096986e-02 2.4865050996959862e-02 1.0000000019221313e+00 8.1081363349724711e-02 3.5060394537616030e-02 2.1109476903849075e+01 37
1 0 1 1 3.4032842877668432e-02 2.4862528088705295e-02 1.0000000020806745e+00 8.1013772410413826e-02 3.5635586761021215e-02 2.1159476902298540e+01 37
1 0 1 1 3.4042757199153104e-02 2.4859789362621811e-02 1.0000000022509226e+00 8.0946180418667801e-02 3.6214642110653533e-02 2.1209476900585312e+01 37
1 0 1 1 3.4052268744079656e-02 2.4856836650336903e-02 1.0000000024336388e+00 8.0878588958464948e-02 3.6797539845192545e-02 2.1259476898711274e+01 37
1 0 1 1 3.4061350910200849e-02 2.4853671780808509e-02 1.0000000026296285e+00 8.0810999611035550e-02 3.7384259194357998e-02 2.1309476896678571e+01 36
1 0 1 1 3.4070014539859410e-02 2.4850296580130080e-02 1.0000000028397424e+00 8.0743413954650900e-02 3.7974779362833555e-02 2.1359476894497782e+01 36
1 0 1 1 3.4078282257842991e-02 2.4846712871359825e-02 1.0000000030648784e+00 8.0675833564448851e-02 3.8569079533601572e-02 2.1409476892162687e+01 36
1 0 1 1 3.4086156322660051e-02 2.4842922474332445e-02 1.0000000033059830e+00 8.0608260012194732e-02 3.9167138871843733e-02 2.1459476889688869e+01 36
1 0 1 1 3.4093639004339975e-02 2.4838927205484921e-02 1.0000000035640546e+00 8.0540694866144902e-02 3.9768936527649207e-02 2.1509476887065990e+01 36
1 0 1 1 3.4100732584037341e-02 2.4834728877691812e-02 1.0000000038401453e+00 8.0473139690796974e-02 4.0374451639768896e-02 2.1559476884311191e+01 36
1 0 1 1 3.4107439353607535e-02 2.4830329300092192e-02 1.0000000041353632e+00 8.0405596046772443e-02 4.0983663337963890e-02 2.1609476881417940e+01 36
1 0 1 1 3.4113761615207891e-02 2.4825730277922380e-02 1.0000000044508748e+00 8.0338065490589750e-02 4.1596550746296458e-02 2.1659476878394809e+01 36
1 0 1 1 3.4119701680897403e-02 2.4820933612366425e-02 1.0000000047879081e+00 8.0270549574521954e-02 4.2213092985525620e-02 2.1709476875240721e+01 36
1 0 1 1 3.4125261872235371e-02 2.4815941100387293e-02 1.0000000051477544e+00 8.0203049846406388e-02 4.2833269175897255e-02 2.1759476871963251e+01 36
1 0 1 1 3.4130444519894824e-02 2.4810754534584992e-02 1.0000000055317722e+00 8.0135567849501460e-02 4.3457058439402091e-02 2.1809476868562630e+01 36
1 0 1 1 3.4135251963267138e-02 2.4805375703037650e-02 1.0000000059413887e+00 8.0068105122311994e-02 4.4084439902245365e-02 2.1859476865041945e+01 36
1 0 1 1 3.4139686550082454e-02 2.4799806389162408e-02 1.0000000063781032e+00 8.0000663198437016e-02 4.4715392697038343e-02 2.1909476861402961e+01 36
1 0 1 1 3.4143750636030326e-02 2.4794048371570235e-02 1.0000000068434907e+00 7.9933243606412602e-02 4.5349895965029155e-02 2.1959476857652952e+01 36
1 0 1 1 3.4147446689153024e-02 2.4788096809360199e-02 1.0000000073392781e+00 7.9865847869581341e-02 4.5987939965989995e-02 2.2009477721864720e+01 36
1 0 1 1 3.4150777072279911e-02 2.4781941887994444e-02 1.0000000078673299e+00 7.9798481015945166e-02 4.6629490661330444e-02 2.2059478413620429e+01 36
1 0 1 1 3.4153743788739470e-02 2.4775604352776221e-02 1.0000000084292444e+00 7.9731147369451250e-02 4.7274468443075091e-02 2.2109474391172526e+01 36
1 0 1 1 3.4156349867032344e-02 2.4769084538217873e-02 1.0000000090270593e+00 7.9663833372029119e-02 4.7922996999676497e-02 2.2159476840820684e+01 36
1 0 1 1 3.4158597188409349e-02 2.4762385342866094e-02 1.0000000096626744e+00 7.9596552543670374e-02 4.8574940192249595e-02 2.2209476836556771e+01 36
1 0 1 1 3.4160488285328264e-02 2.4755508202039797e-02 1.0000000103382154e+00 7.9529303074676538e-02 4.9230308994456178e-02 2.2259476832184237e+01 36
1 0 1 1 3.4162025558948414e-02 2.4748454860747077e-02 1.0000000110558784e+00 7.9462086453379488e-02 4.9889082660755049e-02 2.2309476827722090e+01 36
1 0 1 1 3.4163211415514531e-02 2.4741227058066705e-02 1.0000000118179619e+00 7.9394904162022301e-02 5.0551240468108438e-02 2.2359476823162179e+01 35
1 0 1 1 3.4164048266021624e-02 2.4733826527032720e-02 1.0000000126268715e+00 7.9327757676583954e-02 5.1216761718019345e-02 2.2409476818511106e+01 35
1 0 1 1 3.4164538525872035e-02 2.4726254994521333e-02 1.0000000134851228e+00 7.9260648466688954e-02 5.1885625737676709e-02 2.2459476813768564e+01 35
1 0 1 1 3.4164684614557225e-02 2.4718514181157225e-02 1.0000000143953458e+00 7.9193577995478881e-02 5.2557811881524308e-02 2.2509476808941329e+01 35
1 0 1 1 3.4164488955321010e-02 2.4710605801202819e-02 1.0000000153602893e+00 7.9126547719521489e-02 5.3233299532335659e-02 2.2559476804024399e+01 35
1 0 1 1 3.4163953974845639e-02 2.4702531562461827e-02 1.0000000163828251e+00 7.9059559088672182e-02 5.3912068102855766e-02 2.2609476799027650e+01 35
1 0 1 1 3.4163082102932452e-02 2.4694293166186786e-02 1.0000000174659520e+00 7.8992613546004675e-02 5.4594097036647742e-02 2.2659476793946858e+01 35
1 0 1 1 3.4161875772189813e-02 2.4685892306979079e-02 1.0000000186128009e+00 7.8925712527678549e-02 5.5279365809625607e-02 2.2709476788788859e+01 35
1 0 1 1 3.4160337417726970e-02 2.4677330672709746e-02 1.0000000198266383e+00 7.8858857462865140e-02 5.5967853930909348e-02 2.2759476783549317e+01 35
1 0 1 1 3.4158469476852332e-02 2.4668609944423277e-02 1.0000000211108726e+00 7.8792049773622863e-02 5.6659540944301888e-02 2.2809476778239578e+01 35
1 0 1 1 3.4156274388766270e-02 2.4659731796254275e-02 1.0000000224690568e+00 7.8725290874844756e-02 5.7354406428853179e-02 2.2859476772849330e+01 35
1 0 1 1 3.4153730544429502e-02 2.4650697895350952e-02 1.0000000239048954e+00 7.8658582174113978e-02 5.8052430000571399e-02 2.2909476767395024e+01 35
1 0 1 1 3.4150856423511157e-02 2.4641509901793188e-02 1.0000000254222481e+00 7.8591925071681723e-02 5.8753591312644432e-02 2.2959476761863446e+01 35
1 0 1 1 3.4147662796808649e-02 2.4632169468511440e-02 1.0000000270251355e+00 7.8525320960313116e-02 5.9457870057197104e-02 2.3009476756267912e+01 35
1 0 1 1 3.4144152112789462e-02 2.4622678241226312e-02 1.0000000287177437e+00 7.8458771225261514e-02 6.0165245965631976e-02 2.3059476750605150e+01 35
1 0 1 1 3.4140326820218427e-02 2.4613037858359332e-02 1.0000000305044305e+00 7.8392277244158870e-02 6.0875698809829272e-02 2.3109476744876101e+01 35
1 0 1 1 3.4136189367900617e-02 2.4603249950981211e-02 1.0000000323897298e+00 7.8325840386941348e-02 6.1589208403018562e-02 2.3159476739084703e+01 35
1 0 1 1 3.4131742204405888e-02 2.4593316142734935e-02 1.0000000343783575e+00 7.8259462015782599e-02 6.2305754600571243e-02 2.3209476733233664e+01 35
1 0 1 1 3.4126987777810071e-02 2.4583238049777717e-02 1.0000000364752180e+00 7.8193143485023681e-02 6.3025317300769171e-02 2.3259476727320187e+01 35
1 0 1 1 3.4121928535432618e-02 2.4573017280713660e-02 1.0000000386854082e+00 7.8126886141086510e-02 6.3747876445803014e-02 2.3309476721349586e+01 35
1 0 1 1 3.4116566923586972e-02 2.4562655436541708e-02 1.0000000410142247e+00 7.8060691322423909e-02 6.4473412022350921e-02 2.3359476715321218e+01 35
1 0 1 1 3.4110905387330463e-02 2.4552154110596011e-02 1.0000000434671690e+00 7.7994560359442244e-02 6.5201904062529167e-02 2.3409476709242089e+01 35
1 0 1 1 3.4104946370214592e-02 2.4541514888490136e-02 1.0000000460499539e+00 7.7928494574461715e-02 6.5933332644285664e-02 2.3459476703103565e+01 35
1 0 1 1 3.4098692314042930e-02 2.4530739348062956e-02 1.0000000487685092e+00 7.7862495281614125e-02 6.6667677892602834e-02 2.3509476696915012e+01 35
1 0 1 1 3.4092145658640723e-02 2.4519829059335939e-02 1.0000000516289886e+00 7.7796563786821371e-02 6.7404919979839148e-02 2.3559476690679915e+01 35
1 0 1 1 3.4085308841615980e-02 2.4508785584462216e-02 1.0000000546377752e+00 7.7730701387739853e-02 6.8145039126302168e-02 2.3609476684389445e+01 35
1 0 1 1 3.4078184298123662e-02 2.4497610477670205e-02 1.0000000578014885e+00 7.7664909373668822e-02 6.8888015601368618e-02 2.3659476678054464e+01 34
1 0 1 1 3.4070774460655123e-02 2.4486305285239145e-02 1.0000000611269899e+00 7.7599189025541249e-02 6.9633829723659710e-02 2.3709476671674334e+01 34
1 0 1 1 3.4063081758801593e-02 2.4474871545440736e-02 1.0000000646213913e+00 7.7533541615857959e-02 7.0382461861765333e-02 2.3759476665244893e+01 34
1 0 1 1 3.4055108619043505e-02 2.4463310788505929e-02 1.0000000682920593e+00 7.7467968408622523e-02 7.1133892435110327e-02 2.3809476658776298e+01 34
1 0 1 1 3.4046857464538123e-02 2.4451624536589740e-02 1.0000000721466238e+00 7.7402470659332007e-02 7.1888101914097530e-02 2.3859476652264135e+01 34
1 0 1 1 3.4038330714904350e-02 2.4439814303729625e-02 1.0000000761929837e+00 7.7337049614905007e-02 7.2645070820973656e-02 2.3909476645709699e+01 34
1 0 1 1 3.4029530786018169e-02 2.4427881595814022e-02 1.0000000804393148e+00 7.7271706513646010e-02 7.3404779730301420e-02 2.3959476639115021e+01 34
1 0 1 1 3.4020460089810002e-02 2.4415827910547794e-02 1.0000000848940755e+00 7.7206442585207119e-02 7.4167209269529646e-02 2.4009476632485661e+01 34
1 0 1 1 3.4011120868524487e-02 2.4403645775891394e-02 1.0000000895672709e+00 7.7141259050565458e-02 7.4932357787010226e-02 2.4059477778083707e+01 34
1 0 1 1 3.4001516263145064e-02 2.4391341869183462e-02 1.0000000944671672e+00 7.7076161627477879e-02 7.5700144409970055e-02 2.4109476059082251e+01 34
1 0 1 1 3.3991647786401326e-02 2.4378921225958586e-02 1.0000000996029774e+00 7.7011144830771261e-02 7.6470619159160536e-02 2.4159475990327152e+01 34
1 0 1 1 3.3981518004815366e-02 2.4366385543354803e-02 1.0000001049842933e+00 7.6946211117318170e-02 7.7243748173948523e-02 2.4209476605490984e+01 34
1 0 1 1 3.3971129571813342e-02 2.4353736605407312e-02 1.0000001106209682e+00 7.6881363368880434e-02 7.8019492166073429e-02 2.4259476598696018e+01 34
1 0 1 1 3.3960484747256332e-02 2.4340975705333636e-02 1.0000001165233889e+00 7.6816601954131314e-02 7.8797841690256346e-02 2.4309476591864932e+01 34
1 0 1 1 3.3949585910127957e-02 2.4328104283144986e-02 1.0000001227022113e+00 7.6751928041057266e-02 7.9578777757516234e-02 2.4359476585007656e+01 34
1 0 1 1 3.3938435433976059e-02 2.4315123770410407e-02 1.0000001291684326e+00 7.6687342788772317e-02 8.0362281435187297e-02 2.4409476578118007e+01 34
1 0 1 1 3.3927035686742123e-02 2.4302035590239111e-02 1.0000001359334010e+00 7.6622847347459888e-02 8.1148333847776005e-02 2.4459476571202188e+01 34
1 0 1 1 3.3915389030599978e-02 2.4288841157274164e-02 1.0000001430088208e+00 7.6558442858375930e-02 8.1936916176996916e-02 2.4509476564255447e+01 34
1 0 1 1 3.3903497821783590e-02 2.4275541877666010e-02 1.0000001504067619e+00 7.6494130453801795e-02 8.2728009662553600e-02 2.4559476557287557e+01 34
1 0 1 1 3.3891364410437316e-02 2.4262139149073970e-02 1.0000001581396667e+00 7.6429911257061389e-02 8.3521595602022394e-02 2.4609476550291337e+01 34
1 0 1 1 3.3878991140452001e-02 2.4248634360648596e-02 1.0000001662203579e+00 7.6365786382467105e-02 8.4317655351639265e-02 2.4659476543269282e+01 34
1 0 1 1 3.3866380349309555e-02 2.4235028893018210e-02 1.0000001746620464e+00 7.6301756935315851e-02 8.5116170326561713e-02 2.4709476536227971e+01 34
1 0 1 1 3.3853534367941009e-02 2.4221324118292916e-02 1.0000001834783385e+00 7.6237824011891969e-02 8.5917122000926993e-02 2.4759476529159745e+01 34
1 0 1 1 3.3840455520570599e-02 2.4207521400046127e-02 1.0000001926832445e+00 7.6173988699418549e-02 8.6720491908677519e-02 2.4809476522073659e+01 34
1 0 1 1 3.3827146124579904e-02 2.4193622093318188e-02 1.0000002022911858e+00 7.6110252076081797e-02 8.7526261643418049e-02 2.4859476514966246e+01 34
1 0 1 1 3.3813608490358846e-02 2.4179627544605210e-02 1.0000002123170029e+00 7.6046615210997787e-02 8.8334412858986563e-02 2.4909476507837390e+01 34
1 0 1 1 3.3799844921174389e-02 2.4165539091860679e-02 1.0000002227759635e+00 7.5983079164203493e-02 8.9144927269786428e-02 2.4959476500691903e+01 34
1 0 1 1 3.3785857713033801e-02 2.4151358064494265e-02 1.0000002336837699e+00 7.5919644986662954e-02 8.9957786650885621e-02 2.5009476493527231e+01 34
1 0 1 1 3.3771649154551983e-02 2.4137085783367599e-02 1.0000002450565666e+00 7.5856313720245122e-02 9.0772972838498445e-02 2.5059476486345474e+01 34
1 0 1 1 3.3757221526823381e-02 2.4122723560797147e-02 1.0000002569109490e+00 7.5793086397725862e-02 9.1590467730181896e-02 2.5109476479148203e+01 33
1 0 1 1 3.3742577103299795e-02 2.4108272700557726e-02 1.0000002692639693e+00 7.5729964042784981e-02 9.2410253285119176e-02 2.5159476471937204e+01 33
1 0 1 1 3.3727718149663015e-02 2.4093734497882581e-02 1.0000002821331466e+00 7.5666947670006757e-02 9.3232311524265227e-02 2.5209476464707308e+01 33
1 0 1 1 3.3712646923705201e-02 2.4079110239466212e-02 1.0000002955364726e+00 7.5604038284856401e-02 9.4056624530940158e-02 2.5259476457466992e+01 33
1 0 1 1 3.3697365675216556e-02 2.4064401203473685e-02 1.0000003094924201e+00 7.5541236883710561e-02 9.4883174450655361e-02 2.5309476450212788e+01 33
1 0 1 1 3.3681876645868990e-02 2.4049608659546039e-02 1.0000003240199506e+00 7.5478544453836255e-02 9.5711943491629509e-02 2.5359476442945937e+01 33
1 0 1 1 3.3666182069101852e-02 2.4034733868801027e-02 1.0000003391385217e+00 7.5415961973398671e-02 9.6542913924966167e-02 2.5409476435669433e+01 33
1 0 1 1 3.3650284170019341e-02 2.4019778083851286e-02 1.0000003548680942e+00 7.5353490411471352e-02 9.7376068084705225e-02 2.5459476428377162e+01 33
1 0 1 1 3.3634185165275797e-02 2.4004742548798957e-02 1.0000003712291399e+00 7.5291130728013883e-02 9.8211388368510594e-02 2.5509476421082727e+01 33
1 0 1 1 3.3617887262989296e-02 2.3989628499266561e-02 1.0000003882426494e+00 7.5228883873927316e-02 9.9048857237103577e-02 2.5559476413772284e+01 33
1 0 1 1 3.3601392662620105e-02 2.3974437162384971e-02 1.0000004059301379e+00 7.5166750790999493e-02 9.9888457215295781e-02 2.5609476406454689e+01 33
1 0 1 1 3.3584703554888323e-02 2.3959169756819030e-02 1.0000004243136542e+00 7.5104732411952424e-02 1.0073017089170386e-01 2.5659476399132572e+01 33
1 0 1 1 3.3567822121676000e-02 2.3943827492779162e-02 1.0000004434157861e+00 7.5042829660449117e-02 1.0157398091885135e-01 2.5709476391797143e+01 33
1 0 1 1 3.3550750535928105e-02 2.3928411572026149e-02 1.0000004632596688e+00 7.4981043451069262e-02 1.0241987001393690e-01 2.5759476384463113e+01 33
1 0 1 1 3.3533490961574076e-02 2.3912923187899164e-02 1.0000004838689904e+00 7.4919374689375567e-02 1.0326782095806945e-01 2.5809476377112713e+01 33
1 0 1 1 3.3516045553426230e-02 2.3897363525314123e-02 1.0000005052679999e+00 7.4857824271849005e-02 1.0411781659766763e-01 2.5859476369768640e+01 33
1 0 1 1 3.3498416457109451e-02 2.3881733760794728e-02 1.0000005274815127e+00 7.4796393085992147e-02 1.0496983984318146e-01 2.5909476362409080e+01 33
1 0 1 1 3.3480605520901562e-02 2.3866035062477611e-02 1.0000005505349181e+00 7.4735082010246034e-02 1.0582387367072153e-01 2.5959476355054008e+01 33
1 0 1 1 3.3462605855584727e-02 2.3850268590140514e-02 1.0000005744541847e+00 7.4673891914089796e-02 1.0667990112091105e-01 2.6009476347689258e+01 33
1 0 1 1 3.3444429155681896e-02 2.3834435495206887e-02 1.0000005992658678e+00 7.4612823657987271e-02 1.0753790530002981e-01 2.6059476340324967e+01 33
1 0 1 1 3.3426077527814096e-02 2.3818536920775787e-02 1.0000006249971141e+00 7.4551878093447932e-02 1.0839786937949396e-01 2.6109476332957083e+01 33
1 0 1 1 3.3407553068969247e-02 2.3802574001637180e-02 1.0000006516756685e+00 7.4491056063018479e-02 1.0925977659638153e-01 2.6159476325590187e+01 33
1 0 1 1 3.3388857866432885e-02 2.3786547864293069e-02 1.0000006793298797e+00 7.4430358400318503e-02 1.1012361025319027e-01 2.6209476318216087e+01 33
1 0 1 1 3.3369993997714745e-02 2.3770459626970594e-02 1.0000007079887054e+00 7.4369785930024745e-02 1.1098935371853852e-01 2.6259476310847457e+01 33
1 0 1 1 3.3350963530500440e-02 2.3754310399659705e-02 1.0000007376817182e+00 7.4309339467937191e-02 1.1185699042654734e-01 2.6309476303475137e+01 33
1 0 1 1 3.3331768522571976e-02 2.3738101284117255e-02 1.0000007684391106e+00 7.4249019820955775e-02 1.1272650387760895e-01 2.6359476296106553e+01 33
1 0 1 1 3.3312411021761849e-02 2.3721833373904721e-02 1.0000008002916996e+00 7.4188827787132761e-02 1.1359787763797199e-01 2.6409476288735341e+01 33
1 0 1 1 3.3292893065881429e-02 2.3705507754398652e-02 1.0000008332709318e+00 7.4128764155664245e-02 1.1447109534024913e-01 2.6459476281365053e+01 33
1 0 1 1 3.3273216682671747e-02 2.3689125502819139e-02 1.0000008674088883e+00 7.4068829706926520e-02 1.1534614068338254e-01 2.6509476274001766e+01 33
1 0 1 1 3.3253383889758341e-02 2.3672687688263042e-02 1.0000009027382888e+00 7.4009025212514096e-02 1.1622299743243225e-01 2.6559476266636636e+01 33
1 0 1 1 3.3233396694584000e-02 2.3656195371714390e-02 1.0000009392924951e+00 7.3949351435228378e-02 1.1710164941918641e-01 2.6609476259276224e+01 33
1 0 1 1 3.3213257094365234e-02 2.3639649606075081e-02 1.0000009771055163e+00 7.3889809129128903e-02 1.1798208054178083e-01 2.6659476251916349e+01 33
1 0 1 1 3.3192967076048477e-02 2.3623051436196116e-02 1.0000010162120112e+00 7.3830399039535588e-02 1.1886427476519318e-01 2.6709476244565433e+01 33
1 0 1 1 3.3172528616262527e-02 2.3606401898898476e-02 1.0000010566472926e+00 7.3771121903083992e-02 1.1974821612076782e-01 2.6759476237214407e+01 33
1 0 1 1 3.3151943681269010e-02 2.3589702022997521e-02 1.0000010984473298e+00 7.3711978447713378e-02 1.2063388870690904e-01 2.6809476229871901e+01 32
1 0 1 1 3.3131214226931723e-02 2.3572952829341846e-02 1.0000011416487520e+00 7.3652969392727752e-02 1.2152127668850606e-01 2.6859476222528077e+01 32
1 0 1 1 3.3110342198661422e-02 2.3556155330823045e-02 1.0000011862888505e+00 7.3594095448780733e-02 1.2241036429778956e-01 2.6909476215200616e+01 32
1 0 1 1 3.3089329531397066e-02 2.3539310532423717e-02 1.0000012324055814e+00 7.3535357317967953e-02 1.2330113583317749e-01 2.6959476207866384e+01 32
1 0 1 1 3.3068178149546677e-02 2.3522419431226672e-02 1.0000012800375677e+00 7.3476755693763773e-02 1.2419357566092414e-01 2.7009476200551628e+01 32
1 0 1 1 3.3046889966981206e-02 2.3505483016466419e-02 1.0000013292241003e+00 7.3418291261153290e-02 1.2508766821341236e-01 2.7059476193233937e+01 32
1 0 1 1 3.3025466886968724e-02 2.3488502269531229e-02 1.0000013800051404e+00 7.3359964696565638e-02 1.2598339799069883e-01 2.7109476185926972e+01 32
1 0 1 1 3.3003910802173131e-02 2.3471478164019250e-02 1.0000014324213202e+00 7.3301776667965002e-02 1.2688074955964398e-01 2.7159476178629394e+01 32
1 0 1 1 3.2982223594608132e-02 2.3454411665751462e-02 1.0000014865139439e+00 7.3243727834862715e-02 1.2777970755414728e-01 2.7209476171337304e+01 32
1 0 1 1 3.2960407135614621e-02 2.3437303732808955e-02 1.0000015423249879e+00 7.3185818848336526e-02 1.2868025667538791e-01 2.7259476164055766e+01 32
1 0 1 1 3.2938463285837410e-02 2.3420155315564947e-02 1.0000015998971015e+00 7.3128050351079721e-02 1.2958238169154018e-01 2.7309476156782058e+01 32
1 0 1 1 3.2916393895195913e-02 2.3402967356711712e-02 1.0000016592736063e+00 7.3070422977418503e-02 1.3048606743799177e-01 2.7359476149517128e+01 32
1 0 1 1 3.2894200802866626e-02 2.3385740791296180e-02 1.0000017204984959e+00 7.3012937353348129e-02 1.3139129881730469e-01 2.7409476142262669e+01 32
1 0 1 1 3.2871885837259113e-02 2.3368476546750221e-02 1.0000017836164352e+00 7.2955594096568266e-02 1.3229806079912876e-01 2.7459476135016018e+01 32
1 0 1 1 3.2849450815994670e-02 2.3351175542918046e-02 1.0000018486727593e+00 7.2898393816504592e-02 1.3320633842045337e-01 2.7509476127784314e+01 32
1 0 1 1 3.2826897545902456e-02 2.3333838692104630e-02 1.0000019157134710e+00 7.2841337114366189e-02 1.3411611678518262e-01 2.7559476120560340e+01 32
1 0 1 1 3.2804227822981494e-02 2.3316466899086546e-02 1.0000019847852406e+00 7.2784424583150376e-02 1.3502738106448661e-01 2.7609476113343213e+01 32
1 0 1 1 3.2781443432400803e-02 2.3299061061160056e-02 1.0000020559354024e+00 7.2727656807677649e-02 1.3594011649698115e-01 2.7659476106147856e+01 32
1 0 1 1 3.2758546148490990e-02 2.3281622068175488e-02 1.0000021292119519e+00 7.2671034364672427e-02 1.3685430838777188e-01 2.7709476098954106e+01 32
1 0 1 1 3.2735537734712189e-02 2.3264150802558115e-02 1.0000022046635437e+00 7.2614557822722969e-02 1.3776994210968627e-01 2.7759476091774452e+01 32
1 0 1 1 3.2712419943661600e-02 2.3246648139351608e-02 1.0000022823394878e+00 7.2558227742369474e-02 1.3868700310250576e-01 2.7809476084613916e+01 32
1 0 1 1 3.2689194517067262e-02 2.3229114946258549e-02 1.0000023622897449e+00 7.2502044676143851e-02 1.3960547687271005e-01 2.7859476077456780e+01 32
1 0 1 1 3.2665863185760161e-02 2.3211552083655704e-02 1.0000024445649238e+00 7.2446009168553649e-02 1.4052534899439287e-01 2.7909476070318650e+01 32
1 0 1 1 3.2642427669691616e-02 2.3193960404648634e-02 1.0000025292162746e+00 7.2390121756177206e-02 1.4144660510819590e-01 2.7959476063189815e+01 32
1 0 1 1 3.2618889677908741e-02 2.3176340755088783e-02 1.0000026162956865e+00 7.2334382967655875e-02 1.4236923092204634e-01 2.8009476056077780e+01 32
1 0 1 1 3.2595250908570426e-02 2.3158693973626587e-02 1.0000027058556795e+00 7.2278793323761581e-02 1.4329321221059385e-01 2.8059476048978198e+01 32
1 0 1 1 3.2571513048928913e-02 2.3141020891731794e-02 1.0000027979494006e+00 7.2223353337413726e-02 1.4421853481545024e-01 2.8109476041890808e+01 32
1 0 1 1 3.2547677775336410e-02 2.3123322333734458e-02 1.0000028926306168e+00 7.2168063513718406e-02 1.4514518464517234e-01 2.8159476034820823e+01 32
1 0 1 1 3.2523746753246714e-02 2.3105599116861664e-02 1.0000029899537077e+00 7.2112924350020619e-02 1.4607314767493743e-01 2.8209476027764268e+01 32
1 0 1 1 3.2499721637214651e-02 2.3087852051272489e-02 1.0000030899736603e+00 7.2057936335925832e-02 1.4700240994672562e-01 2.8259476020720442e+01 32
1 0 1 1 3.2475604070897945e-02 2.3070081940091598e-02 1.0000031927460586e+00 7.2003099953338257e-02 1.4793295756935934e-01 2.8309476013697410e+01 32
1 0 1 1 3.2451395687070825e-02 2.3052289579453045e-02 1.0000032983270788e+00 7.1948415676523436e-02 1.4886477671791723e-01 2.8359476006683622e+01 32
1 0 1 1 3.2427098107610942e-02 2.3034475758522292e-02 1.0000034067734782e+00 7.1893883972105554e-02 1.4979785363438838e-01 2.8409475999686677e+01 32
1 0 1 1 3.2402712943520186e-02 2.3016641259542590e-02 1.0000035181425875e+00 7.1839505299136408e-02 1.5073217462714761e-01 2.8459475992708747e+01 32
1 0 1 1 3.2378241794933864e-02 2.2998786857874702e-02 1.0000036324923018e+00 7.1785280109133931e-02 1.5166772607084572e-01 2.8509475985744185e+01 32
1 0 1 1 3.2353686251120790e-02 2.2980913322024805e-02 1.0000037498810699e+00 7.1731208846103511e-02 1.5260449440666829e-01 2.8559475978797686e+01 32
1 0 1 1 3.2329047890497876e-02 2.2963021413685288e-02 1.0000038703678846e+00 7.1677291946595167e-02 1.5354246614191303e-01 2.8609475971865834e+01 32
1 0 1 1 3.2304328280639782e-02 2.2945111887770125e-02 1.0000039940122718e+00 7.1623529839728167e-02 1.5448162785022990e-01 2.8659475964954112e+01 32
1 0 1 1 3.2279528978294607e-02 2.2927185492456648e-02 1.0000041208742796e+00 7.1569922947249731e-02 1.5542196617110146e-01 2.8709475958053456e+01 31
1 0 1 1 3.2254651529386363e-02 2.2909242969211274e-02 1.0000042510144660e+00 7.1516471683542915e-02 1.5636346781046345e-01 2.8759475951178395e+01 31
1 0 1 1 3.2229697469047330e-02 2.2891285052841697e-02 1.0000043844938880e+00 7.1463176455716176e-02 1.5730611953962045e-01 2.8809475944313945e+01 31
1 0 1 1 3.2204668321614026e-02 2.2873312471522515e-02 1.0000045213740876e+00 7.1410037663588610e-02 1.5824990819615153e-01 2.8859475937468122e+01 31
1 0 1 1 3.2179565600651813e-02 2.2855325946833104e-02 1.0000046617170799e+00 7.1357055699764360e-02 1.5919482068330401e-01 2.8909475930645979e+01 31
1 0 1 1 3.2154390808981886e-02 2.2837326193807662e-02 1.0000048055853390e+00 7.1304230949681108e-02 1.6014084396961206e-01 2.8959475923833473e+01 31
1 0 1 1 3.2129145438674907e-02 2.2819313920951562e-02 1.0000049530417847e+00 7.1251563791606631e-02 1.6108796508972706e-01 2.9009475917047627e+01 31
1 0 1 1 3.2103830971098604e-02 2.2801289830300938e-02 1.0000051041497668e+00 7.1199054596739031e-02 1.6203617114311045e-01 2.9059475910272475e+01 31
1 0 1 1 3.2078448876909180e-02 2.2783254617438617e-02 1.0000052589730515e+00 7.1146703729187688e-02 1.6298544929514419e-01 2.9109475903523791e+01 31
1 0 1 1 3.2053000616098809e-02 2.2765208971551647e-02 1.0000054175758051e+00 7.1094511546072325e-02 1.6393578677584458e-01 2.9159475896786766e+01 31
1 0 1 1 3.2027487637994484e-02 2.2747153575453663e-02 1.0000055800225789e+00 7.1042478397508879e-02 1.6488717088086705e-01 2.9209475890074742e+01 31
1 0 1 1 3.2001911381298716e-02 2.2729089105633302e-02 1.0000057463782923e+00 7.0990604626700315e-02 1.6583958897042181e-01 2.9259475883378748e+01 31
1 0 1 1 3.1976273274098181e-02 2.2711016232281916e-02 1.0000059167082158e+00 7.0938890569941848e-02 1.6679302846986718e-01 2.9309475876704742e+01 31
1 0 1 1 3.1950574733900297e-02 2.2692935619342332e-02 1.0000060910779545e+00 7.0887336556686831e-02 1.6774747686906671e-01 2.9359475870045831e+01 31
1 0 1 1 3.1924817167642665e-02 2.2674847924531984e-02 1.0000062695534293e+00 7.0835942909563160e-02 1.6870292172284085e-01 2.9409475863413185e+01 31
1 0 1 1 3.1899001971741954e-02 2.2656753799400523e-02 1.0000064522008600e+00 7.0784709944451685e-02 1.6965935065009000e-01 2.9459475856795954e+01 31
1 0 1 1 3.1873130532093091e-02 2.2638653889345158e-02 1.0000066390867453e+00 7.0733637970489316e-02 1.7061675133436041e-01 2.9509475850198466e+01 31
1 0 1 1 3.1847204224115133e-02 2.2620548833664534e-02 1.0000068302778438e+00 7.0682727290130476e-02 1.7157511152343571e-01 2.9559475843624895e+01 31
1 0 1 1 3.1821224412775309e-02 2.2602439265590472e-02 1.0000070258411549e+00 7.0631978199196643e-02 1.7253441902899933e-01 2.9609475837069521e+01 31
1 0 1 1 3.1795192452615723e-02 2.2584325812328106e-02 1.0000072258438988e+00 7.0581390986900167e-02 1.7349466172689851e-01 2.9659475830536703e+01 31
1 0 1 1 3.1769109687782113e-02 2.2566209095088725e-02 1.0000074303534949e+00 7.0530965935902717e-02 1.7445582755659611e-01 2.9709475824020640e+01 31
1 0 1 1 3.1742977452052741e-02 2.2548089729130926e-02 1.0000076394375415e+00 7.0480703322337301e-02 1.7541790452154846e-01 2.9759475817531381e+01 31
1 0 1 1 3.1716797068876257e-02 2.2529968323799013e-02 1.0000078531637937e+00 7.0430603415882143e-02 1.7638088068834909e-01 2.9809475811058860e+01 31
1 0 1 1 3.1690569851395414e-02 2.2511845482560269e-02 1.0000080716001425e+00 7.0380666479768206e-02 1.7734474418733001e-01 2.9859475804610462e+01 31
1 0 1 1 3.1664297102480789e-02 2.2493721803038415e-02 1.0000082948145910e+00 7.0330892770849196e-02 1.7830948321176052e-01 2.9909475798178576e+01 31
1 0 1 1 3.1637980114762258e-02 2.2475597877055647e-02 1.0000085228752316e+00 7.0281282539616297e-02 1.7927508601839420e-01 2.9959475791775411e+01 31
1 0 1 1 3.1611620170670852e-02 2.2457474290670458e-02 1.0000087558502240e+00 7.0231836030279521e-02 1.8024154092646663e-01 3.0009475785390464e+01 31
1 0 1 1 3.1585218542461289e-02 2.2439351624212251e-02 1.0000089938077699e+00 7.0182553480773596e-02 1.8120883631826395e-01 3.0059475779026812e+01 31
1 0 1 1 3.1558776492249842e-02 2.2421230452318631e-02 1.0000092368160889e+00 7.0133435122816168e-02 1.8217696063858801e-01 3.0109475772682220e+01 31
1 0 1 1 3.1532295272048837e-02 2.2403111343973853e-02 1.0000094849433943e+00 7.0084481181939828e-02 1.8314590239501319e-01 3.0159475766370345e+01 31
1 0 1 1 3.1505776123816734e-02 2.2384994862554377e-02 1.0000097382578679e+00 7.0035691877573802e-02 1.8411565015671877e-01 3.0209475760069292e+01 31
1 0 1 1 3.1479220279462712e-02 2.2366881565845657e-02 1.0000099968276337e+00 6.9987067423019050e-02 1.8508619255579456e-01 3.0259475753797179e+01 31
1 0 1 1 3.1452628960912929e-02 2.2348772006099478e-02 1.0000102607207326e+00 6.9938608025553767e-02 1.8605751828571995e-01 3.0309475747542372e+01 31
1 0 1 1 3.1426003380129519e-02 2.2330666730060161e-02 1.0000105300050954e+00 6.9890313886430411e-02 1.8702961610226851e-01 3.0359475741318413e+01 31
1 0 1 1 3.1399344739164718e-02 2.2312566279009693e-02 1.0000108047485159e+00 6.9842185200963525e-02 1.8800247482222007e-01 3.0409475735107268e+01 31
1 0 1 1 3.1372654230174393e-02 2.2294471188790809e-02 1.0000110850186239e+00 6.9794222158514579e-02 1.8897608332459423e-01 3.0459475728931061e+01 31
1 0 1 1 3.1345933035491234e-02 2.2276381989867526e-02 1.0000113708828571e+00 6.9746424942605828e-02 1.8995043054876887e-01 3.0509475722764307e+01 31
1 0 1 1 3.1319182327618392e-02 2.2258299207328906e-02 1.0000116624084334e+00 6.9698793730879588e-02 1.9092550549615989e-01 3.0559475716629741e+01 31
1 0 1 1 3.1292398682070434e-02 2.2240223360958353e-02 1.0000119596623216e+00 6.9651328695217174e-02 1.9190129722849331e-01 3.0609475710518346e+01 31
1 0 1 1 3.1265585908551517e-02 2.2222154965254117e-02 1.0000122627112129e+00 6.9604030001742090e-02 1.9287779486833123e-01 3.0659475704425585e+01 31
1 0 1 1 3.1238747014715868e-02 2.2204094529461635e-02 1.0000125716214918e+00 6.9556897810857943e-02 1.9385498759902911e-01 3.0709475698358982e+01 31
1 0 1 1 3.1211883136205563e-02 2.2186042557622663e-02 1.0000128864592051e+00 6.9509932277311753e-02 1.9483286466417785e-01 3.0759475692318372e+01 31
1 0 1 1 3.1184995399040134e-02 2.2167999548603330e-02 1.0000132072900336e+00 6.9463133550230816e-02 1.9581141536739191e-01 3.0809475686295293e+01 30
1 0 1 1 3.1158084919651833e-02 2.2149965996130942e-02 1.0000135341792602e+00 6.9416501773143485e-02 1.9679062907269032e-01 3.0859475680300907e+01 30
1 0 1 1 3.1131152804941751e-02 2.2131942388835028e-02 1.0000138671917393e+00 6.9370037084054703e-02 1.9777049520361534e-01 3.0909475674331858e+01 30
1 0 1 1 3.1104200152311894e-02 2.2113929210278903e-02 1.0000142063918658e+00 6.9323739615472557e-02 1.9875100324322795e-01 3.0959475668379319e+01 30
1 0 1 1 3.1077228049701925e-02 2.2095926938993444e-02 1.0000145518435437e+00 6.9277609494430292e-02 1.9973214273453374e-01 3.1009475662460005e+01 30
1 0 1 1 3.1050237575653176e-02 2.2077936048524413e-02 1.0000149036101531e+00 6.9231646842575739e-02 2.0071390327914368e-01 3.1059475656558636e+01 30
1 0 1 1 3.1023229799325914e-02 2.2059957007453352e-02 1.0000152617545195e+00 6.9185851776163709e-02 2.0169627453813893e-01 3.1109475650681301e+01 30
1 0 1 1 3.0996205780555942e-02 2.2041990279439878e-02 1.0000156263388797e+00 6.9140224406122969e-02 2.0267924623146277e-01 3.1159475644835165e+01 30
1 0 1 1 3.0969166569908863e-02 2.2024036323267569e-02 1.0000159974248501e+00 6.9094764838111777e-02 2.0366280813729068e-01 3.1209475639005596e+01 30
1 0 1 1 3.0942113208695186e-02 2.2006095592855875e-02 1.0000163750733926e+00 6.9049473172519193e-02 2.0464695009273881e-01 3.1259475633203603e+01 30
1 0 1 1 3.0915046729041606e-02 2.1988168537317901e-02 1.0000167593447811e+00 6.9004349504542789e-02 2.0563166199294711e-01 3.1309475627428235e+01 30
1 0 1 1 3.0887968153924382e-02 2.1970255600985047e-02 1.0000171502985684e+00 6.8959393924220180e-02 2.0661693379094359e-01 3.1359475621670892e+01 30
1 0 1 1 3.0860878497207728e-02 2.1952357223440494e-02 1.0000175479935514e+00 6.8914606516449900e-02 2.0760275549815238e-01 3.1409475615950754e+01 30
1 0 1 1 3.0833778763712894e-02 2.1934473839566340e-02 1.0000179524877366e+00 6.8869987361085960e-02 2.0858911718270479e-01 3.1459475610240471e+01 30
1 0 1 1 3.0806669949223264e-02 2.1916605879556843e-02 1.0000183638383067e+00 6.8825536532899495e-02 2.0957600897125453e-01 3.1509475604567555e+01 30
1 0 1 1 3.0779553040575502e-02 2.1898753768979828e-02 1.0000187821015838e+00 6.8781254101704575e-02 2.1056342104671441e-01 3.1559475598910975e+01 30
1 0 1 1 3.0752429015663246e-02 2.1880917928783258e-02 1.0000192073329959e+00 6.8737140132329677e-02 2.1155134364964115e-01 3.1609475593282085e+01 30
1 0 1 1 3.0725298843512869e-02 2.1863098775352544e-02 1.0000196395870404e+00 6.8693194684699865e-02 2.1253976707727781e-01 3.1659475587685947e+01 30
1 0 1 1 3.0698163484327742e-02 2.1845296720541470e-02 1.0000200789172495e+00 6.8649417813883340e-02 2.1352868168289366e-01 3.1709475582099135e+01 30
1 0 1 1 3.0671023889500566e-02 2.1827512171683834e-02 1.0000205253761538e+00 6.8605809570072562e-02 2.1451807787722663e-01 3.1759475576553648e+01 30
1 0 1 1 3.0643881001713402e-02 2.1809745531663021e-02 1.0000209790152461e+00 6.8562369998715622e-02 2.1550794612598564e-01 3.1809475571021267e+01 30
1 0 1 1 3.0616735754932470e-02 2.1791997198912862e-02 1.0000214398849463e+00 6.8519099140468720e-02 2.1649827695176777e-01 3.1859475565521070e+01 30
1 0 1 1 3.0589589074493460e-02 2.1774267567475927e-02 1.0000219080345638e+00 6.8475997031300306e-02 2.1748906093239861e-01 3.1909475560046733e+01 30
1 0 1 1 3.0562441877131023e-02 2.1756557027026242e-02 1.0000223835122619e+00 6.8433063702504016e-02 2.1848028870122232e-01 3.1959475554591876e+01 30
1 0 1 1 3.0535295071017442e-02 2.1738865962895267e-02 1.0000228663650208e+00 6.8390299180728364e-02 2.1947195094720781e-01 3.2009475549167085e+01 30
1 0 1 1 3.0508149555832403e-02 2.1721194756123711e-02 1.0000233566386010e+00 6.8347703488044198e-02 2.2046403841415857e-01 3.2059475543769935e+01 30
1 0 1 1 3.0481006222796394e-02 2.1703543783481959e-02 1.0000238543775064e+00 6.8305276641973167e-02 2.2145654190062999e-01 3.2109475538393049e+01 30
1 0 1 1 3.0453865954714027e-02 2.1685913417503033e-02 1.0000243596249478e+00 6.8263018655512486e-02 2.2244945226015009e-01 3.2159475533045423e+01 30
1 0 1 1 3.0426729626032448e-02 2.1668304026520563e-02 1.0000248724228049e+00 6.8220929537199104e-02 2.2344276040033031e-01 3.2209475527719455e+01 30
1 0 1 1 3.0399598102879209e-02 2.1650715974697834e-02 1.0000253928115903e+00 6.8179009291125303e-02 2.2443645728337971e-01 3.2259475522427195e+01 30
1 0 1 1 3.0372472243123897e-02 2.1633149622065560e-02 1.0000259208304114e+00 6.8137257917011473e-02 2.2543053392483040e-01 3.2309475517148542e+01 30
1 0 1 1 3.0345352896400148e-02 2.1615605324541862e-02 1.0000264565169343e+00 6.8095675410191236e-02 2.2642498139494663e-01 3.2359475511911981e+01 30
1 0 1 1 3.0318240904195527e-02 2.1598083433988648e-02 1.0000269999073452e+00 6.8054261761728518e-02 2.2741979081627833e-01 3.2409475506683883e+01 30
1 0 1 1 3.0291137099842765e-02 2.1580584298208257e-02 1.0000275510363152e+00 6.8013016958362260e-02 2.2841495336587558e-01 3.2459475501490587e+01 30
1 0 1 1 3.0264042308619447e-02 2.1563108261009694e-02 1.0000281099369612e+00 6.7971940982624185e-02 2.2941046027324255e-01 3.2509475496326736e+01 30
1 0 1 1 3.0236957347774995e-02 2.1545655662224862e-02 1.0000286766408095e+00 6.7931033812849567e-02 2.3040630282057831e-01 3.2559475491179207e+01 30
1 0 1 1 3.0209883026564351e-02 2.1528226837732103e-02 1.0000292511777595e+00 6.7890295423190805e-02 2.3140247234337433e-01 3.2609475486068142e+01 30
1 0 1 1 3.0182820146330988e-02 2.1510822119510973e-02 1.0000298335760454e+00 6.7849725783707987e-02 2.3239896022867390e-01 3.2659475480970514e+01 30
1 0 1 1 3.0155769500508890e-02 2.1493441835641100e-02 1.0000304238622002e+00 6.7809324860342635e-02 2.3339575791664924e-01 3.2709475475911717e+01 30
1 0 1 1 3.0128731874723185e-02 2.1476086310371737e-02 1.0000310220610187e+00 6.7769092615026172e-02 2.3439285689845374e-01 3.2759475470867578e+01 30
1 0 1 1 3.0101708046787166e-02 2.1458755864114727e-02 1.0000316281955206e+00 6.7729029005648839e-02 2.3539024871791084e-01 3.2809475465862079e+01 30
1 0 1 1 3.0074698786798554e-02 2.1441450813510007e-02 1.0000322422869146e+00 6.7689133986165717e-02 2.3638792496930314e-01 3.2859475460866705e+01 30
1 0 1 1 3.0047704857135798e-02 2.1424171471421779e-02 1.0000328643545613e+00 6.7649407506556403e-02 2.3738587729932026e-01 3.2909475455909842e+01 30
1 0 1 1 3.0020727012555429e-02 2.1406918146998927e-02 1.0000334944159377e+00 6.7609849512940329e-02 2.3838409740477803e-01 3.2959475450974480e+01 30
1 0 1 1 2.9993766000209001e-02 2.1389691145688568e-02 1.0000341324866007e+00 6.7570459947560557e-02 2.3938257703374144e-01 3.3009475446064720e+01 30
1 0 1 1 2.9966822559701560e-02 2.1372490769270797e-02 1.0000347785801520e+00 6.7531238748840539e-02 2.4038130798478133e-01 3.3059475441180574e+01 29
1 0 1 1 2.9939897423136134e-02 2.1355317315886083e-02 1.0000354327082026e+00 6.7492185851417086e-02 2.4138028210683338e-01 3.3109475436322576e+01 29
1 0 1 1 2.9912991315166480e-02 2.1338171080070321e-02 1.0000360948803373e+00 6.7453301186177789e-02 2.4237949129904562e-01 3.3159475431494577e+01 29
1 0 1 1 2.9886104799569414e-02 2.1321050923506224e-02 1.0000367652073729e+00 6.7414584680306144e-02 2.4337893328155075e-01 3.3209475704388055e+01 29
1 0 1 1 2.9859238656401835e-02 2.1303953904833244e-02 1.0000374439487434e+00 6.7376036901921621e-02 2.4437859759815947e-01 3.3259476103849046e+01 29
1 0 1 1 2.9832394776810232e-02 2.1286885673508414e-02 1.0000381307403174e+00 6.7337658704213488e-02 2.4537843178441188e-01 3.3309474441396134e+01 29
1 0 1 1 2.9805571335604797e-02 2.1269844908180510e-02 1.0000388256482033e+00 6.7299446402143692e-02 2.4637852183407791e-01 3.3359475412264516e+01 29
1 0 1 1 2.9778770957972135e-02 2.1252833117735740e-02 1.0000395286219252e+00 6.7261402674616499e-02 2.4737878772121058e-01 3.3409475407559178e+01 29
1 0 1 1 2.9751993801232876e-02 2.1235850243488997e-02 1.0000402396720101e+00 6.7223526683397428e-02 2.4837924115326138e-01 3.3459475402893993e+01 29
1 0 1 1 2.9725240539194394e-02 2.1218896556124578e-02 1.0000409587932417e+00 6.7185818334004166e-02 2.4937987437390652e-01 3.3509475398237420e+01 29
1 0 1 1 2.9698511838561995e-02 2.1201972322921019e-02 1.0000416859781098e+00 6.7148277528448375e-02 2.5038067967635397e-01 3.3559475393618484e+01 29
1 0 1 1 2.9671808359040489e-02 2.1185077807812858e-02 1.0000424212167753e+00 6.7110904165347096e-02 2.5138164940103280e-01 3.3609475389022620e+01 29
1 0 1 1 2.9645130753350006e-02 2.1168213271400376e-02 1.0000431644970420e+00 6.7073698139911292e-02 2.5238277593644709e-01 3.3659475384445024e+01 29
1 0 1 1 2.9618479667269621e-02 2.1151378970973363e-02 1.0000439158043244e+00 6.7036659343978483e-02 2.5338405171908174e-01 3.3709475379897810e+01 29
1 0 1 1 2.9591855739705641e-02 2.1134575160554753e-02 1.0000446751216177e+00 6.6999787666072008e-02 2.5438546923267497e-01 3.3759475375384056e+01 29
1 0 1 1 2.9565259602736396e-02 2.1117802090924703e-02 1.0000454424294685e+00 6.6963082991435996e-02 2.5538702100766336e-01 3.3809475370881813e+01 29
1 0 1 1 2.9538691881628162e-02 2.1101060009630156e-02 1.0000462177059468e+00 6.6926545202024124e-02 2.5638869962226696e-01 3.3859475366408788e+01 29
1 0 1 1 2.9512153194914278e-02 2.1084349161031645e-02 1.0000470009266162e+00 6.6890174176578027e-02 2.5739049770115091e-01 3.3909475361966841e+01 29
1 0 1 1 2.9485644154435477e-02 2.1067669786326234e-02 1.0000477920645081e+00 6.6853969790654166e-02 2.5839240791525780e-01 3.3959475357544825e+01 29
1 0 1 1 2.9459165365372939e-02 2.1051022123566483e-02 1.0000485910900931e+00 6.6817931916635293e-02 2.5939442298215087e-01 3.4009475353146108e+01 29
1 0 1 1 2.9432717426300999e-02 2.1034406407691691e-02 1.0000493979712568e+00 6.6782060423774880e-02 2.6039653566552845e-01 3.4059475348775422e+01 29
1 0 1 1 2.9406300929239525e-02 2.1017822870557177e-02 1.0000502126732735e+00 6.6746355178235989e-02 2.6139873877488001e-01 3.4109475344432617e+01 29
1 0 1 1 2.9379916459697609e-02 2.1001271740960122e-02 1.0000510351587817e+00 6.6710816043121762e-02 2.6240102516503516e-01 3.4159475340100649e+01 29
1 0 1 1 2.9353564596694016e-02 2.0984753244649521e-02 1.0000518653877613e+00 6.6675442878473212e-02 2.6340338773731492e-01 3.4209475335814012e+01 29
1 0 1 1 2.9327245912860206e-02 2.0968267604388708e-02 1.0000527033175091e+00 6.6640235541376547e-02 2.6440581943681635e-01 3.4259475331533366e+01 29
1 0 1 1 2.9300960974412222e-02 2.0951815039932507e-02 1.0000535489026199e+00 6.6605193885901304e-02 2.6540831325489994e-01 3.4309475327281369e+01 29
1 0 1 1 2.9274710341248969e-02 2.0935395768090257e-02 1.0000544020949624e+00 6.6570317763194164e-02 2.6641086222742832e-01 3.4359475323063599e+01 29
1 0 1 1 2.9248494566989983e-02 2.0919010002742790e-02 1.0000552628436610e+00 6.6535607021508347e-02 2.6741345943421901e-01 3.4409475318853225e+01 29
1 0 1 1 2.9222314198984745e-02 2.0902657954847949e-02 1.0000561310950766e+00 6.6501061506181292e-02 2.6841609800064686e-01 3.4459475314680212e+01 29
1 0 1 1 2.9196169778407072e-02 2.0886339832494827e-02 1.0000570067927883e+00 6.6466681059734550e-02 2.6941877109529500e-01 3.4509475310525232e+01 29
1 0 1 1 2.9170061840261181e-02 2.0870055840905209e-02 1.0000578898775760e+00 6.6432465521852113e-02 2.7042147193112726e-01 3.4559475306387952e+01 29
1 0 1 1 2.9143990913433459e-02 2.0853806182464109e-02 1.0000587802874059e+00 6.6398414729418986e-02 2.7142419376538574e-01 3.4609475302291877e+01 29
1 0 1 1 2.9117957520767946e-02 2.0837591056760904e-02 1.0000596779574134e+00 6.6364528516594967e-02 2.7242692989757245e-01 3.4659475298194423e+01 29
1 0 1 1 2.9091962179043827e-02 2.0821410660576245e-02 1.0000605828198925e+00 6.6330806714752943e-02 2.7342967367229620e-01 3.4709475294137640e+01 29
1 0 1 1 2.9066005399090648e-02 2.0805265187946332e-02 1.0000614948042805e+00 6.6297249152605597e-02 2.7443241847603356e-01 3.4759475290097981e+01 29
1 0 1 1 2.9040087685784415e-02 2.0789154830160608e-02 1.0000624138371481e+00 6.6263855656169768e-02 2.7543515773879729e-01 3.4809475286078118e+01 29
1 0 1 1 2.9014209538102950e-02 2.0773079775791136e-02 1.0000633398421890e+00 6.6230626048812441e-02 2.7643788493355365e-01 3.4859475282088354e+01 29
1 0 1 1 2.8988371449181542e-02 2.0757040210723870e-02 1.0000642727402105e+00 6.6197560151295243e-02 2.7744059357526124e-01 3.4909475278108069e+01 29
1 0 1 1 2.8962573906324320e-02 2.0741036318164787e-02 1.0000652124491272e+00 6.6164657781759451e-02 2.7844327722221607e-01 3.4959475274161633e+01 29
1 0 1 1 2.8936817391085615e-02 2.0725068278683530e-02 1.0000661588839532e+00 6.6131918755807151e-02 2.7944592947401242e-01 3.5009475270227213e+01 29
1 0 1 1 2.8911102379273336e-02 2.0709136270214389e-02 1.0000671119567985e+00 6.6099342886476842e-02 2.8044854397311902e-01 3.5059475266324043e+01 29
1 0 1 1 2.8885419155046582e-02 2.0693240468102045e-02 1.0000680715768635e+00 6.6066929984316097e-02 2.8145111440314824e-01 3.5109475262435005e+01 29
1 0 1 1 2.8859777517044993e-02 2.0677381045100387e-02 1.0000690376504391e+00 6.6034679857368189e-02 2.8245363448981120e-01 3.5159475258564292e+01 29
1 0 1 1 2.8834178822702127e-02 2.0661558171407701e-02 1.0000700100809043e+00 6.6002592311213110e-02 2.8345609800044463e-01 3.5209475254721426e+01 29
1 0 1 1 2.8808623525849671e-02 2.0645772014688150e-02 1.0000709887687271e+00 6.5970667149007178e-02 2.8445849874330337e-01 3.5259475250896614e+01 29
1 0 1 1 2.8783112074778655e-02 2.0630022740091195e-02 1.0000719736114665e+00 6.5938904171488233e-02 2.8546083056788979e-01 3.5309475247083959e+01 29
1 0 1 1 2.8757644912270654e-02 2.0614310510263825e-02 1.0000729645037774e+00 6.5907303176994447e-02 2.8646308736525267e-01 3.5359475243306612e+01 29
1 0 1 1 2.8732222475675296e-02 2.0598635485397278e-02 1.0000739613374128e+00 6.5875863961531916e-02 2.8746526306621550e-01 3.5409475239535773e+01 28
1 0 1 1 2.8706845196900609e-02 2.0582997823215279e-02 1.0000749640012332e+00 6.5844586318739740e-02 2.8846735164314791e-01 3.5459475235788325e+01 28
1 0 1 1 2.8681513502488674e-02 2.0567397679018596e-02 1.0000759723812134e+00 6.5813470039956190e-02 2.8946934710838468e-01 3.5509475232055507e+01 28
1 0 1 1 2.8656227813634010e-02 2.0551835205692245e-02 1.0000769863604526e+00 6.5782514914218160e-02 2.9047124351497278e-01 3.5559475228348724e+01 28
1 0 1 1 2.8630988546242304e-02 2.0536310553736760e-02 1.0000780058191856e+00 6.5751720728308483e-02 2.9147303495564947e-01 3.5609475224656819e+01 28
1 0 1 1 2.8605796110952222e-02 2.0520823871280649e-02 1.0000790306347953e+00 6.5721087266756018e-02 2.9247471556340687e-01 3.5659475220981207e+01 28
1 0 1 1 2.8580650913177789e-02 2.0505375304099113e-02 1.0000800606818285e+00 6.5690614311866125e-02 2.9347627951103777e-01 3.5709475217322293e+01 28
1 0 1 1 2.8555553353148338e-02 2.0489964995637738e-02 1.0000810958320110e+00 6.5660301643742175e-02 2.9447772101105679e-01 3.5759475213682073e+01 28
1 0 1 1 2.8530503825947989e-02 2.0474593087032575e-02 1.0000821359542658e+00 6.5630149040310670e-02 2.9547903431562345e-01 3.5809475210068115e+01 28
1 0 1 1 2.8505502721564945e-02 2.0459259717135019e-02 1.0000831809147326e+00 6.5600156277356436e-02 2.9648021371547573e-01 3.5859475206447989e+01 28
1 0 1 1 2.8480550424881148e-02 2.0443965022502918e-02 1.0000842305767905e+00 6.5570323128486707e-02 2.9748125354207411e-01 3.5909475202863298e+01 28
1 0 1 1 2.8455647315776666e-02 2.0428709137461240e-02 1.0000852848010786e+00 6.5540649365233267e-02 2.9848214816469587e-01 3.5959475199291695e+01 28
1 0 1 1 2.8430793769123483e-02 2.0413492194093087e-02 1.0000863434455227e+00 6.5511134757019529e-02 2.9948289199181755e-01 3.6009475195722864e+01 28
1 0 1 1 2.8405990154814060e-02 2.0398314322254776e-02 1.0000874063653613e+00 6.5481779071174639e-02 3.0048347947160586e-01 3.6059475192190071e+01 28
1 0 1 1 2.8381236837849235e-02 2.0383175649624625e-02 1.0000884734131730e+00 6.5452582073011190e-02 3.0148390508929995e-01 3.6109475188645838e+01 28
1 0 1 1 2.8356534178295215e-02 2.0368076301673629e-02 1.0000895444389084e+00 6.5423543525754274e-02 3.0248416337060363e-01 3.6159475185138227e+01 28
1 0 1 1 2.8331882531403726e-02 2.0353016401736021e-02 1.0000906192899199e+00 6.5394663190657842e-02 3.0348424887812098e-01 3.6209475181638453e+01 28
1 0 1 1 2.8307282247588949e-02 2.0337996070988004e-02 1.0000916978109964e+00 6.5365940826958624e-02 3.0448415621323555e-01 3.6259475178142672e+01 28
1 0 1 1 2.8282733672473144e-02 2.0323015428476556e-02 1.0000927798443988e+00 6.5337376191901775e-02 3.0548388001595661e-01 3.6309475174668158e+01 28
1 0 1 1 2.8258237146939556e-02 2.0308074591144105e-02 1.0000938652298967e+00 6.5308969040785814e-02 3.0648341496389314e-01 3.6359475171210022e+01 28
1 0 1 1 2.8233793007158892e-02 2.0293173673842452e-02 1.0000949538048070e+00 6.5280719126967257e-02 3.0748275577230166e-01 3.6409475167748340e+01 28
1 0 1 1 2.8209401584596810e-02 2.0278312789333081e-02 1.0000960454040357e+00 6.5252626201849628e-02 3.0848189719527880e-01 3.6459475164314021e+01 28
1 0 1 1 2.8185063206096189e-02 2.0263492048334251e-02 1.0000971398601195e+00 6.5224690014955899e-02 3.0948083402370330e-01 3.6509475160891085e+01 28
1 0 1 1 2.8160778193881963e-02 2.0248711559519201e-02 1.0000982370032703e+00 6.5196910313910061e-02 3.1047956108587182e-01 3.6559475157453868e+01 28
1 0 1 1 2.8136546865560223e-02 2.0233971429512485e-02 1.0000993366614221e+00 6.5169286844420277e-02 3.1147807324943833e-01 3.6609475154070026e+01 28
1 0 1 1 2.8112369534256419e-02 2.0219271762969452e-02 1.0001004386602765e+00 6.5141819350408164e-02 3.1247636541629825e-01 3.6659475150648717e+01 28
1 0 1 1 2.8088245790420661e-02 2.0204607350655504e-02 1.0001015440153695e+00 6.5114507573860780e-02 3.1347446097174986e-01 3.6709476449425431e+01 28
1 0 1 1 2.8064178250617449e-02 2.0189982571116854e-02 1.0001026517953477e+00 6.5087353386767244e-02 3.1447225979912713e-01 3.6759474354476005e+01 28
1 0 1 1 2.8040164497029337e-02 2.0175397910306689e-02 1.0001037614660464e+00 6.5060353118894299e-02 3.1546987004427002e-01 3.6809474584964654e+01 28
1 0 1 1 2.8016205791489231e-02 2.0160854052745852e-02 1.0001048728003652e+00 6.5033507601071627e-02 3.1646724676556182e-01 3.6859475137344262e+01 28
1 0 1 1 2.7992302844971843e-02 2.0146351348348489e-02 1.0001059855940224e+00 6.5006817038211540e-02 3.1746436754754953e-01 3.6909475133999486e+01 28
1 0 1 1 2.7968455677360036e-02 2.0131889728245232e-02 1.0001070996726757e+00 6.4980280864119055e-02 3.1846123860258035e-01 3.6959475130654205e+01 28
1 0 1 1 2.7944664570795873e-02 2.0117469283525358e-02 1.0001082148477762e+00 6.4953898810069965e-02 3.1945785509333730e-01 3.7009475127317423e+01 28
1 0 1 1 2.7920929803132100e-02 2.0103090103392389e-02 1.0001093309289721e+00 6.4927670605604199e-02 3.2045421221906240e-01 3.7059475123992861e+01 28
1 0 1 1 2.7897251647961689e-02 2.0088752275173347e-02 1.0001104477241711e+00 6.4901595978541338e-02 3.2145030521498613e-01 3.7109475120656448e+01 28
1 0 1 1 2.7873630374617996e-02 2.0074455884319681e-02 1.0001115650396082e+00 6.4875674654957527e-02 3.2244612935406197e-01 3.7159475117345124e+01 28
1 0 1 1 2.7850066248257345e-02 2.0060201014449646e-02 1.0001126826799072e+00 6.4849906359259690e-02 3.2344167994424733e-01 3.7209475114025999e+01 28
1 0 1 1 2.7826559529834632e-02 2.0045987747332263e-02 1.0001138004481525e+00 6.4824290814138208e-02 3.2443695233094744e-01 3.7259475110721688e+01 28
1 0 1 1 2.7803110476177624e-02 2.0031816162927752e-02 1.0001149181459565e+00 6.4798827740625065e-02 3.2543194189483343e-01 3.7309475107404012e+01 28
1 0 1 1 2.7779719339967063e-02 2.0017686339372284e-02 1.0001160355735315e+00 6.4773516858056490e-02 3.2642664405395050e-01 3.7359475104103772e+01 28
1 0 1 1 2.7756386369815152e-02 2.0003598353021009e-02 1.0001171525297599e+00 6.4748357884137742e-02 3.2742105426159279e-01 3.7409475100807228e+01 28
1 0 1 1 2.7733111810268905e-02 1.9989552278447620e-02 1.0001182688122705e+00 6.4723350534925117e-02 3.2841516800723036e-01 3.7459475097505155e+01 28
1 0 1 1 2.7709895901829967e-02 1.9975548188450935e-02 1.0001193842175116e+00 6.4698494524830896e-02 3.2940898081663672e-01 3.7509475094203381e+01 28
1 0 1 1 2.7686738880994891e-02 1.9961586154077268e-02 1.0001204985408285e+00 6.4673789566644047e-02 3.3040248825152640e-01 3.7559475090906304e+01 28
1 0 1 1 2.7663640980281408e-02 1.9947666244633285e-02 1.0001216115765408e+00 6.4649235371543851e-02 3.3139568590970164e-01 3.7609475087627573e+01 28
1 0 1 1 2.7640602428278888e-02 1.9933788527708541e-02 1.0001227231180201e+00 6.4624831649129910e-02 3.3238856942329792e-01 3.7659475084305392e+01 28
1 0 1 1 2.7617623449587979e-02 1.9919953069141707e-02 1.0001238329577740e+00 6.4600578107343737e-02 3.3338113446351342e-01 3.7709475081041575e+01 28
1 0 1 1 2.7594704265001657e-02 1.9906159933120730e-02 1.0001249408875204e+00 6.4576474452636479e-02 3.3437337673288259e-01 3.7759475077716274e+01 28
1 0 1 1 2.7571845091341161e-02 1.9892409182083480e-02 1.0001260466982789e+00 6.4552520389783208e-02 3.3536529197422049e-01 3.7809475074440741e+01 28
1 0 1 1 2.7549046141667796e-02 1.9878700876840596e-02 1.0001271501804458e+00 6.4528715622082233e-02 3.3635687596221320e-01 3.7859475071135506e+01 27
1 0 1 1 2.7526307625169621e-02 1.9865035076503893e-02 1.0001282511238840e+00 6.4505059851220570e-02 3.3734812450939405e-01 3.7909475067834478e+01 27
1 0 1 1 2.7503629747257376e-02 1.9851411838539761e-02 1.0001293493180059e+00 6.4481552777356455e-02 3.3833903346318833e-01 3.7959475064538282e+01 27
1 0 1 1 2.7481012709582572e-02 1.9837831218778443e-02 1.0001304445518602e+00 6.4458194099115740e-02 3.3932959870607476e-01 3.8009475061223355e+01 27
1 0 1 1 2.7458456710027696e-02 1.9824293271401991e-02 1.0001315366142198e+00 6.4434983513570548e-02 3.4031981615720885e-01 3.8059475057927898e+01 27
1 0 1 1 2.7435961942792131e-02 1.9810798048994157e-02 1.0001326252936671e+00 6.4411920716304749e-02 3.4130968176962928e-01 3.8109475054611380e+01 27
1 0 1 1 2.7413526579644208e-02 1.9797345602515695e-02 1.0001337103786863e+00 6.4389005401358501e-02 3.4229919153302374e-01 3.8159475051295949e+01 27
1 0 1 1 2.7391143453382290e-02 1.9783935981332892e-02 1.0001347916577490e+00 6.4366237261277881e-02 3.4328834147185644e-01 3.8209475047976177e+01 27
1 0 1 1 2.7368822193539571e-02 1.9770569233227658e-02 1.0001358689194064e+00 6.4343615987107361e-02 3.4427712764625906e-01 3.8259475044663269e+01 27
1 0 1 1 2.7346562979592575e-02 1.9757245404417350e-02 1.0001369419523773e+00 6.4321141268415344e-02 3.4526554615068539e-01 3.8309475041319864e+01 27
1 0 1 1 2.7324365987378731e-02 1.9743964539532394e-02 1.0001380105456421e+00 6.4298812793251392e-02 3.4625359311657994e-01 3.8359475037997804e+01 28
1 0 1 1 2.7302231389201487e-02 1.9730726681676716e-02 1.0001390744885299e+00 6.4276630248229161e-02 3.4724126470863786e-01 3.8409475034649390e+01 28
1 0 1 1 2.7280159353774491e-02 1.9717531872390347e-02 1.0001401335708129e+00 6.4254593318458286e-02 3.4822855712850315e-01 3.8459475031317233e+01 28
1 0 1 1 2.7258150046318645e-02 1.9704380151704653e-02 1.0001411875827961e+00 6.4232701687620575e-02 3.4921546661121217e-01 3.8509475027955212e+01 28
1 0 1 1 2.7236203628512805e-02 1.9691271558107435e-02 1.0001422363154107e+00 6.4210955037906942e-02 3.5020198942859315e-01 3.8559475024603415e+01 28
1 0 1 1 2.7214320258582246e-02 1.9678206128594448e-02 1.0001432795603047e+00 6.4189353050087161e-02 3.5118812188634496e-01 3.8609475021240854e+01 28
1 0 1 1 2.7192500091284745e-02 1.9665183898656017e-02 1.0001443171099349e+00 6.4167895403478975e-02 3.5217386032548159e-01 3.8659475017861013e+01 28
1 0 1 1 2.7170743277929951e-02 1.9652204902285687e-02 1.0001453487576601e+00 6.4146581775954031e-02 3.5315920112272414e-01 3.8709475014493677e+01 28
1 0 1 1 2.7149049966442480e-02 1.9639269172014282e-02 1.0001463742978305e+00 6.4125411843981350e-02 3.5414414068860778e-01 3.8759475011110261e+01 28
1 0 1 1 2.7127420301344261e-02 1.9626376738894752e-02 1.0001473935258807e+00 6.4104385282592879e-02 3.5512867546899751e-01 3.8809475007703000e+01 28
1 0 1 1 2.7105854423772460e-02 1.9613527632511452e-02 1.0001484062384220e+00 6.4083501765389073e-02 3.5611280194579409e-01 3.8859475004322178e+01 28
1 0 1 1 2.7084352471569782e-02 1.9600721881028939e-02 1.0001494122333301e+00 6.4062760964605114e-02 3.5709651663328873e-01 3.8909475000892762e+01 28
1 0 1 1 2.7062914579194630e-02 1.9587959511134644e-02 1.0001504113098392e+00 6.4042162551016690e-02 3.5807981608373290e-01 3.8959474997500486e+01 28
1 0 1 1 2.7041540877880545e-02 1.9575240548131659e-02 1.0001514032686285e+00 6.4021706194067524e-02 3.5906269688061415e-01 3.9009474994049931e+01 28
1 0 1 1 2.7020231495506572e-02 1.9562565015856119e-02 1.0001523879119161e+00 6.4001391561741006e-02 3.6004515564590511e-01 3.9059474990637632e+01 28
1 0 1 1 2.6998986556770889e-02 1.9549932936779962e-02 1.0001533650435419e+00 6.3981218320703859e-02 3.6102718903306502e-01 3.9109474987195718e+01 28
1 0 1 1 2.6977806183102183e-02 1.9537344331950496e-02 1.0001543344690609e+00 6.3961186136209047e-02 3.6200879373178096e-01 3.9159474983737447e+01 28
1 0 1 1 2.6956690492720758e-02 1.9524799221027664e-02 1.0001552959958286e+00 6.3941294672137550e-02 3.6298996646651843e-01 3.9209474980283410e+01 28
1 0 1 1 2.6935639600674084e-02 1.9512297622298412e-02 1.0001562494330867e+00 6.3921543591020813e-02 3.6397070399556625e-01 3.9259474976817209e+01 28
1 0 1 1 2.6914653618835934e-02 1.9499839552673943e-02 1.0001571945920493e+00 6.3901932554024349e-02 3.6495100311233380e-01 3.9309474973352877e+01 28
1 0 1 1 2.6893732655954159e-02 1.9487425027715010e-02 1.0001581312859871e+00 6.3882461220975739e-02 3.6593086064385016e-01 3.9359474969860344e+01 28
1 0 1 1 2.6872876817628278e-02 1.9475054061613390e-02 1.0001590593303120e+00 6.3863129250334244e-02 3.6691027345284799e-01 3.9409474966375711e+01 28
1 0 1 1 2.6852086206387130e-02 1.9462726667236852e-02 1.0001599785426580e+00 6.3843936299243620e-02 3.6788923843516658e-01 3.9459474962869223e+01 28
1 0 1 1 2.6831360921657520e-02 1.9450442856105584e-02 1.0001608887429632e+00 6.3824882023496288e-02 3.6886775252221449e-01 3.9509474959375524e+01 28
1 0 1 1 2.6810701029781222e-02 1.9438202448988178e-02 1.0001617898265662e+00 6.3805966077585929e-02 3.6984581397550431e-01 3.9559475014585210e+01 28
1 0 1 1 2.6790105559250856e-02 1.9425998339120617e-02 1.0001626843941285e+00 6.3787188181238325e-02 3.7082346553585149e-01 3.9609477179086248e+01 28
1 0 1 1 2.6769578464926048e-02 1.9413839523691703e-02 1.0001635693254265e+00 6.3768550425691989e-02 3.7180052539312258e-01 3.9659472597694965e+01 28
1 0 1 1 2.6749114219698431e-02 1.9401722683274527e-02 1.0001644446915685e+00 6.3750047364296070e-02 3.7277725787127919e-01 3.9709474945945423e+01 28
1 0 1 1 2.6728716715617350e-02 1.9389650077909715e-02 1.0001653101605212e+00 6.3731682099832709e-02 3.7375347870565895e-01 3.9759474942411998e+01 28
1 0 1 1 2.6708385070150147e-02 1.9377621140315722e-02 1.0001661656082206e+00 6.3713453406928272e-02 3.7472923097949490e-01 3.9809474938852198e+01 28
1 0 1 1 2.6688119361861818e-02 1.9365635872850975e-02 1.0001670108720262e+00 6.3695360932395251e-02 3.7570451186147091e-01 3.9859474935321217e+01 28
1 0 1 1 2.6667919666462831e-02 1.9353694276642779e-02 1.0001678457921885e+00 6.3677404321813569e-02 3.7667931855164938e-01 3.9909474931749571e+01 28
1 0 1 1 2.6647786056733961e-02 1.9341796351537932e-02 1.0001686702119206e+00 6.3659583219455029e-02 3.7765364828594927e-01 3.9959474928177656e+01 28
1 0 1 1 2.6627718602611889e-02 1.9329942096154396e-02 1.0001694839774626e+00 6.3641897268347292e-02 3.7862749833339165e-01 4.0009474924616093e+01 28
1 0 1 1 2.6607717371207575e-02 1.9318131507883758e-02 1.0001702869381448e+00 6.3624346110280006e-02 3.7960086599581910e-01 4.0059474921037847e+01 28
1 0 1 1 2.6587782426797713e-02 1.9306364582884782e-02 1.0001710789464524e+00 6.3606929385785826e-02 3.8057374860936521e-01 4.0109474917456858e+01 28
1 0 1 1 2.6567913830871603e-02 1.9294641316109449e-02 1.0001718598580840e+00 6.3589646734168448e-02 3.8154614354319899e-01 4.0159474913866660e+01 28
1 0 1 1 2.6548111642133759e-02 1.9282961701298118e-02 1.0001726295320117e+00 6.3572497793499605e-02 3.8251804820035812e-01 4.0209474910289920e+01 28
1 0 1 1 2.6528375916559158e-02 1.9271325731009009e-02 1.0001733878305354e+00 6.3555482200651103e-02 3.8348946001564732e-01 4.0259474906674164e+01 28
1 0 1 1 2.6508706707344266e-02 1.9259733396588770e-02 1.0001741346193407e+00 6.3538599591247330e-02 3.8446037645972708e-01 4.0309474903105880e+01 29
1 0 1 1 2.6489104065042096e-02 1.9248184688245275e-02 1.0001748697675454e+00 6.3521849599767644e-02 3.8543079503260058e-01 4.0359474899481896e+01 29
1 0 1 1 2.6469568037443131e-02 1.9236679594976169e-02 1.0001755931477572e+00 6.3505231859438016e-02 3.8640071327109898e-01 4.0409474895898867e+01 29
1 0 1 1 2.6450098669730682e-02 1.9225218104655790e-02 1.0001763046361134e+00 6.3488746002354074e-02 3.8737012874174348e-01 4.0459474892291894e+01 29
1 0 1 1 2.6430696004407020e-02 1.9213800203988406e-02 1.0001770041123330e+00 6.3472391659406768e-02 3.8833903904553979e-01 4.0509474888686306e+01 29
1 0 1 1 2.6411360081356573e-02 1.9202425878542730e-02 1.0001776914597571e+00 6.3456168460330753e-02 3.8930744181575844e-01 4.0559474885089386e+01 29
1 0 1 1 2.6392090937869386e-02 1.9191095112761576e-02 1.0001783665653898e+00 6.3440076033712878e-02 3.9027533471771664e-01 4.0609474881484758e+01 29
1 0 1 1 2.6372888608639778e-02 1.9179807889957431e-02 1.0001790293199382e+00 6.3424114006986110e-02 3.9124271544982447e-01 4.0659474877893089e+01 29
1 0 1 1 2.6353753125820549e-02 1.9168564192343262e-02 1.0001796796178486e+00 6.3408282006461647e-02 3.9220958174189469e-01 4.0709474874288986e+01 29
1 0 1 1 2.6334684519003608e-02 1.9157364001012429e-02 1.0001803173573400e+00 6.3392579657311487e-02 3.9317593135674372e-01 4.0759474870694085e+01 29
1 0 1 1 2.6315682815277540e-02 1.9146207295975888e-02 1.0001809424404366e+00 6.3377006583602374e-02 3.9414176208869689e-01 4.0809474867101592e+01 29
1 0 1 1 2.6296748039226339e-02 1.9135094056152685e-02 1.0001815547729971e+00 6.3361562408294603e-02 3.9510707176439441e-01 4.0859474863528824e+01 29
1 0 1 1 2.6277880212980227e-02 1.9124024259397809e-02 1.0001821542647404e+00 6.3346246753270052e-02 3.9607185824098062e-01 4.0909474859928672e+01 29
1 0 1 1 2.6259072097056819e-02 1.9112997882479891e-02 1.0001827408292732e+00 6.3331059239298659e-02 3.9703611940931705e-01 4.0959474856362199e+01 29
1 0 1 1 2.6240327510146908e-02 1.9102014901127683e-02 1.0001833143841090e+00 6.3315999486109720e-02 3.9799985319007336e-01 4.1009474852805994e+01 29
1 0 1 1 2.6221650001777373e-02 1.9091075290022051e-02 1.0001838748506890e+00 6.3301067112370879e-02 3.9896305753517669e-01 4.1059474849232899e+01 29
1 0 1 1 2.6203039584001730e-02 1.9080179022791761e-02 1.0001844221544012e+00 6.3286261735683080e-02 3.9992573042901075e-01 4.1109474845682172e+01 29
1 0 1 1 2.6184496266522923e-02 1.9069326072045253e-02 1.0001849562245928e+00 6.3271582972627749e-02 4.0088786988603053e-01 4.1159474842144895e+01 29
1 0 1 1 2.6166020056696208e-02 1.9058516409371808e-02 1.0001854769945839e+00 6.3257030438762463e-02 4.0184947395177795e-01 4.1209474838623031e+01 29
1 0 1 1 2.6147610959559562e-02 1.9047750005352436e-02 1.0001859844016778e+00 6.3242603748637993e-02 4.0281054070201627e-01 4.1259474835094210e+01 29
1 0 1 1 2.6129268977830678e-02 1.9037026829557189e-02 1.0001864783871695e+00 6.3228302515791673e-02 4.0377106824385328e-01 4.1309474831577660e+01 29
1 0 1 1 2.6110994111941961e-02 1.9026346850561534e-02 1.0001869588963490e+00 6.3214126352777289e-02 4.0473105471539872e-01 4.1359474828125940e+01 29
1 0 1 1 2.6092786360126515e-02 1.9015710035993713e-02 1.0001874258785057e+00 6.3200074871216261e-02 4.0569049828152071e-01 4.1409474824611344e+01 29
1 0 1 1 2.6074645718289532e-02 1.9005116352453735e-02 1.0001878792869303e+00 6.3186147681701388e-02 4.0664939714183107e-01 4.1459474821153080e+01 29
1 0 1 1 2.6056572180173529e-02 1.8994565765611010e-02 1.0001883190789105e+00 6.3172344393924440e-02 4.0760774952341161e-01 4.1509474817745499e+01 29
1 0 1 1 2.6038565737360540e-02 1.8984058240197391e-02 1.0001887452157281e+00 6.3158664616661170e-02 4.0856555368076480e-01 4.1559474814265620e+01 29
1 0 1 1 2.6020626379152374e-02 1.8973593739938167e-02 1.0001891576626545e+00 6.3145107957694124e-02 4.0952280790412360e-01 4.1609474810916460e+01 29
1 0 1 1 2.6002754092843260e-02 1.8963172227704123e-02 1.0001895563889383e+00 6.3131674024001438e-02 4.1047951050505921e-01 4.1659474807485196e+01 29
1 0 1 1 2.5984948863463770e-02 1.8952793665361935e-02 1.0001899413677990e+00 6.3118362421571789e-02 4.1143565983175379e-01 4.1709474804150631e+01 29
1 0 1 1 2.5967210674041293e-02 1.8942458013921016e-02 1.0001903125764100e+00 6.3105172755592354e-02 4.1239125425569290e-01 4.1759474800797996e+01 29
1 0 1 1 2.5949539505460348e-02 1.8932165233449160e-02 1.0001906699958862e+00 6.3092104630342427e-02 4.1334629218024888e-01 4.1809474797477591e+01 29
1 0 1 1 2.5931935336558201e-02 1.8921915283124497e-02 1.0001910136112653e+00 6.3079157649267248e-02 4.1430077203648197e-01 4.1859474794196679e+01 29
1 0 1 1 2.5914398144147012e-02 1.8911708121246110e-02 1.0001913434114877e+00 6.3066331414986437e-02 4.1525469228288381e-01 4.1909474790914842e+01 29
1 0 1 1 2.5896927902984045e-02 1.8901543705212322e-02 1.0001916593893774e+00 6.3053625529278817e-02 4.1620805140813394e-01 4.1959474787700941e+01 29
1 0 1 1 2.5879524585880154e-02 1.8891421991582124e-02 1.0001919615416148e+00 6.3041039593153048e-02 4.1716084792597008e-01 4.2009474784473021e+01 29
1 0 1 1 2.5862188163617256e-02 1.8881342936022224e-02 1.0001922498687146e+00 6.3028573206792282e-02 4.1811308038083261e-01 4.2059474781307038e+01 30
1 0 1 1 2.5844918605066377e-02 1.8871306493372483e-02 1.0001925243749952e+00 6.3016225969636186e-02 4.1906474734211047e-01 4.2109474778145810e+01 30
1 0 1 1 2.5827715877126827e-02 1.8861312617609330e-02 1.0001927850685510e+00 6.3003997480341745e-02 4.2001584740901354e-01 4.2159474775065242e+01 30
1 0 1 1 2.5810579944849116e-02 1.8851361261911684e-02 1.0001930319612202e+00 6.2991887336861840e-02 4.2096637920400148e-01 4.2209474771940904e+01 30
1 0 1 1 2.5793510771303010e-02 1.8841452378582649e-02 1.0001932650685526e+00 6.2979895136362374e-02 4.2191634138174861e-01 4.2259474768931170e+01 30
1 0 1 1 2.5776507604819903e-02 1.8831582238086137e-02 1.0001934861367614e+00 6.2968020475364095e-02 4.2286576838615336e-01 4.2309476463911764e+01 30
1 0 1 1 2.5759572179488714e-02 1.8821751995474107e-02 1.0001936950825845e+00 6.2956264157395692e-02 4.2381455987754624e-01 4.2359474648203395e+01 30
1 0 1 1 2.5742703304674121e-02 1.8811964069921222e-02 1.0001938903006080e+00 6.2944624497009716e-02 4.2476278256475403e-01 4.2409473079756793e+01 30
1 0 1 1 2.5725899931037920e-02 1.8802217827516999e-02 1.0001940718302833e+00 6.2933100402643993e-02 4.2571049203821543e-01 4.2459474758587078e+01 30
1 0 1 1 2.5709163672178983e-02 1.8792514179161161e-02 1.0001942396857810e+00 6.2921692609720664e-02 4.2665759363033540e-01 4.2509474755725819e+01 30
1 0 1 1 2.5692493914115211e-02 1.8782852743739545e-02 1.0001943939096332e+00 6.2910400322022886e-02 4.2760411803265824e-01 4.2559474752939934e+01 30
1 0 1 1 2.5675890607432649e-02 1.8773233467908060e-02 1.0001945345414796e+00 6.2899223132288712e-02 4.2855006407551616e-01 4.2609474750158803e+01 30
1 0 1 1 2.5659353700952781e-02 1.8763656297547431e-02 1.0001946616243580e+00 6.2888160632628837e-02 4.2949543061701267e-01 4.2659474747456244e+01 30
1 0 1 1 2.5642883141841717e-02 1.8754121177822904e-02 1.0001947752046556e+00 6.2877212414599148e-02 4.3044021653753944e-01 4.2709474744773040e+01 30
1 0 1 1 2.5626478875551025e-02 1.8744628053147180e-02 1.0001948753320615e+00 6.2866378069168005e-02 4.3138442074450079e-01 4.2759474742179613e+01 30
1 0 1 1 2.5610140845924091e-02 1.8735176867238877e-02 1.0001949620595156e+00 6.2855657186785485e-02 4.3232804216676229e-01 4.2809474739594805e+01 30
1 0 1 1 2.5593868995124936e-02 1.8725767563077558e-02 1.0001950354431575e+00 6.2845049357340116e-02 4.3327107975983503e-01 4.2859474737073398e+01 30
1 0 1 1 2.5577663263722294e-02 1.8716400082950488e-02 1.0001950955422736e+00 6.2834554170219270e-02 4.3421353250209677e-01 4.2909474734618598e+01 30
1 0 1 1 2.5561523590692740e-02 1.8707074368451971e-02 1.0001951424192435e+00 6.2824171214317659e-02 4.3515539939573000e-01 4.2959474732244658e+01 30
1 0 1 1 2.5545449913473461e-02 1.8697790360509413e-02 1.0001951761394854e+00 6.2813900078064644e-02 4.3609667946409175e-01 4.3009474729849750e+01 30
1 0 1 1 2.5529442167868056e-02 1.8688547999327249e-02 1.0001951967713991e+00 6.2803740349379911e-02 4.3703737175870100e-01 4.3059474727601064e+01 30
1 0 1 1 2.5513500288250720e-02 1.8679347224500518e-02 1.0001952043863107e+00 6.2793691615797925e-02 4.3797747534785325e-01 4.3109474725342473e+01 30
1 0 1 1 2.5497624207395975e-02 1.8670187974916701e-02 1.0001951990584137e+00 6.2783753464372594e-02 4.3891698932804646e-01 4.3159474723214295e+01 30
1 0 1 1 2.5481813856673932e-02 1.8661070188861557e-02 1.0001951808647100e+00 6.2773925481796000e-02 4.3985591281277153e-01 4.3209474721071757e+01 30
1 0 1 1 2.5466069165894726e-02 1.8651993803930941e-02 1.0001951498849513e+00 6.2764207254314197e-02 4.4079424494337716e-01 4.3259474719074710e+01 30
1 0 1 1 2.5450390063509461e-02 1.8642958757140320e-02 1.0001951062015781e+00 6.2754598367851328e-02 4.4173198487765036e-01 4.3309474717094247e+01 30
1 0 1 1 2.5434776476480757e-02 1.8633964984848247e-02 1.0001950498996595e+00 6.2745098407935046e-02 4.4266913179838691e-01 4.3359474715182429e+01 30
1 0 1 1 2.5419228330376874e-02 1.8625012422809895e-02 1.0001949810668305e+00 6.2735706959758941e-02 4.4360568490908697e-01 4.3409474713354363e+01 30
1 0 1 1 2.5403745549375342e-02 1.8616101006174592e-02 1.0001948997932300e+00 6.2726423608197523e-02 4.4454164343461466e-01 4.3459474711639402e+01 30
1 0 1 1 2.5388328056330248e-02 1.8607230669522318e-02 1.0001948061714392e+00 6.2717247937838672e-02 4.4547700661775846e-01 4.3509474709908190e+01 30
1 0 1 1 2.5372975772655314e-02 1.8598401346792658e-02 1.0001947002964160e+00 6.2708179532930841e-02 4.4641177372750712e-01 4.3559474708330889e+01 31
1 0 1 1 2.5357688618524592e-02 1.8589612971400434e-02 1.0001945822654343e+00 6.2699217977500610e-02 4.4734594404780736e-01 4.3609474706786472e+01 31
1 0 1 1 2.5342464055541820e-02 1.8580865476155499e-02 1.0001944521780166e+00 6.2690362855286147e-02 4.4827951688630224e-01 4.3659474705346064e+01 31
1 0 1 1 2.5327297199212014e-02 1.8572158793324911e-02 1.0001943101358723e+00 6.2681613749806186e-02 4.4921249156887377e-01 4.3709474703992406e+01 31
1 0 1 1 2.5312195295608887e-02 1.8563492854624209e-02 1.0001941562428314e+00 6.2672970244358694e-02 4.5014486744030124e-01 4.3759474702670346e+01 31
1 0 1 1 2.5297158259266272e-02 1.8554867591198478e-02 1.0001939906047794e+00 6.2664431922012875e-02 4.5107664386844920e-01 4.3809474701521637e+01 31
1 0 1 1 2.5282186003578573e-02 1.8546282933706693e-02 1.0001938133295944e+00 6.2655998365699378e-02 4.5200782023399633e-01 4.3859474700351193e+01 31
1 0 1 1 2.5267278440609345e-02 1.8537738812216042e-02 1.0001936245270784e+00 6.2647669158117536e-02 4.5293839594424912e-01 4.3909474699378073e+01 31
1 0 1 1 2.5252435481344475e-02 1.8529235156340286e-02 1.0001934243088946e+00 6.2639443881877449e-02 4.5386837041759576e-01 4.3959474698416393e+01 31
1 0 1 1 2.5237657035505144e-02 1.8520771895131530e-02 1.0001932127885005e+00 6.2631322119404281e-02 4.5479774309634002e-01 4.4009474697577076e+01 31
1 0 1 1 2.5222943011690244e-02 1.8512348957160852e-02 1.0001929900810838e+00 6.2623303453027523e-02 4.5572651343892040e-01 4.4059474696862601e+01 31
1 0 1 1 2.5208293317388379e-02 1.8503966270519555e-02 1.0001927563034965e+00 6.2615387464984379e-02 4.5665468091943912e-01 4.4109474696155310e+01 31
1 0 1 1 2.5193707858883228e-02 1.8495623762765610e-02 1.0001925115741883e+00 6.2607573737384181e-02 4.5758224503505646e-01 4.4159474695628113e+01 31
1 0 1 1 2.5179186541426129e-02 1.8487321361019861e-02 1.0001922560131438e+00 6.2599861852310923e-02 4.5850920529615724e-01 4.4209474695228174e+01 31
1 0 1 1 2.5164729269202265e-02 1.8479058991941001e-02 1.0001919897418168e+00 6.2592251391798887e-02 4.5943556122845541e-01 4.4259474694803785e+01 31
1 0 1 1 2.5150335945218462e-02 1.8470836581664641e-02 1.0001917128830637e+00 6.2584741937791649e-02 4.6036131238201516e-01 4.4309474694601846e+01 31
1 0 1 1 2.5136006471545121e-02 1.8462654055935123e-02 1.0001914255610829e+00 6.2577333072274144e-02 4.6128645831621867e-01 4.4359474694471999e+01 31
1 0 1 1 2.5121740749173681e-02 1.8454511340022777e-02 1.0001911279013476e+00 6.2570024377199940e-02 4.6221099860963261e-01 4.4409474694410697e+01 31
1 0 1 1 2.5107538678044640e-02 1.8446408358738359e-02 1.0001908200305418e+00 6.2562815434523134e-02 4.6313493285943091e-01 4.4459474694544312e+01 31
1 0 1 1 2.5093400157183785e-02 1.8438345036509440e-02 1.0001905020765010e+00 6.2555705826263019e-02 4.6405826067322997e-01 4.4509474694697211e+01 31
1 0 1 1 2.5079325084532006e-02 1.8430321297279638e-02 1.0001901741681427e+00 6.2548695134436894e-02 4.6498098168112945e-01 4.4559474695059436e+01 31
1 0 1 1 2.5065313357162139e-02 1.8422337064629660e-02 1.0001898364354112e+00 6.2541782941168189e-02 4.6590309552217835e-01 4.4609474695465209e+01 31
1 0 1 1 2.5051364871121560e-02 1.8414392261688912e-02 1.0001894890092093e+00 6.2534968828617421e-02 4.6682460185587848e-01 4.4659474696026507e+01 31
1 0 1 1 2.5037479521559894e-02 1.8406486811201977e-02 1.0001891320213410e+00 6.2528252379056598e-02 4.6774550035439522e-01 4.4709474696727021e+01 31
1 0 1 1 2.5023657202716768e-02 1.8398620635523246e-02 1.0001887656044486e+00 6.2521633174865754e-02 4.6866579070436737e-01 4.4759474697529008e+01 31
1 0 1 1 2.5009897807914346e-02 1.8390793656606459e-02 1.0001883898919530e+00 6.2515110798536833e-02 4.6958547260782707e-01 4.4809474698438706e+01 31
1 0 1 1 2.4996201229573169e-02 1.8383005796017815e-02 1.0001880050179930e+00 6.2508684832692424e-02 4.7050454578267858e-01 4.4859474699540463e+01 32
1 0 1 1 2.4982567359290209e-02 1.8375256974971999e-02 1.0001876111173686e+00 6.2502354860128950e-02 4.7142300995770064e-01 4.4909474700741683e+01 32
1 0 1 1 2.4968996087773400e-02 1.8367547114297479e-02 1.0001872083254801e+00 6.2496120463791716e-02 4.7234086487805516e-01 4.4959474702080691e+01 32
1 0 1 1 2.4955487304900371e-02 1.8359876134466817e-02 1.0001867967782712e+00 6.2489981226810931e-02 4.7325811030203557e-01 4.5009474703562994e+01 32
1 0 1 1 2.4942040101664530e-02 1.8352241132088332e-02 1.0001863777906295e+00 6.2483936732512596e-02 4.7417479671893192e-01 4.5059477336675961e+01 32
1 0 1 1 2.4928656158163223e-02 1.8344642054671925e-02 1.0001859520474625e+00 6.2477987516237843e-02 4.7509080007892146e-01 4.5109475789462458e+01 32
1 0 1 1 2.4915335293695540e-02 1.8337082180663961e-02 1.0001855179558603e+00 6.2472132605294411e-02 4.7600612948990856e-01 4.5159470757879070e+01 32
1 0 1 1 2.4902074081913451e-02 1.8329559549276977e-02 1.0001850755435155e+00 6.2466370138562211e-02 4.7692101301801887e-01 4.5209474714662718e+01 32
1 0 1 1 2.4888875850616131e-02 1.8322076032023401e-02 1.0001846250613498e+00 6.2460701206019598e-02 4.7783521358656361e-01 4.5259474716822197e+01 32
1 0 1 1 2.4875739433658957e-02 1.8314630950613933e-02 1.0001841666125724e+00 6.2455124932802586e-02 4.7874880341557496e-01 4.5309474719274654e+01 32
1 0 1 1 2.4862664715530752e-02 1.8307224222985009e-02 1.0001837003352387e+00 6.2449640903803227e-02 4.7966178234867146e-01 4.5359474721771754e+01 32
1 0 1 1 2.4849651579870787e-02 1.8299855766694129e-02 1.0001832263675243e+00 6.2444248704157046e-02 4.8057415025066785e-01 4.5409474724563140e+01 32
1 0 1 1 2.4836699909745564e-02 1.8292525499071750e-02 1.0001827448476848e+00 6.2438947919351895e-02 4.8148590698816018e-01 4.5459474727344308e+01 32
1 0 1 1 2.4823809587353675e-02 1.8285233337056773e-02 1.0001822559139928e+00 6.2433738135128147e-02 4.8239705245192921e-01 4.5509474730494169e+01 32
1 0 1 1 2.4810980494376095e-02 1.8277979197390909e-02 1.0001817597047022e+00 6.2428618937624442e-02 4.8330758653260947e-01 4.5559474733752573e+01 32
1 0 1 1 2.4798212511743391e-02 1.8270762996484963e-02 1.0001812563579924e+00 6.2423589913287170e-02 4.8421750913775058e-01 4.5609474737166330e+01 32
1 0 1 1 2.4785505519725141e-02 1.8263584650468904e-02 1.0001807460119216e+00 6.2418650648917023e-02 4.8512682018632275e-01 4.5659474740798231e+01 32
1 0 1 1 2.4772859397966553e-02 1.8256444075211591e-02 1.0001802288043840e+00 6.2413800731691227e-02 4.8603551960707636e-01 4.5709474744646386e+01 32
1 0 1 1 2.4760274025488652e-02 1.8249341186317613e-02 1.0001797048730623e+00 6.2409039749170198e-02 4.8694360733891834e-01 4.5759474748676560e+01 32
1 0 1 1 2.4747749280677665e-02 1.8242275899121377e-02 1.0001791743553834e+00 6.2404367289300794e-02 4.8785108333256860e-01 4.5809474752922057e+01 32
1 0 1 1 2.4735285041331843e-02 1.8235248128711017e-02 1.0001786373884769e+00 6.2399782940438187e-02 4.8875794754773849e-01 4.5859474757338567e+01 31
1 0 1 1 2.4734430203308157e-02 1.8234766265977632e-02 1.0001786002323896e+00 6.2399470941523483e-02 4.8882028229311314e-01 4.5862912826147621e+01 28
1 0 1 1 2.4734344673123309e-02 1.8234718054442517e-02 1.0001785965124408e+00 6.2399439741788014e-02 4.8882652013647071e-01 4.5863256882772554e+01 43
