isScalarized | massIncreased | isMonotoneInside | isMonotoneOutside | mass_Baryon | mass_ADM | AST(radius) | radius  |  phi_c | rho_c | ctr |
1 0 1 1 3.1828536075813998e-02 2.4246762775350674e-02 1.0000000000000042e+00 8.6200399999999802e-02 3.5841980052507215e-03 1.7223690827998013e+01 33
1 1 1 1 3.1828817004197762e-02 2.4246882120027295e-02 1.0000000000000042e+00 8.6200024999999805e-02 3.5856156006936904e-03 1.7223988021981530e+01 37
1 1 1 1 3.1829097911868616e-02 2.4247001451121599e-02 1.0000000000000042e+00 8.6199649999999808e-02 3.5870332324198844e-03 1.7224285213920485e+01 37
1 1 1 1 3.1829378798827336e-02 2.4247120768633074e-02 1.0000000000000042e+00 8.6199274999999811e-02 3.5884509005841125e-03 1.7224582403814285e+01 37
1 1 1 1 3.1829659665073923e-02 2.4247240072562588e-02 1.0000000000000042e+00 8.6198899999999815e-02 3.5898686053360308e-03 1.7224879591661303e+01 37
1 1 1 1 3.1876647935932846e-02 2.4267131496860130e-02 1.0000000000000056e+00 8.6135770136024803e-02 3.8291716575045457e-03 1.7274880112518250e+01 33
1 1 1 1 3.1923110759583179e-02 2.4286665870091845e-02 1.0000000000000071e+00 8.6072561733862019e-02 4.0704508251597068e-03 1.7324880412631948e+01 33
1 1 1 1 3.1969053881013954e-02 2.4305847126643104e-02 1.0000000000000089e+00 8.6009269408666655e-02 4.3142494977315331e-03 1.7374881038472779e+01 33
1 1 1 1 3.2014481408474189e-02 2.4324678454410647e-02 1.0000000000000113e+00 8.5945889672033260e-02 4.5610048897725243e-03 1.7424881750068767e+01 33
1 1 1 1 3.2059396751683629e-02 2.4343162703454067e-02 1.0000000000000142e+00 8.5882419745251681e-02 4.8110747896925286e-03 1.7474882339588216e+01 33
1 1 1 1 3.2103812848188779e-02 2.4361243793275152e-02 1.0000000000000178e+00 8.5818857181437169e-02 5.0648093814351647e-03 1.7524893438632052e+01 33
1 1 1 1 3.2147695013233758e-02 2.4378967503502519e-02 1.0000000000000220e+00 8.5755240520089204e-02 5.3222404241491644e-03 1.7574873430273641e+01 33
1 1 1 1 3.2191098565794662e-02 2.4396361384400669e-02 1.0000000000000271e+00 8.5691490322661046e-02 5.5838842050511261e-03 1.7624882954410769e+01 33
1 1 1 1 3.2233991863252716e-02 2.4413414023959336e-02 1.0000000000000333e+00 8.5627654061663450e-02 5.8497141860011578e-03 1.7674883898461172e+01 33
1 1 1 1 3.2276383295379366e-02 2.4430130135785953e-02 1.0000000000000404e+00 8.5563720964226375e-02 6.1199134699439894e-03 1.7724884155843586e+01 33
1 1 1 1 3.2318274679565134e-02 2.4446511766030871e-02 1.0000000000000491e+00 8.5499689761966591e-02 6.3946044438407228e-03 1.7774884376335880e+01 33
1 1 1 1 3.2359576906218122e-02 2.4462560653494708e-02 1.0000000000000595e+00 8.5435560251109766e-02 6.6738865587443706e-03 1.7824884565527668e+01 33
1 1 1 1 3.2400372212189617e-02 2.4478278468289340e-02 1.0000000000000717e+00 8.5371332438000158e-02 6.9578428284162927e-03 1.7874884728093395e+01 33
1 1 1 1 3.2440669503535496e-02 2.4493666826148675e-02 1.0000000000000859e+00 8.5307006509986183e-02 7.2465423923850861e-03 1.7924884868003502e+01 33
1 1 1 1 3.2480469538882131e-02 2.4508727300300428e-02 1.0000000000001028e+00 8.5242582810698297e-02 7.5400426400633281e-03 1.7974884988595260e+01 33
1 1 1 1 3.2519773009297745e-02 2.4523461431350851e-02 1.0000000000001228e+00 8.5178061818833473e-02 7.8383909790997464e-03 1.8024885092761373e+01 33
1 1 1 1 3.2558580556001727e-02 2.4537870735420970e-02 1.0000000000001459e+00 8.5113444130282823e-02 8.1416263102976894e-03 1.8074885182936882e+01 33
1 1 1 1 3.2596896770855421e-02 2.4551927614781935e-02 1.0000000000001730e+00 8.5048730442748577e-02 8.4498106755358116e-03 1.8124890156757942e+01 33
1 1 1 1 3.2634710867112560e-02 2.4565630921725524e-02 1.0000000000002045e+00 8.4983940554051729e-02 8.7628768442449493e-03 1.8174885110405221e+01 33
1 1 1 1 3.2672031448960033e-02 2.4579013806991967e-02 1.0000000000002411e+00 8.4919055448681113e-02 9.0809108808712295e-03 1.8224880811662906e+01 33
1 1 1 1 3.2708865043326957e-02 2.4592079856977783e-02 1.0000000000002836e+00 8.4854065417095392e-02 9.4039816298611880e-03 1.8274885438470413e+01 33
1 1 1 1 3.2745202206422866e-02 2.4604826990557462e-02 1.0000000000003326e+00 8.4788988992230585e-02 9.7320138434555097e-03 1.8324885484683520e+01 33
1 1 1 1 3.2781046909801902e-02 2.4617257909187319e-02 1.0000000000003892e+00 8.4723821276696698e-02 1.0065044719760417e-02 1.8374885525642036e+01 33
1 1 1 1 3.2816399747056739e-02 2.4629374108151584e-02 1.0000000000004547e+00 8.4658563361956873e-02 1.0403079076405867e-02 1.8424885562127884e+01 33
1 1 1 1 3.2851204307146407e-02 2.4641177088067439e-02 1.0000000000005298e+00 8.4593216382358172e-02 1.0746119053354358e-02 1.8474885594785889e+01 33
1 1 1 1 3.2885487045361469e-02 2.4652668356209016e-02 1.0000000000006162e+00 8.4527781510842170e-02 1.1094164434182418e-02 1.8524885624169389e+01 33
1 1 1 1 3.2919279299655949e-02 2.4663849427564600e-02 1.0000000000007152e+00 8.4462259955308205e-02 1.1447212920711929e-02 1.8574885650731872e+01 33
1 1 1 1 3.2952581778903832e-02 2.4674721825676527e-02 1.0000000000008284e+00 8.4396652955419760e-02 1.1805260369166945e-02 1.8624885674865801e+01 33
1 1 1 1 3.2985395220367641e-02 2.4685287083283068e-02 1.0000000000009581e+00 8.4330961779888303e-02 1.2168300993314184e-02 1.8674885696882122e+01 33
1 1 1 1 3.3017720391254654e-02 2.4695546742825095e-02 1.0000000000011058e+00 8.4265187724024915e-02 1.2536327540704370e-02 1.8724885717068073e+01 33
1 1 1 1 3.3049558089903230e-02 2.4705502356804659e-02 1.0000000000012741e+00 8.4199332107708136e-02 1.2909331444917333e-02 1.8774885735634651e+01 33
1 1 1 1 3.3080910638434699e-02 2.4715141396526898e-02 1.0000000000014655e+00 8.4133396273455452e-02 1.3287319762339631e-02 1.8824887961124304e+01 33
1 1 1 1 3.3111777074127990e-02 2.4724442133446371e-02 1.0000000000016829e+00 8.4067390322766555e-02 1.3670257946810854e-02 1.8874889229381520e+01 33
1 1 1 1 3.3142152370385355e-02 2.4733441541755222e-02 1.0000000000019296e+00 8.4001320602662022e-02 1.4058060808968856e-02 1.8924880173005668e+01 33
1 1 1 1 3.3172052586212288e-02 2.4742145691884074e-02 1.0000000000022089e+00 8.3935155457656951e-02 1.4450910303109700e-02 1.8974885794518958e+01 33
1 1 1 1 3.3201466424548375e-02 2.4750552590632607e-02 1.0000000000025251e+00 8.3868923125097583e-02 1.4848634957916029e-02 1.9024885807412577e+01 33
1 1 1 1 3.3230398264792266e-02 2.4758664860122567e-02 1.0000000000028821e+00 8.3802617621064834e-02 1.5251264389731149e-02 1.9074885819491080e+01 33
1 1 1 1 3.3258849140752382e-02 2.4766484139962911e-02 1.0000000000032849e+00 8.3736240392352779e-02 1.5658783776211618e-02 1.9124885830832277e+01 33
1 1 1 1 3.3286820120852968e-02 2.4774012079877533e-02 1.0000000000037388e+00 8.3669792899957796e-02 1.6071177690479343e-02 1.9174885841493918e+01 33
1 1 1 1 3.3314290782462563e-02 2.4781250339527865e-02 1.0000000000042497e+00 8.3603276618238742e-02 1.6488430151206178e-02 1.9224885851538357e+01 33
1 1 1 1 3.3341228899909293e-02 2.4788200588306584e-02 1.0000000000048239e+00 8.3536693034197473e-02 1.6910524667120081e-02 1.9274885861003092e+01 33
1 1 1 1 3.3367690285146280e-02 2.4794864505122170e-02 1.0000000000054690e+00 8.3470043646734937e-02 1.7337444277584012e-02 1.9324885869939227e+01 33
1 1 1 1 3.3393676165328061e-02 2.4801243778150031e-02 1.0000000000061919e+00 8.3403329966043160e-02 1.7769171588575640e-02 1.9374885878371664e+01 33
1 1 1 1 3.3419187801303887e-02 2.4807340104587617e-02 1.0000000000070022e+00 8.3336553512941169e-02 1.8205688805935889e-02 1.9424885886346242e+01 33
1 1 1 1 3.3444226487297730e-02 2.4813155190385280e-02 1.0000000000079088e+00 8.3269715818361512e-02 1.8646977764709024e-02 1.9474885893878298e+01 33
1 1 1 1 3.3468793550602491e-02 2.4818690749972599e-02 1.0000000000089224e+00 8.3202818422746738e-02 1.9093019956580436e-02 1.9524885900994587e+01 33
1 1 1 1 3.3492890351224394e-02 2.4823948505971530e-02 1.0000000000100542e+00 8.3135862875551719e-02 1.9543796554463460e-02 1.9574885907723175e+01 33
1 1 1 1 3.3516518281498472e-02 2.4828930188912548e-02 1.0000000000113165e+00 8.3068850734770633e-02 1.9999288434865037e-02 1.9624885914074408e+01 33
1 1 1 1 3.3539680579933374e-02 2.4833613291179168e-02 1.0000000000127240e+00 8.3001783566427650e-02 2.0459509005140486e-02 1.9674889466485368e+01 33
1 1 1 1 3.3562373411277165e-02 2.4838004197479318e-02 1.0000000000142915e+00 8.2934677216022934e-02 2.0924332655555346e-02 1.9724885119345156e+01 32
1 1 1 1 3.3584602885648449e-02 2.4842124499667245e-02 1.0000000000160350e+00 8.2867515738373615e-02 2.1393834868895428e-02 1.9774883213435732e+01 32
1 1 1 1 3.3606371393576875e-02 2.4845976090736920e-02 1.0000000000179725e+00 8.2800297772199022e-02 2.1868017035157370e-02 1.9824885934157169e+01 32
1 1 1 1 3.3627677259509776e-02 2.4849560166248071e-02 1.0000000000201235e+00 8.2733034776878989e-02 2.2346789461666922e-02 1.9874885938883789e+01 32
1 1 1 1 3.3648523255548325e-02 2.4852878725146407e-02 1.0000000000225093e+00 8.2665724700674792e-02 2.2830157254531382e-02 1.9924885943314273e+01 32
1 1 1 1 3.3668910988230973e-02 2.4855933555547209e-02 1.0000000000251534e+00 8.2598369146744233e-02 2.3318099710418989e-02 1.9974885947462226e+01 32
1 1 1 1 3.3688842092870014e-02 2.4858726450904783e-02 1.0000000000280809e+00 8.2530969723475567e-02 2.3810595955743818e-02 2.0024885951331598e+01 32
1 1 1 1 3.3708318233070501e-02 2.4861259209708737e-02 1.0000000000313194e+00 8.2463528044107171e-02 2.4307624957855309e-02 2.0074885954936196e+01 32
1 1 1 1 3.3727341100229714e-02 2.4863533635183663e-02 1.0000000000348990e+00 8.2396045726404910e-02 2.4809165535098932e-02 2.0124885958279769e+01 32
1 1 1 1 3.3745854015291510e-02 2.4865551534985684e-02 1.0000000000388520e+00 8.2328524392303537e-02 2.5315196366506188e-02 2.0174885961366815e+01 32
1 1 1 1 3.3763912061463605e-02 2.4867314720903984e-02 1.0000000000432141e+00 8.2260965667569352e-02 2.5825696000789503e-02 2.0224885964205018e+01 32
1 1 1 1 3.3781522082891674e-02 2.4868825008564400e-02 1.0000000000480236e+00 8.2193371181480457e-02 2.6340642864763661e-02 2.0274885966806220e+01 32
1 1 1 1 3.3798685893651752e-02 2.4870084217140920e-02 1.0000000000533218e+00 8.2125742566529492e-02 2.6860015271070018e-02 2.0324885969169486e+01 32
1 1 1 1 3.3815405332876518e-02 2.4871094169057906e-02 1.0000000000591540e+00 8.2058081458084409e-02 2.7383791425749683e-02 2.0374885971295107e+01 32
1 1 1 1 3.3831682264256493e-02 2.4871856689708687e-02 1.0000000000655691e+00 8.1990389494070115e-02 2.7911949435428421e-02 2.0424885973201967e+01 32
1 1 1 1 3.3847518575512860e-02 2.4872373607173506e-02 1.0000000000726197e+00 8.1922668314724001e-02 2.8444467313465661e-02 2.0474885974883822e+01 32
1 1 1 1 3.3862916177889862e-02 2.4872646751929232e-02 1.0000000000803630e+00 8.1854919562249384e-02 2.8981322986606165e-02 2.0524885976348163e+01 32
1 1 1 1 3.3877877005646380e-02 2.4872677956585900e-02 1.0000000000888607e+00 8.1787144880550056e-02 2.9522494300706862e-02 2.0574885977598576e+01 32
1 0 1 1 3.3892403015538163e-02 2.4872469055602125e-02 1.0000000000981792e+00 8.1719345914940372e-02 3.0067959026399610e-02 2.0624885978640464e+01 32
1 0 1 1 3.3906496420607689e-02 2.4872016717281877e-02 1.0000000001083922e+00 8.1651524311872503e-02 3.0617702696775176e-02 2.0674886689110139e+01 32
1 0 1 1 3.3920159696948587e-02 2.4871298581779278e-02 1.0000000001195819e+00 8.1583684606497925e-02 3.1171716462418644e-02 2.0724889307927466e+01 31
1 0 1 1 3.3933391503743839e-02 2.4870346148984607e-02 1.0000000001318246e+00 8.1515839103973697e-02 3.1729845068315998e-02 2.0774881938915193e+01 31
1 0 1 1 3.3946199527696785e-02 2.4869160848319888e-02 1.0000000001452161e+00 8.1447960411807713e-02 3.2292305097042749e-02 2.0824885979274494e+01 31
1 0 1 1 3.3958581778792470e-02 2.4867744841999256e-02 1.0000000001598495e+00 8.1380071145191413e-02 3.2858901164401474e-02 2.0874885979342626e+01 31
1 0 1 1 3.3970541390130719e-02 2.4866099891180431e-02 1.0000000001758302e+00 8.1312167467072233e-02 3.3429655967370846e-02 2.0924885979225856e+01 31
1 0 1 1 3.3982080461739526e-02 2.4864227843318380e-02 1.0000000001932707e+00 8.1244251023594061e-02 3.4004546885229400e-02 2.0974885978922771e+01 31
1 0 1 1 3.3993201112141457e-02 2.4862130545545709e-02 1.0000000002122922e+00 8.1176323460233846e-02 3.4583551258273781e-02 2.1024885978442160e+01 31
1 0 1 1 3.4003905477845806e-02 2.4859809844421994e-02 1.0000000002330238e+00 8.1108386421586187e-02 3.5166646391233729e-02 2.1074885977781236e+01 31
1 0 1 1 3.4014195712872217e-02 2.4857267585710625e-02 1.0000000002556053e+00 8.1040441551098574e-02 3.5753809557003510e-02 2.1124885976944114e+01 31
1 0 1 1 3.4024073988266214e-02 2.4854505614147922e-02 1.0000000002801857e+00 8.0972490490846982e-02 3.6345018000020560e-02 2.1174885975941695e+01 31
1 0 1 1 3.4033542491609961e-02 2.4851525773220976e-02 1.0000000003069254e+00 8.0904534881335088e-02 3.6940248939177786e-02 2.1224885974763296e+01 31
1 0 1 1 3.4042603426555365e-02 2.4848329904944774e-02 1.0000000003359961e+00 8.0836576361211027e-02 3.7539479571496406e-02 2.1274885973423071e+01 31
1 0 1 1 3.4051218202103904e-02 2.4844919849649066e-02 1.0000000003675815e+00 8.0768616567100576e-02 3.8142687074688660e-02 2.1324885971922427e+01 31
1 0 1 1 3.4059421975739919e-02 2.4841297445771290e-02 1.0000000004018783e+00 8.0700657133373627e-02 3.8749848610140823e-02 2.1374885970257186e+01 31
1 0 1 1 3.4067225091574754e-02 2.4837464529641414e-02 1.0000000004390972e+00 8.0632699691907311e-02 3.9360941325924388e-02 2.1424885968435333e+01 30
1 0 1 1 3.4074629823653182e-02 2.4833422935285534e-02 1.0000000004794631e+00 8.0564745871900711e-02 3.9975942359333848e-02 2.1474885966463582e+01 30
1 0 1 1 3.4081638459538717e-02 2.4829174494221055e-02 1.0000000005232168e+00 8.0496797299678957e-02 4.0594828839334719e-02 2.1524885964334548e+01 30
1 0 1 1 3.4088253299874714e-02 2.4824721035267807e-02 1.0000000005706149e+00 8.0428855598450671e-02 4.1217577889513121e-02 2.1574885962061568e+01 30
1 0 1 1 3.4094476657922354e-02 2.4820064384355998e-02 1.0000000006219316e+00 8.0360922388159006e-02 4.1844166629983623e-02 2.1624885959635751e+01 30
1 0 1 1 3.4100310859127618e-02 2.4815206364335245e-02 1.0000000006774599e+00 8.0292999285232203e-02 4.2474572180365683e-02 2.1674885957075599e+01 30
1 0 1 1 3.4105758240667514e-02 2.4810148794795865e-02 1.0000000007375114e+00 8.0225087902464243e-02 4.3108771661277814e-02 2.1724885954363856e+01 30
1 0 1 1 3.4110821151032727e-02 2.4804893491890464e-02 1.0000000008024190e+00 8.0157189848737764e-02 4.3746742197492118e-02 2.1774885951522013e+01 30
1 0 1 1 3.4115501949579241e-02 2.4799442268153685e-02 1.0000000008725369e+00 8.0089306728930082e-02 4.4388460919204863e-02 2.1824885948541191e+01 30
1 0 1 1 3.4119803006112781e-02 2.4793796932338852e-02 1.0000000009482426e+00 8.0021440143672518e-02 4.5033904964642768e-02 2.1874885945423159e+01 30
1 0 1 1 3.4123726700464291e-02 2.4787959289242264e-02 1.0000000010299375e+00 7.9953591689181924e-02 4.5683051482102971e-02 2.1924885942181660e+01 30
1 0 1 1 3.4127275422072098e-02 2.4781931139549063e-02 1.0000000011180485e+00 7.9885762957129569e-02 4.6335877631455927e-02 2.1974885938806754e+01 30
1 0 1 1 3.4130451725342431e-02 2.4775703461058361e-02 1.0000000012130557e+00 7.9817955534416174e-02 4.6992379156924870e-02 2.2024887345770502e+01 30
1 0 1 1 3.4133257806356204e-02 2.4769275326695286e-02 1.0000000013154469e+00 7.9750176740995632e-02 4.7652483187980092e-02 2.2074886358528705e+01 30
1 0 1 1 3.4135696088003466e-02 2.4762662432470564e-02 1.0000000014257098e+00 7.9682424153167730e-02 4.8316180926325725e-02 2.2124884067489916e+01 29
1 0 1 1 3.4137769228588424e-02 2.4755865828405010e-02 1.0000000015444026e+00 7.9614691957477335e-02 4.8983522261854970e-02 2.2174885923403835e+01 29
1 0 1 1 3.4139479385420550e-02 2.4748888100149961e-02 1.0000000016720902e+00 7.9546989857991746e-02 4.9654404518173767e-02 2.2224885919432797e+01 29
1 0 1 1 3.4140829080978929e-02 2.4741730774857439e-02 1.0000000018093909e+00 7.9479316894889851e-02 5.0328829719435919e-02 2.2274885915354702e+01 29
1 0 1 1 3.4141820760679287e-02 2.4734395623810069e-02 1.0000000019569553e+00 7.9411674622426709e-02 5.1006775159243394e-02 2.2324885911160880e+01 29
1 0 1 1 3.4142456876377909e-02 2.4726884412874690e-02 1.0000000021154731e+00 7.9344064589019769e-02 5.1688218157203272e-02 2.2374885906861312e+01 29
1 0 1 1 3.4142739885991660e-02 2.4719198902377691e-02 1.0000000022856750e+00 7.9276488337147732e-02 5.2373136059947450e-02 2.2424885902446505e+01 29
1 0 1 1 3.4142672253136025e-02 2.4711340846976491e-02 1.0000000024683346e+00 7.9208947403158758e-02 5.3061506243272383e-02 2.2474885897934776e+01 29
1 0 1 1 3.4142256446753942e-02 2.4703311995539146e-02 1.0000000026642706e+00 7.9141443317205490e-02 5.3753306112801928e-02 2.2524885893314380e+01 29
1 0 1 1 3.4141494940754087e-02 2.4695114091018940e-02 1.0000000028743490e+00 7.9073977603045575e-02 5.4448513106079878e-02 2.2574885888592288e+01 29
1 0 1 1 3.4140390213657459e-02 2.4686748870340218e-02 1.0000000030994853e+00 7.9006551777943024e-02 5.5147104693688734e-02 2.2624885883774841e+01 29
1 0 1 1 3.4138944748243860e-02 2.4678218064283525e-02 1.0000000033406480e+00 7.8939167352551409e-02 5.5849058380472875e-02 2.2674885878858735e+01 29
1 0 1 1 3.4137161031204559e-02 2.4669523397375812e-02 1.0000000035988588e+00 7.8871825830767905e-02 5.6554351707068302e-02 2.2724885873846031e+01 29
1 0 1 1 3.4135041552798992e-02 2.4660666587779923e-02 1.0000000038751982e+00 7.8804528709617933e-02 5.7262962251117051e-02 2.2774885868739108e+01 29
1 0 1 1 3.4132588806520037e-02 2.4651649347190652e-02 1.0000000041708053e+00 7.8737277479136780e-02 5.7974867628641950e-02 2.2824885863549220e+01 29
1 0 1 1 3.4129805288758586e-02 2.4642473380740215e-02 1.0000000044868829e+00 7.8670073622290310e-02 5.8690045494744637e-02 2.2874885858259184e+01 28
1 0 1 1 3.4126669777477088e-02 2.4633140386882524e-02 1.0000000048246993e+00 7.8602918614784301e-02 5.9408473545768677e-02 2.2924885852891737e+01 28
1 0 1 1 3.4123200641140453e-02 2.4623652057317102e-02 1.0000000051855913e+00 7.8535813925050380e-02 6.0130129519354814e-02 2.2974885847431317e+01 28
1 0 1 1 3.4119408559906458e-02 2.4614010076881784e-02 1.0000000055709677e+00 7.8468761014054644e-02 6.0854991196611148e-02 2.3024885841896182e+01 28
1 0 1 1 3.4115296042965357e-02 2.4604216123469101e-02 1.0000000059823126e+00 7.8401761335273545e-02 6.1583036402256999e-02 2.3074885836271260e+01 28
1 0 1 1 3.4110865600645357e-02 2.4594271867937962e-02 1.0000000064211882e+00 7.8334816334515001e-02 6.2314243006662523e-02 2.3124885830573824e+01 28
1 0 1 1 3.4106119744098107e-02 2.4584178974025657e-02 1.0000000068892392e+00 7.8267927449894525e-02 6.3048588926028284e-02 2.3174885824793158e+01 28
1 0 1 1 3.4101060985009153e-02 2.4573939098271189e-02 1.0000000073881952e+00 7.8201096111678914e-02 6.3786052124158790e-02 2.3224885818940798e+01 28
1 0 1 1 3.4095691835297919e-02 2.4563553889932456e-02 1.0000000079198754e+00 7.8134323742242551e-02 6.4526610612935825e-02 2.3274885813014173e+01 28
1 0 1 1 3.4090014806828023e-02 2.4553024990911297e-02 1.0000000084861922e+00 7.8067611755953392e-02 6.5270242453551494e-02 2.3324885807013043e+01 28
1 0 1 1 3.4084032411119194e-02 2.4542354035674511e-02 1.0000000090891548e+00 7.8000961559083981e-02 6.6016925757536121e-02 2.3374885800943975e+01 28
1 0 1 1 3.4077747159071435e-02 2.4531542651191719e-02 1.0000000097308739e+00 7.7934374549746610e-02 6.6766638687465907e-02 2.3424885794804290e+01 28
1 0 1 1 3.4071161560680983e-02 2.4520592456856342e-02 1.0000000104135653e+00 7.7867852117791625e-02 6.7519359458130992e-02 2.3474885788598947e+01 28
1 0 1 1 3.4064278124774409e-02 2.4509505064427128e-02 1.0000000111395546e+00 7.7801395644745114e-02 6.8275066337237969e-02 2.3524885782327310e+01 28
1 0 1 1 3.4057099358733300e-02 2.4498282077955433e-02 1.0000000119112817e+00 7.7735006503721199e-02 6.9033737646434196e-02 2.3574885775993057e+01 27
1 0 1 1 3.4049627768238160e-02 2.4486925093732296e-02 1.0000000127313049e+00 7.7668686059358616e-02 6.9795351762059435e-02 2.3624885769597068e+01 27
1 0 1 1 3.4041865857000544e-02 2.4475435700221749e-02 1.0000000136023071e+00 7.7602435667745245e-02 7.0559887115979991e-02 2.3674885763137297e+01 27
1 0 1 1 3.4033816126516549e-02 2.4463815478008959e-02 1.0000000145270982e+00 7.7536256676336512e-02 7.1327322196647266e-02 2.3724885756624566e+01 27
1 0 1 1 3.4025481075806614e-02 2.4452065999739970e-02 1.0000000155086231e+00 7.7470150423926465e-02 7.2097635549353847e-02 2.3774885750047300e+01 27
1 0 1 1 3.4016863201175702e-02 2.4440188830071569e-02 1.0000000165499643e+00 7.7404118240527287e-02 7.2870805777799766e-02 2.3824885743422627e+01 27
1 0 1 1 3.4007964995969274e-02 2.4428185525624244e-02 1.0000000176543489e+00 7.7338161447377568e-02 7.3646811543917542e-02 2.3874885736735695e+01 27
1 0 1 1 3.3998788950330962e-02 2.4416057634923435e-02 1.0000000188251534e+00 7.7272281356808692e-02 7.4425631569590797e-02 2.3924885730002984e+01 27
1 0 1 1 3.3989337550976731e-02 2.4403806698368991e-02 1.0000000200659094e+00 7.7206479272258266e-02 7.5207244636461362e-02 2.3974885723212747e+01 27
1 0 1 1 3.3979613280954314e-02 2.4391434248172500e-02 1.0000000213803093e+00 7.7140756488152912e-02 7.5991629587455381e-02 2.4024885716378094e+01 27
1 0 1 1 3.3969618563659633e-02 2.4378939013220299e-02 1.0000000227723389e+00 7.7075114289910984e-02 7.6778770951459518e-02 2.4074886066137076e+01 27
1 0 1 1 3.3959355931919122e-02 2.4366315113557004e-02 1.0000000242463931e+00 7.7009555358216297e-02 7.7568646319217782e-02 2.4124886681798483e+01 27
1 0 1 1 3.3948828478405794e-02 2.4353575207371140e-02 1.0000000258061690e+00 7.6944083408132108e-02 7.8361183419032657e-02 2.4174884329887501e+01 27
1 0 1 1 3.3938037257326005e-02 2.4340719089982060e-02 1.0000000274562784e+00 7.6878690954466089e-02 7.9156467261156993e-02 2.4224885688459747e+01 27
1 0 1 1 3.3926985807170566e-02 2.4327749549532814e-02 1.0000000292011542e+00 7.6813385890413088e-02 7.9954396454983645e-02 2.4274885681402978e+01 27
1 0 1 1 3.3915676293299987e-02 2.4314667719105461e-02 1.0000000310456330e+00 7.6748167668272610e-02 8.0754971906024611e-02 2.4324885674308309e+01 26
1 0 1 1 3.3904111167054697e-02 2.4301475072831202e-02 1.0000000329947132e+00 7.6683037518155805e-02 8.1558172901659481e-02 2.4374885667171114e+01 26
1 0 1 1 3.3892292874412734e-02 2.4288173076310711e-02 1.0000000350536062e+00 7.6617996660834797e-02 8.2363978795340687e-02 2.4424885659993048e+01 26
1 0 1 1 3.3880223855802201e-02 2.4274763186593662e-02 1.0000000372277431e+00 7.6553046307712869e-02 8.3172369007160143e-02 2.4474885652782106e+01 26
1 0 1 1 3.3867906545908447e-02 2.4261246852154996e-02 1.0000000395227826e+00 7.6488187660813944e-02 8.3983323024016537e-02 2.4524885645528787e+01 26
1 0 1 1 3.3855343373485225e-02 2.4247625512865849e-02 1.0000000419446173e+00 7.6423421912706041e-02 8.4796820400788397e-02 2.4574885638245618e+01 26
1 0 1 1 3.3842536761175337e-02 2.4233900599978642e-02 1.0000000444993828e+00 7.6358750246521473e-02 8.5612840760182815e-02 2.4624885630925622e+01 26
1 0 1 1 3.3829489125328981e-02 2.4220073536106831e-02 1.0000000471934645e+00 7.6294173835888907e-02 8.6431363793716479e-02 2.4674885623571026e+01 26
1 0 1 1 3.3816202875824819e-02 2.4206145735198012e-02 1.0000000500335058e+00 7.6229693844918095e-02 8.7252369262147828e-02 2.4724885616190043e+01 26
1 0 1 1 3.3802680415910107e-02 2.4192118602535600e-02 1.0000000530264161e+00 7.6165311428198657e-02 8.8075836995580997e-02 2.4774885608773058e+01 26
1 0 1 1 3.3788924142015210e-02 2.4177993534704095e-02 1.0000000561793791e+00 7.6101027730733128e-02 8.8901746894522266e-02 2.4824885601328912e+01 26
1 0 1 1 3.3774936443601022e-02 2.4163771919587154e-02 1.0000000594998610e+00 7.6036843887952066e-02 8.9730078929880136e-02 2.4874885593857098e+01 26
1 0 1 1 3.3760719702994643e-02 2.4149455136354466e-02 1.0000000629956192e+00 7.5972761025681207e-02 9.0560813143561833e-02 2.4924885586356893e+01 26
1 0 1 1 3.3746276295231616e-02 2.4135044555449618e-02 1.0000000666747113e+00 7.5908780260119491e-02 9.1393929648975164e-02 2.4974885578831792e+01 26
1 0 1 1 3.3731608587899274e-02 2.4120541538580204e-02 1.0000000705455032e+00 7.5844902697832756e-02 9.2229408631275753e-02 2.5024885571279111e+01 26
1 0 1 1 3.3716718940989363e-02 2.4105947438712742e-02 1.0000000746166782e+00 7.5781129435722905e-02 9.3067230348032312e-02 2.5074885563705394e+01 25
1 0 1 1 3.3701609706748348e-02 2.4091263600062900e-02 1.0000000788972470e+00 7.5717461561037647e-02 9.3907375129296547e-02 2.5124885556107280e+01 25
1 0 1 1 3.3686283229533244e-02 2.4076491358092100e-02 1.0000000833965554e+00 7.5653900151338521e-02 9.4749823378245432e-02 2.5174885548486717e+01 25
1 0 1 1 3.3670741845674243e-02 2.4061632039506783e-02 1.0000000881242954e+00 7.5590446274498069e-02 9.5594555571491560e-02 2.5224885540847158e+01 25
1 0 1 1 3.3654987883334160e-02 2.4046686962252400e-02 1.0000000930905131e+00 7.5527100988698970e-02 9.6441552259274227e-02 2.5274885533183806e+01 25
1 0 1 1 3.3639023662370600e-02 2.4031657435508062e-02 1.0000000983056194e+00 7.5463865342404235e-02 9.7290794066191927e-02 2.5324885525506243e+01 25
1 0 1 1 3.3622851494215171e-02 2.4016544759697039e-02 1.0000001037803994e+00 7.5400740374386738e-02 9.8142261691005261e-02 2.5374885517806650e+01 25
1 0 1 1 3.3606473681736929e-02 2.4001350226480041e-02 1.0000001095260225e+00 7.5337727113686803e-02 9.8995935907501040e-02 2.5424885510091432e+01 25
1 0 1 1 3.3589892519121790e-02 2.3986075118759758e-02 1.0000001155540519e+00 7.5274826579636134e-02 9.9851797564445691e-02 2.5474885502359939e+01 25
1 0 1 1 3.3573110291748552e-02 2.3970720710682583e-02 1.0000001218764552e+00 7.5212039781845264e-02 1.0070982758605194e-01 2.5524885494613883e+01 25
1 0 1 1 3.3556129276074341e-02 2.3955288267647288e-02 1.0000001285056148e+00 7.5149367720208360e-02 1.0157000697216730e-01 2.5574885486850871e+01 25
1 0 1 1 3.3538951739514440e-02 2.3939779046306550e-02 1.0000001354543375e+00 7.5086811384891816e-02 1.0243231679874570e-01 2.5624885479075207e+01 25
1 0 1 1 3.3521579940333626e-02 2.3924194294573771e-02 1.0000001427358658e+00 7.5024371756350544e-02 1.0329673821799092e-01 2.5674885471290480e+01 25
1 0 1 1 3.3504016127539643e-02 2.3908535251638309e-02 1.0000001503638878e+00 7.4962049805338715e-02 1.0416325245840083e-01 2.5724885463486206e+01 25
1 0 1 1 3.3486262540766955e-02 2.3892803147960179e-02 1.0000001583525482e+00 7.4899846492873290e-02 1.0503184082575312e-01 2.5774885455680447e+01 25
1 0 1 1 3.3468321410185776e-02 2.3876999205294687e-02 1.0000001667164589e+00 7.4837762770309263e-02 1.0590248470222134e-01 2.5824885447854371e+01 25
1 0 1 1 3.3450194956389540e-02 2.3861124636691385e-02 1.0000001754707097e+00 7.4775799579263946e-02 1.0677516554788664e-01 2.5874885440025377e+01 24
1 0 1 1 3.3431885390308273e-02 2.3845180646513975e-02 1.0000001846308799e+00 7.4713957851699042e-02 1.0764986489989346e-01 2.5924885432185892e+01 24
1 0 1 1 3.3413394913106187e-02 2.3829168430448053e-02 1.0000001942130481e+00 7.4652238509886559e-02 1.0852656437328860e-01 2.5974885424338645e+01 24
1 0 1 1 3.3394725716094170e-02 2.3813089175518387e-02 1.0000002042338039e+00 7.4590642466434820e-02 1.0940524566100872e-01 2.6024885416483901e+01 24
1 0 1 1 3.3375879980637527e-02 2.3796944060099443e-02 1.0000002147102593e+00 7.4529170624296204e-02 1.1028589053413680e-01 2.6074885408622787e+01 24
1 0 1 1 3.3356859321016195e-02 2.3780734253933098e-02 1.0000002256600591e+00 7.4467823876781580e-02 1.1116848084203992e-01 2.6124885400754028e+01 24
1 0 1 1 3.3337658739777391e-02 2.3764460918143483e-02 1.0000002371013927e+00 7.4406603107566138e-02 1.1205299851272821e-01 2.6174885392883880e+01 24
1 0 1 1 3.3318288370083167e-02 2.3748125205255745e-02 1.0000002490530049e+00 7.4345509190724718e-02 1.1293942555269861e-01 2.6224885385007557e+01 24
1 0 1 1 3.3298750350981454e-02 2.3731728259211736e-02 1.0000002615342074e+00 7.4284542990725039e-02 1.1382774404742135e-01 2.6274885377127084e+01 24
1 0 1 1 3.3279046811126201e-02 2.3715271215391784e-02 1.0000002745648902e+00 7.4223705362453873e-02 1.1471793616138359e-01 2.6324885369244740e+01 24
1 0 1 1 3.3259179868702152e-02 2.3698755200629168e-02 1.0000002881655323e+00 7.4162997151238252e-02 1.1560998413815099e-01 2.6374885361358363e+01 24
1 0 1 1 3.3239151631355685e-02 2.3682181333233167e-02 1.0000003023572139e+00 7.4102419192853153e-02 1.1650387030071793e-01 2.6424885353472728e+01 24
1 0 1 1 3.3218964196133370e-02 2.3665550723011523e-02 1.0000003171616274e+00 7.4041972313557441e-02 1.1739957705137280e-01 2.6474885345584664e+01 24
1 0 1 1 3.3198619649410774e-02 2.3648864471288389e-02 1.0000003326010878e+00 7.3981657330098261e-02 1.1829708687207842e-01 2.6524885337697107e+01 24
1 0 1 1 3.3178120066832892e-02 2.3632123670928359e-02 1.0000003486985454e+00 7.3921475049743585e-02 1.1919638232437255e-01 2.6574885329806992e+01 24
1 0 1 1 3.3157467513254039e-02 2.3615329406358399e-02 1.0000003654775962e+00 7.3861426270289354e-02 1.2009744604978044e-01 2.6624885321921955e+01 23
1 0 1 1 3.3136664042684373e-02 2.3598482753593740e-02 1.0000003829624935e+00 7.3801511780108797e-02 1.2100026076949147e-01 2.6674885314036818e+01 23
1 0 1 1 3.3115711698228675e-02 2.3581584780259478e-02 1.0000004011781587e+00 7.3741732358152123e-02 1.2190480928477551e-01 2.6724885306151023e+01 23
1 0 1 1 3.3094612512036138e-02 2.3564636545615449e-02 1.0000004201501933e+00 7.3682088773972088e-02 1.2281107447712006e-01 2.6774885298271467e+01 23
1 0 1 1 3.3073368505252894e-02 2.3547639100584009e-02 1.0000004399048887e+00 7.3622581787770092e-02 1.2371903930796559e-01 2.6824885290393443e+01 23
1 0 1 1 3.3051981687970092e-02 2.3530593487773976e-02 1.0000004604692385e+00 7.3563212150400237e-02 1.2462868681914245e-01 2.6874885282520459e+01 23
1 0 1 1 3.3030454059180529e-02 2.3513500741509402e-02 1.0000004818709487e+00 7.3503980603411179e-02 1.2554000013266622e-01 2.6924885274649291e+01 23
1 0 1 1 3.3008787606727791e-02 2.3496361887849152e-02 1.0000005041384485e+00 7.3444887879058229e-02 1.2645296245107751e-01 2.6974885266785620e+01 23
1 0 1 1 3.2986984307278783e-02 2.3479177944629528e-02 1.0000005273009021e+00 7.3385934700351652e-02 1.2736755705717046e-01 2.7024885258925512e+01 23
1 0 1 1 3.2965046126266953e-02 2.3461949921475600e-02 1.0000005513882175e+00 7.3327121781066734e-02 1.2828376731430036e-01 2.7074885251070427e+01 23
1 0 1 1 3.2942975017865792e-02 2.3444678819840435e-02 1.0000005764310593e+00 7.3268449825780069e-02 1.2920157666640314e-01 2.7124885243225599e+01 23
1 0 1 1 3.2920772924954614e-02 2.3427365633034963e-02 1.0000006024608572e+00 7.3209919529914291e-02 1.3012096863773015e-01 2.7174885235383854e+01 23
1 0 1 1 3.2898441779074895e-02 2.3410011346248785e-02 1.0000006295098174e+00 7.3151531579741025e-02 1.3104192683335117e-01 2.7224885227551734e+01 23
1 0 1 1 3.2875983500409996e-02 2.3392616936592017e-02 1.0000006576109322e+00 7.3093286652438305e-02 1.3196443493874535e-01 2.7274885219725554e+01 23
1 0 1 1 3.2853399997745808e-02 2.3375183373114772e-02 1.0000006867979905e+00 7.3035185416103821e-02 1.3288847672013657e-01 2.7324885211909468e+01 23
1 0 1 1 3.2830693168450616e-02 2.3357711616846261e-02 1.0000007171055871e+00 7.2977228529803234e-02 1.3381403602424222e-01 2.7374885204101005e+01 23
1 0 1 1 3.2807864898445727e-02 2.3340202620822686e-02 1.0000007485691329e+00 7.2919416643591028e-02 1.3474109677849641e-01 2.7424885196303180e+01 22
1 0 1 1 3.2784917062181916e-02 2.3322657330120462e-02 1.0000007812248639e+00 7.2861750398555414e-02 1.3566964299082340e-01 2.7474885188512300e+01 22
1 0 1 1 3.2761851522614960e-02 2.3305076681884990e-02 1.0000008151098507e+00 7.2804230426837147e-02 1.3659965874992663e-01 2.7524885180734366e+01 22
1 0 1 1 3.2738670131192624e-02 2.3287461605371530e-02 1.0000008502620072e+00 7.2746857351685318e-02 1.3753112822491734e-01 2.7574885172965480e+01 22
1 0 1 1 3.2715374727827706e-02 2.3269813021968833e-02 1.0000008867201002e+00 7.2689631787474729e-02 1.3846403566558257e-01 2.7624885165207914e+01 22
1 0 1 1 3.2691967140887526e-02 2.3252131845239599e-02 1.0000009245237576e+00 7.2632554339751548e-02 1.3939836540225212e-01 2.7674885157464040e+01 22
1 0 1 1 3.2668449187176624e-02 2.3234418980951559e-02 1.0000009637134761e+00 7.2575625605274835e-02 1.4033410184557230e-01 2.7724885149726234e+01 22
1 0 1 1 3.2644822671917928e-02 2.3216675327108340e-02 1.0000010043306313e+00 7.2518846172026447e-02 1.4127122948700715e-01 2.7774885142005491e+01 22
1 0 1 1 3.2621089388753723e-02 2.3198901773992142e-02 1.0000010464174831e+00 7.2462216619287367e-02 1.4220973289816016e-01 2.7824885134297809e+01 22
1 0 1 1 3.2597251119726292e-02 2.3181099204193620e-02 1.0000010900171850e+00 7.2405737517653973e-02 1.4314959673098815e-01 2.7874885126597931e+01 22
1 0 1 1 3.2573309635264391e-02 2.3163268492639357e-02 1.0000011351737912e+00 7.2349409429062622e-02 1.4409080571808569e-01 2.7924885118918059e+01 22
1 0 1 1 3.2549266694194466e-02 2.3145410506645994e-02 1.0000011819322630e+00 7.2293232906869120e-02 1.4503334467184287e-01 2.7974885111245321e+01 22
1 0 1 1 3.2525124043712654e-02 2.3127526105934413e-02 1.0000012303384762e+00 7.2237208495837091e-02 1.4597719848530363e-01 2.8024885103591625e+01 22
1 0 1 1 3.2500883419403472e-02 2.3109616142685526e-02 1.0000012804392273e+00 7.2181336732224044e-02 1.4692235213133570e-01 2.8074885095952855e+01 22
1 0 1 1 3.2476546545224853e-02 2.3091681461565188e-02 1.0000013322822394e+00 7.2125618143798753e-02 1.4786879066283984e-01 2.8124885088324277e+01 22
1 0 1 1 3.2452115133500263e-02 2.3073722899755744e-02 1.0000013859161685e+00 7.2070053249870092e-02 1.4881649921287582e-01 2.8174885080711483e+01 22
1 0 1 1 3.2427590884936908e-02 2.3055741287007069e-02 1.0000014413906082e+00 7.2014642561345821e-02 1.4976546299441393e-01 2.8224885073121371e+01 21
1 0 1 1 3.2402975488620415e-02 2.3037737445664851e-02 1.0000014987560961e+00 7.1959386580790152e-02 1.5071566729973898e-01 2.8274885065536306e+01 21
1 0 1 1 3.2378270622009125e-02 2.3019712190705820e-02 1.0000015580641166e+00 7.1904285802406209e-02 1.5166709750157190e-01 2.8324885057977067e+01 21
1 0 1 1 3.2353477950959150e-02 2.3001666329784929e-02 1.0000016193671071e+00 7.1849340712153376e-02 1.5261973905153725e-01 2.8374885050428613e+01 21
1 0 1 1 3.2328599129706717e-02 2.2983600663258445e-02 1.0000016827184610e+00 7.1794551787726479e-02 1.5357357748114187e-01 2.8424885042896442e+01 21
1 0 1 1 3.2303635800893141e-02 2.2965515984234169e-02 1.0000017481725316e+00 7.1739919498625904e-02 1.5452859840127300e-01 2.8474885035385867e+01 21
1 0 1 1 3.2278589595571235e-02 2.2947413078606725e-02 1.0000018157846351e+00 7.1685444306210266e-02 1.5548478750184075e-01 2.8524885027889663e+01 21
1 0 1 1 3.2253462133206616e-02 2.2929292725088438e-02 1.0000018856110533e+00 7.1631126663714129e-02 1.5644213055210746e-01 2.8574885020411518e+01 21
1 0 1 1 3.2228255021700562e-02 2.2911155695259582e-02 1.0000019577090367e+00 7.1576967016307225e-02 1.5740061340031250e-01 2.8624885012952134e+01 21
1 0 1 1 3.2202969857394771e-02 2.2893002753597590e-02 1.0000020321368055e+00 7.1522965801135818e-02 1.5836022197350075e-01 2.8674885005507694e+01 21
1 0 1 1 3.2177608225082401e-02 2.2874834657513055e-02 1.0000021089535516e+00 7.1469123447353428e-02 1.5932094227773627e-01 2.8724884998087944e+01 21
1 0 1 1 3.2152171698042062e-02 2.2856652157406700e-02 1.0000021882194396e+00 7.1415440376196238e-02 1.6028276039734132e-01 2.8774884990682665e+01 21
1 0 1 1 3.2126661838026802e-02 2.2838455996683504e-02 1.0000022699956075e+00 7.1361917000989483e-02 1.6124566249536224e-01 2.8824884983294421e+01 21
1 0 1 1 3.2101080195297491e-02 2.2820246911806810e-02 1.0000023543441663e+00 7.1308553727205987e-02 1.6220963481331657e-01 2.8874884975931963e+01 21
1 0 1 1 3.2075428308647701e-02 2.2802025632340336e-02 1.0000024413282003e+00 7.1255350952533159e-02 1.6317466367054392e-01 2.8924884968584728e+01 21
1 0 1 1 3.2049707705406015e-02 2.2783792880975349e-02 1.0000025310117662e+00 7.1202309066880853e-02 1.6414073546475441e-01 2.8974884961259058e+01 21
1 0 1 1 3.2023919901467676e-02 2.2765549373578227e-02 1.0000026234598909e+00 7.1149428452452590e-02 1.6510783667131546e-01 2.9024884953949371e+01 20
1 0 1 1 3.1998066401310962e-02 2.2747295819226004e-02 1.0000027187385714e+00 7.1096709483767506e-02 1.6607595384368742e-01 2.9074884946668867e+01 20
1 0 1 1 3.1972148698032145e-02 2.2729032920253665e-02 1.0000028169147706e+00 7.1044152527748400e-02 1.6704507361228052e-01 2.9124884939399266e+01 20
1 0 1 1 3.1946168273346384e-02 2.2710761372279606e-02 1.0000029180564161e+00 7.0991757943704242e-02 1.6801518268556914e-01 2.9174884932156466e+01 20
1 0 1 1 3.1920126597636926e-02 2.2692481864260719e-02 1.0000030222323952e+00 7.0939526083434429e-02 1.6898626784883231e-01 2.9224884924934944e+01 20
1 0 1 1 3.1894025129966870e-02 2.2674195078522238e-02 1.0000031295125531e+00 7.0887457291246070e-02 1.6995831596442751e-01 2.9274884917730812e+01 20
1 0 1 1 3.1867865318102838e-02 2.2655901690796926e-02 1.0000032399676861e+00 7.0835551903993321e-02 1.7093131397176939e-01 2.9324884910549738e+01 20
1 0 1 1 3.1841648598556316e-02 2.2637602370274876e-02 1.0000033536695385e+00 7.0783810251140611e-02 1.7190524888694889e-01 2.9374884903396520e+01 20
1 0 1 1 3.1815376396606372e-02 2.2619297779636106e-02 1.0000034706907963e+00 7.0732232654818983e-02 1.7288010780210591e-01 2.9424884896253321e+01 20
1 0 1 1 3.1789050126311995e-02 2.2600988575082179e-02 1.0000035911050811e+00 7.0680819429817909e-02 1.7385587788653098e-01 2.9474884889145045e+01 20
1 0 1 1 3.1762671190579635e-02 2.2582675406401295e-02 1.0000037149869434e+00 7.0629570883714354e-02 1.7483254638471585e-01 2.9524884882049523e+01 20
1 0 1 1 3.1736240981150493e-02 2.2564358916975912e-02 1.0000038424118562e+00 7.0578487316837690e-02 1.7581010061778962e-01 2.9574884874981574e+01 20
1 0 1 1 3.1709760878668933e-02 2.2546039743851533e-02 1.0000039734562056e+00 7.0527569022374503e-02 1.7678852798222908e-01 2.9624884867936419e+01 20
1 0 1 1 3.1683232252695044e-02 2.2527718517759188e-02 1.0000041081972841e+00 7.0476816286390020e-02 1.7776781595007282e-01 2.9674884860911884e+01 20
1 0 1 1 3.1656656461742316e-02 2.2509395863160999e-02 1.0000042467132806e+00 7.0426229387872741e-02 1.7874795206884461e-01 2.9724884853914368e+01 20
1 0 1 1 3.1630034853318383e-02 2.2491072398293444e-02 1.0000043890832713e+00 7.0375808598800216e-02 1.7972892396087320e-01 2.9774884846935194e+01 20
1 0 1 1 3.1603368763947211e-02 2.2472748735199156e-02 1.0000045353872089e+00 7.0325554184156536e-02 1.8071071932376562e-01 2.9824884839985355e+01 20
1 0 1 1 3.1576659519220257e-02 2.2454425479777062e-02 1.0000046857059124e+00 7.0275466402015818e-02 1.8169332592932619e-01 2.9874884833051656e+01 19
1 0 1 1 3.1549908433814541e-02 2.2436103231810122e-02 1.0000048401210559e+00 7.0225545503543652e-02 1.8267673162446343e-01 2.9924884826153836e+01 19
1 0 1 1 3.1523116811558033e-02 2.2417782585024294e-02 1.0000049987151558e+00 7.0175791733108728e-02 1.8366092432941797e-01 2.9974884819265867e+01 19
1 0 1 1 3.1496285945428047e-02 2.2399464127102746e-02 1.0000051615715584e+00 7.0126205328243874e-02 1.8464589203954901e-01 3.0024884812417888e+01 19
1 0 1 1 3.1469417117637281e-02 2.2381148439756915e-02 1.0000053287744270e+00 7.0076786519794598e-02 1.8563162282277099e-01 3.0074884805577916e+01 19
1 0 1 1 3.1442511599619909e-02 2.2362836098730569e-02 1.0000055004087276e+00 7.0027535531856533e-02 1.8661810482182209e-01 3.0124884798778510e+01 19
1 0 1 1 3.1415566402535539e-02 2.2344527673877724e-02 1.0000056765602141e+00 6.9978452581934247e-02 1.8760532625155094e-01 3.0174884791991076e+01 19
1 0 1 1 3.1388585334589922e-02 2.2326223729167278e-02 1.0000058573154142e+00 6.9929537880887016e-02 1.8859327540085502e-01 3.0224884785236032e+01 19
1 0 1 1 3.1361571247949326e-02 2.2307924822749767e-02 1.0000060427616118e+00 6.9880791633051553e-02 1.8958194063092362e-01 3.0274884778505914e+01 19
1 0 1 1 3.1334525373545426e-02 2.2289631506984774e-02 1.0000062329868320e+00 6.9832214036254003e-02 1.9057131037560338e-01 3.0324884771795986e+01 19
1 0 1 1 3.1307448931739278e-02 2.2271344328478333e-02 1.0000064280798229e+00 6.9783805281850381e-02 1.9156137314144958e-01 3.0374884765119322e+01 19
1 0 1 1 3.1280343132381747e-02 2.2253063828132885e-02 1.0000066281300384e+00 6.9735565554811252e-02 1.9255211750660459e-01 3.0424884758462909e+01 19
1 0 1 1 3.1253209174838058e-02 2.2234790541178440e-02 1.0000068332276191e+00 6.9687495033725733e-02 1.9354353212149669e-01 3.0474884751834651e+01 19
1 0 1 1 3.1226048248040598e-02 2.2216524997213504e-02 1.0000070434633739e+00 6.9639593890878815e-02 1.9453560570789638e-01 3.0524884745229592e+01 19
1 0 1 1 3.1198861530529434e-02 2.2198267720246030e-02 1.0000072589287592e+00 6.9591862292278539e-02 1.9552832705919784e-01 3.0574884738656010e+01 19
1 0 1 1 3.1171650190506418e-02 2.2180019228737712e-02 1.0000074797158587e+00 6.9544300397728853e-02 1.9652168503950093e-01 3.0624884732102426e+01 19
1 0 1 1 3.1144415385859891e-02 2.2161780035627774e-02 1.0000077059173622e+00 6.9496908360841048e-02 1.9751566858422767e-01 3.0674884725582277e+01 19
1 0 1 1 3.1117158264239459e-02 2.2143550648396109e-02 1.0000079376265441e+00 6.9449686329123794e-02 1.9851026669886196e-01 3.0724884719082432e+01 19
1 0 1 1 3.1089879963072276e-02 2.2125331569079150e-02 1.0000081749372396e+00 6.9402634443986755e-02 1.9950546845968439e-01 3.0774884712614391e+01 18
1 0 1 1 3.1062581609632246e-02 2.2107123294324019e-02 1.0000084179438227e+00 6.9355752840826679e-02 2.0050126301258878e-01 3.0824884706168213e+01 18
1 0 1 1 3.1035264321069862e-02 2.2088926315418055e-02 1.0000086667411812e+00 6.9309041649040060e-02 2.0149763957370609e-01 3.0874884699756869e+01 18
1 0 1 1 3.1007929204481116e-02 2.2070741118341303e-02 1.0000089214246923e+00 6.9262500992111065e-02 2.0249458742806145e-01 3.0924884693362522e+01 18
1 0 1 1 3.0980577356924548e-02 2.2052568183785391e-02 1.0000091820901975e+00 6.9216130987603597e-02 2.0349209593067244e-01 3.0974884687005428e+01 18
1 0 1 1 3.0953209865503255e-02 2.2034407987212665e-02 1.0000094488339755e+00 6.9169931747271790e-02 2.0449015450474137e-01 3.1024884680667409e+01 18
1 0 1 1 3.0925827807384260e-02 2.2016260998879100e-02 1.0000097217527164e+00 6.9123903377046714e-02 2.0548875264288785e-01 3.1074884674366725e+01 18
1 0 1 1 3.0898432249874562e-02 2.1998127683886808e-02 1.0000100009434938e+00 6.9078045977142677e-02 2.0648787990533418e-01 3.1124884668082217e+01 18
1 0 1 1 3.0871024250436911e-02 2.1980008502203389e-02 1.0000102865037361e+00 6.9032359642037577e-02 2.0748752592128070e-01 3.1174884661835438e+01 18
1 0 1 1 3.0843604856778478e-02 2.1961903908725929e-02 1.0000105785311975e+00 6.8986844460587726e-02 2.0848768038701690e-01 3.1224884655610367e+01 18
1 0 1 1 3.0816175106864605e-02 2.1943814353292138e-02 1.0000108771239291e+00 6.8941500516019605e-02 2.0948833306692233e-01 3.1274884649418681e+01 18
1 0 1 1 3.0788736028999210e-02 2.1925740280743233e-02 1.0000111823802476e+00 6.8896327886017239e-02 2.1048947379222968e-01 3.1324884643250844e+01 18
1 0 1 1 3.0761288641851247e-02 2.1907682130942449e-02 1.0000114943987040e+00 6.8851326642736799e-02 2.1149109246146461e-01 3.1374884637113677e+01 18
1 0 1 1 3.0733833954520767e-02 2.1889640338824106e-02 1.0000118132780524e+00 6.8806496852875987e-02 2.1249317903966503e-01 3.1424884631005604e+01 18
1 0 1 1 3.0706372966583885e-02 2.1871615334426914e-02 1.0000121391172172e+00 6.8761838577712009e-02 2.1349572355823856e-01 3.1474884624924247e+01 18
1 0 1 1 3.0678906668143949e-02 2.1853607542932522e-02 1.0000124720152586e+00 6.8717351873143234e-02 2.1449871611480079e-01 3.1524884618872719e+01 18
1 0 1 1 3.0651436039887535e-02 2.1835617384705960e-02 1.0000128120713403e+00 6.8673036789744069e-02 2.1550214687280120e-01 3.1574884612855975e+01 18
1 0 1 1 3.0623962053138696e-02 2.1817645275332448e-02 1.0000131593846928e+00 6.8628893372822408e-02 2.1650600606066658e-01 3.1624884606853492e+01 18
1 0 1 1 3.0596485669884134e-02 2.1799691625639474e-02 1.0000135140545794e+00 6.8584921662411868e-02 2.1751028397305969e-01 3.1674884600896178e+01 17
1 0 1 1 3.0569007842874980e-02 2.1781756841764824e-02 1.0000138761802584e+00 6.8541121693404705e-02 2.1851497096847139e-01 3.1724884594962219e+01 17
1 0 1 1 3.0541529515637596e-02 2.1763841325167677e-02 1.0000142458609473e+00 6.8497493495526807e-02 2.1952005747043501e-01 3.1774884589051890e+01 17
1 0 1 1 3.0514051622533084e-02 2.1745945472668105e-02 1.0000146231957843e+00 6.8454037093398035e-02 2.2052553396707600e-01 3.1824884583181252e+01 17
1 0 1 1 3.0486575088835965e-02 2.1728069676502551e-02 1.0000150082837889e+00 6.8410752506614547e-02 2.2153139100988523e-01 3.1874884577335582e+01 17
1 0 1 1 3.0459100830755741e-02 2.1710214324337784e-02 1.0000154012238245e+00 6.8367639749750686e-02 2.2253761921436888e-01 3.1924884571517818e+01 17
1 0 1 1 3.0431629755503165e-02 2.1692379799317103e-02 1.0000158021145567e+00 6.8324698832420816e-02 2.2354420925944543e-01 3.1974884565733639e+01 17
1 0 1 1 3.0404162761351303e-02 2.1674566480103328e-02 1.0000162110544129e+00 6.8281929759335280e-02 2.2455115188685323e-01 3.2024884559976989e+01 17
1 0 1 1 3.0376700737672731e-02 2.1656774740898947e-02 1.0000166281415408e+00 6.8239332530328101e-02 2.2555843790127539e-01 3.2074884554253515e+01 17
1 0 1 1 3.0349244565011167e-02 2.1639004951500382e-02 1.0000170534737667e+00 6.8196907140419649e-02 2.2656605816966316e-01 3.2124884548560622e+01 17
1 0 1 1 3.0321795115124315e-02 2.1621257477322450e-02 1.0000174871485508e+00 6.8154653579852703e-02 2.2757400362097507e-01 3.2174884542891512e+01 17
1 0 1 1 3.0294353251028614e-02 2.1603532679428421e-02 1.0000179292629447e+00 6.8112571834122532e-02 2.2858226524639111e-01 3.2224884537261673e+01 17
1 0 1 1 3.0266919827082225e-02 2.1585830914586320e-02 1.0000183799135467e+00 6.8070661884061134e-02 2.2959083409806549e-01 3.2274884531662067e+01 17
1 0 1 1 3.0239495689015093e-02 2.1568152535286590e-02 1.0000188391964555e+00 6.8028923705853173e-02 2.3059970128925159e-01 3.2324884526082080e+01 17
1 0 1 1 3.0212081673976425e-02 2.1550497889775224e-02 1.0000193072072254e+00 6.7987357271061422e-02 2.3160885799483746e-01 3.2374884520551269e+01 17
1 0 1 1 3.0184678610631257e-02 2.1532867322113007e-02 1.0000197840408178e+00 6.7945962546744787e-02 2.3261829544887716e-01 3.2424884515034094e+01 17
1 0 1 1 3.0157287319155530e-02 2.1515261172175715e-02 1.0000202697915557e+00 6.7904739495404376e-02 2.3362800494695632e-01 3.2474884509562159e+01 17
1 0 1 1 3.0129908611347990e-02 2.1497679775723408e-02 1.0000207645530730e+00 6.7863688075121442e-02 2.3463797784338836e-01 3.2524884504112357e+01 17
1 0 1 1 3.0102543290639085e-02 2.1480123464406059e-02 1.0000212684182674e+00 6.7822808239529631e-02 2.3564820555272814e-01 3.2574884498697827e+01 16
1 0 1 1 3.0075192152175436e-02 2.1462592565818429e-02 1.0000217814792491e+00 6.7782099937902990e-02 2.3665867954843436e-01 3.2624884493317758e+01 16
1 0 1 1 3.0047855982865787e-02 2.1445087403527401e-02 1.0000223038272913e+00 6.7741563115190306e-02 2.3766939136266269e-01 3.2674884487964022e+01 16
1 0 1 1 3.0020535561425071e-02 2.1427608297099433e-02 1.0000228355527776e+00 6.7701197712041972e-02 2.3868033258636995e-01 3.2724884482642622e+01 16
1 0 1 1 2.9993231658442799e-02 2.1410155562145008e-02 1.0000233767451510e+00 6.7661003664870600e-02 2.3969149486877470e-01 3.2774884477363024e+01 16
1 0 1 1 2.9965945036445788e-02 2.1392729510355157e-02 1.0000239274928602e+00 6.7620980905912786e-02 2.4070286991619683e-01 3.2824884472098034e+01 16
1 0 1 1 2.9938676449911807e-02 2.1375330449509920e-02 1.0000244878833069e+00 6.7581129363207315e-02 2.4171444949376844e-01 3.2874884466884765e+01 16
1 0 1 1 2.9911426163581719e-02 2.1357954143239977e-02 1.0000250582869266e+00 6.7541448960735495e-02 2.4272624361945805e-01 3.2924885332544150e+01 16
1 0 1 1 2.9884196638325519e-02 2.1340604584260226e-02 1.0000256386011566e+00 6.7501941690194689e-02 2.4373817998075537e-01 3.2974883912980502e+01 16
1 0 1 1 2.9856986482841987e-02 2.1323282357842428e-02 1.0000262288519677e+00 6.7462604114050917e-02 2.4475032923628331e-01 3.3024884108682748e+01 16
1 0 1 1 2.9829797223016652e-02 2.1305988269144104e-02 1.0000268291056984e+00 6.7423437312310430e-02 2.4576265355912644e-01 3.3074884446123107e+01 16
1 0 1 1 2.9802629837217445e-02 2.1288722774937117e-02 1.0000274394383675e+00 6.7384441571023690e-02 2.4677513519211178e-01 3.3124884441064957e+01 16
1 0 1 1 2.9775484846588190e-02 2.1271486042397647e-02 1.0000280599345663e+00 6.7345616525159663e-02 2.4778777317310263e-01 3.3174884436039719e+01 16
1 0 1 1 2.9748362950970025e-02 2.1254278353600539e-02 1.0000286906733726e+00 6.7306962074737020e-02 2.4880055966078107e-01 3.3224884431052814e+01 16
1 0 1 1 2.9721264842629967e-02 2.1237099986985062e-02 1.0000293317323685e+00 6.7268478115978247e-02 2.4981348686835944e-01 3.3274884426096698e+01 16
1 0 1 1 2.9694191206305603e-02 2.1219951217384528e-02 1.0000299831875805e+00 6.7230164541334236e-02 2.5082654706370111e-01 3.3324884421172804e+01 16
1 0 1 1 2.9667142719259625e-02 2.1202832316052515e-02 1.0000306451134178e+00 6.7192021239533578e-02 2.5183973256883541e-01 3.3374884416286662e+01 16
1 0 1 1 2.9640120051346402e-02 2.1185743550707202e-02 1.0000313175826119e+00 6.7154048095635244e-02 2.5285303575931628e-01 3.3424884411431762e+01 16
1 0 1 1 2.9613123865052954e-02 2.1168685185552930e-02 1.0000320006661536e+00 6.7116244991054397e-02 2.5386644906423761e-01 3.3474884406608069e+01 16
1 0 1 1 2.9586154815555380e-02 2.1151657481312338e-02 1.0000326944332307e+00 6.7078611803607191e-02 2.5487996496602544e-01 3.3524884401829432e+01 15
1 0 1 1 2.9559213550795632e-02 2.1134660695273561e-02 1.0000333989511634e+00 6.7041148407581630e-02 2.5589357599901796e-01 3.3574884397069930e+01 15
1 0 1 1 2.9532300711489743e-02 2.1117695081290341e-02 1.0000341142853417e+00 6.7003854673718499e-02 2.5690727475106845e-01 3.3624884392361409e+01 15
1 0 1 1 2.9505416931241313e-02 2.1100760889852219e-02 1.0000348404991584e+00 6.6966730469332270e-02 2.5792105386073744e-01 3.3674884387671398e+01 15
1 0 1 1 2.9478562836534741e-02 2.1083858368076785e-02 1.0000355776539460e+00 6.6929775658268242e-02 2.5893490601953451e-01 3.3724884383031423e+01 15
1 0 1 1 2.9451739046848481e-02 2.1066987759777389e-02 1.0000363258089089e+00 6.6892990101026201e-02 2.5994882396910496e-01 3.3774884378415670e+01 15
1 0 1 1 2.9424946174658444e-02 2.1050149305461851e-02 1.0000370850210576e+00 6.6856373654731932e-02 2.6096280050285814e-01 3.3824884373838835e+01 15
1 0 1 1 2.9398184825523244e-02 2.1033343242382006e-02 1.0000378553451408e+00 6.6819926173221883e-02 2.6197682846453413e-01 3.3874884369303246e+01 15
1 0 1 1 2.9371455598137364e-02 2.1016569804564903e-02 1.0000386368335779e+00 6.6783647507080934e-02 2.6299090074761056e-01 3.3924884364786429e+01 15
1 0 1 1 2.9344759084350393e-02 2.0999829222821415e-02 1.0000394295363921e+00 6.6747537503636600e-02 2.6400501029668211e-01 3.3974884360326932e+01 15
1 0 1 1 2.9318095869283408e-02 2.0983121724813127e-02 1.0000402335011382e+00 6.6711596007087592e-02 2.6501915010433102e-01 3.4024884355888311e+01 15
1 0 1 1 2.9291466531317218e-02 2.0966447535044036e-02 1.0000410487728364e+00 6.6675822858452916e-02 2.6603331321340778e-01 3.4074884351488265e+01 15
1 0 1 1 2.9264871642186736e-02 2.0949806874915378e-02 1.0000418753939013e+00 6.6640217895665960e-02 2.6704749271531597e-01 3.4124884347131719e+01 15
1 0 1 1 2.9238311767028853e-02 2.0933199962748859e-02 1.0000427134040708e+00 6.6604780953614107e-02 2.6806168174936046e-01 3.4174884342797576e+01 15
1 0 1 1 2.9211787464409836e-02 2.0916627013804583e-02 1.0000435628403368e+00 6.6569511864135317e-02 2.6907587350406270e-01 3.4224884338519324e+01 15
1 0 1 1 2.9185299286429715e-02 2.0900088240337959e-02 1.0000444237368724e+00 6.6534410456134147e-02 2.7009006121408147e-01 3.4274884334252562e+01 15
1 0 1 1 2.9158847778699995e-02 2.0883583851583697e-02 1.0000452961249626e+00 6.6499476555517745e-02 2.7110423816343371e-01 3.4324884330050843e+01 15
1 0 1 1 2.9132433480491854e-02 2.0867114053844404e-02 1.0000461800329294e+00 6.6464709985361636e-02 2.7211839768096369e-01 3.4374884325859654e+01 15
1 0 1 1 2.9106056924688383e-02 2.0850679050456761e-02 1.0000470754860626e+00 6.6430110565816991e-02 2.7313253314422464e-01 3.4424884321725735e+01 15
1 0 1 1 2.9079718637923972e-02 2.0834279041871920e-02 1.0000479825065451e+00 6.6395678114267054e-02 2.7414663797544792e-01 3.4474884317616713e+01 14
1 0 1 1 2.9053419140574244e-02 2.0817914225647539e-02 1.0000489011133809e+00 6.6361412445280377e-02 2.7516070564380535e-01 3.4524884313549386e+01 14
1 0 1 1 2.9027158946843542e-02 2.0801584796496818e-02 1.0000498313223221e+00 6.6327313370698471e-02 2.7617472966359974e-01 3.4574884309518723e+01 14
1 0 1 1 2.9000938564803191e-02 2.0785290946307954e-02 1.0000507731457959e+00 6.6293380699655569e-02 2.7718870359446079e-01 3.4624884305525050e+01 14
1 0 1 1 2.8974758496446113e-02 2.0769032864174333e-02 1.0000517265928304e+00 6.6259614238620645e-02 2.7820262104086008e-01 3.4674884301567666e+01 14
1 0 1 1 2.8948619237735153e-02 2.0752810736418489e-02 1.0000526916689818e+00 6.6226013791433724e-02 2.7921647565200119e-01 3.4724884297657795e+01 14
1 0 1 1 2.8922521253641073e-02 2.0736624746632307e-02 1.0000536683762606e+00 6.6192579159366244e-02 2.8023026112032812e-01 3.4774884293761950e+01 14
1 0 1 1 2.8896454016767967e-02 2.0720475075671849e-02 1.0000546567130590e+00 6.6159310141090610e-02 2.8124397118389133e-01 3.4824884289936392e+01 14
1 0 1 1 2.8870429086546620e-02 2.0704361901738792e-02 1.0000556566740741e+00 6.6126206532837073e-02 2.8225759962184488e-01 3.4874884286123255e+01 14
1 0 1 1 2.8844446935892089e-02 2.0688285400348023e-02 1.0000566682502390e+00 6.6093268128299604e-02 2.8327114025826977e-01 3.4924884282355563e+01 14
1 0 1 1 2.8818508031951413e-02 2.0672245744392869e-02 1.0000576914286459e+00 6.6060494718760410e-02 2.8428458695925862e-01 3.4974884278631961e+01 14
1 0 1 1 2.8792612836138116e-02 2.0656243104161094e-02 1.0000587261924736e+00 6.6027886093107113e-02 2.8529793363307449e-01 3.5024884274942274e+01 14
1 0 1 1 2.8766761804174319e-02 2.0640277647359123e-02 1.0000597725209157e+00 6.5995442037854457e-02 2.8631117423014091e-01 3.5074884271283025e+01 14
1 0 1 1 2.8740955386133922e-02 2.0624349539130706e-02 1.0000608303891065e+00 6.5963162337178083e-02 2.8732430274320209e-01 3.5124884267684408e+01 14
1 0 1 1 2.8715194026540852e-02 2.0608458942115233e-02 1.0000618997680484e+00 6.5931046773006735e-02 2.8833731320470496e-01 3.5174884264097003e+01 14
1 0 1 1 2.8689478164333780e-02 2.0592606016417866e-02 1.0000629806245420e+00 6.5899095124957507e-02 2.8935019968983572e-01 3.5224884260560550e+01 14
1 0 1 1 2.8663808232992007e-02 2.0576790919686228e-02 1.0000640729211119e+00 6.5867307170462908e-02 2.9036295631358372e-01 3.5274884257074703e+01 14
1 0 1 1 2.8638184660567091e-02 2.0561013807120904e-02 1.0000651766159361e+00 6.5835682684788011e-02 2.9137557723040525e-01 3.5324884253600935e+01 14
1 0 1 1 2.8612607869681485e-02 2.0545274831473937e-02 1.0000662916627781e+00 6.5804221441000732e-02 2.9238805663649564e-01 3.5374884250190377e+01 14
1 0 1 1 2.8587078277658714e-02 2.0529574143119993e-02 1.0000674180109130e+00 6.5772923210111633e-02 2.9340038876575802e-01 3.5424884246803337e+01 14
1 0 1 1 2.8561596296499955e-02 2.0513911890039437e-02 1.0000685556050619e+00 6.5741787761017079e-02 2.9441256789251063e-01 3.5474884243458703e+01 13
1 0 1 1 2.8536162332971425e-02 2.0498288217866343e-02 1.0000697043853217e+00 6.5710814860585109e-02 2.9542458832945806e-01 3.5524884240151266e+01 13
1 0 1 1 2.8510776788638358e-02 2.0482703269904576e-02 1.0000708642870986e+00 6.5680004273670711e-02 2.9643644442810496e-01 3.5574884236888430e+01 13
1 0 1 1 2.8485440059923775e-02 2.0467157187158413e-02 1.0000720352410404e+00 6.5649355763166023e-02 2.9744813057765129e-01 3.5624884233652743e+01 13
1 0 1 1 2.8460152538129602e-02 2.0451650108341799e-02 1.0000732171729732e+00 6.5618869090001114e-02 2.9845964120610602e-01 3.5674884230472848e+01 13
1 0 1 1 2.8434914609529266e-02 2.0436182169927285e-02 1.0000744100038341e+00 6.5588544013234135e-02 2.9947097077754808e-01 3.5724884227305424e+01 13
1 0 1 1 2.8409726655344966e-02 2.0420753506131754e-02 1.0000756136496125e+00 6.5558380289998441e-02 3.0048211379521872e-01 3.5774884224202687e+01 13
1 0 1 1 2.8384589051877962e-02 2.0405364248985525e-02 1.0000768280212831e+00 6.5528377675641236e-02 3.0149306479716015e-01 3.5824884221115120e+01 13
1 0 1 1 2.8359502170471541e-02 2.0390014528310650e-02 1.0000780530247504e+00 6.5498535923650958e-02 3.0250381835976253e-01 3.5874884218080325e+01 13
1 0 1 1 2.8334466377621374e-02 2.0374704471777930e-02 1.0000792885607863e+00 6.5468854785773356e-02 3.0351436909441654e-01 3.5924884215075728e+01 13
1 0 1 1 2.8309482034980453e-02 2.0359434204909932e-02 1.0000805345249750e+00 6.5439334011989259e-02 3.0452471164922579e-01 3.5974884212116699e+01 13
1 0 1 1 2.8284549499429667e-02 2.0344203851114403e-02 1.0000817908076556e+00 6.5409973350582490e-02 3.0553484070707881e-01 3.6024884209178779e+01 13
1 0 1 1 2.8259669123086646e-02 2.0329013531689148e-02 1.0000830572938708e+00 6.5380772548123467e-02 3.0654475098731920e-01 3.6074884206293632e+01 13
1 0 1 1 2.8234841253397876e-02 2.0313863365869884e-02 1.0000843338633125e+00 6.5351731349560682e-02 3.0755443724313541e-01 3.6124884203436523e+01 13
1 0 1 1 2.8210066233139295e-02 2.0298753470828663e-02 1.0000856203902733e+00 6.5322849498198332e-02 3.0856389426324321e-01 3.6174884200623382e+01 13
1 0 1 1 2.8185344400491634e-02 2.0283683961711610e-02 1.0000869167435980e+00 6.5294126735763625e-02 3.0957311686986927e-01 3.6224884197826597e+01 13
1 0 1 1 2.8160676089036458e-02 2.0268654951634390e-02 1.0000882227866397e+00 6.5265562802383631e-02 3.1058209992082941e-01 3.6274884195091936e+01 13
1 0 1 1 2.8136061627873098e-02 2.0253666551747918e-02 1.0000895383772135e+00 6.5237157436697973e-02 3.1159083830602335e-01 3.6324884192378903e+01 13
1 0 1 1 2.8111501341589178e-02 2.0238718871214329e-02 1.0000908633675583e+00 6.5208910375806756e-02 3.1259932694980674e-01 3.6374884189693077e+01 13
1 0 1 1 2.8086994867690514e-02 2.0223806865751835e-02 1.0000921989968452e+00 6.5180821355323881e-02 3.1360758734450739e-01 3.6424885366966585e+01 13
1 0 1 1 2.8062544633814596e-02 2.0208934507015313e-02 1.0000935443106960e+00 6.5152892096071113e-02 3.1461552824870076e-01 3.6474883515567456e+01 13
1 0 1 1 2.8038148557650664e-02 2.0194102632533312e-02 1.0000948986606639e+00 6.5125119231765227e-02 3.1562324401379616e-01 3.6524883624019424e+01 13
1 0 1 1 2.8013807688397029e-02 2.0179311795650769e-02 1.0000962618365952e+00 6.5097503345403984e-02 3.1663069918511250e-01 3.6574884179380533e+01 12
1 0 1 1 2.7989522817749010e-02 2.0164562393164949e-02 1.0000976336354859e+00 6.5070044721294990e-02 3.1763786860717236e-01 3.6624884176870083e+01 12
1 0 1 1 2.7965293972293952e-02 2.0149854357654481e-02 1.0000990138911343e+00 6.5042742778957663e-02 3.1864475864369851e-01 3.6674884174406714e+01 12
1 0 1 1 2.7941121446342799e-02 2.0135187785139258e-02 1.0001004024163709e+00 6.5015597245625056e-02 3.1965136444648140e-01 3.6724884171957335e+01 12
1 0 1 1 2.7917005530011377e-02 2.0120562769798140e-02 1.0001017990182040e+00 6.4988607847201119e-02 3.2065768119982585e-01 3.6774884169544087e+01 12
1 0 1 1 2.7892946509302907e-02 2.0105979404018544e-02 1.0001032034978037e+00 6.4961774308329973e-02 3.2166370411886691e-01 3.6824884167170119e+01 12
1 0 1 1 2.7868944666139917e-02 2.0091437778407870e-02 1.0001046156504914e+00 6.4935096352415345e-02 3.2266942844899105e-01 3.6874884164803674e+01 12
1 0 1 1 2.7845000278359955e-02 2.0076937981788719e-02 1.0001060352657345e+00 6.4908573701596084e-02 3.2367484946779895e-01 3.6924884162485363e+01 12
1 0 1 1 2.7821113619813254e-02 2.0062480101252250e-02 1.0001074621271409e+00 6.4882206076839144e-02 3.2467996248208542e-01 3.6974884160189539e+01 12
1 0 1 1 2.7797284960356900e-02 2.0048064222151420e-02 1.0001088960124616e+00 6.4855993197909495e-02 3.2568476282936670e-01 3.7024884157909078e+01 12
1 0 1 1 2.7773514565885563e-02 2.0033690428114023e-02 1.0001103366935959e+00 6.4829934783391385e-02 3.2668924587787951e-01 3.7074884155666446e+01 12
1 0 1 1 2.7749802698400949e-02 2.0019358801082431e-02 1.0001117839366005e+00 6.4804030550742103e-02 3.2769340702496896e-01 3.7124884153441286e+01 12
1 0 1 1 2.7726149616008337e-02 2.0005069421304377e-02 1.0001132375017028e+00 6.4778280216274575e-02 3.2869724169846559e-01 3.7174884151249721e+01 12
1 0 1 1 2.7702555572984892e-02 1.9990822367373134e-02 1.0001146971433192e+00 6.4752683495208685e-02 3.2970074535483518e-01 3.7224884149058823e+01 12
1 0 1 1 2.7679020819760102e-02 1.9976617716209778e-02 1.0001161626100812e+00 6.4727240101636108e-02 3.3070391348157335e-01 3.7274884146915163e+01 12
1 0 1 1 2.7655545603021459e-02 1.9962455543122478e-02 1.0001176336448576e+00 6.4701949748615317e-02 3.3170674159349073e-01 3.7324884144767424e+01 12
1 0 1 1 2.7632130165663640e-02 1.9948335921773259e-02 1.0001191099847924e+00 6.4676812148099866e-02 3.3270922523650570e-01 3.7374884142662154e+01 12
1 0 1 1 2.7608774746901529e-02 1.9934258924242030e-02 1.0001205913613385e+00 6.4651827011039442e-02 3.3371135998373647e-01 3.7424884140555363e+01 12
1 0 1 1 2.7585479582225365e-02 1.9920224620994128e-02 1.0001220775003035e+00 6.4626994047317532e-02 3.3471314143853614e-01 3.7474884138471424e+01 12
1 0 1 1 2.7562244903480932e-02 1.9906233080927423e-02 1.0001235681218956e+00 6.4602312965815589e-02 3.3571456523248328e-01 3.7524884136406882e+01 12
1 0 1 1 2.7539070938883935e-02 1.9892284371373539e-02 1.0001250629407767e+00 6.4577783474413064e-02 3.3671562702548946e-01 3.7574884134343101e+01 12
1 0 1 1 2.7515957913027592e-02 1.9878378558102601e-02 1.0001265616661232e+00 6.4553405279977355e-02 3.3771632250705674e-01 3.7624884132312303e+01 12
1 0 1 1 2.7492906046961144e-02 1.9864515705363187e-02 1.0001280640016861e+00 6.4529178088426870e-02 3.3871664739352841e-01 3.7674884130265717e+01 12
1 0 1 1 2.7469915558142453e-02 1.9850695875852999e-02 1.0001295696458656e+00 6.4505101604665965e-02 3.3971659743164057e-01 3.7724884128254160e+01 12
1 0 1 1 2.7446986660549160e-02 1.9836919130780586e-02 1.0001310782917814e+00 6.4481175532681012e-02 3.4071616839457225e-01 3.7774884126234241e+01 12
1 0 1 1 2.7424119564634402e-02 1.9823185529835453e-02 1.0001325896273576e+00 6.4457399575475915e-02 3.4171535608478243e-01 3.7824884124212879e+01 12
1 0 1 1 2.7401312426977534e-02 1.9809495131212284e-02 1.0001341033354079e+00 6.4433773435105091e-02 3.4271415633358054e-01 3.7874884122228515e+01 12
1 0 1 1 2.7378558111527312e-02 1.9795847991653362e-02 1.0001356190937256e+00 6.4410296812729972e-02 3.4371256499818403e-01 3.7924884120205093e+01 12
1 0 1 1 2.7355866282124715e-02 1.9782244166393851e-02 1.0001371365751888e+00 6.4386969408516570e-02 3.4471057796682597e-01 3.7974884118209651e+01 12
1 0 1 1 2.7333237135423020e-02 1.9768683709240096e-02 1.0001386554478577e+00 6.4363790921753566e-02 3.4570819115384671e-01 3.8024884116206472e+01 12
1 0 1 1 2.7310670864672527e-02 1.9755166672539952e-02 1.0001401753750894e+00 6.4340761050789702e-02 3.4670540050240939e-01 3.8074884114193701e+01 12
1 0 1 1 2.7288167659753101e-02 1.9741693107198893e-02 1.0001416960156533e+00 6.4317879493050317e-02 3.4770220198435681e-01 3.8124884112195879e+01 12
1 0 1 1 2.7265727707233053e-02 1.9728263062711068e-02 1.0001432170238522e+00 6.4295145945073628e-02 3.4869859159800787e-01 3.8174884110152512e+01 12
1 0 1 1 2.7243351190301978e-02 1.9714876587118058e-02 1.0001447380496553e+00 6.4272560102429266e-02 3.4969456537281834e-01 3.8224884108150107e+01 12
1 0 1 1 2.7221038288922469e-02 1.9701533727094385e-02 1.0001462587388257e+00 6.4250121659849224e-02 3.5069011936291872e-01 3.8274884106096515e+01 12
1 0 1 1 2.7198789179709994e-02 1.9688234527875232e-02 1.0001477787330693e+00 6.4227830311088113e-02 3.5168524965396852e-01 3.8324884104061198e+01 12
1 0 1 1 2.7176604036071472e-02 1.9674979033333463e-02 1.0001492976701738e+00 6.4205685749041785e-02 3.5267995235721195e-01 3.8374884101974928e+01 12
1 0 1 1 2.7154483028111756e-02 1.9661767285922348e-02 1.0001508151841696e+00 6.4183687665637867e-02 3.5367422361507594e-01 3.8424884099907139e+01 12
1 0 1 1 2.7132426322764403e-02 1.9648599326750726e-02 1.0001523309054805e+00 6.4161835751942425e-02 3.5466805959597630e-01 3.8474884097800015e+01 12
1 0 1 1 2.7110434083713969e-02 1.9635475195534352e-02 1.0001538444610947e+00 6.4140129698067150e-02 3.5566145649883191e-01 3.8524884095691377e+01 12
1 0 1 1 2.7088506471485946e-02 1.9622394930644622e-02 1.0001553554747311e+00 6.4118569193233610e-02 3.5665441054944585e-01 3.8574884093527487e+01 12
1 0 1 1 2.7066643643382099e-02 1.9609358569070430e-02 1.0001568635670204e+00 6.4097153925692485e-02 3.5764691800469844e-01 3.8624884091367477e+01 12
1 0 1 1 2.7044845753584540e-02 1.9596366146474704e-02 1.0001583683556818e+00 6.4075883582806165e-02 3.5863897514840509e-01 3.8674884089169865e+01 12
1 0 1 1 2.7023112953108400e-02 1.9583417697165276e-02 1.0001598694557152e+00 6.4054757850977889e-02 3.5963057829424488e-01 3.8724884086931880e+01 12
1 0 1 1 2.7001445389821282e-02 1.9570513254104190e-02 1.0001613664795936e+00 6.4033776415657023e-02 3.6062172378596807e-01 3.8774884084693625e+01 12
1 0 1 1 2.6979843208515392e-02 1.9557652848947095e-02 1.0001628590374583e+00 6.4012938961380383e-02 3.6161240799447458e-01 3.8824884082382191e+01 12
1 0 1 1 2.6958306550818784e-02 1.9544836511987355e-02 1.0001643467373300e+00 6.3992245171670403e-02 3.6260262732265719e-01 3.8874884080048879e+01 12
1 0 1 1 2.6936835555288721e-02 1.9532064272211165e-02 1.0001658291853124e+00 6.3971694729106493e-02 3.6359237820232643e-01 3.8924884077704675e+01 12
1 0 1 1 2.6915430357432719e-02 1.9519336157307179e-02 1.0001673059858061e+00 6.3951287315314742e-02 3.6458165709340989e-01 3.8974884075269436e+01 12
1 0 1 1 2.6894091089613950e-02 1.9506652193606151e-02 1.0001687767417340e+00 6.3931022610867583e-02 3.6557046048934899e-01 3.9024884072837651e+01 12
1 0 1 1 2.6872817881208304e-02 1.9494012406174519e-02 1.0001702410547568e+00 6.3910900295402473e-02 3.6655878491046190e-01 3.9074884070330228e+01 12
1 0 1 1 2.6851610858489521e-02 1.9481416818741791e-02 1.0001716985255085e+00 6.3890920047496025e-02 3.6754662690987189e-01 3.9124884067785644e+01 12
1 0 1 1 2.6830470144711131e-02 1.9468865453748079e-02 1.0001731487538243e+00 6.3871081544719654e-02 3.6853398307051249e-01 3.9174884065197141e+01 12
1 0 1 1 2.6809395860097871e-02 1.9456358332337702e-02 1.0001745913389790e+00 6.3851384463608746e-02 3.6952085000628965e-01 3.9224884062559696e+01 12
1 0 1 1 2.6788387984747624e-02 1.9443894536869503e-02 1.0001760264408384e+00 6.3831828479649744e-02 3.7050722978376249e-01 3.9274884279094394e+01 12
1 0 1 1 2.6767446088208247e-02 1.9431468625845823e-02 1.0001774570584225e+00 6.3812413524184708e-02 3.7149313851387417e-01 3.9324885361659973e+01 12
1 0 1 1 2.6746572622050845e-02 1.9419088042490713e-02 1.0001788787825416e+00 6.3793140532656778e-02 3.7247846964759734e-01 3.9374882459800908e+01 12
1 0 1 1 2.6725764155735660e-02 1.9406750703818570e-02 1.0001802914524178e+00 6.3774005911203746e-02 3.7346338701378312e-01 3.9424884052353868e+01 12
1 0 1 1 2.6705023334727778e-02 1.9394458130928303e-02 1.0001816944940729e+00 6.3755011673816392e-02 3.7444776738206575e-01 3.9474884049462482e+01 12
1 0 1 1 2.6684349596383244e-02 1.9382209942830221e-02 1.0001830875524809e+00 6.3736156877971073e-02 3.7543163898712401e-01 3.9524884046475947e+01 12
1 0 1 1 2.6663743040051539e-02 1.9370006151586988e-02 1.0001844702285303e+00 6.3717441192736923e-02 3.7641499866439143e-01 3.9574884043444982e+01 12
1 0 1 1 2.6643203762156380e-02 1.9357846768007635e-02 1.0001858421245029e+00 6.3698864286063916e-02 3.7739784328038811e-01 3.9624884040332248e+01 12
1 0 1 1 2.6622731856142060e-02 1.9345731801609929e-02 1.0001872028443399e+00 6.3680425824714337e-02 3.7838016973562766e-01 3.9674884037148999e+01 12
1 0 1 1 2.6602327412504789e-02 1.9333661260642118e-02 1.0001885519939044e+00 6.3662125474268361e-02 3.7936197496415131e-01 3.9724884033915139e+01 12
1 0 1 1 2.6581990518817621e-02 1.9321635152091649e-02 1.0001898891812455e+00 6.3643962899124995e-02 3.8034325593263019e-01 3.9774884030601960e+01 12
1 0 1 1 2.6561721259709643e-02 1.9309653481672212e-02 1.0001912140168665e+00 6.3625937762454343e-02 3.8132400964170526e-01 3.9824884027184986e+01 12
1 0 1 1 2.6541519716843199e-02 1.9297716253810882e-02 1.0001925261139928e+00 6.3608049726162769e-02 3.8230423312832473e-01 3.9874884023748955e+01 12
1 0 1 1 2.6521385969024761e-02 1.9285823471706851e-02 1.0001938250888316e+00 6.3590298450965699e-02 3.8328392346027634e-01 3.9924884020197396e+01 12
1 0 1 1 2.6501320092086660e-02 1.9273975137263678e-02 1.0001951105608475e+00 6.3572683596256674e-02 3.8426307774271867e-01 3.9974884016569050e+01 12
1 0 1 1 2.6481322158957415e-02 1.9262171251128460e-02 1.0001963821530233e+00 6.3555204820152977e-02 3.8524169311558853e-01 4.0024884012892898e+01 13
1 0 1 1 2.6461392239690289e-02 1.9250411812703178e-02 1.0001976394921233e+00 6.3537861779495552e-02 3.8621976675226255e-01 4.0074884009107450e+01 13
1 0 1 1 2.6441530401399384e-02 1.9238696820110937e-02 1.0001988822089625e+00 6.3520654129768456e-02 3.8719729586374718e-01 4.0124884005257577e+01 13
1 0 1 1 2.6421736708328186e-02 1.9227026270229430e-02 1.0002001099386646e+00 6.3503581525140240e-02 3.8817427769545448e-01 4.0174884001319562e+01 13
1 0 1 1 2.6402011221817612e-02 1.9215400158672166e-02 1.0002013223209241e+00 6.3486643618412719e-02 3.8915070952956943e-01 4.0224883997307295e+01 13
1 0 1 1 2.6382354000336550e-02 1.9203818479805280e-02 1.0002025190002632e+00 6.3469840061024518e-02 3.9012658868412459e-01 4.0274883993211112e+01 13
1 0 1 1 2.6362765099471837e-02 1.9192281226737405e-02 1.0002036996262880e+00 6.3453170503022960e-02 3.9110191251387733e-01 4.0324883989031406e+01 13
1 0 1 1 2.6343244571940806e-02 1.9180788391327211e-02 1.0002048638539400e+00 6.3436634593051433e-02 3.9207667841039129e-01 4.0374883984768509e+01 13
1 0 1 1 2.6323792467595988e-02 1.9169339964182828e-02 1.0002060113437454e+00 6.3420231978333463e-02 3.9305088380235281e-01 4.0424883980427403e+01 13
1 0 1 1 2.6304408833437789e-02 1.9157935934668052e-02 1.0002071417620595e+00 6.3403962304661998e-02 3.9402452615553807e-01 4.0474883976003362e+01 13
1 0 1 1 2.6285093713616273e-02 1.9146576290901281e-02 1.0002082547813091e+00 6.3387825216379923e-02 3.9499760297324948e-01 4.0524883971492649e+01 13
1 0 1 1 2.6265847149432836e-02 1.9135261019752728e-02 1.0002093500802276e+00 6.3371820356363295e-02 3.9597011179682517e-01 4.0574883966908416e+01 13
1 0 1 1 2.6246669179367917e-02 1.9123990106861142e-02 1.0002104273440875e+00 6.3355947366019960e-02 3.9694205020479212e-01 4.0624883962224281e+01 13
1 0 1 1 2.6227549896429163e-02 1.9112763536610695e-02 1.0002114862649285e+00 6.3340205885249301e-02 3.9791341581531686e-01 4.0674883957491623e+01 13
1 0 1 1 2.6208498450943730e-02 1.9101581292173021e-02 1.0002125265417752e+00 6.3324595552480795e-02 3.9888420628287313e-01 4.0724883952657329e+01 13
1 0 1 1 2.6189515775997256e-02 1.9090443355472147e-02 1.0002135478808571e+00 6.3309116004605426e-02 3.9985441930162996e-01 4.0774883947727957e+01 13
1 0 1 1 2.6170601898419871e-02 1.9079349707190808e-02 1.0002145499958162e+00 6.3293766876980295e-02 4.0082405260555370e-01 4.0824883942768089e+01 13
1 0 1 1 2.6151756842307129e-02 1.9068300326819790e-02 1.0002155326079081e+00 6.3278547803470281e-02 4.0179310396425527e-01 4.0874883937675584e+01 13
1 0 1 1 2.6132980628897084e-02 1.9057295192582976e-02 1.0002164954462045e+00 6.3263458416338347e-02 4.0276157119031136e-01 4.0924883932552561e+01 13
1 0 1 1 2.6114273276717108e-02 1.9046334281521929e-02 1.0002174382477760e+00 6.3248498346343718e-02 4.0372945213226341e-01 4.0974883927335945e+01 13
1 0 1 1 2.6095634801500667e-02 1.9035417569441521e-02 1.0002183607578798e+00 6.3233667222657997e-02 4.0469674467933348e-01 4.1024883922035954e+01 13
1 0 1 1 2.6077065216223782e-02 1.9024545030932111e-02 1.0002192627301338e+00 6.3218964672879741e-02 4.0566344676058341e-01 4.1074883916684989e+01 13
1 0 1 1 2.6058564531140308e-02 1.9013716639386953e-02 1.0002201439266816e+00 6.3204390323049475e-02 4.0662955634384651e-01 4.1124883911277799e+01 13
1 0 1 1 2.6040132753791200e-02 1.9002932367002311e-02 1.0002210041183546e+00 6.3189943797634401e-02 4.0759507143538820e-01 4.1174883905749759e+01 13
1 0 1 1 2.6021769888940414e-02 1.8992192184741449e-02 1.0002218430848251e+00 6.3175624719472079e-02 4.0855999008477806e-01 4.1224883900223837e+01 13
1 0 1 1 2.6003475938732527e-02 1.8981496062420399e-02 1.0002226606147442e+00 6.3161432709875343e-02 4.0952431037674375e-01 4.1274883894587248e+01 13
1 0 1 1 2.5985250902558033e-02 1.8970843968627915e-02 1.0002234565058825e+00 6.3147367388514841e-02 4.1048803043931109e-01 4.1324883888909739e+01 13
1 0 1 1 2.5967094777166702e-02 1.8960235870789672e-02 1.0002242305652524e+00 6.3133428373494338e-02 4.1145114843859176e-01 4.1374883883171464e+01 13
1 0 1 1 2.5949007556637087e-02 1.8949671735145519e-02 1.0002249826092271e+00 6.3119615281317321e-02 4.1241366258108075e-01 4.1424883877382705e+01 13
1 0 1 1 2.5930989232407307e-02 1.8939151526767291e-02 1.0002257124636480e+00 6.3105927726899158e-02 4.1337557111318302e-01 4.1474883871557459e+01 13
1 0 1 1 2.5913039793306950e-02 1.8928675209570853e-02 1.0002264199639235e+00 6.3092365323576538e-02 4.1433687231974248e-01 4.1524883865639339e+01 13
1 0 1 1 2.5895159225500737e-02 1.8918242746283540e-02 1.0002271049551221e+00 6.3078927683062613e-02 4.1529756452855737e-01 4.1574883859736900e+01 13
1 0 1 1 2.5877347512635703e-02 1.8907854098524999e-02 1.0002277672920488e+00 6.3065614415540316e-02 4.1625764610281185e-01 4.1624883853732321e+01 13
1 0 1 1 2.5859604635703304e-02 1.8897509226724094e-02 1.0002284068393206e+00 6.3052425129557110e-02 4.1721711544977047e-01 4.1674883847737540e+01 13
1 0 1 1 2.5841930573198724e-02 1.8887208090209624e-02 1.0002290234714253e+00 6.3039359432134096e-02 4.1817597101299192e-01 4.1724883841692154e+01 13
1 0 1 1 2.5824325301047720e-02 1.8876950647162282e-02 1.0002296170727751e+00 6.3026416928705697e-02 4.1913421127709344e-01 4.1774883835617878e+01 13
1 0 1 1 2.5806788792667651e-02 1.8866736854647698e-02 1.0002301875377511e+00 6.3013597223154832e-02 4.2009183476534373e-01 4.1824883829497615e+01 13
1 0 1 1 2.5789321018954262e-02 1.8856566668608278e-02 1.0002307347707353e+00 6.3000899917801612e-02 4.2104884004168625e-01 4.1874883823386547e+01 13
1 0 1 1 2.5771921948357118e-02 1.8846440043898176e-02 1.0002312586861344e+00 6.2988324613453189e-02 4.2200522570711441e-01 4.1924883817233585e+01 13
1 0 1 1 2.5754591546835549e-02 1.8836356934260692e-02 1.0002317592083954e+00 6.2975870909368126e-02 4.2296099040369367e-01 4.1974883811095623e+01 13
1 0 1 1 2.5737328743812425e-02 1.8826310734972030e-02 1.0002322418973526e+00 6.2963538403316588e-02 4.2391617631503509e-01 4.2024885506528769e+01 13
1 0 1 1 2.5720136235989129e-02 1.8816308534584662e-02 1.0002327014454448e+00 6.2951327948539859e-02 4.2487064325663787e-01 4.2074882162398275e+01 13
1 0 1 1 2.5703010617971637e-02 1.8806348780304436e-02 1.0002331374692526e+00 6.2939236694116135e-02 4.2582457779152827e-01 4.2124883660230601e+01 13
1 0 1 1 2.5685953980925085e-02 1.8796432663258138e-02 1.0002335498742090e+00 6.2927265748315891e-02 4.2677786014061658e-01 4.2174883788502058e+01 13
1 0 1 1 2.5668965854644801e-02 1.8786559884831796e-02 1.0002339386436143e+00 6.2915414402231640e-02 4.2773051270799384e-01 4.2224883782298228e+01 13
1 0 1 1 2.5652046145041584e-02 1.8776730365536901e-02 1.0002343037606145e+00 6.2903682214271117e-02 4.2868253692506880e-01 4.2274883776135795e+01 13
1 0 1 1 2.5635194801714719e-02 1.8766944051599784e-02 1.0002346452171209e+00 6.2892068773794496e-02 4.2963393169507963e-01 4.2324883770004696e+01 13
1 0 1 1 2.5618411771994538e-02 1.8757200888230706e-02 1.0002349630148955e+00 6.2880573668764372e-02 4.3058469595816468e-01 4.2374883763880341e+01 13
1 0 1 1 2.5601697000957480e-02 1.8747500819632088e-02 1.0002352571654873e+00 6.2869196485752732e-02 4.3153482869156523e-01 4.2424883757746663e+01 13
1 0 1 1 2.5585050431418562e-02 1.8737843788989524e-02 1.0002355276901569e+00 6.2857936809951664e-02 4.3248432891175914e-01 4.2474883751726821e+01 13
1 0 1 1 2.5568472004092714e-02 1.8728229738559980e-02 1.0002357746197947e+00 6.2846794225272479e-02 4.3343319566564525e-01 4.2524883745634952e+01 13
1 0 1 1 2.5551961657398831e-02 1.8718658609557522e-02 1.0002359979948312e+00 6.2835768314231821e-02 4.3438142804383328e-01 4.2574883739693256e+01 13
1 0 1 1 2.5535519327740331e-02 1.8709130342309799e-02 1.0002361978651375e+00 6.2824858658139637e-02 4.3532902516524086e-01 4.2624883733739658e+01 13
1 0 1 1 2.5519144949335108e-02 1.8699644876156846e-02 1.0002363742899212e+00 6.2814064836988759e-02 4.3627598618819069e-01 4.2674883727829972e+01 13
1 0 1 1 2.5502838454324661e-02 1.8690202149508877e-02 1.0002365273376124e+00 6.2803386429538394e-02 4.3722231030529435e-01 4.2724883721989691e+01 13
1 0 1 1 2.5486599772795510e-02 1.8680802099857497e-02 1.0002366570857411e+00 6.2792823013340882e-02 4.3816799674396023e-01 4.2774883716259737e+01 13
1 0 1 1 2.5470428832858348e-02 1.8671444663816303e-02 1.0002367636208125e+00 6.2782374164789490e-02 4.3911304476245938e-01 4.2824883710508367e+01 13
1 0 1 1 2.5454325560530868e-02 1.8662129777047266e-02 1.0002368470381702e+00 6.2772039459062623e-02 4.4005745365831084e-01 4.2874883704899119e+01 13
1 0 1 1 2.5438289879944769e-02 1.8652857374380730e-02 1.0002369074418556e+00 6.2761818470262049e-02 4.4100122275760478e-01 4.2924883699344434e+01 13
1 0 1 1 2.5422321713257978e-02 1.8643627389757517e-02 1.0002369449444615e+00 6.2751710771365404e-02 4.4194435142121430e-01 4.2974883693858708e+01 13
1 0 1 1 2.5406420980705058e-02 1.8634439756255321e-02 1.0002369596669760e+00 6.2741715934276743e-02 4.4288683904349624e-01 4.3024883688513199e+01 13
1 0 1 1 2.5390587600698879e-02 1.8625294406143893e-02 1.0002369517386265e+00 6.2731833529891923e-02 4.4382868504718387e-01 4.3074883683187011e+01 13
1 0 1 1 2.5374821489723306e-02 1.8616191270818146e-02 1.0002369212967124e+00 6.2722063128051148e-02 4.4476988889142716e-01 4.3124883678019486e+01 13
1 0 1 1 2.5359122562509426e-02 1.8607130280898686e-02 1.0002368684864362e+00 6.2712404297660729e-02 4.4571045006282739e-01 4.3174883672956803e+01 13
1 0 1 1 2.5343490731993261e-02 1.8598111366198974e-02 1.0002367934607290e+00 6.2702856606675017e-02 4.4665036807868330e-01 4.3224883667951914e+01 13
1 0 1 1 2.5327925909308709e-02 1.8589134455722117e-02 1.0002366963800700e+00 6.2693419622110946e-02 4.4758964248948735e-01 4.3274883663119830e+01 13
1 0 1 1 2.5312428003923811e-02 1.8580199477732439e-02 1.0002365774123025e+00 6.2684092910143763e-02 4.4852827287164171e-01 4.3324883658378276e+01 13
1 0 1 1 2.5296988430160604e-02 1.8571306359714955e-02 1.0002364367324474e+00 6.2674876036080629e-02 4.4946625883326374e-01 4.3374883653780685e+01 13
1 0 1 1 2.5281614339759874e-02 1.8562455028425254e-02 1.0002362745225104e+00 6.2665768564432484e-02 4.5040360000930113e-01 4.3424883649284077e+01 13
1 0 1 1 2.5266306956316549e-02 1.8553645409869021e-02 1.0002360909712857e+00 6.2656770058915984e-02 4.5134029606566578e-01 4.3474883644994733e+01 13
1 0 1 1 2.5251066182287129e-02 1.8544877429381018e-02 1.0002358862741607e+00 6.2647880082546070e-02 4.5227634669069883e-01 4.3524883640740512e+01 13
1 0 1 1 2.5235891918444504e-02 1.8536151011529247e-02 1.0002356606329101e+00 6.2639098197569548e-02 4.5321175160725508e-01 4.3574883636743728e+01 13
1 0 1 1 2.5220784064153706e-02 1.8527466080268985e-02 1.0002354142554983e+00 6.2630423965628623e-02 4.5414651055676708e-01 4.3624883632795367e+01 13
1 0 1 1 2.5205742517150260e-02 1.8518822558812043e-02 1.0002351473558657e+00 6.2621856947664062e-02 4.5508062331468713e-01 4.3674883629110454e+01 13
1 0 1 1 2.5190767173814386e-02 1.8510220369780284e-02 1.0002348601537270e+00 6.2613396704079310e-02 4.5601408967467655e-01 4.3724883625508326e+01 13
1 0 1 1 2.5175857928993132e-02 1.8501659435100182e-02 1.0002345528743564e+00 6.2605042794661919e-02 4.5694690946118993e-01 4.3774883622114729e+01 13
1 0 1 1 2.5161014676181360e-02 1.8493139676102652e-02 1.0002342257483798e+00 6.2596794778698978e-02 4.5787908251940496e-01 4.3824883618850102e+01 13
1 0 1 1 2.5146237307437657e-02 1.8484661013471907e-02 1.0002338790115586e+00 6.2588652214956630e-02 4.5881060872232904e-01 4.3874883615839209e+01 13
1 0 1 1 2.5131525713548757e-02 1.8476223367335950e-02 1.0002335129045794e+00 6.2580614661781719e-02 4.5974148796154951e-01 4.3924883612942011e+01 13
1 0 1 1 2.5116879783912322e-02 1.8467826657194562e-02 1.0002331276728373e+00 6.2572681677059094e-02 4.6067172015593816e-01 4.3974883610250664e+01 13
1 0 1 1 2.5102299406665637e-02 1.8459470801991600e-02 1.0002327235662216e+00 6.2564852818302208e-02 4.6160130524529330e-01 4.4024883607774761e+01 13
1 0 1 1 2.5087784468710787e-02 1.8451155720125470e-02 1.0002323008389038e+00 6.2557127642679178e-02 4.6253024318976621e-01 4.4074883605437982e+01 13
1 0 1 1 2.5073334855655546e-02 1.8442881329411291e-02 1.0002318597491167e+00 6.2549505707013120e-02 4.6345853397548797e-01 4.4124883603411391e+01 13
1 0 1 1 2.5058950452017534e-02 1.8434647547194358e-02 1.0002314005589477e+00 6.2541986567897723e-02 4.6438617760245487e-01 4.4174883601487366e+01 13
1 0 1 1 2.5044631141052345e-02 1.8426454290248688e-02 1.0002309235341196e+00 6.2534569781626026e-02 4.6531317409692746e-01 4.4224883599775211e+01 13
1 0 1 1 2.5030376804883809e-02 1.8418301474849293e-02 1.0002304289437784e+00 6.2527254904289953e-02 4.6623952350496189e-01 4.4274883598381805e+01 13
1 0 1 1 2.5016187324611014e-02 1.8410189016828685e-02 1.0002299170602855e+00 6.2520041491843592e-02 4.6716522588639536e-01 4.4324883597113534e+01 13
1 0 1 1 2.5002062580160061e-02 1.8402116831489245e-02 1.0002293881590014e+00 6.2512929100050685e-02 4.6809028132587344e-01 4.4374883596099835e+01 13
1 0 1 1 2.4988002450448982e-02 1.8394084833694955e-02 1.0002288425180805e+00 6.2505917284588319e-02 4.6901468992357148e-01 4.4424883595319031e+01 13
1 0 1 1 2.4974006813366124e-02 1.8386092937855411e-02 1.0002282804182627e+00 6.2499005601055230e-02 4.6993845179795918e-01 4.4474883594775001e+01 13
1 0 1 1 2.4960075545806752e-02 1.8378141057945118e-02 1.0002277021426680e+00 6.2492193605009128e-02 4.7086156708475185e-01 4.4524883594466473e+01 13
1 0 1 1 2.4946208523693236e-02 1.8370229107508334e-02 1.0002271079765923e+00 6.2485480851997816e-02 4.7178403593676344e-01 4.4574883594408661e+01 13
1 0 1 1 2.4932405622016433e-02 1.8362356999685289e-02 1.0002264982073081e+00 6.2478866897596491e-02 4.7270585852269248e-01 4.4624883594589654e+01 13
1 0 1 1 2.4918666714851250e-02 1.8354524647212184e-02 1.0002258731238647e+00 6.2472351297432976e-02 4.7362703502700676e-01 4.4674883594994427e+01 13
1 0 1 1 2.4904991323341980e-02 1.8346730334461464e-02 1.0002252343045883e+00 6.2465933607213059e-02 4.7454758519682655e-01 4.4724884518401673e+01 13
1 0 1 1 2.4891379351946970e-02 1.8338971080600962e-02 1.0002245846787183e+00 6.2459613737161745e-02 4.7546749877151506e-01 4.4774885515320193e+01 13
1 0 1 1 2.4877832586142318e-02 1.8331252264833519e-02 1.0002239206185766e+00 6.2453391618132764e-02 4.7638665898129001e-01 4.4824880649227225e+01 13
1 0 1 1 2.4864347193194535e-02 1.8323571688194890e-02 1.0002232422351831e+00 6.2447265109372263e-02 4.7730531756574940e-01 4.4874883601671350e+01 13
1 0 1 1 2.4850925956667106e-02 1.8315930921313377e-02 1.0002225499670372e+00 6.2441235100963249e-02 4.7822327683402321e-01 4.4924883603459918e+01 13
1 0 1 1 2.4837567948047916e-02 1.8308329420141562e-02 1.0002218440696897e+00 6.2435300785261244e-02 4.7914059128629499e-01 4.4974883605375737e+01 13
1 0 1 1 2.4824273035689612e-02 1.8300767094684645e-02 1.0002211248388235e+00 6.2429461719242463e-02 4.8005726120936293e-01 4.5024883607689333e+01 13
1 0 1 1 2.4811041087330850e-02 1.8293243854698486e-02 1.0002203925704725e+00 6.2423717460224903e-02 4.8097328689541785e-01 4.5074883610295160e+01 13
1 0 1 1 2.4797871970018672e-02 1.8285759609643178e-02 1.0002196475608467e+00 6.2418067565838731e-02 4.8188866864821617e-01 4.5124883613068548e+01 13
1 0 1 1 2.4784765550010607e-02 1.8278314268625841e-02 1.0002188901061548e+00 6.2412511594023390e-02 4.8280340679166966e-01 4.5174883616361342e+01 13
1 0 1 1 2.4771721693125436e-02 1.8270907740595421e-02 1.0002181205024629e+00 6.2407049103172074e-02 4.8371750164587674e-01 4.5224883619712116e+01 13
1 0 1 1 2.4758740264316976e-02 1.8263539934101347e-02 1.0002173390455058e+00 6.2401679651988340e-02 4.8463095355870961e-01 4.5274883623596274e+01 13
1 0 1 1 2.4745821128159259e-02 1.8256210757563934e-02 1.0002165460305597e+00 6.2396402799691081e-02 4.8554376287228818e-01 4.5324883627613659e+01 13
1 0 1 1 2.4732964148452278e-02 1.8248920119049373e-02 1.0002157417522639e+00 6.2391218105881635e-02 4.8645592995241932e-01 4.5374883632122298e+01 13
1 0 1 1 2.4720169188601024e-02 1.8241667926485076e-02 1.0002149265044971e+00 6.2386125130704850e-02 4.8736745516264735e-01 4.5424883636834537e+01 13
1 0 1 1 2.4707436111358200e-02 1.8234454087506669e-02 1.0002141005802148e+00 6.2381123434762265e-02 4.8827833888315575e-01 4.5474883641877653e+01 13
1 0 1 1 2.4694764778960713e-02 1.8227278509538255e-02 1.0002132642713168e+00 6.2376212579191681e-02 4.8918858150303285e-01 4.5524883647387085e+01 13
1 0 1 1 2.4682155053234914e-02 1.8220141099847261e-02 1.0002124178685174e+00 6.2371392125715519e-02 4.9009818341301020e-01 4.5574883653128232e+01 13
1 0 1 1 2.4669606795424886e-02 1.8213041765446528e-02 1.0002115616612022e+00 6.2366661636592213e-02 4.9100714501914533e-01 4.5624883659266452e+01 13
1 0 1 1 2.4657119866380268e-02 1.8205980413197195e-02 1.0002106959373127e+00 6.2362020674697316e-02 4.9191546672984582e-01 4.5674883665673029e+01 13
1 0 1 1 2.4644694126401613e-02 1.8198956949721318e-02 1.0002098209832087e+00 6.2357468803495603e-02 4.9282314896895452e-01 4.5724883672663886e+01 13
1 0 1 1 2.4632329435552460e-02 1.8191971281575434e-02 1.0002089370835743e+00 6.2353005587151483e-02 4.9373019215299824e-01 4.5774883679762780e+01 13
1 0 1 1 2.4620025653241420e-02 1.8185023315013399e-02 1.0002080445212691e+00 6.2348630590409043e-02 4.9463659672350374e-01 4.5824883687501142e+01 13
1 0 1 1 2.4607782638721452e-02 1.8178112956265764e-02 1.0002071435772544e+00 6.2344343378772260e-02 4.9554236311070998e-01 4.5874883695433311e+01 13
1 0 1 1 2.4595600250698478e-02 1.8171240111317124e-02 1.0002062345304585e+00 6.2340143518380298e-02 4.9644749176336528e-01 4.5924883703796532e+01 14
1 0 1 1 2.4583478347556222e-02 1.8164404686032684e-02 1.0002053176576877e+00 6.2336030576108953e-02 4.9735198313345064e-01 4.5974883712684580e+01 14
1 0 1 1 2.4571416787409543e-02 1.8157606586185513e-02 1.0002043932335338e+00 6.2332004119592055e-02 4.9825583767255788e-01 4.6024883721862487e+01 14
1 0 1 1 2.4559415427922445e-02 1.8150845717353970e-02 1.0002034615302642e+00 6.2328063717181581e-02 4.9915905584687592e-01 4.6074883731610107e+01 14
1 0 1 1 2.4547474126588312e-02 1.8144121985075715e-02 1.0002025228177551e+00 6.2324208938039416e-02 5.0006163811628945e-01 4.6124883741580540e+01 14
1 0 1 1 2.4535585784536830e-02 1.8137435294669321e-02 1.0002015773633779e+00 6.2320439352058998e-02 5.0096358495990023e-01 4.6174883752227359e+01 14
1 0 1 1 2.4523755662192750e-02 1.8130785551451319e-02 1.0002006254319495e+00 6.2316754529994772e-02 5.0186489684691038e-01 4.6224883763205568e+01 14
1 0 1 1 2.4511985228684977e-02 1.8124172660569000e-02 1.0001996672856308e+00 6.2313154043379143e-02 5.0276557425985724e-01 4.6274883774671999e+01 14
1 0 1 1 2.4500274339872910e-02 1.8117596527088414e-02 1.0001987031838635e+00 6.2309637464587148e-02 5.0366561768333096e-01 4.6324883786673951e+01 14
1 0 1 1 2.4488622851394779e-02 1.8111057056000714e-02 1.0001977333833030e+00 6.2306204366847778e-02 5.0456502760400535e-01 4.6374883799161232e+01 14
1 0 1 1 2.4477030618635202e-02 1.8104554152200272e-02 1.0001967581377480e+00 6.2302854324244789e-02 5.0546380451351591e-01 4.6424883812160779e+01 14
1 0 1 1 2.4465497496761218e-02 1.8098087720506792e-02 1.0001957776980817e+00 6.2299586911735594e-02 5.0636194890664787e-01 4.6474883825684465e+01 14
1 0 1 1 2.4454023340714618e-02 1.8091657665657155e-02 1.0001947923122116e+00 6.2296401705161819e-02 5.0725946128262411e-01 4.6524883839814947e+01 14
1 0 1 1 2.4442608005277412e-02 1.8085263892342888e-02 1.0001938022250221e+00 6.2293298281273446e-02 5.0815634214046124e-01 4.6574883854456083e+01 14
1 0 1 1 2.4431251345003294e-02 1.8078906305169083e-02 1.0001928076783146e+00 6.2290276217717655e-02 5.0905259198514141e-01 4.6624883869687743e+01 14
1 0 1 1 2.4419953214248870e-02 1.8072584808673513e-02 1.0001918089107642e+00 6.2287335093064750e-02 5.0994821132613255e-01 4.6674883885693454e+01 14
1 0 1 1 2.4408713467335273e-02 1.8066299307412544e-02 1.0001908061578899e+00 6.2284474486843072e-02 5.1084320066441946e-01 4.6724883902046223e+01 14
1 0 1 1 2.4397531958186523e-02 1.8060049705760490e-02 1.0001897996519800e+00 6.2281693979470226e-02 5.1173756052271280e-01 4.6774883919405319e+01 14
1 0 1 1 2.4386408540845884e-02 1.8053835908196605e-02 1.0001887896221024e+00 6.2278993152380530e-02 5.1263129140436881e-01 4.6824883937229089e+01 14
1 0 1 1 2.4375343069030209e-02 1.8047657819055291e-02 1.0001877762940310e+00 6.2276371587921348e-02 5.1352439382971593e-01 4.6874883955813445e+01 14
1 0 1 1 2.4364335396363280e-02 1.8041515342655558e-02 1.0001867598902334e+00 6.2273828869425230e-02 5.1441686831810440e-01 4.6924883975298464e+01 14
1 0 1 1 2.4353385376420636e-02 1.8035408383324767e-02 1.0001857406298493e+00 6.2271364581221178e-02 5.1530871538460699e-01 4.6974883995490138e+01 14
1 0 1 1 2.4342492862613817e-02 1.8029336845333380e-02 1.0001847187286552e+00 6.2268978308608974e-02 5.1619993554975685e-01 4.7024884016412308e+01 14
1 0 1 1 2.4331657708178321e-02 1.8023300632887988e-02 1.0001836943990412e+00 6.2266669637872724e-02 5.1709052934152522e-01 4.7074884038426561e+01 14
1 0 1 1 2.4320879766388238e-02 1.8017299650250351e-02 1.0001826678500112e+00 6.2264438156328039e-02 5.1798049727804274e-01 4.7124884061268340e+01 14
1 0 1 1 2.4310158890323591e-02 1.8011333801605408e-02 1.0001816392871472e+00 6.2262283452279577e-02 5.1886983988707658e-01 4.7174884085148562e+01 14
1 0 1 1 2.4299494933036569e-02 1.8005402991155744e-02 1.0001806089126102e+00 6.2260205115058587e-02 5.1975855769300261e-01 4.7224884110025371e+01 14
1 0 1 1 2.4288887747469359e-02 1.7999507123071929e-02 1.0001795769251232e+00 6.2258202735010870e-02 5.2064665122382214e-01 4.7274884136007259e+01 14
1 0 1 1 2.4278337186484103e-02 1.7993646101513067e-02 1.0001785435199648e+00 6.2256275903510350e-02 5.2153412100951946e-01 4.7324884163263036e+01 14
1 0 1 1 2.4267843102903482e-02 1.7987819830643695e-02 1.0001775088889684e+00 6.2254424212973253e-02 5.2242096757885215e-01 4.7374884191851194e+01 14
1 0 1 1 2.4257405349550738e-02 1.7982028214658784e-02 1.0001764732205241e+00 6.2252647256859250e-02 5.2330719145622639e-01 4.7424884221543643e+01 14
1 0 1 1 2.4247023779036595e-02 1.7976271157663780e-02 1.0001754366995554e+00 6.2250944629644811e-02 5.2419279318033718e-01 4.7474884252884188e+01 14
1 0 1 1 2.4236698244021641e-02 1.7970548563819567e-02 1.0001743995075481e+00 6.2249315926877130e-02 5.2507777328252436e-01 4.7524884285973229e+01 14
1 0 1 1 2.4226428597205547e-02 1.7964860337337029e-02 1.0001733618225521e+00 6.2247760745164998e-02 5.2596213228773292e-01 4.7574884320522308e+01 14
1 0 1 1 2.4216214588486960e-02 1.7959206214040409e-02 1.0001723238811806e+00 6.2246278682148160e-02 5.2684587932093130e-01 4.7624884834796966e+01 14
1 0 1 1 2.4206051735687240e-02 1.7953578901906436e-02 1.0001712885036924e+00 6.2244869378672407e-02 5.2772937936191411e-01 4.7674906122388613e+01 14
1 0 1 1 2.4195958009256158e-02 1.7947993273102862e-02 1.0001702544773803e+00 6.2243534214280860e-02 5.2861106601223695e-01 4.7724859783342779e+01 14
1 0 1 1 2.4185905225516009e-02 1.7942433717429471e-02 1.0001692190947244e+00 6.2242269088007340e-02 5.2949338920286948e-01 4.7774884596753715e+01 14
1 0 1 1 2.4175912589513352e-02 1.7936910846349345e-02 1.0001681845029395e+00 6.2241076127542511e-02 5.3037465679719031e-01 4.7824884642679955e+01 14
1 0 1 1 2.4165974962072092e-02 1.7931421802484266e-02 1.0001671503476599e+00 6.2239954291588767e-02 5.3125530638900764e-01 4.7874884692339450e+01 14
1 0 1 1 2.4156092195814997e-02 1.7925966489976443e-02 1.0001661167839317e+00 6.2238903184179045e-02 5.3213533849331862e-01 4.7924884744709672e+01 14
1 0 1 1 2.4146264142736906e-02 1.7920544812646641e-02 1.0001650839634029e+00 6.2237922410362911e-02 5.3301475368096318e-01 4.7974884801940618e+01 14
1 0 1 1 2.4136490655367902e-02 1.7915156674637240e-02 1.0001640520344632e+00 6.2237011576327217e-02 5.3389355247528947e-01 4.8024884863484722e+01 14
1 0 1 1 2.4126771585996000e-02 1.7909801979979625e-02 1.0001630211421864e+00 6.2236170289309084e-02 5.3477173542121481e-01 4.8074884930024844e+01 15
1 0 1 1 2.4117106786644516e-02 1.7904480632585172e-02 1.0001619914283466e+00 6.2235398157614724e-02 5.3564930308876935e-01 4.8124885003681108e+01 15
1 0 1 1 2.4107496109823844e-02 1.7899192536656026e-02 1.0001609630315238e+00 6.2234694790671063e-02 5.3652625600458637e-01 4.8174885084111153e+01 15
1 0 1 1 2.4097939407248348e-02 1.7893937595981943e-02 1.0001599360869895e+00 6.2234059798946695e-02 5.3740259476994123e-01 4.8224885175239663e+01 16
1 0 1 1 2.4088436531640396e-02 1.7888715714928501e-02 1.0001589107269291e+00 6.2233492794058820e-02 5.3827831989495700e-01 4.8274885275805573e+01 16
1 0 1 1 2.4078987334088576e-02 1.7883526796988694e-02 1.0001578870801808e+00 6.2232993388630281e-02 5.3915343204308519e-01 4.8324885393317771e+01 17
1 0 1 1 2.4069591667019274e-02 1.7878370746411586e-02 1.0001568652725883e+00 6.2232561196455871e-02 5.4002793175670738e-01 4.8374885528394351e+01 17
1 0 1 1 2.4060249380565848e-02 1.7873247466214316e-02 1.0001558454266302e+00 6.2232195832350706e-02 5.4090181979630725e-01 4.8424885694150156e+01 18
1 0 1 1 2.4050960326260560e-02 1.7868156860204005e-02 1.0001548276618559e+00 6.2231896912312651e-02 5.4177509679670188e-01 4.8474885896553012e+01 19
1 0 1 1 2.4041724350681137e-02 1.7863098829499491e-02 1.0001538120942179e+00 6.2231664053349511e-02 5.4264776386670466e-01 4.8524886168768447e+01 20
1 0 1 1 2.4032541294745184e-02 1.7858073272154204e-02 1.0001527988360144e+00 6.2231496873650177e-02 5.4351982266868271e-01 4.8574886575820052e+01 20
1 0 1 1 2.4023410968090179e-02 1.7853080069160015e-02 1.0001517879930735e+00 6.2231394992580985e-02 5.4439127788381225e-01 4.8624887356196602e+01 22
1 0 1 1 2.4017593281638751e-02 1.7849900326517669e-02 1.0001511421618310e+00 6.2231363876883487e-02 5.4494887339347420e-01 4.8656898427455012e+01 27
1 0 1 1 2.4008549551897976e-02 1.7844960219028601e-02 1.0001501355598788e+00 6.2231368278783394e-02 5.4581929857669897e-01 4.8706897455955655e+01 39
1 0 1 1 2.4003441015710631e-02 1.7842171260578552e-02 1.0001495655595922e+00 6.2231399394467535e-02 5.4631294938902042e-01 4.8735269333450731e+01 45
1 0 1 1 2.3994479226859648e-02 1.7837281410434270e-02 1.0001485632201399e+00 6.2231504410473759e-02 5.4718243404815747e-01 4.8785269125817528e+01 19
