isScalarized | massIncreased | isMonotoneInside | isMonotoneOutside | mass_Baryon | mass_ADM | AST(radius) | radius  |  phi_c | rho_c | ctr |
1 0 1 1 3.3387756872646009e-02 2.4832282296704557e-02 1.0000000167391576e+00 8.3799999999995045e-02 4.1240196357975696e-03 1.9284774582439212e+01 56
1 1 1 1 3.3387635474279073e-02 2.4832204517730397e-02 1.0000000176921340e+00 8.3799749999995052e-02 4.2397078883381215e-03 1.9284481815329748e+01 20
1 1 1 1 3.3387514074328981e-02 2.4832126737937162e-02 1.0000000186451354e+00 8.3799499999995058e-02 4.3523167895466027e-03 1.9284189070335664e+01 21
1 1 1 1 3.3387392672795266e-02 2.4832048957324486e-02 1.0000000195981624e+00 8.3799249999995065e-02 4.4620794851763373e-03 1.9283896347456352e+01 21
1 1 1 1 3.3387271269676930e-02 2.4831971175890661e-02 1.0000000205512145e+00 8.3798999999995072e-02 4.5692010971678078e-03 1.9283603646691130e+01 21
1 1 1 1 3.3385236341664577e-02 2.4830667452498140e-02 1.0000000365279420e+00 8.3794810049995075e-02 6.0897339554150422e-03 1.9278701331259381e+01 22
1 1 1 1 3.3383201068797150e-02 2.4829363563258086e-02 1.0000000525109862e+00 8.3790620309492581e-02 7.2991940543994573e-03 1.9273805470484035e+01 21
1 1 1 1 3.3369261822824875e-02 2.4820435479307842e-02 1.0000001620666985e+00 8.3761952129835393e-02 1.2795710559650992e-02 1.9240472154538466e+01 39
1 1 1 1 3.3355177479693771e-02 2.4811417445632426e-02 1.0000002729317534e+00 8.3733031221972065e-02 1.6569133371664286e-02 1.9207138909504931e+01 34
1 1 1 1 3.3340944280893701e-02 2.4802306973279169e-02 1.0000003851444066e+00 8.3703851360977743e-02 1.9639353574757219e-02 1.9173805748342488e+01 26
1 1 1 1 3.3326557920981700e-02 2.4793101477574613e-02 1.0000004987443813e+00 8.3674406083713126e-02 2.2298941088181552e-02 1.9140472639498864e+01 21
1 1 1 1 3.3312013941416314e-02 2.4783798282501188e-02 1.0000006137728306e+00 8.3644688706427106e-02 2.4681180819798341e-02 1.9107139538063230e+01 16
1 1 1 1 3.3297307749554868e-02 2.4774394633174681e-02 1.0000007302721967e+00 8.3614692368151111e-02 2.6860136002121213e-02 1.9073806444353767e+01 13
1 1 1 1 3.3282434592447042e-02 2.4764887679415447e-02 1.0000008482864295e+00 8.3584409981858399e-02 2.8882013443161030e-02 1.9040473358693188e+01 12
1 1 1 1 3.3267389549450327e-02 2.4755274471384765e-02 1.0000009678610564e+00 8.3553834224536938e-02 3.0777941178708908e-02 1.9007140281424071e+01 12
1 1 1 1 3.3252167524420326e-02 2.4745551954979277e-02 1.0000010890432571e+00 8.3522957526701080e-02 3.2570074091602279e-02 1.8973807212903992e+01 12
1 1 1 1 3.3236763237452824e-02 2.4735716966955153e-02 1.0000012118819412e+00 8.3491772061332070e-02 3.4274847584244761e-02 1.8940474153513172e+01 12
1 1 1 1 3.3221171216146192e-02 2.4725766229774581e-02 1.0000013364278326e+00 8.3460269732187731e-02 3.5904855843967076e-02 1.8907141103650883e+01 12
1 1 1 1 3.3205385786346742e-02 2.4715696346144213e-02 1.0000014627335567e+00 8.3428442161455785e-02 3.7470004829878681e-02 1.8873808063729939e+01 12
1 1 1 1 3.3189401062359486e-02 2.4705503793244078e-02 1.0000015908537332e+00 8.3396280676721890e-02 3.8978255439378592e-02 1.8840475034210701e+01 12
1 1 1 1 3.3173210936536773e-02 2.4695184916586985e-02 1.0000017208450762e+00 8.3363776297111336e-02 4.0436121960616425e-02 1.8807142015538243e+01 12
1 1 1 1 3.3156809068295753e-02 2.4684735923547977e-02 1.0000018527664978e+00 8.3330919718744678e-02 4.1849017623899504e-02 1.8773809008222770e+01 12
1 1 1 1 3.3140188872392048e-02 2.4674152876449727e-02 1.0000019866792198e+00 8.3297701299199056e-02 4.3221500955446954e-02 1.8740476012785560e+01 12
1 1 1 1 3.3123343506509230e-02 2.4663431685251733e-02 1.0000021226468914e+00 8.3264111041113420e-02 4.4557455664097731e-02 1.8707143029764303e+01 12
1 1 1 1 3.3106265858079610e-02 2.4652568099789399e-02 1.0000022607357151e+00 8.3230138574824891e-02 4.5860224752732402e-02 1.8673810059756036e+01 12
1 1 1 1 3.3088948530217009e-02 2.4641557701482516e-02 1.0000024010145796e+00 8.3195773139857376e-02 4.7132712344834522e-02 1.8640477103366049e+01 12
1 1 1 1 3.3071383826808423e-02 2.4630395894566025e-02 1.0000025435552018e+00 8.3161003565357383e-02 4.8377462246792798e-02 1.8607144161265953e+01 12
1 1 1 1 3.3053563736568495e-02 2.4619077896694354e-02 1.0000026884322786e+00 8.3125818249194100e-02 4.9596719445227734e-02 1.8573811234115801e+01 12
1 1 1 1 3.3035479916139796e-02 2.4607598729003699e-02 1.0000028357236461e+00 8.3090205135906897e-02 5.0792478860023811e-02 1.8540478322689225e+01 12
1 1 1 1 3.3017123671936009e-02 2.4595953205419938e-02 1.0000029855104533e+00 8.3054151692984468e-02 5.1966524462178421e-02 1.8507145427723891e+01 12
1 1 1 1 3.2998485940918025e-02 2.4584135921357931e-02 1.0000031378773431e+00 8.3017644885900993e-02 5.3120460977978852e-02 1.8473812550082016e+01 12
1 1 1 1 3.2979557269900817e-02 2.4572141241546067e-02 1.0000032929126492e+00 8.2980671151210661e-02 5.4255739853707775e-02 1.8440479690612353e+01 12
1 1 1 1 3.2960327793565940e-02 2.4559963287096656e-02 1.0000034507086049e+00 8.2943216368113415e-02 5.5373680695605214e-02 1.8407146850264429e+01 12
1 1 1 1 3.2940787210838741e-02 2.4547595921621847e-02 1.0000036113615653e+00 8.2905265827905777e-02 5.6475489133819202e-02 1.8373814030027482e+01 12
1 1 1 1 3.2920924759640001e-02 2.4535032736392626e-02 1.0000037749722477e+00 8.2866804201444988e-02 5.7562271816054326e-02 1.8340481230954627e+01 12
1 1 1 1 3.2900729189812544e-02 2.4522267034430299e-02 1.0000039416459863e+00 8.2827815504341373e-02 5.8635049087340838e-02 1.8307148454174346e+01 12
1 1 1 1 3.2880188734070087e-02 2.4509291813435932e-02 1.0000041114930083e+00 8.2788283059689716e-02 5.9694765788225183e-02 1.8273815700885084e+01 12
1 1 1 1 3.2859291076816566e-02 2.4496099747482989e-02 1.0000042846287269e+00 8.2748189458170252e-02 6.0742300511209095e-02 1.8240482972366532e+01 12
1 1 1 1 3.2838023320623244e-02 2.4482683167326186e-02 1.0000044611740584e+00 8.2707516515267421e-02 6.1778473587312310e-02 1.8207150269992269e+01 12
1 1 1 1 3.2816371950157297e-02 2.4469034039225034e-02 1.0000046412557615e+00 8.2666245225339052e-02 6.2804054021356512e-02 1.8173817595214949e+01 12
1 1 1 1 3.2794322793367289e-02 2.4455143942163617e-02 1.0000048250068037e+00 8.2624355712339059e-02 6.3819765549618698e-02 1.8140484949603600e+01 12
1 1 1 1 3.2771860979605223e-02 2.4441004043271285e-02 1.0000050125667548e+00 8.2581827176774314e-02 6.4826291966522495e-02 1.8107152334832573e+01 12
1 1 1 1 3.2748970894457115e-02 2.4426605071325429e-02 1.0000052040822112e+00 8.2538637838649398e-02 6.5824281836100382e-02 1.8073819752690447e+01 12
1 1 1 1 3.2725636130950468e-02 2.4411937288125535e-02 1.0000053997072540e+00 8.2494764876013760e-02 6.6814352685728981e-02 1.8040487205110466e+01 12
1 1 1 1 3.2701839436762525e-02 2.4396990457536408e-02 1.0000055996039443e+00 8.2450184358627610e-02 6.7797094765672444e-02 1.8007154694145783e+01 12
1 1 1 1 3.2677562657110255e-02 2.4381753812003158e-02 1.0000058039428568e+00 8.2404871176438771e-02 6.8773074438553156e-02 1.7973822222027660e+01 12
1 1 1 1 3.2652786672785261e-02 2.4366216016225298e-02 1.0000060129036599e+00 8.2358798962164026e-02 6.9742837261637963e-02 1.7940489791133395e+01 12
1 1 1 1 3.2627491332965358e-02 2.4350365127779286e-02 1.0000062266757428e+00 8.2311940007622819e-02 7.0706910805937565e-02 1.7907157404043168e+01 12
1 1 1 1 3.2601655382154697e-02 2.4334188554307967e-02 1.0000064454588955e+00 8.2264265172993289e-02 7.1665807259364125e-02 1.7873825063522261e+01 12
1 1 1 1 3.2575256380735156e-02 2.4317673006976508e-02 1.0000066694640488e+00 8.2215743788461443e-02 7.2620025847072292e-02 1.7840492772558850e+01 12
1 1 1 1 3.2548270618402583e-02 2.4300804449775136e-02 1.0000068989140767e+00 8.2166343547372733e-02 7.3570055103395218e-02 1.7807160534390960e+01 12
1 1 1 1 3.2520673019706042e-02 2.4283568044198164e-02 1.0000071340446728e+00 8.2116030389999595e-02 7.4516375024926890e-02 1.7773828352500296e+01 12
1 1 1 1 3.2492437040912946e-02 2.4265948088864842e-02 1.0000073751053027e+00 8.2064768377062336e-02 7.5459459127876244e-02 1.7740496230677010e+01 12
1 1 1 1 3.2463534557115120e-02 2.4247927953433782e-02 1.0000076223602468e+00 8.2012519551707269e-02 7.6399776437521452e-02 1.7707164173019141e+01 12
1 1 1 1 3.2433935738580125e-02 2.4229490006243474e-02 1.0000078760897362e+00 8.1959243788851860e-02 7.7337793429121587e-02 1.7673832183970429e+01 12
1 1 1 1 3.2403608915065919e-02 2.4210615534919207e-02 1.0000081365911995e+00 8.1904898630436040e-02 7.8273975942187976e-02 1.7640500268371603e+01 12
1 1 1 1 3.2372520426662318e-02 2.4191284659113695e-02 1.0000084041806276e+00 8.1849439104927535e-02 7.9208791089953712e-02 1.7607168431477675e+01 12
1 1 1 1 3.2340634459621542e-02 2.4171476234486726e-02 1.0000086791940712e+00 8.1792817529394435e-02 8.0142709181956609e-02 1.7573836679023849e+01 12
1 1 1 1 3.2307912865289473e-02 2.4151167746822549e-02 1.0000089619892885e+00 8.1734983291978980e-02 8.1076205682348079e-02 1.7540505017261037e+01 11
1 1 1 1 3.2274314960098992e-02 2.4130335195090755e-02 1.0000092529475577e+00 8.1675882612537803e-02 8.2009763223175408e-02 1.7507173453021306e+01 11
1 1 1 1 3.2239797304208159e-02 2.4108952962051854e-02 1.0000095524756776e+00 8.1615458278737951e-02 8.2943873695424497e-02 1.7473841993781537e+01 11
1 1 1 1 3.2204313456045325e-02 2.4086993670796059e-02 1.0000098610081749e+00 8.1553649354589419e-02 8.3879040441117395e-02 1.7440510647726803e+01 11
1 1 1 1 3.2167813699646552e-02 2.4064428025421199e-02 1.0000101790097480e+00 8.1490390857989065e-02 8.4815780570473162e-02 1.7407179423855922e+01 11
1 1 1 1 3.2130244741054560e-02 2.4041224633652505e-02 1.0000105069779759e+00 8.1425613403158459e-02 8.5754627434229833e-02 1.7373848332042506e+01 11
1 1 1 1 3.2091549369694709e-02 2.4017349809042594e-02 1.0000108454463232e+00 8.1359242803582643e-02 8.6696133278573215e-02 1.7340517383167498e+01 11
1 1 1 1 3.2051666079734704e-02 2.3992767349824536e-02 1.0000111949874868e+00 8.1291199629980465e-02 8.7640872119650229e-02 1.7307186589233751e+01 12
1 1 1 1 3.2010528645799549e-02 2.3967438291160097e-02 1.0000115562171208e+00 8.1221398717246096e-02 8.8589442875952967e-02 1.7273855963490583e+01 12
1 1 1 1 3.1968065646426222e-02 2.3941320626899978e-02 1.0000119297980001e+00 8.1149748613321776e-02 8.9542472802073045e-02 1.7240525520608998e+01 12
1 1 1 1 3.1924199927460012e-02 2.3914368996338652e-02 1.0000123164446755e+00 8.1076150961622878e-02 9.0500621276617094e-02 1.7207195276858450e+01 12
1 1 1 1 3.1878847996285792e-02 2.3886534330635898e-02 1.0000127169286950e+00 8.1000499807410781e-02 9.1464584003590449e-02 1.7173865250296753e+01 12
1 1 1 1 3.1831919336233791e-02 2.3857763452706428e-02 1.0000131320844676e+00 8.0922680816926496e-02 9.2435097694836058e-02 1.7140535461039857e+01 12
1 1 1 1 3.1783315628331213e-02 2.3827998623095738e-02 1.0000135628158693e+00 8.0842570395813995e-02 9.3412945318270796e-02 1.7107205931501465e+01 12
1 1 1 1 3.1732929865509331e-02 2.3797177023163005e-02 1.0000140101036923e+00 8.0760034691491844e-02 9.4398962004101486e-02 1.7073876686741176e+01 12
1 1 1 1 3.1680645341179300e-02 2.3765230165037426e-02 1.0000144750140745e+00 8.0674928460770901e-02 9.5394041726390488e-02 1.7040547754806379e+01 12
1 1 1 1 3.1626334490865014e-02 2.3732083215916550e-02 1.0000149587080525e+00 8.0587093781060604e-02 9.6399144892817257e-02 1.7007219167171879e+01 12
1 1 1 1 3.1569857561082076e-02 2.3697654221670753e-02 1.0000154624524171e+00 8.0496358578996507e-02 9.7415307006670809e-02 1.6973890959231102e+01 12
1 1 1 1 3.1511061074458196e-02 2.3661853211673606e-02 1.0000159876320771e+00 8.0402534945441417e-02 9.8443648596314867e-02 1.6940563170858457e+01 12
1 1 1 1 3.1449776053596633e-02 2.3624581163004435e-02 1.0000165357641728e+00 8.0305417199678653e-02 9.9485386647345769e-02 1.6907235847094203e+01 12
1 1 1 1 3.1385815957914780e-02 2.3585728797323218e-02 1.0000171085142300e+00 8.0204779657814307e-02 1.0054184782656481e-01 1.6873909038910700e+01 12
1 1 1 1 3.1318974277738942e-02 2.3545175177940927e-02 1.0000177077146857e+00 8.0100374051348011e-02 1.0161448384780571e-01 1.6840582804117179e+01 12
1 1 1 1 3.1249021717128775e-02 2.3502786067093859e-02 1.0000183353861904e+00 7.9991926530239288e-02 1.0270488941078401e-01 1.6807257208434955e+01 12
1 1 1 1 3.1175702880810004e-02 2.3458411994064107e-02 1.0000189937621493e+00 7.9879134170358107e-02 1.0381482324804314e-01 1.6773932326710362e+01 12
1 1 1 1 3.1098730123168696e-02 2.3411866696789449e-02 1.0000196855000756e+00 7.9761660887791158e-02 1.0494626670856733e-01 1.6740607253744848e+01 12
1 1 1 1 3.1017792260164566e-02 2.3362983756291367e-02 1.0000204131420762e+00 7.9639143184632416e-02 1.0610125661801141e-01 1.6707285837655245e+01 12
1 1 1 1 3.0932516323613952e-02 2.3311546147412411e-02 1.0000211798536043e+00 7.9511143909732601e-02 1.0728239369613136e-01 1.6673962944718859e+01 12
1 1 1 1 3.0842502867227683e-02 2.3257320404797568e-02 1.0000219889856419e+00 7.9377206682217649e-02 1.0849228350432666e-01 1.6640641837635151e+01 12
1 1 1 1 3.0747288512909043e-02 2.3200035567136418e-02 1.0000228443782917e+00 7.9236803093659408e-02 1.0973400672418321e-01 1.6607322082534921e+01 12
1 1 1 1 3.0646346566543380e-02 2.3139383745914285e-02 1.0000237503271792e+00 7.9089338797107223e-02 1.1101103374504644e-01 1.6574003780385485e+01 13
1 1 1 1 3.0539074115995060e-02 2.3075012572240199e-02 1.0000247116614596e+00 7.8934140461867808e-02 1.1232731507795424e-01 1.6540687124377332e+01 13
1 1 1 1 3.0424777332007321e-02 2.3006516610590898e-02 1.0000257338241167e+00 7.8770441738553298e-02 1.1368737610451857e-01 1.6507372335566107e+01 13
1 1 1 1 3.0302653539804093e-02 2.2933426886483074e-02 1.0000268229617466e+00 7.8597366600002661e-02 1.1509643147006082e-01 1.6474059665370913e+01 13
1 1 1 1 3.0171768945477354e-02 2.2855197870194324e-02 1.0000279860255394e+00 7.8413909118273950e-02 1.1656052786572221e-01 1.6440749397566098e+01 13
1 1 1 1 3.0031030782320705e-02 2.2771191190609066e-02 1.0000292308822478e+00 7.8218908840820223e-02 1.1808672370055338e-01 1.6407441848328400e+01 13
1 1 1 1 2.9879093430635599e-02 2.2680655123232640e-02 1.0000305664312565e+00 7.8011020752125404e-02 1.1968331709747332e-01 1.6374137362513835e+01 13
1 1 1 1 2.9714472032677637e-02 2.2582698589235686e-02 1.0000320027189038e+00 7.7788678622940144e-02 1.2136013775347859e-01 1.6340836302920284e+01 13
1 1 1 1 2.9535359124156130e-02 2.2476257997266418e-02 1.0000335510320666e+00 7.7550050401705511e-02 1.2312892396466754e-01 1.6307539026875745e+01 13
1 1 1 1 2.9339566521525355e-02 2.2360054734272980e-02 1.0000352239363961e+00 7.7292984288345135e-02 1.2500381425182622e-01 1.6274245840348847e+01 14
1 1 1 1 2.9124445525720851e-02 2.2232540453202648e-02 1.0000370351944261e+00 7.7014944457693191e-02 1.2700199458434763e-01 1.6240956912548310e+01 14
1 1 1 1 2.8886758425210015e-02 2.2091765348039388e-02 1.0000390005869089e+00 7.6712936505741181e-02 1.2914463858083627e-01 1.6207670920557810e+01 14
1 1 1 1 2.8622573096602003e-02 2.1935454467451643e-02 1.0000411342573365e+00 7.6383458609192129e-02 1.3145763026322721e-01 1.6174391216785768e+01 14
1 1 1 1 2.8326962848388065e-02 2.1760742928358442e-02 1.0000434493334136e+00 7.6022306776736853e-02 1.3397405995060649e-01 1.6141111499987780e+01 14
1 1 1 1 2.7993740373864418e-02 2.1564077840782497e-02 1.0000459542205951e+00 7.5624661300203011e-02 1.3673538505938262e-01 1.6107829556508268e+01 14
1 1 1 1 2.7615455679826567e-02 2.1341038589639275e-02 1.0000486464346157e+00 7.5185040280165372e-02 1.3979481199876054e-01 1.6074538985570616e+01 14
1 1 1 1 2.7182827637253566e-02 2.1086008028616276e-02 1.0000515044421963e+00 7.4697494377673535e-02 1.4322163478580968e-01 1.6041224679423877e+01 15
1 1 1 1 2.6841151546235661e-02 2.0884648477906883e-02 1.0000535721128914e+00 7.4324006905785167e-02 1.4589040506070231e-01 1.6017846063254460e+01 20
1 1 1 1 2.6491130189483618e-02 2.0678529114035660e-02 1.0000554952233713e+00 7.3952386871256243e-02 1.4860186119388857e-01 1.5996122362667677e+01 21
1 1 1 1 2.6131860430600812e-02 2.0466923018309335e-02 1.0000572462144706e+00 7.3582624936899960e-02 1.5137534948791248e-01 1.5975779036554478e+01 22
1 1 1 1 2.5761840075891662e-02 2.0248866755927204e-02 1.0000587920386208e+00 7.3214711812215463e-02 1.5423466479644921e-01 1.5956562196629777e+01 23
1 1 1 1 2.5378827227024371e-02 2.0023234422494859e-02 1.0000600861357150e+00 7.2848638253154380e-02 1.5721036148562076e-01 1.5938228617540950e+01 24
1 1 1 1 2.4979978129149993e-02 1.9788157481129380e-02 1.0000610746056497e+00 7.2484395061888612e-02 1.6034482664799676e-01 1.5920525995600563e+01 26
1 1 1 1 2.4560721486619305e-02 1.9540957738648047e-02 1.0000616792157679e+00 7.2121973086579166e-02 1.6370036430210322e-01 1.5903169982367437e+01 28
1 1 1 1 2.4113537617219433e-02 1.9277301382338238e-02 1.0000617807957946e+00 7.1761363221146277e-02 1.6737760689949019e-01 1.5885791874960171e+01 31
1 1 1 1 2.0857536725742774e-02 1.7404788220717778e-02 1.0000310697234751e+00 7.1402556405040549e-02 2.1228633828531926e-01 1.5753517996264177e+01 36
