isScalarized | massIncreased | isMonotoneInside | isMonotoneOutside | mass_Baryon | mass_ADM | AST(radius) | radius  |  phi_c | rho_c | ctr |
1 0 1 1 3.1831837298108984e-02 2.4248449068139572e-02 1.0000000000000528e+00 8.6200399999999802e-02 3.3322423837811393e-03 1.7230464141550019e+01 37
1 1 1 1 3.1832118580986314e-02 2.4248568572019107e-02 1.0000000000000531e+00 8.6200024999999805e-02 3.3339049581442661e-03 1.7230759249971985e+01 38
1 1 1 1 3.1832399842923575e-02 2.4248688062196315e-02 1.0000000000000531e+00 8.6199649999999808e-02 3.3355673263695111e-03 1.7231054357957539e+01 38
1 1 1 1 3.1832681083921906e-02 2.4248807538670793e-02 1.0000000000000531e+00 8.6199274999999811e-02 3.3372294889773045e-03 1.7231349465504593e+01 38
1 1 1 1 3.1832962303981339e-02 2.4248927001443522e-02 1.0000000000000533e+00 8.6198899999999815e-02 3.3388914464812331e-03 1.7231644572610012e+01 38
1 1 1 1 3.1880316387896367e-02 2.4268974044770270e-02 1.0000000000000708e+00 8.6135352423298173e-02 3.6179571555019722e-03 1.7281645145977539e+01 37
1 1 1 1 3.1927096433749018e-02 2.4288641269086194e-02 1.0000000000000928e+00 8.6071774690205771e-02 3.8933646879995348e-03 1.7331645944937424e+01 37
1 1 1 1 3.1973315114112243e-02 2.4307935938061884e-02 1.0000000000001195e+00 8.6008154934810455e-02 4.1667456151958729e-03 1.7381647487536540e+01 37
1 1 1 1 3.2018981921068113e-02 2.4326863852790936e-02 1.0000000000001519e+00 8.5944484861154302e-02 4.4393336822721157e-03 1.7431649152168312e+01 37
1 1 1 1 3.2064105015359758e-02 2.4345428979119288e-02 1.0000000000001912e+00 8.5880757661319140e-02 4.7120917918736871e-03 1.7481650649900072e+01 37
1 1 1 1 3.2108701253135419e-02 2.4363575326105613e-02 1.0000000000002383e+00 8.5816967858828586e-02 4.9858444842243331e-03 1.7531662363912428e+01 37
1 1 1 1 3.2152738135327215e-02 2.4381356672525781e-02 1.0000000000002947e+00 8.5753151200149202e-02 5.2609768611397989e-03 1.7581641383830625e+01 37
1 1 1 1 3.2196278318354470e-02 2.4398799920989596e-02 1.0000000000003617e+00 8.5689220149912648e-02 5.5383575655492470e-03 1.7631653014120051e+01 37
1 1 1 1 3.2239287832406642e-02 2.4415892931174365e-02 1.0000000000004412e+00 8.5625227066343013e-02 5.8181675302599158e-03 1.7681653592137749e+01 37
1 1 1 1 3.2281780055166728e-02 2.4432642587526577e-02 1.0000000000005349e+00 8.5561155160807534e-02 6.1008195858549613e-03 1.7731654080200222e+01 37
1 1 1 1 3.2323756951885760e-02 2.4449051673442156e-02 1.0000000000006448e+00 8.5497002161075697e-02 6.3866099891387610e-03 1.7781654496167398e+01 37
1 1 1 1 3.2365125434426427e-02 2.4465122765164601e-02 1.0000000000007736e+00 8.5432766259851134e-02 6.6757890253697962e-03 1.7831654853333745e+01 37
1 1 1 1 3.2405984438168986e-02 2.4480858265682175e-02 1.0000000000009239e+00 8.5368446050950397e-02 6.9685689189311513e-03 1.7881655161874992e+01 37
1 1 1 1 3.2446336175951891e-02 2.4496260433023418e-02 1.0000000000010989e+00 8.5304040476272214e-02 7.2651300864578633e-03 1.7931655429662811e+01 37
1 1 1 1 3.2486182608581902e-02 2.4511331404113865e-02 1.0000000000013016e+00 8.5239548780861152e-02 7.5656261573791043e-03 1.7981655662915951e+01 37
1 1 1 1 3.2525525486948280e-02 2.4526073214956003e-02 1.0000000000015361e+00 8.5174970474591050e-02 7.8701880582794578e-03 1.8031655866644311e+01 37
1 1 1 1 3.2564366387916009e-02 2.4540487817736673e-02 1.0000000000018068e+00 8.5110305299236799e-02 8.1789273736023790e-03 1.8081656044952478e+01 37
1 1 1 1 3.2602711573169033e-02 2.4554541852988186e-02 1.0000000000021183e+00 8.5045553199994628e-02 8.4919764993802802e-03 1.8131662128434943e+01 37
1 1 1 1 3.2640546978108018e-02 2.4568245846261716e-02 1.0000000000024760e+00 8.4980737330818346e-02 8.8092897117228539e-03 1.8181654076142749e+01 37
1 1 1 1 3.2677889632765751e-02 2.4581629728420623e-02 1.0000000000028859e+00 8.4915826122668125e-02 9.1310679220101432e-03 1.8231652889821063e+01 37
1 1 1 1 3.2714739006412440e-02 2.4594694605625082e-02 1.0000000000033542e+00 8.4850822570387008e-02 9.4573577619494406e-03 1.8281656562067706e+01 37
1 1 1 1 3.2751089947198220e-02 2.4607439987977028e-02 1.0000000000038887e+00 8.4785738179889825e-02 9.7881531857101130e-03 1.8331656655530544e+01 37
1 1 1 1 3.2786946142581694e-02 2.4619868522563194e-02 1.0000000000044971e+00 8.4720568964653076e-02 1.0123518199265895e-02 1.8381656737974865e+01 37
1 1 1 1 3.2822308601274205e-02 2.4631981895049664e-02 1.0000000000051883e+00 8.4655315666369857e-02 1.0463486784739941e-02 1.8431656810806981e+01 37
1 1 1 1 3.2857111104887538e-02 2.4643781777381819e-02 1.0000000000059723e+00 8.4589979111225622e-02 1.0808086896555611e-02 1.8481656875265546e+01 37
1 1 1 1 3.2891400665968497e-02 2.4655269831558704e-02 1.0000000000068601e+00 8.4524560200444687e-02 1.1157341221950416e-02 1.8531656932421356e+01 37
1 1 1 1 3.2925198897313657e-02 2.4666447712836714e-02 1.0000000000078635e+00 8.4459059901995315e-02 1.1511267835135511e-02 1.8581656983224814e+01 37
1 1 1 1 3.2958506787285451e-02 2.4677317072360896e-02 1.0000000000089959e+00 8.4393479243424441e-02 1.1869880760127594e-02 1.8631657028487204e+01 37
1 1 1 1 3.2991325328785251e-02 2.4687879559385683e-02 1.0000000000102718e+00 8.4327819305532403e-02 1.2233190456511948e-02 1.8681657068923354e+01 37
1 1 1 1 3.3023655523659878e-02 2.4698136823095594e-02 1.0000000000117069e+00 8.4262081216900819e-02 1.2601204238755593e-02 1.8731657105152880e+01 37
1 1 1 1 3.3055498386407180e-02 2.4708090514111238e-02 1.0000000000133189e+00 8.4196266149099197e-02 1.2973926638966779e-02 1.8781657137697973e+01 37
1 1 1 1 3.3086857079581582e-02 2.4717722158954444e-02 1.0000000000151275e+00 8.4130375312436445e-02 1.3351383700490441e-02 1.8831660323896141e+01 37
1 1 1 1 3.3117727803426436e-02 2.4727021601389388e-02 1.0000000000171536e+00 8.4064422434455555e-02 1.3733515532815656e-02 1.8881658776915007e+01 37
1 1 1 1 3.3148111533366068e-02 2.4736021472133912e-02 1.0000000000194200e+00 8.3998402568942088e-02 1.4120319004747851e-02 1.8931652534607437e+01 37
1 1 1 1 3.3178018774822814e-02 2.4744726211105964e-02 1.0000000000219527e+00 8.3932296352492830e-02 1.4511912167933945e-02 1.8981657236926655e+01 37
1 1 1 1 3.3207441205604989e-02 2.4753134728093568e-02 1.0000000000247780e+00 8.3866125760729493e-02 1.4908168123651987e-02 1.9031657256876862e+01 37
1 1 1 1 3.3236382787775430e-02 2.4761249543577814e-02 1.0000000000279261e+00 8.3799885963540544e-02 1.5309116492018804e-02 1.9081657275113599e+01 37
1 1 1 1 3.3264844687572993e-02 2.4769072355581494e-02 1.0000000000314300e+00 8.3733578337219172e-02 1.5714749191235156e-02 1.9131657291840224e+01 37
1 1 1 1 3.3292828098089561e-02 2.4776604868508589e-02 1.0000000000353251e+00 8.3667204278536855e-02 1.6125056993400746e-02 1.9181657307206830e+01 37
1 1 1 1 3.3320303196653731e-02 2.4783848793267064e-02 1.0000000000396498e+00 8.3600765203084293e-02 1.6540029633695372e-02 1.9231657321355215e+01 37
1 1 1 1 3.3347256814337617e-02 2.4790805847332290e-02 1.0000000000444467e+00 8.3534262543845772e-02 1.6959655906756580e-02 1.9281657334414149e+01 37
1 1 1 1 3.3373735441256214e-02 2.4797477754764423e-02 1.0000000000497609e+00 8.3467697749918524e-02 1.7383923752179332e-02 1.9331657346481880e+01 37
1 1 1 1 3.3399740403902159e-02 2.4803866246167261e-02 1.0000000000556422e+00 8.3401072285296252e-02 1.7812820331005522e-02 1.9381657357650500e+01 37
1 1 1 1 3.3425273057296263e-02 2.4809973058621534e-02 1.0000000000621441e+00 8.3334387627797213e-02 1.8246332093852177e-02 1.9431657368006032e+01 37
1 1 1 1 3.3450334785024058e-02 2.4815799935576362e-02 1.0000000000693248e+00 8.3267645268097101e-02 1.8684444841706629e-02 1.9481657377605440e+01 37
1 1 1 1 3.3474926999251302e-02 2.4821348626730116e-02 1.0000000000772471e+00 8.3200846708766485e-02 1.9127143781079395e-02 1.9531657386523335e+01 37
1 1 1 1 3.3499051140611760e-02 2.4826620887860393e-02 1.0000000000859790e+00 8.3133993463492234e-02 1.9574413572825414e-02 1.9581657394801809e+01 37
1 1 1 1 3.3522708678100331e-02 2.4831618480659276e-02 1.0000000000955942e+00 8.3067087056243272e-02 2.0026238376953970e-02 1.9631657402493566e+01 37
1 1 1 1 3.3545903346585325e-02 2.4836313351242537e-02 1.0000000001061768e+00 8.3000129020577185e-02 2.0482641976987508e-02 1.9681661779681662e+01 37
1 1 1 1 3.3568629418967488e-02 2.4840722805085032e-02 1.0000000001178082e+00 8.2933138456303512e-02 2.0943464849622385e-02 1.9731654982375733e+01 37
1 1 1 1 3.3590896807250727e-02 2.4844863560225132e-02 1.0000000001305833e+00 8.2866089563791989e-02 2.1408859861171588e-02 1.9781655508062492e+01 37
1 1 1 1 3.3612704329520376e-02 2.4848736849443442e-02 1.0000000001446001e+00 8.2798991839307501e-02 2.1878755509713424e-02 1.9831657426117374e+01 37
1 1 1 1 3.3634052158661852e-02 2.4852344219941716e-02 1.0000000001599656e+00 8.2731851282057400e-02 2.2353102852621657e-02 1.9881657431419175e+01 37
1 1 1 1 3.3654942771410110e-02 2.4855687628402890e-02 1.0000000001767952e+00 8.2664666896593908e-02 2.2831901654820873e-02 1.9931657436316165e+01 37
1 1 1 1 3.3675377828099054e-02 2.4858768882482951e-02 1.0000000001952134e+00 8.2597440258808691e-02 2.3315133510009144e-02 1.9981657440836376e+01 37
1 1 1 1 3.3695359015095037e-02 2.4861589793788174e-02 1.0000000002153533e+00 8.2530172950207037e-02 2.3802779746989230e-02 2.0031657444992256e+01 37
1 1 1 1 3.3714888044425226e-02 2.4864152177632732e-02 1.0000000002373584e+00 8.2462866557416248e-02 2.4294821449303290e-02 2.0081657448809885e+01 37
1 1 1 1 3.3733963022693977e-02 2.4866457852775244e-02 1.0000000002613820e+00 8.2395522671786237e-02 2.4791239472690921e-02 2.0131657452292149e+01 37
1 1 1 1 3.3752529437500102e-02 2.4868508641162995e-02 1.0000000002875891e+00 8.2328142888912714e-02 2.5292014461994170e-02 2.0181657455466286e+01 37
1 1 1 1 3.3770648974803474e-02 2.4870306367679011e-02 1.0000000003161560e+00 8.2260728808293160e-02 2.5797126865874476e-02 2.0231657458336393e+01 37
1 1 1 1 3.3788323461671578e-02 2.4871852859875726e-02 1.0000000003472720e+00 8.2193282032892723e-02 2.6306556951197241e-02 2.0281657460916357e+01 37
1 1 1 1 3.3805554748498286e-02 2.4873149947726478e-02 1.0000000003811396e+00 8.2125804168786148e-02 2.6820284815950772e-02 2.0331657463218281e+01 36
1 1 1 1 3.3822344708549792e-02 2.4874199463362882e-02 1.0000000004179748e+00 8.2058296824797622e-02 2.7338290401324974e-02 2.0381657465250267e+01 36
1 1 1 1 3.3838695237511887e-02 2.4875003240819048e-02 1.0000000004580092e+00 8.1990761612142693e-02 2.7860553503032834e-02 2.0431657467022777e+01 36
1 1 1 1 3.3854608253033554e-02 2.4875563115784496e-02 1.0000000005014902e+00 8.1923200144095820e-02 2.8387053781740522e-02 2.0481657468543212e+01 36
1 1 1 1 3.3870085694264286e-02 2.4875880925345834e-02 1.0000000005486813e+00 8.1855614035656221e-02 2.8917770772938649e-02 2.0531657469824477e+01 36
1 1 1 1 3.3885129521384623e-02 2.4875958507742685e-02 1.0000000005998646e+00 8.1788004903249834e-02 2.9452683895833498e-02 2.0581657470861579e+01 36
1 0 1 1 3.3899741715152712e-02 2.4875797702115131e-02 1.0000000006553400e+00 8.1720374364368548e-02 2.9991772462401738e-02 2.0631657471678995e+01 36
1 0 1 1 3.3913924749525898e-02 2.4875389992869000e-02 1.0000000007154395e+00 8.1652724037346108e-02 3.0535031237113396e-02 2.0681658898268324e+01 36
1 0 1 1 3.3927680065319724e-02 2.4874723379885440e-02 1.0000000007805190e+00 8.1585061329295855e-02 3.1082413737959801e-02 2.0731659388663829e+01 36
1 0 1 1 3.3941008285028447e-02 2.4873824117596980e-02 1.0000000008509131e+00 8.1517389849139532e-02 3.1633845445325263e-02 2.0781654126351405e+01 36
1 0 1 1 3.3953915258856097e-02 2.4872693775889309e-02 1.0000000009270298e+00 8.1449691775511840e-02 3.2189464056236981e-02 2.0831657471404508e+01 36
1 0 1 1 3.3966399911276791e-02 2.4871334436162486e-02 1.0000000010092636e+00 8.1381984905504329e-02 3.2749116287741770e-02 2.0881657471179835e+01 36
1 0 1 1 3.3978465214193850e-02 2.4869747877469314e-02 1.0000000010980565e+00 8.1314266327301349e-02 3.3312817991262712e-02 2.0931657470765668e+01 36
1 0 1 1 3.3990113279240043e-02 2.4867935945895623e-02 1.0000000011938739e+00 8.1246537656605250e-02 3.3880547924842290e-02 2.0981657470157558e+01 36
1 0 1 1 3.4001346234909913e-02 2.4865900486427811e-02 1.0000000012972092e+00 8.1178800508025561e-02 3.4452284791351991e-02 2.1031657469364507e+01 36
1 0 1 1 3.4012166226094612e-02 2.4863643342732011e-02 1.0000000014085866e+00 8.1111056494858946e-02 3.5028007243318893e-02 2.1081657468395015e+01 36
1 0 1 1 3.4022575413624627e-02 2.4861166356944055e-02 1.0000000015285615e+00 8.1043307228860773e-02 3.5607693887517666e-02 2.1131657467245933e+01 36
1 0 1 1 3.4032575973821512e-02 2.4858471369461413e-02 1.0000000016577235e+00 8.0975554319981713e-02 3.6191323289697624e-02 2.1181657465924072e+01 36
1 0 1 1 3.4042170098044298e-02 2.4855560218732951e-02 1.0000000017966968e+00 8.0907799376156275e-02 3.6778873978752687e-02 2.1231657464439063e+01 35
1 0 1 1 3.4051359615426262e-02 2.4852434741060702e-02 1.0000000019461428e+00 8.0840044003098466e-02 3.7370324450501639e-02 2.1281657462781155e+01 35
1 0 1 1 3.4060098491577012e-02 2.4849096770402118e-02 1.0000000021067614e+00 8.0772289804028008e-02 3.7965653172141817e-02 2.1331657460972920e+01 35
1 0 1 1 3.4068437785538523e-02 2.4845548138170664e-02 1.0000000022792941e+00 8.0704538379541280e-02 3.8564838585056056e-02 2.1381657458997047e+01 35
1 0 1 1 3.4076379755340808e-02 2.4841790673052807e-02 1.0000000024645237e+00 8.0636791327306945e-02 3.9167859109268094e-02 2.1431657456877414e+01 35
1 0 1 1 3.4083926671624770e-02 2.4837826200817266e-02 1.0000000026632787e+00 8.0569050241959816e-02 3.9774693145816768e-02 2.1481657454599212e+01 35
1 0 1 1 3.4091080817226137e-02 2.4833656544130809e-02 1.0000000028764342e+00 8.0501316714813809e-02 4.0385319080769207e-02 2.1531657452178099e+01 35
1 0 1 1 3.4097844486743099e-02 2.4829283522383481e-02 1.0000000031049145e+00 8.0433592333731319e-02 4.0999715287693826e-02 2.1581657449613292e+01 35
1 0 1 1 3.4104219986115319e-02 2.4824708951510305e-02 1.0000000033496952e+00 8.0365878682906011e-02 4.1617860130802285e-02 2.1631657446906878e+01 35
1 0 1 1 3.4110209632206422e-02 2.4819934643822327e-02 1.0000000036118060e+00 8.0298177342678384e-02 4.2239731967714043e-02 2.1681657444062083e+01 35
1 0 1 1 3.4115815752388839e-02 2.4814962407835379e-02 1.0000000038923322e+00 8.0230489889355161e-02 4.2865309152150241e-02 2.1731657441085407e+01 35
1 0 1 1 3.4121040684133477e-02 2.4809794048110550e-02 1.0000000041924186e+00 8.0162817895045202e-02 4.3494570036332163e-02 2.1781657437973671e+01 35
1 0 1 1 3.4125886774605235e-02 2.4804431365091230e-02 1.0000000045132713e+00 8.0095162927460495e-02 4.4127492973698827e-02 2.1831657434735014e+01 35
1 0 1 1 3.4130356380258124e-02 2.4798876154943139e-02 1.0000000048561606e+00 8.0027526549771855e-02 4.4764056321015960e-02 2.1881657431369185e+01 35
1 0 1 1 3.4134451866445828e-02 2.4793130209412081e-02 1.0000000052224236e+00 7.9959910320426930e-02 4.5404238440818201e-02 2.1931657427881223e+01 35
1 0 1 1 3.4138175607021627e-02 2.4787195315664045e-02 1.0000000056134677e+00 7.9892315793000518e-02 4.6048017703460856e-02 2.1981657424271670e+01 35
1 0 1 1 3.4141530227218511e-02 2.4781056918978098e-02 1.0000000060309306e+00 7.9824744516026808e-02 4.6695400248621288e-02 2.2031659558673745e+01 35
1 0 1 1 3.4144517600323158e-02 2.4774725306413149e-02 1.0000000064762653e+00 7.9757206700586669e-02 4.7346268059345185e-02 2.2081656410616908e+01 35
1 0 1 1 3.4147140584413961e-02 2.4768209892462957e-02 1.0000000069511124e+00 7.9689691142474178e-02 4.8000707055696153e-02 2.2131656257528789e+01 35
1 0 1 1 3.4149401447818042e-02 2.4761512645372099e-02 1.0000000074571811e+00 7.9622201660700054e-02 4.8658673976163830e-02 2.2181657407987149e+01 35
1 0 1 1 3.4151302488454979e-02 2.4754635659687847e-02 1.0000000079962550e+00 7.9554743099370995e-02 4.9320114928724117e-02 2.2231657403828905e+01 35
1 0 1 1 3.4152846179583134e-02 2.4747580543416740e-02 1.0000000085702427e+00 7.9487315420127602e-02 4.9985023524241140e-02 2.2281657399563088e+01 34
1 0 1 1 3.4154034943973489e-02 2.4740349051478105e-02 1.0000000091811361e+00 7.9419920137352662e-02 5.0653378242913535e-02 2.2331657395193407e+01 34
1 0 1 1 3.4154871209919238e-02 2.4732942933021338e-02 1.0000000098310233e+00 7.9352558759408554e-02 5.1325157587645623e-02 2.2381657390725081e+01 34
1 0 1 1 3.4155357410888459e-02 2.4725363931322464e-02 1.0000000105220941e+00 7.9285232788517013e-02 5.2000340085487692e-02 2.2431657386154370e+01 34
1 0 1 1 3.4155495985178919e-02 2.4717613783661965e-02 1.0000000112566434e+00 7.9217943720607642e-02 5.2678904289459164e-02 2.2481657381491260e+01 34
1 0 1 1 3.4155289375567902e-02 2.4709694221214280e-02 1.0000000120370756e+00 7.9150693045229120e-02 5.3360828779634065e-02 2.2531657376730610e+01 34
1 0 1 1 3.4154740028978760e-02 2.4701606968939194e-02 1.0000000128659077e+00 7.9083482245394743e-02 5.4046092164906662e-02 2.2581657371877263e+01 34
1 0 1 1 3.4153850396147482e-02 2.4693353745478444e-02 1.0000000137457754e+00 7.9016312797482058e-02 5.4734673084253491e-02 2.2631657366937237e+01 34
1 0 1 1 3.4152622931289123e-02 2.4684936263051190e-02 1.0000000146794363e+00 7.8949186171130475e-02 5.5426550207906010e-02 2.2681657361905863e+01 34
1 0 1 1 3.4151060091778304e-02 2.4676356227357948e-02 1.0000000156697744e+00 7.8882103829102490e-02 5.6121702238938954e-02 2.2731657356788901e+01 34
1 0 1 1 3.4149164337824368e-02 2.4667615337480714e-02 1.0000000167198055e+00 7.8815067227195501e-02 5.6820107914340175e-02 2.2781657351589104e+01 34
1 0 1 1 3.4146938132157405e-02 2.4658715285789775e-02 1.0000000178326816e+00 7.8748077814135481e-02 5.7521746006240784e-02 2.2831657346307214e+01 34
1 0 1 1 3.4144382013530296e-02 2.4649657757859243e-02 1.0000000190116958e+00 7.8681137031470616e-02 5.8226595323116491e-02 2.2881657340943150e+01 34
1 0 1 1 3.4141470232571511e-02 2.4640444432367046e-02 1.0000000202602874e+00 7.8614246313465752e-02 5.8934634711037270e-02 2.2931657335503619e+01 34
1 0 1 1 3.4138235715796557e-02 2.4631076981024843e-02 1.0000000215820470e+00 7.8547407087025345e-02 5.9645843054563961e-02 2.2981657329986600e+01 34
1 0 1 1 3.4134680937579091e-02 2.4621557068484512e-02 1.0000000229807218e+00 7.8480620771581189e-02 6.0360199277998405e-02 2.3031657324393446e+01 34
1 0 1 1 3.4130808373133877e-02 2.4611886352261522e-02 1.0000000244602212e+00 7.8413888779003682e-02 6.1077682346459800e-02 2.3081657318730816e+01 34
1 0 1 1 3.4126620498229190e-02 2.4602066482660761e-02 1.0000000260246218e+00 7.8347212513531328e-02 6.1798271266670535e-02 2.3131657312994300e+01 34
1 0 1 1 3.4122119788900965e-02 2.4592099102696181e-02 1.0000000276781738e+00 7.8280593371658547e-02 6.2521945088269401e-02 2.3181657307191070e+01 34
1 0 1 1 3.4117308721180940e-02 2.4581985848028780e-02 1.0000000294253060e+00 7.8214032742078582e-02 6.3248682904489539e-02 2.3231657301319995e+01 34
1 0 1 1 3.4112189770810750e-02 2.4571728346884758e-02 1.0000000312706325e+00 7.8147532005587855e-02 6.3978463853223880e-02 2.3281657295380917e+01 34
1 0 1 1 3.4106765412981625e-02 2.4561328219998537e-02 1.0000000332189576e+00 7.8081092535004226e-02 6.4711267118032129e-02 2.3331657289381116e+01 34
1 0 1 1 3.4101038122065455e-02 2.4550787080545720e-02 1.0000000352752834e+00 7.8014715695113535e-02 6.5447071928770736e-02 2.3381657283318106e+01 34
1 0 1 1 3.4095010371349731e-02 2.4540106534077070e-02 1.0000000374448148e+00 7.7948402842577258e-02 6.6185857562637243e-02 2.3431657277192318e+01 34
1 0 1 1 3.4088684632780648e-02 2.4529288178459504e-02 1.0000000397329663e+00 7.7882155325861985e-02 6.6927603345044509e-02 2.3481657271009574e+01 33
1 0 1 1 3.4082063376718055e-02 2.4518333603827578e-02 1.0000000421453690e+00 7.7815974485187178e-02 6.7672288650266824e-02 2.3531657264769724e+01 33
1 0 1 1 3.4075149071672681e-02 2.4507244392513183e-02 1.0000000446878761e+00 7.7749861652450236e-02 6.8419892902300064e-02 2.3581657258471662e+01 33
1 0 1 1 3.4067944184074266e-02 2.4496022119006887e-02 1.0000000473665711e+00 7.7683818151155715e-02 6.9170395575764931e-02 2.3631657252121826e+01 33
1 0 1 1 3.4060451178020631e-02 2.4484668349896013e-02 1.0000000501877735e+00 7.7617845296374582e-02 6.9923776196379087e-02 2.3681657245716160e+01 33
1 0 1 1 3.4052672515048586e-02 2.4473184643824111e-02 1.0000000531580462e+00 7.7551944394660649e-02 7.0680014342020661e-02 2.3731657239262020e+01 33
1 0 1 1 3.4044610653894185e-02 2.4461572551436897e-02 1.0000000562842026e+00 7.7486116744021338e-02 7.1439089643093492e-02 2.3781657232755716e+01 33
1 0 1 1 3.4036268050271934e-02 2.4449833615345379e-02 1.0000000595733136e+00 7.7420363633839473e-02 7.2200981783504134e-02 2.3831657226201202e+01 33
1 0 1 1 3.4027647156640820e-02 2.4437969370075207e-02 1.0000000630327159e+00 7.7354686344835111e-02 7.2965670501175028e-02 2.3881657219599731e+01 33
1 0 1 1 3.4018750421994294e-02 2.4425981342034470e-02 1.0000000666700175e+00 7.7289086149012282e-02 7.3733135588759352e-02 2.3931657212953887e+01 33
1 0 1 1 3.4009580291632938e-02 2.4413871049467052e-02 1.0000000704931071e+00 7.7223564309616688e-02 7.4503356894169787e-02 2.3981657206260557e+01 33
1 0 1 1 3.4000139206957491e-02 2.4401640002420042e-02 1.0000000745101612e+00 7.7158122081072533e-02 7.5276314321423871e-02 2.4031657199525579e+01 33
1 0 1 1 3.3990429400830684e-02 2.4389279143402165e-02 1.0000000787310148e+00 7.7092760708958541e-02 7.6052008871096782e-02 2.4081658546359986e+01 33
1 0 1 1 3.3980454260386934e-02 2.4376798725087152e-02 1.0000000831632505e+00 7.7027486737170109e-02 7.6830341936525659e-02 2.4131656191055356e+01 33
1 0 1 1 3.3970214874080057e-02 2.4364201498138977e-02 1.0000000878162125e+00 7.6962292195062454e-02 7.7611397161800683e-02 2.4181656790482645e+01 33
1 0 1 1 3.3959714293753496e-02 2.4351489729737410e-02 1.0000000926990393e+00 7.6897182444726542e-02 7.8395105341767107e-02 2.4231657172074616e+01 33
1 0 1 1 3.3948954978896405e-02 2.4338664934352921e-02 1.0000000978214536e+00 7.6832158916507493e-02 7.9181443945196203e-02 2.4281657165152616e+01 33
1 0 1 1 3.3937939262704338e-02 2.4325728474194456e-02 1.0000001031935717e+00 7.6767222304788996e-02 7.9970399302717751e-02 2.4331657158196872e+01 33
1 0 1 1 3.3926669553664482e-02 2.4312681801330394e-02 1.0000001088258177e+00 7.6702373801098844e-02 8.0761951725988768e-02 2.4381657151202486e+01 33
1 0 1 1 3.3915148254793054e-02 2.4299526359335008e-02 1.0000001147289679e+00 7.6637614587855729e-02 8.1556081587271845e-02 2.4431657144179979e+01 33
1 0 1 1 3.3903377763465477e-02 2.4286263583280111e-02 1.0000001209141602e+00 7.6572945838379147e-02 8.2352769319403343e-02 2.4481657137122561e+01 33
1 0 1 1 3.3891360471228767e-02 2.4272894899704408e-02 1.0000001273929029e+00 7.6508368716826314e-02 8.3151995416680807e-02 2.4531657130032407e+01 33
1 0 1 1 3.3879098763639703e-02 2.4259421726607010e-02 1.0000001341770821e+00 7.6443884378177673e-02 8.3953740435244659e-02 2.4581657122915530e+01 33
1 0 1 1 3.3866595020089492e-02 2.4245845473423885e-02 1.0000001412789712e+00 7.6379493968228740e-02 8.4757984993303614e-02 2.4631657115768434e+01 33
1 0 1 1 3.3853851613644639e-02 2.4232167541023260e-02 1.0000001487112400e+00 7.6315198623547992e-02 8.5564709771816599e-02 2.4681657108592994e+01 33
1 0 1 1 3.3840870910878063e-02 2.4218389321682667e-02 1.0000001564869629e+00 7.6250999471463687e-02 8.6373895514838192e-02 2.4731657101392212e+01 33
1 0 1 1 3.3827655271716918e-02 2.4204512199087397e-02 1.0000001646196282e+00 7.6186897630050848e-02 8.7185523029818232e-02 2.4781657094163009e+01 32
1 0 1 1 3.3814207049281765e-02 2.4190537548310534e-02 1.0000001731231465e+00 7.6122894208097536e-02 8.7999573188282776e-02 2.4831657086914060e+01 32
1 0 1 1 3.3800528589743355e-02 2.4176466735818736e-02 1.0000001820118603e+00 7.6058990305120339e-02 8.8816026925740713e-02 2.4881657079635708e+01 32
1 0 1 1 3.3786622232164179e-02 2.4162301119449742e-02 1.0000001913005532e+00 7.5995187011305754e-02 8.9634865242704767e-02 2.4931657072340041e+01 32
1 0 1 1 3.3772490308360527e-02 2.4148042048419135e-02 1.0000002010044575e+00 7.5931485407546379e-02 9.0456069204338782e-02 2.4981657065016599e+01 32
1 0 1 1 3.3758135142757141e-02 2.4133690863307737e-02 1.0000002111392656e+00 7.5867886565378323e-02 9.1279619941559725e-02 2.5031657057678153e+01 32
1 0 1 1 3.3743559052252466e-02 2.4119248896065381e-02 1.0000002217211368e+00 7.5804391547023564e-02 9.2105498650679296e-02 2.5081657050317933e+01 32
1 0 1 1 3.3728764346078105e-02 2.4104717470002895e-02 1.0000002327667079e+00 7.5741001405344344e-02 9.2933686594186826e-02 2.5131657042936915e+01 32
1 0 1 1 3.3713753325666389e-02 2.4090097899791694e-02 1.0000002442931017e+00 7.5677717183843668e-02 9.3764165101001190e-02 2.5181657035539477e+01 32
1 0 1 1 3.3698528284528309e-02 2.4075391491471487e-02 1.0000002563179367e+00 7.5614539916670276e-02 9.4596915566655435e-02 2.5231657028125397e+01 32
1 0 1 1 3.3683091508120350e-02 2.4060599542443925e-02 1.0000002688593352e+00 7.5551470628607564e-02 9.5431919453690228e-02 2.5281657020695558e+01 32
1 0 1 1 3.3667445273722243e-02 2.4045723341477913e-02 1.0000002819359339e+00 7.5488510335072700e-02 9.6269158291863194e-02 2.5331657013246652e+01 32
1 0 1 1 3.3651591850319483e-02 2.4030764168715184e-02 1.0000002955668914e+00 7.5425660042099663e-02 9.7108613678723185e-02 2.5381657005788341e+01 32
1 0 1 1 3.3635533498485082e-02 2.4015723295672975e-02 1.0000003097718990e+00 7.5362920746372603e-02 9.7950267279367481e-02 2.5431656998312654e+01 32
1 0 1 1 3.3619272470263153e-02 2.4000601985251686e-02 1.0000003245711879e+00 7.5300293435188542e-02 9.8794100827233403e-02 2.5481656990824735e+01 32
1 0 1 1 3.3602811009058833e-02 2.3985401491737921e-02 1.0000003399855402e+00 7.5237779086482159e-02 9.9640096124052252e-02 2.5531656983325284e+01 32
1 0 1 1 3.3586151349530864e-02 2.3970123060817430e-02 1.0000003560362958e+00 7.5175378668823928e-02 1.0048823504017633e-01 2.5581656975814784e+01 32
1 0 1 1 3.3569295717487409e-02 2.3954767929584217e-02 1.0000003727453635e+00 7.5113093141423892e-02 1.0133849951482371e-01 2.5631656968293747e+01 32
1 0 1 1 3.3552246329777567e-02 2.3939337326544081e-02 1.0000003901352279e+00 7.5050923454136720e-02 1.0219087155627964e-01 2.5681656960761213e+01 32
1 0 1 1 3.3535005394196078e-02 2.3923832471633089e-02 1.0000004082289600e+00 7.4988870547462200e-02 1.0304533324222509e-01 2.5731656953220327e+01 32
1 0 1 1 3.3517575109382837e-02 2.3908254576221949e-02 1.0000004270502245e+00 7.4926935352561758e-02 1.0390186671986808e-01 2.5781656945673973e+01 32
1 0 1 1 3.3499957664732988e-02 2.3892604843136486e-02 1.0000004466232890e+00 7.4865118791272778e-02 1.0476045420599275e-01 2.5831656938115099e+01 32
1 0 1 1 3.3482155240297996e-02 2.3876884466663507e-02 1.0000004669730331e+00 7.4803421776090367e-02 1.0562107798761848e-01 2.5881656930553575e+01 32
1 0 1 1 3.3464170006703764e-02 2.3861094632572796e-02 1.0000004881249558e+00 7.4741845210215596e-02 1.0648372042161169e-01 2.5931656922982359e+01 32
1 0 1 1 3.3446004125057979e-02 2.3845236518124962e-02 1.0000005101051852e+00 7.4680389987532375e-02 1.0734836393544248e-01 2.5981656915410863e+01 32
1 0 1 1 3.3427658576532383e-02 2.3829311292093088e-02 1.0000005329404857e+00 7.4619056992657584e-02 1.0821499102669463e-01 2.6031656907826253e+01 32
1 0 1 1 3.3409128832760905e-02 2.3813320114771264e-02 1.0000005566582664e+00 7.4557847100900576e-02 1.0908358426412483e-01 2.6081656900244752e+01 32
1 0 1 1 3.3390425136515821e-02 2.3797264138006563e-02 1.0000005812865891e+00 7.4496761178341475e-02 1.0995412628688823e-01 2.6131656892657656e+01 32
1 0 1 1 3.3371549608476513e-02 2.3781144505204948e-02 1.0000006068541769e+00 7.4435800081802062e-02 1.1082659980530964e-01 2.6181656885066790e+01 32
1 0 1 1 3.3352504359359908e-02 2.3764962351351990e-02 1.0000006333904212e+00 7.4374964658875498e-02 1.1170098760081473e-01 2.6231656877472190e+01 32
1 0 1 1 3.3333291489853666e-02 2.3748718803035956e-02 1.0000006609253891e+00 7.4314255747938845e-02 1.1257727252622061e-01 2.6281656869880422e+01 32
1 0 1 1 3.3313913090551227e-02 2.3732414978470971e-02 1.0000006894898315e+00 7.4253674178191953e-02 1.1345543750550975e-01 2.6331656862284124e+01 31
1 0 1 1 3.3294371241873205e-02 2.3716051987506759e-02 1.0000007191151898e+00 7.4193220769645518e-02 1.1433546553435618e-01 2.6381656854684866e+01 31
1 0 1 1 3.3274668014017010e-02 2.3699630931661095e-02 1.0000007498336037e+00 7.4132896333150011e-02 1.1521733968027983e-01 2.6431656847094779e+01 31
1 0 1 1 3.3254805466899108e-02 2.3683152904145643e-02 1.0000007816779173e+00 7.4072701670453878e-02 1.1610104308203321e-01 2.6481656839495407e+01 31
1 0 1 1 3.3234785650074615e-02 2.3666618989870287e-02 1.0000008146816859e+00 7.4012637574153189e-02 1.1698655895082842e-01 2.6531656831901227e+01 31
1 0 1 1 3.3214610602705037e-02 2.3650030265487291e-02 1.0000008488791829e+00 7.3952704827774995e-02 1.1787387056958876e-01 2.6581656824311370e+01 31
1 0 1 1 3.3194282353492831e-02 2.3633387799405353e-02 1.0000008843054067e+00 7.3892904205782983e-02 1.1876296129320806e-01 2.6631656816719200e+01 31
1 0 1 1 3.3173802920625911e-02 2.3616692651812297e-02 1.0000009209960845e+00 7.3833236473580061e-02 1.1965381454903563e-01 2.6681656809134520e+01 31
1 0 1 1 3.3153174311738545e-02 2.3599945874710822e-02 1.0000009589876808e+00 7.3773702387569001e-02 1.2054641383632549e-01 2.6731656801547704e+01 31
1 0 1 1 3.3132398523850637e-02 2.3583148511931669e-02 1.0000009983174012e+00 7.3714302695135597e-02 1.2144074272703469e-01 2.6781656793970608e+01 31
1 0 1 1 3.3111477543334142e-02 2.3566301599170333e-02 1.0000010390231986e+00 7.3655038134720630e-02 1.2233678486513233e-01 2.6831656786393882e+01 31
1 0 1 1 3.3090413345860999e-02 2.3549406164010314e-02 1.0000010811437778e+00 7.3595909435804546e-02 1.2323452396734114e-01 2.6881656778824325e+01 31
1 0 1 1 3.3069207896364534e-02 2.3532463225948312e-02 1.0000011247186011e+00 7.3536917318963946e-02 1.2413394382269136e-01 2.6931656771257547e+01 31
1 0 1 1 3.3047863148998331e-02 2.3515473796425265e-02 1.0000011697878917e+00 7.3478062495877128e-02 1.2503502829299865e-01 2.6981656763700897e+01 31
1 0 1 1 3.3026381047100317e-02 2.3498438878853643e-02 1.0000012163926388e+00 7.3419345669379299e-02 1.2593776131236820e-01 2.7031656756143878e+01 31
1 0 1 1 3.3004763523152444e-02 2.3481359468645345e-02 1.0000012645746017e+00 7.3360767533449805e-02 1.2684212688802851e-01 2.7081656748601464e+01 31
1 0 1 1 3.2983012498756556e-02 2.3464236553245317e-02 1.0000013143763125e+00 7.3302328773297787e-02 1.2774810909941062e-01 2.7131656741061860e+01 31
1 0 1 1 3.2961129884592433e-02 2.3447071112157991e-02 1.0000013658410811e+00 7.3244030065341414e-02 1.2865569209897976e-01 2.7181656733530023e+01 31
1 0 1 1 3.2939117580389254e-02 2.3429864116974768e-02 1.0000014190129964e+00 7.3185872077263625e-02 1.2956486011187490e-01 2.7231656726007095e+01 31
1 0 1 1 3.2916977474901653e-02 2.3412616531410871e-02 1.0000014739369305e+00 7.3127855468040515e-02 1.3047559743598644e-01 2.7281656718493050e+01 31
1 0 1 1 3.2894711445880465e-02 2.3395329311333379e-02 1.0000015306585406e+00 7.3069980887971619e-02 1.3138788844196303e-01 2.7331656710986532e+01 31
1 0 1 1 3.2872321360044233e-02 2.3378003404788499e-02 1.0000015892242706e+00 7.3012248978707089e-02 1.3230171757335757e-01 2.7381656703492531e+01 31
1 0 1 1 3.2849809073066338e-02 2.3360639752045179e-02 1.0000016496813540e+00 7.2954660373296704e-02 1.3321706934628014e-01 2.7431656696002548e+01 31
1 0 1 1 3.2827176429536177e-02 2.3343239285607702e-02 1.0000017120778137e+00 7.2897215696190648e-02 1.3413392835003166e-01 2.7481656688530247e+01 31
1 0 1 1 3.2804425262965314e-02 2.3325802930275103e-02 1.0000017764624651e+00 7.2839915563322671e-02 1.3505227924624505e-01 2.7531656681063716e+01 31
1 0 1 1 3.2781557395742150e-02 2.3308331603147957e-02 1.0000018428849140e+00 7.2782760582095318e-02 1.3597210676961707e-01 2.7581656673606936e+01 31
1 0 1 1 3.2758574639130005e-02 2.3290826213673430e-02 1.0000019113955596e+00 7.2725751351435608e-02 1.3689339572766754e-01 2.7631656666167245e+01 31
1 0 1 1 3.2735478793256827e-02 2.3273287663684677e-02 1.0000019820455928e+00 7.2668888461848491e-02 1.3781613100030224e-01 2.7681656658732365e+01 31
1 0 1 1 3.2712271647084970e-02 2.3255716847419179e-02 1.0000020548869957e+00 7.2612172495407745e-02 1.3874029754062062e-01 2.7731656651316062e+01 31
1 0 1 1 3.2688954978418359e-02 2.3238114651567200e-02 1.0000021299725417e+00 7.2555604025844295e-02 1.3966588037393898e-01 2.7781656643906796e+01 31
1 0 1 1 3.2665530553878198e-02 2.3220481955297481e-02 1.0000022073557926e+00 7.2499183618534080e-02 1.4059286459862319e-01 2.7831656636514250e+01 31
1 0 1 1 3.2642000128904503e-02 2.3202819630297768e-02 1.0000022870910990e+00 7.2442911830573997e-02 1.4152123538537040e-01 2.7881656629133015e+01 31
1 0 1 1 3.2618365447742645e-02 2.3185128540804834e-02 1.0000023692335960e+00 7.2386789210793417e-02 1.4245097797761910e-01 2.7931656621767083e+01 31
1 0 1 1 3.2594628243438693e-02 2.3167409543640920e-02 1.0000024538392018e+00 7.2330816299808531e-02 1.4338207769113351e-01 2.7981656614410060e+01 30
1 0 1 1 3.2570790237833040e-02 2.3149663488247797e-02 1.0000025409646149e+00 7.2274993630035589e-02 1.4431451991448724e-01 2.8031656607073735e+01 30
1 0 1 1 3.2546853141567474e-02 2.3131891216728661e-02 1.0000026306673093e+00 7.2219321725769725e-02 1.4524829010825313e-01 2.8081656599748090e+01 30
1 0 1 1 3.2522818654073013e-02 2.3114093563878051e-02 1.0000027230055324e+00 7.2163801103183378e-02 1.4618337380563065e-01 2.8131656592437665e+01 30
1 0 1 1 3.2498688463573532e-02 2.3096271357217979e-02 1.0000028180382994e+00 7.2108432270386519e-02 1.4711975661202731e-01 2.8181656585143280e+01 30
1 0 1 1 3.2474464247088830e-02 2.3078425417037758e-02 1.0000029158253887e+00 7.2053215727463427e-02 1.4805742420503615e-01 2.8231656577864122e+01 30
1 0 1 1 3.2450147670433305e-02 2.3060556556424801e-02 1.0000030164273368e+00 7.1998151966509022e-02 1.4899636233438379e-01 2.8281656570599399e+01 30
1 0 1 1 3.2425740388221838e-02 2.3042665581306375e-02 1.0000031199054327e+00 7.1943241471666058e-02 1.4993655682191706e-01 2.8331656563351160e+01 30
1 0 1 1 3.2401244043876690e-02 2.3024753290485256e-02 1.0000032263217113e+00 7.1888484719170753e-02 1.5087799356145684e-01 2.8381656556121314e+01 30
1 0 1 1 3.2376660269634386e-02 2.3006820475677228e-02 1.0000033357389475e+00 7.1833882177397224e-02 1.5182065851863880e-01 2.8431656548907721e+01 30
1 0 1 1 3.2351990686550633e-02 2.2988867921546533e-02 1.0000034482206472e+00 7.1779434306890738e-02 1.5276453773088941e-01 2.8481656541707657e+01 30
1 0 1 1 3.2327236904504272e-02 2.2970896405739603e-02 1.0000035638310423e+00 7.1725141560401329e-02 1.5370961730750785e-01 2.8531656534527208e+01 30
1 0 1 1 3.2302400522219651e-02 2.2952906698932046e-02 1.0000036826350798e+00 7.1671004382943493e-02 1.5465588342924719e-01 2.8581656527364014e+01 30
1 0 1 1 3.2277483127269142e-02 2.2934899564858786e-02 1.0000038046984152e+00 7.1617023211825614e-02 1.5560332234843091e-01 2.8631656520219153e+01 30
1 0 1 1 3.2252486296086007e-02 2.2916875760351910e-02 1.0000039300874024e+00 7.1563198476696760e-02 1.5655192038870094e-01 2.8681656513089482e+01 30
1 0 1 1 3.2227411593979814e-02 2.2898836035382494e-02 1.0000040588690835e+00 7.1509530599577320e-02 1.5750166394520482e-01 2.8731656505982620e+01 30
1 0 1 1 3.2202260575154011e-02 2.2880781133097446e-02 1.0000041911111803e+00 7.1456019994925568e-02 1.5845253948396557e-01 2.8781656498890481e+01 30
1 0 1 1 3.2177034782712478e-02 2.2862711789852636e-02 1.0000043268820815e+00 7.1402667069650233e-02 1.5940453354230266e-01 2.8831656491817188e+01 30
1 0 1 1 3.2151735748683942e-02 2.2844628735256497e-02 1.0000044662508332e+00 7.1349472223170451e-02 1.6035763272848250e-01 2.8881656484766999e+01 30
1 0 1 1 3.2126364994042166e-02 2.2826532692211118e-02 1.0000046092871260e+00 7.1296435847467143e-02 1.6131182372128067e-01 2.8931656477727664e+01 30
1 0 1 1 3.2100924028706852e-02 2.2808424376934172e-02 1.0000047560612833e+00 7.1243558327086426e-02 1.6226709327075653e-01 2.8981656470718377e+01 30
1 0 1 1 3.2075414351595680e-02 2.2790304499025135e-02 1.0000049066442482e+00 7.1190840039247361e-02 1.6322342819684632e-01 2.9031656463721966e+01 30
1 0 1 1 3.2049837450608409e-02 2.2772173761473273e-02 1.0000050611075706e+00 7.1138281353821137e-02 1.6418081539030663e-01 2.9081656456742266e+01 30
1 0 1 1 3.2024194802670367e-02 2.2754032860715857e-02 1.0000052195233924e+00 7.1085882633397102e-02 1.6513924181241030e-01 2.9131656449794345e+01 30
1 0 1 1 3.1998487873762152e-02 2.2735882486677812e-02 1.0000053819644339e+00 7.1033644233365778e-02 1.6609869449383535e-01 2.9181656442854816e+01 30
1 0 1 1 3.1972718118912793e-02 2.2717723322791455e-02 1.0000055485039785e+00 7.0981566501884891e-02 1.6705916053607653e-01 2.9231656435942405e+01 30
1 0 1 1 3.1946886982256562e-02 2.2699556046057640e-02 1.0000057192158573e+00 7.0929649779993664e-02 1.6802062710997073e-01 2.9281656429048805e+01 30
1 0 1 1 3.1920995897040061e-02 2.2681381327071714e-02 1.0000058941744334e+00 7.0877894401617569e-02 1.6898308145628796e-01 2.9331656422177311e+01 30
1 0 1 1 3.1895046285653261e-02 2.2663199830063683e-02 1.0000060734545839e+00 7.0826300693628885e-02 1.6994651088523097e-01 2.9381656415325107e+01 30
1 0 1 1 3.1869039559653575e-02 2.2645012212938274e-02 1.0000062571316843e+00 7.0774868975879507e-02 1.7091090277650792e-01 2.9431656408494650e+01 30
1 0 1 1 3.1842977119798423e-02 2.2626819127315380e-02 1.0000064452815900e+00 7.0723599561253236e-02 1.7187624457904443e-01 2.9481656401687133e+01 30
1 0 1 1 3.1816860356071737e-02 2.2608621218565991e-02 1.0000066379806187e+00 7.0672492755711497e-02 1.7284252381080567e-01 2.9531656394902161e+01 30
1 0 1 1 3.1790690647714684e-02 2.2590419125855136e-02 1.0000068353055303e+00 7.0621548858336214e-02 1.7380972805859549e-01 2.9581656388135148e+01 30
1 0 1 1 3.1764469363248830e-02 2.2572213482173583e-02 1.0000070373335086e+00 7.0570768161361236e-02 1.7477784497820473e-01 2.9631656381394258e+01 30
1 0 1 1 3.1738197860518819e-02 2.2554004914385518e-02 1.0000072441421415e+00 7.0520150950242028e-02 1.7574686229372083e-01 2.9681656374673327e+01 30
1 0 1 1 3.1711877486710956e-02 2.2535794043257434e-02 1.0000074558093996e+00 7.0469697503677042e-02 1.7671676779779236e-01 2.9731656367974839e+01 30
1 0 1 1 3.1685509578396817e-02 2.2517581483507389e-02 1.0000076724136160e+00 7.0419408093663427e-02 1.7768754935131612e-01 2.9781656361302179e+01 30
1 0 1 1 3.1659095461563314e-02 2.2499367843838460e-02 1.0000078940334640e+00 7.0369282985549314e-02 1.7865919488303589e-01 2.9831656354649070e+01 29
1 0 1 1 3.1632636451638628e-02 2.2481153726973631e-02 1.0000081207479357e+00 7.0319322438059106e-02 1.7963169238972973e-01 2.9881656348018240e+01 29
1 0 1 1 3.1606133853535077e-02 2.2462939729700974e-02 1.0000083526363184e+00 7.0269526703349322e-02 1.8060502993594005e-01 2.9931656341416829e+01 29
1 0 1 1 3.1579588961690004e-02 2.2444726442915924e-02 1.0000085897781721e+00 7.0219896027071016e-02 1.8157919565325428e-01 2.9981656334829317e+01 29
1 0 1 1 3.1553003060078043e-02 2.2426514451644501e-02 1.0000088322533054e+00 7.0170430648367199e-02 1.8255417774119823e-01 3.0031656328272952e+01 29
1 0 1 1 3.1526377422275507e-02 2.2408304335098547e-02 1.0000090801417509e+00 7.0121130799975173e-02 1.8352996446587030e-01 3.0081656321738183e+01 29
1 0 1 1 3.1499713311480659e-02 2.2390096666706646e-02 1.0000093335237410e+00 7.0071996708233081e-02 1.8450654416049045e-01 3.0131656315225953e+01 29
1 0 1 1 3.1473011980551573e-02 2.2371892014150560e-02 1.0000095924796810e+00 7.0023028593135139e-02 1.8548390522496877e-01 3.0181656308736443e+01 29
1 0 1 1 3.1446274672049364e-02 2.2353690939409174e-02 1.0000098570901250e+00 6.9974226668374551e-02 1.8646203612585649e-01 3.0231656302276090e+01 29
1 0 1 1 3.1419502618281192e-02 2.2335493998797768e-02 1.0000101274357476e+00 6.9925591141405896e-02 1.8744092539574456e-01 3.0281656295837958e+01 29
1 0 1 1 3.1392697041327813e-02 2.2317301743000319e-02 1.0000104035973172e+00 6.9877122213468146e-02 1.8842056163340587e-01 3.0331656289419005e+01 29
1 0 1 1 3.1365859153082799e-02 2.2299114717105859e-02 1.0000106856556694e+00 6.9828820079625376e-02 1.8940093350385068e-01 3.0381656283033823e+01 29
1 0 1 1 3.1338984390519256e-02 2.2280933460662719e-02 1.0000109736916771e+00 6.9780684928852116e-02 1.9038202973714477e-01 3.0431656276664622e+01 29
1 0 1 1 3.1312079176712956e-02 2.2262758507697371e-02 1.0000112677862232e+00 6.9732716944021222e-02 1.9136383912950333e-01 3.0481656270327885e+01 29
1 0 1 1 3.1285145155530415e-02 2.2244590386765808e-02 1.0000115680201704e+00 6.9684916302005212e-02 1.9234635054176979e-01 3.0531656264008419e+01 29
1 0 1 1 3.1258183500548598e-02 2.2226429620983833e-02 1.0000118744743316e+00 6.9637283173668602e-02 1.9332955290048165e-01 3.0581656257723456e+01 29
1 0 1 1 3.1231195375362536e-02 2.2208276728073933e-02 1.0000121872294396e+00 6.9589817723969438e-02 1.9431343519628483e-01 3.0631656251454366e+01 29
1 0 1 1 3.1204181933600438e-02 2.2190132220388736e-02 1.0000125063661165e+00 6.9542520111943062e-02 1.9529798648506172e-01 3.0681656245214249e+01 29
1 0 1 1 3.1177144318990456e-02 2.2171996604962448e-02 1.0000128319648414e+00 6.9495390490793119e-02 1.9628319588684906e-01 3.0731656239004874e+01 29
1 0 1 1 3.1150083665402176e-02 2.2153870383549698e-02 1.0000131641059198e+00 6.9448429007932272e-02 1.9726905258556579e-01 3.0781656232813670e+01 29
1 0 1 1 3.1123001096869496e-02 2.2135754052646846e-02 1.0000135028694497e+00 6.9401635804994588e-02 1.9825554582946686e-01 3.0831656226648935e+01 29
1 0 1 1 3.1095897727654882e-02 2.2117648103545405e-02 1.0000138483352896e+00 6.9355011017908419e-02 1.9924266493048998e-01 3.0881656220517609e+01 29
1 0 1 1 3.1068774662294379e-02 2.2099553022366845e-02 1.0000142005830250e+00 6.9308554776953274e-02 2.0023039926354344e-01 3.0931656214401784e+01 29
1 0 1 1 3.1041632995621828e-02 2.2081469290090246e-02 1.0000145596919336e+00 6.9262267206754824e-02 2.0121873826751430e-01 3.0981656208320281e+01 29
1 0 1 1 3.1014473812842329e-02 2.2063397382604814e-02 1.0000149257409521e+00 6.9216148426388679e-02 2.0220767144374302e-01 3.1031656202264458e+01 29
1 0 1 1 3.0987298189558470e-02 2.2045337770735553e-02 1.0000152988086397e+00 6.9170198549390854e-02 2.0319718835634770e-01 3.1081656196226003e+01 29
1 0 1 1 3.0960107191809857e-02 2.2027290920277505e-02 1.0000156789731445e+00 6.9124417683786771e-02 2.0418727863255062e-01 3.1131656190225286e+01 29
1 0 1 1 3.0932901876149749e-02 2.2009257292049656e-02 1.0000160663121656e+00 6.9078805932191012e-02 2.0517793196119555e-01 3.1181656184249213e+01 29
1 0 1 1 3.0905683289666253e-02 2.1991237341918806e-02 1.0000164609029181e+00 6.9033363391807323e-02 2.0616913809331877e-01 3.1231656178291345e+01 29
1 0 1 1 3.0878452470022556e-02 2.1973231520828789e-02 1.0000168628220958e+00 6.8988090154465553e-02 2.0716088684220543e-01 3.1281656172367896e+01 29
1 0 1 1 3.0851210445534193e-02 2.1955240274859372e-02 1.0000172721458338e+00 6.8942986306708143e-02 2.0815316808230977e-01 3.1331656166474783e+01 29
1 0 1 1 3.0823958235197464e-02 2.1937264045247221e-02 1.0000176889496706e+00 6.8898051929814852e-02 2.0914597174917907e-01 3.1381656160597185e+01 29
1 0 1 1 3.0796696848724131e-02 2.1919303268418140e-02 1.0000181133085102e+00 6.8853287099813587e-02 2.1013928784012895e-01 3.1431656154754808e+01 29
1 0 1 1 3.0769427286618554e-02 2.1901358376038516e-02 1.0000185452965829e+00 6.8808691887580486e-02 2.1113310641275268e-01 3.1481656148940417e+01 29
1 0 1 1 3.0742150540209172e-02 2.1883429795042295e-02 1.0000189849874068e+00 6.8764266358853715e-02 2.1212741758521902e-01 3.1531656143146950e+01 29
1 0 1 1 3.0714867591689655e-02 2.1865517947661790e-02 1.0000194324537481e+00 6.8720010574265550e-02 2.1312221153646685e-01 3.1581656137390251e+01 29
1 0 1 1 3.0687579414193738e-02 2.1847623251481447e-02 1.0000198877675803e+00 6.8675924589428811e-02 2.1411747850477864e-01 3.1631656131649645e+01 29
1 0 1 1 3.0660286971806762e-02 2.1829746119448899e-02 1.0000203510000456e+00 6.8632008454919846e-02 2.1511320878910087e-01 3.1681656125947459e+01 29
1 0 1 1 3.0632991219654827e-02 2.1811886959935470e-02 1.0000208222214124e+00 6.8588262216388945e-02 2.1610939274712565e-01 3.1731656120265686e+01 29
1 0 1 1 3.0605693103920455e-02 2.1794046176752065e-02 1.0000213015010351e+00 6.8544685914546044e-02 2.1710602079641883e-01 3.1781656114614940e+01 29
1 0 1 1 3.0578393561912064e-02 2.1776224169195401e-02 1.0000217889073120e+00 6.8501279585241326e-02 2.1810308341328605e-01 3.1831656108991293e+01 28
1 0 1 1 3.0551093522105055e-02 2.1758421332078538e-02 1.0000222845076443e+00 6.8458043259491452e-02 2.1910057113293055e-01 3.1881656103396825e+01 28
1 0 1 1 3.0523793904198043e-02 2.1740638055771776e-02 1.0000227883683932e+00 6.8414976963530938e-02 2.2009847454894019e-01 3.1931656097826558e+01 28
1 0 1 1 3.0496495619148772e-02 2.1722874726224643e-02 1.0000233005548373e+00 6.8372080718841266e-02 2.2109678431342111e-01 3.1981656092289505e+01 28
1 0 1 1 3.0469199569246121e-02 2.1705131725019280e-02 1.0000238211311299e+00 6.8329354542217974e-02 2.2209549113614677e-01 3.2031656086777858e+01 28
1 0 1 1 3.0441906648140324e-02 2.1687409429389327e-02 1.0000243501602557e+00 6.8286798445789665e-02 2.2309458578482952e-01 3.2081656081294710e+01 28
1 0 1 1 3.0414617740901637e-02 2.1669708212259650e-02 1.0000248877039870e+00 6.8244412437072771e-02 2.2409405908456681e-01 3.2131656075839629e+01 28
1 0 1 1 3.0387333724070237e-02 2.1652028442282686e-02 1.0000254338228403e+00 6.8202196519010411e-02 2.2509390191764508e-01 3.2181656070411492e+01 28
1 0 1 1 3.0360055465704163e-02 2.1634370483868827e-02 1.0000259885760323e+00 6.8160150690011995e-02 2.2609410522345155e-01 3.2231656065018129e+01 28
1 0 1 1 3.0332783825440867e-02 2.1616734697228031e-02 1.0000265520214342e+00 6.8118274944014900e-02 2.2709465999759823e-01 3.2281656059645712e+01 28
1 0 1 1 3.0305519654527005e-02 2.1599121438390954e-02 1.0000271242155290e+00 6.8076569270490273e-02 2.2809555729261874e-01 3.2331656054306841e+01 28
1 0 1 1 3.0278263795891019e-02 2.1581531059255737e-02 1.0000277052133650e+00 6.8035033654521737e-02 2.2909678821678317e-01 3.2381656048995104e+01 28
1 0 1 1 3.0251017084178589e-02 2.1563963907611658e-02 1.0000282950685115e+00 6.7993668076824554e-02 2.3009834393424553e-01 3.2431656043705942e+01 28
1 0 1 1 3.0223780345802521e-02 2.1546420327173514e-02 1.0000288938330133e+00 6.7952472513779949e-02 2.3110021566525821e-01 3.2481656038460393e+01 28
1 0 1 1 3.0196554399021365e-02 2.1528900657629638e-02 1.0000295015573448e+00 6.7911446937527098e-02 2.3210239468438618e-01 3.2531656033230554e+01 28
1 0 1 1 3.0169340053946034e-02 2.1511405234649648e-02 1.0000301182903648e+00 6.7870591315930429e-02 2.3310487232210517e-01 3.2581656028031816e+01 28
1 0 1 1 3.0142138112621598e-02 2.1493934389934959e-02 1.0000307440792704e+00 6.7829905612670938e-02 2.3410763996342851e-01 3.2631656022868746e+01 28
1 0 1 1 3.0114949369079092e-02 2.1476488451252700e-02 1.0000313789695510e+00 6.7789389787287324e-02 2.3511068904752641e-01 3.2681656017729566e+01 28
1 0 1 1 3.0087774609368553e-02 2.1459067742457150e-02 1.0000320230049420e+00 6.7749043795189645e-02 2.3611401106805446e-01 3.2731656012615950e+01 28
1 0 1 1 3.0060614611615660e-02 2.1441672583525077e-02 1.0000326762273792e+00 6.7708867587709637e-02 2.3711759757280104e-01 3.2781656007539510e+01 28
1 0 1 1 3.0033470146089349e-02 2.1424303290598416e-02 1.0000333386769515e+00 6.7668861112165024e-02 2.3812144016268055e-01 3.2831656002485190e+01 28
1 0 1 1 3.0006341975226170e-02 2.1406960175999547e-02 1.0000340103918555e+00 6.7629024311860436e-02 2.3912553049255245e-01 3.2881655997465892e+01 28
1 0 1 1 2.9979230853706733e-02 2.1389643548280282e-02 1.0000346914083478e+00 6.7589357126165234e-02 2.4012986026991595e-01 3.2931655992470851e+01 28
1 0 1 1 2.9952137528484645e-02 2.1372353712237141e-02 1.0000353817606997e+00 6.7549859490521835e-02 2.4113442125549411e-01 3.2981655987509150e+01 28
1 0 1 1 2.9925062738857353e-02 2.1355090968959010e-02 1.0000360814811504e+00 6.7510531336511914e-02 2.4213920526226221e-01 3.3031655982574122e+01 28
1 0 1 1 2.9898006920874323e-02 2.1337852848930260e-02 1.0000367908102914e+00 6.7471372591876078e-02 2.4314421525317956e-01 3.3081656507605558e+01 28
1 0 1 1 2.9870971573404292e-02 2.1320639384643649e-02 1.0000375098295884e+00 6.7432384424752051e-02 2.4414941436895657e-01 3.3131656123056864e+01 28
1 0 1 1 2.9843957183811849e-02 2.1303454057160692e-02 1.0000382383144375e+00 6.7393565866009170e-02 2.4515480291010602e-01 3.3181655271747296e+01 28
1 0 1 1 2.9816963376261302e-02 2.1286296463926834e-02 1.0000389763184956e+00 6.7354915277439864e-02 2.4616041330742183e-01 3.3231655962967331e+01 28
1 0 1 1 2.9789992061502263e-02 2.1269167657388559e-02 1.0000397238307757e+00 6.7316434306367745e-02 2.4716619261685885e-01 3.3281655958174618e+01 28
1 0 1 1 2.9763043557932755e-02 2.1252067678541285e-02 1.0000404808809888e+00 6.7278122322565248e-02 2.4817214695948037e-01 3.3331655953418597e+01 28
1 0 1 1 2.9736118552569937e-02 2.1234996803917158e-02 1.0000412474862834e+00 6.7239979231436792e-02 2.4917826850939664e-01 3.3381655948699972e+01 28
1 0 1 1 2.9709217725177435e-02 2.1217955306569964e-02 1.0000420236614072e+00 6.7202004934839965e-02 2.5018454949058366e-01 3.3431655943996162e+01 28
1 0 1 1 2.9682341748287044e-02 2.1200943456090766e-02 1.0000428094186613e+00 6.7164199331077479e-02 2.5119098217795538e-01 3.3481655939327133e+01 28
1 0 1 1 2.9655491287283543e-02 2.1183961518657275e-02 1.0000436047678549e+00 6.7126562314986815e-02 2.5219755889596063e-01 3.3531655934700311e+01 28
1 0 1 1 2.9628667000457118e-02 2.1167009757064318e-02 1.0000444097162595e+00 6.7089093777983166e-02 2.5320427201761431e-01 3.3581655930076096e+01 28
1 0 1 1 2.9601869538996552e-02 2.1150088430719763e-02 1.0000452242685660e+00 6.7051793608011667e-02 2.5421111396712154e-01 3.3631655925511247e+01 28
1 0 1 1 2.9575099547133912e-02 2.1133197795731078e-02 1.0000460484268365e+00 6.7014661689721866e-02 2.5521807721545037e-01 3.3681655920953361e+01 28
1 0 1 1 2.9548357662098020e-02 2.1116338104875745e-02 1.0000468821904644e+00 6.6977697904367195e-02 2.5622515428401310e-01 3.3731655916436615e+01 28
1 0 1 1 2.9521644514232094e-02 2.1099509607670319e-02 1.0000477255561273e+00 6.6940902129940388e-02 2.5723233774150894e-01 3.3781655911939446e+01 28
1 0 1 1 2.9494960727000936e-02 2.1082712550375290e-02 1.0000485785177453e+00 6.6904274241145645e-02 2.5823962020564872e-01 3.3831655907482705e+01 28
1 0 1 1 2.9468306917076945e-02 2.1065947176044778e-02 1.0000494410664376e+00 6.6867814109489609e-02 2.5924699434130649e-01 3.3881655903052163e+01 27
1 0 1 1 2.9441683694361884e-02 2.1049213724537882e-02 1.0000503131904794e+00 6.6831521603278932e-02 2.6025445286106924e-01 3.3931655898638937e+01 27
1 0 1 1 2.9415091662029155e-02 2.1032512432543202e-02 1.0000511948752626e+00 6.6795396587645106e-02 2.6126198852572285e-01 3.3981655894277004e+01 27
1 0 1 1 2.9388531416624716e-02 2.1015843533638862e-02 1.0000520861032502e+00 6.6759438924651693e-02 2.6226959414147627e-01 3.4031655889918632e+01 27
1 0 1 1 2.9362003548031645e-02 2.0999207258266386e-02 1.0000529868539396e+00 6.6723648473217545e-02 2.6327726256325884e-01 3.4081655885612122e+01 27
1 0 1 1 2.9335508639610600e-02 2.0982603833817896e-02 1.0000538971038198e+00 6.6688025089272435e-02 2.6428498669078609e-01 3.4131655881318736e+01 27
1 0 1 1 2.9309047268170896e-02 2.0966033484613331e-02 1.0000548168263337e+00 6.6652568625690078e-02 2.6529275947127895e-01 3.4181655877061594e+01 27
1 0 1 1 2.9282620004067283e-02 2.0949496431957787e-02 1.0000557459918376e+00 6.6617278932388696e-02 2.6630057389728595e-01 3.4231655872830792e+01 27
1 0 1 1 2.9256227411227125e-02 2.0932992894157544e-02 1.0000566845675649e+00 6.6582155856332981e-02 2.6730842300729368e-01 3.4281655868625784e+01 27
1 0 1 1 2.9229870047197428e-02 2.0916523086543820e-02 1.0000576325175881e+00 6.6547199241572375e-02 2.6831629988555783e-01 3.4331655864461311e+01 27
1 0 1 1 2.9203548463218012e-02 2.0900087221517389e-02 1.0000585898027816e+00 6.6512408929304212e-02 2.6932419766072335e-01 3.4381655860310673e+01 27
1 0 1 1 2.9177263204221152e-02 2.0883685508541718e-02 1.0000595563807879e+00 6.6477784757849212e-02 2.7033210950729708e-01 3.4431655856193061e+01 27
1 0 1 1 2.9151014808919833e-02 2.0867318154198861e-02 1.0000605322059812e+00 6.6443326562733301e-02 2.7134002864408613e-01 3.4481655852107352e+01 27
1 0 1 1 2.9124803809843249e-02 2.0850985362205476e-02 1.0000615172294347e+00 6.6409034176707959e-02 2.7234794833423470e-01 3.4531655848047457e+01 27
1 0 1 1 2.9098630733376200e-02 2.0834687333435149e-02 1.0000625113988877e+00 6.6374907429773644e-02 2.7335586188522815e-01 3.4581655844014954e+01 27
1 0 1 1 2.9072496099811100e-02 2.0818424265946329e-02 1.0000635146587136e+00 6.6340946149218177e-02 2.7436376264838980e-01 3.4631655840006658e+01 27
1 0 1 1 2.9046400423387474e-02 2.0802196355004080e-02 1.0000645269498898e+00 6.6307150159641004e-02 2.7537164401902731e-01 3.4681655836034395e+01 27
1 0 1 1 2.9020344212357621e-02 2.0786003793117482e-02 1.0000655482099670e+00 6.6273519283008619e-02 2.7637949943540008e-01 3.4731655832085785e+01 27
1 0 1 1 2.8994327969009769e-02 2.0769846770050063e-02 1.0000665783730420e+00 6.6240053338658511e-02 2.7738732237910080e-01 3.4781655828155642e+01 27
1 0 1 1 2.8968352189709782e-02 2.0753725472840941e-02 1.0000676173697312e+00 6.6206752143325720e-02 2.7839510637519876e-01 3.4831655824265617e+01 27
1 0 1 1 2.8942417364981914e-02 2.0737640085854860e-02 1.0000686651271413e+00 6.6173615511214867e-02 2.7940284499075368e-01 3.4881655820401065e+01 27
1 0 1 1 2.8916523979521252e-02 2.0721590790781643e-02 1.0000697215688483e+00 6.6140643253995407e-02 2.8041053183524350e-01 3.4931655816545991e+01 27
1 0 1 1 2.8890661655891086e-02 2.0705577766656033e-02 1.0000707866148735e+00 6.6107835180809038e-02 2.8141816056157770e-01 3.4981655812743497e+01 27
1 0 1 1 2.8864841542914205e-02 2.0689601189918326e-02 1.0000718601816585e+00 6.6075191098383917e-02 2.8242572486284884e-01 3.5031655808947285e+01 27
1 0 1 1 2.8839064334976714e-02 2.0673661234388015e-02 1.0000729421820491e+00 6.6042710810961774e-02 2.8343321847543901e-01 3.5081655805187275e+01 27
1 0 1 1 2.8813330494470851e-02 2.0657758071329028e-02 1.0000740325252722e+00 6.6010394120403437e-02 2.8444063517630819e-01 3.5131655801445433e+01 27
1 0 1 1 2.8787640478157211e-02 2.0641891869442736e-02 1.0000751311169216e+00 6.5978240826169543e-02 2.8544796878436657e-01 3.5181655797736681e+01 27
1 0 1 1 2.8761994737239879e-02 2.0626062794915152e-02 1.0000762378589390e+00 6.5946250725384764e-02 2.8645521315897821e-01 3.5231655794044173e+01 27
1 0 1 1 2.8736393717377500e-02 2.0610271011416076e-02 1.0000773526496021e+00 6.5914423612828732e-02 2.8746236220117011e-01 3.5281655790391625e+01 27
1 0 1 1 2.8710837858768209e-02 2.0594516680149114e-02 1.0000784753835095e+00 6.5882759281014447e-02 2.8846940985134673e-01 3.5331655786740001e+01 27
1 0 1 1 2.8685327596127949e-02 2.0578799959834720e-02 1.0000796059515717e+00 6.5851257520135625e-02 2.8947635009204498e-01 3.5381655783134953e+01 27
1 0 1 1 2.8659863358808876e-02 2.0563121006777742e-02 1.0000807442410005e+00 6.5819918118190490e-02 2.9048317694444042e-01 3.5431655779544670e+01 27
1 0 1 1 2.8634445570785046e-02 2.0547479974857216e-02 1.0000818901353008e+00 6.5788740860933503e-02 2.9148988447056773e-01 3.5481655775978943e+01 27
1 0 1 1 2.8609074650715511e-02 2.0531877015557483e-02 1.0000830435142667e+00 6.5757725531934375e-02 2.9249646677193963e-01 3.5531655772432842e+01 27
1 0 1 1 2.8583751011977732e-02 2.0516312277988020e-02 1.0000842042539762e+00 6.5726871912589191e-02 2.9350291798997474e-01 3.5581655768916377e+01 27
1 0 1 1 2.8558475062722601e-02 2.0500785908911388e-02 1.0000853722267888e+00 6.5696179782165576e-02 2.9450923230497938e-01 3.5631655765414671e+01 27
1 0 1 1 2.8533247205891201e-02 2.0485298052750213e-02 1.0000865473013472e+00 6.5665648917798303e-02 2.9551540393707604e-01 3.5681655761943659e+01 27
1 0 1 1 2.8508067839283911e-02 2.0469848851624905e-02 1.0000877293425772e+00 6.5635279094547805e-02 2.9652142714474300e-01 3.5731655758487051e+01 27
1 0 1 1 2.8482937355570889e-02 2.0454438445356996e-02 1.0000889182116932e+00 6.5605070085390293e-02 2.9752729622580565e-01 3.5781655755054992e+01 27
1 0 1 1 2.8457856142353556e-02 2.0439066971503016e-02 1.0000901137662030e+00 6.5575021661265942e-02 2.9853300551653006e-01 3.5831655751647865e+01 27
1 0 1 1 2.8432824582197948e-02 2.0423734565368300e-02 1.0000913158599167e+00 6.5545133591098870e-02 2.9953854939137742e-01 3.5881655748254317e+01 27
1 0 1 1 2.8407843052663358e-02 2.0408441360024294e-02 1.0000925243429568e+00 6.5515405641802194e-02 3.0054392226344273e-01 3.5931655744880089e+01 27
1 0 1 1 2.8382911926348047e-02 2.0393187486330018e-02 1.0000937390617708e+00 6.5485837578313777e-02 3.0154911858392675e-01 3.5981655741531775e+01 27
1 0 1 1 2.8358031570934465e-02 2.0377973072955659e-02 1.0000949598591449e+00 6.5456429163626650e-02 3.0255413284165561e-01 3.6031655738201323e+01 26
1 0 1 1 2.8333202349217469e-02 2.0362798246397511e-02 1.0000961865742226e+00 6.5427180158796505e-02 3.0355895956343570e-01 3.6081655734891179e+01 26
1 0 1 1 2.8308424619148179e-02 2.0347663130998783e-02 1.0000974190425220e+00 6.5398090322971725e-02 3.0456359331322524e-01 3.6131655731581709e+01 26
1 0 1 1 2.8283698733840013e-02 2.0332567848950347e-02 1.0000986570959600e+00 6.5369159413379785e-02 3.0556802869377281e-01 3.6181655728320720e+01 26
1 0 1 1 2.8259025041680923e-02 2.0317512520355983e-02 1.0000999005628721e+00 6.5340387185432669e-02 3.0657226034295959e-01 3.6231655725048313e+01 26
1 0 1 1 2.8234403886269768e-02 2.0302497263187700e-02 1.0001011492680436e+00 6.5311773392633499e-02 3.0757628293804551e-01 3.6281655721816733e+01 26
1 0 1 1 2.8209835606547651e-02 2.0287522193362537e-02 1.0001024030327335e+00 6.5283317786704764e-02 3.0858009119115332e-01 3.6331655718572236e+01 26
1 0 1 1 2.8185320536739486e-02 2.0272587424703704e-02 1.0001036616747103e+00 6.5255020117499535e-02 3.0958367985342222e-01 3.6381655715368979e+01 26
1 0 1 1 2.8160859006481964e-02 2.0257693069014229e-02 1.0001049250082814e+00 6.5226880133127496e-02 3.1058704371101015e-01 3.6431655712176756e+01 26
1 0 1 1 2.8136451340800662e-02 2.0242839236058571e-02 1.0001061928443311e+00 6.5198897579905823e-02 3.1159017758707652e-01 3.6481655708986509e+01 26
1 0 1 1 2.8112097860145398e-02 2.0228026033581054e-02 1.0001074649903599e+00 6.5171072202377195e-02 3.1259307634170724e-01 3.6531655705812561e+01 26
1 0 1 1 2.8087798130293801e-02 2.0213247958420749e-02 1.0001087426898765e+00 6.5143403743349954e-02 3.1359576418582075e-01 3.6581657017861204e+01 26
1 0 1 1 2.8063554883080936e-02 2.0198510005214127e-02 1.0001100247336110e+00 6.5115894125168550e-02 3.1459813707958273e-01 3.6631654801620158e+01 26
1 0 1 1 2.8039365466087672e-02 2.0183812245928905e-02 1.0001113106017079e+00 6.5088539433527576e-02 3.1560031286318435e-01 3.6681655235277169e+01 26
1 0 1 1 2.8015231456409127e-02 2.0169155555576249e-02 1.0001126000213947e+00 6.5061340854973060e-02 3.1660223389931758e-01 3.6731655693443514e+01 26
1 0 1 1 2.7991153385949562e-02 2.0154540174060480e-02 1.0001138927713671e+00 6.5034298387710410e-02 3.1760388549693014e-01 3.6781655690320697e+01 26
1 0 1 1 2.7967131325566295e-02 2.0139966062084725e-02 1.0001151886516575e+00 6.5007411514415303e-02 3.1860527197747907e-01 3.6831655687243156e+01 26
1 0 1 1 2.7943165564740708e-02 2.0125433313881894e-02 1.0001164874473514e+00 6.4980679967817367e-02 3.1960638845125344e-01 3.6881655684146963e+01 26
1 0 1 1 2.7919256388603497e-02 2.0110942021763608e-02 1.0001177889405315e+00 6.4954103478960856e-02 3.2060723006629110e-01 3.6931655681078794e+01 26
1 0 1 1 2.7895404078051023e-02 2.0096492276188239e-02 1.0001190929103343e+00 6.4927681777313312e-02 3.2160779200454542e-01 3.6981655678008593e+01 26
1 0 1 1 2.7871608909720975e-02 2.0082084165741372e-02 1.0001203991330172e+00 6.4901414590716855e-02 3.2260806948415099e-01 3.7031655674947096e+01 26
1 0 1 1 2.7847871156045940e-02 2.0067717777164606e-02 1.0001217073820234e+00 6.4875301645429650e-02 3.2360805775842494e-01 3.7081655671900428e+01 26
1 0 1 1 2.7824191085291716e-02 2.0053393195375482e-02 1.0001230174280507e+00 6.4849342666143728e-02 3.2460775211523674e-01 3.7131655668841653e+01 26
1 0 1 1 2.7800568961547475e-02 2.0039110503457840e-02 1.0001243290391251e+00 6.4823537375956641e-02 3.2560714787882894e-01 3.7181655665805806e+01 26
1 0 1 1 2.7777005044809254e-02 2.0024869782707747e-02 1.0001256419806726e+00 6.4797885496443108e-02 3.2660624040728781e-01 3.7231655662767139e+01 26
1 0 1 1 2.7753499590967266e-02 2.0010671112623210e-02 1.0001269560155976e+00 6.4772386747617927e-02 3.2760502509425310e-01 3.7281655659727072e+01 26
1 0 1 1 2.7730052851843646e-02 1.9996514570923534e-02 1.0001282709043622e+00 6.4747040847959431e-02 3.2860349736857891e-01 3.7331655656700420e+01 26
1 0 1 1 2.7706665075239671e-02 1.9982400233573065e-02 1.0001295864050661e+00 6.4721847514439851e-02 3.2960165269330660e-01 3.7381655653667011e+01 26
1 0 1 1 2.7683336504932592e-02 1.9968328174776000e-02 1.0001309022735332e+00 6.4696806462503142e-02 3.3059948656698213e-01 3.7431655650640288e+01 26
1 0 1 1 2.7660067380730444e-02 1.9954298467007935e-02 1.0001322182633963e+00 6.4671917406101342e-02 3.3159699452260699e-01 3.7481655647615902e+01 26
1 0 1 1 2.7636857938487500e-02 1.9940311181017429e-02 1.0001335341261868e+00 6.4647180057693709e-02 3.3259417212763109e-01 3.7531655644575373e+01 26
1 0 1 1 2.7613708410109142e-02 1.9926366385830039e-02 1.0001348496114277e+00 6.4622594128231764e-02 3.3359101498545707e-01 3.7581655641561639e+01 26
1 0 1 1 2.7590619023640912e-02 1.9912464148795266e-02 1.0001361644667230e+00 6.4598159327233368e-02 3.3458751873211884e-01 3.7631655638515291e+01 26
1 0 1 1 2.7567590003204127e-02 1.9898604535545417e-02 1.0001374784378592e+00 6.4573875362696154e-02 3.3558367904061975e-01 3.7681655635493357e+01 26
1 0 1 1 2.7544621569113914e-02 1.9884787610062786e-02 1.0001387912688977e+00 6.4549741941203581e-02 3.3657949161657563e-01 3.7731655632452480e+01 26
1 0 1 1 2.7521713937834230e-02 1.9871013434649792e-02 1.0001401027022800e+00 6.4525758767854713e-02 3.3757495220138678e-01 3.7781655629408398e+01 26
1 0 1 1 2.7498867322035329e-02 1.9857282069959840e-02 1.0001414124789281e+00 6.4501925546308320e-02 3.3857005657084271e-01 3.7831655626367471e+01 26
1 0 1 1 2.7476081930619765e-02 1.9843593575008311e-02 1.0001427203383473e+00 6.4478241978791817e-02 3.3956480053493077e-01 3.7881655623318530e+01 26
1 0 1 1 2.7453357968737845e-02 1.9829948007181766e-02 1.0001440260187355e+00 6.4454707766092856e-02 3.4055917993840445e-01 3.7931655620259917e+01 26
1 0 1 1 2.7430695637808762e-02 1.9816345422242091e-02 1.0001453292570901e+00 6.4431322607567842e-02 3.4155319066048090e-01 3.7981655617187769e+01 26
1 0 1 1 2.7408092318493570e-02 1.9802785874339715e-02 1.0001466297893196e+00 6.4408086201141912e-02 3.4254682861556535e-01 3.8031655614130550e+01 26
1 0 1 1 2.7385542422925815e-02 1.9789269416047681e-02 1.0001479273503524e+00 6.4384998243353364e-02 3.4354008975108835e-01 3.8081655611040595e+01 26
1 0 1 1 2.7363054814272154e-02 1.9775796098325773e-02 1.0001492216742547e+00 6.4362058429290159e-02 3.4453297005062822e-01 3.8131655607953327e+01 26
1 0 1 1 2.7340629679201540e-02 1.9762365970576536e-02 1.0001505124943428e+00 6.4339266452655308e-02 3.4552546553134933e-01 3.8181655604854740e+01 26
1 0 1 1 2.7318267200756325e-02 1.9748979080627522e-02 1.0001517995433018e+00 6.4316622005741453e-02 3.4651757224520213e-01 3.8231655601745274e+01 26
1 0 1 1 2.7295967558386779e-02 1.9735635474753870e-02 1.0001530825533029e+00 6.4294124779442074e-02 3.4750928627868766e-01 3.8281655598624702e+01 26
1 0 1 1 2.7273730927971359e-02 1.9722335197683672e-02 1.0001543612561239e+00 6.4271774463255160e-02 3.4850060375274727e-01 3.8331655595487710e+01 26
1 0 1 1 2.7251557481830939e-02 1.9709078292604258e-02 1.0001556353832703e+00 6.4249570745280510e-02 3.4949152082327062e-01 3.8381655592348750e+01 26
1 0 1 1 2.7229447388774052e-02 1.9695864801186919e-02 1.0001569046660970e+00 6.4227513312243412e-02 3.5048203368002995e-01 3.8431655589186683e+01 26
1 0 1 1 2.7207400814086569e-02 1.9682694763574874e-02 1.0001581688359316e+00 6.4205601849468524e-02 3.5147213854795806e-01 3.8481655586009985e+01 26
1 0 1 1 2.7185417919570062e-02 1.9669568218406069e-02 1.0001594276242005e+00 6.4183836040899667e-02 3.5246183168682144e-01 3.8531655582837899e+01 26
1 0 1 1 2.7163498863586415e-02 1.9656485202833793e-02 1.0001606807625514e+00 6.4162215569124104e-02 3.5345110938973973e-01 3.8581655579625725e+01 26
1 0 1 1 2.7141643801020552e-02 1.9643445752502070e-02 1.0001619279829823e+00 6.4140740115317202e-02 3.5443996798589267e-01 3.8631655576400142e+01 26
1 0 1 1 2.7119852883342926e-02 1.9630449901579885e-02 1.0001631690179673e+00 6.4119409359288670e-02 3.5542840383884844e-01 3.8681655573173920e+01 26
1 0 1 1 2.7098126258636526e-02 1.9617497682774411e-02 1.0001644036005828e+00 6.4098222979490971e-02 3.5641641334640195e-01 3.8731655569936365e+01 26
1 0 1 1 2.7076464071607815e-02 1.9604589127332813e-02 1.0001656314646359e+00 6.4077180653009325e-02 3.5740399294058761e-01 3.8781655566653122e+01 26
1 0 1 1 2.7054866463569648e-02 1.9591724265030169e-02 1.0001668523447955e+00 6.4056282055527713e-02 3.5839113908969727e-01 3.8831655563366510e+01 26
1 0 1 1 2.7033333572515014e-02 1.9578903124209731e-02 1.0001680659767176e+00 6.4035526861387082e-02 3.5937784829595887e-01 3.8881655560077583e+01 26
1 0 1 1 2.7011865533131479e-02 1.9566125731786503e-02 1.0001692720971735e+00 6.4014914743576734e-02 3.6036411709535432e-01 3.8931655556735805e+01 26
1 0 1 1 2.6990462476759527e-02 1.9553392113223666e-02 1.0001704704441838e+00 6.3994445373679876e-02 3.6134994206115817e-01 3.8981655553415408e+01 26
1 0 1 1 2.6969124531517074e-02 1.9540702292597984e-02 1.0001716607571400e+00 6.3974118421974147e-02 3.6233531979842187e-01 3.9031655550036952e+01 26
1 0 1 1 2.6947851822200993e-02 1.9528056292541750e-02 1.0001728427769399e+00 6.3953933557321707e-02 3.6332024694993448e-01 3.9081655546666738e+01 26
1 0 1 1 2.6926644470410700e-02 1.9515454134311553e-02 1.0001740162461099e+00 6.3933890447269104e-02 3.6430472019120164e-01 3.9131655543261559e+01 26
1 0 1 1 2.6905502594494472e-02 1.9502895837753900e-02 1.0001751809089376e+00 6.3913988757980822e-02 3.6528873623401781e-01 3.9181655539848641e+01 26
1 0 1 1 2.6884426309618625e-02 1.9490381421341033e-02 1.0001763365115957e+00 6.3894228154285360e-02 3.6627229182387183e-01 3.9231655536393326e+01 26
1 0 1 1 2.6863415727733379e-02 1.9477910902150959e-02 1.0001774828022716e+00 6.3874608299629654e-02 3.6725538374287853e-01 3.9281655532945855e+01 26
1 0 1 1 2.6842470957663015e-02 1.9465484295914461e-02 1.0001786195312901e+00 6.3855128856145527e-02 3.6823800880609919e-01 3.9331655529454608e+01 26
1 0 1 1 2.6821592105050664e-02 1.9453101616980006e-02 1.0001797464512416e+00 6.3835789484581934e-02 3.6922016386516543e-01 3.9381655525949007e+01 27
1 0 1 1 2.6800779096383343e-02 1.9440761732496627e-02 1.0001808638546521e+00 6.3816589844352734e-02 3.7020185314946569e-01 3.9431655841136859e+01 27
1 0 1 1 2.6780031625754271e-02 1.9428459659268225e-02 1.0001819739629649e+00 6.3797529960225197e-02 3.7118308831642388e-01 3.9481656970436170e+01 27
1 0 1 1 2.6759352196749877e-02 1.9416202674754513e-02 1.0001830734691008e+00 6.3778610781926648e-02 3.7216375761120740e-01 3.9531653680105492e+01 27
1 0 1 1 2.6738736957234773e-02 1.9403988449424831e-02 1.0001841623445236e+00 6.3759828357010606e-02 3.7314404518377142e-01 3.9581655512544451e+01 27
1 0 1 1 2.6718188873098046e-02 1.9391818695079555e-02 1.0001852402013223e+00 6.3741184967334358e-02 3.7412381158266256e-01 3.9631655508931381e+01 27
1 0 1 1 2.6697707273410358e-02 1.9379692968685750e-02 1.0001863068473409e+00 6.3722679573546853e-02 3.7510308987124430e-01 3.9681655505296845e+01 27
1 0 1 1 2.6677292242417515e-02 1.9367611275205688e-02 1.0001873620533290e+00 6.3704311827180199e-02 3.7608187714409380e-01 3.9731655501666651e+01 27
1 0 1 1 2.6656943861401779e-02 1.9355573618319483e-02 1.0001884055932366e+00 6.3686081378459047e-02 3.7706017052906710e-01 3.9781655497977866e+01 27
1 0 1 1 2.6636662208616997e-02 1.9343580000385545e-02 1.0001894372443310e+00 6.3667987876233678e-02 3.7803796719178739e-01 3.9831655494308016e+01 27
1 0 1 1 2.6616447359420776e-02 1.9331630422513076e-02 1.0001904567873010e+00 6.3650030968076698e-02 3.7901526432961868e-01 3.9881655490567560e+01 27
1 0 1 1 2.6596299386158290e-02 1.9319724884492292e-02 1.0001914640063732e+00 6.3632210300174852e-02 3.7999205917882201e-01 3.9931655486866475e+01 27
1 0 1 1 2.6576218358341386e-02 1.9307863384895839e-02 1.0001924586894098e+00 6.3614525517464604e-02 3.8096834900620108e-01 3.9981655483086804e+01 27
1 0 1 1 2.6556204342494512e-02 1.9296045920984457e-02 1.0001934406280206e+00 6.3596976263490868e-02 3.8194413111788988e-01 4.0031655479334461e+01 27
1 0 1 1 2.6536257402333573e-02 1.9284272488811240e-02 1.0001944096176585e+00 6.3579562180544280e-02 3.8291940285129855e-01 4.0081655475525992e+01 27
1 0 1 1 2.6516377598655015e-02 1.9272543083150556e-02 1.0001953654577229e+00 6.3562282909555567e-02 3.8389416158161099e-01 4.0131655471724343e+01 27
1 0 1 1 2.6496564989452111e-02 1.9260857697563694e-02 1.0001963079516534e+00 6.3545138090181530e-02 3.8486840471673456e-01 4.0181655467881136e+01 27
1 0 1 1 2.6476819629858518e-02 1.9249216324363903e-02 1.0001972369070256e+00 6.3528127360745507e-02 3.8584212970127429e-01 4.0231655464041502e+01 27
1 0 1 1 2.6457141572233382e-02 1.9237618954662306e-02 1.0001981521356407e+00 6.3511250358296772e-02 3.8681533401305840e-01 4.0281655460167926e+01 27
1 0 1 1 2.6437530866123847e-02 1.9226065578343228e-02 1.0001990534536154e+00 6.3494506718568433e-02 3.8778801516602895e-01 4.0331655456290790e+01 27
1 0 1 1 2.6417987558328998e-02 1.9214556184096333e-02 1.0001999406814657e+00 6.3477896076019918e-02 3.8876017070779534e-01 4.0381655452386063e+01 27
1 0 1 1 2.6398511692888649e-02 1.9203090759409673e-02 1.0002008136441904e+00 6.3461418063811892e-02 3.8973179822117665e-01 4.0431655448455103e+01 27
1 0 1 1 2.6379103311097930e-02 1.9191669290574351e-02 1.0002016721713514e+00 6.3445072313817130e-02 3.9070289532467611e-01 4.0481655444553702e+01 27
1 0 1 1 2.6359762451599857e-02 1.9180291762733042e-02 1.0002025160971453e+00 6.3428858456676673e-02 3.9167345966816319e-01 4.0531655440572621e+01 27
1 0 1 1 2.6340489150261437e-02 1.9168958159808038e-02 1.0002033452604837e+00 6.3412776121694436e-02 3.9264348894066159e-01 4.0581655436641242e+01 27
1 0 1 1 2.6321283440369408e-02 1.9157668464609437e-02 1.0002041595050555e+00 6.3396824936983509e-02 3.9361298086087371e-01 4.0631655432643811e+01 27
1 0 1 1 2.6302145352481029e-02 1.9146422658746991e-02 1.0002049586794000e+00 6.3381004529338925e-02 3.9458193318614343e-01 4.0681655428684849e+01 27
1 0 1 1 2.6283074914596260e-02 1.9135220722724239e-02 1.0002057426369637e+00 6.3365314524364363e-02 3.9555034370405218e-01 4.0731655424661000e+01 27
1 0 1 1 2.6264072152028937e-02 1.9124062635864490e-02 1.0002065112361660e+00 6.3349754546363435e-02 3.9651821024065209e-01 4.0781655420688629e+01 27
1 0 1 1 2.6245127643260945e-02 1.9112948376410668e-02 1.0002072643404496e+00 6.3334324218471905e-02 3.9748553065128606e-01 4.0831655416635627e+01 27
1 0 1 1 2.6226249560562853e-02 1.9101877921425259e-02 1.0002080018183395e+00 6.3319023162524274e-02 3.9845230283069616e-01 4.0881655412649557e+01 27
1 0 1 1 2.6207439291312057e-02 1.9090851246919442e-02 1.0002087235434853e+00 6.3303850999216899e-02 3.9941852470208661e-01 4.0931655408595645e+01 27
1 0 1 1 2.6188696850221835e-02 1.9079868327750316e-02 1.0002094293947139e+00 6.3288807347969572e-02 4.0038419422689592e-01 4.0981655404568890e+01 27
1 0 1 1 2.6170022249541975e-02 1.9068929137707351e-02 1.0002101192560657e+00 6.3273891827043349e-02 4.0134930939802960e-01 4.1031655400550058e+01 27
1 0 1 1 2.6151415499041788e-02 1.9058033649496833e-02 1.0002107930168354e+00 6.3259104053512316e-02 4.0231386824114568e-01 4.1081655396478617e+01 27
1 0 1 1 2.6132876605970169e-02 1.9047181834718506e-02 1.0002114505716089e+00 6.3244443643228287e-02 4.0327786881825217e-01 4.1131655392443975e+01 27
1 0 1 1 2.6114405575175598e-02 1.9036373663930649e-02 1.0002120918202910e+00 6.3229910210912899e-02 4.0424130922227824e-01 4.1181655388412700e+01 28
1 0 1 1 2.6096002409075260e-02 1.9025609106627459e-02 1.0002127166681343e+00 6.3215503370122328e-02 4.0520418757943910e-01 4.1231655384357985e+01 28
1 0 1 1 2.6077667107657066e-02 1.9014888131238968e-02 1.0002133250257641e+00 6.3201222733245133e-02 4.0616650205035559e-01 4.1281655380324310e+01 28
1 0 1 1 2.6059399668554511e-02 1.9004210705170260e-02 1.0002139168091975e+00 6.3187067911551931e-02 4.0712825082685095e-01 4.1331655376269005e+01 28
1 0 1 1 2.6041200087000099e-02 1.8993576794771583e-02 1.0002144919398608e+00 6.3173038515162122e-02 4.0808943213576065e-01 4.1381655372268973e+01 28
1 0 1 1 2.6023068355947386e-02 1.8982986365404686e-02 1.0002150503446001e+00 6.3159134153125129e-02 4.0905004423304808e-01 4.1431655368222579e+01 28
1 0 1 1 2.6005004465968259e-02 1.8972439381381035e-02 1.0002155919556956e+00 6.3145354433338796e-02 4.1001008541037048e-01 4.1481655364199263e+01 28
1 0 1 1 2.5987008405362558e-02 1.8961935806021946e-02 1.0002161167108623e+00 6.3131698962633098e-02 4.1096955399039659e-01 4.1531655360205534e+01 28
1 0 1 1 2.5969080160172114e-02 1.8951475601662333e-02 1.0002166245532544e+00 6.3118167346771892e-02 4.1192844832677850e-01 4.1581655356192364e+01 28
1 0 1 1 2.5951219714146385e-02 1.8941058729629100e-02 1.0002171154314643e+00 6.3104759190429072e-02 4.1288676680730291e-01 4.1631655352228691e+01 28
1 0 1 1 2.5933427048851151e-02 1.8930685150299144e-02 1.0002175892995160e+00 6.3091474097262290e-02 4.1384450784871379e-01 4.1681655348241627e+01 28
1 0 1 1 2.5915702143596349e-02 1.8920354823055565e-02 1.0002180461168586e+00 6.3078311669858472e-02 4.1480166990182965e-01 4.1731655344292648e+01 28
1 0 1 1 2.5898044975533437e-02 1.8910067706340777e-02 1.0002184858483532e+00 6.3065271509805954e-02 4.1575825144735834e-01 4.1781655340369937e+01 28
1 0 1 1 2.5880455519656651e-02 1.8899823757651465e-02 1.0002189084642565e+00 6.3052353217687984e-02 4.1671425099638981e-01 4.1831655336425229e+01 28
1 0 1 1 2.5862933748770078e-02 1.8889622933519881e-02 1.0002193139402058e+00 6.3039556393064633e-02 4.1766966709385250e-01 4.1881655332564179e+01 28
1 0 1 1 2.5845479633633314e-02 1.8879465189591976e-02 1.0002197022571913e+00 6.3026880634570570e-02 4.1862449831101334e-01 4.1931655328665947e+01 28
1 0 1 1 2.5828093142835025e-02 1.8869350480551574e-02 1.0002200734015363e+00 6.3014325539825639e-02 4.1957874325358963e-01 4.1981655324819094e+01 28
1 0 1 1 2.5810774242924925e-02 1.8859278760195254e-02 1.0002204273648647e+00 6.3001890705533053e-02 4.2053240055586849e-01 4.2031655321024651e+01 28
1 0 1 1 2.5793522898424390e-02 1.8849249981431955e-02 1.0002207641440708e+00 6.2989575727479125e-02 4.2148546888047567e-01 4.2081655317196798e+01 28
1 0 1 1 2.5776339071754931e-02 1.8839264096241360e-02 1.0002210837412844e+00 6.2977380200491290e-02 4.2243794692410924e-01 4.2131655313474738e+01 28
1 0 1 1 2.5759221689409258e-02 1.8829315357689773e-02 1.0002213895485987e+00 6.2965303718562654e-02 4.2338988277068212e-01 4.2181657542730143e+01 28
1 0 1 1 2.5742173789684922e-02 1.8819409337549560e-02 1.0002216790086471e+00 6.2953347490025791e-02 4.2434110969148697e-01 4.2231653578680536e+01 28
1 0 1 1 2.5725191546586333e-02 1.8809545095822874e-02 1.0002219513397097e+00 6.2941508265259460e-02 4.2529183954196276e-01 4.2281654711940185e+01 28
1 0 1 1 2.5708276840310487e-02 1.8799723699828217e-02 1.0002222065301594e+00 6.2929786987951458e-02 4.2624196376623802e-01 4.2331655300234644e+01 28
1 0 1 1 2.5691429637173871e-02 1.8789945104843889e-02 1.0002224446068202e+00 6.2918183255821825e-02 4.2719148033090082e-01 4.2381655296690887e+01 28
1 0 1 1 2.5674649687438388e-02 1.8780209141068135e-02 1.0002226656042750e+00 6.2906696519380800e-02 4.2814039935028386e-01 4.2431655293105308e+01 28
1 0 1 1 2.5657936940049007e-02 1.8770515754349501e-02 1.0002228695589108e+00 6.2895326367744975e-02 4.2908871972040158e-01 4.2481655289615524e+01 28
1 0 1 1 2.5641291342171590e-02 1.8760864889766804e-02 1.0002230565119843e+00 6.2884072389303103e-02 4.3003644036130456e-01 4.2531655286159442e+01 28
1 0 1 1 2.5624712839124736e-02 1.8751256491583986e-02 1.0002232265095627e+00 6.2872934171671113e-02 4.3098356022183909e-01 4.2581655282741153e+01 28
1 0 1 1 2.5608201374420814e-02 1.8741690503270896e-02 1.0002233796024618e+00 6.2861911301724471e-02 4.3193007827825830e-01 4.2631655279372310e+01 28
1 0 1 1 2.5591756889795831e-02 1.8732166867520088e-02 1.0002235158461810e+00 6.2851003365620939e-02 4.3287599353394968e-01 4.2681655276069854e+01 28
1 0 1 1 2.5575379325241839e-02 1.8722685526257488e-02 1.0002236353008371e+00 6.2840209948827302e-02 4.3382130501810895e-01 4.2731655272804183e+01 29
1 0 1 1 2.5559068618998530e-02 1.8713246420640171e-02 1.0002237380310963e+00 6.2829530636117847e-02 4.3476601178787916e-01 4.2781655269622796e+01 29
1 0 1 1 2.5542824707627171e-02 1.8703849491091596e-02 1.0002238241061014e+00 6.2818965011626315e-02 4.3571011292455292e-01 4.2831655266467386e+01 29
1 0 1 1 2.5526647525972279e-02 1.8694494677276949e-02 1.0002238935994017e+00 6.2808512658823007e-02 4.3665360753698684e-01 4.2881655263368337e+01 29
1 0 1 1 2.5510537007213042e-02 1.8685181918131625e-02 1.0002239465888760e+00 6.2798173160559023e-02 4.3759649475991552e-01 4.2931655260370505e+01 29
1 0 1 1 2.5494493082920018e-02 1.8675911151889955e-02 1.0002239831566559e+00 6.2787946099105763e-02 4.3853877375158534e-01 4.2981655257423235e+01 29
1 0 1 1 2.5478515683030785e-02 1.8666682316066337e-02 1.0002240033890495e+00 6.2777831056141264e-02 4.3948044369590195e-01 4.3031655254510255e+01 29
1 0 1 1 2.5462604735858048e-02 1.8657495347459915e-02 1.0002240073764588e+00 6.2767827612767502e-02 4.4042150380359896e-01 4.3081655251726119e+01 29
1 0 1 1 2.5446760168210830e-02 1.8648350182219001e-02 1.0002239952133003e+00 6.2757935349583516e-02 4.4136195330543243e-01 4.3131655248930777e+01 29
1 0 1 1 2.5430981905251036e-02 1.8639246755756154e-02 1.0002239669979203e+00 6.2748153846613863e-02 4.4230179146241644e-01 4.3181655246310257e+01 29
1 0 1 1 2.5415269870729840e-02 1.8630185002881810e-02 1.0002239228325114e+00 6.2738482683450142e-02 4.4324101755227541e-01 4.3231655243670332e+01 29
1 0 1 1 2.5399623986783772e-02 1.8621164857682816e-02 1.0002238628230262e+00 6.2728921439139607e-02 4.4417963088288248e-01 4.3281655241169076e+01 29
1 0 1 1 2.5384044174142632e-02 1.8612186253641215e-02 1.0002237870790907e+00 6.2719469692316621e-02 4.4511763078102717e-01 4.3331655238733020e+01 29
1 0 1 1 2.5368530352048686e-02 1.8603249123581297e-02 1.0002236957139155e+00 6.2710127021160800e-02 4.4605501659787000e-01 4.3381655236366377e+01 29
1 0 1 1 2.5353082438300624e-02 1.8594353399695479e-02 1.0002235888442075e+00 6.2700893003430680e-02 4.4699178770774367e-01 4.3431655234100653e+01 29
1 0 1 1 2.5337700349298421e-02 1.8585499013566296e-02 1.0002234665900798e+00 6.2691767216498051e-02 4.4792794350638188e-01 4.3481655231916868e+01 29
1 0 1 1 2.5322377831845176e-02 1.8576685896159770e-02 1.0002233290749596e+00 6.2682749237354174e-02 4.4886348341191235e-01 4.3531655229816479e+01 29
1 0 1 1 2.5307117412793116e-02 1.8567913977842625e-02 1.0002231764254983e+00 6.2673838642633345e-02 4.4979840686443490e-01 4.3581655227812256e+01 29
1 0 1 1 2.5291922630318681e-02 1.8559183188389772e-02 1.0002230087714772e+00 6.2665035008638459e-02 4.5073271332542608e-01 4.3631655225915729e+01 29
1 0 1 1 2.5276793394940135e-02 1.8550493457004043e-02 1.0002228262457162e+00 6.2656337911365129e-02 4.5166640227670579e-01 4.3681655224095664e+01 29
1 0 1 1 2.5261729615854246e-02 1.8541844712307600e-02 1.0002226289839793e+00 6.2647746926505543e-02 4.5259947322191385e-01 4.3731655222374123e+01 29
1 0 1 1 2.5246731200978274e-02 1.8533236882361973e-02 1.0002224171248808e+00 6.2639261629482190e-02 4.5353192568487743e-01 4.3781655220756484e+01 29
1 0 1 1 2.5231798056966997e-02 1.8524669894677541e-02 1.0002221908097917e+00 6.2630881595466370e-02 4.5446375920983600e-01 4.3831655219257989e+01 29
1 0 1 1 2.5216930089240749e-02 1.8516143676224960e-02 1.0002219501827436e+00 6.2622606399405145e-02 4.5539497336066109e-01 4.3881655217879853e+01 29
1 0 1 1 2.5202127202023680e-02 1.8507658153455366e-02 1.0002216953903369e+00 6.2614435616041630e-02 4.5632556771908744e-01 4.3931655216528569e+01 29
1 0 1 1 2.5187389298261319e-02 1.8499213252251311e-02 1.0002214265816420e+00 6.2606368819890845e-02 4.5725554189153644e-01 4.3981655215399748e+01 29
1 0 1 1 2.5172716279833682e-02 1.8490808898042752e-02 1.0002211439081083e+00 6.2598405585357064e-02 4.5818489549605351e-01 4.4031655214293735e+01 29
1 0 1 1 2.5158108047361176e-02 1.8482445015698401e-02 1.0002208475234664e+00 6.2590545486642502e-02 4.5911362817617740e-01 4.4081655213374390e+01 30
1 0 1 1 2.5143564500413048e-02 1.8474121529638291e-02 1.0002205375836364e+00 6.2582788097862968e-02 4.6004173958820660e-01 4.4131655212502260e+01 30
1 0 1 1 2.5129085537361904e-02 1.8465838363750042e-02 1.0002202142466294e+00 6.2575132992986449e-02 4.6096922941183738e-01 4.4181655211823021e+01 30
1 0 1 1 2.5114671055564287e-02 1.8457595441488926e-02 1.0002198776724582e+00 6.2567579745930968e-02 4.6189609733923165e-01 4.4231655211194017e+01 30
1 0 1 1 2.5100320951215001e-02 1.8449392685793424e-02 1.0002195280230384e+00 6.2560127930506637e-02 4.6282234308592779e-01 4.4281655210788550e+01 30
1 0 1 1 2.5086035119558193e-02 1.8441230019200491e-02 1.0002191654620998e+00 6.2552777120523761e-02 4.6374796637746091e-01 4.4331655210390480e+01 30
1 0 1 1 2.5071813454672260e-02 1.8433107363724791e-02 1.0002187901550879e+00 6.2545526889703551e-02 4.6467296696511401e-01 4.4381655210258870e+01 30
1 0 1 1 2.5057655849764195e-02 1.8425024641018931e-02 1.0002184022690781e+00 6.2538376811825169e-02 4.6559734460679481e-01 4.4431655210112645e+01 30
1 0 1 1 2.5043562196881728e-02 1.8416981772212286e-02 1.0002180019726761e+00 6.2531326460603665e-02 4.6652109908776596e-01 4.4481655210264847e+01 30
1 0 1 1 2.5029532387255429e-02 1.8408978678100055e-02 1.0002175894359340e+00 6.2524375409861999e-02 4.6744423019862003e-01 4.4531655210448150e+01 30
1 0 1 1 2.5015566311049443e-02 1.8401015279000014e-02 1.0002171648302554e+00 6.2517523233413752e-02 4.6836673775242932e-01 4.4581655210757098e+01 30
1 0 1 1 2.5001663857483723e-02 1.8393091494820143e-02 1.0002167283283050e+00 6.2510769505144170e-02 4.6928862157822671e-01 4.4631655211312108e+01 30
1 0 1 1 2.4987824914931615e-02 1.8385207245111883e-02 1.0002162801039236e+00 6.2504113799061289e-02 4.7020988151512594e-01 4.4681655211954883e+01 30
1 0 1 1 2.4974049370794390e-02 1.8377362448997962e-02 1.0002158203320357e+00 6.2497555689246392e-02 4.7113051742185502e-01 4.4731655212779465e+01 30
1 0 1 1 2.4960337111634427e-02 1.8369557025241918e-02 1.0002153491885668e+00 6.2491094749922621e-02 4.7205052916814749e-01 4.4781655213682726e+01 30
1 0 1 1 2.4946688023069361e-02 1.8361790892190675e-02 1.0002148668503505e+00 6.2484730555423307e-02 4.7296991664362653e-01 4.4831655214858962e+01 30
1 0 1 1 2.4933101989973328e-02 1.8354063967884159e-02 1.0002143734950526e+00 6.2478462680287644e-02 4.7388867974458643e-01 4.4881655216097037e+01 30
1 0 1 1 2.4919577318867698e-02 1.8346370110592189e-02 1.0002138725455076e+00 6.2472290699186528e-02 4.7480691506655615e-01 4.4931660116113562e+01 30
1 0 1 1 2.4906119294443651e-02 1.8338716906226460e-02 1.0002133614233495e+00 6.2466215996146074e-02 4.7572426432540565e-01 4.4981650727744416e+01 30
1 0 1 1 2.4892720404401929e-02 1.8331100670415150e-02 1.0002128396397596e+00 6.2460234722846897e-02 4.7664123265396041e-01 4.5031654623452575e+01 30
1 0 1 1 2.4879384991199231e-02 1.8323523856201496e-02 1.0002123075444298e+00 6.2454348466123327e-02 4.7755751582031764e-01 4.5081655225682880e+01 30
1 0 1 1 2.4866112210010591e-02 1.8315985966949347e-02 1.0002117652902121e+00 6.2448556473494565e-02 4.7847316322094907e-01 4.5131655227803002e+01 30
1 0 1 1 2.4852901780422664e-02 1.8308486827185205e-02 1.0002112130514400e+00 6.2442858249646099e-02 4.7938818584022613e-01 4.5181655230162214e+01 30
1 0 1 1 2.4839753581821489e-02 1.8301026352350720e-02 1.0002106510090625e+00 6.2437253370794726e-02 4.8030258366601603e-01 4.5231655232572685e+01 31
1 0 1 1 2.4826667492754070e-02 1.8293604457513081e-02 1.0002100793442312e+00 6.2431741413404407e-02 4.8121635670685342e-01 4.5281655235314616e+01 31
1 0 1 1 2.4813643391193494e-02 1.8286221057512916e-02 1.0002094982382388e+00 6.2426321954301617e-02 4.8212950497389961e-01 4.5331655238162817e+01 31
1 0 1 1 2.4800681154316981e-02 1.8278876066837781e-02 1.0002089078724330e+00 6.2420994570599492e-02 4.8304202849779437e-01 4.5381655241322065e+01 31
1 0 1 1 2.4787780658753041e-02 1.8271569399757527e-02 1.0002083084281570e+00 6.2415758839794139e-02 4.8395392731125825e-01 4.5431655244487480e+01 31
1 0 1 1 2.4774941780278694e-02 1.8264300970154659e-02 1.0002077000866625e+00 6.2410614339671794e-02 4.8486520147235790e-01 4.5481655248132988e+01 31
1 0 1 1 2.4762164394265849e-02 1.8257070691772907e-02 1.0002070830290617e+00 6.2405560648482794e-02 4.8577585103299614e-01 4.5531655251795677e+01 31
1 0 1 1 2.4749448375284339e-02 1.8249878477991290e-02 1.0002064574362404e+00 6.2400597344790532e-02 4.8668587606778202e-01 4.5581655255671564e+01 31
1 0 1 1 2.4736793597296223e-02 1.8242724241933593e-02 1.0002058234887989e+00 6.2395724007573566e-02 4.8759527666183822e-01 4.5631655259960681e+01 31
1 0 1 1 2.4724199933801899e-02 1.8235607896548725e-02 1.0002051813669945e+00 6.2390940216276503e-02 4.8850405290038212e-01 4.5681655264304595e+01 31
1 0 1 1 2.4711667257559047e-02 1.8228529354450095e-02 1.0002045312506640e+00 6.2386245550717145e-02 4.8941220488995851e-01 4.5731655268966911e+01 31
1 0 1 1 2.4699195440851106e-02 1.8221488528065238e-02 1.0002038733191738e+00 6.2381639591193611e-02 4.9031973273970936e-01 4.5781655273814685e+01 31
1 0 1 1 2.4686784355324485e-02 1.8214485329543523e-02 1.0002032077513499e+00 6.2377121918441469e-02 4.9122663657432053e-01 4.5831655279043432e+01 31
1 0 1 1 2.4674433872204683e-02 1.8207519670876148e-02 1.0002025347254322e+00 6.2372692113706774e-02 4.9213291651843438e-01 4.5881655284327650e+01 31
1 0 1 1 2.4662143861992978e-02 1.8200591463723766e-02 1.0002018544189970e+00 6.2368349758664399e-02 4.9303857272039725e-01 4.5931655290144363e+01 31
1 0 1 1 2.4649914194918666e-02 1.8193700619669986e-02 1.0002011670089275e+00 6.2364094435567563e-02 4.9394360531893833e-01 4.5981655295942865e+01 31
1 0 1 1 2.4637744740438630e-02 1.8186847049936995e-02 1.0002004726713303e+00 6.2359925727097087e-02 4.9484801448140070e-01 4.6031655302269577e+01 31
1 0 1 1 2.4625635367738506e-02 1.8180030665668818e-02 1.0001997715815092e+00 6.2355843216535506e-02 4.9575180036729000e-01 4.6081655308762080e+01 31
1 0 1 1 2.4613585945406923e-02 1.8173251377743081e-02 1.0001990639138969e+00 6.2351846487660789e-02 4.9665496315266450e-01 4.6131655315510201e+01 31
1 0 1 1 2.4601596341536944e-02 1.8166509096830982e-02 1.0001983498420082e+00 6.2347935124800385e-02 4.9755750302422919e-01 4.6181655322738322e+01 31
1 0 1 1 2.4589666423889309e-02 1.8159803733484851e-02 1.0001976295384016e+00 6.2344108712883567e-02 4.9845942016704514e-01 4.6231655330136050e+01 31
1 0 1 1 2.4588685427223100e-02 1.8159252501644952e-02 1.0001975698745200e+00 6.2343796992340002e-02 4.9853375805133432e-01 4.6235777974861442e+01 31
1 0 1 1 2.4587703028443517e-02 1.8158700504870055e-02 1.0001975100594571e+00 6.2343485273355037e-02 4.9860822870074839e-01 4.6239908217858414e+01 31
1 0 1 1 2.4586719220407040e-02 1.8158147739264840e-02 1.0001974500925142e+00 6.2343173555928673e-02 4.9868283279805681e-01 4.6244046098291548e+01 31
1 0 1 1 2.4585733995922756e-02 1.8157594200907783e-02 1.0001973899729877e+00 6.2342861840060895e-02 4.9875757103075735e-01 4.6248191655598596e+01 27
1 0 1 1 2.4585635395510709e-02 1.8157538804542076e-02 1.0001973839526290e+00 6.2342830668629973e-02 4.9876505224146150e-01 4.6248606634162059e+01 38
1 0 1 1 2.4585536780851354e-02 1.8157483400404240e-02 1.0001973779307365e+00 6.2342799497214642e-02 4.9877253480148037e-01 4.6249021689949871e+01 41
1 0 1 1 2.4585526918607045e-02 1.8157477859565539e-02 1.0001973773284634e+00 6.2342796380074665e-02 4.9877328313122604e-01 4.6249063199750253e+01 43
1 0 1 1 2.4585517056215301e-02 1.8157472318646870e-02 1.0001973767261743e+00 6.2342793262934848e-02 4.9877403147493993e-01 4.6249104710349009e+01 44
1 0 1 1 2.4585507193679825e-02 1.8157466777649654e-02 1.0001973761238698e+00 6.2342790145795184e-02 4.9877477983225804e-01 4.6249146221726342e+01 44
1 0 1 1 2.4585497331007591e-02 1.8157461236577362e-02 1.0001973755215505e+00 6.2342787028655679e-02 4.9877552820252347e-01 4.6249187733845858e+01 44
