isScalarized | massIncreased | isMonotoneInside | isMonotoneOutside | mass_Baryon | mass_ADM | AST(radius) | radius  |  phi_c | rho_c | ctr |
1 0 1 1 3.2093525031860304e-02 2.4358182181213304e-02 1.0000000000035778e+00 8.5850099999999790e-02 4.2504502041574455e-03 1.7520460924304878e+01 36
1 1 1 1 3.2093787905796964e-02 2.4358289170025946e-02 1.0000000000035836e+00 8.5849724999999794e-02 4.2525603067817257e-03 1.7520751002393979e+01 38
1 1 1 1 3.2094050759215682e-02 2.4358396145654083e-02 1.0000000000035891e+00 8.5849349999999797e-02 4.2546699851376850e-03 1.7521041081230191e+01 38
1 1 1 1 3.2094313592118964e-02 2.4358503108101299e-02 1.0000000000035949e+00 8.5848974999999800e-02 4.2567792400363706e-03 1.7521331160810330e+01 38
1 1 1 1 3.2094576404508031e-02 2.4358610057367204e-02 1.0000000000036005e+00 8.5848599999999803e-02 4.2588880722919499e-03 1.7521621241131886e+01 38
1 1 1 1 3.2139562916874954e-02 2.4376845152432696e-02 1.0000000000046771e+00 8.5783974209334701e-02 4.6166457475803648e-03 1.7571620996474277e+01 36
1 1 1 1 3.2183939729746876e-02 2.4394690995883813e-02 1.0000000000059601e+00 8.5719357849343591e-02 4.9652293635608037e-03 1.7621622005080894e+01 36
1 1 1 1 3.2227722069118975e-02 2.4412156036397736e-02 1.0000000000074778e+00 8.5654737171080353e-02 5.3072562356512388e-03 1.7671623878006351e+01 37
1 1 1 1 3.2270922382689721e-02 2.4429247440962809e-02 1.0000000000092617e+00 8.5590101460532642e-02 5.6446789681133865e-03 1.7721625899409950e+01 37
1 1 1 1 3.2313551272860480e-02 2.4445971502666301e-02 1.0000000000113471e+00 8.5525441885181908e-02 5.9790002559654979e-03 1.7771627474218882e+01 37
1 1 1 1 3.2355549555680589e-02 2.4462334012124339e-02 1.0000000000137725e+00 8.5460750304198585e-02 6.3114087210173657e-03 1.7821628724075431e+01 37
1 1 1 1 3.2396963200819529e-02 2.4478340131548121e-02 1.0000000000165805e+00 8.5396019932094336e-02 6.6428598440190761e-03 1.7871629732632677e+01 37
1 1 1 1 3.2437829877432087e-02 2.4493994507461658e-02 1.0000000000198179e+00 8.5331245086092522e-02 6.9741342706647665e-03 1.7921630558719293e+01 37
1 1 1 1 3.2478155941781245e-02 2.4509301358230543e-02 1.0000000000235361e+00 8.5266420994415226e-02 7.3058784538072167e-03 1.7971631244501719e+01 37
1 1 1 1 3.2517947001600905e-02 2.4524264543369832e-02 1.0000000000277915e+00 8.5201543648030287e-02 7.6386337513820362e-03 1.8021631820729276e+01 37
1 1 1 1 3.2557208033896771e-02 2.4538887619273617e-02 1.0000000000326461e+00 8.5136609684116515e-02 7.9728577520523057e-03 1.8071632310160130e+01 37
1 1 1 1 3.2595946204440909e-02 2.4553154133822541e-02 1.0000000000381684e+00 8.5071616293002861e-02 8.3089625550178386e-03 1.8121636040548598e+01 37
1 1 1 1 3.2634160248087664e-02 2.4567046789508263e-02 1.0000000000444325e+00 8.5006574053866357e-02 8.6472354078761682e-03 1.8171636050858396e+01 37
1 1 1 1 3.2671849703162816e-02 2.4580605952164301e-02 1.0000000000515168e+00 8.4941479677451248e-02 8.9879286576178483e-03 1.8221627227796599e+01 37
1 1 1 1 3.2709035902228699e-02 2.4593840837033459e-02 1.0000000000595131e+00 8.4876300210449951e-02 9.3314562169272298e-03 1.8271633683345947e+01 37
1 1 1 1 3.2745705693298627e-02 2.4606748267820375e-02 1.0000000000685132e+00 8.4811062420061645e-02 9.6778874651652341e-03 1.8321633927836729e+01 37
1 1 1 1 3.2781866429502066e-02 2.4619332382653594e-02 1.0000000000786224e+00 8.4745757309130365e-02 1.0027452918682421e-02 1.8371634144359270e+01 37
1 1 1 1 3.2817520626023181e-02 2.4631595560836442e-02 1.0000000000899529e+00 8.4680384182263424e-02 1.0380316717722231e-02 1.8421634336835606e+01 37
1 1 1 1 3.2852624932336642e-02 2.4643540092596779e-02 1.0000000001026270e+00 8.4614942569748053e-02 1.0736622154618080e-02 1.8471634508472579e+01 37
1 1 1 1 3.2887184357851929e-02 2.4655168191519777e-02 1.0000000001167770e+00 8.4549432203739672e-02 1.1096494399687146e-02 1.8521634661904219e+01 37
1 1 1 1 3.2921243292724008e-02 2.4666482005370353e-02 1.0000000001325460e+00 8.4483852997290665e-02 1.1460042801770820e-02 1.8571634799340714e+01 37
1 1 1 1 3.2954803693459898e-02 2.4677483625495916e-02 1.0000000001500884e+00 8.4418205025875936e-02 1.1827362844580910e-02 1.8621634922649683e+01 37
1 1 1 1 3.2987867421843120e-02 2.4688175095018330e-02 1.0000000001695712e+00 8.4352488510991530e-02 1.2198537822054384e-02 1.8671635033421612e+01 37
1 1 1 1 3.3020436260324838e-02 2.4698558415965518e-02 1.0000000001911744e+00 8.4286703805532048e-02 1.2573640281656329e-02 1.8721635133024943e+01 37
1 1 1 1 3.3052511925534996e-02 2.4708635555486590e-02 1.0000000002150919e+00 8.4220851380720052e-02 1.2952733274233219e-02 1.8771635222667019e+01 37
1 1 1 1 3.3084097014031623e-02 2.4718399694522233e-02 1.0000000002415352e+00 8.4154931814467204e-02 1.3335882018570024e-02 1.8821636676531515e+01 37
1 1 1 1 3.3115194009239388e-02 2.4727819105398119e-02 1.0000000002707392e+00 8.4088951212636098e-02 1.3723142073741926e-02 1.8871640528287266e+01 37
1 1 1 1 3.3145793260265330e-02 2.4736935111744202e-02 1.0000000003029252e+00 8.4022925299513884e-02 1.4114414473691389e-02 1.8921628972231083e+01 37
1 1 1 1 3.3175916784478419e-02 2.4745755684939565e-02 1.0000000003383744e+00 8.3956810673642801e-02 1.4509996325167855e-02 1.8971635497877362e+01 37
1 1 1 1 3.3205551158234460e-02 2.4754278263870475e-02 1.0000000003773486e+00 8.3890640683931150e-02 1.4909724224900070e-02 1.9021635551293166e+01 37
1 1 1 1 3.3234701832068766e-02 2.4762505870862792e-02 1.0000000004201504e+00 8.3824407756493358e-02 1.5313673744200921e-02 1.9071635599541299e+01 37
1 1 1 1 3.3263370321195002e-02 2.4770440358923760e-02 1.0000000004670988e+00 8.3758112920647221e-02 1.5721865372383539e-02 1.9121635643147265e+01 37
1 1 1 1 3.3291558136832468e-02 2.4778083573541557e-02 1.0000000005185357e+00 8.3691757258137933e-02 1.6134315840546729e-02 1.9171635682583847e+01 37
1 1 1 1 3.3319251955679301e-02 2.4785437354322117e-02 1.0000000005748262e+00 8.3625341898202754e-02 1.6551038510973438e-02 1.9221635718278176e+01 37
1 1 1 1 3.3346406367104085e-02 2.4792503536371573e-02 1.0000000006363605e+00 8.3558868013142495e-02 1.6972043721913532e-02 1.9271635750615420e+01 37
1 1 1 1 3.3373084400824420e-02 2.4799283951474124e-02 1.0000000007035550e+00 8.3492336814346424e-02 1.7397339093085305e-02 1.9321635779928929e+01 37
1 1 1 1 3.3399287607149587e-02 2.4805780429080392e-02 1.0000000007768544e+00 8.3425749548671879e-02 1.7826929797089216e-02 1.9371635806532232e+01 37
1 1 1 1 3.3425017547107472e-02 2.4811994797125623e-02 1.0000000008567318e+00 8.3359107495250884e-02 1.8260818800037271e-02 1.9421635830694814e+01 37
1 1 1 1 3.3450275794267244e-02 2.4817928882721170e-02 1.0000000009436922e+00 8.3292411962559931e-02 1.8699007075813057e-02 1.9471635852655744e+01 37
1 1 1 1 3.3475063936279345e-02 2.4823584512711980e-02 1.0000000010382724e+00 8.3225664285781153e-02 1.9141493796851018e-02 1.9521635872640605e+01 37
1 1 1 1 3.3499383576153230e-02 2.4828963514131521e-02 1.0000000011410435e+00 8.3158865824465078e-02 1.9588276503797145e-02 1.9571635890834116e+01 37
1 1 1 1 3.3523236333355216e-02 2.4834067714572215e-02 1.0000000012526131e+00 8.3092017960345210e-02 2.0039351257420443e-02 1.9621635907413232e+01 37
1 1 1 1 3.3546625453459732e-02 2.4838877692361268e-02 1.0000000013736641e+00 8.3025122095419346e-02 2.0494741298439288e-02 1.9671639039911842e+01 37
1 1 1 1 3.3569548295036111e-02 2.4843393916785080e-02 1.0000000015048671e+00 8.2958192163323397e-02 2.0954355309809020e-02 1.9721636018884691e+01 37
1 1 1 1 3.3592009166070774e-02 2.4847640831387859e-02 1.0000000016469364e+00 8.2891217414958362e-02 2.1418239330867127e-02 1.9771632770695007e+01 37
1 1 1 1 3.3614012666347635e-02 2.4851620794985176e-02 1.0000000018006647e+00 8.2824190366810269e-02 2.1886447340363529e-02 1.9821635958485121e+01 37
1 1 1 1 3.3635556232540040e-02 2.4855334860482331e-02 1.0000000019668425e+00 8.2757125365558959e-02 2.2358880171884706e-02 1.9871635968979401e+01 37
1 1 1 1 3.3656643008618717e-02 2.4858785134607854e-02 1.0000000021463453e+00 8.2690019632377265e-02 2.2835557013306765e-02 1.9921635978553169e+01 37
1 1 1 1 3.3677274746174143e-02 2.4861973464053753e-02 1.0000000023400906e+00 8.2622874656479328e-02 2.3316466667353573e-02 1.9971635987282923e+01 37
1 1 1 1 3.3697453216820890e-02 2.4864901696726397e-02 1.0000000025490487e+00 8.2555691937780340e-02 2.3801597222026970e-02 2.0021635995239414e+01 37
1 1 1 1 3.3717180212225965e-02 2.4867571681679496e-02 1.0000000027742457e+00 8.2488472985949857e-02 2.4290936108735742e-02 2.0071636002476023e+01 37
1 1 1 1 3.3736457544103683e-02 2.4869985269033047e-02 1.0000000030167653e+00 8.2421219319496641e-02 2.4784470155377610e-02 2.0121636009057159e+01 37
1 1 1 1 3.3755231693188448e-02 2.4872144309866801e-02 1.0000000032777527e+00 8.2353932464992119e-02 2.5282185633879347e-02 2.0171636015015686e+01 37
1 1 1 1 3.3773551550698715e-02 2.4874050656113197e-02 1.0000000035584160e+00 8.2286613956237542e-02 2.5784068304409609e-02 2.0221636020411808e+01 37
1 1 1 1 3.3791427304708938e-02 2.4875706160416799e-02 1.0000000038600299e+00 8.2219265333627278e-02 2.6290103454523272e-02 2.0271636025270933e+01 37
1 1 1 1 3.3808860862328143e-02 2.4877112675999360e-02 1.0000000041839383e+00 8.2151888143415397e-02 2.6800275935995276e-02 2.0321636029637435e+01 37
1 1 1 1 3.3825854149766951e-02 2.4878272056506810e-02 1.0000000045315576e+00 8.2084483937139047e-02 2.7314570197579435e-02 2.0371636033532074e+01 37
1 1 1 1 3.3842409112114107e-02 2.4879186155853827e-02 1.0000000049043793e+00 8.2017054270979883e-02 2.7832970315841227e-02 2.0421636036994752e+01 37
1 1 1 1 3.3858527713061436e-02 2.4879856828058364e-02 1.0000000053039737e+00 8.1949600705262721e-02 2.8355460022634869e-02 2.0471636040044981e+01 37
1 1 1 1 3.3874211934624879e-02 2.4880285927069420e-02 1.0000000057319929e+00 8.1882124803898892e-02 2.8882022730966208e-02 2.0521636042705563e+01 37
1 1 1 1 3.3889463776850696e-02 2.4880475306601403e-02 1.0000000061901744e+00 8.1814628133896450e-02 2.9412641558536842e-02 2.0571636044999579e+01 37
1 0 1 1 3.3904285257493276e-02 2.4880426819946514e-02 1.0000000066803445e+00 8.1747112264897587e-02 2.9947299349427900e-02 2.0621636046946460e+01 37
1 0 1 1 3.3918678616956285e-02 2.4880137892199464e-02 1.0000000072044624e+00 8.1679578768731637e-02 3.0485985300102575e-02 2.0671636659428380e+01 37
1 0 1 1 3.3932646552309438e-02 2.4879584555017646e-02 1.0000000077647817e+00 8.1612031694307779e-02 3.1028700797671654e-02 2.0721639615926971e+01 37
1 0 1 1 3.3946187372405290e-02 2.4878799175729702e-02 1.0000000083630547e+00 8.1544484593394140e-02 3.1575285373851028e-02 2.0771631869746958e+01 37
1 0 1 1 3.3959309276196371e-02 2.4877783247895080e-02 1.0000000090017767e+00 8.1476908464458792e-02 3.2125968523010952e-02 2.0821636050034549e+01 37
1 0 1 1 3.3972010040205246e-02 2.4876538901286258e-02 1.0000000096830828e+00 8.1409326645685010e-02 3.2680555541012277e-02 2.0871636050501927e+01 36
1 0 1 1 3.3984292895587243e-02 2.4875067914986608e-02 1.0000000104094686e+00 8.1341735064537180e-02 3.3239073865504121e-02 2.0921636050701565e+01 36
1 0 1 1 3.3996159974356101e-02 2.4873372141561541e-02 1.0000000111834948e+00 8.1274135296157124e-02 3.3801504910931930e-02 2.0971636050656734e+01 36
1 0 1 1 3.4007613423391141e-02 2.4871453431565271e-02 1.0000000120078429e+00 8.1206528915326898e-02 3.4367829942708643e-02 2.1021636050372809e+01 36
1 0 1 1 3.4018655404060433e-02 2.4869313633362467e-02 1.0000000128853204e+00 8.1138917496128449e-02 3.4938030088482952e-02 2.1071636049853641e+01 36
1 0 1 1 3.4029288091842372e-02 2.4866954592947774e-02 1.0000000138188645e+00 8.1071302611628787e-02 3.5512086348682352e-02 2.1121636049118141e+01 36
1 0 1 1 3.4039513675935884e-02 2.4864378153774770e-02 1.0000000148115473e+00 8.1003685833633293e-02 3.6089979605818570e-02 2.1171636048167414e+01 36
1 0 1 1 3.4049334358873945e-02 2.4861586156573842e-02 1.0000000158665807e+00 8.0936068732372191e-02 3.6671690633836393e-02 2.1221636047010019e+01 36
1 0 1 1 3.4058752356149039e-02 2.4858580439192503e-02 1.0000000169873213e+00 8.0868452876242725e-02 3.7257200106569230e-02 2.1271636045658823e+01 36
1 0 1 1 3.4067727565339219e-02 2.4855362836411311e-02 1.0000000181772752e+00 8.0800839831570381e-02 3.7846488605445594e-02 2.1321636044109045e+01 36
1 0 1 1 3.4076297889854917e-02 2.4851935179792013e-02 1.0000000194401033e+00 8.0733231162310182e-02 3.8439536627492048e-02 2.1371636042382871e+01 36
1 0 1 1 3.4084472448727192e-02 2.4848299297498367e-02 1.0000000207796269e+00 8.0665628429874847e-02 3.9036324591662439e-02 2.1421636040470197e+01 36
1 0 1 1 3.4092253516153137e-02 2.4844457014146178e-02 1.0000000221998326e+00 8.0598033192825658e-02 3.9636832846193619e-02 2.1471636038391004e+01 36
1 0 1 1 3.4099643377139534e-02 2.4840410150636039e-02 1.0000000237048776e+00 8.0530447006715633e-02 4.0241041674153044e-02 2.1521636036138290e+01 36
1 0 1 1 3.4106644327138287e-02 2.4836160524003534e-02 1.0000000252990964e+00 8.0462871423809479e-02 4.0848931299933500e-02 2.1571636033729707e+01 36
1 0 1 1 3.4113258671650805e-02 2.4831709947258779e-02 1.0000000269870055e+00 8.0395307992930848e-02 4.1460481894194059e-02 2.1621636031157909e+01 36
1 0 1 1 3.4119488725866079e-02 2.4827060229242810e-02 1.0000000287733095e+00 8.0327758259198911e-02 4.2075673579653618e-02 2.1671636028436428e+01 36
1 0 1 1 3.4125336814274640e-02 2.4822213174471398e-02 1.0000000306629073e+00 8.0260223763873539e-02 4.2694486435634248e-02 2.1721636025566578e+01 36
1 0 1 1 3.4130805270307929e-02 2.4817170583002403e-02 1.0000000326608982e+00 8.0192706044141193e-02 4.3316900502949625e-02 2.1771636022554084e+01 36
1 0 1 1 3.4135896435956783e-02 2.4811934250279083e-02 1.0000000347725875e+00 8.0125206632937429e-02 4.3942895788215308e-02 2.1821636019399328e+01 36
1 0 1 1 3.4140612661419267e-02 2.4806505967005742e-02 1.0000000370034934e+00 8.0057727058749306e-02 4.4572452268228750e-02 2.1871636016111299e+01 36
1 0 1 1 3.4144956304727907e-02 2.4800887519001398e-02 1.0000000393593531e+00 7.9990268845460955e-02 4.5205549893774108e-02 2.1921636012693263e+01 36
1 0 1 1 3.4148929731389915e-02 2.4795080687072261e-02 1.0000000418461297e+00 7.9922833512176661e-02 4.5842168593366588e-02 2.1971636009139555e+01 35
1 0 1 1 3.4152535528550937e-02 2.4789073476059065e-02 1.0000000444707808e+00 7.9855422573019863e-02 4.6482311475802396e-02 2.2021637812322016e+01 35
1 0 1 1 3.4155775666654724e-02 2.4782870764683971e-02 1.0000000472394324e+00 7.9788044844459394e-02 4.7125884742464624e-02 2.2071635683379295e+01 35
1 0 1 1 3.4158652802872835e-02 2.4776485059715501e-02 1.0000000501585085e+00 7.9720693238262419e-02 4.7772930570058797e-02 2.2121634486224771e+01 35
1 0 1 1 3.4161169391529092e-02 2.4769917878426854e-02 1.0000000532350739e+00 7.9653366867641628e-02 4.8423452144370153e-02 2.2171635993061336e+01 35
1 0 1 1 3.4163327605251100e-02 2.4763171525736111e-02 1.0000000564760796e+00 7.9586072900949850e-02 4.9077374619932439e-02 2.2221635988937425e+01 35
1 0 1 1 3.4165129928547325e-02 2.4756247557846292e-02 1.0000000598890879e+00 7.9518810789625194e-02 4.9734697466507119e-02 2.2271635984707149e+01 35
1 0 1 1 3.4166578769517043e-02 2.4749147720699541e-02 1.0000000634818458e+00 7.9451582014065325e-02 5.0395400549159315e-02 2.2321635980373305e+01 35
1 0 1 1 3.4167676540986888e-02 2.4741873754149189e-02 1.0000000672623828e+00 7.9384388048709842e-02 5.1059463735113220e-02 2.2371635975934186e+01 35
1 0 1 1 3.4168425660190807e-02 2.4734427391863628e-02 1.0000000712390169e+00 7.9317230361893865e-02 5.1726866896345029e-02 2.2421635971394274e+01 35
1 0 1 1 3.4168828548445010e-02 2.4726810361216680e-02 1.0000000754203640e+00 7.9250110415730657e-02 5.2397589911878061e-02 2.2471635966761003e+01 35
1 0 1 1 3.4168887630831701e-02 2.4719024383198705e-02 1.0000000798153446e+00 7.9183029666003990e-02 5.3071612669832284e-02 2.2521635962030324e+01 35
1 0 1 1 3.4168605335880113e-02 2.4711071172306726e-02 1.0000000844331918e+00 7.9115989562020705e-02 5.3748915069870652e-02 2.2571635957209661e+01 35
1 0 1 1 3.4167984095258480e-02 2.4702952436462661e-02 1.0000000892834582e+00 7.9048991546519592e-02 5.4429477024939145e-02 2.2621635952294437e+01 35
1 0 1 1 3.4167026343466127e-02 2.4694669876911417e-02 1.0000000943760257e+00 7.8982037055526949e-02 5.5113278463661500e-02 2.2671635947299897e+01 35
1 0 1 1 3.4165734517533651e-02 2.4686225188145207e-02 1.0000000997211109e+00 7.8915127518302042e-02 5.5800299331590038e-02 2.2721635942214409e+01 35
1 0 1 1 3.4164111056719772e-02 2.4677620057804970e-02 1.0000001053292755e+00 7.8848264357168518e-02 5.6490519593681544e-02 2.2771635937048423e+01 35
1 0 1 1 3.4162158402218708e-02 2.4668856166604223e-02 1.0000001112114334e+00 7.8781448987455760e-02 5.7183919235595293e-02 2.2821635931802497e+01 35
1 0 1 1 3.4159877733203982e-02 2.4659935188248602e-02 1.0000001173788580e+00 7.8714682817384696e-02 5.7880478265491205e-02 2.2871635926476959e+01 35
1 0 1 1 3.4157241705453846e-02 2.4650858789355617e-02 1.0000001238431917e+00 7.8647967247967243e-02 5.8580176715687042e-02 2.2921635921075932e+01 35
1 0 1 1 3.4154284128588841e-02 2.4641628629379905e-02 1.0000001306164543e+00 7.8581303672922015e-02 5.9282994644116918e-02 2.2971635915601677e+01 35
1 0 1 1 3.4151007453374037e-02 2.4632246360543335e-02 1.0000001377110501e+00 7.8514693478583170e-02 5.9988912135840566e-02 2.3021635910056720e+01 35
1 0 1 1 3.4147414130928873e-02 2.4622713627761597e-02 1.0000001451397773e+00 7.8448138043816340e-02 6.0697909304357429e-02 2.3071635904436100e+01 35
1 0 1 1 3.4143506612460961e-02 2.4613032068570993e-02 1.0000001529158358e+00 7.8381638739907777e-02 6.1409966293372295e-02 2.3121635898755684e+01 35
1 0 1 1 3.4139287349004552e-02 2.4603203313078269e-02 1.0000001610528364e+00 7.8315196930540454e-02 6.2125063277389439e-02 2.3171635893000726e+01 35
1 0 1 1 3.4134758791152166e-02 2.4593228983879060e-02 1.0000001695648091e+00 7.8248813971641684e-02 6.2843180463836024e-02 2.3221635887186167e+01 34
1 0 1 1 3.4129923388806140e-02 2.4583110696011087e-02 1.0000001784662107e+00 7.8182491211370442e-02 6.3564298093610916e-02 2.3271635881309290e+01 34
1 0 1 1 3.4124783590920763e-02 2.4572850056886905e-02 1.0000001877719347e+00 7.8116229990014940e-02 6.4288396442566065e-02 2.3321635875371065e+01 34
1 0 1 1 3.4119341845254426e-02 2.4562448666242104e-02 1.0000001974973196e+00 7.8050031639925299e-02 6.5015455822562421e-02 2.3371635869370298e+01 34
1 0 1 1 3.4113600598125737e-02 2.4551908116077700e-02 1.0000002076581569e+00 7.7983897485434189e-02 6.5745456582779929e-02 2.3421635863318492e+01 34
1 0 1 1 3.4107562294174436e-02 2.4541229990613936e-02 1.0000002182707004e+00 7.7917828842829384e-02 6.6478379110263899e-02 2.3471635857204753e+01 34
1 0 1 1 3.4101229376119396e-02 2.4530415866231760e-02 1.0000002293516741e+00 7.7851827020236436e-02 6.7214203831613972e-02 2.3521635851041545e+01 34
1 0 1 1 3.4094604284529248e-02 2.4519467311430353e-02 1.0000002409182822e+00 7.7785893317609267e-02 6.7952911213350203e-02 2.3571635844822527e+01 34
1 0 1 1 3.4087689457594113e-02 2.4508385886780993e-02 1.0000002529882159e+00 7.7720029026632054e-02 6.8694481763357809e-02 2.3621635838555999e+01 34
1 0 1 1 3.4080487330900390e-02 2.4497173144885448e-02 1.0000002655796638e+00 7.7654235430695912e-02 6.9438896031390487e-02 2.3671635832236777e+01 34
1 0 1 1 3.4073000337205180e-02 2.4485830630327471e-02 1.0000002787113196e+00 7.7588513804814241e-02 7.0186134610331519e-02 2.3721635825871484e+01 34
1 0 1 1 3.4065230906222946e-02 2.4474359879639113e-02 1.0000002924023903e+00 7.7522865415595860e-02 7.0936178136772887e-02 2.3771635819459711e+01 34
1 0 1 1 3.4057181464409898e-02 2.4462762421259398e-02 1.0000003066726062e+00 7.7457291521184080e-02 7.1689007291949186e-02 2.3821635813001187e+01 34
1 0 1 1 3.4048854434754618e-02 2.4451039775498645e-02 1.0000003215422282e+00 7.7391793371205247e-02 7.2444602802648167e-02 2.3871635806502951e+01 34
1 0 1 1 3.4040252236573240e-02 2.4439193454509046e-02 1.0000003370320560e+00 7.7326372206745708e-02 7.3202945441660325e-02 2.3921635799957713e+01 34
1 0 1 1 3.4031377285300979e-02 2.4427224962241912e-02 1.0000003531634387e+00 7.7261029260272340e-02 7.3964016028995647e-02 2.3971635793374904e+01 34
1 0 1 1 3.4022231992301762e-02 2.4415135794430266e-02 1.0000003699582805e+00 7.7195765755628365e-02 7.4727795432153951e-02 2.4021635786750437e+01 34
1 0 1 1 3.4012818516374617e-02 2.4402914171687443e-02 1.0000003874456003e+00 7.7130582907966844e-02 7.5494290773845008e-02 2.4071637485206320e+01 34
1 0 1 1 3.4003140488547370e-02 2.4390575838121546e-02 1.0000004056407552e+00 7.7065488590815218e-02 7.6263378648041988e-02 2.4121634099171796e+01 34
1 0 1 1 3.3993198354151585e-02 2.4378120234103191e-02 1.0000004245708576e+00 7.7000470802502441e-02 7.7035195076616284e-02 2.4171635705840153e+01 34
1 0 1 1 3.3982995780696010e-02 2.4365550441238670e-02 1.0000004442577421e+00 7.6935539251509755e-02 7.7809620363391410e-02 2.4221635759734248e+01 34
1 0 1 1 3.3972534864519149e-02 2.4352867544635524e-02 1.0000004647267950e+00 7.6870693176031679e-02 7.8586658607032164e-02 2.4271635752939840e+01 34
1 0 1 1 3.3961817976357535e-02 2.4340072975319038e-02 1.0000004860034810e+00 7.6805933668334742e-02 7.9366291913216841e-02 2.4321635746117085e+01 34
1 0 1 1 3.3950847493803518e-02 2.4327168171047134e-02 1.0000005081138545e+00 7.6741261890656470e-02 8.0148501501737857e-02 2.4371635739259414e+01 34
1 0 1 1 3.3939625788906802e-02 2.4314154561098894e-02 1.0000005310845925e+00 7.6676678996329239e-02 8.0933268645330930e-02 2.4421635732375378e+01 34
1 0 1 1 3.3928155228011216e-02 2.4301033566268216e-02 1.0000005549430002e+00 7.6612186129789428e-02 8.1720574669747595e-02 2.4471635725458533e+01 34
1 0 1 1 3.3916438171592005e-02 2.4287806598848605e-02 1.0000005797170202e+00 7.6547784426520049e-02 8.2510400954781002e-02 2.4521635718519459e+01 34
1 0 1 1 3.3904476974091304e-02 2.4274475062618633e-02 1.0000006054352388e+00 7.6483475013070679e-02 8.3302728934177950e-02 2.4571635711548268e+01 34
1 0 1 1 3.3892273983763897e-02 2.4261040352835050e-02 1.0000006321268937e+00 7.6419259006990259e-02 8.4097540096769036e-02 2.4621635704554709e+01 34
1 0 1 1 3.3879831542522519e-02 2.4247503856221295e-02 1.0000006598218809e+00 7.6355137516849525e-02 8.4894815986426717e-02 2.4671635697535923e+01 33
1 0 1 1 3.3867151985785195e-02 2.4233866950958433e-02 1.0000006885507624e+00 7.6291111642202120e-02 8.5694538202793324e-02 2.4721635690493262e+01 33
1 0 1 1 3.3854237642330712e-02 2.4220131006681488e-02 1.0000007183447719e+00 7.6227182473575239e-02 8.6496688401675764e-02 2.4771635683429071e+01 33
1 0 1 1 3.3841090834151315e-02 2.4206297384470981e-02 1.0000007492358218e+00 7.6163351092460418e-02 8.7301248295409958e-02 2.4821635676342744e+01 33
1 0 1 1 3.3827713876310499e-02 2.4192367436848331e-02 1.0000007812565099e+00 7.6099618571294686e-02 8.8108199653328709e-02 2.4871635669233839e+01 33
1 0 1 1 3.3814109076809588e-02 2.4178342507778186e-02 1.0000008144401258e+00 7.6035985973445824e-02 8.8917524302289538e-02 2.4921635662109626e+01 33
1 0 1 1 3.3800278736446331e-02 2.4164223932659601e-02 1.0000008488206564e+00 7.5972454353226387e-02 8.9729204126663298e-02 2.4971635654960668e+01 33
1 0 1 1 3.3786225148686372e-02 2.4150013038327832e-02 1.0000008844327926e+00 7.5909024755843768e-02 9.0543221069393193e-02 2.5021635647802619e+01 33
1 0 1 1 3.3771950599537560e-02 2.4135711143062177e-02 1.0000009213119336e+00 7.5845698217455376e-02 9.1359557131405963e-02 2.5071635640617529e+01 33
1 0 1 1 3.3757457367411196e-02 2.4121319556571083e-02 1.0000009594941945e+00 7.5782475765083984e-02 9.2178194373116487e-02 2.5121635633424731e+01 33
1 0 1 1 3.3742747723018489e-02 2.4106839580017560e-02 1.0000009990164092e+00 7.5719358416695082e-02 9.2999114913651371e-02 2.5171635626212062e+01 33
1 0 1 1 3.3727823929227282e-02 2.4092272505997551e-02 1.0000010399161374e+00 7.5656347181131844e-02 9.3822300931992536e-02 2.5221635618986170e+01 33
1 0 1 1 3.3712688240964760e-02 2.4077619618567938e-02 1.0000010822316681e+00 7.5593443058146220e-02 9.4647734666886529e-02 2.5271635611746802e+01 33
1 0 1 1 3.3697342905090494e-02 2.4062882193236858e-02 1.0000011260020250e+00 7.5530647038388743e-02 9.5475398417293494e-02 2.5321635604496095e+01 33
1 0 1 1 3.3681790160288987e-02 2.4048061496978093e-02 1.0000011712669701e+00 7.5467960103415832e-02 9.6305274542559022e-02 2.5371635597230558e+01 33
1 0 1 1 3.3666032236960672e-02 2.4033158788235993e-02 1.0000012180670084e+00 7.5405383225675915e-02 9.7137345462996114e-02 2.5421635589959056e+01 33
1 0 1 1 3.3650071357116687e-02 2.4018175316938301e-02 1.0000012664433910e+00 7.5342917368544815e-02 9.7971593659613748e-02 2.5471635582669688e+01 33
1 0 1 1 3.3633909734269628e-02 2.4003112324498310e-02 1.0000013164381198e+00 7.5280563486278956e-02 9.8808001675175519e-02 2.5521635575377385e+01 33
1 0 1 1 3.3617549573340941e-02 2.3987971043834381e-02 1.0000013680939492e+00 7.5218322524080450e-02 9.9646552113604875e-02 2.5571635568072871e+01 33
1 0 1 1 3.3600993070557729e-02 2.3972752699376838e-02 1.0000014214543902e+00 7.5156195418056904e-02 1.0048722764088372e-01 2.5621635560761398e+01 33
1 0 1 1 3.3584242413355621e-02 2.3957458507077648e-02 1.0000014765637126e+00 7.5094183095254174e-02 1.0133001098492901e-01 2.5671635553441476e+01 33
1 0 1 1 3.3567299780291708e-02 2.3942089674432419e-02 1.0000015334669474e+00 7.5032286473652676e-02 1.0217488493601552e-01 2.5721635546115710e+01 33
1 0 1 1 3.3550167340949594e-02 2.3926647400486636e-02 1.0000015922098895e+00 7.4970506462185726e-02 1.0302183234688168e-01 2.5771635538784590e+01 33
1 0 1 1 3.3532847255852330e-02 2.3911132875853568e-02 1.0000016528390978e+00 7.4908843960748178e-02 1.0387083613295391e-01 2.5821635531446827e+01 33
1 0 1 1 3.3515341676377666e-02 2.3895547282730068e-02 1.0000017154018990e+00 7.4847299860201860e-02 1.0472187927263596e-01 2.5871635524104370e+01 33
1 0 1 1 3.3497652744674825e-02 2.3879891794913104e-02 1.0000017799463865e+00 7.4785875042394034e-02 1.0557494480743870e-01 2.5921635516758524e+01 33
1 0 1 1 3.3479778694768147e-02 2.3864167577816949e-02 1.0000018465214227e+00 7.4724570380171662e-02 1.0643001584213235e-01 2.5971635509407822e+01 33
1 0 1 1 3.3461719928989109e-02 2.3848375788492041e-02 1.0000019151766386e+00 7.4663386737388149e-02 1.0728707554509409e-01 2.6021635502057730e+01 33
1 0 1 1 3.3443484453985324e-02 2.3832517575640769e-02 1.0000019859624345e+00 7.4602324968937317e-02 1.0814610714813315e-01 2.6071635494700622e+01 33
1 0 1 1 3.3425074372773665e-02 2.3816594079642001e-02 1.0000020589299790e+00 7.4541385920737391e-02 1.0900709394718358e-01 2.6121635487345870e+01 33
1 0 1 1 3.3406491778713174e-02 2.3800606432565052e-02 1.0000021341312091e+00 7.4480570429784509e-02 1.0987001930192027e-01 2.6171635479989213e+01 33
1 0 1 1 3.3387738755438948e-02 2.3784555758197240e-02 1.0000022116188287e+00 7.4419879324146843e-02 1.1073486663624334e-01 2.6221635472631259e+01 33
1 0 1 1 3.3368817376794646e-02 2.3768443172059499e-02 1.0000022914463078e+00 7.4359313422988127e-02 1.1160161943833524e-01 2.6271635465272968e+01 33
1 0 1 1 3.3349729706770512e-02 2.3752269781429563e-02 1.0000023736678803e+00 7.4298873536587540e-02 1.1247026126085154e-01 2.6321635457918671e+01 32
1 0 1 1 3.3330477799449122e-02 2.3736036685371609e-02 1.0000024583385421e+00 7.4238560466372505e-02 1.1334077572080493e-01 2.6371635450561680e+01 32
1 0 1 1 3.3311063698935439e-02 2.3719744974747350e-02 1.0000025455140484e+00 7.4178375004912755e-02 1.1421314650014038e-01 2.6421635443210608e+01 32
1 0 1 1 3.3291489439311477e-02 2.3703395732251442e-02 1.0000026352509115e+00 7.4118317935975342e-02 1.1508735734526453e-01 2.6471635435855340e+01 32
1 0 1 1 3.3271757044569583e-02 2.3686990032422788e-02 1.0000027276063965e+00 7.4058390034503929e-02 1.1596339206794649e-01 2.6521635428512631e+01 32
1 0 1 1 3.3251868528583653e-02 2.3670528941691946e-02 1.0000028226385185e+00 7.3998592066705504e-02 1.1684123454434633e-01 2.6571635421164117e+01 32
1 0 1 1 3.3231825895026323e-02 2.3654013518376534e-02 1.0000029204060379e+00 7.3938924789998306e-02 1.1772086871629529e-01 2.6621635413824386e+01 32
1 0 1 1 3.3211631137349464e-02 2.3637444812732351e-02 1.0000030209684565e+00 7.3879388953098701e-02 1.1860227859046998e-01 2.6671635406488313e+01 32
1 0 1 1 3.3191286238725984e-02 2.3620823866970331e-02 1.0000031243860117e+00 7.3819985296015245e-02 1.1948544823892381e-01 2.6721635399156341e+01 32
1 0 1 1 3.3170793172005456e-02 2.3604151715281532e-02 1.0000032307196725e+00 7.3760714550080153e-02 1.2037036179911087e-01 2.6771635391831623e+01 32
1 0 1 1 3.3150153899673546e-02 2.3587429383866765e-02 1.0000033400311323e+00 7.3701577437984528e-02 1.2125700347376421e-01 2.6821635384508841e+01 32
1 0 1 1 3.3129370373810321e-02 2.3570657890963770e-02 1.0000034523828039e+00 7.3642574673784045e-02 1.2214535753135279e-01 2.6871635377195936e+01 32
1 0 1 1 3.3108444536059045e-02 2.3553838246881509e-02 1.0000035678378114e+00 7.3583706962955520e-02 1.2303540830569851e-01 2.6921635369889056e+01 32
1 0 1 1 3.3087378317580629e-02 2.3536971454019565e-02 1.0000036864599855e+00 7.3524975002405263e-02 1.2392714019632264e-01 2.6971635362589112e+01 32
1 0 1 1 3.3066173639024400e-02 2.3520058506904355e-02 1.0000038083138529e+00 7.3466379480503829e-02 1.2482053766840810e-01 2.7021635355296365e+01 32
1 0 1 1 3.3044832410491491e-02 2.3503100392214062e-02 1.0000039334646316e+00 7.3407921077114135e-02 1.2571558525283116e-01 2.7071635348009853e+01 32
1 0 1 1 3.3023356531507543e-02 2.3486098088813405e-02 1.0000040619782198e+00 7.3349600463616160e-02 1.2661226754636332e-01 2.7121635340736013e+01 32
1 0 1 1 3.3001747890994457e-02 2.3469052567782492e-02 1.0000041939211886e+00 7.3291418302958156e-02 1.2751056921134155e-01 2.7171635333468735e+01 32
1 0 1 1 3.2980008367237496e-02 2.3451964792445493e-02 1.0000043293607719e+00 7.3233375249662669e-02 1.2841047497606234e-01 2.7221635326209242e+01 32
1 0 1 1 3.2958139827860999e-02 2.3434835718400899e-02 1.0000044683648575e+00 7.3175471949865900e-02 1.2931196963474872e-01 2.7271635318963067e+01 32
1 0 1 1 3.2936144129810906e-02 2.3417666293561012e-02 1.0000046110019758e+00 7.3117709041364776e-02 1.3021503804726439e-01 2.7321635311722652e+01 32
1 0 1 1 3.2914023119322074e-02 2.3400457458174807e-02 1.0000047573412898e+00 7.3060087153620223e-02 1.3111966513964204e-01 2.7371635304495861e+01 32
1 0 1 1 3.2891778631904366e-02 2.3383210144863751e-02 1.0000049074525841e+00 7.3002606907820233e-02 1.3202583590359662e-01 2.7421635297278705e+01 32
1 0 1 1 3.2869412492321830e-02 2.3365925278656028e-02 1.0000050614062523e+00 7.2945268916893180e-02 1.3293353539686109e-01 2.7471635290073021e+01 32
1 0 1 1 3.2846926514571828e-02 2.3348603777014604e-02 1.0000052192732862e+00 7.2888073785550345e-02 1.3384274874300603e-01 2.7521635282876858e+01 32
1 0 1 1 3.2824322501874115e-02 2.3331246549877088e-02 1.0000053811252620e+00 7.2831022110311033e-02 1.3475346113167497e-01 2.7571635275696938e+01 32
1 0 1 1 3.2801602246652822e-02 2.3313854499682481e-02 1.0000055470343281e+00 7.2774114479559227e-02 1.3566565781811202e-01 2.7621635268523956e+01 32
1 0 1 1 3.2778767530522862e-02 2.3296428521408220e-02 1.0000057170731913e+00 7.2717351473543246e-02 1.3657932412384272e-01 2.7671635261369701e+01 32
1 0 1 1 3.2755820124284220e-02 2.3278969502608025e-02 1.0000058913151026e+00 7.2660733664455274e-02 1.3749444543579786e-01 2.7721635254220264e+01 32
1 0 1 1 3.2732761787895935e-02 2.3261478323431180e-02 1.0000060698338431e+00 7.2604261616412619e-02 1.3841100720733013e-01 2.7771635247092973e+01 32
1 0 1 1 3.2709594270493171e-02 2.3243955856681334e-02 1.0000062527037088e+00 7.2547935885558634e-02 1.3932899495699447e-01 2.7821635239970462e+01 32
1 0 1 1 3.2686319310349619e-02 2.3226402967823665e-02 1.0000064399994952e+00 7.2491757020030079e-02 1.4024839426979610e-01 2.7871635232870954e+01 32
1 0 1 1 3.2662938634901176e-02 2.3208820515044540e-02 1.0000066317964813e+00 7.2435725560064612e-02 1.4116919079585860e-01 2.7921635225777131e+01 32
1 0 1 1 3.2639453960715402e-02 2.3191209349268258e-02 1.0000068281704133e+00 7.2379842037968684e-02 1.4209137025163313e-01 2.7971635218703661e+01 32
1 0 1 1 3.2615866993507658e-02 2.3173570314204792e-02 1.0000070291974879e+00 7.2324106978213565e-02 1.4301491841879943e-01 2.8021635211640078e+01 32
1 0 1 1 3.2592179428122391e-02 2.3155904246371845e-02 1.0000072349543343e+00 7.2268520897427552e-02 1.4393982114507251e-01 2.8071635204597065e+01 32
1 0 1 1 3.2568392948553064e-02 2.3138211975150421e-02 1.0000074455179975e+00 7.2213084304475511e-02 1.4486606434341689e-01 2.8121635197565723e+01 32
1 0 1 1 3.2544509227922548e-02 2.3120494322801152e-02 1.0000076609659188e+00 7.2157797700461157e-02 1.4579363399256942e-01 2.8171635190549470e+01 31
1 0 1 1 3.2520529928491644e-02 2.3102752104506200e-02 1.0000078813759172e+00 7.2102661578782146e-02 1.4672251613676177e-01 2.8221635183551928e+01 31
1 0 1 1 3.2496456701671256e-02 2.3084986128415266e-02 1.0000081068261715e+00 7.2047676425176010e-02 1.4765269688550250e-01 2.8271635176567727e+01 31
1 0 1 1 3.2472291188010982e-02 2.3067197195666467e-02 1.0000083373951980e+00 7.1992842717740063e-02 1.4858416241384992e-01 2.8321635169601386e+01 31
1 0 1 1 3.2448035017217852e-02 2.3049386100434617e-02 1.0000085731618327e+00 7.1938160926988182e-02 1.4951689896211301e-01 2.8371635162654403e+01 31
1 0 1 1 3.2423689808158351e-02 2.3031553629964591e-02 1.0000088142052095e+00 7.1883631515891278e-02 1.5045089283560353e-01 2.8421635155715730e+01 31
1 0 1 1 3.2399257168855868e-02 2.3013700564599993e-02 1.0000090606047387e+00 7.1829254939881598e-02 1.5138613040540802e-01 2.8471635148807163e+01 31
1 0 1 1 3.2374738696527100e-02 2.2995827677840211e-02 1.0000093124400860e+00 7.1775031646966303e-02 1.5232259810683238e-01 2.8521635141904230e+01 31
1 0 1 1 3.2350135977553568e-02 2.2977935736349864e-02 1.0000095697911502e+00 7.1720962077677752e-02 1.5326028244097645e-01 2.8571635135024589e+01 31
1 0 1 1 3.2325450587524861e-02 2.2960025500018452e-02 1.0000098327380407e+00 7.1667046665184919e-02 1.5419916997342187e-01 2.8621635128162595e+01 31
1 0 1 1 3.2300684091237916e-02 2.2942097721989654e-02 1.0000101013610538e+00 7.1613285835302076e-02 1.5513924733469409e-01 2.8671635121318229e+01 31
1 0 1 1 3.2275838042706992e-02 2.2924153148694327e-02 1.0000103757406502e+00 7.1559680006535120e-02 1.5608050122004488e-01 2.8721635114490933e+01 31
1 0 1 1 3.2250913985183288e-02 2.2906192519894612e-02 1.0000106559574300e+00 7.1506229590119735e-02 1.5702291838944871e-01 2.8771635107683640e+01 31
1 0 1 1 3.2225913451169430e-02 2.2888216568717572e-02 1.0000109420921093e+00 7.1452934990070854e-02 1.5796648566739474e-01 2.8821635100897570e+01 31
1 0 1 1 3.2200837962437952e-02 2.2870226021698584e-02 1.0000112342254943e+00 7.1399796603225874e-02 1.5891118994261699e-01 2.8871635094122496e+01 31
1 0 1 1 3.2175689030033795e-02 2.2852221598804241e-02 1.0000115324384569e+00 7.1346814819254339e-02 1.5985701816875808e-01 2.8921635087378039e+01 31
1 0 1 1 3.2150468154318441e-02 2.2834204013490816e-02 1.0000118368119078e+00 7.1293990020764170e-02 1.6080395736290515e-01 2.8971635080641505e+01 31
1 0 1 1 3.2125176824958947e-02 2.2816173972721922e-02 1.0000121474267716e+00 7.1241322583262157e-02 1.6175199460711595e-01 2.9021635073933929e+01 31
1 0 1 1 3.2099816520976612e-02 2.2798132177024019e-02 1.0000124643639592e+00 7.1188812875274121e-02 1.6270111704679904e-01 2.9071635067241093e+01 31
1 0 1 1 3.2074388710742086e-02 2.2780079320506883e-02 1.0000127877043410e+00 7.1136461258329231e-02 1.6365131189162860e-01 2.9121635060567623e+01 31
1 0 1 1 3.2048894852014148e-02 2.2762016090916215e-02 1.0000131175287192e+00 7.1084268087026059e-02 1.6460256641511947e-01 2.9171635053920216e+01 31
1 0 1 1 3.2023336391959499e-02 2.2743943169665236e-02 1.0000134539178005e+00 7.1032233709089898e-02 1.6555486795408519e-01 2.9221635047286398e+01 31
1 0 1 1 3.1997714767165376e-02 2.2725861231868767e-02 1.0000137969521663e+00 7.0980358465375037e-02 1.6650820390933960e-01 2.9271635040677051e+01 31
1 0 1 1 3.1972031403677298e-02 2.2707770946389167e-02 1.0000141467122461e+00 7.0928642689946780e-02 1.6746256174479382e-01 2.9321635034085975e+01 31
1 0 1 1 3.1946287717012557e-02 2.2689672975866205e-02 1.0000145032782857e+00 7.0877086710097126e-02 1.6841792898786898e-01 2.9371635027518284e+01 31
1 0 1 1 3.1920485112196209e-02 2.2671567976762140e-02 1.0000148667303201e+00 7.0825690846406775e-02 1.6937429322902042e-01 2.9421635020972261e+01 31
1 0 1 1 3.1894624983783613e-02 2.2653456599399480e-02 1.0000152371481421e+00 7.0774455412779602e-02 1.7033164212168250e-01 2.9471635014442992e+01 31
1 0 1 1 3.1868708715876354e-02 2.2635339487985292e-02 1.0000156146112715e+00 7.0723380716472412e-02 1.7128996338246219e-01 2.9521635007940834e+01 31
1 0 1 1 3.1842737682172481e-02 2.2617217280671426e-02 1.0000159991989259e+00 7.0672467058169791e-02 1.7224924479032205e-01 2.9571635001454514e+01 31
1 0 1 1 3.1816713245972641e-02 2.2599090609573123e-02 1.0000163909899882e+00 7.0621714731987417e-02 1.7320947418726362e-01 2.9621634994994889e+01 31
1 0 1 1 3.1790636760227316e-02 2.2580960100819423e-02 1.0000167900629755e+00 7.0571124025553628e-02 1.7417063947742031e-01 2.9671634988555162e+01 31
1 0 1 1 3.1764509567552286e-02 2.2562826374581312e-02 1.0000171964960078e+00 7.0520695220025242e-02 1.7513272862739007e-01 2.9721634982135814e+01 31
1 0 1 1 3.1738333000267023e-02 2.2544690045116181e-02 1.0000176103667748e+00 7.0470428590136802e-02 1.7609572966602927e-01 2.9771634975741065e+01 31
1 0 1 1 3.1712108380427956e-02 2.2526551720805987e-02 1.0000180317525036e+00 7.0420324404254053e-02 1.7705963068410852e-01 2.9821634969369260e+01 31
1 0 1 1 3.1685837019855528e-02 2.2508412004191732e-02 1.0000184607299263e+00 7.0370382924410058e-02 1.7802441983421388e-01 2.9871634963015527e+01 31
1 0 1 1 3.1659520220162940e-02 2.2490271492008246e-02 1.0000188973752460e+00 7.0320604406335641e-02 1.7899008533093297e-01 2.9921634956689484e+01 31
1 0 1 1 3.1633159272803059e-02 2.2472130775232191e-02 1.0000193417641039e+00 7.0270989099531611e-02 1.7995661545012820e-01 2.9971634950385685e+01 31
1 0 1 1 3.1606755459089461e-02 2.2453990439111109e-02 1.0000197939715447e+00 7.0221537247290911e-02 1.8092399852905119e-01 3.0021634944097627e+01 31
1 0 1 1 3.1580310050225782e-02 2.2435851063196011e-02 1.0000202540719831e+00 7.0172249086727256e-02 1.8189222296665897e-01 3.0071634937842802e+01 31
1 0 1 1 3.1553824307368153e-02 2.2417713221401216e-02 1.0000207221391684e+00 7.0123124848869345e-02 1.8286127722236603e-01 3.0121634931605843e+01 31
1 0 1 1 3.1527299481626830e-02 2.2399577482014495e-02 1.0000211982461502e+00 7.0074164758651136e-02 1.8383114981685800e-01 3.0171634925390151e+01 30
1 0 1 1 3.1500736814118489e-02 2.2381444407749244e-02 1.0000216824652441e+00 7.0025369034974860e-02 1.8480182933161030e-01 3.0221634919200731e+01 30
1 0 1 1 3.1474137536005913e-02 2.2363314555782065e-02 1.0000221748679947e+00 6.9976737890763419e-02 1.8577330440856299e-01 3.0271634913036596e+01 30
1 0 1 1 3.1447502868530951e-02 2.2345188477788987e-02 1.0000226755251407e+00 6.9928271532998409e-02 1.8674556374994541e-01 3.0321634906890242e+01 30
1 0 1 1 3.1420834023040509e-02 2.2327066719972595e-02 1.0000231845065799e+00 6.9879970162743887e-02 1.8771859611854758e-01 3.0371634900770953e+01 30
1 0 1 1 3.1394132201042917e-02 2.2308949823113978e-02 1.0000237018813316e+00 6.9831833975217972e-02 1.8869239033702703e-01 3.0421634894677670e+01 30
1 0 1 1 3.1367398594241501e-02 2.2290838322606615e-02 1.0000242277175009e+00 6.9783863159826764e-02 1.8966693528786865e-01 3.0471634888605788e+01 30
1 0 1 1 3.1340634384561569e-02 2.2272732748482585e-02 1.0000247620822429e+00 6.9736057900197101e-02 1.9064221991332722e-01 3.0521634882554224e+01 30
1 0 1 1 3.1313840417442500e-02 2.2254633625459763e-02 1.0000253050417243e+00 6.9688418374218353e-02 1.9161823321544735e-01 3.0571634876534343e+01 30
1 0 1 1 3.1287012013999055e-02 2.2236541472977361e-02 1.0000258566610880e+00 6.9640944754115142e-02 1.9259496425510508e-01 3.0621634870531569e+01 30
1 0 1 1 3.1260156427491567e-02 2.2218456805228399e-02 1.0000264170044146e+00 6.9593637206444764e-02 1.9357240215290011e-01 3.0671634864558918e+01 30
1 0 1 1 3.1233274803131289e-02 2.2200380131201833e-02 1.0000269861346864e+00 6.9546495892184090e-02 1.9455053608794090e-01 3.0721634858605519e+01 30
1 0 1 1 3.1206368276533576e-02 2.2182311954713554e-02 1.0000275641137488e+00 6.9499520966734341e-02 1.9552935529850909e-01 3.0771634852679000e+01 30
1 0 1 1 3.1179437973768348e-02 2.2164252774444504e-02 1.0000281510022733e+00 6.9452712579990805e-02 1.9650884908127125e-01 3.0821634846775829e+01 30
1 0 1 1 3.1152485011399472e-02 2.2146203083979861e-02 1.0000287468597189e+00 6.9406070876370352e-02 1.9748900679153353e-01 3.0871634840902964e+01 30
1 0 1 1 3.1125510496533199e-02 2.2128163371847899e-02 1.0000293517442953e+00 6.9359595994875400e-02 1.9846981784236123e-01 3.0921634835042955e+01 30
1 0 1 1 3.1098515526833573e-02 2.2110134121537475e-02 1.0000299657129246e+00 6.9313288069086210e-02 1.9945127170565391e-01 3.0971634829218836e+01 30
1 0 1 1 3.1071501190603357e-02 2.2092115811560255e-02 1.0000305888212027e+00 6.9267147227272841e-02 2.0043335791036826e-01 3.1021634823413095e+01 30
1 0 1 1 3.1044468566796216e-02 2.2074108915468758e-02 1.0000312211233611e+00 6.9221173592377366e-02 2.0141606604365206e-01 3.1071634817634749e+01 30
1 0 1 1 3.1017418725076008e-02 2.2056113901899019e-02 1.0000318626722295e+00 6.9175367282091171e-02 2.0239938574991076e-01 3.1121634811882597e+01 30
1 0 1 1 3.0990352725853980e-02 2.2038131234604155e-02 1.0000325135191965e+00 6.9129728408887592e-02 2.0338330673071181e-01 3.1171634806149964e+01 30
1 0 1 1 3.0963271620326187e-02 2.2020161372485803e-02 1.0000331737141723e+00 6.9084257080047701e-02 2.0436781874505980e-01 3.1221634800448562e+01 30
1 0 1 1 3.0936176450535119e-02 2.2002204769641924e-02 1.0000338433055491e+00 6.9038953397735137e-02 2.0535291160835473e-01 3.1271634794765447e+01 30
1 0 1 1 3.0909068249388411e-02 2.1984261875382771e-02 1.0000345223401639e+00 6.8993817458997464e-02 2.0633857519321866e-01 3.1321634789115883e+01 30
1 0 1 1 3.0881948040734727e-02 2.1966333134290604e-02 1.0000352108632593e+00 6.8948849355854769e-02 2.0732479942817306e-01 3.1371634783485224e+01 30
1 0 1 1 3.0854816839375566e-02 2.1948418986228839e-02 1.0000359089184458e+00 6.8904049175295079e-02 2.0831157429843061e-01 3.1421634777880367e+01 30
1 0 1 1 3.0827675651131255e-02 2.1930519866395305e-02 1.0000366165476633e+00 6.8859416999341921e-02 2.0929888984515865e-01 3.1471634772301616e+01 30
1 0 1 1 3.0800525472877666e-02 2.1912636205347273e-02 1.0000373337911428e+00 6.8814952905090432e-02 2.1028673616535959e-01 3.1521634766747820e+01 30
1 0 1 1 3.0773367292593282e-02 2.1894768429040260e-02 1.0000380606873680e+00 6.8770656964745880e-02 2.1127510341175801e-01 3.1571634761220256e+01 30
1 0 1 1 3.0746202089407135e-02 2.1876916958863644e-02 1.0000387972730380e+00 6.8726529245668633e-02 2.1226398179249603e-01 3.1621634755717601e+01 30
1 0 1 1 3.0719030833639565e-02 2.1859082211670235e-02 1.0000395435830289e+00 6.8682569810411015e-02 2.1325336157104435e-01 3.1671634750242276e+01 30
1 0 1 1 3.0691854486852573e-02 2.1841264599815023e-02 1.0000402996503557e+00 6.8638778716765159e-02 2.1424323306565862e-01 3.1721634744782794e+01 30
1 0 1 1 3.0664674001877976e-02 2.1823464531176732e-02 1.0000410655061358e+00 6.8595156017772829e-02 2.1523358665010484e-01 3.1771634739361200e+01 30
1 0 1 1 3.0637490322902101e-02 2.1805682409218777e-02 1.0000418411795495e+00 6.8551701761825290e-02 2.1622441275199175e-01 3.1821634733958600e+01 30
1 0 1 1 3.0610304385469495e-02 2.1787918632991281e-02 1.0000426266978053e+00 6.8508415992645566e-02 2.1721570185386116e-01 3.1871634728581910e+01 30
1 0 1 1 3.0583117116554728e-02 2.1770173597185836e-02 1.0000434220861005e+00 6.8465298749357528e-02 2.1820744449234863e-01 3.1921634723230486e+01 30
1 0 1 1 3.0555929434598991e-02 2.1752447692158939e-02 1.0000442273675860e+00 6.8422350066518395e-02 2.1919963125811742e-01 3.1971634717904426e+01 30
1 0 1 1 3.0528742249559333e-02 2.1734741303969480e-02 1.0000450425633283e+00 6.8379569974159171e-02 2.2019225279567936e-01 3.2021634712605312e+01 30
1 0 1 1 3.0501556462956832e-02 2.1717054814411257e-02 1.0000458676922745e+00 6.8336958497827949e-02 2.2118529980300300e-01 3.2071634707327298e+01 30
1 0 1 1 3.0474372967913849e-02 2.1699388601040183e-02 1.0000467027712154e+00 6.8294515658614219e-02 2.2217876303174894e-01 3.2121634702079433e+01 30
1 0 1 1 3.0447192649216664e-02 2.1681743037217573e-02 1.0000475478147499e+00 6.8252241473212544e-02 2.2317263328648135e-01 3.2171634696856408e+01 30
1 0 1 1 3.0420016383351480e-02 2.1664118492135384e-02 1.0000484028352501e+00 6.8210135953944262e-02 2.2416690142483600e-01 3.2221634691657592e+01 30
1 0 1 1 3.0392845038549787e-02 2.1646515330846869e-02 1.0000492678428250e+00 6.8168199108798677e-02 2.2516155835711468e-01 3.2271634686477334e+01 30
1 0 1 1 3.0365679474831823e-02 2.1628933914299372e-02 1.0000501428452879e+00 6.8126430941457206e-02 2.2615659504669838e-01 3.2321634681335496e+01 29
1 0 1 1 3.0338520544079511e-02 2.1611374599378775e-02 1.0000510278481196e+00 6.8084831451380667e-02 2.2715200250851147e-01 3.2371634676212032e+01 29
1 0 1 1 3.0311369090049920e-02 2.1593837738923548e-02 1.0000519228544364e+00 6.8043400633791523e-02 2.2814777181005774e-01 3.2421634671108393e+01 29
1 0 1 1 3.0284225948431536e-02 2.1576323681760622e-02 1.0000528278649561e+00 6.8002138479726637e-02 2.2914389407103505e-01 3.2471634666039265e+01 29
1 0 1 1 3.0257091946910376e-02 2.1558832772748792e-02 1.0000537428779650e+00 6.7961044976105944e-02 2.3014036046230410e-01 3.2521634660991381e+01 29
1 0 1 1 3.0229967905193920e-02 2.1541365352796205e-02 1.0000546678892852e+00 6.7920120105732562e-02 2.3113716220651664e-01 3.2571634655965120e+01 29
1 0 1 1 3.0202854635063798e-02 2.1523921758895514e-02 1.0000556028922429e+00 6.7879363847338864e-02 2.3213429057783302e-01 3.2621634650970911e+01 29
1 0 1 1 3.0175752940436062e-02 2.1506502324161254e-02 1.0000565478776371e+00 6.7838776175646098e-02 2.3313173690107630e-01 3.2671634645997699e+01 29
1 0 1 1 3.0148663617389736e-02 2.1489107377850925e-02 1.0000575028337082e+00 6.7798357061371578e-02 2.3412949255218318e-01 3.2721634641045362e+01 29
1 0 1 1 3.0121587454218595e-02 2.1471737245398300e-02 1.0000584677461086e+00 6.7758106471270840e-02 2.3512754895807453e-01 3.2771634636128859e+01 29
1 0 1 1 3.0094525231495750e-02 2.1454392248453042e-02 1.0000594425978717e+00 6.7718024368207175e-02 2.3612589759531993e-01 3.2821634631222189e+01 29
1 0 1 1 3.0067477722082972e-02 2.1437072704889940e-02 1.0000604273693845e+00 6.7678110711122064e-02 2.3712452999197009e-01 3.2871634626359672e+01 29
1 0 1 1 3.0040445691233666e-02 2.1419778928873010e-02 1.0000614220383568e+00 6.7638365455162497e-02 2.3812343772460309e-01 3.2921634621498882e+01 29
1 0 1 1 3.0013429896565618e-02 2.1402511230838285e-02 1.0000624265797968e+00 6.7598788551603395e-02 2.3912261242138619e-01 3.2971634616684248e+01 29
1 0 1 1 2.9986431088188627e-02 2.1385269917574855e-02 1.0000634409659805e+00 6.7559379948004872e-02 2.4012204575843354e-01 3.3021634611874944e+01 29
1 0 1 1 2.9959450008674945e-02 2.1368055292206249e-02 1.0000644651664286e+00 6.7520139588132466e-02 2.4112172946279153e-01 3.3071634607104421e+01 29
1 0 1 1 2.9932487393170892e-02 2.1350867654261294e-02 1.0000654991478781e+00 6.7481067412088536e-02 2.4212165530972016e-01 3.3121634602354554e+01 29
1 0 1 1 2.9905543969403297e-02 2.1333707299676947e-02 1.0000665428742597e+00 6.7442163356289331e-02 2.4312181512383868e-01 3.3171634597623260e+01 29
1 0 1 1 2.9878619977491982e-02 2.1316570056796210e-02 1.0000675967949935e+00 6.7403427353506268e-02 2.4412221854472702e-01 3.3221635426573449e+01 29
1 0 1 1 2.9851717753702090e-02 2.1299459617122062e-02 1.0000686605572238e+00 6.7364861269030518e-02 2.4512279716358329e-01 3.3271634102948305e+01 29
1 0 1 1 2.9824836084042915e-02 2.1282376838458131e-02 1.0000697339934996e+00 6.7326461975821261e-02 2.4612361436437236e-01 3.3321634218436799e+01 29
1 0 1 1 2.9797976310179570e-02 2.1265322412737396e-02 1.0000708170314694e+00 6.7288230321434939e-02 2.4712463827291398e-01 3.3371634578804880e+01 29
1 0 1 1 2.9771139450994789e-02 2.1248296826914724e-02 1.0000719096077670e+00 6.7250166690000501e-02 2.4812584874653781e-01 3.3421634574205342e+01 29
1 0 1 1 2.9744325994561002e-02 2.1231300232014288e-02 1.0000730116771994e+00 6.7212270716790923e-02 2.4912724520697932e-01 3.3471634569626055e+01 29
1 0 1 1 2.9717536618014569e-02 2.1214332900259581e-02 1.0000741231837416e+00 6.7174542313338886e-02 2.5012881981703600e-01 3.3521634565060936e+01 29
1 0 1 1 2.9690771991441642e-02 2.1197395100499391e-02 1.0000752440683902e+00 6.7136981387761252e-02 2.5113056478752899e-01 3.3571634560532814e+01 29
1 0 1 1 2.9664032777956709e-02 2.1180487098253577e-02 1.0000763742691459e+00 6.7099587844840880e-02 2.5213247237560510e-01 3.3621634556019039e+01 29
1 0 1 1 2.9637319633708439e-02 2.1163609155717689e-02 1.0000775137209974e+00 6.7062361586001096e-02 2.5313453488606530e-01 3.3671634551526680e+01 29
1 0 1 1 2.9610633207943413e-02 2.1146761531800711e-02 1.0000786623559081e+00 6.7025302509364199e-02 2.5413674467057301e-01 3.3721634547062962e+01 29
1 0 1 1 2.9583974143059268e-02 2.1129944482156684e-02 1.0000798201028009e+00 6.6988410509792901e-02 2.5513909412719804e-01 3.3771634542621918e+01 29
1 0 1 1 2.9557343074637695e-02 2.1113158259203731e-02 1.0000809868875455e+00 6.6951685478907674e-02 2.5614157570046148e-01 3.3821634538196207e+01 29
1 0 1 1 2.9530740631483303e-02 2.1096403112148415e-02 1.0000821626329488e+00 6.6915127305106153e-02 2.5714418188165566e-01 3.3871634533801931e+01 29
1 0 1 1 2.9504167435691748e-02 2.1079679287023749e-02 1.0000833472587420e+00 6.6878735873629747e-02 2.5814690520739408e-01 3.3921634529416231e+01 29
1 0 1 1 2.9477624102656409e-02 2.1062987026694548e-02 1.0000845406815742e+00 6.6842511066538990e-02 2.5914973826129939e-01 3.3971634525070094e+01 29
1 0 1 1 2.9451111241165367e-02 2.1046326570913789e-02 1.0000857428150016e+00 6.6806452762818436e-02 2.6015267367148870e-01 3.4021634520732619e+01 29
1 0 1 1 2.9424629453390416e-02 2.1029698156315332e-02 1.0000869535694832e+00 6.6770560838329940e-02 2.6115570411259864e-01 3.4071634516420566e+01 29
1 0 1 1 2.9398179334968601e-02 2.1013102016462983e-02 1.0000881728523741e+00 6.6734835165891793e-02 2.6215882230419713e-01 3.4121634512127976e+01 29
1 0 1 1 2.9371761475026795e-02 2.0996538381862120e-02 1.0000894005679219e+00 6.6699275615286213e-02 2.6316202101133923e-01 3.4171634507863537e+01 29
1 0 1 1 2.9345376456244635e-02 2.0980007479998574e-02 1.0000906366172631e+00 6.6663882053309975e-02 2.6416529304354192e-01 3.4221634503607362e+01 29
1 0 1 1 2.9319024854862541e-02 2.0963509535339722e-02 1.0000918808984223e+00 6.6628654343759752e-02 2.6516863125598111e-01 3.4271634499380070e+01 29
1 0 1 1 2.9292707240764795e-02 2.0947044769386022e-02 1.0000931333063110e+00 6.6593592347509778e-02 2.6617202854799216e-01 3.4321634495175978e+01 29
1 0 1 1 2.9266424177505128e-02 2.0930613400683123e-02 1.0000943937327300e+00 6.6558695922519118e-02 2.6717547786328577e-01 3.4371634490982686e+01 29
1 0 1 1 2.9240176222334192e-02 2.0914215644836608e-02 1.0000956620663712e+00 6.6523964923839718e-02 2.6817897219056636e-01 3.4421634486820544e+01 29
1 0 1 1 2.9213963926278303e-02 2.0897851714559535e-02 1.0000969381928206e+00 6.6489399203688765e-02 2.6918250456181608e-01 3.4471634482664761e+01 29
1 0 1 1 2.9187787834134872e-02 2.0881521819665499e-02 1.0000982219945660e+00 6.6454998611418181e-02 2.7018606805401496e-01 3.4521634478540207e+01 29
1 0 1 1 2.9161648484562409e-02 2.0865226167123600e-02 1.0000995133510004e+00 6.6420762993601112e-02 2.7118965578710863e-01 3.4571634474427498e+01 28
1 0 1 1 2.9135546410084673e-02 2.0848964961057481e-02 1.0001008121384340e+00 6.6386692194009667e-02 2.7219326092534496e-01 3.4621634470337938e+01 28
1 0 1 1 2.9109482137156847e-02 2.0832738402785073e-02 1.0001021182301004e+00 6.6352786053673007e-02 2.7319687667607884e-01 3.4671634466261459e+01 28
1 0 1 1 2.9083456186186026e-02 2.0816546690825742e-02 1.0001034314961705e+00 6.6319044410877992e-02 2.7420049629052090e-01 3.4721634462212691e+01 28
1 0 1 1 2.9057469071600429e-02 2.0800390020943905e-02 1.0001047518037629e+00 6.6285467101227735e-02 2.7520411306244719e-01 3.4771634458173160e+01 28
1 0 1 1 2.9031521301856017e-02 2.0784268586147035e-02 1.0001060790169598e+00 6.6252053957626206e-02 2.7620772032914875e-01 3.4821634454147251e+01 28
1 0 1 1 2.9005613379492767e-02 2.0768182576720827e-02 1.0001074129968224e+00 6.6218804810318832e-02 2.7721131147119582e-01 3.4871634450156940e+01 28
1 0 1 1 2.8979745801201964e-02 2.0752132180265767e-02 1.0001087536014064e+00 6.6185719486955397e-02 2.7821487991073096e-01 3.4921634446164838e+01 28
1 0 1 1 2.8953919057808454e-02 2.0736117581684099e-02 1.0001101006857844e+00 6.6152797812537356e-02 2.7921841911392076e-01 3.4971634442203261e+01 28
1 0 1 1 2.8928133634368972e-02 2.0720138963237583e-02 1.0001114541020619e+00 6.6120039609518594e-02 2.8022192258825174e-01 3.5021634438246771e+01 28
1 0 1 1 2.8902384681310341e-02 2.0704196504540112e-02 1.0001128136994037e+00 6.6087444697766590e-02 2.8122538388446450e-01 3.5071634434315335e+01 28
1 0 1 1 2.8876672241984550e-02 2.0688290382601070e-02 1.0001141793240533e+00 6.6055012894634474e-02 2.8222879659485051e-01 3.5121634430396824e+01 28
1 0 1 1 2.8851002590181342e-02 2.0672420771832928e-02 1.0001155508193618e+00 6.6022744014953172e-02 2.8323215435389193e-01 3.5171634426485134e+01 28
1 0 1 1 2.8825376188673188e-02 2.0656587844068802e-02 1.0001169280258120e+00 6.5990637871048530e-02 2.8423545083873586e-01 3.5221634422611004e+01 28
1 0 1 1 2.8799793494654863e-02 2.0640791768612915e-02 1.0001183107810472e+00 6.5958694272821555e-02 2.8523867976679923e-01 3.5271634418728610e+01 28
1 0 1 1 2.8774254959705408e-02 2.0625032712211982e-02 1.0001196989199030e+00 6.5926913027676892e-02 2.8624183489866950e-01 3.5321634414867482e+01 28
1 0 1 1 2.8748761029885807e-02 2.0609310839115449e-02 1.0001210922744372e+00 6.5895293940616217e-02 2.8724491003596259e-01 3.5371634411030968e+01 28
1 0 1 1 2.8723312145769044e-02 2.0593626311088107e-02 1.0001224906739627e+00 6.5863836814251231e-02 2.8824789902117087e-01 3.5421634407195725e+01 28
1 0 1 1 2.8697908742446460e-02 2.0577979287410682e-02 1.0001238939450843e+00 6.5832541448785281e-02 2.8925079573883450e-01 3.5471634403376122e+01 28
1 0 1 1 2.8672551249594846e-02 2.0562369924920401e-02 1.0001253019117331e+00 6.5801407642068377e-02 2.9025359411444313e-01 3.5521634399574573e+01 28
1 0 1 1 2.8647240091507195e-02 2.0546798378022070e-02 1.0001267143952062e+00 6.5770435189614451e-02 2.9125628811432258e-01 3.5571634395783548e+01 28
1 0 1 1 2.8621975687126416e-02 2.0531264798711164e-02 1.0001281312142052e+00 6.5739623884609188e-02 2.9225887174592929e-01 3.5621634392003386e+01 28
1 0 1 1 2.8596758450077909e-02 2.0515769336584062e-02 1.0001295521848788e+00 6.5708973517933894e-02 2.9326133905756885e-01 3.5671634388236839e+01 28
1 0 1 1 2.8571588788714759e-02 2.0500312138866474e-02 1.0001309771208646e+00 6.5678483878189087e-02 2.9426368413818144e-01 3.5721634384481959e+01 28
1 0 1 1 2.8546467106150896e-02 2.0484893350430956e-02 1.0001324058333345e+00 6.5648154751709542e-02 2.9526590111731049e-01 3.5771634380735684e+01 28
1 0 1 1 2.8521393800289941e-02 2.0469513113807583e-02 1.0001338381310407e+00 6.5617985922578947e-02 2.9626798416526806e-01 3.5821634377009005e+01 28
1 0 1 1 2.8496369263881143e-02 2.0454171569216941e-02 1.0001352738203624e+00 6.5587977172668843e-02 2.9726992749205422e-01 3.5871634373277068e+01 28
1 0 1 1 2.8471393884515434e-02 2.0438868854564210e-02 1.0001367127053578e+00 6.5558128281610673e-02 2.9827172534906965e-01 3.5921634369569837e+01 28
1 0 1 1 2.8446468044710262e-02 2.0423605105487054e-02 1.0001381545878116e+00 6.5528439026873109e-02 2.9927337202695381e-01 3.5971634365869406e+01 28
1 0 1 1 2.8421592121910779e-02 2.0408380455353075e-02 1.0001395992672899e+00 6.5498909183738407e-02 3.0027486185679914e-01 3.6021634362175142e+01 28
1 0 1 1 2.8396766488531192e-02 2.0393195035281638e-02 1.0001410465411935e+00 6.5469538525327886e-02 3.0127618920969362e-01 3.6071634358485660e+01 28
1 0 1 1 2.8371991511985255e-02 2.0378048974158583e-02 1.0001424962048135e+00 6.5440326822615191e-02 3.0227734849699772e-01 3.6121634354817530e+01 28
1 0 1 1 2.8347267554745509e-02 2.0362942398668475e-02 1.0001439480513878e+00 6.5411273844470541e-02 3.0327833416899652e-01 3.6171634351142210e+01 28
1 0 1 1 2.8322594974331049e-02 2.0347875433285281e-02 1.0001454018721607e+00 6.5382379357625059e-02 3.0427914071697165e-01 3.6221634347493925e+01 28
1 0 1 1 2.8297974123401133e-02 2.0332848200323942e-02 1.0001468574564407e+00 6.5353643126754457e-02 3.0527976267043616e-01 3.6271634343835885e+01 28
1 0 1 1 2.8273405349724827e-02 2.0317860819918761e-02 1.0001483145916654e+00 6.5325064914422470e-02 3.0628019459960359e-01 3.6321634340188091e+01 28
1 0 1 1 2.8248888996255592e-02 2.0302913410066258e-02 1.0001497730634614e+00 6.5296644481142585e-02 3.0728043111377235e-01 3.6371634336550109e+01 28
1 0 1 1 2.8224425401153035e-02 2.0288006086633271e-02 1.0001512326557094e+00 6.5268381585383006e-02 3.0828046686171223e-01 3.6421634332925223e+01 28
1 0 1 1 2.8200014897825493e-02 2.0273138963380993e-02 1.0001526931506095e+00 6.5240275983589280e-02 3.0928029653107131e-01 3.6471634329293636e+01 28
1 0 1 1 2.8175657814931789e-02 2.0258312151960087e-02 1.0001541543287495e+00 6.5212327430167694e-02 3.1027991484950379e-01 3.6521634325673986e+01 28
1 0 1 1 2.8151354476448457e-02 2.0243525761951212e-02 1.0001556159691716e+00 6.5184535677535460e-02 3.1127931658336283e-01 3.6571634322060035e+01 28
1 0 1 1 2.8127105201683378e-02 2.0228779900865943e-02 1.0001570778494420e+00 6.5156900476117552e-02 3.1227849653806489e-01 3.6621634318444166e+01 28
1 0 1 1 2.8102909971377217e-02 2.0214072172293530e-02 1.0001585404622926e+00 6.5129421574352059e-02 3.1327746244188054e-01 3.6671634883248338e+01 28
1 0 1 1 2.8078769587438736e-02 2.0199400675324618e-02 1.0001600042816001e+00 6.5102099654981038e-02 3.1427618790935580e-01 3.6721634872068954e+01 28
1 0 1 1 2.8054685023989469e-02 2.0184770555552085e-02 1.0001614676506569e+00 6.5074934448346805e-02 3.1527464189507159e-01 3.6771633136840933e+01 28
1 0 1 1 2.8030654355236422e-02 2.0170180560114867e-02 1.0001629304770032e+00 6.5047923188774726e-02 3.1627291174575733e-01 3.6821634304281147e+01 28
1 0 1 1 2.8006679838355922e-02 2.0155631977352498e-02 1.0001643924124388e+00 6.5021067825704881e-02 3.1727091111747863e-01 3.6871634300708713e+01 27
1 0 1 1 2.7982761201917904e-02 2.0141124560652389e-02 1.0001658532611937e+00 6.4994367463528213e-02 3.1826865842994367e-01 3.6921634297114302e+01 27
1 0 1 1 2.7958898733457024e-02 2.0126658403595503e-02 1.0001673127922597e+00 6.4967821839125361e-02 3.1926614876068460e-01 3.6971634293538322e+01 27
1 0 1 1 2.7935092716118468e-02 2.0112233597827964e-02 1.0001687707737326e+00 6.4941430687526502e-02 3.2026337722450837e-01 3.7021634289958058e+01 27
1 0 1 1 2.7911343428647910e-02 2.0097850233055575e-02 1.0001702269728932e+00 6.4915193741874322e-02 3.2126033897525330e-01 3.7071634286376614e+01 27
1 0 1 1 2.7887651145428828e-02 2.0083508397057737e-02 1.0001716811562886e+00 6.4889110733449745e-02 3.2225702920524973e-01 3.7121634282801161e+01 27
1 0 1 1 2.7864016136524117e-02 2.0069208175714483e-02 1.0001731330898118e+00 6.4863181391692004e-02 3.2325344314502225e-01 3.7171634279228407e+01 27
1 0 1 1 2.7840438667695908e-02 2.0054949653009052e-02 1.0001745825387831e+00 6.4837405444203605e-02 3.2424957606311244e-01 3.7221634275640916e+01 27
1 0 1 1 2.7816919000414931e-02 2.0040732911035093e-02 1.0001760292680357e+00 6.4811782616737534e-02 3.2524542326748690e-01 3.7271634272078479e+01 27
1 0 1 1 2.7793457391947333e-02 2.0026558030042663e-02 1.0001774730419954e+00 6.4786312633271004e-02 3.2624098010257035e-01 3.7321634268492637e+01 27
1 0 1 1 2.7770054095305891e-02 2.0012425088404954e-02 1.0001789136247676e+00 6.4760995215934203e-02 3.2723624195249162e-01 3.7371634264912849e+01 27
1 0 1 1 2.7746709359332915e-02 1.9998334162666210e-02 1.0001803507802205e+00 6.4735830085079243e-02 3.2823120423903634e-01 3.7421634261345517e+01 27
1 0 1 1 2.7723423428726798e-02 1.9984285327553478e-02 1.0001817842720693e+00 6.4710816959288542e-02 3.2922586242142682e-01 3.7471634257765757e+01 27
1 0 1 1 2.7700196544040542e-02 1.9970278655971160e-02 1.0001832138639641e+00 6.4685955555351227e-02 3.3022021199738549e-01 3.7521634254173378e+01 27
1 0 1 1 2.7677028941712215e-02 1.9956314219016825e-02 1.0001846393195759e+00 6.4661245588280292e-02 3.3121424850326125e-01 3.7571634250602031e+01 27
1 0 1 1 2.7653920854138401e-02 1.9942392086021953e-02 1.0001860604026802e+00 6.4636686771367108e-02 3.3220796751183990e-01 3.7621634247010888e+01 27
1 0 1 1 2.7630872509634974e-02 1.9928512324523851e-02 1.0001874768772474e+00 6.4612278816125440e-02 3.3320136463538513e-01 3.7671634243441126e+01 27
1 0 1 1 2.7607884132539964e-02 1.9914675000323848e-02 1.0001888885075261e+00 6.4588021432373299e-02 3.3419443552183148e-01 3.7721634239825768e+01 27
1 0 1 1 2.7584955943131002e-02 1.9900880177435180e-02 1.0001902950581367e+00 6.4563914328136018e-02 3.3518717586007590e-01 3.7771634236259416e+01 27
1 0 1 1 2.7562088157801611e-02 1.9887127918184064e-02 1.0001916962941497e+00 6.4539957209805210e-02 3.3617958137309051e-01 3.7821634232653224e+01 27
1 0 1 1 2.7539280988941126e-02 1.9873418283134464e-02 1.0001930919811828e+00 6.4516149781998655e-02 3.3717164782431563e-01 3.7871634229059957e+01 27
1 0 1 1 2.7516534645062190e-02 1.9859751331160424e-02 1.0001944818854811e+00 6.4492491747670966e-02 3.3816337101315264e-01 3.7921634225448912e+01 27
1 0 1 1 2.7493849330763674e-02 1.9846127119421027e-02 1.0001958657740104e+00 6.4468982808061154e-02 3.3915474677793617e-01 3.7971634221858622e+01 27
1 0 1 1 2.7471225246820191e-02 1.9832545703410653e-02 1.0001972434145394e+00 6.4445622662764324e-02 3.4014577099298066e-01 3.8021634218249908e+01 27
1 0 1 1 2.7448662590150358e-02 1.9819007136934522e-02 1.0001986145757309e+00 6.4422411009678576e-02 3.4113643957084033e-01 3.8071634214622769e+01 27
1 0 1 1 2.7426161553848725e-02 1.9805511472125656e-02 1.0001999790272296e+00 6.4399347545025937e-02 3.4212674846240843e-01 3.8121634211024251e+01 27
1 0 1 1 2.7403712557165973e-02 1.9792058759493972e-02 1.0002013365397437e+00 6.4376431963419661e-02 3.4311669365380759e-01 3.8171634207393325e+01 27
1 0 1 1 2.7381323961290886e-02 1.9778649047883508e-02 1.0002026868851390e+00 6.4353663957781915e-02 3.4410627117065140e-01 3.8221634203778898e+01 27
1 0 1 1 2.7358997616546383e-02 1.9765282384532370e-02 1.0002040298365182e+00 6.4331043219434947e-02 3.4509547707395971e-01 3.8271634200136432e+01 27
1 0 1 1 2.7336733700949040e-02 1.9751958815040230e-02 1.0002053651683127e+00 6.4308569438036089e-02 3.4608430746385044e-01 3.8321634196517145e+01 27
1 0 1 1 2.7314532388872662e-02 1.9738678383428344e-02 1.0002066926563624e+00 6.4286242301665464e-02 3.4707275847562968e-01 3.8371634192872733e+01 28
1 0 1 1 2.7292393850996823e-02 1.9725441132104751e-02 1.0002080120780057e+00 6.4264061496758784e-02 3.4806082628325485e-01 3.8421634189233622e+01 28
1 0 1 1 2.7270318254386604e-02 1.9712247101909011e-02 1.0002093232121594e+00 6.4242026708169364e-02 3.4904850709678331e-01 3.8471634185582325e+01 28
1 0 1 1 2.7248305762484746e-02 1.9699096332102078e-02 1.0002106258394057e+00 6.4220137619144246e-02 3.5003579716379019e-01 3.8521634181928754e+01 28
1 0 1 1 2.7226356535152662e-02 1.9685988860388463e-02 1.0002119197420720e+00 6.4198393911350404e-02 3.5102269276875042e-01 3.8571634178281670e+01 28
1 0 1 1 2.7204470728707183e-02 1.9672924722935345e-02 1.0002132047043149e+00 6.4176795264891284e-02 3.5200919023242289e-01 3.8621634174619544e+01 28
1 0 1 1 2.7182648495916104e-02 1.9659903954362495e-02 1.0002144805122004e+00 6.4155341358288431e-02 3.5299528591279633e-01 3.8671634170943506e+01 28
1 0 1 1 2.7160889986031500e-02 1.9646926587763604e-02 1.0002157469537858e+00 6.4134031868496616e-02 3.5398097620515800e-01 3.8721634167281458e+01 28
1 0 1 1 2.7139195344842042e-02 1.9633992654727518e-02 1.0002170038191960e+00 6.4112866470943719e-02 3.5496625754029620e-01 3.8771634163603551e+01 28
1 0 1 1 2.7117564714660879e-02 1.9621102185333465e-02 1.0002182509007049e+00 6.4091844839497147e-02 3.5595112638654591e-01 3.8821634159925601e+01 28
1 0 1 1 2.7095998234374873e-02 1.9608255208172540e-02 1.0002194879928110e+00 6.4070966646500555e-02 3.5693557924825647e-01 3.8871634156237242e+01 28
1 0 1 1 2.7074496039449780e-02 1.9595451750348436e-02 1.0002207148923143e+00 6.4050231562764570e-02 3.5791961266689648e-01 3.8921634152560962e+01 28
1 0 1 1 2.7053058261991184e-02 1.9582691837508652e-02 1.0002219313983898e+00 6.4029639257605520e-02 3.5890322321889639e-01 3.8971634148846036e+01 28
1 0 1 1 2.7031685030694825e-02 1.9569975493814371e-02 1.0002231373126651e+00 6.4009189398788580e-02 3.5988640751953799e-01 3.9021634145169237e+01 28
1 0 1 1 2.7010376470979435e-02 1.9557302742011784e-02 1.0002243324392868e+00 6.3988881652638219e-02 3.6086916221749016e-01 3.9071634141462262e+01 28
1 0 1 1 2.6989132704909661e-02 1.9544673603384820e-02 1.0002255165849980e+00 6.3968715683948629e-02 3.6185148399944095e-01 3.9121634137750007e+01 28
1 0 1 1 2.6967953851266189e-02 1.9532088097793117e-02 1.0002266895592047e+00 6.3948691156040571e-02 3.6283336958815809e-01 3.9171634134056511e+01 28
1 0 1 1 2.6946840025595286e-02 1.9519546243696562e-02 1.0002278511740437e+00 6.3928807730788462e-02 3.6381481574090296e-01 3.9221634130327885e+01 28
1 0 1 1 2.6925791340155835e-02 1.9507048058120459e-02 1.0002290012444532e+00 6.3909065068563975e-02 3.6479581925316201e-01 3.9271634126627696e+01 28
1 0 1 1 2.6904807904040758e-02 1.9494593556724341e-02 1.0002301395882336e+00 6.3889462828330024e-02 3.6577637695394966e-01 3.9321634122900605e+01 28
1 0 1 1 2.6883889823111400e-02 1.9482182753758868e-02 1.0002312660261155e+00 6.3870000667571508e-02 3.6675648570994940e-01 3.9371634119189125e+01 28
1 0 1 1 2.6863037200094617e-02 1.9469815662120193e-02 1.0002323803818192e+00 6.3850678242367148e-02 3.6773614242191555e-01 3.9421634115453500e+01 28
1 0 1 1 2.6842250134539055e-02 1.9457492293318734e-02 1.0002334824821186e+00 6.3831495207342714e-02 3.6871534402784534e-01 3.9471634111740087e+01 28
1 0 1 1 2.6821528722912037e-02 1.9445212657534443e-02 1.0002345721568962e+00 6.3812451215741223e-02 3.6969408749930255e-01 3.9521634107996846e+01 28
1 0 1 1 2.6800872189300357e-02 1.9432971161144078e-02 1.0002356517855699e+00 6.3793545919364258e-02 3.7067240634239312e-01 3.9571635696208808e+01 28
1 0 1 1 2.6780283179894681e-02 1.9420772699204569e-02 1.0002367194467681e+00 6.3774780772137385e-02 3.7165017941393647e-01 3.9621633012125137e+01 28
1 0 1 1 2.6759758773872822e-02 1.9408617253773255e-02 1.0002377742759812e+00 6.3756152404430055e-02 3.7262754819340993e-01 3.9671633533028022e+01 28
1 0 1 1 2.6739300361152189e-02 1.9396505603332358e-02 1.0002388160471749e+00 6.3737661656682126e-02 3.7360444787866048e-01 3.9721634093838091e+01 28
1 0 1 1 2.6718908269295738e-02 1.9384437897070863e-02 1.0002398445933296e+00 6.3719308396708696e-02 3.7458086381440359e-01 3.9771634090121687e+01 28
1 0 1 1 2.6698582345261700e-02 1.9372414000169983e-02 1.0002408597750763e+00 6.3701092060076236e-02 3.7555680421427201e-01 3.9821634086400259e+01 28
1 0 1 1 2.6678322664415343e-02 1.9360433913521928e-02 1.0002418614446831e+00 6.3683012290551205e-02 3.7653226629407643e-01 3.9871634082652761e+01 28
1 0 1 1 2.6658129299162992e-02 1.9348497636728638e-02 1.0002428494579367e+00 6.3665068730543173e-02 3.7750724730584362e-01 3.9921634078940329e+01 28
1 0 1 1 2.6638002319048431e-02 1.9336605168154591e-02 1.0002438236741826e+00 6.3647261021179291e-02 3.7848174453408878e-01 3.9971634075221417e+01 28
1 0 1 1 2.6617941790720856e-02 1.9324756504904294e-02 1.0002447839563700e+00 6.3629588802259940e-02 3.7945575529815390e-01 4.0021634071477052e+01 28
1 0 1 1 2.6597947777938009e-02 1.9312951642820830e-02 1.0002457301710908e+00 6.3612051712261586e-02 3.8042927695351303e-01 4.0071634067785546e+01 28
1 0 1 1 2.6578020341691246e-02 1.9301190576554453e-02 1.0002466621886137e+00 6.3594649388427071e-02 3.8140230688625176e-01 4.0121634064044770e+01 28
1 0 1 1 2.6558159540087192e-02 1.9289473299490916e-02 1.0002475798829256e+00 6.3577381466659144e-02 3.8237484252013937e-01 4.0171634060342392e+01 28
1 0 1 1 2.6538365428500004e-02 1.9277799803837890e-02 1.0002484831317597e+00 6.3560247581640805e-02 3.8334688131021455e-01 4.0221634056632297e+01 28
1 0 1 1 2.6518638059514592e-02 1.9266170080585093e-02 1.0002493718166299e+00 6.3543247366779770e-02 3.8431842074637179e-01 4.0271634052927851e+01 28
1 0 1 1 2.6498977482981648e-02 1.9254584119535807e-02 1.0002502458228593e+00 6.3526380454245468e-02 3.8528945835192802e-01 4.0321634049233566e+01 28
1 0 1 1 2.6479383746041706e-02 1.9243041909316128e-02 1.0002511050396079e+00 6.3509646474980752e-02 3.8625999168319253e-01 4.0371634045530982e+01 28
1 0 1 1 2.6459856893124967e-02 1.9231543437371920e-02 1.0002519493598989e+00 6.3493045058694964e-02 3.8723001833067500e-01 4.0421634041848051e+01 29
1 0 1 1 2.6440396966005707e-02 1.9220088689996622e-02 1.0002527786806403e+00 6.3476575833905174e-02 3.8819953591756423e-01 4.0471634038189002e+01 29
1 0 1 1 2.6421004003830156e-02 1.9208677652344155e-02 1.0002535929026461e+00 6.3460238427946902e-02 3.8916854209894464e-01 4.0521634034501055e+01 29
1 0 1 1 2.6401678043082306e-02 1.9197310308404707e-02 1.0002543919306592e+00 6.3444032466938194e-02 3.9013703456461074e-01 4.0571634030827724e+01 29
1 0 1 1 2.6382419117655698e-02 1.9185986641044074e-02 1.0002551756733649e+00 6.3427957575839966e-02 3.9110501103684725e-01 4.0621634027202923e+01 29
1 0 1 1 2.6363227258910580e-02 1.9174706632034407e-02 1.0002559440434058e+00 6.3412013378488535e-02 3.9207246926825318e-01 4.0671634023545252e+01 29
1 0 1 1 2.6344102495598491e-02 1.9163470262003796e-02 1.0002566969573985e+00 6.3396199497531308e-02 3.9303940704659357e-01 4.0721634019919009e+01 29
1 0 1 1 2.6325044853976319e-02 1.9152277510501869e-02 1.0002574343359412e+00 6.3380515554513406e-02 3.9400582219005231e-01 4.0771634016296090e+01 29
1 0 1 1 2.6306054357779340e-02 1.9141128355979992e-02 1.0002581561036250e+00 6.3364961169849604e-02 3.9497171254978708e-01 4.0821634012696791e+01 29
1 0 1 1 2.6287131028276654e-02 1.9130022775818843e-02 1.0002588621890396e+00 6.3349535962862691e-02 3.9593707600776046e-01 4.0871634009087181e+01 29
1 0 1 1 2.6268270289567068e-02 1.9118960746311746e-02 1.0002595525247797e+00 6.3334239551762012e-02 3.9690191047949036e-01 4.0921634005530024e+01 29
1 0 1 1 2.6249470595616258e-02 1.9107942242723150e-02 1.0002602270474459e+00 6.3319071553717771e-02 3.9786621390925830e-01 4.0971634001945020e+01 29
1 0 1 1 2.6230738194874207e-02 1.9096967239234274e-02 1.0002608856976491e+00 6.3304031584793224e-02 3.9882998427551880e-01 4.1021633998399921e+01 29
1 0 1 1 2.6212073098540473e-02 1.9086035709009283e-02 1.0002615284200060e+00 6.3289119260031446e-02 3.9979321958635639e-01 4.1071633994882617e+01 29
1 0 1 1 2.6193475315455055e-02 1.9075147624186373e-02 1.0002621551631388e+00 6.3274334193444276e-02 4.0075591788002568e-01 4.1121633991340296e+01 29
1 0 1 1 2.6174944852064307e-02 1.9064302955857492e-02 1.0002627658796697e+00 6.3259675997986209e-02 4.0171807722831204e-01 4.1171633987862450e+01 29
1 0 1 1 2.6156481712550122e-02 1.9053501674138981e-02 1.0002633605262137e+00 6.3245144285650812e-02 4.0267969573068468e-01 4.1221633984387417e+01 29
1 0 1 1 2.6138085898771798e-02 1.9042743748132644e-02 1.0002639390633705e+00 6.3230738667417241e-02 4.0364077151794253e-01 4.1271633980902102e+01 29
1 0 1 1 2.6119757410282260e-02 1.9032029145935294e-02 1.0002645014557152e+00 6.3216458753266869e-02 4.0460130275311940e-01 4.1321633977498109e+01 29
1 0 1 1 2.6101496244454007e-02 1.9021357834704693e-02 1.0002650476717829e+00 6.3202304152271294e-02 4.0556128762512461e-01 4.1371633974052529e+01 29
1 0 1 1 2.6083302396348488e-02 1.9010729780583633e-02 1.0002655776840588e+00 6.3188274472492589e-02 4.0652072435721787e-01 4.1421633970677782e+01 29
1 0 1 1 2.6065175858888685e-02 1.9000144948793596e-02 1.0002660914689583e+00 6.3174369321110257e-02 4.0747961119847209e-01 4.1471633967288980e+01 29
1 0 1 1 2.6047116622756890e-02 1.8989603303574382e-02 1.0002665890068128e+00 6.3160588304346010e-02 4.0843794643060360e-01 4.1521633963969791e+01 29
1 0 1 1 2.6029124676536976e-02 1.8979104808262363e-02 1.0002670702818470e+00 6.3146931027561498e-02 4.0939572836092708e-01 4.1571633960615337e+01 29
1 0 1 1 2.6011200006596062e-02 1.8968649425219086e-02 1.0002675352821615e+00 6.3133397095175764e-02 4.1035295533033633e-01 4.1621633957359805e+01 29
1 0 1 1 2.5993342597280478e-02 1.8958237115939885e-02 1.0002679839997060e+00 6.3119986110802218e-02 4.1130962570298152e-01 4.1671633954048843e+01 29
1 0 1 1 2.5975552430734211e-02 1.8947867840947992e-02 1.0002684164302591e+00 6.3106697677121348e-02 4.1226573787797638e-01 4.1721633950861381e+01 29
1 0 1 1 2.5957829487155335e-02 1.8937541559937335e-02 1.0002688325733975e+00 6.3093531396059277e-02 4.1322129027566640e-01 4.1771633947603512e+01 29
1 0 1 1 2.5940173744563613e-02 1.8927258231635928e-02 1.0002692324324740e+00 6.3080486868625663e-02 4.1417628135197948e-01 4.1821633944470427e+01 29
1 0 1 1 2.5922585179082022e-02 1.8917017813964852e-02 1.0002696160145830e+00 6.3067563695108464e-02 4.1513070958340664e-01 4.1871633941271185e+01 29
1 0 1 1 2.5905063764700639e-02 1.8906820263900288e-02 1.0002699833305342e+00 6.3054761474912985e-02 4.1608457348171740e-01 4.1921633938210697e+01 29
1 0 1 1 2.5887609473562983e-02 1.8896665537632341e-02 1.0002703343948163e+00 6.3042079806760576e-02 4.1703787157845695e-01 4.1971633935090466e+01 29
1 0 1 1 2.5870222275737473e-02 1.8886553590433140e-02 1.0002706692255681e+00 6.3029518288525849e-02 4.1799060243902397e-01 4.2021633932055806e+01 29
1 0 1 1 2.5852902139422762e-02 1.8876484376770863e-02 1.0002709878445388e+00 6.3017076517390469e-02 4.1894276465240260e-01 4.2071633929071304e+01 29
1 0 1 1 2.5835649030912483e-02 1.8866457850286292e-02 1.0002712902770552e+00 6.3004754089807435e-02 4.1989435683369047e-01 4.2121633926063367e+01 29
1 0 1 1 2.5818462914549648e-02 1.8856473963762072e-02 1.0002715765519834e+00 6.2992550601474906e-02 4.2084537762777618e-01 4.2171633923126720e+01 30
1 0 1 1 2.5801343752842848e-02 1.8846532669190133e-02 1.0002718467016880e+00 6.2980465647425543e-02 4.2179582570439644e-01 4.2221633920275742e+01 30
1 0 1 1 2.5784291113974355e-02 1.8836631822672791e-02 1.0002721018741818e+00 6.2968498822036895e-02 4.2274571891535373e-01 4.2271634802447579e+01 30
1 0 1 1 2.5767305307864793e-02 1.8826768940020951e-02 1.0002723436731153e+00 6.2956650353387877e-02 4.2369503260302321e-01 4.2321635163907011e+01 30
1 0 1 1 2.5750387631697805e-02 1.8816949297383513e-02 1.0002725694311760e+00 6.2944920090961254e-02 4.2464369690880283e-01 4.2371631688416990e+01 30
1 0 1 1 2.5733534818286639e-02 1.8807170973151509e-02 1.0002727792357080e+00 6.2933305396871531e-02 4.2559189148283127e-01 4.2421633910362488e+01 30
1 0 1 1 2.5716749498188720e-02 1.8797435468834479e-02 1.0002729731002911e+00 6.2921807715393463e-02 4.2653946483501237e-01 4.2471633907690929e+01 30
1 0 1 1 2.5700030871917672e-02 1.8787742295553918e-02 1.0002731510863547e+00 6.2910426118521101e-02 4.2748645798617085e-01 4.2521633905073855e+01 30
1 0 1 1 2.5683378889582137e-02 1.8778091399691499e-02 1.0002733132488471e+00 6.2899160197026405e-02 4.2843286978081574e-01 4.2571633902422391e+01 30
1 0 1 1 2.5666793499512165e-02 1.8768482726842499e-02 1.0002734596458782e+00 6.2888009541064882e-02 4.2937869909269827e-01 4.2621633899897319e+01 30
1 0 1 1 2.5650274648447213e-02 1.8758916221924195e-02 1.0002735903386692e+00 6.2876973740302239e-02 4.3032394481512404e-01 4.2671633897407787e+01 30
1 0 1 1 2.5633822281445021e-02 1.8749391829118358e-02 1.0002737053915054e+00 6.2866052383850402e-02 4.3126860586668697e-01 4.2721633894927301e+01 30
1 0 1 1 2.5617436341895325e-02 1.8739909491875640e-02 1.0002738048716850e+00 6.2855245060284004e-02 4.3221268119172573e-01 4.2771633892531277e+01 30
1 0 1 1 2.5601116771606237e-02 1.8730469152964432e-02 1.0002738888494673e+00 6.2844551357702672e-02 4.3315616975646770e-01 4.2821633890204936e+01 30
1 0 1 1 2.5584863510799548e-02 1.8721070754464813e-02 1.0002739573980219e+00 6.2833970863727773e-02 4.3409907055009334e-01 4.2871633887911905e+01 30
1 0 1 1 2.5568676498108803e-02 1.8711714237762418e-02 1.0002740105933763e+00 6.2823503165502226e-02 4.3504138258556668e-01 4.2921633885651936e+01 30
1 0 1 1 2.5552555670596621e-02 1.8702399543557954e-02 1.0002740485143613e+00 6.2813147849710260e-02 4.3598310489992737e-01 4.2971633883488465e+01 30
1 0 1 1 2.5536500963834498e-02 1.8693126611910776e-02 1.0002740712425595e+00 6.2802904502628487e-02 4.3692423655053025e-01 4.3021633881360728e+01 30
1 0 1 1 2.5520512311847928e-02 1.8683895382202161e-02 1.0002740788622486e+00 6.2792772710099143e-02 4.3786477661917689e-01 4.3071633879318064e+01 30
1 0 1 1 2.5504589647202751e-02 1.8674705793183720e-02 1.0002740714603471e+00 6.2782752057584490e-02 4.3880472420785338e-01 4.3121633877304745e+01 30
1 0 1 1 2.5488732900966794e-02 1.8665557782952369e-02 1.0002740491263600e+00 6.2772842130144335e-02 4.3974407844196217e-01 4.3171633875344021e+01 30
1 0 1 1 2.5472942002743731e-02 1.8656451288967445e-02 1.0002740119523208e+00 6.2763042512471390e-02 4.4068283846953971e-01 4.3221633873510854e+01 30
1 0 1 1 2.5457216880766437e-02 1.8647386248100490e-02 1.0002739600327366e+00 6.2753352788944783e-02 4.4162100345632677e-01 4.3271633871681388e+01 30
1 0 1 1 2.5441557461789832e-02 1.8638362596572231e-02 1.0002738934645308e+00 6.2743772543571164e-02 4.4255857259317810e-01 4.3321633869940115e+01 30
1 0 1 1 2.5425963671211447e-02 1.8629380270019601e-02 1.0002738123469856e+00 6.2734301360062639e-02 4.4349554508989020e-01 4.3371633868263238e+01 30
1 0 1 1 2.5410435433041341e-02 1.8620439203473886e-02 1.0002737167816849e+00 6.2724938821826559e-02 4.4443192017781841e-01 4.3421633866672892e+01 30
1 0 1 1 2.5394972669953622e-02 1.8611539331389693e-02 1.0002736068724565e+00 6.2715684511997771e-02 4.4536769710776258e-01 4.3471633865135004e+01 30
1 0 1 1 2.5379575303275077e-02 1.8602680587634236e-02 1.0002734827253141e+00 6.2706538013434399e-02 4.4630287515134526e-01 4.3521633863646343e+01 30
1 0 1 1 2.5364243252994523e-02 1.8593862905491330e-02 1.0002733444483991e+00 6.2697498908735244e-02 4.4723745360170125e-01 4.3571633862284372e+01 30
1 0 1 1 2.5348975861463289e-02 1.8585086217706770e-02 1.0002731921519217e+00 6.2688566780294275e-02 4.4817143176934637e-01 4.3621633860998813e+01 30
1 0 1 1 2.5333764457414976e-02 1.8576350456473038e-02 1.0002730259481032e+00 6.2679741210283968e-02 4.4910480898372357e-01 4.3671633859706496e+01 31
1 0 1 1 2.5318618192938753e-02 1.8567655553391602e-02 1.0002728459511165e+00 6.2671021780636549e-02 4.5003758459888243e-01 4.3721633858608641e+01 31
1 0 1 1 2.5303536982594278e-02 1.8559001439594582e-02 1.0002726522770291e+00 6.2662408073165726e-02 4.5096975798009314e-01 4.3771633857486371e+01 31
1 0 1 1 2.5288520739602305e-02 1.8550388045617840e-02 1.0002724450437421e+00 6.2653899669452451e-02 4.5190132851885673e-01 4.3821633856517288e+01 31
1 0 1 1 2.5273569376058583e-02 1.8541815301520007e-02 1.0002722243709328e+00 6.2645496150972535e-02 4.5283229562051175e-01 4.3871633855624040e+01 31
1 0 1 1 2.5258682802861931e-02 1.8533283136838836e-02 1.0002719903799975e+00 6.2637197099053521e-02 4.5376265870926830e-01 4.3921633854755584e+01 31
1 0 1 1 2.5243860929683205e-02 1.8524791480570988e-02 1.0002717431939883e+00 6.2629002094876873e-02 4.5469241723151588e-01 4.3971633854079684e+01 31
1 0 1 1 2.5229103665158674e-02 1.8516340261279827e-02 1.0002714829375619e+00 6.2620910719574596e-02 4.5562157064392500e-01 4.4021633853353521e+01 31
1 0 1 1 2.5214410916640253e-02 1.8507929406953207e-02 1.0002712097369129e+00 6.2612922554114825e-02 4.5655011843095317e-01 4.4071633852877888e+01 31
1 0 1 1 2.5199782590532752e-02 1.8499558845189085e-02 1.0002709237197234e+00 6.2605037179480016e-02 4.5747806008349567e-01 4.4121633852362557e+01 31
1 0 1 1 2.5185218592002616e-02 1.8491228503031212e-02 1.0002706250150997e+00 6.2597254176519568e-02 4.5840539511880823e-01 4.4171633852008341e+01 31
1 0 1 1 2.5170718825214940e-02 1.8482938307100686e-02 1.0002703137535167e+00 6.2589573126085679e-02 4.5933212306615795e-01 4.4221633851748201e+01 31
1 0 1 1 2.5156283193256582e-02 1.8474688183548971e-02 1.0002699900667609e+00 6.2581993608994857e-02 4.6025824347246913e-01 4.4271633851563280e+01 31
1 0 1 1 2.5141911598156708e-02 1.8466478058069107e-02 1.0002696540878726e+00 6.2574515206044345e-02 4.6118375590184402e-01 4.4321633851468150e+01 31
1 0 1 1 2.5127603940900575e-02 1.8458307855899452e-02 1.0002693059510874e+00 6.2567137498032832e-02 4.6210865993579819e-01 4.4371633851537780e+01 31
1 0 1 1 2.5113360121520843e-02 1.8450177501875612e-02 1.0002689457917844e+00 6.2559860065804329e-02 4.6303295516779996e-01 4.4421633851621785e+01 31
1 0 1 1 2.5099180038959449e-02 1.8442086920348918e-02 1.0002685737464234e+00 6.2552682490194134e-02 4.6395664121355018e-01 4.4471633851913758e+01 31
1 0 1 1 2.5085063591281546e-02 1.8434036035306498e-02 1.0002681899524963e+00 6.2545604352136630e-02 4.6487971769758007e-01 4.4521633852236981e+01 31
1 0 1 1 2.5071010675506471e-02 1.8426024770270888e-02 1.0002677945484657e+00 6.2538625232589351e-02 4.6580218426497128e-01 4.4571633852692408e+01 31
1 0 1 1 2.5057021187734872e-02 1.8418053048373590e-02 1.0002673876737134e+00 6.2531744712604587e-02 4.6672404057429806e-01 4.4621633853285857e+01 31
1 0 1 1 2.5043095023156291e-02 1.8410120792355558e-02 1.0002669694684860e+00 6.2524962373333992e-02 4.6764528629746499e-01 4.4671633853931318e+01 31
1 0 1 1 2.5029232075969771e-02 1.8402227924520977e-02 1.0002665400738373e+00 6.2518277796009714e-02 4.6856592112642753e-01 4.4721633854828198e+01 31
1 0 1 1 2.5015432239606984e-02 1.8394374366860998e-02 1.0002660996315826e+00 6.2511690562041644e-02 4.6948594475831673e-01 4.4771633855663751e+01 31
1 0 1 1 2.5001695406439629e-02 1.8386560040886499e-02 1.0002656482842351e+00 6.2505200252896603e-02 4.7040535691645269e-01 4.4821633856766510e+01 31
1 0 1 1 2.4988021468108162e-02 1.8378784867812848e-02 1.0002651861749632e+00 6.2498806450259542e-02 4.7132415732894373e-01 4.4871633857954905e+01 31
1 0 1 1 2.4974410315339899e-02 1.8371048768454020e-02 1.0002647134475333e+00 6.2492508735950636e-02 4.7224234574150886e-01 4.4921633859245098e+01 31
1 0 1 1 2.4960861838012778e-02 1.8363351663258511e-02 1.0002642302462601e+00 6.2486306691963533e-02 4.7315992191422251e-01 4.4971633860684129e+01 32
1 0 1 1 2.4947375475969088e-02 1.8355691810047446e-02 1.0002637375113268e+00 6.2480199900490391e-02 4.7407691356902881e-01 4.5021635292271647e+01 32
1 0 1 1 2.4933951334558349e-02 1.8348066327330013e-02 1.0002632370741749e+00 6.2474188466509928e-02 4.7499330045445581e-01 4.5071636867557771e+01 32
1 0 1 1 2.4920592001001125e-02 1.8340481037420454e-02 1.0002627266570836e+00 6.2468272535949526e-02 4.7590890538807529e-01 4.5121629214855048e+01 32
1 0 1 1 2.4907291612474691e-02 1.8332932594964928e-02 1.0002622061850774e+00 6.2462449151827054e-02 4.7682412257097800e-01 4.5171633871040456e+01 32
1 0 1 1 2.4894054581014621e-02 1.8325423487991314e-02 1.0002616759785896e+00 6.2456719894327162e-02 4.7773864122071680e-01 4.5221633873182675e+01 32
1 0 1 1 2.4880879550924263e-02 1.8317952930304277e-02 1.0002611361360556e+00 6.2451083800486806e-02 4.7865254638774818e-01 4.5271633875503234e+01 32
1 0 1 1 2.4867766406632356e-02 1.8310520839785908e-02 1.0002605868041170e+00 6.2445540454001913e-02 4.7956583791942303e-01 4.5321633877866844e+01 32
1 0 1 1 2.4854715031724647e-02 1.8303127133942668e-02 1.0002600281295837e+00 6.2440089438812935e-02 4.8047851568353872e-01 4.5371633880589457e+01 32
1 0 1 1 2.4841725309263551e-02 1.8295771730084842e-02 1.0002594602594046e+00 6.2434730339223726e-02 4.8139057954591874e-01 4.5421633883217439e+01 32
1 0 1 1 2.4828797121369355e-02 1.8288454545087863e-02 1.0002588833406008e+00 6.2429462739751973e-02 4.8230202940108846e-01 4.5471633886221149e+01 32
1 0 1 1 2.4815930349661987e-02 1.8281175495642576e-02 1.0002582975202421e+00 6.2424286225313819e-02 4.8321286514212752e-01 4.5521633889350042e+01 32
1 0 1 1 2.4803124875016513e-02 1.8273934498110822e-02 1.0002577029453921e+00 6.2419200381126416e-02 4.8412308667779547e-01 4.5571633892585069e+01 32
1 0 1 1 2.4790380577608958e-02 1.8266731468555099e-02 1.0002570997630673e+00 6.2414204792735628e-02 4.8503269393083859e-01 4.5621633896051527e+01 32
1 0 1 1 2.4777697337002910e-02 1.8259566322782628e-02 1.0002564881201976e+00 6.2409299046059907e-02 4.8594168683216449e-01 4.5671633899712226e+01 32
1 0 1 1 2.4765075032112095e-02 1.8252438976324208e-02 1.0002558681635831e+00 6.2404482727381749e-02 4.8685006532432856e-01 4.5721633903567430e+01 32
1 0 1 1 2.4756803620108236e-02 1.8247770259188740e-02 1.0002554558123391e+00 6.2401362503245378e-02 4.8744737926964166e-01 4.5754530384521580e+01 32
