isScalarized | massIncreased | isMonotoneInside | isMonotoneOutside | mass_Baryon | mass_ADM | AST(radius) | radius  |  phi_c | rho_c | ctr |
1 0 1 1 3.2107325004421726e-02 2.4362774859724434e-02 1.0000000000000164e+00 8.5815399999999806e-02 4.9695191775585984e-03 1.7529389772526706e+01 40
1 1 1 1 3.2107585627607856e-02 2.4362880519437722e-02 1.0000000000000164e+00 8.5815024999999809e-02 4.9709983788344203e-03 1.7529685069672912e+01 40
1 1 1 1 3.2107846231047510e-02 2.4362986166389884e-02 1.0000000000000164e+00 8.5814649999999812e-02 4.9724776884751574e-03 1.7529980364426674e+01 40
1 1 1 1 3.2108106814741508e-02 2.4363091800580289e-02 1.0000000000000167e+00 8.5814274999999815e-02 4.9739571065279811e-03 1.7530275656788216e+01 40
1 1 1 1 3.2108367378691750e-02 2.4363197422012300e-02 1.0000000000000167e+00 8.5813899999999818e-02 4.9754366330366940e-03 1.7530570946757113e+01 40
1 1 1 1 3.2152233735441661e-02 2.4380910613839159e-02 1.0000000000000204e+00 8.5750358746736310e-02 5.2277339284868690e-03 1.7580571154292237e+01 40
1 1 1 1 3.2195596879386230e-02 2.4398284875829245e-02 1.0000000000000253e+00 8.5686729061221434e-02 5.4836990421335812e-03 1.7630571262551182e+01 40
1 1 1 1 3.2238459096492957e-02 2.4415322516631702e-02 1.0000000000000309e+00 8.5623009590046262e-02 5.7435142342897472e-03 1.7680571491207587e+01 40
1 1 1 1 3.2280822119700799e-02 2.4432025600159172e-02 1.0000000000000375e+00 8.5559199704539790e-02 6.0073303128827648e-03 1.7730571759978321e+01 40
1 1 1 1 3.2322686607618133e-02 2.4448396078940917e-02 1.0000000000000457e+00 8.5495299068973407e-02 6.2752731662914308e-03 1.7780571990379929e+01 40
1 1 1 1 3.2363957349659536e-02 2.4464435841542252e-02 1.0000000000000551e+00 8.5431307493618325e-02 6.5474482783884494e-03 1.7830572188243124e+01 40
1 1 1 1 3.2404732166607171e-02 2.4480146701043162e-02 1.0000000000000662e+00 8.5367225008221692e-02 6.8239436094748376e-03 1.7880572358402826e+01 40
1 1 1 1 3.2445012177804960e-02 2.4495530410019586e-02 1.0000000000000795e+00 8.5303051831671972e-02 7.1048323331890728e-03 1.7930572504912838e+01 40
1 1 1 1 3.2484798403556447e-02 2.4510588673011875e-02 1.0000000000000948e+00 8.5238788346061023e-02 7.3901751050234098e-03 1.7980572631202307e+01 40
1 1 1 1 3.2524091787480454e-02 2.4525323156918917e-02 1.0000000000001128e+00 8.5174435074484467e-02 7.6800219515290088e-03 1.8030572740201077e+01 40
1 1 1 1 3.2562893215239953e-02 2.4539735499619627e-02 1.0000000000001339e+00 8.5109992662073974e-02 7.9744138492310688e-03 1.8080572834430058e+01 40
1 1 1 1 3.2601208197917349e-02 2.4553793338857790e-02 1.0000000000001585e+00 8.5045461859819149e-02 8.2734186029330501e-03 1.8130578650993503e+01 40
1 1 1 1 3.2639022936184078e-02 2.4567504731173206e-02 1.0000000000001870e+00 8.4980865718040255e-02 8.5769477612973218e-03 1.8180571120136438e+01 40
1 1 1 1 3.2676352532263468e-02 2.4580900069276077e-02 1.0000000000002200e+00 8.4916175696737539e-02 8.8851367833869266e-03 1.8230569277094720e+01 40
1 1 1 1 3.2713197587260955e-02 2.4593980836053384e-02 1.0000000000002582e+00 8.4851392787408331e-02 9.1980031648319846e-03 1.8280573099260796e+01 40
1 1 1 1 3.2749551900693646e-02 2.4606746137380876e-02 1.0000000000003024e+00 8.4786530268489479e-02 9.5154999391386993e-03 1.8330573146385444e+01 40
1 1 1 1 3.2785419056517447e-02 2.4619198563398545e-02 1.0000000000003533e+00 8.4721584366491631e-02 9.8376586912243755e-03 1.8380573187808807e+01 40
1 1 1 1 3.2820799853360387e-02 2.4631339707519725e-02 1.0000000000004117e+00 8.4656556234602942e-02 1.0164484422996200e-02 1.8430573224343725e+01 40
1 1 1 1 3.2855630880600790e-02 2.4643171165873137e-02 1.0000000000004787e+00 8.4591447068299463e-02 1.0495979364136486e-02 1.8480573256700136e+01 40
1 1 1 1 3.2889953187111916e-02 2.4654694538710786e-02 1.0000000000005556e+00 8.4526258100738216e-02 1.0832143319455478e-02 1.8530573285466346e+01 40
1 1 1 1 3.2923791106866218e-02 2.4665911431533367e-02 1.0000000000006435e+00 8.4460990598723418e-02 1.1172973966321957e-02 1.8580573311144974e+01 40
1 1 1 1 3.2957145537831467e-02 2.4676823455974460e-02 1.0000000000007436e+00 8.4395645859254242e-02 1.1518467109593809e-02 1.8630573334149954e+01 40
1 1 1 1 3.2990017402774539e-02 2.4687432230495580e-02 1.0000000000008580e+00 8.4330225206485698e-02 1.1868616901253034e-02 1.8680573354840764e+01 40
1 1 1 1 3.3022407650823517e-02 2.4697739380907188e-02 1.0000000000009881e+00 8.4264729989126541e-02 1.2223416029799946e-02 1.8730573373518958e+01 40
1 1 1 1 3.3054317258711718e-02 2.4707746540749028e-02 1.0000000000011360e+00 8.4199161578145942e-02 1.2582855884312613e-02 1.8780573390427328e+01 40
1 1 1 1 3.3085749152199820e-02 2.4717437335082890e-02 1.0000000000013036e+00 8.4133521364714914e-02 1.2946947489212626e-02 1.8830576243250174e+01 40
1 1 1 1 3.3116700543404848e-02 2.4726797613480900e-02 1.0000000000014935e+00 8.4067821934989462e-02 1.3315634308796186e-02 1.8880575662393113e+01 40
1 1 1 1 3.3147170365758656e-02 2.4735861504954826e-02 1.0000000000017084e+00 8.4002062373886632e-02 1.3688879343243513e-02 1.8930568409636972e+01 39
1 1 1 1 3.3177171187315467e-02 2.4744634076804609e-02 1.0000000000019513e+00 8.3936219173846638e-02 1.4066812346203073e-02 1.8980573441703307e+01 39
1 1 1 1 3.3206693646634151e-02 2.4753113917165306e-02 1.0000000000022253e+00 8.3870316561221236e-02 1.4449290224391944e-02 1.9030573452440350e+01 39
1 1 1 1 3.3235741935849980e-02 2.4761303617709889e-02 1.0000000000025340e+00 8.3804349395252942e-02 1.4836336725323054e-02 1.9080573462311023e+01 39
1 1 1 1 3.3264317242125939e-02 2.4769204882600288e-02 1.0000000000028813e+00 8.3738319154318841e-02 1.5227937279359173e-02 1.9130573471385436e+01 39
1 1 1 1 3.3292420783560296e-02 2.4776819423781769e-02 1.0000000000032716e+00 8.3672227327835635e-02 1.5624076771258190e-02 1.9180573479745771e+01 39
1 1 1 1 3.3320026393919587e-02 2.4784148960800938e-02 1.0000000000037097e+00 8.3606075415449066e-02 1.6024739591817515e-02 1.9230573487447220e+01 39
1 1 1 1 3.3347113716206016e-02 2.4791195220606039e-02 1.0000000000042009e+00 8.3539864926207463e-02 1.6429909684501958e-02 1.9280573494549241e+01 39
1 1 1 1 3.3373732857339730e-02 2.4797959937304308e-02 1.0000000000047509e+00 8.3473597377859310e-02 1.6839570586774131e-02 1.9330573501092260e+01 39
1 1 1 1 3.3399885178518801e-02 2.4804444851936284e-02 1.0000000000053662e+00 8.3407274296147416e-02 1.7253705467563434e-02 1.9380573507124168e+01 39
1 1 1 1 3.3425572070721332e-02 2.4810651712208812e-02 1.0000000000060534e+00 8.3340897214209952e-02 1.7672297160575518e-02 1.9430573512676290e+01 39
1 1 1 1 3.3450794954393882e-02 2.4816582272237642e-02 1.0000000000068205e+00 8.3274467671968166e-02 1.8095328194664553e-02 1.9480573517783771e+01 39
1 1 1 1 3.3475555279080714e-02 2.4822238292260428e-02 1.0000000000076759e+00 8.3207987215591861e-02 1.8522780821026028e-02 1.9530573522474281e+01 39
1 1 1 1 3.3499854523047809e-02 2.4827621538365680e-02 1.0000000000086282e+00 8.3141457396975982e-02 1.8954637037920687e-02 1.9580573526770493e+01 39
1 1 1 1 3.3523694192879830e-02 2.4832733782199776e-02 1.0000000000096878e+00 8.3074879773242960e-02 1.9390878613145666e-02 1.9630573530697333e+01 39
1 1 1 1 3.3547077929599441e-02 2.4837549075502952e-02 1.0000000000108658e+00 8.3008255906290185e-02 1.9831523279362863e-02 1.9680577619215526e+01 39
1 1 1 1 3.3570000685056868e-02 2.4842080584477129e-02 1.0000000000121740e+00 8.2941603692236077e-02 2.0276427505462432e-02 1.9730571706717200e+01 39
1 1 1 1 3.3592471103738843e-02 2.4846346940836265e-02 1.0000000000136251e+00 8.2874901041854021e-02 2.0725709967864745e-02 1.9780571308051442e+01 39
1 1 1 1 3.3614489394536852e-02 2.4850349635591368e-02 1.0000000000152336e+00 8.2808153360993286e-02 2.1179326858319358e-02 1.9830573541125176e+01 39
1 1 1 1 3.3636055052202601e-02 2.4854090082122506e-02 1.0000000000170142e+00 8.2741368714648156e-02 2.1637215003219502e-02 1.9880573543474878e+01 39
1 1 1 1 3.3657170735927951e-02 2.4857570274237288e-02 1.0000000000189839e+00 8.2674545703660229e-02 2.2099375296129757e-02 1.9930573545556165e+01 39
1 1 1 1 3.3677838137746552e-02 2.4860792024678838e-02 1.0000000000211609e+00 8.2607685907803319e-02 2.2565788371973986e-02 1.9980573547370593e+01 39
1 1 1 1 3.3698058974307658e-02 2.4863757149249734e-02 1.0000000000235645e+00 8.2540790908924300e-02 2.3036434756582319e-02 2.0030573548924934e+01 39
1 1 1 1 3.3717834986392879e-02 2.4866467466527490e-02 1.0000000000262161e+00 8.2473862290611988e-02 2.3511294876905675e-02 2.0080573550242324e+01 39
1 1 1 1 3.3737167041661291e-02 2.4868924797569036e-02 1.0000000000291391e+00 8.2406901637933405e-02 2.3990349069918000e-02 2.0130573551317553e+01 39
1 1 1 1 3.3755995093693515e-02 2.4871130965635594e-02 1.0000000000323581e+00 8.2339910537064964e-02 2.4473577591691192e-02 2.0180573552165541e+01 39
1 1 1 1 3.3774383667592438e-02 2.4873087795906048e-02 1.0000000000359006e+00 8.2272890575035229e-02 2.4960960625140836e-02 2.0230573552797445e+01 39
1 1 1 1 3.3792334611979842e-02 2.4874797115200412e-02 1.0000000000397955e+00 8.2205843339445472e-02 2.5452478287264563e-02 2.0280573553205762e+01 39
1 1 1 1 3.3809849796911297e-02 2.4876260751708273e-02 1.0000000000440745e+00 8.2138770418134721e-02 2.5948110636501515e-02 2.0330573553416201e+01 39
1 1 1 1 3.3826931113349883e-02 2.4877480534717993e-02 1.0000000000487721e+00 8.2071673398993350e-02 2.6447837678443810e-02 2.0380573553421172e+01 39
1 1 1 1 3.3843580472682537e-02 2.4878458294350803e-02 1.0000000000539246e+00 8.2004553869632346e-02 2.6951639372262810e-02 2.0430573553231280e+01 39
1 1 1 1 3.3859799806215327e-02 2.4879195861302127e-02 1.0000000000595723e+00 8.1937413417160126e-02 2.7459495635987197e-02 2.0480573552851624e+01 39
1 1 1 1 3.3875591064679925e-02 2.4879695066581747e-02 1.0000000000657578e+00 8.1870253627926937e-02 2.7971386351714832e-02 2.0530573552289326e+01 39
1 1 1 1 3.3890956217736343e-02 2.4879957741264589e-02 1.0000000000725275e+00 8.1803076087291426e-02 2.8487291370325397e-02 2.0580573551545239e+01 39
1 1 1 1 3.3905897253486986e-02 2.4879985716240428e-02 1.0000000000799310e+00 8.1735882379368907e-02 2.9007190516078057e-02 2.0630573550625535e+01 39
1 0 1 1 3.3920416624847842e-02 2.4879771296725396e-02 1.0000000000880229e+00 8.1668674086810500e-02 2.9531077484211000e-02 2.0680574870577914e+01 39
1 0 1 1 3.3934515934068148e-02 2.4879300700754503e-02 1.0000000000968639e+00 8.1601458117753212e-02 3.0058913397219486e-02 2.0730575720791268e+01 39
1 0 1 1 3.3948195418335360e-02 2.4878601092150669e-02 1.0000000001065108e+00 8.1534239485509696e-02 3.0590613308097616e-02 2.0780570049107371e+01 39
1 0 1 1 3.3961461394187528e-02 2.4877674068651812e-02 1.0000000001170337e+00 8.1466998671169299e-02 3.1126324134239280e-02 2.0830573543916550e+01 39
1 0 1 1 3.3974312504398883e-02 2.4876521660283778e-02 1.0000000001285012e+00 8.1399754274392444e-02 3.1665890624707073e-02 2.0880573542200231e+01 39
1 0 1 1 3.3986751779682071e-02 2.4875145642329531e-02 1.0000000001409903e+00 8.1332503164402520e-02 3.2209329844866817e-02 2.0930573540346391e+01 38
1 0 1 1 3.3998781323748409e-02 2.4873547845038452e-02 1.0000000001545835e+00 8.1265246909088984e-02 3.2756621535730127e-02 2.0980573538334575e+01 38
1 0 1 1 3.4010403254988199e-02 2.4871730096523707e-02 1.0000000001693681e+00 8.1197987073394928e-02 3.3307745439224240e-02 2.1030573536189397e+01 38
1 0 1 1 3.4021619705992039e-02 2.4869694222556075e-02 1.0000000001854386e+00 8.1130725219231370e-02 3.3862681299826371e-02 2.1080573533897152e+01 38
1 0 1 1 3.4032432823122905e-02 2.4867442046361075e-02 1.0000000002028953e+00 8.1063462905209327e-02 3.4421408867747465e-02 2.1130573531477062e+01 38
1 0 1 1 3.4042844766056769e-02 2.4864975388428596e-02 1.0000000002218461e+00 8.0996201686538094e-02 3.4983907900485459e-02 2.1180573528916707e+01 38
1 0 1 1 3.4052857707356575e-02 2.4862296066312437e-02 1.0000000002424057e+00 8.0928943114777635e-02 3.5550158165651526e-02 2.1230573526233464e+01 38
1 0 1 1 3.4062472582721853e-02 2.4859405894449807e-02 1.0000000002646972e+00 8.0861688737736692e-02 3.6120139442344122e-02 2.1280573523416326e+01 38
1 0 1 1 3.4071644809635551e-02 2.4856306683977862e-02 1.0000000002888516e+00 8.0794440099240417e-02 3.6693831523722943e-02 2.1330573520483892e+01 38
1 0 1 1 3.4080424808133211e-02 2.4853000242553710e-02 1.0000000003150091e+00 8.0727198739040634e-02 3.7271214218145374e-02 2.1380573517424626e+01 38
1 0 1 1 3.4088814808880881e-02 2.4849488374180034e-02 1.0000000003433189e+00 8.0659966192589749e-02 3.7852267351495640e-02 2.1430573514249943e+01 38
1 0 1 1 3.4096817053102003e-02 2.4845772879037404e-02 1.0000000003739402e+00 8.0592743990932469e-02 3.8436970768448368e-02 2.1480573510961896e+01 38
1 0 1 1 3.4104433792167863e-02 2.4841855553317194e-02 1.0000000004070424e+00 8.0525533660544546e-02 3.9025304334062171e-02 2.1530573507557033e+01 38
1 0 1 1 3.4111667287202933e-02 2.4837738189063641e-02 1.0000000004428060e+00 8.0458336723164658e-02 3.9617247935488854e-02 2.1580573504046384e+01 38
1 0 1 1 3.4118519808679006e-02 2.4833422574013279e-02 1.0000000004814231e+00 8.0391154695687694e-02 4.0212781483052497e-02 2.1630573500428220e+01 38
1 0 1 1 3.4124993636024538e-02 2.4828910491441585e-02 1.0000000005230982e+00 8.0323989090001990e-02 4.0811884911773261e-02 2.1680573496704238e+01 38
1 0 1 1 3.4131091057241741e-02 2.4824203720017257e-02 1.0000000005680485e+00 8.0256841412855467e-02 4.1414538182641132e-02 2.1730573492879959e+01 38
1 0 1 1 3.4136814368521090e-02 2.4819304033658656e-02 1.0000000006165048e+00 8.0189713165735282e-02 4.2020721283690041e-02 2.1780573488953465e+01 38
1 0 1 1 3.4142165873865912e-02 2.4814213201385552e-02 1.0000000006687124e+00 8.0122605844719752e-02 4.2630414231373530e-02 2.1830573484934156e+01 38
1 0 1 1 3.4147147884718648e-02 2.4808932987190183e-02 1.0000000007249317e+00 8.0055520940383484e-02 4.3243597071326703e-02 2.1880573480814839e+01 38
1 0 1 1 3.4151762719599958e-02 2.4803465149899787e-02 1.0000000007854386e+00 7.9988459937633233e-02 4.3860249879857420e-02 2.1930573476608142e+01 38
1 0 1 1 3.4156012703740392e-02 2.4797811443048334e-02 1.0000000008505265e+00 7.9921424315636785e-02 4.4480352764446542e-02 2.1980573472305714e+01 37
1 0 1 1 3.4159900483519121e-02 2.4791954406396668e-02 1.0000000009205374e+00 7.9854415547657653e-02 4.5103917588362311e-02 2.2030576004785580e+01 37
1 0 1 1 3.4163427625469339e-02 2.4785909927230669e-02 1.0000000009957728e+00 7.9787445299365656e-02 4.5730807409467396e-02 2.2080571717931797e+01 37
1 0 1 1 3.4166597298096284e-02 2.4779684359188363e-02 1.0000000010765913e+00 7.9720497822873326e-02 4.6361153150663387e-02 2.2130572644671986e+01 37
1 0 1 1 3.4169411457338254e-02 2.4773280073694139e-02 1.0000000011633547e+00 7.9653581715328270e-02 4.6994868359889662e-02 2.2180573453505989e+01 37
1 0 1 1 3.4171872427593585e-02 2.4766698894039450e-02 1.0000000012564525e+00 7.9586699354657925e-02 4.7631924404373034e-02 2.2230573448803899e+01 37
1 0 1 1 3.4173982615756222e-02 2.4759942440534973e-02 1.0000000013563000e+00 7.9519851093372951e-02 4.8272311881417167e-02 2.2280573444021051e+01 37
1 0 1 1 3.4175744384385455e-02 2.4753012430020045e-02 1.0000000014633339e+00 7.9453038366392281e-02 4.8916011143311094e-02 2.2330573439166471e+01 37
1 0 1 1 3.4177160100045033e-02 2.4745910573017987e-02 1.0000000015780166e+00 7.9386262602069602e-02 4.9563002580119433e-02 2.2380573434229987e+01 37
1 0 1 1 3.4178232132997997e-02 2.4738638573638901e-02 1.0000000017008361e+00 7.9319525222048659e-02 5.0213266620986734e-02 2.2430573429230972e+01 37
1 0 1 1 3.4178962856887520e-02 2.4731198129492264e-02 1.0000000018323072e+00 7.9252827641249357e-02 5.0866783733973110e-02 2.2480573424155239e+01 37
1 0 1 1 3.4179354648431720e-02 2.4723590931582658e-02 1.0000000019729736e+00 7.9186171267706051e-02 5.1523534427425390e-02 2.2530573419012896e+01 37
1 0 1 1 3.4179409887123431e-02 2.4715818664229460e-02 1.0000000021234090e+00 7.9119557502529192e-02 5.2183499250165077e-02 2.2580573413806562e+01 37
1 0 1 1 3.4179130954934613e-02 2.4707883004984364e-02 1.0000000022842177e+00 7.9052987739817948e-02 5.2846658792089003e-02 2.2630573408533227e+01 37
1 0 1 1 3.4178520236016995e-02 2.4699785624538520e-02 1.0000000024560369e+00 7.8986463366564730e-02 5.3512993684868178e-02 2.2680573403195417e+01 37
1 0 1 1 3.4177580116426520e-02 2.4691528186656556e-02 1.0000000026395379e+00 7.8919985762585354e-02 5.4182484602465386e-02 2.2730573397799699e+01 37
1 0 1 1 3.4176312983824800e-02 2.4683112348083951e-02 1.0000000028354274e+00 7.8853556300461453e-02 5.4855112261440242e-02 2.2780573392341417e+01 37
1 0 1 1 3.4174721227216702e-02 2.4674539758490193e-02 1.0000000030444498e+00 7.8787176345441634e-02 5.5530857421750852e-02 2.2830573386827279e+01 37
1 0 1 1 3.4172795193319339e-02 2.4665812060380994e-02 1.0000000032673872e+00 7.8720847255397103e-02 5.6209700886946642e-02 2.2880573381254703e+01 37
1 0 1 1 3.4170528808171875e-02 2.4656930889042503e-02 1.0000000035050631e+00 7.8654570380734368e-02 5.6891623504855313e-02 2.2930573375628278e+01 37
1 0 1 1 3.4167945277829855e-02 2.4647897872467534e-02 1.0000000037583432e+00 7.8588347064345698e-02 5.7576606167865467e-02 2.2980573369948303e+01 37
1 0 1 1 3.4165046998652637e-02 2.4638714631295366e-02 1.0000000040281363e+00 7.8522178641539486e-02 5.8264629813443762e-02 2.3030573364217283e+01 37
1 0 1 1 3.4161836366843917e-02 2.4629382778748887e-02 1.0000000043153980e+00 7.8456066439985539e-02 5.8955675424444284e-02 2.3080573358432492e+01 37
1 0 1 1 3.4158315778207035e-02 2.4619903920578098e-02 1.0000000046211315e+00 7.8390011779640223e-02 5.9649724029746956e-02 2.3130573352603435e+01 37
1 0 1 1 3.4154487627891542e-02 2.4610279655002433e-02 1.0000000049463889e+00 7.8324015972723732e-02 6.0346756704219434e-02 2.3180573346721374e+01 37
1 0 1 1 3.4150354310153661e-02 2.4600511572653194e-02 1.0000000052922751e+00 7.8258080323621804e-02 6.1046754569625862e-02 2.3230573340798102e+01 36
1 0 1 1 3.4145918218122288e-02 2.4590601256531730e-02 1.0000000056599481e+00 7.8192206128881475e-02 6.1749698794447618e-02 2.3280573334827274e+01 36
1 0 1 1 3.4141181743558520e-02 2.4580550281948485e-02 1.0000000060506222e+00 7.8126394677123651e-02 6.2455570594651386e-02 2.3330573328814744e+01 36
1 0 1 1 3.4136147276630967e-02 2.4570360216486183e-02 1.0000000064655701e+00 7.8060647249019788e-02 6.3164351233708879e-02 2.3380573322755865e+01 36
1 0 1 1 3.4130817205686170e-02 2.4560032619944744e-02 1.0000000069061243e+00 7.7994965117219262e-02 6.3876022023291762e-02 2.3430573316662016e+01 36
1 0 1 1 3.4125193917029201e-02 2.4549569044306378e-02 1.0000000073736808e+00 7.7929349546347670e-02 6.4590564323074418e-02 2.3480573310524449e+01 36
1 0 1 1 3.4119279794706851e-02 2.4538971033692524e-02 1.0000000078697002e+00 7.7863801792919962e-02 6.5307959541520327e-02 2.3530573304348209e+01 36
1 0 1 1 3.4113077220287759e-02 2.4528240124318784e-02 1.0000000083957112e+00 7.7798323105322975e-02 6.6028189135974108e-02 2.3580573298138109e+01 36
1 0 1 1 3.4106588572664104e-02 2.4517377844472228e-02 1.0000000089533128e+00 7.7732914723786295e-02 6.6751234612798985e-02 2.3630573291888300e+01 36
1 0 1 1 3.4099816227830537e-02 2.4506385714457780e-02 1.0000000095441761e+00 7.7667577880317695e-02 6.7477077527997614e-02 2.3680573285606499e+01 36
1 0 1 1 3.4092762558694298e-02 2.4495265246581823e-02 1.0000000101700484e+00 7.7602313798698502e-02 6.8205699487093110e-02 2.3730573279286958e+01 36
1 0 1 1 3.4085429934870147e-02 2.4484017945109383e-02 1.0000000108327549e+00 7.7537123694418675e-02 6.8937082145828735e-02 2.3780573272941091e+01 36
1 0 1 1 3.4077820722489625e-02 2.4472645306243993e-02 1.0000000115342020e+00 7.7472008774689322e-02 6.9671207209852454e-02 2.3830573266558424e+01 36
1 0 1 1 3.4069937284002365e-02 2.4461148818090295e-02 1.0000000122763797e+00 7.7406970238362738e-02 7.0408056435505767e-02 2.3880573260143922e+01 36
1 0 1 1 3.4061781977996954e-02 2.4449529960633910e-02 1.0000000130613649e+00 7.7342009275927659e-02 7.1147611629916216e-02 2.3930573253708175e+01 36
1 0 1 1 3.4053357159013184e-02 2.4437790205720053e-02 1.0000000138913245e+00 7.7277127069512730e-02 7.1889854650737453e-02 2.3980573247234151e+01 36
1 0 1 1 3.4044665031253793e-02 2.4425922385702247e-02 1.0000000147687536e+00 7.7212324792789555e-02 7.2634784081943113e-02 2.4030574357935311e+01 36
1 0 1 1 3.4035708590545527e-02 2.4413932111316237e-02 1.0000000156958919e+00 7.7147607953858888e-02 7.3382325348378158e-02 2.4080572799340963e+01 36
1 0 1 1 3.4026489450069065e-02 2.4401825201500225e-02 1.0000000166751397e+00 7.7082971682077672e-02 7.4132519322570076e-02 2.4130572515680445e+01 36
1 0 1 1 3.4017009981358523e-02 2.4389603157294212e-02 1.0000000177090553e+00 7.7018417500851477e-02 7.4885343956256956e-02 2.4180573220979394e+01 36
1 0 1 1 3.4007272836415761e-02 2.4377267824872356e-02 1.0000000188002709e+00 7.6953948746420309e-02 7.5640755778357854e-02 2.4230573214390045e+01 36
1 0 1 1 3.3997280208732390e-02 2.4364820454089452e-02 1.0000000199515764e+00 7.6889565630244378e-02 7.6398747656357721e-02 2.4280573207780819e+01 36
1 0 1 1 3.3987034419673483e-02 2.4352262459659543e-02 1.0000000211658611e+00 7.6825269274929886e-02 7.7159301810552403e-02 2.4330573201148951e+01 36
1 0 1 1 3.3976537785209100e-02 2.4339595247952400e-02 1.0000000224461301e+00 7.6761060794539815e-02 7.7922400513861692e-02 2.4380573194496861e+01 36
1 0 1 1 3.3965792615755948e-02 2.4326820216983801e-02 1.0000000237955093e+00 7.6696941294589566e-02 7.8688026091873489e-02 2.4430573187823185e+01 36
1 0 1 1 3.3954801216027536e-02 2.4313938756403634e-02 1.0000000252172483e+00 7.6632911872024922e-02 7.9456160923148680e-02 2.4480573181131764e+01 36
1 0 1 1 3.3943565884892557e-02 2.4300952247498342e-02 1.0000000267147238e+00 7.6568973615223218e-02 8.0226787439225941e-02 2.4530573174420656e+01 36
1 0 1 1 3.3932088915223410e-02 2.4287862063175139e-02 1.0000000282914443e+00 7.6505127603970935e-02 8.0999888124942521e-02 2.4580573167692773e+01 36
1 0 1 1 3.3920372593757929e-02 2.4274669567963803e-02 1.0000000299510536e+00 7.6441374909464788e-02 8.1775445518455170e-02 2.4630573160946653e+01 36
1 0 1 1 3.3908419200961472e-02 2.4261376118010988e-02 1.0000000316973345e+00 7.6377716594293904e-02 8.2553442211533504e-02 2.4680573154185655e+01 36
1 0 1 1 3.3896231010890968e-02 2.4247983061078459e-02 1.0000000335342136e+00 7.6314153712444321e-02 8.3333860849574892e-02 2.4730573147409221e+01 35
1 0 1 1 3.3883810291062431e-02 2.4234491736542435e-02 1.0000000354657645e+00 7.6250687309286830e-02 8.4116684131821301e-02 2.4780573140617385e+01 35
1 0 1 1 3.3871159302320417e-02 2.4220903475392633e-02 1.0000000374962119e+00 7.6187318421571587e-02 8.4901894811529446e-02 2.4830573133812603e+01 35
1 0 1 1 3.3858280298713593e-02 2.4207219600236168e-02 1.0000000396299369e+00 7.6124048077431561e-02 8.5689475695992098e-02 2.4880573126992221e+01 35
1 0 1 1 3.3845175527369126e-02 2.4193441425296277e-02 1.0000000418714798e+00 7.6060877296366514e-02 8.6479409646913627e-02 2.4930573120163910e+01 35
1 0 1 1 3.3831847228376941e-02 2.4179570256423536e-02 1.0000000442255461e+00 7.5997807089269592e-02 8.7271679580125786e-02 2.4980573113319164e+01 35
1 0 1 1 3.3818297634657782e-02 2.4165607391084556e-02 1.0000000466970089e+00 7.5934838458389470e-02 8.8066268466219483e-02 2.5030573106465528e+01 35
1 0 1 1 3.3804528971866719e-02 2.4151554118387646e-02 1.0000000492909149e+00 7.5871972397362958e-02 8.8863159330279037e-02 2.5080573099601541e+01 35
1 0 1 1 3.3790543458263933e-02 2.4137411719072285e-02 1.0000000520124883e+00 7.5809209891203155e-02 8.9662335252139624e-02 2.5130573092725729e+01 35
1 0 1 1 3.3776343304613536e-02 2.4123181465524706e-02 1.0000000548671348e+00 7.5746551916297367e-02 9.0463779366628611e-02 2.5180573085844230e+01 35
1 0 1 1 3.3761930714075933e-02 2.4108864621788659e-02 1.0000000578604473e+00 7.5683999440431832e-02 9.1267474863344772e-02 2.5230573078949650e+01 35
1 0 1 1 3.3747307882097802e-02 2.4094462443565893e-02 1.0000000609982096e+00 7.5621553422763776e-02 9.2073404987256427e-02 2.5280573072051752e+01 35
1 0 1 1 3.3732476996314410e-02 2.4079976178233591e-02 1.0000000642864013e+00 7.5559214813865905e-02 9.2881553038233450e-02 2.5330573065141444e+01 35
1 0 1 1 3.3717440236446038e-02 2.4065407064851108e-02 1.0000000677312022e+00 7.5496984555691066e-02 9.3691902371753066e-02 2.5380573058227910e+01 35
1 0 1 1 3.3702199774205868e-02 2.4050756334174677e-02 1.0000000713389980e+00 7.5434863581617745e-02 9.4504436398517508e-02 2.5430573051308897e+01 35
1 0 1 1 3.3686757773200543e-02 2.4036025208669543e-02 1.0000000751163842e+00 7.5372852816441460e-02 9.5319138584674376e-02 2.5480573044377877e+01 35
1 0 1 1 3.3671116388835701e-02 2.4021214902517123e-02 1.0000000790701709e+00 7.5310953176361828e-02 9.6135992452332508e-02 2.5530573037450068e+01 35
1 0 1 1 3.3655277768237332e-02 2.4006326621642819e-02 1.0000000832073876e+00 7.5249165569048065e-02 9.6954981578854404e-02 2.5580573030513012e+01 35
1 0 1 1 3.3639244050149592e-02 2.3991361563717058e-02 1.0000000875352890e+00 7.5187490893593667e-02 9.7776089597651772e-02 2.5630573023569784e+01 35
1 0 1 1 3.3623017364858059e-02 2.3976320918177568e-02 1.0000000920613588e+00 7.5125930040547628e-02 9.8599300198087964e-02 2.5680573016627520e+01 35
1 0 1 1 3.3606599834104460e-02 2.3961205866242948e-02 1.0000000967933145e+00 7.5064483891945394e-02 9.9424597125287548e-02 2.5730573009680885e+01 35
1 0 1 1 3.3589993571009336e-02 2.3946017580936771e-02 1.0000001017391136e+00 7.5003153321297616e-02 1.0025196418050118e-01 2.5780573002728531e+01 35
1 0 1 1 3.3573200679983595e-02 2.3930757227091589e-02 1.0000001069069568e+00 7.4941939193602702e-02 1.0108138522123888e-01 2.5830572995776851e+01 35
1 0 1 1 3.3556215718610401e-02 2.3915425961382675e-02 1.0000001123052948e+00 7.4880842365381478e-02 1.0191284416110091e-01 2.5880572988824550e+01 35
1 0 1 1 3.3539045447730613e-02 2.3900024932336752e-02 1.0000001179428317e+00 7.4819863684681853e-02 1.0274632496991204e-01 2.5930572981866415e+01 35
1 0 1 1 3.3521695084207957e-02 2.3884555280353149e-02 1.0000001238285301e+00 7.4759003991077266e-02 1.0358181167412149e-01 2.5980572974912697e+01 35
1 0 1 1 3.3504166695665805e-02 2.3869018137729701e-02 1.0000001299716175e+00 7.4698264115720031e-02 1.0441928835629849e-01 2.6030572967954622e+01 35
1 0 1 1 3.3486462340606878e-02 2.3853414628675920e-02 1.0000001363815891e+00 7.4637644881319021e-02 1.0525873915578458e-01 2.6080572960999305e+01 35
1 0 1 1 3.3468584068353478e-02 2.3837745869339122e-02 1.0000001430682148e+00 7.4577147102187991e-02 1.0610014826828058e-01 2.6130572954040947e+01 35
1 0 1 1 3.3450533918983109e-02 2.3822012967821729e-02 1.0000001500415425e+00 7.4516771584236252e-02 1.0694349994639202e-01 2.6180572947089701e+01 35
1 0 1 1 3.3432313923276925e-02 2.3806217024216259e-02 1.0000001573119037e+00 7.4456519125026044e-02 1.0778877849902724e-01 2.6230572940131648e+01 35
1 0 1 1 3.3413926102641933e-02 2.3790359130605596e-02 1.0000001648899186e+00 7.4396390513735644e-02 1.0863596829234747e-01 2.6280572933182203e+01 35
1 0 1 1 3.3395372469081364e-02 2.3774440371113207e-02 1.0000001727865004e+00 7.4336386531241028e-02 1.0948505374892409e-01 2.6330572926232218e+01 35
1 0 1 1 3.3376655025116900e-02 2.3758461821905576e-02 1.0000001810128607e+00 7.4276507950092163e-02 1.1033601934836844e-01 2.6380572919282191e+01 35
1 0 1 1 3.3357775763745698e-02 2.3742424551224505e-02 1.0000001895805137e+00 7.4216755534542822e-02 1.1118884962734216e-01 2.6430572912339564e+01 35
1 0 1 1 3.3338736668397442e-02 2.3726329619419170e-02 1.0000001985012814e+00 7.4157130040594155e-02 1.1204352917926715e-01 2.6480572905398482e+01 34
1 0 1 1 3.3319539712870799e-02 2.3710178078958619e-02 1.0000002077872978e+00 7.4097632215991416e-02 1.1290004265467603e-01 2.6530572898457685e+01 34
1 0 1 1 3.3300186861296058e-02 2.3693970974465840e-02 1.0000002174510143e+00 7.4038262800246168e-02 1.1375837476135749e-01 2.6580572891525843e+01 34
1 0 1 1 3.3280680068090873e-02 2.3677709342743849e-02 1.0000002275052038e+00 7.3979022524686994e-02 1.1461851026396047e-01 2.6630572884596113e+01 34
1 0 1 1 3.3261021277908490e-02 2.3661394212796085e-02 1.0000002379629651e+00 7.3919912112453523e-02 1.1548043398442179e-01 2.6680572877668361e+01 34
1 0 1 1 3.3241212425605314e-02 2.3645026605860781e-02 1.0000002488377275e+00 7.3860932278524583e-02 1.1634413080204144e-01 2.6730572870750944e+01 34
1 0 1 1 3.3221255436196785e-02 2.3628607535434103e-02 1.0000002601432556e+00 7.3802083729768597e-02 1.1720958565305346e-01 2.6780572863833896e+01 34
1 0 1 1 3.3201152224819640e-02 2.3612138007301522e-02 1.0000002718936534e+00 7.3743367164928908e-02 1.1807678353127339e-01 2.6830572856923528e+01 34
1 0 1 1 3.3180904696693714e-02 2.3595619019558742e-02 1.0000002841033679e+00 7.3684783274676480e-02 1.1894570948778610e-01 2.6880572850023245e+01 34
1 0 1 1 3.3160514747093993e-02 2.3579051562651148e-02 1.0000002967871944e+00 7.3626332741640765e-02 1.1981634863078899e-01 2.6930572843121816e+01 34
1 0 1 1 3.3139984261304947e-02 2.3562436619390951e-02 1.0000003099602799e+00 7.3568016240396716e-02 1.2068868612629884e-01 2.6980572836232398e+01 34
1 0 1 1 3.3119315114604725e-02 2.3545775164997663e-02 1.0000003236381265e+00 7.3509834437541277e-02 1.2156270719741845e-01 2.7030572829348841e+01 34
1 0 1 1 3.3098509172218800e-02 2.3529068167115866e-02 1.0000003378365971e+00 7.3451787991689221e-02 1.2243839712474565e-01 2.7080572822467616e+01 34
1 0 1 1 3.3077568289301917e-02 2.3512316585853607e-02 1.0000003525719172e+00 7.3393877553493359e-02 1.2331574124668383e-01 2.7130572815603617e+01 34
1 0 1 1 3.3056494310915105e-02 2.3495521373815217e-02 1.0000003678606795e+00 7.3336103765721916e-02 1.2419472495848551e-01 2.7180572808734649e+01 34
1 0 1 1 3.3035289071979466e-02 2.3478683476114814e-02 1.0000003837198472e+00 7.3278467263203029e-02 1.2507533371374466e-01 2.7230572801885014e+01 34
1 0 1 1 3.3013954397282143e-02 2.3461803830431401e-02 1.0000004001667580e+00 7.3220968672947750e-02 1.2595755302284478e-01 2.7280572795036083e+01 34
1 0 1 1 3.2992492101423562e-02 2.3444883367014693e-02 1.0000004172191261e+00 7.3163608614098707e-02 1.2684136845425667e-01 2.7330572788199166e+01 34
1 0 1 1 3.2970903988822416e-02 2.3427923008740040e-02 1.0000004348950469e+00 7.3106387698010589e-02 1.2772676563375415e-01 2.7380572781369505e+01 34
1 0 1 1 3.2949191853675786e-02 2.3410923671118959e-02 1.0000004532129989e+00 7.3049306528253533e-02 1.2861373024480921e-01 2.7430572774548736e+01 34
1 0 1 1 3.2927357479952228e-02 2.3393886262344048e-02 1.0000004721918465e+00 7.2992365700651735e-02 1.2950224802849153e-01 2.7480572767737780e+01 34
1 0 1 1 3.2905402641374003e-02 2.3376811683318087e-02 1.0000004918508438e+00 7.2935565803313923e-02 1.3039230478346323e-01 2.7530572760936167e+01 34
1 0 1 1 3.2883329101396137e-02 2.3359700827682940e-02 1.0000005122096360e+00 7.2878907416661115e-02 1.3128388636598773e-01 2.7580572754142114e+01 34
1 0 1 1 3.2861138613194674e-02 2.3342554581852644e-02 1.0000005332882622e+00 7.2822391113451013e-02 1.3217697869010558e-01 2.7630572747362027e+01 34
1 0 1 1 3.2838832919660658e-02 2.3325373825052426e-02 1.0000005551071576e+00 7.2766017458829491e-02 1.3307156772728043e-01 2.7680572740590215e+01 34
1 0 1 1 3.2816413753374858e-02 2.3308159429339715e-02 1.0000005776871559e+00 7.2709787010339255e-02 1.3396763950666493e-01 2.7730572733823934e+01 34
1 0 1 1 3.2793882836603894e-02 2.3290912259643304e-02 1.0000006010494904e+00 7.2653700317945935e-02 1.3486518011535303e-01 2.7780572727077018e+01 34
1 0 1 1 3.2771241881303828e-02 2.3273633173805708e-02 1.0000006252157962e+00 7.2597757924113410e-02 1.3576417569758301e-01 2.7830572720335613e+01 34
1 0 1 1 3.2748492589088421e-02 2.3256323022596913e-02 1.0000006502081118e+00 7.2541960363782743e-02 1.3666461245554720e-01 2.7880572713603769e+01 34
1 0 1 1 3.2725636651235984e-02 2.3238982649760234e-02 1.0000006760488795e+00 7.2486308164427166e-02 1.3756647664908092e-01 2.7930572706885837e+01 34
1 0 1 1 3.2702675748687522e-02 2.3221612892046734e-02 1.0000007027609479e+00 7.2430801846092407e-02 1.3846975459554114e-01 2.7980572700180492e+01 34
1 0 1 1 3.2679611552034971e-02 2.3204214579244532e-02 1.0000007303675711e+00 7.2375441921422395e-02 1.3937443266981067e-01 2.8030572693481311e+01 34
1 0 1 1 3.2656445721515368e-02 2.3186788534209836e-02 1.0000007588924109e+00 7.2320228895672856e-02 1.4028049730472453e-01 2.8080572686800931e+01 34
1 0 1 1 3.2633179907024780e-02 2.3169335572913716e-02 1.0000007883595363e+00 7.2265163266786947e-02 1.4118793499026852e-01 2.8130572680127340e+01 34
1 0 1 1 3.2609815748095808e-02 2.3151856504458997e-02 1.0000008187934240e+00 7.2210245525381883e-02 1.4209673227435443e-01 2.8180572673467694e+01 34
1 0 1 1 3.2586354873911469e-02 2.3134352131124442e-02 1.0000008502189579e+00 7.2155476154812936e-02 1.4300687576229879e-01 2.8230572666820436e+01 34
1 0 1 1 3.2562798903306350e-02 2.3116823248401582e-02 1.0000008826614297e+00 7.2100855631195504e-02 1.4391835211699772e-01 2.8280572660185410e+01 34
1 0 1 1 3.2539149444760052e-02 2.3099270645018637e-02 1.0000009161465380e+00 7.2046384423439747e-02 1.4483114805887543e-01 2.8330572653562971e+01 34
1 0 1 1 3.2515408096411659e-02 2.3081695102986674e-02 1.0000009507003871e+00 7.1992062993285033e-02 1.4574525036590411e-01 2.8380572646955468e+01 34
1 0 1 1 3.2491576446059919e-02 2.3064097397629636e-02 1.0000009863494868e+00 7.1937891795340603e-02 1.4666064587340882e-01 2.8430572640358211e+01 34
1 0 1 1 3.2467656071159555e-02 2.3046478297610945e-02 1.0000010231207503e+00 7.1883871277103883e-02 1.4757732147427788e-01 2.8480572633772631e+01 34
1 0 1 1 3.2443648538840297e-02 2.3028838564980437e-02 1.0000010610414938e+00 7.1830001879001126e-02 1.4849526411899122e-01 2.8530572627208752e+01 33
1 0 1 1 3.2419555405916567e-02 2.3011178955209280e-02 1.0000011001394336e+00 7.1776284034450688e-02 1.4941446081489035e-01 2.8580572620647320e+01 33
1 0 1 1 3.2395378218873352e-02 2.2993500217208612e-02 1.0000011404426841e+00 7.1722718169833333e-02 1.5033489862739111e-01 2.8630572614107493e+01 33
1 0 1 1 3.2371118513905853e-02 2.2975803093386014e-02 1.0000011819797570e+00 7.1669304704597231e-02 1.5125656467874496e-01 2.8680572607581318e+01 33
1 0 1 1 3.2346777816908326e-02 2.2958088319666205e-02 1.0000012247795564e+00 7.1616044051254768e-02 1.5217944614852047e-01 2.8730572601061759e+01 33
1 0 1 1 3.2322357643485504e-02 2.2940356625526681e-02 1.0000012688713780e+00 7.1562936615403028e-02 1.5310353027399684e-01 2.8780572594565768e+01 33
1 0 1 1 3.2297859498984456e-02 2.2922608734045145e-02 1.0000013142849045e+00 7.1509982795812332e-02 1.5402880434910596e-01 2.8830572588079537e+01 33
1 0 1 1 3.2273284878484250e-02 2.2904845361920223e-02 1.0000013610502028e+00 7.1457182984409062e-02 1.5495525572530408e-01 2.8880572581607435e+01 33
1 0 1 1 3.2248635266819113e-02 2.2887067219511434e-02 1.0000014091977201e+00 7.1404537566334747e-02 1.5588287181114988e-01 2.8930572575151917e+01 33
1 0 1 1 3.2223912138596780e-02 2.2869275010879285e-02 1.0000014587582802e+00 7.1352046919983841e-02 1.5681164007214715e-01 2.8980572568706929e+01 33
1 0 1 1 3.2199116958204328e-02 2.2851469433812478e-02 1.0000015097630781e+00 7.1299711417019296e-02 1.5774154803119256e-01 2.9030572562284817e+01 33
1 0 1 1 3.2174251179841476e-02 2.2833651179875208e-02 1.0000015622436766e+00 7.1247531422448857e-02 1.5867258326765618e-01 2.9080572555869427e+01 33
1 0 1 1 3.2149316247510849e-02 2.2815820934422831e-02 1.0000016162320009e+00 7.1195507294605165e-02 1.5960473341844270e-01 2.9130572549475993e+01 33
1 0 1 1 3.2124313595065970e-02 2.2797979376661996e-02 1.0000016717603326e+00 7.1143639385237323e-02 1.6053798617684162e-01 2.9180572543091507e+01 33
1 0 1 1 3.2099244646203888e-02 2.2780127179663816e-02 1.0000017288613052e+00 7.1091928039497154e-02 1.6147232929347802e-01 2.9230572536729280e+01 33
1 0 1 1 3.2074110814502281e-02 2.2762265010412074e-02 1.0000017875678975e+00 7.1040373596023193e-02 1.6240775057524651e-01 2.9280572530374833e+01 33
1 0 1 1 3.2048913503427333e-02 2.2744393529833887e-02 1.0000018479134274e+00 7.0988976386924973e-02 1.6334423788641173e-01 2.9330572524046950e+01 33
1 0 1 1 3.2023654106369794e-02 2.2726513392839591e-02 1.0000019099315460e+00 7.0937736737883783e-02 1.6428177914710096e-01 2.9380572517721653e+01 33
1 0 1 1 3.1998334006641295e-02 2.2708625248347526e-02 1.0000019736562296e+00 7.0886654968106588e-02 1.6522036233498957e-01 2.9430572511423865e+01 33
1 0 1 1 3.1972954577528509e-02 2.2690729739335665e-02 1.0000020391217737e+00 7.0835731390449963e-02 1.6615997548351782e-01 2.9480572505137026e+01 33
1 0 1 1 3.1947517182288408e-02 2.2672827502860596e-02 1.0000021063627846e+00 7.0784966311391528e-02 1.6710060668299959e-01 2.9530572498864867e+01 33
1 0 1 1 3.1922023174183807e-02 2.2654919170100173e-02 1.0000021754141717e+00 7.0734360031089294e-02 1.6804224408023941e-01 2.9580572492614845e+01 33
1 0 1 1 3.1896473896515301e-02 2.2637005366396346e-02 1.0000022463111395e+00 7.0683912843435170e-02 1.6898487587802238e-01 2.9630572486374181e+01 33
1 0 1 1 3.1870870682624355e-02 2.2619086711272246e-02 1.0000023190891791e+00 7.0633625036050807e-02 1.6992849033590790e-01 2.9680572480156361e+01 33
1 0 1 1 3.1845214855942924e-02 2.2601163818485554e-02 1.0000023937840594e+00 7.0583496890370523e-02 1.7087307576922411e-01 2.9730572473951320e+01 33
1 0 1 1 3.1819507730001396e-02 2.2583237296051953e-02 1.0000024704318171e+00 7.0533528681640090e-02 1.7181862054975791e-01 2.9780572467765737e+01 33
1 0 1 1 3.1793750608465919e-02 2.2565307746285779e-02 1.0000025490687481e+00 7.0483720678979511e-02 1.7276511310510972e-01 2.9830572461593203e+01 33
1 0 1 1 3.1767944785158590e-02 2.2547375765833093e-02 1.0000026297313975e+00 7.0434073145396126e-02 1.7371254191918051e-01 2.9880572455443517e+01 33
1 0 1 1 3.1742091544093382e-02 2.2529441945707898e-02 1.0000027124565489e+00 7.0384586337852911e-02 1.7466089553136538e-01 2.9930572449305181e+01 33
1 0 1 1 3.1716192159494123e-02 2.2511506871325304e-02 1.0000027972812142e+00 7.0335260507266850e-02 1.7561016253730966e-01 2.9980572443188354e+01 33
1 0 1 1 3.1690247895835279e-02 2.2493571122540471e-02 1.0000028842426223e+00 7.0286095898581480e-02 1.7656033158812112e-01 3.0030572437088654e+01 33
1 0 1 1 3.1664260007863217e-02 2.2475635273679892e-02 1.0000029733782085e+00 7.0237092750784436e-02 1.7751139139057298e-01 3.0080572431001773e+01 33
1 0 1 1 3.1638229740620742e-02 2.2457699893571492e-02 1.0000030647256029e+00 7.0188251296935511e-02 1.7846333070724693e-01 3.0130572424935796e+01 33
1 0 1 1 3.1612158329495106e-02 2.2439765545592693e-02 1.0000031583226170e+00 7.0139571764226805e-02 1.7941613835611772e-01 3.0180572418893551e+01 33
1 0 1 1 3.1586047000241549e-02 2.2421832787698607e-02 1.0000032542072339e+00 7.0091054374022854e-02 1.8036980321011670e-01 3.0230572412854926e+01 33
1 0 1 1 3.1559896968993348e-02 2.2403902172443022e-02 1.0000033524175940e+00 7.0042699341841874e-02 1.8132431419839534e-01 3.0280572406847451e+01 33
1 0 1 1 3.1533709442337188e-02 2.2385974247043101e-02 1.0000034529919821e+00 6.9994506877478380e-02 1.8227966030443188e-01 3.0330572400851988e+01 33
1 0 1 1 3.1507485617305514e-02 2.2368049553384572e-02 1.0000035559688147e+00 6.9946477184970296e-02 1.8323583056729822e-01 3.0380572394874410e+01 33
1 0 1 1 3.1481226681428560e-02 2.2350128628070891e-02 1.0000036613866268e+00 6.9898610462665545e-02 1.8419281408102581e-01 3.0430572388917032e+01 33
1 0 1 1 3.1454933812767677e-02 2.2332212002457757e-02 1.0000037692840567e+00 6.9850906903259513e-02 1.8515059999445849e-01 3.0480572382976035e+01 33
1 0 1 1 3.1428608179939845e-02 2.2314300202679514e-02 1.0000038796998327e+00 6.9803366693820423e-02 1.8610917751137479e-01 3.0530572377053410e+01 33
1 0 1 1 3.1402250942162688e-02 2.2296393749694235e-02 1.0000039926727584e+00 6.9755990015833602e-02 1.8706853589030731e-01 3.0580572371151927e+01 33
1 0 1 1 3.1375863249282751e-02 2.2278493159307224e-02 1.0000041082416975e+00 6.9708777045244030e-02 1.8802866444424696e-01 3.0630572365266627e+01 33
1 0 1 1 3.1349446241812740e-02 2.2260598942214691e-02 1.0000042264455589e+00 6.9661727952478825e-02 1.8898955254084271e-01 3.0680572359398635e+01 33
1 0 1 1 3.1323001050961190e-02 2.2242711604027014e-02 1.0000043473232805e+00 6.9614842902489482e-02 1.8995118960222324e-01 3.0730572353553153e+01 33
1 0 1 1 3.1296528798681778e-02 2.2224831645316162e-02 1.0000044709138145e+00 6.9568122054800868e-02 1.9091356510459670e-01 3.0780572347723023e+01 32
1 0 1 1 3.1270030597691643e-02 2.2206959561634317e-02 1.0000045972561100e+00 6.9521565563526344e-02 1.9187666857856861e-01 3.0830572341911761e+01 32
1 0 1 1 3.1243507551520638e-02 2.2189095843558691e-02 1.0000047263890972e+00 6.9475173577417726e-02 1.9284048960887584e-01 3.0880572336124818e+01 32
1 0 1 1 3.1216960754553186e-02 2.2171240976728415e-02 1.0000048583516707e+00 6.9428946239913691e-02 1.9380501783387133e-01 3.0930572330348667e+01 32
1 0 1 1 3.1190385063682349e-02 2.2153395441856863e-02 1.0000049931826718e+00 6.9382883689138447e-02 1.9477024294625830e-01 3.0980572324595673e+01 32
1 0 1 1 3.1163787097485525e-02 2.2135559714791989e-02 1.0000051309208713e+00 6.9336986057977446e-02 1.9573615469222699e-01 3.1030572318863818e+01 32
1 0 1 1 3.1137168552723072e-02 2.2117734266533899e-02 1.0000052716049521e+00 6.9291253474100395e-02 1.9670274287152234e-01 3.1080572313147513e+01 32
1 0 1 1 3.1110530489349482e-02 2.2099919563268889e-02 1.0000054152734914e+00 6.9245686059985878e-02 1.9766999733765356e-01 3.1130572307453988e+01 32
1 0 1 1 3.1083873958341085e-02 2.2082116066408877e-02 1.0000055619649415e+00 6.9200283932979140e-02 1.9863790799723285e-01 3.1180572301775278e+01 32
1 0 1 1 3.1057200001721789e-02 2.2064324232616186e-02 1.0000057117176122e+00 6.9155047205303077e-02 1.9960646481044786e-01 3.1230572296118890e+01 32
1 0 1 1 3.1030509652616240e-02 2.2046544513846019e-02 1.0000058645696517e+00 6.9109975984118166e-02 2.0057565779051173e-01 3.1280572290485566e+01 32
1 0 1 1 3.1003803935283788e-02 2.2028777357373339e-02 1.0000060205590271e+00 6.9065070371556292e-02 2.0154547700339764e-01 3.1330572284862615e+01 32
1 0 1 1 3.0977083865143001e-02 2.2011023205819175e-02 1.0000061797235054e+00 6.9020330464725166e-02 2.0251591256858104e-01 3.1380572279267849e+01 32
1 0 1 1 3.0950350448842399e-02 2.1993282497202764e-02 1.0000063421006340e+00 6.8975756355795337e-02 2.0348695465773281e-01 3.1430572273688746e+01 32
1 0 1 1 3.0923604684270727e-02 2.1975555664952108e-02 1.0000065077277207e+00 6.8931348131993975e-02 2.0445859349547732e-01 3.1480572268128817e+01 32
1 0 1 1 3.0896847560610567e-02 2.1957843137947797e-02 1.0000066766418136e+00 6.8887105875657939e-02 2.0543081935896174e-01 3.1530572262591441e+01 32
1 0 1 1 3.0870080058381665e-02 2.1940145340556085e-02 1.0000068488796805e+00 6.8843029664274857e-02 2.0640362257755365e-01 3.1580572257071086e+01 32
1 0 1 1 3.0843303149473950e-02 2.1922462692656301e-02 1.0000070244777888e+00 6.8799119570503497e-02 2.0737699353318303e-01 3.1630572251577668e+01 32
1 0 1 1 3.0816517797198559e-02 2.1904795609678430e-02 1.0000072034722844e+00 6.8755375662238050e-02 2.0835092265925811e-01 3.1680572246088065e+01 32
1 0 1 1 3.0789724956301497e-02 2.1887144502619509e-02 1.0000073858989709e+00 6.8711798002580260e-02 2.0932540044238854e-01 3.1730572240640566e+01 32
1 0 1 1 3.0762925573058712e-02 2.1869509778106696e-02 1.0000075717932875e+00 6.8668386649981483e-02 2.1030041741946109e-01 3.1780572235192977e+01 32
1 0 1 1 3.0736120585248952e-02 2.1851891838387733e-02 1.0000077611902896e+00 6.8625141658153588e-02 2.1127596418057493e-01 3.1830572229779069e+01 32
1 0 1 1 3.0709310922258908e-02 2.1834291081403098e-02 1.0000079541246245e+00 6.8582063076211452e-02 2.1225203136634263e-01 3.1880572224377573e+01 32
1 0 1 1 3.0682497505077636e-02 2.1816707900783938e-02 1.0000081506305118e+00 6.8539150948635275e-02 2.1322860966946988e-01 3.1930572219000787e+01 32
1 0 1 1 3.0655681246368902e-02 2.1799142685906474e-02 1.0000083507417203e+00 6.8496405315349285e-02 2.1420568983357932e-01 3.1980572213640727e+01 32
1 0 1 1 3.0628863050494139e-02 2.1781595821908042e-02 1.0000085544915462e+00 6.8453826211729379e-02 2.1518326265380219e-01 3.2030572208307227e+01 32
1 0 1 1 3.0602043813574301e-02 2.1764067689732793e-02 1.0000087619127911e+00 6.8411413668667209e-02 2.1616131897585356e-01 3.2080572202987369e+01 32
1 0 1 1 3.0575224423507078e-02 2.1746558666144476e-02 1.0000089730377382e+00 6.8369167712568846e-02 2.1713984969669417e-01 3.2130572197687158e+01 32
1 0 1 1 3.0548405760025907e-02 2.1729069123769922e-02 1.0000091878981316e+00 6.8327088365410182e-02 2.1811884576406831e-01 3.2180572192414651e+01 32
1 0 1 1 3.0521588694749049e-02 2.1711599431130935e-02 1.0000094065251526e+00 6.8285175644786145e-02 2.1909829817599424e-01 3.2230572187162082e+01 32
1 0 1 1 3.0494774091208997e-02 2.1694149952668419e-02 1.0000096289493963e+00 6.8243429563924873e-02 2.2007819798083927e-01 3.2280572181916611e+01 32
1 0 1 1 3.0467962804880139e-02 2.1676721048761196e-02 1.0000098552008498e+00 6.8201850131696162e-02 2.2105853627811176e-01 3.2330572176708621e+01 32
1 0 1 1 3.0441155683272547e-02 2.1659313075791473e-02 1.0000100853088687e+00 6.8160437352721370e-02 2.2203930421648169e-01 3.2380572171517649e+01 32
1 0 1 1 3.0414353565928347e-02 2.1641926386141402e-02 1.0000103193021534e+00 6.8119191227345277e-02 2.2302049299482543e-01 3.2430572166334109e+01 32
1 0 1 1 3.0387557284463903e-02 2.1624561328224403e-02 1.0000105572087268e+00 6.8078111751660564e-02 2.2400209386268069e-01 3.2480572161189691e+01 32
1 0 1 1 3.0360767662661062e-02 2.1607218246546142e-02 1.0000107990559104e+00 6.8037198917617364e-02 2.2498409811803566e-01 3.2530572156052102e+01 32
1 0 1 1 3.0333985516450401e-02 2.1589897481693768e-02 1.0000110448703012e+00 6.7996452712966504e-02 2.2596649710953262e-01 3.2580572150945684e+01 32
1 0 1 1 3.0307211654003061e-02 2.1572599370397998e-02 1.0000112946777482e+00 6.7955873121368221e-02 2.2694928223428334e-01 3.2630572145847360e+01 32
1 0 1 1 3.0280446875730910e-02 2.1555324245533591e-02 1.0000115485033294e+00 6.7915460122358051e-02 2.2793244493959042e-01 3.2680572140782459e+01 32
1 0 1 1 3.0253691974376967e-02 2.1538072436180295e-02 1.0000118063713277e+00 6.7875213691450637e-02 2.2891597672098296e-01 3.2730572135732110e+01 32
1 0 1 1 3.0226947735018602e-02 2.1520844267622963e-02 1.0000120683052078e+00 6.7835133800116965e-02 2.2989986912343313e-01 3.2780572130703803e+01 32
1 0 1 1 3.0200214935133703e-02 2.1503640061398724e-02 1.0000123343275928e+00 6.7795220415846125e-02 2.3088411374049042e-01 3.2830572125694204e+01 32
1 0 1 1 3.0173494344632887e-02 2.1486460135315265e-02 1.0000126044602415e+00 6.7755473502165403e-02 2.3186870221450329e-01 3.2880572120709246e+01 32
1 0 1 1 3.0146786725914001e-02 2.1469304803487868e-02 1.0000128787240230e+00 6.7715893018688467e-02 2.3285362623596892e-01 3.2930572115738570e+01 32
1 0 1 1 3.0120092833888824e-02 2.1452174376356842e-02 1.0000131571388959e+00 6.7676478921121830e-02 2.3383887754428329e-01 3.2980572110801816e+01 32
1 0 1 1 3.0093413416058572e-02 2.1435069160735655e-02 1.0000134397238833e+00 6.7637231161347233e-02 2.3482444792603779e-01 3.3030572105870093e+01 32
1 0 1 1 3.0066749212508587e-02 2.1417989459808374e-02 1.0000137264970499e+00 6.7598149687380787e-02 2.3581032921682551e-01 3.3080572100965590e+01 32
1 0 1 1 3.0040100955995883e-02 2.1400935573185512e-02 1.0000140174754797e+00 6.7559234443468286e-02 2.3679651329967868e-01 3.3130572096090482e+01 32
1 0 1 1 3.0013469371985249e-02 2.1383907796927129e-02 1.0000143126752519e+00 6.7520485370109906e-02 2.3778299210483567e-01 3.3180572091223098e+01 32
1 0 1 1 2.9986855178662203e-02 2.1366906423549450e-02 1.0000146121114188e+00 6.7481902404046834e-02 2.3876975761082628e-01 3.3230572086381464e+01 31
1 0 1 1 2.9960259087011547e-02 2.1349931742077118e-02 1.0000149157979827e+00 6.7443485478342030e-02 2.3975680184315140e-01 3.3280572081563818e+01 31
1 0 1 1 2.9933681800849304e-02 2.1332984038061043e-02 1.0000152237478734e+00 6.7405234522397744e-02 2.4074411687441996e-01 3.3330572076764319e+01 31
1 0 1 1 2.9907124016861731e-02 2.1316063593604856e-02 1.0000155359729257e+00 6.7367149461977749e-02 2.4173169482443169e-01 3.3380572071984695e+01 31
1 0 1 1 2.9880586424649892e-02 2.1299170687389429e-02 1.0000158524838569e+00 6.7329230219245390e-02 2.4271952785982631e-01 3.3430572067225654e+01 31
1 0 1 1 2.9854069700460992e-02 2.1282305536505716e-02 1.0000161732923982e+00 6.7291476712794479e-02 2.4370760843546954e-01 3.3480572074485586e+01 31
1 0 1 1 2.9827573853731273e-02 2.1265462129868264e-02 1.0000164986447551e+00 6.7253888884838964e-02 2.4469595430651650e-01 3.3530573358936202e+01 31
1 0 1 1 2.9801102300070374e-02 2.1248648401374786e-02 1.0000168282923898e+00 6.7216469552097535e-02 2.4568445457532093e-01 3.3580570724035503e+01 31
1 0 1 1 2.9774651529877696e-02 2.1231861967446579e-02 1.0000171622934821e+00 6.7179212726267257e-02 2.4667325736032494e-01 3.3630572048243010e+01 31
1 0 1 1 2.9748224997123717e-02 2.1215104868172519e-02 1.0000175006180549e+00 6.7142122265060056e-02 2.4766225050582646e-01 3.3680572043594942e+01 31
1 0 1 1 2.9721822646521848e-02 2.1198376916322380e-02 1.0000178432786844e+00 6.7105197077205248e-02 2.4865145273283684e-01 3.3730572038962677e+01 31
1 0 1 1 2.9695445119286710e-02 2.1181678367933460e-02 1.0000181902778604e+00 6.7068437060408465e-02 2.4964085653202034e-01 3.3780572034351088e+01 31
1 0 1 1 2.9669093049895737e-02 2.1165009475821804e-02 1.0000185416167851e+00 6.7031842109026463e-02 2.5063045443962823e-01 3.3830572029766643e+01 31
1 0 1 1 2.9642767066142869e-02 2.1148370489618106e-02 1.0000188972953519e+00 6.6995412114107866e-02 2.5162023903694425e-01 3.3880572025196557e+01 31
1 0 1 1 2.9616467789160019e-02 2.1131761655777841e-02 1.0000192573121274e+00 6.6959146963395055e-02 2.5261020295081377e-01 3.3930572020644206e+01 31
1 0 1 1 2.9590195833468530e-02 2.1115183217612563e-02 1.0000196216643309e+00 6.6923046541366438e-02 2.5360033885334032e-01 3.3980572016122217e+01 31
1 0 1 1 2.9563951807040009e-02 2.1098635415327392e-02 1.0000199903478151e+00 6.6887110729288879e-02 2.5459063946095906e-01 3.4030572011613344e+01 31
1 0 1 1 2.9537736311307673e-02 2.1082118486024513e-02 1.0000203633570481e+00 6.6851339405207683e-02 2.5558109753539976e-01 3.4080572007128197e+01 31
1 0 1 1 2.9511549941234748e-02 2.1065632663747374e-02 1.0000207406850947e+00 6.6815732444005876e-02 2.5657170588272676e-01 3.4130572002663790e+01 31
1 0 1 1 2.9485393285343182e-02 2.1049178179492454e-02 1.0000211223235993e+00 6.6780289717421726e-02 2.5756245735334754e-01 3.4180571998213708e+01 31
1 0 1 1 2.9459266925752275e-02 2.1032755261235749e-02 1.0000215082627673e+00 6.6745011094066442e-02 2.5855334484230774e-01 3.4230571993789873e+01 31
1 0 1 1 2.9433171438237229e-02 2.1016364133964627e-02 1.0000218984913489e+00 6.6709896439478555e-02 2.5954436128847452e-01 3.4280571989390445e+01 31
1 0 1 1 2.9407107392266332e-02 2.1000005019701038e-02 1.0000222929966229e+00 6.6674945616144232e-02 2.6053549967433204e-01 3.4330571984996965e+01 31
1 0 1 1 2.9381075351016948e-02 2.0983678137507775e-02 1.0000226917643806e+00 6.6640158483491085e-02 2.6152675302709283e-01 3.4380571980639132e+01 31
1 0 1 1 2.9355075871464149e-02 2.0967383703541016e-02 1.0000230947789093e+00 6.6605534897981711e-02 2.6251811441642142e-01 3.4430571976288441e+01 31
1 0 1 1 2.9329109504375065e-02 2.0951121931048200e-02 1.0000235020229786e+00 6.6571074713072192e-02 2.6350957695653332e-01 3.4480571971970839e+01 31
1 0 1 1 2.9303176794394134e-02 2.0934893030414289e-02 1.0000239134778262e+00 6.6536777779304862e-02 2.6450113380385626e-01 3.4530571967658453e+01 31
1 0 1 1 2.9277278280037292e-02 2.0918697209158534e-02 1.0000243291231425e+00 6.6502643944269274e-02 2.6549277815908484e-01 3.4580571963380436e+01 31
1 0 1 1 2.9251414493785641e-02 2.0902534671990568e-02 1.0000247489370591e+00 6.6468673052698851e-02 2.6648450326474254e-01 3.4630571959107961e+01 31
1 0 1 1 2.9225585962072233e-02 2.0886405620797553e-02 1.0000251728961351e+00 6.6434864946428973e-02 2.6747630240730919e-01 3.4680571954870317e+01 31
1 0 1 1 2.9199793205377762e-02 2.0870310254702699e-02 1.0000256009753457e+00 6.6401219464493844e-02 2.6846816891470532e-01 3.4730571950635508e+01 31
1 0 1 1 2.9174036738214035e-02 2.0854248770051993e-02 1.0000260331480701e+00 6.6367736443078695e-02 2.6946009615856059e-01 3.4780571946432751e+01 31
1 0 1 1 2.9148317069218638e-02 2.0838221360471181e-02 1.0000264693860819e+00 6.6334415715615935e-02 2.7045207755199530e-01 3.4830571942248405e+01 31
1 0 1 1 2.9122634701164177e-02 2.0822228216867127e-02 1.0000269096595371e+00 6.6301257112772793e-02 2.7144410655036738e-01 3.4880571938071967e+01 31
1 0 1 1 2.9096990130990933e-02 2.0806269527447029e-02 1.0000273539369677e+00 6.6268260462465312e-02 2.7243617665184761e-01 3.4930571933932505e+01 31
1 0 1 1 2.9071383849889620e-02 2.0790345477765673e-02 1.0000278021852698e+00 6.6235425589941416e-02 2.7342828139518049e-01 3.4980571929794110e+01 31
1 0 1 1 2.9045816343281298e-02 2.0774456250710085e-02 1.0000282543696977e+00 6.6202752317728208e-02 2.7442041436206632e-01 3.5030571925683617e+01 31
1 0 1 1 2.9020288090908057e-02 2.0758602026554180e-02 1.0000287104538563e+00 6.6170240465722396e-02 2.7541256917517687e-01 3.5080571921598143e+01 31
1 0 1 1 2.8994799566858367e-02 2.0742782982970193e-02 1.0000291703996944e+00 6.6137889851198173e-02 2.7640473949822647e-01 3.5130571917516768e+01 31
1 0 1 1 2.8969351239579982e-02 2.0726999295034070e-02 1.0000296341674992e+00 6.6105700288797642e-02 2.7739691903708175e-01 3.5180571913463915e+01 31
1 0 1 1 2.8943943571960170e-02 2.0711251135273129e-02 1.0000301017158908e+00 6.6073671590607452e-02 2.7838910153803265e-01 3.5230571909429770e+01 31
1 0 1 1 2.8918577021340312e-02 2.0695538673668933e-02 1.0000305730018193e+00 6.6041803566154966e-02 2.7938128078834901e-01 3.5280571905406809e+01 31
1 0 1 1 2.8893252039551332e-02 2.0679862077679897e-02 1.0000310479805601e+00 6.6010096022425052e-02 2.8037345061641833e-01 3.5330571901403090e+01 31
1 0 1 1 2.8867959193006228e-02 2.0664221512267791e-02 1.0000315266057132e+00 6.5978548763900136e-02 2.8136560489133494e-01 3.5380571897429633e+01 31
1 0 1 1 2.8842707679690736e-02 2.0648617139923619e-02 1.0000320088291994e+00 6.5947161592600723e-02 2.8235773752191234e-01 3.5430571893458747e+01 31
1 0 1 1 2.8817499105605424e-02 2.0633049120667726e-02 1.0000324946012615e+00 6.5915934308057672e-02 2.8334984245821743e-01 3.5480571889507551e+01 31
1 0 1 1 2.8792333901429986e-02 2.0617517612085568e-02 1.0000329838704640e+00 6.5884866707376144e-02 2.8434191369039857e-01 3.5530571885587449e+01 31
1 0 1 1 2.8767212492539326e-02 2.0602022769357835e-02 1.0000334765836929e+00 6.5853958585270600e-02 2.8533394524776179e-01 3.5580571881663793e+01 31
1 0 1 1 2.8742135298985238e-02 2.0586564745243719e-02 1.0000339726861593e+00 6.5823209734024835e-02 2.8632593120103839e-01 3.5630571877778848e+01 31
1 0 1 1 2.8717102735610320e-02 2.0571143690149497e-02 1.0000344721214012e+00 6.5792619943602026e-02 2.8731786565906442e-01 3.5680571873890258e+01 31
1 0 1 1 2.8692115212008297e-02 2.0555759752100489e-02 1.0000349748312882e+00 6.5762189001576432e-02 2.8830974277191146e-01 3.5730571870036620e+01 31
1 0 1 1 2.8667173132630203e-02 2.0540413076801510e-02 1.0000354807560246e+00 6.5731916693239967e-02 2.8930155672776064e-01 3.5780571866187280e+01 31
1 0 1 1 2.8642276896766548e-02 2.0525103807623679e-02 1.0000359898341571e+00 6.5701802801555964e-02 2.9029330175510198e-01 3.5830571862359811e+01 31
1 0 1 1 2.8617426898618622e-02 2.0509832085643793e-02 1.0000365020025797e+00 6.5671847107224512e-02 2.9128497212113819e-01 3.5880571858546958e+01 30
1 0 1 1 2.8592623527318714e-02 2.0494598049653371e-02 1.0000370171965429e+00 6.5642049388683732e-02 2.9227656213238140e-01 3.5930571854753516e+01 30
1 0 1 1 2.8567867166978608e-02 2.0479401836186649e-02 1.0000375353496607e+00 6.5612409422143247e-02 2.9326806613390605e-01 3.5980571850964779e+01 30
1 0 1 1 2.8543158196698705e-02 2.0464243579518857e-02 1.0000380563939215e+00 6.5582926981578638e-02 2.9425947851046175e-01 3.6030571847211178e+01 30
1 0 1 1 2.8518496990657061e-02 2.0449123411721993e-02 1.0000385802596976e+00 6.5553601838808706e-02 2.9525079368410034e-01 3.6080571843453171e+01 30
1 0 1 1 2.8493883918075960e-02 2.0434041462636193e-02 1.0000391068757579e+00 6.5524433763439915e-02 2.9624200611683471e-01 3.6130571839724084e+01 30
1 0 1 1 2.8469319343319168e-02 2.0418997859927755e-02 1.0000396361692794e+00 6.5495422522957369e-02 2.9723311030788613e-01 3.6180571835996830e+01 30
1 0 1 1 2.8444803625877833e-02 2.0403992729077735e-02 1.0000401680658619e+00 6.5466567882686122e-02 2.9822410079592121e-01 3.6230571832303220e+01 30
1 0 1 1 2.8420337120457845e-02 2.0389026193429426e-02 1.0000407024895412e+00 6.5437869605874749e-02 2.9921497215635684e-01 3.6280571828605183e+01 30
1 0 1 1 2.8395920176954116e-02 2.0374098374171725e-02 1.0000412393628069e+00 6.5409327453641863e-02 3.0020571900408538e-01 3.6330571824937806e+01 30
1 0 1 1 2.8371553140544979e-02 2.0359209390389883e-02 1.0000417786066167e+00 6.5380941185067376e-02 3.0119633599052698e-01 3.6380571821267992e+01 30
1 0 1 1 2.8347236351669299e-02 2.0344359359050556e-02 1.0000423201404163e+00 6.5352710557144478e-02 3.0218681780612355e-01 3.6430571817625882e+01 30
1 0 1 1 2.8322970146115158e-02 2.0329548395052160e-02 1.0000428638821566e+00 6.5324635324859714e-02 3.0317715917794424e-01 3.6480571813989890e+01 30
1 0 1 1 2.8298754855010187e-02 2.0314776611213288e-02 1.0000434097483146e+00 6.5296715241165981e-02 3.0416735487131685e-01 3.6530571810376401e+01 30
1 0 1 1 2.8274590804888158e-02 2.0300044118309577e-02 1.0000439576539131e+00 6.5268950057036867e-02 3.0515739968816308e-01 3.6580571806761576e+01 30
1 0 1 1 2.8250478317687552e-02 2.0285351025072691e-02 1.0000445075125444e+00 6.5241339521441288e-02 3.0614728846862249e-01 3.6630571803167868e+01 30
1 0 1 1 2.8226417710815844e-02 2.0270697438221158e-02 1.0000450592363912e+00 6.5213883381404492e-02 3.0713701608949967e-01 3.6680571799593892e+01 30
1 0 1 1 2.8202409297179935e-02 2.0256083462478817e-02 1.0000456127362520e+00 6.5186581382015718e-02 3.0812657746431527e-01 3.6730571796020826e+01 30
1 0 1 1 2.8178453385191662e-02 2.0241509200572379e-02 1.0000461679215655e+00 6.5159433266419653e-02 3.0911596754420956e-01 3.6780571792465196e+01 30
1 0 1 1 2.8154550278829356e-02 2.0226974753264265e-02 1.0000467247004372e+00 6.5132438775865165e-02 3.1010518131656928e-01 3.6830571788915293e+01 30
1 0 1 1 2.8130700277648232e-02 2.0212480219359095e-02 1.0000472829796656e+00 6.5105597649697422e-02 3.1109421380628044e-01 3.6880571785398935e+01 30
1 0 1 1 2.8106903676854943e-02 2.0198025695740314e-02 1.0000478426647708e+00 6.5078909625423037e-02 3.1208306007313130e-01 3.6930571781859435e+01 30
1 0 1 1 2.8083160089593263e-02 2.0183606411437623e-02 1.0000484042520046e+00 6.5052374438632432e-02 3.1307174319761921e-01 3.6980573134192696e+01 30
1 0 1 1 2.8059472051204643e-02 2.0169225884283243e-02 1.0000489673444799e+00 6.5025993979632463e-02 3.1406016464492653e-01 3.7030571130179204e+01 30
1 0 1 1 2.8035837373869721e-02 2.0154885136196694e-02 1.0000495315926121e+00 6.4999764812710636e-02 3.1504842270136563e-01 3.7080571017408012e+01 30
1 0 1 1 2.8012256825898928e-02 2.0140584554673477e-02 1.0000500968855637e+00 6.4973687219769760e-02 3.1603649224153335e-01 3.7130571768072642e+01 30
1 0 1 1 2.7988731444087638e-02 2.0126324689989612e-02 1.0000506631045847e+00 6.4947761773294588e-02 3.1702433654195639e-01 3.7180571764608494e+01 30
1 0 1 1 2.7965261141939660e-02 2.0112105411803947e-02 1.0000512301566311e+00 6.4921987805405756e-02 3.1801196578476615e-01 3.7230571761151516e+01 30
1 0 1 1 2.7941846184859974e-02 2.0097926803931670e-02 1.0000517979390759e+00 6.4896365040922110e-02 3.1899937528409933e-01 3.7280571757716089e+01 30
1 0 1 1 2.7918486834138844e-02 2.0083788948373898e-02 1.0000523663482643e+00 6.4870893202935986e-02 3.1998656038905032e-01 3.7330571754278409e+01 30
1 0 1 1 2.7895183346947617e-02 2.0069691925314489e-02 1.0000529352795500e+00 6.4845572012790537e-02 3.2097351648514794e-01 3.7380571750855381e+01 30
1 0 1 1 2.7871935976399038e-02 2.0055635813150750e-02 1.0000535046273324e+00 6.4820401190126942e-02 3.2196023899285248e-01 3.7430571747433973e+01 30
1 0 1 1 2.7848744971551789e-02 2.0041620688494185e-02 1.0000540742850965e+00 6.4795380452873585e-02 3.2294672336873581e-01 3.7480571744035821e+01 30
1 0 1 1 2.7825610577472536e-02 2.0027646626202291e-02 1.0000546441454503e+00 6.4770509517296182e-02 3.2393296510378866e-01 3.7530571740636994e+01 30
1 0 1 1 2.7802533035232536e-02 2.0013713699374734e-02 1.0000552141001668e+00 6.4745788097972656e-02 3.2491895972476564e-01 3.7580571737239850e+01 30
1 0 1 1 2.7779512581942570e-02 1.9999821979369132e-02 1.0000557840402244e+00 6.4721215907818458e-02 3.2590470279384776e-01 3.7630571733861963e+01 30
1 0 1 1 2.7756549450803625e-02 1.9985971535829788e-02 1.0000563538558482e+00 6.4696792658122226e-02 3.2689018990775942e-01 3.7680571730495288e+01 30
1 0 1 1 2.7733643871123922e-02 1.9972162436692233e-02 1.0000569234365531e+00 6.4672518058544404e-02 3.2787541669773934e-01 3.7730571727109727e+01 30
1 0 1 1 2.7710796068308501e-02 1.9958394748175793e-02 1.0000574926711876e+00 6.4648391817092921e-02 3.2886037883178570e-01 3.7780571723771217e+01 30
1 0 1 1 2.7688006263979825e-02 1.9944668534849202e-02 1.0000580614479764e+00 6.4624413640234357e-02 3.2984507200985480e-01 3.7830571720404045e+01 30
1 0 1 1 2.7665274675892634e-02 1.9930983859579338e-02 1.0000586296545679e+00 6.4600583232784947e-02 3.3082949196929312e-01 3.7880571717069323e+01 30
1 0 1 1 2.7642601518062613e-02 1.9917340783602765e-02 1.0000591971780766e+00 6.4576900298031259e-02 3.3181363447993956e-01 3.7930571713721967e+01 30
1 0 1 1 2.7619987000715673e-02 1.9903739366491785e-02 1.0000597639051316e+00 6.4553364537661473e-02 3.3279749534757547e-01 3.7980571710390407e+01 30
1 0 1 1 2.7597431330366511e-02 1.9890179666198382e-02 1.0000603297219219e+00 6.4529975651831162e-02 3.3378107041171778e-01 3.8030571707068709e+01 30
1 0 1 1 2.7574934709831685e-02 1.9876661739058943e-02 1.0000608945142446e+00 6.4506733339158462e-02 3.3476435554598216e-01 3.8080571703738933e+01 30
1 0 1 1 2.7552497338232635e-02 1.9863185639791961e-02 1.0000614581675527e+00 6.4483637296716023e-02 3.3574734665912254e-01 3.8130571700429265e+01 30
1 0 1 1 2.7530119411064664e-02 1.9849751421534095e-02 1.0000620205670026e+00 6.4460687220084634e-02 3.3673003969308435e-01 3.8180571697119547e+01 30
1 0 1 1 2.7507801120193177e-02 1.9836359135839143e-02 1.0000625815975046e+00 6.4437882803330931e-02 3.3771243062435452e-01 3.8230571693812216e+01 30
1 0 1 1 2.7485542653883886e-02 1.9823008832686270e-02 1.0000631411437708e+00 6.4415223739029748e-02 3.3869451546350565e-01 3.8280571690516616e+01 30
1 0 1 1 2.7463344196847005e-02 1.9809700560507765e-02 1.0000636990903660e+00 6.4392709718286256e-02 3.3967629025439883e-01 3.8330571687209826e+01 30
1 0 1 1 2.7441205930224380e-02 1.9796434366175973e-02 1.0000642553217574e+00 6.4370340430715572e-02 3.4065775107607654e-01 3.8380571683938889e+01 30
1 0 1 1 2.7419127989515030e-02 1.9783210295057186e-02 1.0000648097223646e+00 6.4348115564520914e-02 3.4163889403914138e-01 3.8430571680640298e+01 30
1 0 1 1 2.7397099310755763e-02 1.9770028390969623e-02 1.0000653621766122e+00 6.4326034806412663e-02 3.4261971528991414e-01 3.8480571677355570e+01 30
1 0 1 1 2.7375131417685654e-02 1.9756888696233096e-02 1.0000659125689793e+00 6.4304097841689695e-02 3.4360021100752386e-01 3.8530571674088293e+01 30
1 0 1 1 2.7353224477459824e-02 1.9743791251679885e-02 1.0000664607840508e+00 6.4282304354240649e-02 3.4458037740386482e-01 3.8580571670804638e+01 30
1 0 1 1 2.7331378653783579e-02 1.9730736096638318e-02 1.0000670067065709e+00 6.4260654026514957e-02 3.4556021072550047e-01 3.8630571667535932e+01 30
1 0 1 1 2.7309594106984664e-02 1.9717723268973732e-02 1.0000675502214926e+00 6.4239146539580905e-02 3.4653970725173833e-01 3.8680571664283981e+01 30
1 0 1 1 2.7287870994035564e-02 1.9704752805097470e-02 1.0000680912140310e+00 6.4217781573129962e-02 3.4751886329423143e-01 3.8730571661004909e+01 29
1 0 1 1 2.7266209468521940e-02 1.9691824739943617e-02 1.0000686295697150e+00 6.4196558805436010e-02 3.4849767519973190e-01 3.8780571657754642e+01 29
1 0 1 1 2.7244609680750775e-02 1.9678939107032261e-02 1.0000691651744391e+00 6.4175477913443413e-02 3.4947613934615429e-01 3.8830571654490633e+01 29
1 0 1 1 2.7223071777701131e-02 1.9666095938433222e-02 1.0000696979145156e+00 6.4154538572710307e-02 3.5045425214578935e-01 3.8880571651242228e+01 29
1 0 1 1 2.7201595903100770e-02 1.9653295264811344e-02 1.0000702276767264e+00 6.4133740457467114e-02 3.5143201004307367e-01 3.8930571647999194e+01 29
1 0 1 1 2.7180182197430271e-02 1.9640537115423656e-02 1.0000707543483753e+00 6.4113083240606800e-02 3.5240940951521776e-01 3.8980571644748700e+01 29
1 0 1 1 2.7158830797936476e-02 1.9627821518124266e-02 1.0000712778173397e+00 6.4092566593684647e-02 3.5338644707258005e-01 3.9030571641498547e+01 29
1 0 1 1 2.7137541838663508e-02 1.9615148499377722e-02 1.0000717979721219e+00 6.4072190186939354e-02 3.5436311925841518e-01 3.9080571638269710e+01 29
1 0 1 1 2.7116315450507050e-02 1.9602518084291122e-02 1.0000723147019006e+00 6.4051953689324592e-02 3.5533942264731311e-01 3.9130571635018249e+01 29
1 0 1 1 2.7095151761170534e-02 1.9589930296581657e-02 1.0000728278965831e+00 6.4031856768464540e-02 3.5631535384840535e-01 3.9180571631806401e+01 29
1 0 1 1 2.7074050895285910e-02 1.9577385158644697e-02 1.0000733374468540e+00 6.4011899090746921e-02 3.5729090950035025e-01 3.9230571628548851e+01 29
1 0 1 1 2.7053012974311518e-02 1.9564882691492598e-02 1.0000738432442291e+00 6.3992080321220113e-02 3.5826608627771289e-01 3.9280571625343462e+01 29
1 0 1 1 2.7032038116698080e-02 1.9552422914845897e-02 1.0000743451811018e+00 6.3972400123735118e-02 3.5924088088364281e-01 3.9330571622101850e+01 29
1 0 1 1 2.7011126437780076e-02 1.9540005847067856e-02 1.0000748431507966e+00 6.3952858160830822e-02 3.6021529005623204e-01 3.9380571618878506e+01 29
1 0 1 1 2.6990278049884575e-02 1.9527631505224741e-02 1.0000753370476156e+00 6.3933454093828446e-02 3.6118931056452153e-01 3.9430571615671447e+01 29
1 0 1 1 2.6969493062341057e-02 1.9515299905088875e-02 1.0000758267668890e+00 6.3914187582823301e-02 3.6216293920888248e-01 3.9480571612445139e+01 29
1 0 1 1 2.6948771581460602e-02 1.9503011061120481e-02 1.0000763122050227e+00 6.3895058286659367e-02 3.6313617282292865e-01 3.9530571609235068e+01 29
1 0 1 1 2.6928113710614984e-02 1.9490764986514097e-02 1.0000767932595469e+00 6.3876065862985582e-02 3.6410900827090770e-01 3.9580571606016264e+01 29
1 0 1 1 2.6907519550212582e-02 1.9478561693179304e-02 1.0000772698291625e+00 6.3857209968228357e-02 3.6508144244982910e-01 3.9630571602818804e+01 29
1 0 1 1 2.6886989197766265e-02 1.9466401191776596e-02 1.0000777418137876e+00 6.3838490257640934e-02 3.6605347228714841e-01 3.9680571599613650e+01 29
1 0 1 1 2.6866522747877715e-02 1.9454283491706966e-02 1.0000782091146041e+00 6.3819906385275571e-02 3.6702509474262029e-01 3.9730571596411146e+01 29
1 0 1 1 2.6846120292276347e-02 1.9442208601128472e-02 1.0000786716341024e+00 6.3801458004012074e-02 3.6799630680714424e-01 3.9780571593208641e+01 29
1 0 1 1 2.6825781919837786e-02 1.9430176526966533e-02 1.0000791292761253e+00 6.3783144765560573e-02 3.6896710550311868e-01 3.9830571590011665e+01 29
1 0 1 1 2.6805506818204497e-02 1.9418181998679562e-02 1.0000795830630862e+00 6.3764966320477262e-02 3.6993752942011149e-01 3.9880573613542730e+01 29
1 0 1 1 2.6785298059228909e-02 1.9406229517703964e-02 1.0000800322223806e+00 6.3746924525904525e-02 3.7090743319072106e-01 3.9930570385439829e+01 29
1 0 1 1 2.6765152206987258e-02 1.9394319066070548e-02 1.0000804762672815e+00 6.3729015537812128e-02 3.7187698321817941e-01 3.9980570680208338e+01 29
1 0 1 1 2.6745070523654189e-02 1.9382451346619575e-02 1.0000809150804211e+00 6.3711240065888464e-02 3.7284611997607525e-01 4.0030571577931944e+01 29
1 0 1 1 2.6725053687634105e-02 1.9370626716708680e-02 1.0000813485594049e+00 6.3693598289690512e-02 3.7381481149660145e-01 4.0080571574769749e+01 30
1 0 1 1 2.6705101408803861e-02 1.9358844961751876e-02 1.0000817766245409e+00 6.3676089532782032e-02 3.7478307245207565e-01 4.0130571571607632e+01 30
1 0 1 1 2.6685213756748288e-02 1.9347106080211628e-02 1.0000821991898179e+00 6.3658713439103454e-02 3.7575090007998430e-01 4.0180571568429848e+01 30
1 0 1 1 2.6665390798350074e-02 1.9335410069376203e-02 1.0000826161708967e+00 6.3641469651492533e-02 3.7671829164983806e-01 4.0230571565300387e+01 30
1 0 1 1 2.6645632597893140e-02 1.9323756925417671e-02 1.0000830274851451e+00 6.3624357811759180e-02 3.7768524445879842e-01 4.0280571562141532e+01 30
1 0 1 1 2.6625939216984071e-02 1.9312146643343169e-02 1.0000834330516755e+00 6.3607377560607609e-02 3.7865175583651128e-01 4.0330571558988773e+01 30
1 0 1 1 2.6606310714625780e-02 1.9300579217033563e-02 1.0000838327913770e+00 6.3590528537698088e-02 3.7961782314259507e-01 4.0380571555868194e+01 30
1 0 1 1 2.6586747147260996e-02 1.9289054639267271e-02 1.0000842266269494e+00 6.3573810381671259e-02 3.8058344376540504e-01 4.0430571552736943e+01 30
1 0 1 1 2.6567248568740771e-02 1.9277572901696838e-02 1.0000846144829345e+00 6.3557222730115021e-02 3.8154861512437965e-01 4.0480571549611781e+01 30
1 0 1 1 2.6547815030379503e-02 1.9266133994878590e-02 1.0000849962857477e+00 6.3540765219600392e-02 3.8251333466821397e-01 4.0530571546479628e+01 30
1 0 1 1 2.6528446580945012e-02 1.9254737908265023e-02 1.0000853719637062e+00 6.3524437485672880e-02 3.8347759987682983e-01 4.0580571543405988e+01 30
1 0 1 1 2.6509143266764991e-02 1.9243384630261203e-02 1.0000857414470579e+00 6.3508239162926972e-02 3.8444140825626860e-01 4.0630571540276961e+01 30
1 0 1 1 2.6489905131600627e-02 1.9232074148149397e-02 1.0000861046680087e+00 6.3492169884900196e-02 3.8540475734649515e-01 4.0680571537209971e+01 30
1 0 1 1 2.6470732216832542e-02 1.9220806448194308e-02 1.0000864615607472e+00 6.3476229284214342e-02 3.8636764471271384e-01 4.0730571534109153e+01 30
1 0 1 1 2.6451624561338621e-02 1.9209581515569254e-02 1.0000868120614705e+00 6.3460416992472873e-02 3.8733006795269020e-01 4.0780571531051969e+01 30
1 0 1 1 2.6432582201625240e-02 1.9198399334427314e-02 1.0000871561084062e+00 6.3444732640362878e-02 3.8829202469090413e-01 4.0830571527993634e+01 30
1 0 1 1 2.6413605171786137e-02 1.9187259887875858e-02 1.0000874936418347e+00 6.3429175857609071e-02 3.8925351258144730e-01 4.0880571524922445e+01 30
1 0 1 1 2.6394693503513065e-02 1.9176163157980170e-02 1.0000878246041101e+00 6.3413746272984683e-02 3.9021452930878570e-01 4.0930571521907225e+01 30
1 0 1 1 2.6375847226199151e-02 1.9165109125818387e-02 1.0000881489396780e+00 6.3398443514382674e-02 3.9117507258302786e-01 4.0980571518858255e+01 30
1 0 1 1 2.6357066366840123e-02 1.9154097771423500e-02 1.0000884665950960e+00 6.3383267208736105e-02 3.9213514014625145e-01 4.1030571515862839e+01 30
1 0 1 1 2.6338350950178932e-02 1.9143129073862120e-02 1.0000887775190468e+00 6.3368216982123193e-02 3.9309472976573406e-01 4.1080571512840486e+01 30
1 0 1 1 2.6319700998608808e-02 1.9132203011176199e-02 1.0000890816623567e+00 6.3353292459691068e-02 3.9405383924008602e-01 4.1130571509869782e+01 30
1 0 1 1 2.6301116532303541e-02 1.9121319560455603e-02 1.0000893789780059e+00 6.3338493265750417e-02 3.9501246639340049e-01 4.1180571506890338e+01 30
1 0 1 1 2.6282595748431555e-02 1.9110478697798985e-02 1.0000896694211447e+00 6.3323819023720473e-02 3.9597060907900955e-01 4.1230571503906276e+01 30
1 0 1 1 2.6264131632699413e-02 1.9099680398328444e-02 1.0000899529491021e+00 6.3309269356155717e-02 3.9692826517941887e-01 4.1280571500990966e+01 30
1 0 1 1 2.6245733125150904e-02 1.9088924636246601e-02 1.0000902295213947e+00 6.3294843884814767e-02 3.9788543260168296e-01 4.1330571498051960e+01 30
1 0 1 1 2.6227400236680794e-02 1.9078211384777943e-02 1.0000904990997379e+00 6.3280542230585130e-02 3.9884210928313862e-01 4.1380571495138973e+01 30
1 0 1 1 2.6209132976037761e-02 1.9067540616221096e-02 1.0000907616480506e+00 6.3266364013553789e-02 3.9979829318708537e-01 4.1430571492226676e+01 30
1 0 1 1 2.6190931349794801e-02 1.9056912301932741e-02 1.0000910171324617e+00 6.3252308852985578e-02 4.0075398230587694e-01 4.1480571489382548e+01 30
1 0 1 1 2.6172795362458028e-02 1.9046326412382686e-02 1.0000912655213137e+00 6.3238376367394544e-02 4.0170917465526884e-01 4.1530571486480952e+01 30
1 0 1 1 2.6154725016329299e-02 1.9035782917074893e-02 1.0000915067851659e+00 6.3224566174445329e-02 4.0266386828337275e-01 4.1580571483678845e+01 30
1 0 1 1 2.6136720311727632e-02 1.9025281784670257e-02 1.0000917408967960e+00 6.3210877891110406e-02 4.0361806125928529e-01 4.1630571480829289e+01 30
1 0 1 1 2.6118781246812738e-02 1.9014822982883772e-02 1.0000919678312004e+00 6.3197311133538575e-02 4.0457175168379905e-01 4.1680571478049870e+01 30
1 0 1 1 2.6100907817761799e-02 1.9004406478581665e-02 1.0000921875655919e+00 6.3183865517185966e-02 4.0552493768071507e-01 4.1730571475277443e+01 30
1 0 1 1 2.6083100018705944e-02 1.8994032237741810e-02 1.0000924000793991e+00 6.3170540656757701e-02 4.0647761740083921e-01 4.1780571472484802e+01 30
1 0 1 1 2.6065357841723778e-02 1.8983700225449790e-02 1.0000926053542618e+00 6.3157336166212108e-02 4.0742978902404448e-01 4.1830571469797341e+01 30
1 0 1 1 2.6047681276998944e-02 1.8973410405982685e-02 1.0000928033740240e+00 6.3144251658868833e-02 4.0838145075084026e-01 4.1880571467061387e+01 30
1 0 1 1 2.6030070312658991e-02 1.8963162742716509e-02 1.0000929941247310e+00 6.3131286747287851e-02 4.0933260081258388e-01 4.1930571464386354e+01 31
1 0 1 1 2.6012524934934673e-02 1.8952957198214306e-02 1.0000931775946189e+00 6.3118441043389650e-02 4.1028323746360634e-01 4.1980571461741974e+01 31
1 0 1 1 2.5995045128132516e-02 1.8942793734205959e-02 1.0000933537741075e+00 6.3105714158424531e-02 4.1123335898327545e-01 4.2030571459074842e+01 31
1 0 1 1 2.5977630874595509e-02 1.8932672311564643e-02 1.0000935226557897e+00 6.3093105702953678e-02 4.1218296367969554e-01 4.2080571456512409e+01 31
1 0 1 1 2.5960282154869261e-02 1.8922592890398493e-02 1.0000936842344186e+00 6.3080615286960073e-02 4.1313204988095992e-01 4.2130571453911763e+01 31
1 0 1 1 2.5942998947546453e-02 1.8912555429959420e-02 1.0000938385068983e+00 6.3068242519740192e-02 4.1408061594501477e-01 4.2180571451387557e+01 31
1 0 1 1 2.5925781229439386e-02 1.8902559888737382e-02 1.0000939854722668e+00 6.3055987010022463e-02 4.1502866025064417e-01 4.2230571448847634e+01 31
1 0 1 1 2.5908628975472928e-02 1.8892606224397052e-02 1.0000941251316837e+00 6.3043848365894745e-02 4.1597618120457508e-01 4.2280571446376477e+01 31
1 0 1 1 2.5891542158810912e-02 1.8882694393850340e-02 1.0000942574884126e+00 6.3031826194891116e-02 4.1692317723554428e-01 4.2330571443930111e+01 31
1 0 1 1 2.5874520750814749e-02 1.8872824353224543e-02 1.0000943825478048e+00 6.3019920103960902e-02 4.1786964679689814e-01 4.2380571441485678e+01 31
1 0 1 1 2.5857564721043544e-02 1.8862996057863880e-02 1.0000945003172814e+00 6.3008129699474558e-02 4.1881558836823635e-01 4.2430571439135882e+01 31
1 0 1 1 2.5840674037374216e-02 1.8853209462393841e-02 1.0000946108063136e+00 6.2996454587300799e-02 4.1976100044896009e-01 4.2480571436758588e+01 31
1 0 1 1 2.5823848665880025e-02 1.8843464520650305e-02 1.0000947140264025e+00 6.2984894372725864e-02 4.2070588156647415e-01 4.2530571434458793e+01 31
1 0 1 1 2.5807088570975991e-02 1.8833761185757952e-02 1.0000948099910585e+00 6.2973448660554598e-02 4.2165023026853687e-01 4.2580571432176001e+01 31
1 0 1 1 2.5790392425897056e-02 1.8824093492116559e-02 1.0000949002089312e+00 6.2962117055066713e-02 4.2259411513101863e-01 4.2630574981006184e+01 31
1 0 1 1 2.5773764766623384e-02 1.8814468071605032e-02 1.0000949835195114e+00 6.2950901570179740e-02 4.2353727786161782e-01 4.2680568589656772e+01 31
1 0 1 1 2.5757199476915193e-02 1.8804882539969613e-02 1.0000950596331384e+00 6.2939797508484580e-02 4.2448006224922874e-01 4.2730570589284490e+01 31
1 0 1 1 2.5740699694221679e-02 1.8795338687995482e-02 1.0000951285545514e+00 6.2928806619437616e-02 4.2542228665606352e-01 4.2780571424746313e+01 31
1 0 1 1 2.5724265263010516e-02 1.8785836400186870e-02 1.0000951903073780e+00 6.2917928426967973e-02 4.2636395593163007e-01 4.2830571422642045e+01 31
1 0 1 1 2.5707895860881975e-02 1.8776375464958067e-02 1.0000952449174481e+00 6.2907162348083273e-02 4.2730508455013066e-01 4.2880571420608170e+01 31
1 0 1 1 2.5691591440826240e-02 1.8766955830278209e-02 1.0000952924112201e+00 6.2896507984443989e-02 4.2824567121816581e-01 4.2930571418605460e+01 31
1 0 1 1 2.5675351954246788e-02 1.8757577443424902e-02 1.0000953328169684e+00 6.2885964937288430e-02 4.2918571466587901e-01 4.2980571416677577e+01 31
1 0 1 1 2.5659177351040799e-02 1.8748240251029880e-02 1.0000953661647534e+00 6.2875532807479650e-02 4.3012521364298734e-01 4.3030571414748266e+01 31
1 0 1 1 2.5643067579532868e-02 1.8738944199036874e-02 1.0000953924863936e+00 6.2865211195467841e-02 4.3106416692352900e-01 4.3080571412885291e+01 31
1 0 1 1 2.5627022586558561e-02 1.8729689232748863e-02 1.0000954118154342e+00 6.2854999701352665e-02 4.3200257330232594e-01 4.3130571411122325e+01 31
1 0 1 1 2.5611042317514245e-02 1.8720475296852605e-02 1.0000954241871169e+00 6.2844897924906662e-02 4.3294043159225726e-01 4.3180571409323669e+01 31
1 0 1 1 2.5595126716240334e-02 1.8711302335349900e-02 1.0000954296383489e+00 6.2834905465509655e-02 4.3387774063245260e-01 4.3230571407631039e+01 31
1 0 1 1 2.5579275725190441e-02 1.8702170291651745e-02 1.0000954282076699e+00 6.2825021922258695e-02 4.3481449927903293e-01 4.3280571405981298e+01 31
1 0 1 1 2.5563489285367086e-02 1.8693079108539842e-02 1.0000954199352214e+00 6.2815246893925619e-02 4.3575070640976687e-01 4.3330571404363454e+01 31
1 0 1 1 2.5547767336333311e-02 1.8684028728168725e-02 1.0000954048627115e+00 6.2805579978975068e-02 4.3668636092432161e-01 4.3380571402845121e+01 31
1 0 1 1 2.5532109816306187e-02 1.8675019092119587e-02 1.0000953830333832e+00 6.2796020775615413e-02 4.3762146173936950e-01 4.3430571401318616e+01 31
1 0 1 1 2.5516516662046611e-02 1.8666050141333764e-02 1.0000953544919791e+00 6.2786568881745330e-02 4.3855600779641768e-01 4.3480571399931677e+01 32
1 0 1 1 2.5500987809046638e-02 1.8657121816215989e-02 1.0000953192847086e+00 6.2777223895060463e-02 4.3948999805091632e-01 4.3530571398515335e+01 32
1 0 1 1 2.5485523191350362e-02 1.8648234056531723e-02 1.0000952774592113e+00 6.2767985412958416e-02 4.4042343148434676e-01 4.3580571397240845e+01 32
1 0 1 1 2.5470122741772759e-02 1.8639386801528927e-02 1.0000952290645240e+00 6.2758853032663597e-02 4.4135630709146884e-01 4.3630571395946959e+01 32
1 0 1 1 2.5454786391720857e-02 1.8630579989834924e-02 1.0000951741510429e+00 6.2749826351134380e-02 4.4228862389247237e-01 4.3680571394801454e+01 32
1 0 1 1 2.5439514071406034e-02 1.8621813559571685e-02 1.0000951127704900e+00 6.2740904965183447e-02 4.4322038092025945e-01 4.3730571393631500e+01 32
1 0 1 1 2.5424305709661036e-02 1.8613087448254632e-02 1.0000950449758756e+00 6.2732088471382341e-02 4.4415157723324528e-01 4.3780571392617645e+01 32
1 0 1 1 2.5409161234162977e-02 1.8604401592912101e-02 1.0000949708214635e+00 6.2723376466186809e-02 4.4508221190169245e-01 4.3830571391573891e+01 32
1 0 1 1 2.5394080571233581e-02 1.8595755929972632e-02 1.0000948903627327e+00 6.2714768545835464e-02 4.4601228402158083e-01 4.3880571390701363e+01 32
1 0 1 1 2.5379063646086452e-02 1.8587150395403530e-02 1.0000948036563431e+00 6.2706264306484127e-02 4.4694179269962636e-01 4.3930571389793037e+01 32
1 0 1 1 2.5364107038756387e-02 1.8578584924579811e-02 1.0000947107600962e+00 6.2697863344094773e-02 4.4787073706823810e-01 4.3980571389050453e+01 32
1 0 1 1 2.5349207726922916e-02 1.8570059452420944e-02 1.0000946117329006e+00 6.2689565254569146e-02 4.4879911627158836e-01 4.4030571388342395e+01 32
1 0 1 1 2.5334371990398286e-02 1.8561573913312025e-02 1.0000945066347340e+00 6.2681369633676765e-02 4.4972692947370208e-01 4.4080571387652618e+01 32
1 0 1 1 2.5319599749120954e-02 1.8553128241113895e-02 1.0000943955266057e+00 6.2673276077076290e-02 4.5065417585928241e-01 4.4130571387132839e+01 32
1 0 1 1 2.5304890921967083e-02 1.8544722369238743e-02 1.0000942784705209e+00 6.2665284180396241e-02 4.5158085462518088e-01 4.4180571386655494e+01 32
1 0 1 1 2.5290245426642679e-02 1.8536356230588580e-02 1.0000941555294425e+00 6.2657393539175987e-02 4.5250696498793475e-01 4.4230571386228171e+01 32
1 0 1 1 2.5275663179726900e-02 1.8528029757576978e-02 1.0000940267672547e+00 6.2649603748897664e-02 4.5343250618198122e-01 4.4280571385908715e+01 32
1 0 1 1 2.5261144096721179e-02 1.8519742882155469e-02 1.0000938922487255e+00 6.2641914405020316e-02 4.5435747745740895e-01 4.4330571385694292e+01 32
1 0 1 1 2.5246688092069272e-02 1.8511495535822008e-02 1.0000937520394715e+00 6.2634325102986110e-02 4.5528187807909698e-01 4.4380571385484025e+01 32
1 0 1 1 2.5232295079069961e-02 1.8503287649570502e-02 1.0000936062059183e+00 6.2626835438190726e-02 4.5620570733359284e-01 4.4430571385461946e+01 32
1 0 1 1 2.5217964970069159e-02 1.8495119153997559e-02 1.0000934548152671e+00 6.2619445006082797e-02 4.5712896451737667e-01 4.4480571385471713e+01 32
1 0 1 1 2.5203697676323238e-02 1.8486989979221911e-02 1.0000932979354558e+00 6.2612153402093085e-02 4.5805164894612282e-01 4.4530571385527615e+01 32
1 0 1 1 2.5189493108031563e-02 1.8478900054903307e-02 1.0000931356351230e+00 6.2604960221669170e-02 4.5897375995402467e-01 4.4580571385788588e+01 32
1 0 1 1 2.5175351174487274e-02 1.8470849310323053e-02 1.0000929679835742e+00 6.2597865060347813e-02 4.5989529688428826e-01 4.4630571386053568e+01 32
1 0 1 1 2.5161271783901495e-02 1.8462837674286036e-02 1.0000927950507426e+00 6.2590867513673654e-02 4.6081625910159713e-01 4.4680571386444925e+01 32
1 0 1 1 2.5147254843555240e-02 1.8454865075200839e-02 1.0000926169071556e+00 6.2583967177279987e-02 4.6173664598269454e-01 4.4730571386910434e+01 32
1 0 1 1 2.5133300259736865e-02 1.8446931441046092e-02 1.0000924336238992e+00 6.2577163646865441e-02 4.6265645692162294e-01 4.4780571387514996e+01 32
1 0 1 1 2.5119407937818326e-02 1.8439036699410872e-02 1.0000922452725822e+00 6.2570456518236756e-02 4.6357569132534743e-01 4.4830571388213571e+01 33
1 0 1 1 2.5105577782231304e-02 1.8431180777476831e-02 1.0000920519253023e+00 6.2563845387298450e-02 4.6449434861574268e-01 4.4880571388969784e+01 33
1 0 1 1 2.5091809696445422e-02 1.8423363602008778e-02 1.0000918536546100e+00 6.2557329850055410e-02 4.6541242823248430e-01 4.4930571389920686e+01 33
1 0 1 1 2.5078103583118978e-02 1.8415585099433189e-02 1.0000916505334780e+00 6.2550909502677110e-02 4.6632992962280490e-01 4.4980571390830562e+01 33
1 0 1 1 2.5064459343866207e-02 1.8407845195709361e-02 1.0000914426352623e+00 6.2544583941410742e-02 4.6724685225890839e-01 4.5030571392047733e+01 33
1 0 1 1 2.5050876879608455e-02 1.8400143816522795e-02 1.0000912300336740e+00 6.2538352762737809e-02 4.6816319561429109e-01 4.5080571393224751e+01 33
1 0 1 1 2.5037356090250713e-02 1.8392480887102953e-02 1.0000910128027423e+00 6.2532215563233379e-02 4.6907895918659132e-01 4.5130571394571817e+01 33
1 0 1 1 2.5023896874909652e-02 1.8384856332348876e-02 1.0000907910167838e+00 6.2526171939681269e-02 4.6999414248299504e-01 4.5180571396072303e+01 33
1 0 1 1 2.5010499131887895e-02 1.8377270076814396e-02 1.0000905647503713e+00 6.2520221489058558e-02 4.7090874502247598e-01 4.5230571397611449e+01 33
1 0 1 1 2.4997162758588255e-02 1.8369722044656145e-02 1.0000903340782989e+00 6.2514363808511497e-02 4.7182276634247333e-01 4.5280571399353143e+01 33
1 0 1 1 2.4983887651678704e-02 1.8362212159728514e-02 1.0000900990755541e+00 6.2508598495428669e-02 4.7273620598843130e-01 4.5330571401173898e+01 33
1 0 1 1 2.4970673076985854e-02 1.8354738428060839e-02 1.0000898602303316e+00 6.2502925147397581e-02 4.7364910599637633e-01 4.5380573683049292e+01 33
1 0 1 1 2.4957519691310069e-02 1.8347298627348595e-02 1.0000896183262453e+00 6.2497344136189126e-02 4.7456141165083937e-01 4.5430575195497063e+01 33
1 0 1 1 2.4944430319592131e-02 1.8339898512250100e-02 1.0000893723555930e+00 6.2491855560012660e-02 4.7547292097195143e-01 4.5480565005976388e+01 33
1 0 1 1 2.4931397454203329e-02 1.8332533821290718e-02 1.0000891222538892e+00 6.2486455923456002e-02 4.7638414949171515e-01 4.5530571414455366e+01 33
1 0 1 1 2.4918427001888691e-02 1.8325207875905955e-02 1.0000888682103635e+00 6.2481147336852089e-02 4.7729467745931797e-01 4.5580571416968681e+01 33
1 0 1 1 2.4905517181191383e-02 1.8317919651845538e-02 1.0000886102686699e+00 6.2475928701604344e-02 4.7820462126915342e-01 4.5630571419619613e+01 33
1 0 1 1 2.4892667883392051e-02 1.8310669070427273e-02 1.0000883485042387e+00 6.2470799616928890e-02 4.7911398055831472e-01 4.5680571422487617e+01 33
1 0 1 1 2.4891880055287183e-02 1.8310224629524748e-02 1.0000883322915064e+00 6.2470487262930807e-02 4.7916985652162775e-01 4.5683644742552573e+01 33
1 0 1 1 2.4891091609035396e-02 1.8309779853078412e-02 1.0000883160471854e+00 6.2470174910494496e-02 4.7922579032588930e-01 4.5686721365758622e+01 32
1 0 1 1 2.4890302542849334e-02 1.8309334740118179e-02 1.0000882997711968e+00 6.2469862559619942e-02 4.7928178214092748e-01 4.5689801301844156e+01 31
1 0 1 1 2.4889512854908778e-02 1.8308889289656398e-02 1.0000882834634599e+00 6.2469550210307145e-02 4.7933783213962683e-01 4.5692884560718205e+01 34
1 0 1 1 2.4889433852029273e-02 1.8308844726111849e-02 1.0000882818309407e+00 6.2469518975532039e-02 4.7934344033335630e-01 4.5693193069030769e+01 41
1 0 1 1 2.4889354842911601e-02 1.8308800159180738e-02 1.0000882801981030e+00 6.2469487740772552e-02 4.7934904911085691e-01 4.5693501610682311e+01 42
1 0 1 1 2.4889275827551412e-02 1.8308755588861407e-02 1.0000882785649470e+00 6.2469456506028684e-02 4.7935465847254688e-01 4.5693810185695860e+01 43
