isScalarized | massIncreased | isMonotoneInside | isMonotoneOutside | mass_Baryon | mass_ADM | AST(radius) | radius  |  phi_c | rho_c | ctr |
1 0 1 1 3.2089191221536098e-02 2.4355560190894458e-02 1.0000000000001039e+00 8.5843599999999798e-02 4.8905663209483302e-03 1.7509301194458683e+01 38
1 1 1 1 3.2089453113355496e-02 2.4355666693210213e-02 1.0000000000001041e+00 8.5843224999999801e-02 4.8921290195519749e-03 1.7509595647478790e+01 39
1 1 1 1 3.2089714985211258e-02 2.4355773182633350e-02 1.0000000000001041e+00 8.5842849999999804e-02 4.8936917823561594e-03 1.7509890098460794e+01 39
1 1 1 1 3.2089976837103212e-02 2.4355879659164689e-02 1.0000000000001044e+00 8.5842474999999807e-02 4.8952546094475063e-03 1.7510184547403476e+01 39
1 1 1 1 3.2090238669030685e-02 2.4355986122803677e-02 1.0000000000001044e+00 8.5842099999999810e-02 4.8968175009114464e-03 1.7510478994305430e+01 39
1 1 1 1 3.2134438491824104e-02 2.4373889264175042e-02 1.0000000000001295e+00 8.5778382126591168e-02 5.1633810658592806e-03 1.7560479679776552e+01 38
1 1 1 1 3.2178118810246133e-02 2.4391445047707905e-02 1.0000000000001592e+00 8.5714586665109338e-02 5.4325275693259617e-03 1.7610479794609954e+01 38
1 1 1 1 3.2221284080721030e-02 2.4408656771555112e-02 1.0000000000001947e+00 8.5650709757838117e-02 5.7046121936485282e-03 1.7660480165019290e+01 38
1 1 1 1 3.2263937332788727e-02 2.4425527116119158e-02 1.0000000000002367e+00 8.5586749400522633e-02 5.9799272853434853e-03 1.7710480597448942e+01 38
1 1 1 1 3.2306081221203549e-02 2.4442058577774841e-02 1.0000000000002862e+00 8.5522703975862424e-02 6.2587187566504549e-03 1.7760480967141895e+01 38
1 1 1 1 3.2347659251013648e-02 2.4458253523265010e-02 1.0000000000003446e+00 8.5458572101276387e-02 6.5411946954825302e-03 1.7810481285073525e+01 38
1 1 1 1 3.2388692362048159e-02 2.4474114171308826e-02 1.0000000000004130e+00 8.5394352750324420e-02 6.8275310869157788e-03 1.7860481559759943e+01 38
1 1 1 1 3.2429221645490419e-02 2.4489642617704654e-02 1.0000000000004927e+00 8.5330045205347371e-02 7.1178769934217784e-03 1.7910481797881904e+01 38
1 1 1 1 3.2469248753109831e-02 2.4504840856536800e-02 1.0000000000005858e+00 8.5265649017023271e-02 7.4123587570254137e-03 1.7960482004847275e+01 38
1 1 1 1 3.2508775162100018e-02 2.4519710798015456e-02 1.0000000000006939e+00 8.5201163969870763e-02 7.7110834458204028e-03 1.8010482185081198e+01 38
1 1 1 1 3.2547802206935865e-02 2.4534254283579613e-02 1.0000000000008189e+00 8.5136590052478700e-02 8.0141417081134054e-03 1.8060482342257590e+01 38
1 1 1 1 3.2586332687680540e-02 2.4548461631020455e-02 1.0000000000009637e+00 8.5071927431733307e-02 8.3216221167762821e-03 1.8110484410864128e+01 38
1 1 1 1 3.2624367886284027e-02 2.4562299178917890e-02 1.0000000000011307e+00 8.5007183925165930e-02 8.6335891086641615e-03 1.8160488289167841e+01 38
1 1 1 1 3.2661894375285938e-02 2.4575810594074560e-02 1.0000000000013227e+00 8.4942374597134440e-02 8.9499775711437048e-03 1.8210475181841435e+01 38
1 1 1 1 3.2698941399423122e-02 2.4589007722453357e-02 1.0000000000015432e+00 8.4877451132578219e-02 9.2710719437637378e-03 1.8260482792948057e+01 38
1 1 1 1 3.2735488788472274e-02 2.4601884651174181e-02 1.0000000000017957e+00 8.4812450855686450e-02 9.5967302260695515e-03 1.8310482873771221e+01 38
1 1 1 1 3.2771543074555071e-02 2.4614445041055540e-02 1.0000000000020846e+00 8.4747364786118384e-02 9.9270312483294536e-03 1.8360482944861982e+01 38
1 1 1 1 3.2807105162371702e-02 2.4626690532424667e-02 1.0000000000024138e+00 8.4682193780727943e-02 1.0262000103409993e-02 1.8410483007505551e+01 38
1 1 1 1 3.2842145975609457e-02 2.4638622757201713e-02 1.0000000000027893e+00 8.4616938768814820e-02 1.0601656832480478e-02 1.8460483062860860e+01 38
1 1 1 1 3.2876638238847448e-02 2.4650243341989210e-02 1.0000000000032159e+00 8.4551600744037170e-02 1.0946017066926123e-02 1.8510483111879847e+01 38
1 1 1 1 3.2910640450533497e-02 2.4661553910699706e-02 1.0000000000037002e+00 8.4486180757173013e-02 1.1295092579772084e-02 1.8560483155437606e+01 38
1 1 1 1 3.2944153533317692e-02 2.4672556086658630e-02 1.0000000000042488e+00 8.4420679910078622e-02 1.1648891757688004e-02 1.8610483194248118e+01 38
1 1 1 1 3.2977178421173238e-02 2.4683251494382056e-02 1.0000000000048694e+00 8.4355099350246709e-02 1.2007420007933024e-02 1.8660483228941779e+01 38
1 1 1 1 3.3009716062969874e-02 2.4693641761014844e-02 1.0000000000055704e+00 8.4289440266170301e-02 1.2370680108587818e-02 1.8710483260069086e+01 38
1 1 1 1 3.3041767425426256e-02 2.4703728517487311e-02 1.0000000000063611e+00 8.4223703883318901e-02 1.2738672510805094e-02 1.8760483288077964e+01 38
1 1 1 1 3.3073333495624628e-02 2.4713513399468177e-02 1.0000000000072513e+00 8.4157891460529377e-02 1.3111395601009946e-02 1.8810483313374316e+01 38
1 1 1 1 3.3104420428318522e-02 2.4722949056796267e-02 1.0000000000082530e+00 8.4092004286947353e-02 1.3488904308214046e-02 1.8860491021726638e+01 38
1 1 1 1 3.3135010115325582e-02 2.4732080517776908e-02 1.0000000000093774e+00 8.4026074062701128e-02 1.3870961210373775e-02 1.8910475920886899e+01 38
1 1 1 1 3.3165131255209743e-02 2.4740918960701255e-02 1.0000000000106390e+00 8.3960042295387227e-02 1.4257904947124049e-02 1.8960483182071464e+01 38
1 1 1 1 3.3194766993672478e-02 2.4749460724517888e-02 1.0000000000120517e+00 8.3893949155675107e-02 1.4649502197653002e-02 1.9010483389861339e+01 38
1 1 1 1 3.3223922614866029e-02 2.4757708727019323e-02 1.0000000000136320e+00 8.3827786972434870e-02 1.5045796615883976e-02 1.9060483405793558e+01 38
1 1 1 1 3.3252599373540741e-02 2.4765664689801802e-02 1.0000000000153975e+00 8.3761556896715328e-02 1.5446779555820371e-02 1.9110483420444019e+01 37
1 1 1 1 3.3280798439421486e-02 2.4773330308595680e-02 1.0000000000173672e+00 8.3695260349080147e-02 1.5852439923599099e-02 1.9160483433934953e+01 37
1 1 1 1 3.3308521011419054e-02 2.4780707286396562e-02 1.0000000000195628e+00 8.3628898766628879e-02 1.6262765751061305e-02 1.9210483446395962e+01 37
1 1 1 1 3.3335693514309504e-02 2.4787797333429985e-02 1.0000000000220066e+00 8.3562473601826059e-02 1.6677744275916707e-02 1.9260483457909462e+01 37
1 1 1 1 3.3362390176765039e-02 2.4794602167100419e-02 1.0000000000247242e+00 8.3495986321301896e-02 1.7097362014034334e-02 1.9310483468579921e+01 37
1 1 1 1 3.3388613882785897e-02 2.4801123511881327e-02 1.0000000000277427e+00 8.3429438404910627e-02 1.7521604822933662e-02 1.9360483478473544e+01 37
1 1 1 1 3.3414365970791726e-02 2.4807363099190141e-02 1.0000000000310918e+00 8.3362831344744315e-02 1.7950457959310995e-02 1.9410483487652705e+01 37
1 1 1 1 3.3439647808721967e-02 2.4813322667235169e-02 1.0000000000348037e+00 8.3296166644268421e-02 1.8383906130430585e-02 1.9460483496181734e+01 37
1 1 1 1 3.3464460793903014e-02 2.4819003960830401e-02 1.0000000000389135e+00 8.3229445817551928e-02 1.8821933540105081e-02 1.9510483504106109e+01 37
1 1 1 1 3.3488806352891268e-02 2.4824408731206581e-02 1.0000000000434595e+00 8.3162670388503779e-02 1.9264523930481996e-02 1.9560483511473560e+01 37
1 1 1 1 3.3512685941247261e-02 2.4829538735794320e-02 1.0000000000484828e+00 8.3095841890202693e-02 1.9711660619480164e-02 1.9610483518316919e+01 37
1 1 1 1 3.3536101909962965e-02 2.4834384306625334e-02 1.0000000000540290e+00 8.3028961864226758e-02 2.0163341760494172e-02 1.9660485201770509e+01 37
1 1 1 1 3.3559054928868855e-02 2.4838926682133836e-02 1.0000000000601486e+00 8.2962038590583653e-02 2.0619531265878014e-02 1.9710486477632692e+01 37
1 1 1 1 3.3581542557245901e-02 2.4843198840962647e-02 1.0000000000668907e+00 8.2895078727521609e-02 2.1080133389981368e-02 1.9760478934851701e+01 37
1 1 1 1 3.3603575748387640e-02 2.4847204338857065e-02 1.0000000000743152e+00 8.2828055750340579e-02 2.1545323677861303e-02 1.9810483539045737e+01 37
1 1 1 1 3.3625148615318727e-02 2.4850943569589657e-02 1.0000000000824807e+00 8.2760993662066684e-02 2.2014929000794475e-02 1.9860483543745342e+01 37
1 1 1 1 3.3646264828736172e-02 2.4854418714210104e-02 1.0000000000914546e+00 8.2693887873964034e-02 2.2488973327772090e-02 1.9910483548082727e+01 37
1 1 1 1 3.3666926038416277e-02 2.4857631577399314e-02 1.0000000001013081e+00 8.2626739964889367e-02 2.2967437806953518e-02 1.9960483552073800e+01 37
1 1 1 1 3.3687133920407134e-02 2.4860583967895766e-02 1.0000000001121183e+00 8.2559551518619906e-02 2.3450303363414190e-02 2.0010483555729561e+01 37
1 1 1 1 3.3706890176611472e-02 2.4863277698221799e-02 1.0000000001239684e+00 8.2492324123413230e-02 2.3937550715943563e-02 2.0060483559077923e+01 37
1 1 1 1 3.3726196534332592e-02 2.4865714584413650e-02 1.0000000001369476e+00 8.2425059371656395e-02 2.4429160391881310e-02 2.0110483562116656e+01 37
1 1 1 1 3.3745014770845294e-02 2.4867896445752703e-02 1.0000000001511524e+00 8.2357758859407715e-02 2.4925112741730659e-02 2.0160483564863885e+01 37
1 1 1 1 3.3763363061127864e-02 2.4869825104498127e-02 1.0000000001666858e+00 8.2290424186057726e-02 2.5425387952035861e-02 2.0210483567338660e+01 37
1 1 1 1 3.3781266785098164e-02 2.4871502385616924e-02 1.0000000001836593e+00 8.2223056953990514e-02 2.5929966057227909e-02 2.0260483569535072e+01 37
1 1 1 1 3.3798727783647189e-02 2.4872930116513332e-02 1.0000000002021920e+00 8.2155658768168188e-02 2.6438826951384886e-02 2.0310483571474688e+01 37
1 1 1 1 3.3815747920589799e-02 2.4874110126772805e-02 1.0000000002224121e+00 8.2088231235851628e-02 2.6951950398246168e-02 2.0360483573163645e+01 37
1 1 1 1 3.3832329082188910e-02 2.4875044247889423e-02 1.0000000002444569e+00 8.2020775966250792e-02 2.7469316041072306e-02 2.0410483574606356e+01 37
1 1 1 1 3.3848473176688779e-02 2.4875734313012290e-02 1.0000000002684737e+00 8.1953294570196539e-02 2.7990903411797618e-02 2.0460483575813793e+01 37
1 1 1 1 3.3864182133833368e-02 2.4876182156682122e-02 1.0000000002946199e+00 8.1885788659847247e-02 2.8516691939396842e-02 2.0510483576793941e+01 37
1 1 1 1 3.3879457904388635e-02 2.4876389614583039e-02 1.0000000003230645e+00 8.1818259848388919e-02 2.9046660957751023e-02 2.0560483577546940e+01 37
1 0 1 1 3.3894302459669984e-02 2.4876358523282387e-02 1.0000000003539880e+00 8.1750709749718320e-02 2.9580789713292376e-02 2.0610483578087308e+01 37
1 0 1 1 3.3908717791059396e-02 2.4876090719989547e-02 1.0000000003875833e+00 8.1683139978194708e-02 3.0119057371672930e-02 2.0660483578417065e+01 37
1 0 1 1 3.3922707275573831e-02 2.4875557786567071e-02 1.0000000004240781e+00 8.1615552148341042e-02 3.0661488443080358e-02 2.0710487749688305e+01 37
1 0 1 1 3.3936268351415798e-02 2.4874787697931607e-02 1.0000000004636684e+00 8.1547964789113025e-02 3.1207886538770671e-02 2.0760480009204635e+01 37
1 0 1 1 3.3949409185115180e-02 2.4873786352215290e-02 1.0000000005066050e+00 8.1480348121126145e-02 3.1758477633618561e-02 2.0810482970888344e+01 37
1 0 1 1 3.3962128305787750e-02 2.4872555798049572e-02 1.0000000005531293e+00 8.1412721411000921e-02 3.2313097862357816e-02 2.0860483576188276e+01 37
1 0 1 1 3.3974428280724667e-02 2.4871097857039882e-02 1.0000000006035101e+00 8.1345083903424070e-02 3.2871745133514117e-02 2.0910483575563379e+01 36
1 0 1 1 3.3986311368321712e-02 2.4869414358998972e-02 1.0000000006580338e+00 8.1277436389092683e-02 3.3434404947671505e-02 2.0960483574748427e+01 36
1 0 1 1 3.3997779687118507e-02 2.4867507146118947e-02 1.0000000007170045e+00 8.1209780476534044e-02 3.4001056069023927e-02 2.1010483573765800e+01 36
1 0 1 1 3.4008835371953025e-02 2.4865378059232314e-02 1.0000000007807457e+00 8.1142117772748878e-02 3.4571677223543984e-02 2.1060483572604248e+01 36
1 0 1 1 3.4019480573513922e-02 2.4863028937592100e-02 1.0000000008496022e+00 8.1074449882908461e-02 3.5146247103766542e-02 2.1110483571277648e+01 36
1 0 1 1 3.4029717457876876e-02 2.4860461618668481e-02 1.0000000009239398e+00 8.1006778410183972e-02 3.5724744372235932e-02 2.1160483569784230e+01 36
1 0 1 1 3.4039548206051526e-02 2.4857677937931699e-02 1.0000000010041481e+00 8.0939104955497054e-02 3.6307147665496510e-02 2.1210483568130968e+01 36
1 0 1 1 3.4048975013535751e-02 2.4854679728660619e-02 1.0000000010906402e+00 8.0871431117324533e-02 3.6893435597497859e-02 2.1260483566322424e+01 36
1 0 1 1 3.4057971213440341e-02 2.4851468821737405e-02 1.0000000011838555e+00 8.0803758491491517e-02 3.7483586762862932e-02 2.1310483564353007e+01 36
1 0 1 1 3.4066547843455405e-02 2.4848047045452418e-02 1.0000000012842591e+00 8.0736088670932404e-02 3.8077579740485284e-02 2.1360483562240564e+01 36
1 0 1 1 3.4074727400198263e-02 2.4844416225320208e-02 1.0000000013923456e+00 8.0668423245553567e-02 3.8675393096004103e-02 2.1410483559977241e+01 36
1 0 1 1 3.4082512143501817e-02 2.4840578183882946e-02 1.0000000015086383e+00 8.0600763801984082e-02 3.9277005385188322e-02 2.1460483557569425e+01 36
1 0 1 1 3.4089904345283188e-02 2.4836534740539248e-02 1.0000000016336925e+00 8.0533111923408535e-02 3.9882395156538242e-02 2.1510483555022038e+01 36
1 0 1 1 3.4096906289107727e-02 2.4832287711354543e-02 1.0000000017680952e+00 8.0465469189383326e-02 4.0491540953869150e-02 2.1560483552332329e+01 36
1 0 1 1 3.4103520269780190e-02 2.4827838908893139e-02 1.0000000019124688e+00 8.0397837175630676e-02 4.1104421319178602e-02 2.1610483549516189e+01 36
1 0 1 1 3.4109748592914074e-02 2.4823190142046814e-02 1.0000000020674717e+00 8.0330217453915165e-02 4.1721014794499793e-02 2.1660483546560119e+01 36
1 0 1 1 3.4115593574526641e-02 2.4818343215865495e-02 1.0000000022337996e+00 8.0262611591797456e-02 4.2341299924898171e-02 2.1710483543475053e+01 36
1 0 1 1 3.4121057540627019e-02 2.4813299931392252e-02 1.0000000024121882e+00 8.0195021152508761e-02 4.2965255260395338e-02 2.1760483540270407e+01 36
1 0 1 1 3.4126142826811819e-02 2.4808062085514043e-02 1.0000000026034150e+00 8.0127447694800902e-02 4.3592859357877017e-02 2.1810483536934441e+01 36
1 0 1 1 3.4130851777863076e-02 2.4802631470790391e-02 1.0000000028083007e+00 8.0059892772725905e-02 4.4224090783714982e-02 2.1860483533478945e+01 36
1 0 1 1 3.4135186747360415e-02 2.4797009875315287e-02 1.0000000030277121e+00 7.9992357935523617e-02 4.4858928115398551e-02 2.1910483529910604e+01 35
1 0 1 1 3.4139150097278879e-02 2.4791199082561520e-02 1.0000000032625636e+00 7.9924844727473132e-02 4.5497349943283028e-02 2.1960483526218422e+01 35
1 0 1 1 3.4142744293518767e-02 2.4785194706275604e-02 1.0000000035138550e+00 7.9857354687688786e-02 4.6139345274190870e-02 2.2010484330256507e+01 35
1 0 1 1 3.4145971732799651e-02 2.4778986065282588e-02 1.0000000037826782e+00 7.9789892621069308e-02 4.6784883186834214e-02 2.2060485191598733e+01 35
1 0 1 1 3.4148834397905121e-02 2.4772594379989171e-02 1.0000000040699848e+00 7.9722463557656442e-02 4.7433875958278894e-02 2.2110481010817100e+01 35
1 0 1 1 3.4151335333931471e-02 2.4766019910524340e-02 1.0000000043769730e+00 7.9655053211762722e-02 4.8086454580254477e-02 2.2160483509618256e+01 35
1 0 1 1 3.4153476434560001e-02 2.4759265603708183e-02 1.0000000047047792e+00 7.9587675482607922e-02 4.8742478331770818e-02 2.2210483505403918e+01 35
1 0 1 1 3.4155260238471839e-02 2.4752332891670201e-02 1.0000000050546705e+00 7.9520328505697235e-02 4.9401958496102981e-02 2.2260483501083950e+01 35
1 0 1 1 3.4156689155925492e-02 2.4745223525420756e-02 1.0000000054279639e+00 7.9453013785557580e-02 5.0064873803457879e-02 2.2310483496670440e+01 35
1 0 1 1 3.4157765602618316e-02 2.4737939250173212e-02 1.0000000058260450e+00 7.9385732820668908e-02 5.0731203009831853e-02 2.2360483492153673e+01 35
1 0 1 1 3.4158491999350817e-02 2.4730481805233427e-02 1.0000000062503693e+00 7.9318487103286039e-02 5.1400924898970100e-02 2.2410483487545715e+01 35
1 0 1 1 3.4158870771675710e-02 2.4722852923883841e-02 1.0000000067024666e+00 7.9251278119365332e-02 5.2074018283258389e-02 2.2460483482847103e+01 35
1 0 1 1 3.4158904349555978e-02 2.4715054333274644e-02 1.0000000071839434e+00 7.9184107348431787e-02 5.2750462005056162e-02 2.2510483478049970e+01 35
1 0 1 1 3.4158595167038154e-02 2.4707087754314485e-02 1.0000000076964859e+00 7.9116976263428951e-02 5.3430234938465861e-02 2.2560483473176532e+01 35
1 0 1 1 3.4157945661912895e-02 2.4698954901574897e-02 1.0000000082418639e+00 7.9049886330690600e-02 5.4113315989520003e-02 2.2610483468203370e+01 35
1 0 1 1 3.4156958275394021e-02 2.4690657483174568e-02 1.0000000088219332e+00 7.8982839009718753e-02 5.4799684098649638e-02 2.2660483463156957e+01 35
1 0 1 1 3.4155635451797998e-02 2.4682197200701837e-02 1.0000000094386403e+00 7.8915835753192526e-02 5.5489318240558347e-02 2.2710483458020860e+01 35
1 0 1 1 3.4153979638224655e-02 2.4673575749101850e-02 1.0000000100940247e+00 7.8848878006773315e-02 5.6182197426323299e-02 2.2760483452808977e+01 35
1 0 1 1 3.4151993284247180e-02 2.4664794816597582e-02 1.0000000107902236e+00 7.8781967209067522e-02 5.6878300703789617e-02 2.2810483447516365e+01 35
1 0 1 1 3.4149678841602082e-02 2.4655856084593409e-02 1.0000000115294749e+00 7.8715104791492102e-02 5.7577607158972151e-02 2.2860483442145838e+01 35
1 0 1 1 3.4147016662953528e-02 2.4646761227591088e-02 1.0000000123141217e+00 7.8648292178190138e-02 5.8280095916970538e-02 2.2910483436701366e+01 35
1 0 1 1 3.4144021442859711e-02 2.4637511913111185e-02 1.0000000131466156e+00 7.8581530785944487e-02 5.8985746142941574e-02 2.2960483431187814e+01 35
1 0 1 1 3.4140705816193120e-02 2.4628109801604410e-02 1.0000000140295215e+00 7.8514822024099179e-02 5.9694537042845573e-02 2.3010483425596853e+01 35
1 0 1 1 3.4137072244912414e-02 2.4618556546379605e-02 1.0000000149655215e+00 7.8448167294433879e-02 6.0406447864839195e-02 2.3060483419940326e+01 34
1 0 1 1 3.4133123191501455e-02 2.4608853793527188e-02 1.0000000159574183e+00 7.8381567991125500e-02 6.1121457899653897e-02 2.3110483414213846e+01 34
1 0 1 1 3.4128861118695522e-02 2.4599003181845495e-02 1.0000000170081416e+00 7.8315025500634239e-02 6.1839546481862365e-02 2.3160483408425009e+01 34
1 0 1 1 3.4124288489200433e-02 2.4589006342771363e-02 1.0000000181207505e+00 7.8248541201653671e-02 6.2560692990364597e-02 2.3210483402568229e+01 34
1 0 1 1 3.4119407765426379e-02 2.4578864900312414e-02 1.0000000192984395e+00 7.8182116465002588e-02 6.3284876849550462e-02 2.3260483396648713e+01 34
1 0 1 1 3.4114221409220762e-02 2.4568580470982888e-02 1.0000000205445430e+00 7.8115752653570347e-02 6.4012077529947781e-02 2.3310483390671990e+01 34
1 0 1 1 3.4108731881601816e-02 2.4558154663736561e-02 1.0000000218625393e+00 7.8049451122256419e-02 6.4742274548802492e-02 2.3360483384630758e+01 34
1 0 1 1 3.4102941642508690e-02 2.4547589079913223e-02 1.0000000232560566e+00 7.7983213217865832e-02 6.5475447471302003e-02 2.3410483378536846e+01 34
1 0 1 1 3.4096853150542540e-02 2.4536885313177957e-02 1.0000000247288781e+00 7.7917040279088690e-02 6.6211575910738132e-02 2.3460483372382356e+01 34
1 0 1 1 3.4090468862714128e-02 2.4526044949457853e-02 1.0000000262849456e+00 7.7850933636391728e-02 6.6950639529735373e-02 2.3510483366174956e+01 34
1 0 1 1 3.4083791234206164e-02 2.4515069566901134e-02 1.0000000279283667e+00 7.7784894611987621e-02 6.7692618040588584e-02 2.3560483359913327e+01 34
1 0 1 1 3.4076822718126620e-02 2.4503960735815490e-02 1.0000000296634199e+00 7.7718924519758426e-02 6.8437491206149642e-02 2.3610483353601847e+01 34
1 0 1 1 3.4069565765274513e-02 2.4492720018625926e-02 1.0000000314945585e+00 7.7653024665212289e-02 6.9185238840306432e-02 2.3660483347238351e+01 34
1 0 1 1 3.4062022823906690e-02 2.4481348969822778e-02 1.0000000334264181e+00 7.7587196345412668e-02 6.9935840808820426e-02 2.3710483340827675e+01 34
1 0 1 1 3.4054196339505259e-02 2.4469849135918199e-02 1.0000000354638214e+00 7.7521440848941303e-02 7.0689277029694464e-02 2.3760483334364491e+01 34
1 0 1 1 3.4046088754556045e-02 2.4458222055401747e-02 1.0000000376117846e+00 7.7455759455818673e-02 7.1445527474206016e-02 2.3810483327861768e+01 34
1 0 1 1 3.4037702508331491e-02 2.4446469258706308e-02 1.0000000398755220e+00 7.7390153437503245e-02 7.2204572166897241e-02 2.3860483321311101e+01 34
1 0 1 1 3.4029040036662413e-02 2.4434592268156689e-02 1.0000000422604545e+00 7.7324624056799407e-02 7.2966391186623375e-02 2.3910483314714121e+01 34
1 0 1 1 3.4020103771735061e-02 2.4422592597941589e-02 1.0000000447722130e+00 7.7259172567822748e-02 7.3730964667090740e-02 2.3960483308080995e+01 34
1 0 1 1 3.4010896141880451e-02 2.4410471754080953e-02 1.0000000474166468e+00 7.7193800215987929e-02 7.4498272796963569e-02 2.4010483301401688e+01 34
1 0 1 1 3.4001419445640634e-02 2.4398224537787925e-02 1.0000000502004023e+00 7.7128508237919530e-02 7.5268309082840115e-02 2.4060484154195048e+01 34
1 0 1 1 3.3991676595632708e-02 2.4385852957089747e-02 1.0000000531297406e+00 7.7063301227860259e-02 7.6041014277131599e-02 2.4110483302877377e+01 34
1 0 1 1 3.3981669662387297e-02 2.4373364895565436e-02 1.0000000562107787e+00 7.6998177099745602e-02 7.6816393774836234e-02 2.4160482376891395e+01 34
1 0 1 1 3.3971400663124443e-02 2.4360761346584832e-02 1.0000000594504335e+00 7.6933134595740804e-02 7.7594457564770000e-02 2.4210483274217243e+01 34
1 0 1 1 3.3960872556875646e-02 2.4348044459624962e-02 1.0000000628555752e+00 7.6868178467207948e-02 7.8375143750294543e-02 2.4260483267360438e+01 34
1 0 1 1 3.3950087561338979e-02 2.4335215464528173e-02 1.0000000664335615e+00 7.6803308729346431e-02 7.9158446908031130e-02 2.4310483260473216e+01 34
1 0 1 1 3.3939048072328164e-02 2.4322275809575116e-02 1.0000000701919576e+00 7.6738526565307580e-02 7.9944347627679921e-02 2.4360483253551930e+01 33
1 0 1 1 3.3927756480259419e-02 2.4309226934589059e-02 1.0000000741386004e+00 7.6673833149244974e-02 8.0732826558220699e-02 2.4410483246602677e+01 33
1 0 1 1 3.3916215169978649e-02 2.4296070270924654e-02 1.0000000782816056e+00 7.6609229646311450e-02 8.1523864407974433e-02 2.4460483239617783e+01 33
1 0 1 1 3.3904426520583467e-02 2.4282807241441353e-02 1.0000000826293756e+00 7.6544717212598062e-02 8.2317441945533629e-02 2.4510483232608706e+01 33
1 0 1 1 3.3892392905258820e-02 2.4269439260495039e-02 1.0000000871906061e+00 7.6480296995155600e-02 8.3113539999552205e-02 2.4560483225567122e+01 33
1 0 1 1 3.3880116691107028e-02 2.4255967733920185e-02 1.0000000919742935e+00 7.6415970131929689e-02 8.3912139459691421e-02 2.4610483218499546e+01 33
1 0 1 1 3.3867600238989035e-02 2.4242394059017628e-02 1.0000000969897433e+00 7.6351737751768400e-02 8.4713221276681572e-02 2.4660483211407477e+01 33
1 0 1 1 3.3854845903365717e-02 2.4228719624546459e-02 1.0000001022465768e+00 7.6287600974399850e-02 8.5516766462725630e-02 2.4710483204289137e+01 33
1 0 1 1 3.3841856032139003e-02 2.4214945810708616e-02 1.0000001077547387e+00 7.6223560910406052e-02 8.6322756091958719e-02 2.4760483197145717e+01 33
1 0 1 1 3.3828632966502029e-02 2.4201073989143979e-02 1.0000001135245056e+00 7.6159618661210238e-02 8.7131171300774177e-02 2.4810483189979660e+01 33
1 0 1 1 3.3815179040790573e-02 2.4187105522923441e-02 1.0000001195664929e+00 7.6095775319066805e-02 8.7941993288124784e-02 2.4860483182792102e+01 33
1 0 1 1 3.3801496582333557e-02 2.4173041766537881e-02 1.0000001258916633e+00 7.6032031967048247e-02 8.8755203315837097e-02 2.4910483175581994e+01 33
1 0 1 1 3.3787587911316794e-02 2.4158884065901491e-02 1.0000001325113348e+00 7.5968389679027026e-02 8.9570782709049723e-02 2.4960483168352820e+01 33
1 0 1 1 3.3773455340636083e-02 2.4144633758340590e-02 1.0000001394371874e+00 7.5904849519676493e-02 9.0388712856313697e-02 2.5010483161099813e+01 33
1 0 1 1 3.3759101175766901e-02 2.4130292172594978e-02 1.0000001466812725e+00 7.5841412544438991e-02 9.1208975210345253e-02 2.5060483153837211e+01 33
1 0 1 1 3.3744527714630289e-02 2.4115860628819295e-02 1.0000001542560206e+00 7.5778079799571241e-02 9.2031551287467456e-02 2.5110483146546194e+01 33
1 0 1 1 3.3729737247458196e-02 2.4101340438575838e-02 1.0000001621742494e+00 7.5714852322057963e-02 9.2856422669074928e-02 2.5160483139246530e+01 33
1 0 1 1 3.3714732056674447e-02 2.4086732904845698e-02 1.0000001704491708e+00 7.5651731139690648e-02 9.3683571000735474e-02 2.5210483131925038e+01 33
1 0 1 1 3.3699514416759509e-02 2.4072039322018745e-02 1.0000001790944009e+00 7.5588717270997252e-02 9.4512977993409700e-02 2.5260483124593286e+01 33
1 0 1 1 3.3684086594144298e-02 2.4057260975912893e-02 1.0000001881239671e+00 7.5525811725291270e-02 9.5344625422962639e-02 2.5310483117241915e+01 33
1 0 1 1 3.3668450847076120e-02 2.4042399143760489e-02 1.0000001975523161e+00 7.5463015502625130e-02 9.6178495131123490e-02 2.5360483109883656e+01 33
1 0 1 1 3.3652609425516650e-02 2.4027455094230758e-02 1.0000002073943226e+00 7.5400329593841575e-02 9.7014569024930372e-02 2.5410483102504720e+01 33
1 0 1 1 3.3636564571019399e-02 2.4012430087423903e-02 1.0000002176652976e+00 7.5337754980513733e-02 9.7852829077859887e-02 2.5460483095118352e+01 33
1 0 1 1 3.3620318516626169e-02 2.3997325374883933e-02 1.0000002283809963e+00 7.5275292635003016e-02 9.8693257329325851e-02 2.5510483087721298e+01 33
1 0 1 1 3.3603873486760964e-02 2.3982142199609525e-02 1.0000002395576262e+00 7.5212943520437892e-02 9.9535835885206564e-02 2.5560483080311656e+01 33
1 0 1 1 3.3587231697119489e-02 2.3966881796056515e-02 1.0000002512118553e+00 7.5150708590714460e-02 1.0038054691809130e-01 2.5610483072890936e+01 33
1 0 1 1 3.3570395354575816e-02 2.3951545390156009e-02 1.0000002633608214e+00 7.5088588790506144e-02 1.0122737266753613e-01 2.5660483065466597e+01 33
1 0 1 1 3.3553366657079718e-02 2.3936134199321089e-02 1.0000002760221380e+00 7.5026585055293138e-02 1.0207629543982520e-01 2.5710483058026437e+01 33
1 0 1 1 3.3536147793557958e-02 2.3920649432457558e-02 1.0000002892139050e+00 7.4964698311320799e-02 1.0292729760894437e-01 2.5760483050584192e+01 33
1 0 1 1 3.3518740943828527e-02 2.3905092289983183e-02 1.0000003029547149e+00 7.4902929475663849e-02 1.0378036161596618e-01 2.5810483043132493e+01 33
1 0 1 1 3.3501148278502521e-02 2.3889463963834782e-02 1.0000003172636616e+00 7.4841279456197091e-02 1.0463546996975134e-01 2.5860483035673525e+01 33
1 0 1 1 3.3483371958900492e-02 2.3873765637486190e-02 1.0000003321603483e+00 7.4779749151619057e-02 1.0549260524703105e-01 2.5910483028213605e+01 32
1 0 1 1 3.3465414136968824e-02 2.3857998485967220e-02 1.0000003476648958e+00 7.4718339451481708e-02 1.0635175009221402e-01 2.5960483020742124e+01 32
1 0 1 1 3.3447273958241340e-02 2.3842163675870311e-02 1.0000003637979498e+00 7.4657051236160454e-02 1.0721288721821207e-01 2.6010483013270360e+01 32
1 0 1 1 3.3428950334654664e-02 2.3826262365378124e-02 1.0000003805806890e+00 7.4595885376913085e-02 1.0807599940595843e-01 2.6060483005794548e+01 32
1 0 1 1 3.3410451878436033e-02 2.3810295704274578e-02 1.0000003980348331e+00 7.4534842735870216e-02 1.0894106950485270e-01 2.6110482998313035e+01 32
1 0 1 1 3.3391780701709665e-02 2.3794264833965156e-02 1.0000004161826497e+00 7.4473924166047534e-02 1.0980808043297959e-01 2.6160482990830808e+01 32
1 0 1 1 3.3372938906784902e-02 2.3778170887497833e-02 1.0000004350469629e+00 7.4413130511377878e-02 1.1067701517704492e-01 2.6210482983347980e+01 32
1 0 1 1 3.3353928586084255e-02 2.3762014989581526e-02 1.0000004546511601e+00 7.4352462606723624e-02 1.1154785679252169e-01 2.6260482975860846e+01 32
1 0 1 1 3.3334751822074522e-02 2.3745798256606242e-02 1.0000004750191991e+00 7.4291921277881284e-02 1.1242058840396227e-01 2.6310482968372483e+01 32
1 0 1 1 3.3315410687203048e-02 2.3729521796661799e-02 1.0000004961756164e+00 7.4231507341611269e-02 1.1329519320504086e-01 2.6360482960888937e+01 32
1 0 1 1 3.3295907243844375e-02 2.3713186709572755e-02 1.0000005181455329e+00 7.4171221605673632e-02 1.1417165445832357e-01 2.6410482953398954e+01 32
1 0 1 1 3.3276243544218272e-02 2.3696794086897129e-02 1.0000005409546628e+00 7.4111064868805254e-02 1.1504995549605408e-01 2.6460482945913714e+01 32
1 0 1 1 3.3256421630357060e-02 2.3680345011975235e-02 1.0000005646293180e+00 7.4051037920785712e-02 1.1593007971961379e-01 2.6510482938429448e+01 32
1 0 1 1 3.3236443534029089e-02 2.3663840559933053e-02 1.0000005891964172e+00 7.3991141542435412e-02 1.1681201059989864e-01 2.6560482930944342e+01 32
1 0 1 1 3.3216311276696227e-02 2.3647281797718023e-02 1.0000006146834908e+00 7.3931376505634416e-02 1.1769573167755717e-01 2.6610482923466346e+01 32
1 0 1 1 3.3196026869462672e-02 2.3630669784123891e-02 1.0000006411186881e+00 7.3871743573371923e-02 1.1858122656258792e-01 2.6660482915985892e+01 32
1 0 1 1 3.3175592313015548e-02 2.3614005569807417e-02 1.0000006685307834e+00 7.3812243499730867e-02 1.1946847893506725e-01 2.6710482908512645e+01 32
1 0 1 1 3.3155009597588846e-02 2.3597290197323331e-02 1.0000006969491819e+00 7.3752877029951119e-02 1.2035747254463473e-01 2.6760482901042419e+01 32
1 0 1 1 3.3134280702909732e-02 2.3580524701145349e-02 1.0000007264039257e+00 7.3693644900431676e-02 1.2124819121086577e-01 2.6810482893574246e+01 32
1 0 1 1 3.3113407598158805e-02 2.3563710107696773e-02 1.0000007569256992e+00 7.3634547838756004e-02 1.2214061882338169e-01 2.6860482886112859e+01 32
1 0 1 1 3.3092392241927102e-02 2.3546847435372709e-02 1.0000007885458351e+00 7.3575586563732615e-02 1.2303473934170943e-01 2.6910482878658264e+01 32
1 0 1 1 3.3071236582179676e-02 2.3529937694576900e-02 1.0000008212963190e+00 7.3516761785417883e-02 1.2393053679529560e-01 2.6960482871202718e+01 32
1 0 1 1 3.3049942556207086e-02 2.3512981887735783e-02 1.0000008552097952e+00 7.3458074205117296e-02 1.2482799528410468e-01 2.7010482863762228e+01 32
1 0 1 1 3.3028512090608905e-02 2.3495981009345135e-02 1.0000008903195707e+00 7.3399524515470382e-02 1.2572709897766871e-01 2.7060482856320935e+01 32
1 0 1 1 3.3006947101237909e-02 2.3478936045982789e-02 1.0000009266596204e+00 7.3341113400414382e-02 1.2662783211620249e-01 2.7110482848890971e+01 32
1 0 1 1 3.2985249493184994e-02 2.3461847976349700e-02 1.0000009642645913e+00 7.3282841535265264e-02 1.2753017900978050e-01 2.7160482841465193e+01 32
1 0 1 1 3.2963421160736937e-02 2.3444717771292103e-02 1.0000010031698063e+00 7.3224709586712400e-02 1.2843412403896412e-01 2.7210482834050225e+01 32
1 0 1 1 3.2941463987358609e-02 2.3427546393840166e-02 1.0000010434112681e+00 7.3166718212875737e-02 1.2933965165437267e-01 2.7260482826641429e+01 32
1 0 1 1 3.2919379845655468e-02 2.3410334799229628e-02 1.0000010850256633e+00 7.3108868063315346e-02 1.3024674637704009e-01 2.7310482819241791e+01 32
1 0 1 1 3.2897170597354898e-02 2.3393083934939312e-02 1.0000011280503651e+00 7.3051159779075309e-02 1.3115539279822766e-01 2.7360482811850620e+01 32
1 0 1 1 3.2874838093280734e-02 2.3375794740719089e-02 1.0000011725234363e+00 7.2993593992709688e-02 1.3206557557956863e-01 2.7410482804471187e+01 32
1 0 1 1 3.2852384173333013e-02 2.3358468148625269e-02 1.0000012184836322e+00 7.2936171328325472e-02 1.3297727945280602e-01 2.7460482797095867e+01 32
1 0 1 1 3.2829810666464655e-02 2.3341105083049579e-02 1.0000012659704034e+00 7.2878892401587014e-02 1.3389048922040064e-01 2.7510482789739370e+01 32
1 0 1 1 3.2807119390669937e-02 2.3323706460755406e-02 1.0000013150238971e+00 7.2821757819801713e-02 1.3480518975447850e-01 2.7560482782381818e+01 32
1 0 1 1 3.2784312152951064e-02 2.3306273190899496e-02 1.0000013656849596e+00 7.2764768181877604e-02 1.3572136599827564e-01 2.7610482775047746e+01 31
1 0 1 1 3.2761390749332750e-02 2.3288806175088841e-02 1.0000014179951373e+00 7.2707924078450115e-02 1.3663900296442497e-01 2.7660482767713194e+01 31
1 0 1 1 3.2738356964809978e-02 2.3271306307381865e-02 1.0000014719966779e+00 7.2651226091820426e-02 1.3755808573665418e-01 2.7710482760399742e+01 31
1 0 1 1 3.2715212573373051e-02 2.3253774474352576e-02 1.0000015277325316e+00 7.2594674796077230e-02 1.3847859946825197e-01 2.7760482753091662e+01 31
1 0 1 1 3.2691959337967189e-02 2.3236211555102908e-02 1.0000015852463511e+00 7.2538270757064094e-02 1.3940052938314854e-01 2.7810482745796069e+01 31
1 0 1 1 3.2668599010499094e-02 2.3218618421305830e-02 1.0000016445824922e+00 7.2482014532449124e-02 1.4032386077543305e-01 2.7860482738518645e+01 31
1 0 1 1 3.2645133331833671e-02 2.3200995937246321e-02 1.0000017057860131e+00 7.2425906671771623e-02 1.4124857900904633e-01 2.7910482731248408e+01 31
1 0 1 1 3.2621564031766019e-02 2.3183344959837732e-02 1.0000017689026739e+00 7.2369947716440758e-02 1.4217466951834687e-01 2.7960482723990779e+01 31
1 0 1 1 3.2597892829037037e-02 2.3165666338673615e-02 1.0000018339789356e+00 7.2314138199795763e-02 1.4310211780781257e-01 2.8010482716753241e+01 31
1 0 1 1 3.2574121431327499e-02 2.3147960916060147e-02 1.0000019010619592e+00 7.2258478647160729e-02 1.4403090945153879e-01 2.8060482709521086e+01 31
1 0 1 1 3.2550251535240320e-02 2.3130229527041021e-02 1.0000019701996030e+00 7.2202969575831055e-02 1.4496103009417080e-01 2.8110482702310026e+01 31
1 0 1 1 3.2526284826317690e-02 2.3112472999444262e-02 1.0000020414404218e+00 7.2147611495170072e-02 1.4589246544973439e-01 2.8160482695106598e+01 31
1 0 1 1 3.2502222979028550e-02 2.3094692153911901e-02 1.0000021148336629e+00 7.2092404906592022e-02 1.4682520130264889e-01 2.8210482687924895e+01 31
1 0 1 1 3.2478067656783134e-02 2.3076887803941851e-02 1.0000021904292642e+00 7.2037350303653935e-02 1.4775922350663739e-01 2.8260482680752130e+01 31
1 0 1 1 3.2453820511920160e-02 2.3059060755915191e-02 1.0000022682778504e+00 7.1982448172043356e-02 1.4869451798558408e-01 2.8310482673597445e+01 31
1 0 1 1 3.2429483185723286e-02 2.3041211809139039e-02 1.0000023484307299e+00 7.1927698989654398e-02 1.4963107073285198e-01 2.8360482666459532e+01 31
1 0 1 1 3.2405057308424495e-02 2.3023341755884209e-02 1.0000024309398889e+00 7.1873103226614971e-02 1.5056886781133474e-01 2.8410482659332732e+01 31
1 0 1 1 3.2380544499201885e-02 2.3005451381413342e-02 1.0000025158579890e+00 7.1818661345310064e-02 1.5150789535371220e-01 2.8460482652225039e+01 31
1 0 1 1 3.2355946366198492e-02 2.2987541464025766e-02 1.0000026032383609e+00 7.1764373800447978e-02 1.5244813956194236e-01 2.8510482645135262e+01 31
1 0 1 1 3.2331264506529504e-02 2.2969612775094718e-02 1.0000026931349988e+00 7.1710241039090128e-02 1.5338958670727662e-01 2.8560482638057881e+01 31
1 0 1 1 3.2306500506282164e-02 2.2951666079095500e-02 1.0000027856025548e+00 7.1656263500675943e-02 1.5433222313046965e-01 2.8610482630999091e+01 31
1 0 1 1 3.2281655940537973e-02 2.2933702133650737e-02 1.0000028806963326e+00 7.1602441617084123e-02 1.5527603524133674e-01 2.8660482623957972e+01 31
1 0 1 1 3.2256732373384479e-02 2.2915721689568375e-02 1.0000029784722808e+00 7.1548775812665083e-02 1.5622100951882187e-01 2.8710482616934801e+01 31
1 0 1 1 3.2231731357922046e-02 2.2897725490872149e-02 1.0000030789869849e+00 7.1495266504283672e-02 1.5716713251080944e-01 2.8760482609926651e+01 31
1 0 1 1 3.2206654436279909e-02 2.2879714274842408e-02 1.0000031822976603e+00 7.1441914101350645e-02 1.5811439083418105e-01 2.8810482602935156e+01 31
1 0 1 1 3.2181503139633999e-02 2.2861688772054960e-02 1.0000032884621435e+00 7.1388719005869045e-02 1.5906277117470174e-01 2.8860482595966015e+01 31
1 0 1 1 3.2156278988227080e-02 2.2843649706419437e-02 1.0000033975388842e+00 7.1335681612490404e-02 1.6001226028661794e-01 2.8910482589013736e+01 31
1 0 1 1 3.2130983491379710e-02 2.2825597795214769e-02 1.0000035095869348e+00 7.1282802308536564e-02 1.6096284499283223e-01 2.8960482582076192e+01 31
1 0 1 1 3.2105618147504969e-02 2.2807533749122644e-02 1.0000036246659421e+00 7.1230081474038476e-02 1.6191451218491756e-01 2.9010482575161536e+01 31
1 0 1 1 3.2080184444140618e-02 2.2789458272275336e-02 1.0000037428361366e+00 7.1177519481801732e-02 1.6286724882249878e-01 2.9060482568261623e+01 31
1 0 1 1 3.2054683857957435e-02 2.2771372062285536e-02 1.0000038641583213e+00 7.1125116697418167e-02 1.6382104193379021e-01 2.9110482561386320e+01 31
1 0 1 1 3.2029117854792462e-02 2.2753275810291660e-02 1.0000039886938621e+00 7.1072873479342907e-02 1.6477587861475052e-01 2.9160482554525892e+01 31
1 0 1 1 3.2003487889654902e-02 2.2735170200983958e-02 1.0000041165046740e+00 7.1020790178901033e-02 1.6573174602959254e-01 2.9210482547684258e+01 31
1 0 1 1 3.1977795406761954e-02 2.2717055912653196e-02 1.0000042476532116e+00 7.0968867140347502e-02 1.6668863141043797e-01 2.9260482540867294e+01 31
1 0 1 1 3.1952041839565633e-02 2.2698933617230823e-02 1.0000043822024538e+00 7.0917104700922662e-02 1.6764652205684288e-01 2.9310482534064828e+01 31
1 0 1 1 3.1926228610758285e-02 2.2680803980311134e-02 1.0000045202158927e+00 7.0865503190861961e-02 1.6860540533623586e-01 2.9360482527281096e+01 31
1 0 1 1 3.1900357132316030e-02 2.2662667661205501e-02 1.0000046617575193e+00 7.0814062933456268e-02 1.6956526868366317e-01 2.9410482520527697e+01 31
1 0 1 1 3.1874428805529355e-02 2.2644525312979679e-02 1.0000048068918093e+00 7.0762784245124388e-02 1.7052609960083423e-01 2.9460482513782008e+01 31
1 0 1 1 3.1848445021001419e-02 2.2626377582474752e-02 1.0000049556837083e+00 7.0711667435384151e-02 1.7148788565749384e-01 2.9510482507065429e+01 30
1 0 1 1 3.1822407158713498e-02 2.2608225110371694e-02 1.0000051081986172e+00 7.0660712806971282e-02 1.7245061448975182e-01 2.9560482500363818e+01 30
1 0 1 1 3.1796316588021768e-02 2.2590068531204117e-02 1.0000052645023760e+00 7.0609920655825331e-02 1.7341427380113850e-01 2.9610482493690949e+01 30
1 0 1 1 3.1770174667712904e-02 2.2571908473417140e-02 1.0000054246612482e+00 7.0559291271183072e-02 1.7437885136131534e-01 2.9660482487028677e+01 30
1 0 1 1 3.1743982746006594e-02 2.2553745559386527e-02 1.0000055887419033e+00 7.0508824935559933e-02 1.7534433500729954e-01 2.9710482480398422e+01 30
1 0 1 1 3.1717742160618907e-02 2.2535580405478806e-02 1.0000057568114007e+00 7.0458521924865791e-02 1.7631071264172254e-01 2.9760482473779081e+01 30
1 0 1 1 3.1691454238758299e-02 2.2517413622064171e-02 1.0000059289371710e+00 7.0408382508373113e-02 1.7727797223432684e-01 2.9810482467192955e+01 30
1 0 1 1 3.1665120297194968e-02 2.2499245813580607e-02 1.0000061051869982e+00 7.0358406948838020e-02 1.7824610182006864e-01 2.9860482460615728e+01 30
1 0 1 1 3.1638741642252777e-02 2.2481077578544516e-02 1.0000062856290011e+00 7.0308595502459437e-02 1.7921508950077117e-01 2.9910482454070355e+01 30
1 0 1 1 3.1612319569884341e-02 2.2462909509616942e-02 1.0000064703316138e+00 7.0258948419002626e-02 1.8018492344336889e-01 2.9960482447544912e+01 30
1 0 1 1 3.1585855365678442e-02 2.2444742193623090e-02 1.0000066593635659e+00 7.0209465941793503e-02 1.8115559188062069e-01 3.0010482441038192e+01 30
1 0 1 1 3.1559350304898204e-02 2.2426576211592483e-02 1.0000068527938628e+00 7.0160148307768067e-02 1.8212708311089734e-01 3.0060482434557592e+01 30
1 0 1 1 3.1532805652524865e-02 2.2408412138802930e-02 1.0000070506917635e+00 7.0110995747535237e-02 1.8309938549754765e-01 3.0110482428095430e+01 30
1 0 1 1 3.1506222663285434e-02 2.2390250544813708e-02 1.0000072531267612e+00 7.0062008485393873e-02 1.8407248746936758e-01 3.0160482421661687e+01 30
1 0 1 1 3.1479602581699136e-02 2.2372091993508019e-02 1.0000074601685593e+00 7.0013186739408928e-02 1.8504637751967168e-01 3.0210482415246194e+01 30
1 0 1 1 3.1452946642100937e-02 2.2353937043123551e-02 1.0000076718870516e+00 6.9964530721420615e-02 1.8602104420685098e-01 3.0260482408855932e+01 30
1 0 1 1 3.1426256068691247e-02 2.2335786246297260e-02 1.0000078883522967e+00 6.9916040637113763e-02 1.8699647615362472e-01 3.0310482402486329e+01 30
1 0 1 1 3.1399532075566200e-02 2.2317640150099304e-02 1.0000081096344966e+00 6.9867716686043246e-02 1.8797266204731297e-01 3.0360482396144352e+01 30
1 0 1 1 3.1372775866765248e-02 2.2299499296074807e-02 1.0000083358039722e+00 6.9819559061699593e-02 1.8894959063909375e-01 3.0410482389820530e+01 30
1 0 1 1 3.1345988636295112e-02 2.2281364220272392e-02 1.0000085669311387e+00 6.9771567951522312e-02 1.8992725074446598e-01 3.0460482383521999e+01 30
1 0 1 1 3.1319167069658177e-02 2.2263235453291806e-02 1.0000088030864811e+00 6.9723743536968114e-02 1.9090563124264903e-01 3.0510482377251680e+01 30
1 0 1 1 3.1292314947907483e-02 2.2245113520319059e-02 1.0000090443405283e+00 6.9676085993557180e-02 1.9188472107617396e-01 3.0560482370997452e+01 30
1 0 1 1 3.1265435257816165e-02 2.2226998941156321e-02 1.0000092907638278e+00 6.9628595490883488e-02 1.9286450925147128e-01 3.0610482364771666e+01 30
1 0 1 1 3.1238529155679075e-02 2.2208892230269610e-02 1.0000095424269189e+00 6.9581272192697663e-02 1.9384498483787047e-01 3.0660482358570736e+01 30
1 0 1 1 3.1211597787950858e-02 2.2190793896820042e-02 1.0000097994003059e+00 6.9534116256932427e-02 1.9482613696769405e-01 3.0710482352389914e+01 30
1 0 1 1 3.1184642291283704e-02 2.2172704444699876e-02 1.0000100617544310e+00 6.9487127835736684e-02 1.9580795483635402e-01 3.0760482346238341e+01 30
1 0 1 1 3.1157663792583595e-02 2.2154624372577883e-02 1.0000103295596456e+00 6.9440307075545271e-02 1.9679042770150082e-01 3.0810482340106109e+01 30
1 0 1 1 3.1130663409032637e-02 2.2136554173921900e-02 1.0000106028861833e+00 6.9393654117090253e-02 1.9777354488358800e-01 3.0860482334003883e+01 30
1 0 1 1 3.1103642248154390e-02 2.2118494337052576e-02 1.0000108818041300e+00 6.9347169095478667e-02 1.9875729576479442e-01 3.0910482327917997e+01 30
1 0 1 1 3.1076601407831788e-02 2.2100445345161604e-02 1.0000111663833953e+00 6.9300852140192437e-02 1.9974166978994548e-01 3.0960482321868390e+01 30
1 0 1 1 3.1049541976384216e-02 2.2082407676371894e-02 1.0000114566936815e+00 6.9254703375192073e-02 2.0072665646478616e-01 3.1010482315831247e+01 30
1 0 1 1 3.1022465032569922e-02 2.2064381803745019e-02 1.0000117528044556e+00 6.9208722918885690e-02 2.0171224535754351e-01 3.1060482309829570e+01 30
1 0 1 1 3.0995371645672440e-02 2.2046368195346507e-02 1.0000120547849161e+00 6.9162910884246254e-02 2.0269842609700206e-01 3.1110482303846119e+01 30
1 0 1 1 3.0968262875513082e-02 2.2028367314261936e-02 1.0000123627039639e+00 6.9117267378795560e-02 2.0368518837359809e-01 3.1160482297889533e+01 30
1 0 1 1 3.0941139772511863e-02 2.2010379618640660e-02 1.0000126766301691e+00 6.9071792504680263e-02 2.0467252193853788e-01 3.1210482291961657e+01 30
1 0 1 1 3.0914003377734582e-02 2.1992405561736116e-02 1.0000129966317406e+00 6.9026486358713390e-02 2.0566041660348650e-01 3.1260482286051950e+01 30
1 0 1 1 3.0886854722920146e-02 2.1974445591927710e-02 1.0000133227764925e+00 6.8981349032389699e-02 2.0664886224104542e-01 3.1310482280173456e+01 30
1 0 1 1 3.0859694830550913e-02 2.1956500152773433e-02 1.0000136551318108e+00 6.8936380611966885e-02 2.0763784878371622e-01 3.1360482274321583e+01 30
1 0 1 1 3.0832524713888754e-02 2.1938569683041042e-02 1.0000139937646215e+00 6.8891581178488981e-02 2.0862736622399436e-01 3.1410482268489499e+01 30
1 0 1 1 3.0805345377008471e-02 2.1920654616731622e-02 1.0000143387413565e+00 6.8846950807815582e-02 2.0961740461446254e-01 3.1460482262685325e+01 30
1 0 1 1 3.0778157814861880e-02 2.1902755383127723e-02 1.0000146901279179e+00 6.8802489570686992e-02 2.1060795406718849e-01 3.1510482256912855e+01 30
1 0 1 1 3.0750963013328570e-02 2.1884872406834042e-02 1.0000150479896457e+00 6.8758197532771265e-02 2.1159900475324145e-01 3.1560482251157957e+01 30
1 0 1 1 3.0723761949236802e-02 2.1867006107791537e-02 1.0000154123912817e+00 6.8714074754670451e-02 2.1259054690328918e-01 3.1610482245431399e+01 29
1 0 1 1 3.0696555590433855e-02 2.1849156901329190e-02 1.0000157833969334e+00 6.8670121291996677e-02 2.1358257080668025e-01 3.1660482239733810e+01 29
1 0 1 1 3.0669344895832711e-02 2.1831325198200115e-02 1.0000161610700407e+00 6.8626337195408393e-02 2.1457506681139479e-01 3.1710482234064546e+01 29
1 0 1 1 3.0642130815453212e-02 2.1813511404609180e-02 1.0000165454733370e+00 6.8582722510652422e-02 2.1556802532354641e-01 3.1760482228409153e+01 29
1 0 1 1 3.0614914290453758e-02 2.1795715922238841e-02 1.0000169366688147e+00 6.8539277278570454e-02 2.1656143680823395e-01 3.1810482222793627e+01 29
1 0 1 1 3.0587696253221570e-02 2.1777939148311613e-02 1.0000173347176884e+00 6.8496001535210599e-02 2.1755529178767782e-01 3.1860482217202549e+01 29
1 0 1 1 3.0560477627386399e-02 2.1760181475601322e-02 1.0000177396803560e+00 6.8452895311817891e-02 2.1854958084193252e-01 3.1910482211627016e+01 29
1 0 1 1 3.0533259327865016e-02 2.1742443292464282e-02 1.0000181516163638e+00 6.8409958634864543e-02 2.1954429460922581e-01 3.1960482206093900e+01 29
1 0 1 1 3.0506042260948711e-02 2.1724724982899488e-02 1.0000185705843665e+00 6.8367191526158999e-02 2.2053942378381836e-01 3.2010482200570102e+01 29
1 0 1 1 3.0478827324297058e-02 2.1707026926547510e-02 1.0000189966420907e+00 6.8324594002792394e-02 2.2153495911836232e-01 3.2060482195093201e+01 29
1 0 1 1 3.0451615407049930e-02 2.1689349498763479e-02 1.0000194298462957e+00 6.8282166077289708e-02 2.2253089142066823e-01 3.2110482189621571e+01 29
1 0 1 1 3.0424407389806871e-02 2.1671693070608927e-02 1.0000198702527350e+00 6.8239907757529444e-02 2.2352721155667199e-01 3.2160482184194777e+01 29
1 0 1 1 3.0397204144743513e-02 2.1654058008924833e-02 1.0000203179161178e+00 6.8197819046902530e-02 2.2452391044720552e-01 3.2210482178784979e+01 29
1 0 1 1 3.0370006535610700e-02 2.1636444676337296e-02 1.0000207728900694e+00 6.8155899944264076e-02 2.2552097906991386e-01 3.2260482173404000e+01 29
1 0 1 1 3.0342815417805258e-02 2.1618853431298962e-02 1.0000212352270916e+00 6.8114150444019195e-02 2.2651840845796239e-01 3.2310482168052708e+01 29
1 0 1 1 3.0315631638424254e-02 2.1601284628132565e-02 1.0000217049785241e+00 6.8072570536157284e-02 2.2751618969992202e-01 3.2360482162725283e+01 29
1 0 1 1 3.0288456036297109e-02 2.1583738617045635e-02 1.0000221821945028e+00 6.8031160206279501e-02 2.2851431393978730e-01 3.2410482157424838e+01 29
1 0 1 1 3.0261289442047142e-02 2.1566215744175832e-02 1.0000226669239214e+00 6.7989919435648805e-02 2.2951277237656589e-01 3.2460482152153830e+01 29
1 0 1 1 3.0234132678141720e-02 2.1548716351622147e-02 1.0000231592143909e+00 6.7948848201233425e-02 2.3051155626401720e-01 3.2510482146914150e+01 29
1 0 1 1 3.0206986558943869e-02 2.1531240777478939e-02 1.0000236591121980e+00 6.7907946475751380e-02 2.3151065691002515e-01 3.2560482141687949e+01 29
1 0 1 1 3.0179851890735271e-02 2.1513789355850972e-02 1.0000241666622658e+00 6.7867214227668227e-02 2.3251006567771931e-01 3.2610482136506583e+01 29
1 0 1 1 3.0152729471818584e-02 2.1496362416920163e-02 1.0000246819081120e+00 6.7826651421317136e-02 2.3350977398297548e-01 3.2660482131337801e+01 29
1 0 1 1 3.0125620092505460e-02 2.1478960286936234e-02 1.0000252048918092e+00 6.7786258016848122e-02 2.3450977329648895e-01 3.2710482126202685e+01 29
1 0 1 1 3.0098524535215072e-02 2.1461583288282911e-02 1.0000257356539430e+00 6.7746033970333075e-02 2.3551005514204854e-01 3.2760482121100949e+01 29
1 0 1 1 3.0071443574509589e-02 2.1444231739497589e-02 1.0000262742335706e+00 6.7705979233792013e-02 2.3651061109636370e-01 3.2810482116015940e+01 29
1 0 1 1 3.0044377977122071e-02 2.1426905955289274e-02 1.0000268206681808e+00 6.7666093755196943e-02 2.3751143278980594e-01 3.2860482110964192e+01 29
1 0 1 1 3.0017328502036412e-02 2.1409606246590870e-02 1.0000273749936521e+00 6.7626377478555294e-02 2.3851251190499356e-01 3.2910482105936971e+01 29
1 0 1 1 2.9990295900519787e-02 2.1392332920579061e-02 1.0000279372442114e+00 6.7586830343919130e-02 2.3951384017743077e-01 3.2960482100944851e+01 29
1 0 1 1 2.9963280916186087e-02 2.1375086280711424e-02 1.0000285074523925e+00 6.7547452287453291e-02 2.4051540939433805e-01 3.3010482095973110e+01 29
1 0 1 1 2.9936284285025472e-02 2.1357866626747529e-02 1.0000290856489957e+00 6.7508243241436505e-02 2.4151721139531296e-01 3.3060482091026223e+01 29
1 0 1 1 2.9909306735464436e-02 2.1340674254785412e-02 1.0000296718630457e+00 6.7469203134316202e-02 2.4251923807195500e-01 3.3110482086122367e+01 29
1 0 1 1 2.9882348532991411e-02 2.1323505208576995e-02 1.0000302663969440e+00 6.7430331890783485e-02 2.4352149855437566e-01 3.3160482909833597e+01 29
1 0 1 1 2.9855411963919987e-02 2.1306362776654469e-02 1.0000308691218265e+00 6.7391631362834603e-02 2.4452392617955157e-01 3.3210481649289761e+01 29
1 0 1 1 2.9828495933278888e-02 2.1289248062787515e-02 1.0000314799729322e+00 6.7353098551190094e-02 2.4552657986487539e-01 3.3260481654132633e+01 29
1 0 1 1 2.9801601602543758e-02 2.1272161644375051e-02 1.0000320989620750e+00 6.7314734038735030e-02 2.4652943451538195e-01 3.3310482066574103e+01 29
1 0 1 1 2.9774730106691735e-02 2.1255104082119607e-02 1.0000327260989477e+00 6.7276538368006955e-02 2.4753246573452681e-01 3.3360482061802081e+01 29
1 0 1 1 2.9747881905264714e-02 2.1238075508677245e-02 1.0000333614065671e+00 6.7238511124281836e-02 2.4853567408697555e-01 3.3410482057054331e+01 29
1 0 1 1 2.9721057675103184e-02 2.1221076195941740e-02 1.0000340049007577e+00 6.7200652210110290e-02 2.4953905181978722e-01 3.3460482052339039e+01 29
1 0 1 1 2.9694258085885487e-02 2.1204106412375998e-02 1.0000346565952418e+00 6.7162961524527137e-02 2.5054259122936728e-01 3.3510482047648360e+01 29
1 0 1 1 2.9667483800169051e-02 2.1187166423040818e-02 1.0000353165016005e+00 6.7125438963067413e-02 2.5154628466185758e-01 3.3560482042988937e+01 29
1 0 1 1 2.9640735473445055e-02 2.1170256489622299e-02 1.0000359846292317e+00 6.7088084417821353e-02 2.5255012451217895e-01 3.3610482038348742e+01 29
1 0 1 1 2.9614013754172577e-02 2.1153376870455539e-02 1.0000366609853122e+00 6.7050897777441110e-02 2.5355410322485644e-01 3.3660482033749489e+01 29
1 0 1 1 2.9587319283859097e-02 2.1136527820569965e-02 1.0000373455747569e+00 6.7013878927227932e-02 2.5455821329209111e-01 3.3710482029164353e+01 29
1 0 1 1 2.9560652697066078e-02 2.1119709591694329e-02 1.0000380384001808e+00 6.6977027749101692e-02 2.5556244725550475e-01 3.3760482024616351e+01 29
1 0 1 1 2.9534014621497417e-02 2.1102922432305972e-02 1.0000387394618591e+00 6.6940344121697637e-02 2.5656679770408319e-01 3.3810482020089871e+01 28
1 0 1 1 2.9507405678018909e-02 2.1086166587644194e-02 1.0000394487576894e+00 6.6903827920356984e-02 2.5757125727530078e-01 3.3860482015598222e+01 28
1 0 1 1 2.9480826480730596e-02 2.1069442299751606e-02 1.0000401662831533e+00 6.6867479017198361e-02 2.5857581865370605e-01 3.3910482011126270e+01 28
1 0 1 1 2.9454277636988848e-02 2.1052749807485362e-02 1.0000408920312800e+00 6.6831297281114865e-02 2.5958047457176742e-01 3.3960482006685083e+01 28
1 0 1 1 2.9427759747474615e-02 2.1036089346558293e-02 1.0000416259926077e+00 6.6795282577838178e-02 2.6058521780889055e-01 3.4010482002275431e+01 28
1 0 1 1 2.9401273406239849e-02 2.1019461149565013e-02 1.0000423681551474e+00 6.6759434769968873e-02 2.6159004119114654e-01 3.4060481997886605e+01 28
1 0 1 1 2.9374819200737257e-02 2.1002865445996707e-02 1.0000431185043472e+00 6.6723753716989825e-02 2.6259493759164471e-01 3.4110481993527969e+01 28
1 0 1 1 2.9348397711888515e-02 2.0986302462283123e-02 1.0000438770230575e+00 6.6688239275323385e-02 2.6359989992962135e-01 3.4160481989195070e+01 28
1 0 1 1 2.9322009514119157e-02 2.0969772421811163e-02 1.0000446436914947e+00 6.6652891298350864e-02 2.6460492117073459e-01 3.4210481984897100e+01 28
1 0 1 1 2.9295655175420127e-02 2.0953275544958232e-02 1.0000454184872074e+00 6.6617709636467598e-02 2.6560999432588717e-01 3.4260481980611118e+01 28
1 0 1 1 2.9269335257361879e-02 2.0936812049100861e-02 1.0000462013850435e+00 6.6582694137066745e-02 2.6661511245276243e-01 3.4310481976369744e+01 28
1 0 1 1 2.9243050315192417e-02 2.0920382148670667e-02 1.0000469923571165e+00 6.6547844644646470e-02 2.6762026865314531e-01 3.4360481972141038e+01 28
1 0 1 1 2.9216800897829902e-02 2.0903986055149388e-02 1.0000477913727734e+00 6.6513161000764764e-02 2.6862545607505911e-01 3.4410481967945650e+01 28
1 0 1 1 2.9190587547947844e-02 2.0887623977116247e-02 1.0000485983985645e+00 6.6478643044127650e-02 2.6963066791089968e-01 3.4460481963777156e+01 28
1 0 1 1 2.9164410802003323e-02 2.0871296120262412e-02 1.0000494133982110e+00 6.6444290610598061e-02 2.7063589739784527e-01 3.4510481959634440e+01 28
1 0 1 1 2.9138271190288254e-02 2.0855002687422429e-02 1.0000502363325763e+00 6.6410103533230014e-02 2.7164113781752530e-01 3.4560481955516025e+01 28
1 0 1 1 2.9112169236969590e-02 2.0838743878593073e-02 1.0000510671596372e+00 6.6376081642297385e-02 2.7264638249590994e-01 3.4610481951427502e+01 28
1 0 1 1 2.9086105460145128e-02 2.0822519890965938e-02 1.0000519058344555e+00 6.6342224765336300e-02 2.7365162480273308e-01 3.4660481947364147e+01 28
1 0 1 1 2.9060080371879508e-02 2.0806330918946625e-02 1.0000527523091511e+00 6.6308532727165137e-02 2.7465685815151381e-01 3.4710481943323643e+01 28
1 0 1 1 2.9034094478248014e-02 2.0790177154177737e-02 1.0000536065328764e+00 6.6275005349913318e-02 2.7566207599957671e-01 3.4760481939319000e+01 28
1 0 1 1 2.9008148279402745e-02 2.0774058785577636e-02 1.0000544684517900e+00 6.6241642453077482e-02 2.7666727184666196e-01 3.4810481935320198e+01 28
1 0 1 1 2.8982242269565642e-02 2.0757975999331144e-02 1.0000553380090353e+00 6.6208443853489229e-02 2.7767243923703877e-01 3.4860481931371879e+01 28
1 0 1 1 2.8956376937151102e-02 2.0741928978963740e-02 1.0000562151447141e+00 6.6175409365441251e-02 2.7867757175603952e-01 3.4910481927431107e+01 28
1 0 1 1 2.8930552764731565e-02 2.0725917905315583e-02 1.0000570997958682e+00 6.6142538800618295e-02 2.7968266303292483e-01 3.4960481923521783e+01 28
1 0 1 1 2.8904767347003209e-02 2.0709942956596339e-02 1.0000579918964565e+00 6.6109831968190647e-02 2.8068770673870480e-01 3.5010481919637286e+01 28
1 0 1 1 2.8879015858269508e-02 2.0694004308397303e-02 1.0000588913773372e+00 6.6077288674818380e-02 2.8169269658667079e-01 3.5060481915777800e+01 28
1 0 1 1 2.8853306988891238e-02 2.0678102133715699e-02 1.0000597981662487e+00 6.6044908724684770e-02 2.8269762633200740e-01 3.5110481911942252e+01 28
1 0 1 1 2.8827641199188691e-02 2.0662236602978924e-02 1.0000607121877931e+00 6.6012691919522581e-02 2.8370248977164764e-01 3.5160481908131359e+01 28
1 0 1 1 2.8802018943876927e-02 2.0646407884065483e-02 1.0000616333634211e+00 6.5980638058643903e-02 2.8470728074394813e-01 3.5210481904342785e+01 28
1 0 1 1 2.8776440672104556e-02 2.0630616142326474e-02 1.0000625616114174e+00 6.5948746938963132e-02 2.8571199312868489e-01 3.5260481900581304e+01 28
1 0 1 1 2.8750906827504499e-02 2.0614861540613125e-02 1.0000634968468880e+00 6.5917018355034190e-02 2.8671662084660138e-01 3.5310481896846653e+01 28
1 0 1 1 2.8725417848235846e-02 2.0599144239297835e-02 1.0000644389817488e+00 6.5885452099076064e-02 2.8772115785894870e-01 3.5360481893121062e+01 28
1 0 1 1 2.8699974167000084e-02 2.0583464396282579e-02 1.0000653879247170e+00 6.5854047960968110e-02 2.8872559816866666e-01 3.5410481889437797e+01 28
1 0 1 1 2.8674576211133306e-02 2.0567822167047615e-02 1.0000663435813006e+00 6.5822805728341760e-02 2.8972993581782192e-01 3.5460481885765105e+01 28
1 0 1 1 2.8649224402594837e-02 2.0552217704644059e-02 1.0000673058537939e+00 6.5791725186537864e-02 2.9073416488954634e-01 3.5510481882111293e+01 28
1 0 1 1 2.8623919158029983e-02 2.0536651159728449e-02 1.0000682746412710e+00 6.5760806118660614e-02 2.9173827950734077e-01 3.5560481878500205e+01 28
1 0 1 1 2.8598660888840711e-02 2.0521122680599978e-02 1.0000692498395820e+00 6.5730048305639860e-02 2.9274227383312879e-01 3.5610481874884499e+01 28
1 0 1 1 2.8573450001154028e-02 2.0505632413179480e-02 1.0000702313413528e+00 6.5699451526166408e-02 2.9374614207034805e-01 3.5660481871308384e+01 28
1 0 1 1 2.8548286895936987e-02 2.0490180501074352e-02 1.0000712190359833e+00 6.5669015556811400e-02 2.9474987846064749e-01 3.5710481867753487e+01 28
1 0 1 1 2.8523171968998933e-02 2.0474767085576766e-02 1.0000722128096495e+00 6.5638740172000665e-02 2.9575347728494317e-01 3.5760481864199804e+01 28
1 0 1 1 2.8498105611007556e-02 2.0459392305670225e-02 1.0000732125453078e+00 6.5608625144013749e-02 2.9675693286476951e-01 3.5810481860702559e+01 28
1 0 1 1 2.8473088207614069e-02 2.0444056298100498e-02 1.0000742181226969e+00 6.5578670243107928e-02 2.9776023955790165e-01 3.5860481857182918e+01 28
1 0 1 1 2.8448120139360423e-02 2.0428759197316675e-02 1.0000752294183508e+00 6.5548875237387505e-02 2.9876339176416056e-01 3.5910481853726381e+01 28
1 0 1 1 2.8423201781868936e-02 2.0413501135581765e-02 1.0000762463055997e+00 6.5519239893002623e-02 2.9976638391849431e-01 3.5960481850246062e+01 28
1 0 1 1 2.8398333505726178e-02 2.0398282242899465e-02 1.0000772686545887e+00 6.5489763973991227e-02 3.0076921049772076e-01 3.6010481846827552e+01 28
1 0 1 1 2.8373515676671342e-02 2.0383102647122280e-02 1.0000782963322838e+00 6.5460447242479625e-02 3.0177186601356648e-01 3.6060481843390811e+01 28
1 0 1 1 2.8348748655495845e-02 2.0367962473890524e-02 1.0000793292024914e+00 6.5431289458537378e-02 3.0277434501864359e-01 3.6110481839994769e+01 27
1 0 1 1 2.8324032798185763e-02 2.0352861846711159e-02 1.0000803671258720e+00 6.5402290380328187e-02 3.0377664210170013e-01 3.6160481836610302e+01 27
1 0 1 1 2.8299368455902182e-02 2.0337800886945315e-02 1.0000814099599595e+00 6.5373449764058345e-02 3.0477875188994019e-01 3.6210481833242000e+01 27
1 0 1 1 2.8274755975030531e-02 2.0322779713830275e-02 1.0000824575591825e+00 6.5344767364019285e-02 3.0578066904808238e-01 3.6260481829890999e+01 27
1 0 1 1 2.8250195697221713e-02 2.0307798444505733e-02 1.0000835097748864e+00 6.5316242932606627e-02 3.0678238827844023e-01 3.6310481826564065e+01 27
1 0 1 1 2.8225687959434684e-02 2.0292857194031119e-02 1.0000845664553577e+00 6.5287876220351204e-02 3.0778390431990782e-01 3.6360481823232007e+01 27
1 0 1 1 2.8201233093929155e-02 2.0277956075380046e-02 1.0000856274458532e+00 6.5259666975889530e-02 3.0878521195014108e-01 3.6410481819945069e+01 27
1 0 1 1 2.8176831428380705e-02 2.0263095199505185e-02 1.0000866925886247e+00 6.5231614946073269e-02 3.0978630598175083e-01 3.6460481816649832e+01 27
1 0 1 1 2.8152483285828041e-02 2.0248274675303952e-02 1.0000877617229549e+00 6.5203719875885857e-02 3.1078718126602684e-01 3.6510481813381311e+01 27
1 0 1 1 2.8128188984770069e-02 2.0233494609670093e-02 1.0000888346851873e+00 6.5175981508537206e-02 3.1178783268982135e-01 3.6560481810115625e+01 27
1 0 1 1 2.8103948823341988e-02 2.0218754990165386e-02 1.0000899113343034e+00 6.5148399585429062e-02 3.1278825580442604e-01 3.6610481835612063e+01 27
1 0 1 1 2.8079762168659206e-02 2.0204048656871545e-02 1.0000909931089152e+00 6.5120973893729228e-02 3.1378848288226679e-01 3.6660483591695488e+01 27
1 0 1 1 2.8055632891446965e-02 2.0189384711365700e-02 1.0000920781236222e+00 6.5093707063413192e-02 3.1478836290232265e-01 3.6710479940079210e+01 27
1 0 1 1 2.8031556023897928e-02 2.0174760051055354e-02 1.0000931664403598e+00 6.5066592877462359e-02 3.1578810921781941e-01 3.6760481797319891e+01 27
1 0 1 1 2.8007535416678289e-02 2.0160176932974328e-02 1.0000942577213414e+00 6.5039635083438130e-02 3.1678756952845250e-01 3.6810481794131796e+01 27
1 0 1 1 2.7983570464745412e-02 2.0145634907465446e-02 1.0000953518265550e+00 6.5012832402331910e-02 3.1778677614219830e-01 3.6860481790961437e+01 27
1 0 1 1 2.7959661455602063e-02 2.0131134067877678e-02 1.0000964485728907e+00 6.4986184565206218e-02 3.1878572419977924e-01 3.6910481787784654e+01 27
1 0 1 1 2.7935808672428050e-02 2.0116674505652774e-02 1.0000975477746294e+00 6.4959691301428785e-02 3.1978440887880938e-01 3.6960481784631916e+01 27
1 0 1 1 2.7912012394162342e-02 2.0102256310372324e-02 1.0000986492434920e+00 6.4933352338740424e-02 3.2078282539138847e-01 3.7010481781472095e+01 27
1 0 1 1 2.7888272895478836e-02 2.0087879569738482e-02 1.0000997527886981e+00 6.4907167403211563e-02 3.2178096898663067e-01 3.7060481778344531e+01 27
1 0 1 1 2.7864590446882539e-02 2.0073544369628771e-02 1.0001008582170199e+00 6.4881136219326785e-02 3.2277883494742343e-01 3.7110481775201031e+01 27
1 0 1 1 2.7840965314665091e-02 2.0059250794065387e-02 1.0001019653328447e+00 6.4855258509914998e-02 3.2377641859380318e-01 3.7160481772079166e+01 27
1 0 1 1 2.7817397760998550e-02 2.0044998925267815e-02 1.0001030739382346e+00 6.4829533996234590e-02 3.2477371527995541e-01 3.7210481768956626e+01 27
1 0 1 1 2.7793888043923347e-02 2.0030788843642733e-02 1.0001041838329916e+00 6.4803962397939785e-02 3.2577072039612531e-01 3.7260481765850614e+01 27
1 0 1 1 2.7770436417411389e-02 2.0016620627817828e-02 1.0001052948147220e+00 6.4778543433127778e-02 3.2676742936682385e-01 3.7310481762731634e+01 27
1 0 1 1 2.7747043131346440e-02 2.0002494354625196e-02 1.0001064066789074e+00 6.4753276818302563e-02 3.2776383765298711e-01 3.7360481759636521e+01 27
1 0 1 1 2.7723708431615531e-02 1.9988410099156070e-02 1.0001075192189719e+00 6.4728162268449019e-02 3.2875994074933634e-01 3.7410481756537550e+01 27
1 0 1 1 2.7700432560086714e-02 1.9974367934739896e-02 1.0001086322263566e+00 6.4703199496993546e-02 3.2975573418611454e-01 3.7460481753434934e+01 27
1 0 1 1 2.7677215754648658e-02 1.9960367932966842e-02 1.0001097454905936e+00 6.4678388215826055e-02 3.3075121352886333e-01 3.7510481750347644e+01 27
1 0 1 1 2.7654058249262696e-02 1.9946410163716146e-02 1.0001108587993821e+00 6.4653728135335597e-02 3.3174637437729027e-01 3.7560481747259153e+01 27
1 0 1 1 2.7630960273961318e-02 1.9932494695148968e-02 1.0001119719386669e+00 6.4629218964393165e-02 3.3274121236623405e-01 3.7610481744170336e+01 27
1 0 1 1 2.7607922054888837e-02 1.9918621593732359e-02 1.0001130846927195e+00 6.4604860410369891e-02 3.3373572316516886e-01 3.7660481741074996e+01 27
1 0 1 1 2.7584943814312826e-02 1.9904790924240180e-02 1.0001141968442209e+00 6.4580652179136777e-02 3.3472990247878393e-01 3.7710481737993476e+01 27
1 0 1 1 2.7562025770681443e-02 1.9891002749784621e-02 1.0001153081743441e+00 6.4556593975103438e-02 3.3572374604560290e-01 3.7760481734904772e+01 27
1 0 1 1 2.7539168138618529e-02 1.9877257131810756e-02 1.0001164184628424e+00 6.4532685501193565e-02 3.3671724963927269e-01 3.7810481731813141e+01 27
1 0 1 1 2.7516371128960458e-02 1.9863554130115077e-02 1.0001175274881362e+00 6.4508926458867077e-02 3.3771040906820743e-01 3.7860481728732466e+01 27
1 0 1 1 2.7493634948801589e-02 1.9849893802866947e-02 1.0001186350274021e+00 6.4485316548145766e-02 3.3870322017419030e-01 3.7910481725618254e+01 27
1 0 1 1 2.7470959801452768e-02 1.9836276206583403e-02 1.0001197408566673e+00 6.4461855467557783e-02 3.3969567883596907e-01 3.7960481722549957e+01 27
1 0 1 1 2.7448345886588822e-02 1.9822701396212897e-02 1.0001208447508978e+00 6.4438542914264374e-02 3.4068778096329788e-01 3.8010481719431901e+01 27
1 0 1 1 2.7425793400123601e-02 1.9809169425054691e-02 1.0001219464840982e+00 6.4415378583918548e-02 3.4167952250351119e-01 3.8060481716327686e+01 27
1 0 1 1 2.7403296975332860e-02 1.9795680344840159e-02 1.0001230458294046e+00 6.4392362170785367e-02 3.4267089943712942e-01 3.8110481713238435e+01 27
1 0 1 1 2.7380856541471810e-02 1.9782234205731598e-02 1.0001241425591820e+00 6.4369493367728903e-02 3.4366190777787625e-01 3.8160481710105486e+01 27
1 0 1 1 2.7358478175554739e-02 1.9768831056291909e-02 1.0001252364451272e+00 6.4346771866147040e-02 3.4465254357630565e-01 3.8210481706993967e+01 27
1 0 1 1 2.7336162058943583e-02 1.9755470943548913e-02 1.0001263272583636e+00 6.4324197356077195e-02 3.4564280291535132e-01 3.8260481703870887e+01 27
1 0 1 1 2.7313908369414861e-02 1.9742153912977373e-02 1.0001274147695469e+00 6.4301769526140140e-02 3.4663268191280155e-01 3.8310481700728353e+01 27
1 0 1 1 2.7291717281178757e-02 1.9728880008503775e-02 1.0001284987489671e+00 6.4279488063548551e-02 3.4762217672160789e-01 3.8360481697602197e+01 27
1 0 1 1 2.7269588964953472e-02 1.9715649272549037e-02 1.0001295789666507e+00 6.4257352654159133e-02 3.4861128352731374e-01 3.8410481694441479e+01 27
1 0 1 1 2.7247523587912315e-02 1.9702461745991280e-02 1.0001306551924676e+00 6.4235362982405009e-02 3.4959999855158080e-01 3.8460481691288514e+01 27
1 0 1 1 2.7225521313775296e-02 1.9689317468221095e-02 1.0001317271962362e+00 6.4213518731368602e-02 3.5058831804927221e-01 3.8510481688130227e+01 27
1 0 1 1 2.7203582302805535e-02 1.9676216477131501e-02 1.0001327947478293e+00 6.4191819582758269e-02 3.5157623830905721e-01 3.8560481684930764e+01 27
1 0 1 1 2.7181706711785623e-02 1.9663158809102344e-02 1.0001338576172845e+00 6.4170265216874300e-02 3.5256375565610376e-01 3.8610481681768157e+01 27
1 0 1 1 2.7159894694152708e-02 1.9650144499079571e-02 1.0001349155749073e+00 6.4148855312717190e-02 3.5355086644665706e-01 3.8660481678558362e+01 27
1 0 1 1 2.7138146399890550e-02 1.9637173580503976e-02 1.0001359683913853e+00 6.4127589547870095e-02 3.5453756707390366e-01 3.8710481675354735e+01 27
1 0 1 1 2.7116461975645861e-02 1.9624246085378372e-02 1.0001370158378939e+00 6.4106467598593120e-02 3.5552385396353486e-01 3.8760481672122758e+01 27
1 0 1 1 2.7094841564687167e-02 1.9611362044241517e-02 1.0001380576862089e+00 6.4085489139768137e-02 3.5650972357712363e-01 3.8810481668910619e+01 27
1 0 1 1 2.7073285306999224e-02 1.9598521486218004e-02 1.0001390937088119e+00 6.4064653844971786e-02 3.5749517240802242e-01 3.8860481665642787e+01 27
1 0 1 1 2.7051793339196380e-02 1.9585724438964999e-02 1.0001401236790077e+00 6.4043961386378051e-02 3.5848019698690936e-01 3.8910481662400869e+01 27
1 0 1 1 2.7030365794666292e-02 1.9572970928755758e-02 1.0001411473710276e+00 6.4023411434878080e-02 3.5946479387606006e-01 3.8960481659132334e+01 27
1 0 1 1 2.7009002803506009e-02 1.9560260980434289e-02 1.0001421645601436e+00 6.4003003660000890e-02 3.6044895967266105e-01 3.9010481655820534e+01 27
1 0 1 1 2.6987704492531749e-02 1.9547594617422528e-02 1.0001431750227805e+00 6.3982737729913503e-02 3.6143269101032671e-01 3.9060481652560561e+01 27
1 0 1 1 2.6966470985426056e-02 1.9534971861800941e-02 1.0001441785366203e+00 6.3962613311535438e-02 3.6241598455224350e-01 3.9110481649211515e+01 27
1 0 1 1 2.6945302402556857e-02 1.9522392734198611e-02 1.0001451748807197e+00 6.3942630070359385e-02 3.6339883700106440e-01 3.9160481645900326e+01 27
1 0 1 1 2.6924198861192971e-02 1.9509857253920217e-02 1.0001461638356137e+00 6.3922787670635250e-02 3.6438124508988068e-01 3.9210481642561270e+01 27
1 0 1 1 2.6903160475407563e-02 1.9497365438881635e-02 1.0001471451834276e+00 6.3903085775264518e-02 3.6536320558731822e-01 3.9260481639197351e+01 27
1 0 1 1 2.6882187356124403e-02 1.9484917305635608e-02 1.0001481187079859e+00 6.3883524045828755e-02 3.6634471529643547e-01 3.9310481635823983e+01 27
1 0 1 1 2.6861279611153911e-02 1.9472512869392219e-02 1.0001490841949197e+00 6.3864102142606433e-02 3.6732577105423758e-01 3.9360481632443147e+01 27
1 0 1 1 2.6840437345210539e-02 1.9460152144021310e-02 1.0001500414317732e+00 6.3844819724574786e-02 3.6830636973122721e-01 3.9410481629023366e+01 27
1 0 1 1 2.6819660659892899e-02 1.9447835142041809e-02 1.0001509902081129e+00 6.3825676449379282e-02 3.6928650823397091e-01 3.9460481625629178e+01 27
1 0 1 1 2.6798949234423410e-02 1.9435559212663357e-02 1.0001519313868088e+00 6.3806671973414775e-02 3.7026620149100092e-01 3.9510482430450168e+01 27
1 0 1 1 2.6778303824685379e-02 1.9423322763606247e-02 1.0001528656323277e+00 6.3787806872233260e-02 3.7124541363381469e-01 3.9560482273135754e+01 27
1 0 1 1 2.6757725113951979e-02 1.9411130604274619e-02 1.0001537907885503e+00 6.3769080623420349e-02 3.7222411685338352e-01 3.9610480086119196e+01 27
1 0 1 1 2.6737210831266223e-02 1.9398981343580767e-02 1.0001547067590786e+00 6.3750490735521581e-02 3.7320242058841352e-01 3.9660481612586914e+01 28
1 0 1 1 2.6716763218770229e-02 1.9386876264335634e-02 1.0001556132475624e+00 6.3732038818350961e-02 3.7418021929197559e-01 3.9710481609116606e+01 28
1 0 1 1 2.6696381731401195e-02 1.9374814998760571e-02 1.0001565100851026e+00 6.3713723951087570e-02 3.7515754001246993e-01 3.9760481605597320e+01 28
1 0 1 1 2.6676066449812928e-02 1.9362797550185665e-02 1.0001573970773525e+00 6.3695545782515794e-02 3.7613437989301962e-01 3.9810481602078674e+01 28
1 0 1 1 2.6655817451765075e-02 1.9350823920692751e-02 1.0001582740327801e+00 6.3677503960173798e-02 3.7711073610938178e-01 3.9860481598539252e+01 28
1 0 1 1 2.6635634812095983e-02 1.9338894111092495e-02 1.0001591407627646e+00 6.3659598130321737e-02 3.7808660587204407e-01 3.9910481594998011e+01 28
1 0 1 1 2.6615518602779314e-02 1.9327008120956595e-02 1.0001599970816899e+00 6.3641827937972267e-02 3.7906198642429351e-01 3.9960481591414919e+01 28
1 0 1 1 2.6595468892887525e-02 1.9315165948592904e-02 1.0001608428070374e+00 6.3624193026849962e-02 3.8003687504512523e-01 4.0010481587842442e+01 28
1 0 1 1 2.6575485748679364e-02 1.9303367591093062e-02 1.0001616777594724e+00 6.3606693039456458e-02 3.8101126904579669e-01 4.0060481584251264e+01 28
1 0 1 1 2.6555569233576316e-02 1.9291613044315967e-02 1.0001625017629339e+00 6.3589327617034064e-02 3.8198516577180569e-01 4.0110481580633049e+01 28
1 0 1 1 2.6535719408180072e-02 1.9279902302894711e-02 1.0001633146447206e+00 6.3572096399570732e-02 3.8295856260308658e-01 4.0160481577012902e+01 28
1 0 1 1 2.6515936330317732e-02 1.9268235360259602e-02 1.0001641162355717e+00 6.3554999025829506e-02 3.8393145695268827e-01 4.0210481573384499e+01 28
1 0 1 1 2.6496220055054986e-02 1.9256612208642488e-02 1.0001649063697498e+00 6.3538035133342247e-02 3.8490384626673452e-01 4.0260481569709924e+01 28
1 0 1 1 2.6476570634665412e-02 1.9245032839057628e-02 1.0001656848851201e+00 6.3521204358380212e-02 3.8587572802751058e-01 4.0310481566080959e+01 28
1 0 1 1 2.6456988118767212e-02 1.9233497241374853e-02 1.0001664516232225e+00 6.3504506336054201e-02 3.8684709974693343e-01 4.0360481562387662e+01 28
1 0 1 1 2.6437472554194888e-02 1.9222005404245030e-02 1.0001672064293510e+00 6.3487940700197421e-02 3.8781795897429466e-01 4.0410481558718210e+01 28
1 0 1 1 2.6418023985150217e-02 1.9210557315181925e-02 1.0001679491526203e+00 6.3471507083479484e-02 3.8878830328927788e-01 4.0460481555004179e+01 28
1 0 1 1 2.6398642453112926e-02 1.9199152960510012e-02 1.0001686796460381e+00 6.3455205117326496e-02 3.8975813030784057e-01 4.0510481551326023e+01 28
1 0 1 1 2.6379327996978126e-02 1.9187792325438435e-02 1.0001693977665662e+00 6.3439034432018204e-02 3.9072743767562751e-01 4.0560481547578163e+01 28
1 0 1 1 2.6360080652925274e-02 1.9176475393983556e-02 1.0001701033751897e+00 6.3422994656579801e-02 3.9169622307613766e-01 4.0610481543894238e+01 28
1 0 1 1 2.6340900454622698e-02 1.9165202149084234e-02 1.0001707963369715e+00 6.3407085418933029e-02 3.9266448422082273e-01 4.0660481540140047e+01 28
1 0 1 1 2.6321787433060125e-02 1.9153972572500427e-02 1.0001714765211145e+00 6.3391306345754073e-02 3.9363221885878014e-01 4.0710481536418918e+01 28
1 0 1 1 2.6302741616723659e-02 1.9142786644912743e-02 1.0001721438010132e+00 6.3375657062602980e-02 3.9459942476842313e-01 4.0760481532645592e+01 28
1 0 1 1 2.6283763031478578e-02 1.9131644345851372e-02 1.0001727980543085e+00 6.3360137193830102e-02 3.9556609976510931e-01 4.0810481528946177e+01 28
1 0 1 1 2.6264851383859866e-02 1.9120545653805377e-02 1.0001734391629316e+00 6.3344746362714449e-02 3.9653224169122081e-01 4.0860481525149943e+01 28
1 0 1 1 2.6245996547586060e-02 1.9109490546101407e-02 1.0001740670131574e+00 6.3329484191298052e-02 3.9749784842820352e-01 4.0910481521417530e+01 28
1 0 1 1 2.6227209082515843e-02 1.9098478999038788e-02 1.0001746814956398e+00 6.3314350300567424e-02 3.9846291788499266e-01 4.0960481517647871e+01 28
1 0 1 1 2.6208489004174999e-02 1.9087510987806016e-02 1.0001752825054564e+00 6.3299344310340233e-02 3.9942744800617280e-01 4.1010481513907202e+01 28
1 0 1 1 2.6189836325687561e-02 1.9076586486553700e-02 1.0001758699421426e+00 6.3284465839354709e-02 4.0039143676613115e-01 4.1060481510130835e+01 28
1 0 1 1 2.6171251057702780e-02 1.9065705468347537e-02 1.0001764437097280e+00 6.3269714505209573e-02 4.0135488217382081e-01 4.1110481506377887e+01 28
1 0 1 1 2.6152733208496700e-02 1.9054867905223975e-02 1.0001770037167643e+00 6.3255089924435265e-02 4.0231778226834680e-01 4.1160481502608768e+01 28
1 0 1 1 2.6134282783927657e-02 1.9044073768163014e-02 1.0001775498763548e+00 6.3240591712457495e-02 4.0328013512265665e-01 4.1210481498882999e+01 28
1 0 1 1 2.6115899787539837e-02 1.9033323027143022e-02 1.0001780821061765e+00 6.3226219483665774e-02 4.0424193883847198e-01 4.1260481495103782e+01 28
1 0 1 1 2.6097584220460542e-02 1.9022615651077879e-02 1.0001786003285051e+00 6.3211972851333870e-02 4.0520319155301948e-01 4.1310481491375597e+01 28
1 0 1 1 2.6079336081554910e-02 1.9011951607904934e-02 1.0001791044702284e+00 6.3197851427732155e-02 4.0616389143182419e-01 4.1360481487636413e+01 28
1 0 1 1 2.6061155367356186e-02 1.9001330864541279e-02 1.0001795944628653e+00 6.3183854824068048e-02 4.0712403667331237e-01 4.1410481483904647e+01 28
1 0 1 1 2.6043042072119174e-02 1.8990753386909226e-02 1.0001800702425756e+00 6.3169982650525619e-02 4.0808362550685195e-01 4.1460481480187340e+01 29
1 0 1 1 2.6024996187847788e-02 1.8980219139951304e-02 1.0001805317501695e+00 6.3156234516277387e-02 4.0904265619227415e-01 4.1510481476461521e+01 29
1 0 1 1 2.6007017704280606e-02 1.8969728087617384e-02 1.0001809789311129e+00 6.3142610029476465e-02 4.1000112702184099e-01 4.1560481472787117e+01 29
1 0 1 1 2.5989106608983934e-02 1.8959280192917250e-02 1.0001814117355299e+00 6.3129108797318811e-02 4.1095903631611225e-01 4.1610481469098758e+01 29
1 0 1 1 2.5971262887294223e-02 1.8948875417880418e-02 1.0001818301182033e+00 6.3115730425996219e-02 4.1191638242775158e-01 4.1660481465415444e+01 29
1 0 1 1 2.5953486522373729e-02 1.8938513723588783e-02 1.0001822340385702e+00 6.3102474520734947e-02 4.1287316373981570e-01 4.1710481461758512e+01 29
1 0 1 1 2.5935777495232900e-02 1.8928195070184659e-02 1.0001826234607156e+00 6.3089340685817785e-02 4.1382937866569230e-01 4.1760481458160221e+01 29
1 0 1 1 2.5918135784801951e-02 1.8917919416908388e-02 1.0001829983533626e+00 6.3076328524619363e-02 4.1478502564552189e-01 4.1810481454484830e+01 29
1 0 1 1 2.5900561367785815e-02 1.8907686722012738e-02 1.0001833586898621e+00 6.3063437639515274e-02 4.1574010315598880e-01 4.1860481450952058e+01 29
1 0 1 1 2.5883054218953958e-02 1.8897496942926539e-02 1.0001837044481729e+00 6.3050667632077451e-02 4.1669460969471844e-01 4.1910481447329893e+01 29
1 0 1 1 2.5865614310867396e-02 1.8887350036092758e-02 1.0001840356108493e+00 6.3038018102882620e-02 4.1764854379656097e-01 4.1960481443798798e+01 29
1 0 1 1 2.5848241614133852e-02 1.8877245957114222e-02 1.0001843521650153e+00 6.3025488651696326e-02 4.1860190402069347e-01 4.2010481440286547e+01 29
1 0 1 1 2.5830936097320133e-02 1.8867184660698935e-02 1.0001846541023427e+00 6.3013078877402651e-02 4.1955468895608461e-01 4.2060481436764960e+01 29
1 0 1 1 2.5813697726958622e-02 1.8857166100660461e-02 1.0001849414190247e+00 6.3000788378014816e-02 4.2050689722236007e-01 4.2110481433307683e+01 29
1 0 1 1 2.5796526467643098e-02 1.8847190229971732e-02 1.0001852141157459e+00 6.2988616750742632e-02 4.2145852746570145e-01 4.2160481429885209e+01 29
1 0 1 1 2.5779422282012136e-02 1.8837257000749480e-02 1.0001854721976504e+00 6.2976563591975898e-02 4.2240957836017301e-01 4.2210481426447345e+01 29
1 0 1 1 2.5762383896323227e-02 1.8827359871744925e-02 1.0001857189560202e+00 6.2964628497271830e-02 4.2336010976356342e-01 4.2260484291681387e+01 29
1 0 1 1 2.5745415325076400e-02 1.8817506348910020e-02 1.0001859514215967e+00 6.2952813112139211e-02 4.2430990064993690e-01 4.2310478773405890e+01 29
1 0 1 1 2.5728511043549888e-02 1.8807693817064222e-02 1.0001861693379601e+00 6.2941113120305259e-02 4.2525925739482667e-01 4.2360481100745183e+01 29
1 0 1 1 2.5711674351620400e-02 1.8797924167015818e-02 1.0001863726811682e+00 6.2929530442660531e-02 4.2620799149294797e-01 4.2410481414610494e+01 29
1 0 1 1 2.5694904626645955e-02 1.8788197012134050e-02 1.0001865614849939e+00 6.2918064270785556e-02 4.2715613398365776e-01 4.2460481411349789e+01 29
1 0 1 1 2.5678201713022295e-02 1.8778512237296662e-02 1.0001867357808585e+00 6.2906714122831886e-02 4.2810368972610774e-01 4.2510481408195218e+01 29
1 0 1 1 2.5661565560415104e-02 1.8768869788734072e-02 1.0001868956030313e+00 6.2895479590127340e-02 4.2905065758246991e-01 4.2560481405016809e+01 29
1 0 1 1 2.5644996116623079e-02 1.8759269611848199e-02 1.0001870409899132e+00 6.2884360263261385e-02 4.2999703644649728e-01 4.2610481401957230e+01 29
1 0 1 1 2.5628493327775018e-02 1.8749711651322658e-02 1.0001871719839857e+00 6.2873355732212255e-02 4.3094282523288269e-01 4.2660481398882588e+01 29
1 0 1 1 2.5612057138190088e-02 1.8740195851039122e-02 1.0001872886317553e+00 6.2862465586258603e-02 4.3188802288629619e-01 4.2710481395873387e+01 29
1 0 1 1 2.5595687490490869e-02 1.8730722154139977e-02 1.0001873909836969e+00 6.2851689414066048e-02 4.3283262837638187e-01 4.2760481392974427e+01 29
1 0 1 1 2.5579384325666737e-02 1.8721290503060466e-02 1.0001874790941951e+00 6.2841026803718669e-02 4.3377664069431254e-01 4.2810481390025167e+01 29
1 0 1 1 2.5563147582926486e-02 1.8711900839443706e-02 1.0001875530214852e+00 6.2830477342635832e-02 4.3472005886311244e-01 4.2860481387218996e+01 29
1 0 1 1 2.5546977199931924e-02 1.8702553104267702e-02 1.0001876128275891e+00 6.2820040617725809e-02 4.3566288192446251e-01 4.2910481384421516e+01 29
1 0 1 1 2.5530873112648296e-02 1.8693247237761272e-02 1.0001876585782528e+00 6.2809716215295297e-02 4.3660510894903926e-01 4.2960481381728911e+01 29
1 0 1 1 2.5514835255500821e-02 1.8683983179486757e-02 1.0001876903428810e+00 6.2799503721145816e-02 4.3754673902757046e-01 4.3010481379009768e+01 30
1 0 1 1 2.5498863561230996e-02 1.8674760868257929e-02 1.0001877081944699e+00 6.2789402720499737e-02 4.3848777128122041e-01 4.3060481376469568e+01 30
1 0 1 1 2.5482957961142614e-02 1.8665580242276294e-02 1.0001877122095384e+00 6.2779412798152912e-02 4.3942820484739703e-01 4.3110481373912314e+01 30
1 0 1 1 2.5467118384900279e-02 1.8656441239013367e-02 1.0001877024680594e+00 6.2769533538355238e-02 4.4036803889302667e-01 4.3160481371459184e+01 30
1 0 1 1 2.5451344760710273e-02 1.8647343795310987e-02 1.0001876790533883e+00 6.2759764524924738e-02 4.4130727260449465e-01 4.3210481369028592e+01 30
1 0 1 1 2.5435637015223948e-02 1.8638287847324422e-02 1.0001876420521911e+00 6.2750105341200402e-02 4.4224590519484852e-01 4.3260481366733757e+01 30
1 0 1 1 2.5419995073680902e-02 1.8629273330599421e-02 1.0001875915543699e+00 6.2740555570133638e-02 4.4318393589587274e-01 4.3310481364477035e+01 30
1 0 1 1 2.5404418859821930e-02 1.8620300180022732e-02 1.0001875276529899e+00 6.2731114794240178e-02 4.4412136396472274e-01 4.3360481362314964e+01 30
1 0 1 1 2.5388908295987393e-02 1.8611368329872785e-02 1.0001874504442037e+00 6.2721782595663189e-02 4.4505818867844260e-01 4.3410481360183113e+01 30
1 0 1 1 2.5373463303058279e-02 1.8602477713783365e-02 1.0001873600271747e+00 6.2712558556147990e-02 4.4599440933886064e-01 4.3460481358171947e+01 30
1 0 1 1 2.5358083800565794e-02 1.8593628264806077e-02 1.0001872565039995e+00 6.2703442257114494e-02 4.4693002526711617e-01 4.3510481356248143e+01 30
1 0 1 1 2.5342769706669405e-02 1.8584819915392535e-02 1.0001871399796318e+00 6.2694433279647355e-02 4.4786503580557718e-01 4.3560481354373103e+01 30
1 0 1 1 2.5327514233838545e-02 1.8576052597384887e-02 1.0001870105618011e+00 6.2685531204500877e-02 4.4879944032014851e-01 4.3610481352641109e+01 30
1 0 1 1 2.5312321005494905e-02 1.8567326242083643e-02 1.0001868683609365e+00 6.2676735612168855e-02 4.4973323819326394e-01 4.3660481350918374e+01 30
1 0 1 1 2.5297193002741903e-02 1.8558640780172640e-02 1.0001867134900848e+00 6.2668046082824863e-02 4.5066642883271985e-01 4.3710481349332014e+01 30
1 0 1 1 2.5282130138027704e-02 1.8549996141805178e-02 1.0001865460648316e+00 6.2659462196417770e-02 4.5159901166339594e-01 4.3760481347840802e+01 30
1 0 1 1 2.5267132322516053e-02 1.8541392256571886e-02 1.0001863662032195e+00 6.2650983532653859e-02 4.5253098613143383e-01 4.3810481346474916e+01 30
1 0 1 1 2.5252199466171573e-02 1.8532829053545447e-02 1.0001861740256701e+00 6.2642609671038296e-02 4.5346235169933247e-01 4.3860481345086498e+01 30
1 0 1 1 2.5237331477615213e-02 1.8524306461197980e-02 1.0001859696548983e+00 6.2634340190818871e-02 4.5439310785670672e-01 4.3910481343942898e+01 30
1 0 1 1 2.5222528264408791e-02 1.8515824407558831e-02 1.0001857532158356e+00 6.2626174671143120e-02 4.5532325410300950e-01 4.3960481342814184e+01 30
1 0 1 1 2.5207789732832723e-02 1.8507382820086366e-02 1.0001855248355460e+00 6.2618112690941363e-02 4.5625278996248059e-01 4.4010481341789479e+01 30
1 0 1 1 2.5193115788012612e-02 1.8498981625737154e-02 1.0001852846431454e+00 6.2610153829013193e-02 4.5718171497735605e-01 4.4060481340929115e+01 30
1 0 1 1 2.5178506333981547e-02 1.8490620750999883e-02 1.0001850327697208e+00 6.2602297664059614e-02 4.5811002870463752e-01 4.4110481340103348e+01 30
1 0 1 1 2.5163961273569450e-02 1.8482300121829002e-02 1.0001847693482475e+00 6.2594543774638745e-02 4.5903773072428433e-01 4.4160481339449596e+01 30
1 0 1 1 2.5149480508565646e-02 1.8474019663735360e-02 1.0001844945135099e+00 6.2586891739257383e-02 4.5996482062963795e-01 4.4210481338871041e+01 30
1 0 1 1 2.5135063939628912e-02 1.8465779301732241e-02 1.0001842084020185e+00 6.2579341136331512e-02 4.6089129803419693e-01 4.4260481338416113e+01 30
1 0 1 1 2.5120711466365093e-02 1.8457578960377887e-02 1.0001839111519313e+00 6.2571891544235592e-02 4.6181716256749783e-01 4.4310481338071028e+01 30
1 0 1 1 2.5106422987313453e-02 1.8449418563765339e-02 1.0001836029029716e+00 6.2564542541307472e-02 4.6274241387719300e-01 4.4360481337886597e+01 31
1 0 1 1 2.5092198400020544e-02 1.8441298035561479e-02 1.0001832837963505e+00 6.2557293705889361e-02 4.6366705162481170e-01 4.4410481337763834e+01 31
1 0 1 1 2.5078037600950058e-02 1.8433217298954752e-02 1.0001829539746827e+00 6.2550144616299874e-02 4.6459107549311979e-01 4.4460481337866177e+01 31
1 0 1 1 2.5063940485682799e-02 1.8425176276764935e-02 1.0001826135819156e+00 6.2543094850927572e-02 4.6551448517311383e-01 4.4510481337929782e+01 31
1 0 1 1 2.5049906948659419e-02 1.8417174891296236e-02 1.0001822627632404e+00 6.2536143988125958e-02 4.6643728038260374e-01 4.4560481338283921e+01 31
1 0 1 1 2.5035936883514364e-02 1.8409213064524570e-02 1.0001819016650240e+00 6.2529291606383652e-02 4.6735946084495261e-01 4.4610481338714102e+01 31
1 0 1 1 2.5022030182864641e-02 1.8401290717975097e-02 1.0001815304347255e+00 6.2522537284226687e-02 4.6828102630372292e-01 4.4660481339269055e+01 31
1 0 1 1 2.5008186738408319e-02 1.8393407772776350e-02 1.0001811492208224e+00 6.2515880600277851e-02 4.6920197651729328e-01 4.4710481339983133e+01 31
1 0 1 1 2.4994406440964682e-02 1.8385564149680046e-02 1.0001807581727347e+00 6.2509321133278339e-02 4.7012231125666432e-01 4.4760481340770916e+01 31
1 0 1 1 2.4980689180387913e-02 1.8377759769012285e-02 1.0001803574407468e+00 6.2502858462068323e-02 4.7104203031286512e-01 4.4810481341843165e+01 31
1 0 1 1 2.4967034845787731e-02 1.8369994550794196e-02 1.0001799471759409e+00 6.2496492165687700e-02 4.7196113348225532e-01 4.4860481342922277e+01 31
1 0 1 1 2.4953443325275479e-02 1.8362268414597326e-02 1.0001795275301131e+00 6.2490221823274739e-02 4.7287962058506272e-01 4.4910481344263253e+01 31
1 0 1 1 2.4939914506247548e-02 1.8354581279701909e-02 1.0001790986557115e+00 6.2484047014197353e-02 4.7379749144670485e-01 4.4960481345650471e+01 31
1 0 1 1 2.4926446581487020e-02 1.8346926940184458e-02 1.0001786634622212e+00 6.2477967317968675e-02 4.7471485263535756e-01 4.5010486853368171e+01 31
1 0 1 1 2.4913045422081656e-02 1.8339313319565270e-02 1.0001782197751738e+00 6.2471984317388013e-02 4.7563130314337826e-01 4.5060476286747857e+01 31
1 0 1 1 2.4899702614190614e-02 1.8331736217645868e-02 1.0001777671479382e+00 6.2466093797482636e-02 4.7654741127073230e-01 4.5110480687083474e+01 31
1 0 1 1 2.4886423052296814e-02 1.8324198398471585e-02 1.0001773059008996e+00 6.2460297572973889e-02 4.7746283412836671e-01 4.5160481356081803e+01 31
1 0 1 1 2.4873205797668028e-02 1.8316699312253992e-02 1.0001768361613539e+00 6.2454594856759138e-02 4.7837762779818854e-01 4.5210481358268616e+01 31
1 0 1 1 2.4860050555359194e-02 1.8309238775163553e-02 1.0001763580778742e+00 6.2448985151704661e-02 4.7929180440457564e-01 4.5260481360739199e+01 31
1 0 1 1 2.4846957207327863e-02 1.8301816703911841e-02 1.0001758718053206e+00 6.2443468038934857e-02 4.8020536386352330e-01 4.5310481363318786e+01 31
1 0 1 1 2.4833925634738126e-02 1.8294433014859363e-02 1.0001753774986735e+00 6.2438043099843243e-02 4.8111830610829065e-01 4.5360481366123047e+01 31
1 0 1 1 2.4820955718105157e-02 1.8287087624098981e-02 1.0001748753129751e+00 6.2432709916156792e-02 4.8203063108023314e-01 4.5410481369065153e+01 31
1 0 1 1 2.4808047337206460e-02 1.8279780447402007e-02 1.0001743654032647e+00 6.2427468069912839e-02 4.8294233873589798e-01 4.5460481372258670e+01 31
1 0 1 1 2.4795200371190484e-02 1.8272511400278631e-02 1.0001738479245192e+00 6.2422317143512873e-02 4.8385342904016743e-01 4.5510481375653640e+01 32
1 0 1 1 2.4782414698556226e-02 1.8265280397964673e-02 1.0001733230315957e+00 6.2417256719713654e-02 4.8476390196822056e-01 4.5560481379154119e+01 32
1 0 1 1 2.4769690197074295e-02 1.8258087355375811e-02 1.0001727908791651e+00 6.2412286381617055e-02 4.8567375751240571e-01 4.5610481383008945e+01 32
1 0 1 1 2.4757026744015580e-02 1.8250932187234389e-02 1.0001722516216673e+00 6.2407405712757824e-02 4.8658299566623281e-01 4.5660481386943090e+01 32
1 0 1 1 2.4744424215905732e-02 1.8243814807929627e-02 1.0001717054132433e+00 6.2402614297023706e-02 4.8749161644305022e-01 4.5710481391195820e+01 32
1 0 1 1 2.4731882488763679e-02 1.8236735131650913e-02 1.0001711524076888e+00 6.2397911718752391e-02 4.8839961985951252e-01 4.5760481395622669e+01 32
1 0 1 1 2.4719401437983280e-02 1.8229693072318934e-02 1.0001705927583988e+00 6.2393297562687827e-02 4.8930700594467397e-01 4.5810481400205440e+01 32
1 0 1 1 2.4706980938302973e-02 1.8222688543568392e-02 1.0001700266183087e+00 6.2388771413997013e-02 4.9021377474360239e-01 4.5860481405265240e+01 32
1 0 1 1 2.4694620864111880e-02 1.8215721458917578e-02 1.0001694541398616e+00 6.2384332858364144e-02 4.9111992629490753e-01 4.5910481410230823e+01 32
1 0 1 1 2.4682321088945622e-02 1.8208791731483598e-02 1.0001688754749316e+00 6.2379981481839958e-02 4.9202546066917530e-01 4.5960481415772286e+01 32
1 0 1 1 2.4670081486097149e-02 1.8201899274325691e-02 1.0001682907748060e+00 6.2375716871052783e-02 4.9293037792434863e-01 4.6010481421346583e+01 32
1 0 1 1 2.4657901928121340e-02 1.8195044000163422e-02 1.0001677001901130e+00 6.2371538613046090e-02 4.9383467814301907e-01 4.6060481427268122e+01 31
1 0 1 1 2.4656985118836221e-02 1.8194528110322964e-02 1.0001676553815817e+00 6.2371226755353025e-02 4.9390290445633517e-01 4.6064255138724597e+01 29
1 0 1 1 2.4656893377944245e-02 1.8194476488656946e-02 1.0001676508950839e+00 6.2371195569739649e-02 4.9390973275460393e-01 4.6064632834019442e+01 39
1 0 1 1 2.4656801626097232e-02 1.8194424861019801e-02 1.0001676464075566e+00 6.2371164384141864e-02 4.9391656208749202e-01 4.6065010588489763e+01 43
