isScalarized | massIncreased | isMonotoneInside | isMonotoneOutside | mass_Baryon | mass_ADM | AST(radius) | radius  |  phi_c | rho_c | ctr |
1 1 1 1 3.1138921248021294e-02 2.3304297574232316e-02 1.0000000055117568e+00 7.9690279873662548e-02 1.1917781755511848e-02 2.0959919261245084e+01 17
1 1 1 1 3.1165945506393782e-02 2.3312929318580922e-02 1.0000000061427796e+00 7.9635622617233420e-02 1.2311451096261632e-02 2.1008432618461818e+01 19
1 1 1 1 3.1192559143482873e-02 2.3321320314515902e-02 1.0000000068248864e+00 7.9581002848634494e-02 1.2704162285652231e-02 2.1056899302458238e+01 19
1 1 1 1 3.1218765826825288e-02 2.3329473258721527e-02 1.0000000075610198e+00 7.9526420542153947e-02 1.3096244310619955e-02 2.1105317597291496e+01 19
1 1 1 1 3.1244569144364388e-02 2.3337390791955695e-02 1.0000000083542415e+00 7.9471875672097597e-02 1.3487987841487461e-02 2.1153686014562130e+01 18
1 1 1 1 3.1269972608954304e-02 2.3345075501701711e-02 1.0000000092077357e+00 7.9417368212788886e-02 1.3879650731932982e-02 2.1202003268889410e+01 18
1 1 1 1 3.1294979662537400e-02 2.3352529924646922e-02 1.0000000101248112e+00 7.9362898138568866e-02 1.4271462537632755e-02 2.1250268256698266e+01 18
1 1 1 1 3.1319595725153880e-02 2.3359737232874732e-02 1.0000000111091545e+00 7.9308465423796187e-02 1.4663658370047584e-02 2.1298483734487565e+01 18
1 1 1 1 3.1343824291859099e-02 2.3366697224171267e-02 1.0000000121644370e+00 7.9254070042847083e-02 1.5056426145601567e-02 2.1346649410683654e+01 18
1 1 1 1 3.1367666264552473e-02 2.3373434161827019e-02 1.0000000132941151e+00 7.9199711970115369e-02 1.5449896703769745e-02 2.1394760438694430e+01 18
1 1 1 1 3.1391124837255646e-02 2.3379950409131815e-02 1.0000000145020413e+00 7.9145391180012403e-02 1.5844218314652329e-02 2.1442816277219762e+01 18
1 1 1 1 3.1414203149780037e-02 2.3386248288418229e-02 1.0000000157922109e+00 7.9091107646967126e-02 1.6239524574586738e-02 2.1490816494499640e+01 18
1 1 1 1 3.1436904290373206e-02 2.3392330082681368e-02 1.0000000171687644e+00 7.9036861345425993e-02 1.6635936038340477e-02 2.1538760758430225e+01 18
1 1 1 1 3.1459231298181012e-02 2.3398198037079435e-02 1.0000000186359921e+00 7.8982652249853000e-02 1.7033561627719681e-02 2.1586648827746540e+01 18
1 1 1 1 3.1481187165526843e-02 2.3403854360342355e-02 1.0000000201983363e+00 7.8928480334729642e-02 1.7432499853590543e-02 2.1634480544099333e+01 18
1 1 1 1 3.1502774840026858e-02 2.3409301226081872e-02 1.0000000218603959e+00 7.8874345574554930e-02 1.7832839881548861e-02 2.1682255824926056e+01 18
1 1 1 1 3.1523972579795764e-02 2.3414540774018913e-02 1.0000000236269297e+00 7.8820247943845359e-02 1.8234662465645965e-02 2.1729974657010430e+01 18
1 1 1 1 3.1544770600770287e-02 2.3419575111132532e-02 1.0000000255028596e+00 7.8766187417134897e-02 1.8638040770201696e-02 2.1777637090649730e+01 18
1 1 1 1 3.1565208965477674e-02 2.3424406312732036e-02 1.0000000274932743e+00 7.8712163968974999e-02 1.9043041096098490e-02 2.1825243234351657e+01 18
1 1 1 1 3.1585290472741091e-02 2.3429036423466044e-02 1.0000000296034335e+00 7.8658177573934548e-02 1.9449723525181737e-02 2.1872793250002271e+01 18
1 1 1 1 3.1605017884981122e-02 2.3433467458256932e-02 1.0000000318387714e+00 7.8604228206599888e-02 1.9858142494102608e-02 2.1920287348455460e+01 18
1 1 1 1 3.1624393929564940e-02 2.3437701403185816e-02 1.0000000342049000e+00 7.8550315841574792e-02 2.0268347307005226e-02 2.1967725785493244e+01 18
1 1 1 1 3.1643421300057366e-02 2.3441740216319992e-02 1.0000000367076134e+00 7.8496440453480434e-02 2.0680382595078015e-02 2.2015108858127377e+01 18
1 1 1 1 3.1662102657373958e-02 2.3445585828486864e-02 1.0000000393528916e+00 7.8442602016955409e-02 2.1094288729547609e-02 2.2062436901194587e+01 18
1 1 1 1 3.1680440630853492e-02 2.3449240143998809e-02 1.0000000421469037e+00 7.8388800506655712e-02 2.1510102193940624e-02 2.2109710284232733e+01 18
1 1 1 1 3.1698437819246035e-02 2.3452705041338302e-02 1.0000000450960131e+00 7.8335035897254712e-02 2.1927855920298372e-02 2.2156929408594188e+01 18
1 1 1 1 3.1716097775452333e-02 2.3455969292941626e-02 1.0000000482074489e+00 7.8281308163443156e-02 2.2347600650874138e-02 2.2204097063333599e+01 18
1 1 1 1 3.1733423588582971e-02 2.3459026597408665e-02 1.0000000514885465e+00 7.8227617279929135e-02 2.2769376614002669e-02 2.2251215168776106e+01 18
1 1 1 1 3.1750416148157566e-02 2.3461899970177745e-02 1.0000000549452748e+00 7.8173963221438103e-02 2.3193173858785419e-02 2.2298280381075852e+01 18
1 1 1 1 3.1767077939425716e-02 2.3464591198518413e-02 1.0000000585848288e+00 7.8120345962712834e-02 2.3619013887780357e-02 2.2345293203345925e+01 18
1 1 1 1 3.1783411421055452e-02 2.3467102046634564e-02 1.0000000624146188e+00 7.8066765478513447e-02 2.4046915919379821e-02 2.2392254159145430e+01 18
1 1 1 1 3.1799419025772158e-02 2.3469434256148357e-02 1.0000000664422732e+00 7.8013221743617342e-02 2.4476897078214710e-02 2.2439163790700405e+01 18
1 1 1 1 3.1815103160941015e-02 2.3471589546556378e-02 1.0000000706756440e+00 7.7959714732819249e-02 2.4908972569033242e-02 2.2486022657240827e+01 18
1 1 1 1 3.1830466209121319e-02 2.3473569615668835e-02 1.0000000751228100e+00 7.7906244420931164e-02 2.5343155835926768e-02 2.2532831333476132e+01 18
1 1 1 1 3.1845510528573269e-02 2.3475376140021986e-02 1.0000000797920816e+00 7.7852810782782375e-02 2.5779458708058922e-02 2.2579590408173246e+01 18
1 1 1 1 3.1860238453739705e-02 2.3477010775272575e-02 1.0000000846920054e+00 7.7799413793219419e-02 2.6217891533347550e-02 2.2626300482851445e+01 18
1 1 1 1 3.1874652295688088e-02 2.3478475156570856e-02 1.0000000898313677e+00 7.7746053427106096e-02 2.6658463301054623e-02 2.2672962170569352e+01 18
1 1 1 1 3.1888746268691377e-02 2.3479770898929504e-02 1.0000000952192001e+00 7.7692729659323445e-02 2.7101181754341289e-02 2.2719576094804502e+01 18
1 1 1 1 3.1902488642403005e-02 2.3480899597559703e-02 1.0000001008647827e+00 7.7639442464769726e-02 2.7546053493693674e-02 2.2766142888420472e+01 18
1 1 1 1 3.1915923798000734e-02 2.3481862828206981e-02 1.0000001067776498e+00 7.7586191818360420e-02 2.7993084071941843e-02 2.2812663192707308e+01 18
1 1 1 1 3.1929053965084379e-02 2.3482662147470121e-02 1.0000001129675937e+00 7.7532977695028205e-02 2.8442278081712798e-02 2.2859137656502291e+01 18
1 1 1 1 3.1941881351606090e-02 2.3483299093105703e-02 1.0000001194446693e+00 7.7479800069722979e-02 2.8893639235832845e-02 2.2905566935371631e+01 18
1 1 1 1 3.1954408144186784e-02 2.3483775184323537e-02 1.0000001262191991e+00 7.7426658917411781e-02 2.9347170441380997e-02 2.2951951690859602e+01 18
1 1 1 1 3.1966636508420125e-02 2.3484091922077965e-02 1.0000001333017778e+00 7.7373554213078857e-02 2.9802873867847107e-02 2.2998292589792200e+01 18
1 1 1 1 3.1978568589157222e-02 2.3484250789334929e-02 1.0000001407032766e+00 7.7320485931725580e-02 3.0260751009976078e-02 2.3044590303641229e+01 18
1 1 1 1 3.1990206510785157e-02 2.3484253251348976e-02 1.0000001484348484e+00 7.7267454048370487e-02 3.0720802745632585e-02 2.3090845507932851e+01 18
1 0 1 1 3.2001552377493019e-02 2.3484100755923557e-02 1.0000001565079328e+00 7.7214458538049244e-02 3.1183029389171051e-02 2.3137058881706089e+01 17
1 0 1 1 3.2012608273513710e-02 2.3483794733653179e-02 1.0000001649342602e+00 7.7161499375814638e-02 3.1647430740609953e-02 2.3183231107010307e+01 17
1 0 1 1 3.2023376263384029e-02 2.3483336598185307e-02 1.0000001737258573e+00 7.7108576536736570e-02 3.2114006131073819e-02 2.3229362868451332e+01 17
1 0 1 1 3.2033858392169288e-02 2.3482727746447146e-02 1.0000001828950515e+00 7.7055689995902052e-02 3.2582754464667976e-02 2.3275454852768981e+01 17
1 0 1 1 3.2044057279204355e-02 2.3481956327106899e-02 1.0000001924570601e+00 7.7002839728415151e-02 3.3053697360355919e-02 2.3321509999895358e+01 17
1 0 1 1 3.2053974911219710e-02 2.3481023180128530e-02 1.0000002024253283e+00 7.6950025709397032e-02 3.3526834278754671e-02 2.3367529088853100e+01 17
1 0 1 1 3.2063612641650946e-02 2.3479943479877387e-02 1.0000002128105812e+00 7.6897247913985917e-02 3.4002139051727540e-02 2.3413510458115145e+01 17
1 0 1 1 3.2072972440400797e-02 2.3478718562522934e-02 1.0000002236264320e+00 7.6844506317337094e-02 3.4479609224743558e-02 2.3459454798908393e+01 17
1 0 1 1 3.2082056258995378e-02 2.3477349748566623e-02 1.0000002348868220e+00 7.6791800894622869e-02 3.4959242082037011e-02 2.3505362802968765e+01 17
1 0 1 1 3.2090866030779749e-02 2.3475838343048377e-02 1.0000002466060247e+00 7.6739131621032589e-02 3.5441034672629310e-02 2.3551235162292432e+01 17
1 0 1 1 3.2099403671113774e-02 2.3474185635758701e-02 1.0000002587986521e+00 7.6686498471772627e-02 3.5924983834361247e-02 2.3597072568906100e+01 17
1 0 1 1 3.2107671077560615e-02 2.3472392901435341e-02 1.0000002714796592e+00 7.6633901422066331e-02 3.6411086216181075e-02 2.3642875714664157e+01 17
1 0 1 1 3.2115670130073576e-02 2.3470461399967911e-02 1.0000002846643496e+00 7.6581340447154075e-02 3.6899338298680841e-02 2.3688645291056186e+01 17
1 0 1 1 3.2123402691176813e-02 2.3468392376586253e-02 1.0000002983683813e+00 7.6528815522293195e-02 3.7389736413191169e-02 2.3734381989041268e+01 17
1 0 1 1 3.2130870606146882e-02 2.3466187062059149e-02 1.0000003126077714e+00 7.6476326622758009e-02 3.7882276759353038e-02 2.3780086498888132e+01 17
1 0 1 1 3.2138075703188163e-02 2.3463846672879984e-02 1.0000003273989022e+00 7.6423873723839797e-02 3.8376955421480348e-02 2.3825759510039603e+01 17
1 0 1 1 3.2145019793608655e-02 2.3461372411453386e-02 1.0000003427585267e+00 7.6371456800846768e-02 3.8873768383655229e-02 2.3871401710985253e+01 17
1 0 1 1 3.2151704671985901e-02 2.3458765466275063e-02 1.0000003587037736e+00 7.6319075829104077e-02 3.9372711543720337e-02 2.3917013789147600e+01 17
1 0 1 1 3.2158132116343219e-02 2.3456027012116121e-02 1.0000003752521531e+00 7.6266730783953796e-02 3.9873780726263616e-02 2.3962596430782270e+01 17
1 0 1 1 3.2164271062643440e-02 2.3453158210194485e-02 1.0000003924215635e+00 7.6214421640754926e-02 4.0376971694606127e-02 2.4008150320884582e+01 17
1 0 1 1 3.2170151157314884e-02 2.3450160208353263e-02 1.0000004102302955e+00 7.6162148374883346e-02 4.0882280161981234e-02 2.4053676143112789e+01 17
1 0 1 1 3.2175779214904429e-02 2.3447034141230984e-02 1.0000004286970390e+00 7.6109910961731850e-02 4.1389701801846299e-02 2.4099174579715264e+01 17
1 0 1 1 3.2181156953478639e-02 2.3443781130427652e-02 1.0000004478408884e+00 7.6057709376710081e-02 4.1899232257441812e-02 2.4144646311466470e+01 17
1 0 1 1 3.2186286075257933e-02 2.3440402284673645e-02 1.0000004676813485e+00 7.6005543595244571e-02 4.2410867150693483e-02 2.4190092017613956e+01 17
1 0 1 1 3.2191168266776829e-02 2.3436898699994994e-02 1.0000004882383404e+00 7.5953413592778699e-02 4.2924602090472844e-02 2.4235512375833029e+01 17
1 0 1 1 3.2195805199033700e-02 2.3433271459869655e-02 1.0000005095322080e+00 7.5901319344772677e-02 4.3440432680195026e-02 2.4280908062182085e+01 17
1 0 1 1 3.2200198527649992e-02 2.3429521635389826e-02 1.0000005315837224e+00 7.5849260826703555e-02 4.3958354524989342e-02 2.4326279751075258e+01 17
1 0 1 1 3.2204349893020921e-02 2.3425650285420874e-02 1.0000005544140902e+00 7.5797238014065210e-02 4.4478363238216134e-02 2.4371628115248054e+01 17
1 0 1 1 3.2208260920460724e-02 2.3421658456746524e-02 1.0000005780449577e+00 7.5745250882368317e-02 4.5000454447611936e-02 2.4416953825737654e+01 17
1 0 1 1 3.2211933220359763e-02 2.3417547184232942e-02 1.0000006024984178e+00 7.5693299407140355e-02 4.5524623800972545e-02 2.4462257551865648e+01 17
1 0 1 1 3.2215368388327163e-02 2.3413317490969750e-02 1.0000006277970162e+00 7.5641383563925579e-02 4.6050866971433957e-02 2.4507539961226286e+01 17
1 0 1 1 3.2218568005337456e-02 2.3408970388422691e-02 1.0000006539637576e+00 7.5589503328285026e-02 4.6579179662351596e-02 2.4552801719676356e+01 17
1 0 1 1 3.2221533637871037e-02 2.3404506876574589e-02 1.0000006810221116e+00 7.5537658675796496e-02 4.7109557611826204e-02 2.4598043491329150e+01 17
1 0 1 1 3.2224266838062149e-02 2.3399927944073036e-02 1.0000007089960192e+00 7.5485849582054523e-02 4.7641996596976183e-02 2.4643265938558038e+01 17
1 0 1 1 3.2226769143841080e-02 2.3395234568374400e-02 1.0000007379098996e+00 7.5434076022670396e-02 4.8176492437858626e-02 2.4688469721999130e+01 16
1 0 1 1 3.2229042079061916e-02 2.3390427715870778e-02 1.0000007677886560e+00 7.5382337973272137e-02 4.8713041001036128e-02 2.4733655500551006e+01 16
1 0 1 1 3.2231087328663685e-02 2.3385495736765991e-02 1.0000007986677346e+00 7.5330635409504465e-02 4.9251662661425610e-02 2.4778825974018364e+01 16
1 0 1 1 3.2232906278094768e-02 2.3380445570314393e-02 1.0000008305692585e+00 7.5278968307028807e-02 4.9792342042563983e-02 2.4823980828608924e+01 16
1 0 1 1 3.2234500311175439e-02 2.3375284874231600e-02 1.0000008635145172e+00 7.5227336641523299e-02 5.0335062180972938e-02 2.4869119629071822e+01 16
1 0 1 1 3.2235870897353025e-02 2.3370014573967503e-02 1.0000008975304657e+00 7.5175740388682744e-02 5.0879819153932151e-02 2.4914243027263360e+01 16
1 0 1 1 3.2237019492686696e-02 2.3364635584539262e-02 1.0000009326445771e+00 7.5124179524218626e-02 5.1426609099986365e-02 2.4959351673383139e+01 16
1 0 1 1 3.2237947539973499e-02 2.3359148810656330e-02 1.0000009688848495e+00 7.5072654023859084e-02 5.1975428221286334e-02 2.5004446215995255e+01 16
1 0 1 1 3.2238656468883534e-02 2.3353555146853000e-02 1.0000010062798121e+00 7.5021163863348894e-02 5.2526272785790779e-02 2.5049527302053754e+01 16
1 0 1 1 3.2239147696081646e-02 2.3347855477607839e-02 1.0000010448585339e+00 7.4969709018449474e-02 5.3079139129212825e-02 2.5094595576921801e+01 16
1 0 1 1 3.2239422625361086e-02 2.3342050677472040e-02 1.0000010846506280e+00 7.4918289464938878e-02 5.3634023656994260e-02 2.5139651684406683e+01 16
1 0 1 1 3.2239482647761573e-02 2.3336141611185263e-02 1.0000011256862607e+00 7.4866905178611762e-02 5.4190922845956141e-02 2.5184696266780819e+01 16
1 0 1 1 3.2239329141698900e-02 2.3330129133802110e-02 1.0000011679961571e+00 7.4815556135279376e-02 5.4749833245946400e-02 2.5229729964814201e+01 16
1 0 1 1 3.2238963473083970e-02 2.3324014090804698e-02 1.0000012116116090e+00 7.4764242310769585e-02 5.5310751481334929e-02 2.5274753417805492e+01 16
1 0 1 1 3.2238386995442979e-02 2.3317797318219185e-02 1.0000012565644811e+00 7.4712963680926808e-02 5.5873674252391918e-02 2.5319767263613535e+01 16
1 0 1 1 3.2237601050043731e-02 2.3311479642737696e-02 1.0000013028872192e+00 7.4661720221612049e-02 5.6438598336585571e-02 2.5364772138691563e+01 16
1 0 1 1 3.2236606966004278e-02 2.3305061881818731e-02 1.0000013506128558e+00 7.4610511908702853e-02 5.7005520589761695e-02 2.5409768678121111e+01 16
1 0 1 1 3.2235406060419677e-02 2.3298544843812299e-02 1.0000013997750190e+00 7.4559338718093324e-02 5.7574437947260131e-02 2.5454757515648033e+01 16
1 0 1 1 3.2233999638469867e-02 2.3291929328057917e-02 1.0000014504079391e+00 7.4508200625694077e-02 5.8145347424935628e-02 2.5499739283719240e+01 16
1 0 1 1 3.2232388993541944e-02 2.3285216125003380e-02 1.0000015025464550e+00 7.4457097607432285e-02 5.8718246120101042e-02 2.5544714613519421e+01 16
1 0 1 1 3.2230575407334879e-02 2.3278406016300331e-02 1.0000015562260232e+00 7.4406029639251609e-02 5.9293131212414876e-02 2.5589684135010376e+01 16
1 0 1 1 3.2228560149982120e-02 2.3271499774922620e-02 1.0000016114827244e+00 7.4354996697112208e-02 5.9869999964713268e-02 2.5634648476971215e+01 16
1 0 1 1 3.2226344480151957e-02 2.3264498165257625e-02 1.0000016683532704e+00 7.4303998756990730e-02 6.0448849723725100e-02 2.5679608267035583e+01 16
1 0 1 1 3.2223917520338242e-02 2.3257401943216370e-02 1.0000017268750130e+00 7.4253035794880309e-02 6.1029677920807150e-02 2.5724564131734958e+01 16
1 0 1 1 3.2221280207609025e-02 2.3250211856328525e-02 1.0000017870859503e+00 7.4202107786790539e-02 6.1612482072542961e-02 2.5769516696536389e+01 16
1 0 1 1 3.2218446393141829e-02 2.3242928643850413e-02 1.0000018490247349e+00 7.4151214708747470e-02 6.2197259781415118e-02 2.5814466585890028e+01 16
1 0 1 1 3.2215417292725645e-02 2.3235553036851056e-02 1.0000019127306821e+00 7.4100356536793602e-02 6.2784008736308378e-02 2.5859414423268085e+01 16
1 0 1 1 3.2212194111168442e-02 2.3228085758317901e-02 1.0000019782437763e+00 7.4049533246987848e-02 6.3372726713025546e-02 2.5904360831207651e+01 16
1 0 1 1 3.2208778042404212e-02 2.3220527523251190e-02 1.0000020456046803e+00 7.3998744815405554e-02 6.3963411574794168e-02 2.5949306431357087e+01 16
1 0 1 1 3.2205170269587538e-02 2.3212879038751074e-02 1.0000021148547420e+00 7.3947991218138470e-02 6.4556061272660475e-02 2.5994251844516587e+01 16
1 0 1 1 3.2201371965202313e-02 2.3205141004115651e-02 1.0000021860360031e+00 7.3897272431294750e-02 6.5150673845955562e-02 2.6039197690687203e+01 16
1 0 1 1 3.2197384291159890e-02 2.3197314110930314e-02 1.0000022591912063e+00 7.3846588430998936e-02 6.5747247422630078e-02 2.6084144589112640e+01 16
1 0 1 1 3.2193208398900143e-02 2.3189399043159604e-02 1.0000023343638047e+00 7.3795939193391946e-02 6.6345780219641021e-02 2.6129093158327322e+01 16
1 0 1 1 3.2188845429487113e-02 2.3181396477232864e-02 1.0000024115979678e+00 7.3745324694631048e-02 6.6946270543252306e-02 2.6174044016200472e+01 16
1 0 1 1 3.2184296513703387e-02 2.3173307082126848e-02 1.0000024909385914e+00 7.3694744910889870e-02 6.7548716789347776e-02 2.6218997779983368e+01 16
1 0 1 1 3.2179562772155584e-02 2.3165131519465573e-02 1.0000025724313051e+00 7.3644199818358402e-02 6.8153117443725236e-02 2.6263955066356299e+01 16
1 0 1 1 3.2174645315357464e-02 2.3156870443587767e-02 1.0000026561224806e+00 7.3593689393242928e-02 6.8759471082365436e-02 2.6308916491476712e+01 16
1 0 1 1 3.2169545243832372e-02 2.3148524501644271e-02 1.0000027420592403e+00 7.3543213611766078e-02 6.9367776371668813e-02 2.6353882671025243e+01 16
1 0 1 1 3.2164263648201227e-02 2.3140094333671687e-02 1.0000028302894648e+00 7.3492772450166791e-02 6.9978032068715265e-02 2.6398854220256016e+01 16
1 0 1 1 3.2158801609273341e-02 2.3131580572676631e-02 1.0000029208618024e+00 7.3442365884700281e-02 7.0590237021446511e-02 2.6443831754041732e+01 16
1 0 1 1 3.2153160198137611e-02 2.3122983844713479e-02 1.0000030138256770e+00 7.3391993891638072e-02 7.1204390168896375e-02 2.6488815886924204e+01 16
1 0 1 1 3.2147340476252742e-02 2.3114304768965779e-02 1.0000031092312969e+00 7.3341656447267950e-02 7.1820490541409460e-02 2.6533807233164637e+01 16
1 0 1 1 3.2141343495533249e-02 2.3105543957820499e-02 1.0000032071296625e+00 7.3291353527893968e-02 7.2438537260804126e-02 2.6578806406791173e+01 16
1 0 1 1 3.2135170298437737e-02 2.3096702016948557e-02 1.0000033075725767e+00 7.3241085109836429e-02 7.3058529540558054e-02 2.6623814021648535e+01 16
1 0 1 1 3.2128821918051935e-02 2.3087779545374183e-02 1.0000034106126523e+00 7.3190851169431873e-02 7.3680466685973889e-02 2.6668830691447710e+01 16
1 0 1 1 3.2122299378177940e-02 2.3078777135554847e-02 1.0000035163033205e+00 7.3140651683033089e-02 7.4304348094403380e-02 2.6713857029819994e+01 16
1 0 1 1 3.2115603693411314e-02 2.3069695373447996e-02 1.0000036246988413e+00 7.3090486627009066e-02 7.4930173255323501e-02 2.6758893650361280e+01 16
1 0 1 1 3.2108735869229604e-02 2.3060534838588782e-02 1.0000037358543108e+00 7.3040355977744997e-02 7.5557941750565877e-02 2.6803941166687796e+01 16
1 0 1 1 3.2101696902071285e-02 2.3051296104157851e-02 1.0000038498256709e+00 7.2990259711642289e-02 7.6187653254471188e-02 2.6849000192487111e+01 16
1 0 1 1 3.2094487779413219e-02 2.3041979737049939e-02 1.0000039666697185e+00 7.2940197805118526e-02 7.6819307533977671e-02 2.6894071341564665e+01 16
1 0 1 1 3.2087109479857448e-02 2.3032586297947986e-02 1.0000040864441138e+00 7.2890170234607476e-02 7.7452904448868862e-02 2.6939155227902134e+01 16
1 0 1 1 3.2079562832483408e-02 2.3023109643227492e-02 1.0000042092360066e+00 7.2840176976559048e-02 7.8088459006038155e-02 2.6984253524887976e+01 16
1 0 1 1 3.2071848848517076e-02 2.3013553240105220e-02 1.0000043350945809e+00 7.2790218007439317e-02 7.8725964837909654e-02 2.7029366387910933e+01 16
1 0 1 1 3.2063968560147572e-02 2.3003921533525415e-02 1.0000044640640238e+00 7.2740293303730510e-02 7.9365413342998389e-02 2.7074493815223807e+01 16
1 0 1 1 3.2055922911558246e-02 2.2994215060382673e-02 1.0000045962055988e+00 7.2690402841930971e-02 8.0006804749953669e-02 2.7119636421948911e+01 16
1 0 1 1 3.2047712838433627e-02 2.2984434351664512e-02 1.0000047315814797e+00 7.2640546598555164e-02 8.0650139381058514e-02 2.7164794823647114e+01 16
1 0 1 1 3.2039339268028350e-02 2.2974579932507719e-02 1.0000048702547599e+00 7.2590724550133656e-02 8.1295417652405638e-02 2.7209969636372332e+01 16
1 0 1 1 3.2030803119245943e-02 2.2964652322270403e-02 1.0000050122894630e+00 7.2540936673213124e-02 8.1942640074064807e-02 2.7255161476724886e+01 15
1 0 1 1 3.2022105302703413e-02 2.2954652034583908e-02 1.0000051577505509e+00 7.2491182944356330e-02 8.2591807250268323e-02 2.7300370961906815e+01 15
1 0 1 1 3.2013246720807312e-02 2.2944579577420045e-02 1.0000053067039345e+00 7.2441463340142093e-02 8.3242919879576785e-02 2.7345598709775249e+01 15
1 0 1 1 3.2004228267819283e-02 2.2934435453146943e-02 1.0000054592164827e+00 7.2391777837165314e-02 8.3895978755078135e-02 2.7390845338898245e+01 15
1 0 1 1 3.1995050829923849e-02 2.2924220158584901e-02 1.0000056153560328e+00 7.2342126412036939e-02 8.4550984764566198e-02 2.7436111468609411e+01 15
1 0 1 1 3.1985715285299941e-02 2.2913934185070480e-02 1.0000057751914000e+00 7.2292509041383970e-02 8.5207938890764737e-02 2.7481397719064773e+01 15
1 0 1 1 3.1976222504185921e-02 2.2903578018510614e-02 1.0000059387923865e+00 7.2242925701849411e-02 8.5866842211515235e-02 2.7526704711297686e+01 15
1 0 1 1 3.1966573348941957e-02 2.2893152139433558e-02 1.0000061062297934e+00 7.2193376370092308e-02 8.6527695900026333e-02 2.7572033067277879e+01 15
1 0 1 1 3.1956768674117550e-02 2.2882657023049979e-02 1.0000062775754284e+00 7.2143861022787720e-02 8.7190501225011194e-02 2.7617383409961828e+01 15
1 0 1 1 3.1946809326516425e-02 2.2872093139305119e-02 1.0000064529021175e+00 7.2094379636626682e-02 8.7855259551045020e-02 2.7662756363358895e+01 15
1 0 1 1 3.1936696145258472e-02 2.2861460952932868e-02 1.0000066322837149e+00 7.2044932188316244e-02 8.8521972338722346e-02 2.7708152552582966e+01 15
1 0 1 1 3.1926429961836901e-02 2.2850760923502685e-02 1.0000068157951123e+00 7.1995518654579399e-02 8.9190641144889310e-02 2.7753572603909426e+01 15
1 0 1 1 3.1916011600187567e-02 2.2839993505479581e-02 1.0000070035122504e+00 7.1946139012155130e-02 8.9861267622993457e-02 2.7799017144839304e+01 15
1 0 1 1 3.1905441876744663e-02 2.2829159148269922e-02 1.0000071955121277e+00 7.1896793237798365e-02 9.0533853523292587e-02 2.7844486804154144e+01 15
1 0 1 1 3.1894721600499977e-02 2.2818258296272639e-02 1.0000073918728130e+00 7.1847481308279990e-02 9.1208400693146841e-02 2.7889982211975781e+01 15
1 0 1 1 3.1883851573060819e-02 2.2807291388926360e-02 1.0000075926734537e+00 7.1798203200386795e-02 9.1884911077299236e-02 2.7935503999825436e+01 15
1 0 1 1 3.1872832588711007e-02 2.2796258860761462e-02 1.0000077979942883e+00 7.1748958890921505e-02 9.2563386718238022e-02 2.7981052800687724e+01 15
1 0 1 1 3.1861665434463345e-02 2.2785161141444979e-02 1.0000080079166549e+00 7.1699748356702772e-02 9.3243829756437066e-02 2.8026629249066154e+01 15
1 0 1 1 3.1850350890120234e-02 2.2773998655830383e-02 1.0000082225230038e+00 7.1650571574565114e-02 9.3926242430746737e-02 2.8072233981048548e+01 15
1 0 1 1 3.1838889728323105e-02 2.2762771823998718e-02 1.0000084418969073e+00 7.1601428521358965e-02 9.4610627078696372e-02 2.8117867634366256e+01 15
1 0 1 1 3.1827282714610078e-02 2.2751481061308358e-02 1.0000086661230705e+00 7.1552319173950621e-02 9.5296986136845160e-02 2.8163530848455956e+01 15
1 0 1 1 3.1815530607469042e-02 2.2740126778437827e-02 1.0000088952873418e+00 7.1503243509222256e-02 9.5985322141192833e-02 2.8209224264525439e+01 15
1 0 1 1 3.1803634158393504e-02 2.2728709381433666e-02 1.0000091294767253e+00 7.1454201504071904e-02 9.6675637727545782e-02 2.8254948525615742e+01 15
1 0 1 1 3.1791594111923872e-02 2.2717229271743661e-02 1.0000093687793901e+00 7.1405193135413422e-02 9.7367935631856389e-02 2.8300704276661634e+01 15
1 0 1 1 3.1779411205711365e-02 2.2705686846272485e-02 1.0000096132846819e+00 7.1356218380176514e-02 9.8062218690699032e-02 2.8346492164559997e+01 15
1 0 1 1 3.1767086170559636e-02 2.2694082497413053e-02 1.0000098630831347e+00 7.1307277215306705e-02 9.8758489841694108e-02 2.8392312838235458e+01 15
1 0 1 1 3.1754619730476857e-02 2.2682416613093434e-02 1.0000101182664816e+00 7.1258369617765341e-02 9.9456752123881720e-02 2.8438166948701227e+01 15
1 0 1 1 3.1742012602722997e-02 2.2670689576813303e-02 1.0000103789276655e+00 7.1209495564529560e-02 1.0015700867823396e-01 2.8484055149129642e+01 15
1 0 1 1 3.1729265497858983e-02 2.2658901767686482e-02 1.0000106451608515e+00 7.1160655032592293e-02 1.0085926274810159e-01 2.8529978094917368e+01 15
1 0 1 1 3.1716379119794080e-02 2.2647053560481266e-02 1.0000109170614373e+00 7.1111847998962252e-02 1.0156351767971093e-01 2.8575936443753609e+01 15
1 0 1 1 3.1703354165829527e-02 2.2635145325653756e-02 1.0000111947260655e+00 7.1063074440663926e-02 1.0226977692264332e-01 2.8621930855687385e+01 15
1 0 1 1 3.1690191326704857e-02 2.2623177429390053e-02 1.0000114782526337e+00 7.1014334334737542e-02 1.0297804403034636e-01 2.8667961993195508e+01 15
1 0 1 1 3.1676891286646976e-02 2.2611150233644323e-02 1.0000117677403084e+00 7.0965627658239092e-02 1.0368832266074081e-01 2.8714030521257289e+01 15
1 0 1 1 3.1663454723404358e-02 2.2599064096167659e-02 1.0000120632895342e+00 7.0916954388240305e-02 1.0440061657664729e-01 2.8760137107416874e+01 15
1 0 1 1 3.1649882308300473e-02 2.2586919370554168e-02 1.0000123650020467e+00 7.0868314501828622e-02 1.0511492964647527e-01 2.8806282421861809e+01 15
1 0 1 1 3.1636174706267478e-02 2.2574716406266536e-02 1.0000126729808847e+00 7.0819707976107205e-02 1.0583126584472533e-01 2.8852467137489885e+01 15
1 0 1 1 3.1622332575894592e-02 2.2562455548679829e-02 1.0000129873304009e+00 7.0771134788194925e-02 1.0654962925260515e-01 2.8898691929981997e+01 15
1 0 1 1 3.1608356569463897e-02 2.2550137139106051e-02 1.0000133081562745e+00 7.0722594915226339e-02 1.0727002405872234e-01 2.8944957477880916e+01 15
1 0 1 1 3.1594247332993888e-02 2.2537761514836205e-02 1.0000136355655229e+00 7.0674088334351695e-02 1.0799245455962034e-01 2.8991264462657899e+01 15
1 0 1 1 3.1580005506275682e-02 2.2525329009166511e-02 1.0000139696665140e+00 7.0625615022736912e-02 1.0871692516049306e-01 2.9037613568791961e+01 15
1 0 1 1 3.1565624229159921e-02 2.2512839951433081e-02 1.0000143105689774e+00 7.0577174957563563e-02 1.0944344037590717e-01 2.9084005483848497e+01 15
1 0 1 1 3.1551111598406692e-02 2.2500294667042890e-02 1.0000146583840175e+00 7.0528768116028887e-02 1.1017200483038765e-01 2.9130440898548596e+01 15
1 0 1 1 3.1536468437256243e-02 2.2487693477507373e-02 1.0000150132241257e+00 7.0480394475345737e-02 1.1090262325922191e-01 2.9176920506852337e+01 15
1 0 1 1 3.1521695360555373e-02 2.2475036700465766e-02 1.0000153752031913e+00 7.0432054012742620e-02 1.1163530050921060e-01 2.9223445006038737e+01 15
1 0 1 1 3.1506792977095306e-02 2.2462324649725293e-02 1.0000157444365154e+00 7.0383746705463643e-02 1.1237004153935368e-01 2.9270015096779694e+01 15
1 0 1 1 3.1491761889639619e-02 2.2449557635278544e-02 1.0000161210408223e+00 7.0335472530768536e-02 1.1310685142168291e-01 2.9316631483224977e+01 15
1 0 1 1 3.1476602694965432e-02 2.2436735963340997e-02 1.0000165051342718e+00 7.0287231465932618e-02 1.1384573534204631e-01 2.9363294873081973e+01 15
1 0 1 1 3.1461315983895545e-02 2.2423859936376481e-02 1.0000168968364722e+00 7.0239023488246788e-02 1.1458669860098787e-01 2.9410005977702113e+01 15
1 0 1 1 3.1445902341327069e-02 2.2410929853122027e-02 1.0000172962684923e+00 7.0190848575017534e-02 1.1532974661447830e-01 2.9456765512157240e+01 15
1 0 1 1 3.1430362346269385e-02 2.2397946008618396e-02 1.0000177035528746e+00 7.0142706703566898e-02 1.1607488491488581e-01 2.9503574195330842e+01 15
1 0 1 1 3.1414696571873194e-02 2.2384908694234023e-02 1.0000181188136468e+00 7.0094597851232496e-02 1.1682211915187775e-01 2.9550432750004642e+01 15
1 0 1 1 3.1398905585459200e-02 2.2371818197691476e-02 1.0000185421763348e+00 7.0046521995367456e-02 1.1757145509320650e-01 2.9597341902937174e+01 15
1 0 1 1 3.1382989948551696e-02 2.2358674803091436e-02 1.0000189737679763e+00 6.9998479113340450e-02 1.1832289862583310e-01 2.9644302384964131e+01 15
1 0 1 1 3.1366950216907025e-02 2.2345478790941495e-02 1.0000194137171323e+00 6.9950469182535696e-02 1.1907645575675405e-01 2.9691314931078399e+01 15
1 0 1 1 3.1350786940538979e-02 2.2332230438173374e-02 1.0000198621539000e+00 6.9902492180352882e-02 1.1983213261403269e-01 2.9738380280524137e+01 15
1 0 1 1 3.1334500663751423e-02 2.2318930018172971e-02 1.0000203192099262e+00 6.9854548084207241e-02 1.2058993544784538e-01 2.9785499176890184e+01 15
1 0 1 1 3.1318091925162002e-02 2.2305577800799028e-02 1.0000207850184195e+00 6.9806636871529465e-02 1.2134987063147927e-01 2.9832672368200882e+01 15
1 0 1 1 3.1301561257733063e-02 2.2292174052411445e-02 1.0000212597141633e+00 6.9758758519765721e-02 1.2211194466245903e-01 2.9879900607014005e+01 15
1 0 1 1 3.1284909188788110e-02 2.2278719035882088e-02 1.0000217434335286e+00 6.9710913006377676e-02 1.2287616416352809e-01 2.9927184650510394e+01 15
1 0 1 1 3.1268136240049711e-02 2.2265213010630419e-02 1.0000222363144873e+00 6.9663100308842443e-02 1.2364253588395034e-01 2.9974525260601748e+01 15
1 0 1 1 3.1251242927650892e-02 2.2251656232629972e-02 1.0000227384966243e+00 6.9615320404652570e-02 1.2441106670048191e-01 3.0021923204019178e+01 15
1 0 1 1 3.1234229762169174e-02 2.2238048954442733e-02 1.0000232501211510e+00 6.9567573271316047e-02 1.2518176361864616e-01 3.0069379252418447e+01 15
1 0 1 1 3.1217097248643765e-02 2.2224391425227683e-02 1.0000237713309184e+00 6.9519858886356298e-02 1.2595463377397406e-01 3.0116894182485051e+01 15
1 0 1 1 3.1199845886595908e-02 2.2210683890763919e-02 1.0000243022704289e+00 6.9472177227312151e-02 1.2672968443309879e-01 3.0164468776027924e+01 15
1 0 1 1 3.1182476170058378e-02 2.2196926593473824e-02 1.0000248430858509e+00 6.9424528271737868e-02 1.2750692299521293e-01 3.0212103820096264e+01 15
1 0 1 1 3.1164988587586807e-02 2.2183119772432831e-02 1.0000253939250303e+00 6.9376911997203070e-02 1.2828635699322458e-01 3.0259800107077837e+01 15
1 0 1 1 3.1147383622286140e-02 2.2169263663394972e-02 1.0000259549375046e+00 6.9329328381292785e-02 1.2906799409516040e-01 3.0307558434811078e+01 15
1 0 1 1 3.1129661751826212e-02 2.2155358498804192e-02 1.0000265262745147e+00 6.9281777401607403e-02 1.2985184210551010e-01 3.0355379606694651e+01 15
1 0 1 1 3.1111823448462327e-02 2.2141404507815907e-02 1.0000271080890191e+00 6.9234259035762677e-02 1.3063790896659408e-01 3.0403264431796970e+01 15
1 0 1 1 3.1093869179053463e-02 2.2127401916310286e-02 1.0000277005357054e+00 6.9186773261389722e-02 1.3142620276009145e-01 3.0451213724976391e+01 15
1 0 1 1 3.1075799405073740e-02 2.2113350946905395e-02 1.0000283037710047e+00 6.9139320056135004e-02 1.3221673170834422e-01 3.0499228306986822e+01 15
1 0 1 1 3.1057614582636645e-02 2.2099251818978372e-02 1.0000289179531034e+00 6.9091899397660292e-02 1.3300950417601384e-01 3.0547309004604596e+01 15
1 0 1 1 3.1039315162505451e-02 2.2085104748675487e-02 1.0000295432419564e+00 6.9044511263642694e-02 1.3380452867153037e-01 3.0595456650742861e+01 15
1 0 1 1 3.1020901590111168e-02 2.2070909948930031e-02 1.0000301797992999e+00 6.8997155631774623e-02 1.3460181384871531e-01 3.0643672084575858e+01 15
1 0 1 1 3.1002374305561367e-02 2.2056667629468795e-02 1.0000308277886643e+00 6.8949832479763801e-02 1.3540136850831680e-01 3.0691956151658538e+01 15
1 0 1 1 3.0983733743658513e-02 2.2042377996832598e-02 1.0000314873753871e+00 6.8902541785333241e-02 1.3620320159972518e-01 3.0740309704055640e+01 15
1 0 1 1 3.0964980333910673e-02 2.2028041254384866e-02 1.0000321587266250e+00 6.8855283526221209e-02 1.3700732222264711e-01 3.0788733600469236e+01 15
1 0 1 1 3.0946114500544047e-02 2.2013657602325955e-02 1.0000328420113669e+00 6.8808057680181278e-02 1.3781373962883584e-01 3.0837228706368677e+01 15
1 0 1 1 3.0927136662512022e-02 2.1999227237702330e-02 1.0000335374004468e+00 6.8760864224982246e-02 1.3862246322379795e-01 3.0885795894119454e+01 15
1 0 1 1 3.0908047233504633e-02 2.1984750354415685e-02 1.0000342450665551e+00 6.8713703138408189e-02 1.3943350256866582e-01 3.0934436043122052e+01 15
1 0 1 1 3.0888846621963412e-02 2.1970227143239967e-02 1.0000349651842531e+00 6.8666574398258393e-02 1.4024686738206707e-01 3.0983150039949482e+01 15
1 0 1 1 3.0869535231083330e-02 2.1955657791824561e-02 1.0000356979299827e+00 6.8619477982347382e-02 1.4106256754194257e-01 3.1031938778482786e+01 15
1 0 1 1 3.0850113458824407e-02 2.1941042484706352e-02 1.0000364434820810e+00 6.8572413868504892e-02 1.4188061308756444e-01 3.1080803160057766e+01 15
1 0 1 1 3.0830581697919159e-02 2.1926381403320337e-02 1.0000372020207910e+00 6.8525382034575880e-02 1.4270101422148151e-01 3.1129744093606991e+01 15
1 0 1 1 3.0810940335873244e-02 2.1911674726001383e-02 1.0000379737282741e+00 6.8478382458420473e-02 1.4352378131149690e-01 3.1178762495804673e+01 15
1 0 1 1 3.0791189754978562e-02 2.1896922628000071e-02 1.0000387587886215e+00 6.8431415117914007e-02 1.4434892489286258e-01 3.1227859291222998e+01 15
1 0 1 1 3.0771330332313437e-02 2.1882125281485493e-02 1.0000395573878669e+00 6.8384479990946989e-02 1.4517645567035270e-01 3.1277035412482206e+01 15
1 0 1 1 3.0751362439745949e-02 2.1867282855551191e-02 1.0000403697139975e+00 6.8337577055425078e-02 1.4600638452040599e-01 3.1326291800404384e+01 15
1 0 1 1 3.0731286443938629e-02 2.1852395516223720e-02 1.0000411959569653e+00 6.8290706289269087e-02 1.4683872249340507e-01 3.1375629404175037e+01 15
1 0 1 1 3.0711102706349556e-02 2.1837463426466006e-02 1.0000420363086986e+00 6.8243867670414987e-02 1.4767348081594966e-01 3.1425049181504821e+01 15
1 0 1 1 3.0690811583230535e-02 2.1822486746180841e-02 1.0000428909631134e+00 6.8197061176813886e-02 1.4851067089312378e-01 3.1474552098790493e+01 15
1 0 1 1 3.0670413425636044e-02 2.1807465632222779e-02 1.0000437601161236e+00 6.8150286786431979e-02 1.4935030431106314e-01 3.1524139131293246e+01 15
1 0 1 1 3.0649908579410867e-02 2.1792400238391359e-02 1.0000446439656525e+00 6.8103544477250616e-02 1.5019239283914562e-01 3.1573811263295731e+01 15
1 0 1 1 3.0629297385196277e-02 2.1777290715440895e-02 1.0000455427116433e+00 6.8056834227266216e-02 1.5103694843268781e-01 3.1623569488288162e+01 15
1 0 1 1 3.0608580178427890e-02 2.1762137211083728e-02 1.0000464565560683e+00 6.8010156014490314e-02 1.5188398323550534e-01 3.1673414809146447e+01 15
1 0 1 1 3.0587757289327375e-02 2.1746939869987995e-02 1.0000473857029402e+00 6.7963509816949513e-02 1.5273350958241416e-01 3.1723348238307299e+01 15
1 0 1 1 3.0580794491643234e-02 2.1741865533935662e-02 1.0000476987828537e+00 6.7947971748861510e-02 1.5301717595081729e-01 3.1740008658717734e+01 11
1 0 1 1 3.0573820004885423e-02 2.1736786350282301e-02 1.0000480135928076e+00 6.7932437233143891e-02 1.5330112088917344e-01 3.1756679015980854e+01 11
1 0 1 1 3.0566833840890387e-02 2.1731702324157675e-02 1.0000483301405043e+00 6.7916906268984514e-02 1.5358534486846415e-01 3.1773359348297557e+01 11
1 0 1 1 3.0559836011430717e-02 2.1726613460655419e-02 1.0000486484336726e+00 6.7901378855571390e-02 1.5386984836210826e-01 3.1790049693992241e+01 11
1 0 1 1 3.0552826528211490e-02 2.1721519764827713e-02 1.0000489684800660e+00 6.7885854992092751e-02 1.5415463184595332e-01 3.1806750091512921e+01 11
1 0 1 1 3.0545805402876474e-02 2.1716421241692836e-02 1.0000492902874640e+00 6.7870334677736996e-02 1.5443969579835937e-01 3.1823460579435590e+01 11
1 0 1 1 3.0538772647003817e-02 2.1711317896231139e-02 1.0000496138636719e+00 6.7854817911692705e-02 1.5472504070013743e-01 3.1840181196460943e+01 11
1 0 1 1 3.0531728272105818e-02 2.1706209733382196e-02 1.0000499392165199e+00 6.7839304693148653e-02 1.5501066703462046e-01 3.1856911981419280e+01 11
1 0 1 1 3.0524672289630288e-02 2.1701096758050570e-02 1.0000502663538644e+00 6.7823795021293792e-02 1.5529657528757657e-01 3.1873652973264466e+01 11
1 0 1 1 3.0517604710963722e-02 2.1695978975105393e-02 1.0000505952835874e+00 6.7808288895317273e-02 1.5558276594740253e-01 3.1890404211085936e+01 11
1 0 1 1 3.0510525547424578e-02 2.1690856389375016e-02 1.0000509260135968e+00 6.7792786314408424e-02 1.5586923950494758e-01 3.1907165734098683e+01 11
1 0 1 1 3.0503434810267484e-02 2.1685729005651088e-02 1.0000512585518258e+00 6.7777287277756754e-02 1.5615599645363198e-01 3.1923937581650105e+01 11
1 0 1 1 3.0496332510682612e-02 2.1680596828688541e-02 1.0000515929062337e+00 6.7761791784551967e-02 1.5644303728940856e-01 3.1940719793217671e+01 11
1 0 1 1 3.0489218659794110e-02 2.1675459863202972e-02 1.0000519290848058e+00 6.7746299833983933e-02 1.5673036251079669e-01 3.1957512408411489e+01 11
1 0 1 1 3.0482093268663340e-02 2.1670318113874543e-02 1.0000522670955529e+00 6.7730811425242746e-02 1.5701797261893755e-01 3.1974315466977231e+01 11
1 0 1 1 3.0474956348285839e-02 2.1665171585345363e-02 1.0000526069465119e+00 6.7715326557518635e-02 1.5730586811752603e-01 3.1991129008792420e+01 11
1 0 1 1 3.0467807909592259e-02 2.1660020282219552e-02 1.0000529486457457e+00 6.7699845230002054e-02 1.5759404951287498e-01 3.2007953073870375e+01 11
1 0 1 1 3.0460647963448138e-02 2.1654864209063429e-02 1.0000532922013428e+00 6.7684367441883622e-02 1.5788251731392436e-01 3.2024787702360911e+01 11
1 0 1 1 3.0453476520653888e-02 2.1649703370406059e-02 1.0000536376214182e+00 6.7668893192354154e-02 1.5817127203222067e-01 3.2041632934549064e+01 11
1 0 1 1 3.0446293591945086e-02 2.1644537770738343e-02 1.0000539849141123e+00 6.7653422480604644e-02 1.5846031418198933e-01 3.2058488810859664e+01 11
1 0 1 1 3.0439099187993215e-02 2.1639367414516178e-02 1.0000543340875925e+00 6.7637955305826267e-02 1.5874964428007879e-01 3.2075355371853682e+01 11
1 0 1 1 3.0431893319402447e-02 2.1634192306153561e-02 1.0000546851500511e+00 6.7622491667210391e-02 1.5903926284602363e-01 3.2092232658233016e+01 11
1 0 1 1 3.0424675996714588e-02 2.1629012450031175e-02 1.0000550381097078e+00 6.7607031563948566e-02 1.5932917040208572e-01 3.2109120710841950e+01 11
1 0 1 1 3.0417447230402430e-02 2.1623827850487901e-02 1.0000553929748068e+00 6.7591574995232523e-02 1.5961936747311617e-01 3.2126019570659999e+01 11
1 0 1 1 3.0410207030876216e-02 2.1618638511827187e-02 1.0000557497536202e+00 6.7576121960254185e-02 1.5990985458678264e-01 3.2142929278814954e+01 11
1 0 1 1 3.0402955408482313e-02 2.1613444438317413e-02 1.0000561084544453e+00 6.7560672458205656e-02 1.6020063227345743e-01 3.2159849876576104e+01 11
1 0 1 1 3.0395692373496576e-02 2.1608245634182843e-02 1.0000564690856055e+00 6.7545226488279222e-02 1.6049170106620919e-01 3.2176781405355051e+01 11
1 0 1 1 3.0388417936134667e-02 2.1603042103616743e-02 1.0000568316554512e+00 6.7529784049667363e-02 1.6078306150089267e-01 3.2193723906709486e+01 11
1 0 1 1 3.0381132106542683e-02 2.1597833850768914e-02 1.0000571961723583e+00 6.7514345141562723e-02 1.6107471411612131e-01 3.2210677422343281e+01 11
1 0 1 1 3.0373834894804486e-02 2.1592620879756164e-02 1.0000575626447297e+00 6.7498909763158157e-02 1.6136665945332038e-01 3.2227641994108410e+01 11
1 0 1 1 3.0366526310935043e-02 2.1587403194653715e-02 1.0000579310809938e+00 6.7483477913646686e-02 1.6165889805664627e-01 3.2244617664001311e+01 11
1 0 1 1 3.0359206364885920e-02 2.1582180799501104e-02 1.0000583014896063e+00 6.7468049592221524e-02 1.6195143047312824e-01 3.2261604474170682e+01 11
1 0 1 1 3.0351875066542515e-02 2.1576953698300264e-02 1.0000586738790485e+00 6.7452624798076066e-02 1.6224425725259933e-01 3.2278602466913782e+01 11
1 0 1 1 3.0344532425722423e-02 2.1571721895012694e-02 1.0000590482578280e+00 6.7437203530403889e-02 1.6253737894769341e-01 3.2295611684676636e+01 11
1 0 1 1 3.0337178452180241e-02 2.1566485393565614e-02 1.0000594246344796e+00 6.7421785788398761e-02 1.6283079611396648e-01 3.2312632170060645e+01 11
1 0 1 1 3.0329813155602844e-02 2.1561244197846066e-02 1.0000598030175640e+00 6.7406371571254634e-02 1.6312450930979680e-01 3.2329663965817453e+01 11
1 0 1 1 3.0322436545611106e-02 2.1555998311703219e-02 1.0000601834156682e+00 6.7390960878165637e-02 1.6341851909649088e-01 3.2346707114855107e+01 11
1 0 1 1 3.0315048631759971e-02 2.1550747738949105e-02 1.0000605658374062e+00 6.7375553708326097e-02 1.6371282603818005e-01 3.2363761660231852e+01 11
1 0 1 1 3.0307649423537981e-02 2.1545492483356639e-02 1.0000609502914179e+00 6.7360150060930504e-02 1.6400743070199272e-01 3.2380827645166839e+01 11
1 0 1 1 3.0300238930367929e-02 2.1540232548662101e-02 1.0000613367863702e+00 6.7344749935173545e-02 1.6430233365794522e-01 3.2397905113033318e+01 11
1 0 1 1 3.0292817161605111e-02 2.1534967938562202e-02 1.0000617253309561e+00 6.7329353330250100e-02 1.6459753547899120e-01 3.2414994107362091e+01 11
1 0 1 1 3.0285384126538861e-02 2.1529698656716046e-02 1.0000621159338954e+00 6.7313960245355214e-02 1.6489303674107508e-01 3.2432094671844602e+01 11
1 0 1 1 3.0277939834391903e-02 2.1524424706744979e-02 1.0000625086039343e+00 6.7298570679684117e-02 1.6518883802305934e-01 3.2449206850328615e+01 11
1 0 1 1 3.0270484294321092e-02 2.1519146092232252e-02 1.0000629033498456e+00 6.7283184632432241e-02 1.6548493990690194e-01 3.2466330686829089e+01 11
1 0 1 1 3.0263017515416248e-02 2.1513862816723094e-02 1.0000633001804291e+00 6.7267802102795191e-02 1.6578134297750749e-01 3.2483466225519287e+01 11
1 0 1 1 3.0255539506698272e-02 2.1508574883722303e-02 1.0000636991045102e+00 6.7252423089968760e-02 1.6607804782275737e-01 3.2500613510732983e+01 11
1 0 1 1 3.0248050277123857e-02 2.1503282296699289e-02 1.0000641001309420e+00 6.7237047593148927e-02 1.6637505503365141e-01 3.2517772586972434e+01 11
1 0 1 1 3.0240549835582890e-02 2.1497985059084700e-02 1.0000645032686035e+00 6.7221675611531834e-02 1.6667236520426601e-01 3.2534943498906408e+01 11
1 0 1 1 3.0233038190893881e-02 2.1492683174267280e-02 1.0000649085264006e+00 6.7206307144313832e-02 1.6696997893161658e-01 3.2552126291362441e+01 11
1 0 1 1 3.0225515351814409e-02 2.1487376645603205e-02 1.0000653159132658e+00 6.7190942190691452e-02 1.6726789681598861e-01 3.2569321009345494e+01 11
1 0 1 1 3.0217981327029474e-02 2.1482065476404730e-02 1.0000657254381580e+00 6.7175580749861394e-02 1.6756611946064354e-01 3.2586527698022067e+01 11
1 0 1 1 3.0210436125159657e-02 2.1476749669949200e-02 1.0000661371100632e+00 6.7160222821020549e-02 1.6786464747203109e-01 3.2603746402731659e+01 11
1 0 1 1 3.0202879754756169e-02 2.1471429229473499e-02 1.0000665509379936e+00 6.7144868403365990e-02 1.6816348145968341e-01 3.2620977168981383e+01 11
1 0 1 1 3.0195312224303234e-02 2.1466104158175313e-02 1.0000669669309885e+00 6.7129517496094984e-02 1.6846262203636758e-01 3.2638220042455011e+01 11
1 0 1 1 3.0187733542220100e-02 2.1460774459218193e-02 1.0000673850981137e+00 6.7114170098404979e-02 1.6876206981800662e-01 3.2655475069007586e+01 11
1 0 1 1 3.0180143716853219e-02 2.1455440135720677e-02 1.0000678054484613e+00 6.7098826209493589e-02 1.6906182542366863e-01 3.2672742294666470e+01 11
1 0 1 1 3.0172542756484500e-02 2.1450101190766437e-02 1.0000682279911506e+00 6.7083485828558637e-02 1.6936188947569678e-01 3.2690021765637752e+01 11
1 0 1 1 3.0164930669326070e-02 2.1444757627399086e-02 1.0000686527353273e+00 6.7068148954798110e-02 1.6966226259957773e-01 3.2707313528299203e+01 11
1 0 1 1 3.0157307463524363e-02 2.1439409448624727e-02 1.0000690796901639e+00 6.7052815587410178e-02 1.6996294542418161e-01 3.2724617629214421e+01 11
1 0 1 1 3.0149673147154849e-02 2.1434056657409131e-02 1.0000695088648595e+00 6.7037485725593218e-02 1.7026393858150754e-01 3.2741934115118056e+01 11
1 0 1 1 3.0142027728226547e-02 2.1428699256680124e-02 1.0000699402686395e+00 6.7022159368545761e-02 1.7056524270693210e-01 3.2759263032930455e+01 11
1 0 1 1 3.0134371214678053e-02 2.1423337249324836e-02 1.0000703739107568e+00 6.7006836515466531e-02 1.7086685843905647e-01 3.2776604429749042e+01 11
1 0 1 1 3.0126703614380655e-02 2.1417970638192660e-02 1.0000708098004905e+00 6.6991517165554446e-02 1.7116878641987932e-01 3.2793958352858290e+01 11
1 0 1 1 3.0119024935136799e-02 2.1412599426093883e-02 1.0000712479471461e+00 6.6976201318008591e-02 1.7147102729468683e-01 3.2811324849723455e+01 11
1 0 1 1 3.0111335184680222e-02 2.1407223615799536e-02 1.0000716883600562e+00 6.6960888972028246e-02 1.7177358171216858e-01 3.2828703967997690e+01 11
1 0 1 1 3.0103634370675560e-02 2.1401843210041942e-02 1.0000721310485798e+00 6.6945580126812870e-02 1.7207645032432820e-01 3.2846095755516615e+01 11
1 0 1 1 3.0095922500717222e-02 2.1396458211512093e-02 1.0000725760221028e+00 6.6930274781562119e-02 1.7237963378661927e-01 3.2863500260307028e+01 11
1 0 1 1 3.0088199582332227e-02 2.1391068622863767e-02 1.0000730232900372e+00 6.6914972935475797e-02 1.7268313275790387e-01 3.2880917530583858e+01 11
1 0 1 1 3.0080465622975498e-02 2.1385674446708979e-02 1.0000734728618221e+00 6.6899674587753921e-02 1.7298694790042971e-01 3.2898347614749639e+01 11
1 0 1 1 3.0072720630036177e-02 2.1380275685624044e-02 1.0000739247469232e+00 6.6884379737596686e-02 1.7329107987996586e-01 3.2915790561401735e+01 11
1 0 1 1 3.0064964610830899e-02 2.1374872342141901e-02 1.0000743789548328e+00 6.6869088384204453e-02 1.7359552936574485e-01 3.2933246419330246e+01 11
1 0 1 1 3.0057197572607976e-02 2.1369464418758519e-02 1.0000748354950693e+00 6.6853800526777793e-02 1.7390029703047372e-01 3.2950715237517691e+01 11
1 0 1 1 3.0049419522543412e-02 2.1364051917926632e-02 1.0000752943771780e+00 6.6838516164517442e-02 1.7420538355036433e-01 3.2968197065141958e+01 11
1 0 1 1 3.0041630467746851e-02 2.1358634842064246e-02 1.0000757556107311e+00 6.6823235296624317e-02 1.7451078960518632e-01 3.2985691951578225e+01 11
1 0 1 1 3.0033830415254863e-02 2.1353213193545599e-02 1.0000762192053270e+00 6.6807957922299530e-02 1.7481651587826252e-01 3.3003199946400223e+01 11
1 0 1 1 3.0026019372033811e-02 2.1347786974705515e-02 1.0000766851705905e+00 6.6792684040744357e-02 1.7512256305647733e-01 3.3020721099380111e+01 11
1 0 1 1 3.0018197344981751e-02 2.1342356187841045e-02 1.0000771535161728e+00 6.6777413651160286e-02 1.7542893183036062e-01 3.3038255460493396e+01 11
1 0 1 1 3.0010364340923926e-02 2.1336920835207371e-02 1.0000776242517520e+00 6.6762146752748955e-02 1.7573562289399663e-01 3.3055803079914213e+01 11
1 0 1 1 3.0002520366614979e-02 2.1331480919019263e-02 1.0000780973870325e+00 6.6746883344712210e-02 1.7604263694512098e-01 3.3073364008020967e+01 11
1 0 1 1 2.9994665428738847e-02 2.1326036441451684e-02 1.0000785729317450e+00 6.6731623426252051e-02 1.7634997468516783e-01 3.3090938295399198e+01 11
1 0 1 1 2.9986799533909751e-02 2.1320587404640674e-02 1.0000790508956465e+00 6.6716366996570700e-02 1.7665763681927438e-01 3.3108525992841805e+01 11
1 0 1 1 2.9978922688668010e-02 2.1315133810679412e-02 1.0000795312885207e+00 6.6701114054870531e-02 1.7696562405617947e-01 3.3126127151343738e+01 11
1 0 1 1 2.9971034899483870e-02 2.1309675661622479e-02 1.0000800141201773e+00 6.6685864600354097e-02 1.7727393710840939e-01 3.3143741822112467e+01 11
1 0 1 1 2.9963136172756848e-02 2.1304212959483437e-02 1.0000804994004528e+00 6.6670618632224163e-02 1.7758257669230496e-01 3.3161370056570163e+01 11
1 0 1 1 2.9955226514813246e-02 2.1298745706235266e-02 1.0000809871392093e+00 6.6655376149683643e-02 1.7789154352786654e-01 3.3179011906344414e+01 12
1 0 1 1 2.9947305931907812e-02 2.1293273903810112e-02 1.0000814773463358e+00 6.6640137151935661e-02 1.7820083833894110e-01 3.3196667423279614e+01 12
1 0 1 1 2.9939374430223275e-02 2.1287797554098944e-02 1.0000819700317469e+00 6.6624901638183506e-02 1.7851046185320593e-01 3.3214336659436078e+01 12
1 0 1 1 2.9931432015869366e-02 2.1282316658951823e-02 1.0000824652053839e+00 6.6609669607630650e-02 1.7882041480211852e-01 3.3232019667087158e+01 12
1 0 1 1 2.9923478694884906e-02 2.1276831220178993e-02 1.0000829628772139e+00 6.6594441059480758e-02 1.7913069792107850e-01 3.3249716498728844e+01 12
1 0 1 1 2.9915514473235188e-02 2.1271341239549602e-02 1.0000834630572304e+00 6.6579215992937660e-02 1.7944131194931023e-01 3.3267427207073048e+01 12
1 0 1 1 2.9907539356811435e-02 2.1265846718788645e-02 1.0000839657554526e+00 6.6563994407205396e-02 1.7975225762997843e-01 3.3285151845055125e+01 12
1 0 1 1 2.9899553351434429e-02 2.1260347659584320e-02 1.0000844709819257e+00 6.6548776301488158e-02 1.8006353571016537e-01 3.3302890465831425e+01 12
1 0 1 1 2.9891556462848922e-02 2.1254844063579664e-02 1.0000849787467214e+00 6.6533561674990332e-02 1.8037514694089696e-01 3.3320643122782329e+01 12
1 0 1 1 2.9883548696729736e-02 2.1249335932379862e-02 1.0000854890599369e+00 6.6518350526916487e-02 1.8068709207726091e-01 3.3338409869518152e+01 12
1 0 1 1 2.9875530058673060e-02 2.1243823267543639e-02 1.0000860019316951e+00 6.6503142856471381e-02 1.8099937187818563e-01 3.3356190759867630e+01 12
1 0 1 1 2.9867500554206877e-02 2.1238306070593696e-02 1.0000865173721454e+00 6.6487938662859930e-02 1.8131198710682336e-01 3.3373985847898950e+01 12
1 0 1 1 2.9859460188781588e-02 2.1232784343007349e-02 1.0000870353914619e+00 6.6472737945287255e-02 1.8162493853025058e-01 3.3391795187903725e+01 12
1 0 1 1 2.9851408967773555e-02 2.1227258086220051e-02 1.0000875559998457e+00 6.6457540702958659e-02 1.8193822691962047e-01 3.3409618834405556e+01 12
1 0 1 1 2.9843346896487044e-02 2.1221727301627590e-02 1.0000880792075226e+00 6.6442346935079610e-02 1.8225185305030100e-01 3.3427456842167906e+01 12
1 0 1 1 2.9835273980150116e-02 2.1216191990582497e-02 1.0000886050247444e+00 6.6427156640855772e-02 1.8256581770170288e-01 3.3445309266184736e+01 12
1 0 1 1 2.9827190223915317e-02 2.1210652154393904e-02 1.0000891334617881e+00 6.6411969819492975e-02 1.8288012165737003e-01 3.3463176161685922e+01 12
1 0 1 1 2.9819095632862391e-02 2.1205107794330970e-02 1.0000896645289568e+00 6.6396786470197255e-02 1.8319476570513327e-01 3.3481057584145958e+01 12
1 0 1 1 2.9810990211992520e-02 2.1199558911617490e-02 1.0000901982365786e+00 6.6381606592174805e-02 1.8350975063688318e-01 3.3498953589271508e+01 12
1 0 1 1 2.9802873966235516e-02 2.1194005507438534e-02 1.0000907345950067e+00 6.6366430184632008e-02 1.8382507724887184e-01 3.3516864233018282e+01 12
1 0 1 1 2.9794746900442714e-02 2.1188447582933468e-02 1.0000912736146204e+00 6.6351257246775444e-02 1.8414074634157404e-01 3.3534789571584120e+01 12
1 0 1 1 2.9786609019391362e-02 2.1182885139201298e-02 1.0000918153058236e+00 6.6336087777811845e-02 1.8445675871974893e-01 3.3552729661411895e+01 12
1 0 1 1 2.9778460327780087e-02 2.1177318177295082e-02 1.0000923596790452e+00 6.6320921776948150e-02 1.8477311519243372e-01 3.3570684559190184e+01 12
1 0 1 1 2.9770300830233468e-02 2.1171746698227530e-02 1.0000929067447395e+00 6.6305759243391466e-02 1.8508981657305024e-01 3.3588654321858726e+01 12
1 0 1 1 2.9762130531299464e-02 2.1166170702968157e-02 1.0000934565133861e+00 6.6290600176349079e-02 1.8540686367939321e-01 3.3606639006608418e+01 12
1 0 1 1 2.9753949435447465e-02 2.1160590192441497e-02 1.0000940089954891e+00 6.6275444575028472e-02 1.8572425733358627e-01 3.3624638670879058e+01 12
1 0 1 1 2.9745757547071976e-02 2.1155005167530588e-02 1.0000945642015773e+00 6.6260292438637292e-02 1.8604199836229607e-01 3.3642653372371605e+01 12
1 0 1 1 2.9737554870489191e-02 2.1149415629074374e-02 1.0000951221422048e+00 6.6245143766383380e-02 1.8636008759653958e-01 3.3660683169037341e+01 12
1 0 1 1 2.9729341409938291e-02 2.1143821577868410e-02 1.0000956828279497e+00 6.6229998557474745e-02 1.8667852587187786e-01 3.3678728119089300e+01 12
1 0 1 1 2.9721117169579831e-02 2.1138223014663775e-02 1.0000962462694156e+00 6.6214856811119591e-02 1.8699731402833164e-01 3.3696788280997694e+01 12
1 0 1 1 2.9712882153496562e-02 2.1132619940167904e-02 1.0000968124772296e+00 6.6199718526526286e-02 1.8731645291046153e-01 3.3714863713494537e+01 12
1 0 1 1 2.9704636365694446e-02 2.1127012355045445e-02 1.0000973814620437e+00 6.6184583702903393e-02 1.8763594336747738e-01 3.3732954475580122e+01 12
1 0 1 1 2.9696379810098476e-02 2.1121400259914835e-02 1.0000979532345347e+00 6.6169452339459658e-02 1.8795578625306153e-01 3.3751060626513386e+01 12
1 0 1 1 2.9688112490557850e-02 2.1115783655353128e-02 1.0000985278054024e+00 6.6154324435403991e-02 1.8827598242562998e-01 3.3769182225826498e+01 12
1 0 1 1 2.9679834410840888e-02 2.1110162541890569e-02 1.0000991051853723e+00 6.6139199989945510e-02 1.8859653274825683e-01 3.3787319333321584e+01 12
1 0 1 1 2.9671545574636162e-02 2.1104536920013114e-02 1.0000996853851922e+00 6.6124079002293487e-02 1.8891743808858186e-01 3.3805472009064950e+01 12
1 0 1 1 2.9663245985554320e-02 2.1098906790163355e-02 1.0001002684156355e+00 6.6108961471657388e-02 1.8923869931909817e-01 3.3823640313403985e+01 12
1 0 1 1 2.9654935647126106e-02 2.1093272152739269e-02 1.0001008542874983e+00 6.6093847397246858e-02 1.8956031731698883e-01 3.3841824306957939e+01 12
1 0 1 1 2.9646614562800426e-02 2.1087633008091407e-02 1.0001014430116006e+00 6.6078736778271724e-02 1.8988229296422143e-01 3.3860024050624098e+01 12
1 0 1 1 2.9638282735947402e-02 2.1081989356527123e-02 1.0001020345987863e+00 6.6063629613941993e-02 1.9020462714758335e-01 3.3878239605579310e+01 12
1 0 1 1 2.9629940169856105e-02 2.1076341198308677e-02 1.0001026290599226e+00 6.6048525903467839e-02 1.9052732075869608e-01 3.3896471033281230e+01 12
1 0 1 1 2.9621586867735111e-02 2.1070688533652012e-02 1.0001032264059002e+00 6.6033425646059643e-02 1.9085037469408894e-01 3.3914718395473109e+01 12
1 0 1 1 2.9613222832710787e-02 2.1065031362728349e-02 1.0001038266476328e+00 6.6018328840927940e-02 1.9117378985510808e-01 3.3932981754178250e+01 12
1 0 1 1 2.9604848067830192e-02 2.1059369685663590e-02 1.0001044297960573e+00 6.6003235487283471e-02 1.9149756714820759e-01 3.3951261171717384e+01 12
1 0 1 1 2.9596462576054812e-02 2.1053703502534948e-02 1.0001050358621340e+00 6.5988145584337132e-02 1.9182170748459917e-01 3.3969556710688877e+01 12
1 0 1 1 2.9588066360268797e-02 2.1048032813378015e-02 1.0001056448568455e+00 6.5973059131300013e-02 1.9214621178072863e-01 3.3987868433995558e+01 12
1 0 1 1 2.9579659423270260e-02 2.1042357618178641e-02 1.0001062567911976e+00 6.5957976127383397e-02 1.9247108095789262e-01 3.4006196404823854e+01 12
1 0 1 1 2.9571241767775456e-02 2.1036677916877210e-02 1.0001068716762183e+00 6.5942896571798720e-02 1.9279631594254296e-01 3.4024540686661055e+01 12
1 0 1 1 2.9562813396419259e-02 2.1030993709368961e-02 1.0001074895229585e+00 6.5927820463757614e-02 1.9312191766626516e-01 3.4042901343294133e+01 12
1 0 1 1 2.9554374311752191e-02 2.1025304995501738e-02 1.0001081103424914e+00 6.5912747802471888e-02 1.9344788706575081e-01 3.4061278438808657e+01 12
1 0 1 1 2.9545924498294202e-02 2.1019611775075726e-02 1.0001087341459118e+00 6.5897678587153535e-02 1.9377422508288178e-01 3.4079672037594044e+01 12
1 0 1 1 2.9537461934659465e-02 2.1013914047843713e-02 1.0001093609443372e+00 6.5882612817014727e-02 1.9410093266471298e-01 3.4098082204342532e+01 12
1 0 1 1 2.9528988655440125e-02 2.1008211813514699e-02 1.0001099907489071e+00 6.5867550491267815e-02 1.9442801076361921e-01 3.4116509004057399e+01 12
1 0 1 1 2.9520504662892216e-02 2.1002505071745333e-02 1.0001106235707822e+00 6.5852491609125319e-02 1.9475546033722665e-01 3.4134952502050623e+01 12
1 0 1 1 2.9512009959188887e-02 2.0996793822148554e-02 1.0001112594211450e+00 6.5837436169799965e-02 1.9508328234842537e-01 3.4153412763942221e+01 12
1 0 1 1 2.9503504546418226e-02 2.0991078064288359e-02 1.0001118983111996e+00 6.5822384172504633e-02 1.9541147776555792e-01 3.4171889855672404e+01 12
1 0 1 1 2.9494988426581860e-02 2.0985357797680241e-02 1.0001125402521713e+00 6.5807335616452398e-02 1.9574004756231561e-01 3.4190383843495638e+01 12
1 0 1 1 2.9486461601596299e-02 2.0979633021792586e-02 1.0001131852553067e+00 6.5792290500856498e-02 1.9606899271779285e-01 3.4208894793983674e+01 12
1 0 1 1 2.9477924073290970e-02 2.0973903736044509e-02 1.0001138333318731e+00 6.5777248824930371e-02 1.9639831421657528e-01 3.4227422774031346e+01 12
1 0 1 1 2.9469375843410042e-02 2.0968169939808153e-02 1.0001144844931584e+00 6.5762210587887629e-02 1.9672801304877061e-01 3.4245967850858051e+01 12
1 0 1 1 2.9460816913610327e-02 2.0962431632406461e-02 1.0001151387504716e+00 6.5747175788942069e-02 1.9705809021004356e-01 3.4264530092010460e+01 12
1 0 1 1 2.9452247285459993e-02 2.0956688813111791e-02 1.0001157961151419e+00 6.5732144427307654e-02 1.9738854670157219e-01 3.4283109565360370e+01 12
1 0 1 1 2.9443666960441081e-02 2.0950941481149624e-02 1.0001164565985186e+00 6.5717116502198525e-02 1.9771938353021057e-01 3.4301706339113657e+01 12
1 0 1 1 2.9435075939946733e-02 2.0945189635694476e-02 1.0001171202119712e+00 6.5702092012829019e-02 1.9805060170846070e-01 3.4320320481809674e+01 12
1 0 1 1 2.9426474225283033e-02 2.0939433275874129e-02 1.0001177869668894e+00 6.5687070958413654e-02 1.9838220225450559e-01 3.4338952062322477e+01 12
1 0 1 1 2.9417861817666410e-02 2.0933672400764543e-02 1.0001184568746817e+00 6.5672053338167100e-02 1.9871418619232667e-01 3.4357601149868898e+01 12
1 0 1 1 2.9409238718222888e-02 2.0927907009390550e-02 1.0001191299467771e+00 6.5657039151304233e-02 1.9904655455160666e-01 3.4376267814002880e+01 12
1 0 1 1 2.9400604927991836e-02 2.0922137100730730e-02 1.0001198061946233e+00 6.5642028397040100e-02 1.9937930836791498e-01 3.4394952124625625e+01 12
1 0 1 1 2.9391960447919710e-02 2.0916362673709697e-02 1.0001204856296870e+00 6.5627021074589925e-02 1.9971244868260585e-01 3.4413654151981234e+01 12
1 0 1 1 2.9383305278865547e-02 2.0910583727204439e-02 1.0001211682634543e+00 6.5612017183169127e-02 2.0004597654304068e-01 3.4432373966668713e+01 12
1 0 1 1 2.9374639421595541e-02 2.0904800260039418e-02 1.0001218541074295e+00 6.5597016721993279e-02 2.0037989300244960e-01 3.4451111639635009e+01 12
1 0 1 1 2.9365962876784994e-02 2.0899012270987911e-02 1.0001225431731355e+00 6.5582019690278145e-02 2.0071419912006136e-01 3.4469867242182545e+01 12
1 0 1 1 2.9357275645019665e-02 2.0893219758774673e-02 1.0001232354721135e+00 6.5567026087239674e-02 2.0104889596118039e-01 3.4488640845973386e+01 12
1 0 1 1 2.9348577726791458e-02 2.0887422722070306e-02 1.0001239310159222e+00 6.5552035912093992e-02 2.0138398459714532e-01 3.4507432523028065e+01 12
1 0 1 1 2.9339869122500521e-02 2.0881621159495180e-02 1.0001246298161390e+00 6.5537049164057393e-02 2.0171946610542352e-01 3.4526242345730616e+01 12
1 0 1 1 2.9331149832454186e-02 2.0875815069617575e-02 1.0001253318843581e+00 6.5522065842346364e-02 2.0205534156959534e-01 3.4545070386828215e+01 12
1 0 1 1 2.9322419856867100e-02 2.0870004450953498e-02 1.0001260372321914e+00 6.5507085946177560e-02 2.0239161207957818e-01 3.4563916719444364e+01 12
1 0 1 1 2.9313679195859272e-02 2.0864189301966315e-02 1.0001267458712675e+00 6.5492109474767829e-02 2.0272827873136262e-01 3.4582781417063927e+01 12
1 0 1 1 2.9304927849457839e-02 2.0858369621067907e-02 1.0001274578132322e+00 6.5477136427334187e-02 2.0306534262738307e-01 3.4601664553554670e+01 12
1 0 1 1 2.9296165817595567e-02 2.0852545406617729e-02 1.0001281730697476e+00 6.5462166803093830e-02 2.0340280487635121e-01 3.4620566203157885e+01 12
1 0 1 1 2.9287393100108593e-02 2.0846716656919534e-02 1.0001288916524922e+00 6.5447200601264133e-02 2.0374066659338139e-01 3.4639486440496647e+01 12
1 0 1 1 2.9278609696740683e-02 2.0840883370228158e-02 1.0001296135731605e+00 6.5432237821062653e-02 2.0407892890001314e-01 3.4658425340575938e+01 12
1 0 1 1 2.9269815607136446e-02 2.0835045544740586e-02 1.0001303388434633e+00 6.5417278461707126e-02 2.0441759292427394e-01 3.4677382978788323e+01 12
1 0 1 1 2.9261010830846174e-02 2.0829203178601950e-02 1.0001310674751258e+00 6.5402322522415471e-02 2.0475665980072896e-01 3.4696359430915827e+01 12
1 0 1 1 2.9252195367322997e-02 2.0823356269903563e-02 1.0001317994798895e+00 6.5387370002405770e-02 2.0509613067050908e-01 3.4715354773132248e+01 12
1 0 1 1 2.9243369215923236e-02 2.0817504816682937e-02 1.0001325348695105e+00 6.5372420900896303e-02 2.0543600668135684e-01 3.4734369082005983e+01 12
1 0 1 1 2.9234532375905890e-02 2.0811648816922698e-02 1.0001332736557595e+00 6.5357475217105512e-02 2.0577628898776815e-01 3.4753402434508722e+01 12
1 0 1 1 2.9225684846430153e-02 2.0805788268549414e-02 1.0001340158504219e+00 6.5342532950252039e-02 2.0611697875086635e-01 3.4772454908008648e+01 12
1 0 1 1 2.9216826626557814e-02 2.0799923169435974e-02 1.0001347614652971e+00 6.5327594099554673e-02 2.0645807713857714e-01 3.4791526580280276e+01 12
1 0 1 1 2.9207957715251209e-02 2.0794053517399359e-02 1.0001355105121978e+00 6.5312658664232415e-02 2.0679958532566359e-01 3.4810617529507226e+01 12
1 0 1 1 2.9199078111373587e-02 2.0788179310201250e-02 1.0001362630029509e+00 6.5297726643504431e-02 2.0714150449382165e-01 3.4829727834287858e+01 12
1 0 1 1 2.9190187813686951e-02 2.0782300545547354e-02 1.0001370189493961e+00 6.5282798036590053e-02 2.0748383583154276e-01 3.4848857573627697e+01 12
1 0 1 1 2.9181286820853847e-02 2.0776417221087199e-02 1.0001377783633865e+00 6.5267872842708796e-02 2.0782658053443206e-01 3.4868006826958144e+01 12
1 0 1 1 2.9172375131434787e-02 2.0770529334413399e-02 1.0001385412567869e+00 6.5252951061080380e-02 2.0816973980507467e-01 3.4887175674129139e+01 12
1 0 1 1 2.9163452743889269e-02 2.0764636883063126e-02 1.0001393076414751e+00 6.5238032690924666e-02 2.0851331485309815e-01 3.4906364195412749e+01 12
1 0 1 1 2.9154519656573938e-02 2.0758739864515135e-02 1.0001400775293405e+00 6.5223117731461722e-02 2.0885730689531465e-01 3.4925572471512247e+01 12
1 0 1 1 2.9145575867743218e-02 2.0752838276191374e-02 1.0001408509322842e+00 6.5208206181911782e-02 2.0920171715577143e-01 3.4944800583564941e+01 12
1 0 1 1 2.9136621375547737e-02 2.0746932115456168e-02 1.0001416278622182e+00 6.5193298041495248e-02 2.0954654686564683e-01 3.4964048613136619e+01 12
1 0 1 1 2.9127656178035474e-02 2.0741021379617027e-02 1.0001424083310662e+00 6.5178393309432717e-02 2.0989179726356266e-01 3.4983316642239700e+01 12
1 0 1 1 2.9118680273148848e-02 2.0735106065921379e-02 1.0001431923507613e+00 6.5163491984944963e-02 2.1023746959543899e-01 3.5002604753325791e+01 12
1 0 1 1 2.9109693658725209e-02 2.0729186171558903e-02 1.0001439799332479e+00 6.5148594067252930e-02 2.1058356511452464e-01 3.5021913029287234e+01 12
1 0 1 1 2.9100696332497743e-02 2.0723261693661121e-02 1.0001447710904794e+00 6.5133699555577740e-02 2.1093008508170422e-01 3.5041241553475189e+01 12
1 0 1 1 2.9091688292091782e-02 2.0717332629299142e-02 1.0001455658344189e+00 6.5118808449140711e-02 2.1127703076523979e-01 3.5060590409685496e+01 12
1 0 1 1 2.9082669535027087e-02 2.0711398975484643e-02 1.0001463641770387e+00 6.5103920747163313e-02 2.1162440344111078e-01 3.5079959682178334e+01 12
1 0 1 1 2.9073640058716977e-02 2.0705460729171985e-02 1.0001471661303198e+00 6.5089036448867210e-02 2.1197220439286169e-01 3.5099349455669319e+01 12
1 0 1 1 2.9064599860465321e-02 2.0699517887252387e-02 1.0001479717062514e+00 6.5074155553474233e-02 2.1232043491177721e-01 3.5118759815341072e+01 12
1 0 1 1 2.9055548937468097e-02 2.0693570446557182e-02 1.0001487809168301e+00 6.5059278060206407e-02 2.1266909629688913e-01 3.5138190846843280e+01 12
1 0 1 1 2.9046487286813246e-02 2.0687618403859166e-02 1.0001495937740612e+00 6.5044403968285924e-02 2.1301818985510496e-01 3.5157642636300075e+01 12
1 0 1 1 2.9037414905477333e-02 2.0681661755866439e-02 1.0001504102899561e+00 6.5029533276935156e-02 2.1336771690115347e-01 3.5177115270308498e+01 12
1 0 1 1 2.9028331790328023e-02 2.0675700499228730e-02 1.0001512304765330e+00 6.5014665985376641e-02 2.1371767875772912e-01 3.5196608835945867e+01 12
1 0 1 1 2.9019237938122441e-02 2.0669734630533228e-02 1.0001520543458167e+00 6.4999802092833112e-02 2.1406807675563719e-01 3.5216123420779176e+01 12
1 0 1 1 2.9010133345503970e-02 2.0663764146303006e-02 1.0001528819098373e+00 6.4984941598527482e-02 2.1441891223355561e-01 3.5235659112852183e+01 12
1 0 1 1 2.9001018009006656e-02 2.0657789043001577e-02 1.0001537131806311e+00 6.4970084501682832e-02 2.1477018653853300e-01 3.5255216000713332e+01 12
1 0 1 1 2.8991891925049824e-02 2.0651809317027328e-02 1.0001545481702385e+00 6.4955230801522407e-02 2.1512190102569448e-01 3.5274794173400345e+01 12
1 0 1 1 2.8982755089939652e-02 2.0645824964715627e-02 1.0001553868907052e+00 6.4940380497269662e-02 2.1547405705843570e-01 3.5294393720451282e+01 12
1 0 1 1 2.8973607499868610e-02 2.0639835982339663e-02 1.0001562293540800e+00 6.4925533588148204e-02 2.1582665600849296e-01 3.5314014731908721e+01 12
1 0 1 1 2.8964449150915252e-02 2.0633842366108494e-02 1.0001570755724161e+00 6.4910690073381822e-02 2.1617969925608621e-01 3.5333657298328681e+01 12
1 0 1 1 2.8955280039040038e-02 2.0627844112163916e-02 1.0001579255577693e+00 6.4895849952194495e-02 2.1653318818979844e-01 3.5353321510774734e+01 12
1 0 1 1 2.8946100160090173e-02 2.0621841216587458e-02 1.0001587793221984e+00 6.4881013223810360e-02 2.1688712420679240e-01 3.5373007460829321e+01 12
1 0 1 1 2.8936909509793683e-02 2.0615833675391187e-02 1.0001596368777639e+00 6.4866179887453745e-02 2.1724150871285741e-01 3.5392715240598704e+01 12
1 0 1 1 2.8927708083763298e-02 2.0609821484525646e-02 1.0001604982365286e+00 6.4851349942349160e-02 2.1759634312245357e-01 3.5412444942714195e+01 12
1 0 1 1 2.8918495877490822e-02 2.0603804639871912e-02 1.0001613634105557e+00 6.4836523387721279e-02 2.1795162885870351e-01 3.5432196660333723e+01 12
1 0 1 1 2.8909272886351714e-02 2.0597783137247205e-02 1.0001622324119095e+00 6.4821700222794959e-02 2.1830736735373224e-01 3.5451970487160466e+01 12
1 0 1 1 2.8900039105600368e-02 2.0591756972401652e-02 1.0001631052526543e+00 6.4806880446795237e-02 2.1866356004836549e-01 3.5471766517426666e+01 12
1 0 1 1 2.8890794530370637e-02 2.0585726141017290e-02 1.0001639819448540e+00 6.4792064058947316e-02 2.1902020839248748e-01 3.5491584845914652e+01 12
1 0 1 1 2.8881539155675279e-02 2.0579690638708618e-02 1.0001648625005715e+00 6.4777251058476593e-02 2.1937731384501336e-01 3.5511425567955598e+01 12
1 0 1 1 2.8872272976404656e-02 2.0573650461022327e-02 1.0001657469318681e+00 6.4762441444608632e-02 2.1973487787389839e-01 3.5531288779430412e+01 12
1 0 1 1 2.8862995987328915e-02 2.0567605603439548e-02 1.0001666352508036e+00 6.4747635216569163e-02 2.2009290195638812e-01 3.5551174576784000e+01 12
1 0 1 1 2.8853708183091274e-02 2.0561556061367885e-02 1.0001675274694348e+00 6.4732832373584126e-02 2.2045138757893737e-01 3.5571083057022740e+01 12
1 0 1 1 2.8844409558212873e-02 2.0555501830148960e-02 1.0001684235998152e+00 6.4718032914879597e-02 2.2081033623730195e-01 3.5591014317718489e+01 12
1 0 1 1 2.8835100107088979e-02 2.0549442905053738e-02 1.0001693236539946e+00 6.4703236839681863e-02 2.2116974943667114e-01 3.5610968457017577e+01 12
1 0 1 1 2.8825779823988779e-02 2.0543379281281988e-02 1.0001702276440188e+00 6.4688444147217375e-02 2.2152962869177073e-01 3.5630945573647217e+01 12
1 0 1 1 2.8816448703056014e-02 2.0537310953965309e-02 1.0001711355819285e+00 6.4673654836712752e-02 2.2188997552687778e-01 3.5650945766916109e+01 12
1 0 1 1 2.8807106738305954e-02 2.0531237918162658e-02 1.0001720474797591e+00 6.4658868907394806e-02 2.2225079147590421e-01 3.5670969136720601e+01 12
1 0 1 1 2.8797753923626115e-02 2.0525160168862466e-02 1.0001729633495393e+00 6.4644086358490505e-02 2.2261207808246769e-01 3.5691015783548714e+01 12
1 0 1 1 2.8788390252774024e-02 2.0519077700979396e-02 1.0001738832032916e+00 6.4629307189227020e-02 2.2297383690005279e-01 3.5711085808490452e+01 12
1 0 1 1 2.8779015719377257e-02 2.0512990509356441e-02 1.0001748070530310e+00 6.4614531398831679e-02 2.2333606949200979e-01 3.5731179313237782e+01 12
1 0 1 1 2.8769630316934067e-02 2.0506898588765674e-02 1.0001757349107641e+00 6.4599758986531988e-02 2.2369877743167355e-01 3.5751296400091597e+01 12
1 0 1 1 2.8760234038809614e-02 2.0500801933903526e-02 1.0001766667884895e+00 6.4584989951555649e-02 2.2406196230244821e-01 3.5771437171968117e+01 12
1 0 1 1 2.8750826878236536e-02 2.0494700539393139e-02 1.0001776026981959e+00 6.4570224293130515e-02 2.2442562569786734e-01 3.5791601732402185e+01 12
1 0 1 1 2.8741408828314548e-02 2.0488594399783729e-02 1.0001785426518623e+00 6.4555462010484621e-02 2.2478976922174487e-01 3.5811790185556525e+01 12
1 0 1 1 2.8731979882008603e-02 2.0482483509548854e-02 1.0001794866614568e+00 6.4540703102846195e-02 2.2515439448818769e-01 3.5832002636223280e+01 12
1 0 1 1 2.8722540032148847e-02 2.0476367863087992e-02 1.0001804347389365e+00 6.4525947569443617e-02 2.2551950312172650e-01 3.5852239189831607e+01 12
1 0 1 1 2.8713089271428606e-02 2.0470247454723641e-02 1.0001813868962459e+00 6.4511195409505478e-02 2.2588509675736185e-01 3.5872499952451399e+01 12
1 0 1 1 2.8703627592403337e-02 2.0464122278700897e-02 1.0001823431453172e+00 6.4496446622260506e-02 2.2625117704065054e-01 3.5892785030798812e+01 12
1 0 1 1 2.8694154987492799e-02 2.0457992329190728e-02 1.0001833034980689e+00 6.4481701206937636e-02 2.2661774562801199e-01 3.5913094532253446e+01 12
1 0 1 1 2.8684671448975508e-02 2.0451857600284694e-02 1.0001842679664055e+00 6.4466959162765958e-02 2.2698480418642047e-01 3.5933428564842508e+01 12
1 0 1 1 2.8675176968991196e-02 2.0445718085996833e-02 1.0001852365622157e+00 6.4452220488974740e-02 2.2735235439385293e-01 3.5953787237266368e+01 12
1 0 1 1 2.8665671539537616e-02 2.0439573780262305e-02 1.0001862092973737e+00 6.4437485184793447e-02 2.2772039793917373e-01 3.5974170658892838e+01 12
1 0 1 1 2.8656155152472045e-02 2.0433424676938525e-02 1.0001871861837364e+00 6.4422753249451709e-02 2.2808893652240633e-01 3.5994578939772879e+01 12
1 0 1 1 2.8646627799506805e-02 2.0427270769800533e-02 1.0001881672331434e+00 6.4408024682179321e-02 2.2845797185461189e-01 3.6015012190635233e+01 12
1 0 1 1 2.8637089472211330e-02 2.0421112052545081e-02 1.0001891524574167e+00 6.4393299482206262e-02 2.2882750565817078e-01 3.6035470522902081e+01 12
1 0 1 1 2.8627540162010818e-02 2.0414948518789163e-02 1.0001901418683592e+00 6.4378577648762689e-02 2.2919753966678361e-01 3.6055954048689941e+01 12
1 0 1 1 2.8617979860183024e-02 2.0408780162066056e-02 1.0001911354777542e+00 6.4363859181078925e-02 2.2956807562567139e-01 3.6076462880822490e+01 12
1 0 1 1 2.8608408557859191e-02 2.0402606975828401e-02 1.0001921332973644e+00 6.4349144078385490e-02 2.2993911529150227e-01 3.6096997132826253e+01 12
1 0 1 1 2.8598826246022453e-02 2.0396428953446136e-02 1.0001931353389315e+00 6.4334432339913067e-02 2.3031066043266385e-01 3.6117556918947088e+01 12
1 0 1 1 2.8589232915506892e-02 2.0390246088206276e-02 1.0001941416141744e+00 6.4319723964892508e-02 2.3068271282930264e-01 3.6138142354153068e+01 12
1 0 1 1 2.8579628556995407e-02 2.0384058373310761e-02 1.0001951521347898e+00 6.4305018952554860e-02 2.3105527427339551e-01 3.6158753554139572e+01 12
1 0 1 1 2.8570013161020532e-02 2.0377865801878958e-02 1.0001961669124497e+00 6.4290317302131320e-02 2.3142834656896152e-01 3.6179390635341321e+01 12
1 0 1 1 2.8560386717961645e-02 2.0371668366944571e-02 1.0001971859588019e+00 6.4275619012853280e-02 2.3180193153198325e-01 3.6200053714929247e+01 12
1 0 1 1 2.8550749218044510e-02 2.0365466061455003e-02 1.0001982092854682e+00 6.4260924083952314e-02 2.3217603099072465e-01 3.6220742910829195e+01 12
1 0 1 1 2.8541100651339926e-02 2.0359258878271915e-02 1.0001992369040442e+00 6.4246232514660148e-02 2.3255064678570825e-01 3.6241458341721192e+01 12
1 0 1 1 2.8531441007763121e-02 2.0353046810170420e-02 1.0002002688260976e+00 6.4231544304208688e-02 2.3292578076979978e-01 3.6262200127044949e+01 12
1 0 1 1 2.8521770277072211e-02 2.0346829849838016e-02 1.0002013050631680e+00 6.4216859451830033e-02 2.3330143480856977e-01 3.6282968387021320e+01 12
1 0 1 1 2.8512088448866144e-02 2.0340607989873135e-02 1.0002023456267650e+00 6.4202177956756451e-02 2.3367761077998828e-01 3.6303763242635902e+01 12
1 0 1 1 2.8502395512585137e-02 2.0334381222786069e-02 1.0002033905283687e+00 6.4187499818220389e-02 2.3405431057487305e-01 3.6324584815664849e+01 12
1 0 1 1 2.8492691457509128e-02 2.0328149540998375e-02 1.0002044397794272e+00 6.4172825035454448e-02 2.3443153609701714e-01 3.6345433228682943e+01 12
1 0 1 1 2.8482976272754094e-02 2.0321912936838681e-02 1.0002054933913564e+00 6.4158153607691421e-02 2.3480928926300085e-01 3.6366308605054506e+01 12
1 0 1 1 2.8473249947274633e-02 2.0315671402547038e-02 1.0002065513755394e+00 6.4143485534164282e-02 2.3518757200263554e-01 3.6387211068958223e+01 12
1 0 1 1 2.8463512469859727e-02 2.0309424930270818e-02 1.0002076137433240e+00 6.4128820814106174e-02 2.3556638625884319e-01 3.6408140745381942e+01 12
1 0 1 1 2.8453763829134230e-02 2.0303173512066744e-02 1.0002086805060237e+00 6.4114159446750418e-02 2.3594573398804175e-01 3.6429097760144671e+01 12
1 0 1 1 2.8444004013553365e-02 2.0296917139895079e-02 1.0002097516749149e+00 6.4099501431330488e-02 2.3632561715994449e-01 3.6450082239887301e+01 12
1 0 1 1 2.8434233011406705e-02 2.0290655805626289e-02 1.0002108272612367e+00 6.4084846767080067e-02 2.3670603775799801e-01 3.6471094312096504e+01 12
1 0 1 1 2.8424450810811658e-02 2.0284389501032295e-02 1.0002119072761892e+00 6.4070195453233003e-02 2.3708699777928890e-01 3.6492134105102259e+01 12
1 0 1 1 2.8414657399716246e-02 2.0278118217792671e-02 1.0002129917309339e+00 6.4055547489023298e-02 2.3746849923478902e-01 3.6513201748090900e+01 12
1 0 1 1 2.8404852765895060e-02 2.0271841947489315e-02 1.0002140806365902e+00 6.4040902873685163e-02 2.3785054414935250e-01 3.6534297371107030e+01 12
1 0 1 1 2.8395036896949614e-02 2.0265560681607911e-02 1.0002151740042369e+00 6.4026261606452958e-02 2.3823313456206682e-01 3.6555421105073684e+01 12
1 0 1 1 2.8385209780306019e-02 2.0259274411536923e-02 1.0002162718449086e+00 6.4011623686561228e-02 2.3861627252623013e-01 3.6576573081792077e+01 12
1 0 1 1 2.8375371403213587e-02 2.0252983128565605e-02 1.0002173741695963e+00 6.3996989113244682e-02 2.3899996010941071e-01 3.6597753433946167e+01 12
1 0 1 1 2.8365521752744018e-02 2.0246686823884696e-02 1.0002184809892460e+00 6.3982357885738222e-02 2.3938419939386407e-01 3.6618962295126842e+01 12
1 0 1 1 2.8355660815788393e-02 2.0240385488583378e-02 1.0002195923147565e+00 6.3967730003276921e-02 2.3976899247626715e-01 3.6640199799818404e+01 12
1 0 1 1 2.8345788579058312e-02 2.0234079113651934e-02 1.0002207081569789e+00 6.3953105465096013e-02 2.4015434146829814e-01 3.6661466083431456e+01 12
1 0 1 1 2.8335905029082089e-02 2.0227767689978079e-02 1.0002218285267157e+00 6.3938484270430931e-02 2.4054024849644520e-01 3.6682761282293811e+01 12
1 0 1 1 2.8326010152204636e-02 2.0221451208347702e-02 1.0002229534347189e+00 6.3923866418517258e-02 2.4092671570231727e-01 3.6704085533668632e+01 12
1 0 1 1 2.8316103934584280e-02 2.0215129659441645e-02 1.0002240828916891e+00 6.3909251908590758e-02 2.4131374524265220e-01 3.6725438975756511e+01 12
1 0 1 1 2.8306186362193966e-02 2.0208803033838856e-02 1.0002252169082739e+00 6.3894640739887376e-02 2.4170133928968340e-01 3.6746821747716233e+01 12
1 0 1 1 2.8296257420815908e-02 2.0202471322010047e-02 1.0002263554950672e+00 6.3880032911643236e-02 2.4208950003104532e-01 3.6768233989661816e+01 12
1 0 1 1 2.8286317096044615e-02 2.0196134514323793e-02 1.0002274986626076e+00 6.3865428423094617e-02 2.4247822967011209e-01 3.6789675842680978e+01 12
1 0 1 1 2.8276365373280953e-02 2.0189792601038717e-02 1.0002286464213765e+00 6.3850827273478003e-02 2.4286753042603076e-01 3.6811147448839804e+01 12
1 0 1 1 2.8266402237733315e-02 2.0183445572307349e-02 1.0002297987817979e+00 6.3836229462030020e-02 2.4325740453386618e-01 3.6832648951190826e+01 12
1 0 1 1 2.8256427674415094e-02 2.0177093418173517e-02 1.0002309557542357e+00 6.3821634987987486e-02 2.4364785424493149e-01 3.6854180493793201e+01 12
1 0 1 1 2.8246441668141713e-02 2.0170736128569181e-02 1.0002321173489934e+00 6.3807043850587400e-02 2.4403888182669339e-01 3.6875742221709061e+01 12
1 0 1 1 2.8236444078302586e-02 2.0164372575720523e-02 1.0002332839222450e+00 6.3792456049066915e-02 2.4443049410457429e-01 3.6897334487264338e+01 12
1 0 1 1 2.8226434871733600e-02 2.0158002595520197e-02 1.0002344555380884e+00 6.3777871582663376e-02 2.4482269401308476e-01 3.6918957465652952e+01 12
1 0 1 1 2.8216414174648881e-02 2.0151627445928712e-02 1.0002356318163903e+00 6.3763290450614296e-02 2.4521547871848109e-01 3.6940611070838408e+01 12
1 0 1 1 2.8206381971065706e-02 2.0145247116460201e-02 1.0002368127672712e+00 6.3748712652157369e-02 2.4560885055483955e-01 3.6962295452009677e+01 12
1 0 1 1 2.8196338244796452e-02 2.0138861596514852e-02 1.0002379984007839e+00 6.3734138186530453e-02 2.4600281187339362e-01 3.6984010759420372e+01 12
1 0 1 1 2.8186282979445323e-02 2.0132470875375685e-02 1.0002391887269113e+00 6.3719567052971576e-02 2.4639736504248669e-01 3.7005757144387985e+01 12
1 0 1 1 2.8176216158408499e-02 2.0126074942210782e-02 1.0002403837555667e+00 6.3704999250718958e-02 2.4679251244806574e-01 3.7027534759322059e+01 12
1 0 1 1 2.8166137764871448e-02 2.0119673786071310e-02 1.0002415834965901e+00 6.3690434779010971e-02 2.4718825649359760e-01 3.7049343757720976e+01 12
1 0 1 1 2.8156047781805370e-02 2.0113267395887015e-02 1.0002427879597486e+00 6.3675873637086183e-02 2.4758459960036575e-01 3.7071184294190829e+01 12
1 0 1 1 2.8145946191968189e-02 2.0106855760469829e-02 1.0002439971547330e+00 6.3661315824183329e-02 2.4798154420764201e-01 3.7093056524455243e+01 12
1 0 1 1 2.8135832977901079e-02 2.0100438868511233e-02 1.0002452110911575e+00 6.3646761339541308e-02 2.4837909277283476e-01 3.7114960605365340e+01 12
1 0 1 1 2.8125708121926715e-02 2.0094016708580648e-02 1.0002464297785574e+00 6.3632210182399215e-02 2.4877724777170404e-01 3.7136896694913403e+01 12
1 0 1 1 2.8115571606147742e-02 2.0087589269125045e-02 1.0002476532263880e+00 6.3617662351996285e-02 2.4917601169852371e-01 3.7158864952243114e+01 12
1 0 1 1 2.8105423412442584e-02 2.0081156538465039e-02 1.0002488814440222e+00 6.3603117847571958e-02 2.4957538706634727e-01 3.7180865537666648e+01 12
1 0 1 1 2.8095263522467620e-02 2.0074718504799596e-02 1.0002501144407496e+00 6.3588576668365843e-02 2.4997537640702847e-01 3.7202898612665663e+01 12
1 0 1 1 2.8085091917650414e-02 2.0068275156198342e-02 1.0002513522257737e+00 6.3574038813617700e-02 2.5037598227161123e-01 3.7224964339916404e+01 12
1 0 1 1 2.8074908579191222e-02 2.0061826480604839e-02 1.0002525948082110e+00 6.3559504282567486e-02 2.5077720723032965e-01 3.7247062883289914e+01 12
1 0 1 1 2.8064713488059161e-02 2.0055372465833974e-02 1.0002538421970895e+00 6.3544973074455335e-02 2.5117905387311507e-01 3.7269194407882431e+01 12
1 0 1 1 2.8054506624989668e-02 2.0048913099569375e-02 1.0002550944013457e+00 6.3530445188521537e-02 2.5158152480936580e-01 3.7291359080004263e+01 12
1 0 1 1 2.8044287970484475e-02 2.0042448369366066e-02 1.0002563514298242e+00 6.3515920624006558e-02 2.5198462266858279e-01 3.7313557067215967e+01 12
1 0 1 1 2.8034057504807159e-02 2.0035978262644985e-02 1.0002576132912744e+00 6.3501399380151050e-02 2.5238835010022348e-01 3.7335788538322838e+01 12
1 0 1 1 2.8023815207981521e-02 2.0029502766693609e-02 1.0002588799943497e+00 6.3486881456195826e-02 2.5279270977413298e-01 3.7358053663400149e+01 12
1 0 1 1 2.8013561059790269e-02 2.0023021868665138e-02 1.0002601515476055e+00 6.3472366851381884e-02 2.5319770438074801e-01 3.7380352613806039e+01 12
1 0 1 1 2.8003295039771701e-02 2.0016535555576673e-02 1.0002614279594966e+00 6.3457855564950386e-02 2.5360333663117840e-01 3.7402685562187855e+01 12
1 0 1 1 2.7993017127216809e-02 2.0010043814306610e-02 1.0002627092383758e+00 6.3443347596142674e-02 2.5400960925754229e-01 3.7425052682502951e+01 12
1 0 1 1 2.7982727301169491e-02 2.0003546631596834e-02 1.0002639953924917e+00 6.3428842944200259e-02 2.5441652501308809e-01 3.7447454150026168e+01 12
1 0 1 1 2.7972425540420735e-02 1.9997043994047028e-02 1.0002652864299872e+00 6.3414341608364816e-02 2.5482408667260636e-01 3.7469890141375878e+01 12
1 0 1 1 2.7962111823509106e-02 1.9990535888117035e-02 1.0002665823588968e+00 6.3399843587878216e-02 2.5523229703241679e-01 3.7492360834513860e+01 12
1 0 1 1 2.7951786128716256e-02 1.9984022300122271e-02 1.0002678831871443e+00 6.3385348881982495e-02 2.5564115891070094e-01 3.7514866408766601e+01 12
1 0 1 1 2.7941448434066058e-02 1.9977503216235874e-02 1.0002691889225421e+00 6.3370857489919857e-02 2.5605067514796498e-01 3.7537407044852003e+01 12
1 0 1 1 2.7931098717320718e-02 1.9970978622484190e-02 1.0002704995727874e+00 6.3356369410932672e-02 2.5646084860674451e-01 3.7559982924865501e+01 12
1 0 1 1 2.7920736955978815e-02 1.9964448504746688e-02 1.0002718151454613e+00 6.3341884644263505e-02 2.5687168217244943e-01 3.7582594232328788e+01 12
1 0 1 1 2.7910363127272641e-02 1.9957912848754117e-02 1.0002731356480257e+00 6.3327403189155071e-02 2.5728317875311191e-01 3.7605241152177655e+01 12
1 0 1 1 2.7899977208165373e-02 1.9951371640087433e-02 1.0002744610878220e+00 6.3312925044850282e-02 2.5769534127998084e-01 3.7627923870797083e+01 12
1 0 1 1 2.7889579175349691e-02 1.9944824864177452e-02 1.0002757914720681e+00 6.3298450210592203e-02 2.5810817270766823e-01 3.7650642576030940e+01 12
1 0 1 1 2.7879169005242344e-02 1.9938272506299530e-02 1.0002771268078565e+00 6.3283978685624076e-02 2.5852167601416820e-01 3.7673397457186084e+01 12
1 0 1 1 2.7868746673983993e-02 1.9931714551576291e-02 1.0002784671021521e+00 6.3269510469189313e-02 2.5893585420154575e-01 3.7696188705071627e+01 12
1 0 1 1 2.7858312157434988e-02 1.9925150984973324e-02 1.0002798123617893e+00 6.3255045560531520e-02 2.5935071029586171e-01 3.7719016511997538e+01 12
1 0 1 1 2.7847865431173815e-02 1.9918581791299964e-02 1.0002811625934707e+00 6.3240583958894453e-02 2.5976624734757514e-01 3.7741881071798488e+01 12
1 0 1 1 2.7837406470492373e-02 1.9912006955204918e-02 1.0002825178037631e+00 6.3226125663522051e-02 2.6018246843175741e-01 3.7764782579848635e+01 12
1 0 1 1 2.7826935250395108e-02 1.9905426461177104e-02 1.0002838779990970e+00 6.3211670673658418e-02 2.6059937664851557e-01 3.7787721233086650e+01 12
1 0 1 1 2.7816451745593499e-02 1.9898840293541109e-02 1.0002852431857623e+00 6.3197218988547840e-02 2.6101697512297584e-01 3.7810697230017837e+01 12
1 0 1 1 2.7805955930505544e-02 1.9892248436458596e-02 1.0002866133699073e+00 6.3182770607434768e-02 2.6143526700584613e-01 3.7833710770746748e+01 12
1 0 1 1 2.7795447779253073e-02 1.9885650873927050e-02 1.0002879885575353e+00 6.3168325529563835e-02 2.6185425547361785e-01 3.7856762056990533e+01 12
1 0 1 1 2.7784927265654548e-02 1.9879047589772509e-02 1.0002893687545020e+00 6.3153883754179851e-02 2.6227394372872609e-01 3.7879851292091722e+01 12
1 0 1 1 2.7774394363226654e-02 1.9872438567654315e-02 1.0002907539665138e+00 6.3139445280527770e-02 2.6269433500000727e-01 3.7902978681044139e+01 12
1 0 1 1 2.7763849045179343e-02 1.9865823791061013e-02 1.0002921441991239e+00 6.3125010107852750e-02 2.6311543254300934e-01 3.7926144430513219e+01 12
1 0 1 1 2.7753291284410935e-02 1.9859203243305666e-02 1.0002935394577306e+00 6.3110578235400103e-02 2.6353723964015108e-01 3.7949348748848024e+01 12
1 0 1 1 2.7742721053507512e-02 1.9852576907528494e-02 1.0002949397475742e+00 6.3096149662415335e-02 2.6395975960103679e-01 3.7972591846099895e+01 12
1 0 1 1 2.7732138324738902e-02 1.9845944766693876e-02 1.0002963450737343e+00 6.3081724388144092e-02 2.6438299576294844e-01 3.7995873934052703e+01 12
1 0 1 1 2.7721543070053492e-02 1.9839306803585404e-02 1.0002977554411274e+00 6.3067302411832213e-02 2.6480695149105327e-01 3.8019195226237649e+01 12
1 0 1 1 2.7710935261077603e-02 1.9832663000808350e-02 1.0002991708545033e+00 6.3052883732725717e-02 2.6523163017856349e-01 3.8042555937943511e+01 12
1 0 1 1 2.7700314869109479e-02 1.9826013340784366e-02 1.0003005913184424e+00 6.3038468350070778e-02 2.6565703524740231e-01 3.8065956286257183e+01 12
1 0 1 1 2.7689681865116951e-02 1.9819357805750563e-02 1.0003020168373540e+00 6.3024056263113748e-02 2.6608317014820604e-01 3.8089396490066122e+01 12
1 0 1 1 2.7679036219734464e-02 1.9812696377758458e-02 1.0003034474154717e+00 6.3009647471101146e-02 2.6651003836077158e-01 3.8112876770085578e+01 12
1 0 1 1 2.7668377903259083e-02 1.9806029038672512e-02 1.0003048830568517e+00 6.2995241973279673e-02 2.6693764339467568e-01 3.8136397348895649e+01 12
1 0 1 1 2.7657706885645283e-02 1.9799355770164177e-02 1.0003063237653687e+00 6.2980839768896207e-02 2.6736598878900270e-01 3.8159958450929892e+01 12
1 0 1 1 2.7647023136502965e-02 1.9792676553713737e-02 1.0003077695447138e+00 6.2966440857197783e-02 2.6779507811331205e-01 3.8183560302530807e+01 12
1 0 1 1 2.7636326625093501e-02 1.9785991370607405e-02 1.0003092203983910e+00 6.2952045237431614e-02 2.6822491496772449e-01 3.8207203131957726e+01 12
1 0 1 1 2.7625617320325774e-02 1.9779300201934889e-02 1.0003106763297140e+00 6.2937652908845093e-02 2.6865550298313157e-01 3.8230887169401285e+01 12
1 0 1 1 2.7614895190750784e-02 1.9772603028585196e-02 1.0003121373418036e+00 6.2923263870685781e-02 2.6908684582194781e-01 3.8254612647028857e+01 12
1 0 1 1 2.7604160204559587e-02 1.9765899831247311e-02 1.0003136034375828e+00 6.2908878122201403e-02 2.6951894717806152e-01 3.8278379798983842e+01 12
1 0 1 1 2.7593412329579233e-02 1.9759190590407861e-02 1.0003150746197758e+00 6.2894495662639854e-02 2.6995181077753588e-01 3.8302188861427723e+01 12
1 0 1 1 2.7582651533267180e-02 1.9752475286346449e-02 1.0003165508909031e+00 6.2880116491249222e-02 2.7038544037883810e-01 3.8326040072556481e+01 12
1 0 1 1 2.7571877782707872e-02 1.9745753899134893e-02 1.0003180322532792e+00 6.2865740607277745e-02 2.7081983977324581e-01 3.8349933672625873e+01 12
1 0 1 1 2.7561091044608708e-02 1.9739026408634505e-02 1.0003195187090077e+00 6.2851368009973846e-02 2.7125501278526543e-01 3.8373869903977941e+01 12
1 0 1 1 2.7550291285296950e-02 1.9732292794495683e-02 1.0003210102599798e+00 6.2836998698586111e-02 2.7169096327304360e-01 3.8397849011066405e+01 12
1 0 1 1 2.7539478470712659e-02 1.9725553036152095e-02 1.0003225069078692e+00 6.2822632672363293e-02 2.7212769512871610e-01 3.8421871240480428e+01 12
1 0 1 1 2.7528652566405045e-02 1.9718807112818797e-02 1.0003240086541292e+00 6.2808269930554342e-02 2.7256521227890257e-01 3.8445936840975115e+01 12
1 0 1 1 2.7517813537531067e-02 1.9712055003493316e-02 1.0003255154999893e+00 6.2793910472408357e-02 2.7300351868500117e-01 3.8470046063490202e+01 12
1 0 1 1 2.7506961348846587e-02 1.9705296686949536e-02 1.0003270274464513e+00 6.2779554297174606e-02 2.7344261834379158e-01 3.8494199161188071e+01 12
1 0 1 1 2.7496095964703725e-02 1.9698532141735101e-02 1.0003285444942855e+00 6.2765201404102550e-02 2.7388251528781771e-01 3.8518396389478447e+01 12
1 0 1 1 2.7485217349046798e-02 1.9691761346171191e-02 1.0003300666440273e+00 6.2750851792441803e-02 2.7432321358558870e-01 3.8542638006032291e+01 12
1 0 1 1 2.7474325465406239e-02 1.9684984278347830e-02 1.0003315938959727e+00 6.2736505461442160e-02 2.7476471734238916e-01 3.8566924270831130e+01 12
1 0 1 1 2.7463420276894208e-02 1.9678200916121817e-02 1.0003331262501758e+00 6.2722162410353582e-02 2.7520703070049207e-01 3.8591255446182217e+01 12
1 0 1 1 2.7452501746200071e-02 1.9671411237114522e-02 1.0003346637064432e+00 6.2707822638426197e-02 2.7565015783975538e-01 3.8615631796755210e+01 12
1 0 1 1 2.7441569835584611e-02 1.9664615218708024e-02 1.0003362062643317e+00 6.2693486144910326e-02 2.7609410297804210e-01 3.8640053589609629e+01 12
1 0 1 1 2.7430624506876295e-02 1.9657812838044127e-02 1.0003377539231431e+00 6.2679152929056431e-02 2.7653887037156660e-01 3.8664521094217257e+01 12
1 0 1 1 2.7419665721463336e-02 1.9651004072017197e-02 1.0003393066819204e+00 6.2664822990115179e-02 2.7698446431560569e-01 3.8689034582506871e+01 12
1 0 1 1 2.7408693440291936e-02 1.9644188897277318e-02 1.0003408645394443e+00 6.2650496327337379e-02 2.7743088914483566e-01 3.8713594328885044e+01 12
1 0 1 1 2.7397707623859353e-02 1.9637367290223764e-02 1.0003424274942283e+00 6.2636172939974019e-02 2.7787814923390947e-01 3.8738200610273225e+01 12
1 0 1 1 2.7386708232206753e-02 1.9630539227000452e-02 1.0003439955445150e+00 6.2621852827276267e-02 2.7832624899792013e-01 3.8762853706138088e+01 12
1 0 1 1 2.7375695224916549e-02 1.9623704683496550e-02 1.0003455686882710e+00 6.2607535988495458e-02 2.7877519289293573e-01 3.8787553898524180e+01 12
1 0 1 1 2.7364668561105934e-02 1.9616863635341732e-02 1.0003471469231837e+00 6.2593222422883094e-02 2.7922498541646024e-01 3.8812301472084251e+01 12
1 0 1 1 2.7353628199419621e-02 1.9610016057901903e-02 1.0003487302466563e+00 6.2578912129690842e-02 2.7967563110812349e-01 3.8837096714122168e+01 12
1 0 1 1 2.7342574098026640e-02 1.9603161926278728e-02 1.0003503186558032e+00 6.2564605108170565e-02 2.8012713455014926e-01 3.8861939914622418e+01 12
1 0 1 1 2.7331505548042440e-02 1.9596301215302266e-02 1.0003519121474451e+00 6.2550301357574278e-02 2.8057950036772650e-01 3.8886831366276368e+01 12
1 0 1 1 2.7320419023565051e-02 1.9589433899531775e-02 1.0003535107181061e+00 6.2536000877154163e-02 2.8103273322982253e-01 3.8911771364530672e+01 12
1 0 1 1 2.7309318630181555e-02 1.9582559953250277e-02 1.0003551143640070e+00 6.2521703666162581e-02 2.8148683784974754e-01 3.8936760207623777e+01 12
1 0 1 1 2.7298204324137584e-02 1.9575679350460427e-02 1.0003567230810619e+00 6.2507409723852075e-02 2.8194181898543752e-01 3.8961798196606537e+01 12
1 0 1 1 2.7287076061171412e-02 1.9568792064883715e-02 1.0003583368648727e+00 6.2493119049475340e-02 2.8239768144049571e-01 3.8986885635403858e+01 12
1 0 1 1 2.7275933796507539e-02 1.9561898069953690e-02 1.0003599557107248e+00 6.2478831642285244e-02 2.8285443006430000e-01 3.9012022830826538e+01 12
1 0 1 1 2.7264777484849428e-02 1.9554997338814210e-02 1.0003615796135816e+00 6.2464547501534837e-02 2.8331206975297479e-01 3.9037210092629486e+01 12
1 0 1 1 2.7253607080374109e-02 1.9548089844316267e-02 1.0003632085680805e+00 6.2450266626477333e-02 2.8377060544995247e-01 3.9062447733547714e+01 12
