isScalarized | massIncreased | isMonotoneInside | isMonotoneOutside | mass_Baryon | mass_ADM | AST(radius) | radius  |  phi_c | rho_c | ctr |
1 1 1 1 3.2363345268108024e-02 2.4467925042759572e-02 1.0000000001172518e+00 8.5485149999985618e-02 2.6944059183126824e-03 1.7851841699758527e+01 19
1 1 1 1 3.2363337243240642e-02 2.4467903562913378e-02 1.0000000001243106e+00 8.5484899999985625e-02 2.7741120351254408e-03 1.7851508086169094e+01 34
1 1 1 1 3.2363329208955537e-02 2.4467882078160266e-02 1.0000000001313707e+00 8.5484649999985632e-02 2.8515821099544384e-03 1.7851174529816767e+01 34
1 1 1 1 3.2363321165253013e-02 2.4467860588500000e-02 1.0000000001384322e+00 8.5484399999985639e-02 2.9269936966172237e-03 1.7850841030692592e+01 34
1 1 1 1 3.2363313112132509e-02 2.4467839093932995e-02 1.0000000001454949e+00 8.5484149999985645e-02 3.0005020078938396e-03 1.7850507588789835e+01 34
1 1 1 1 3.2363173972305516e-02 2.4467470845881269e-02 1.0000000002664533e+00 8.5479875792485643e-02 4.0551826645608526e-03 1.7844815633378566e+01 22
1 1 1 1 3.2363032086436400e-02 2.4467101182088773e-02 1.0000000003877967e+00 8.5475601798696024e-02 4.8857600303575961e-03 1.7839140644583491e+01 21
1 1 1 1 3.2362887454606026e-02 2.4466730102823037e-02 1.0000000005095258e+00 8.5471328018606088e-02 5.5929852002098357e-03 1.7833482579740380e+01 21
1 1 1 1 3.2361969678306332e-02 2.4464491881018346e-02 1.0000000012421697e+00 8.5445891650419270e-02 8.6649621006824468e-03 1.7800149357253215e+01 45
1 1 1 1 3.2360935326398083e-02 2.4462161592588828e-02 1.0000000020023243e+00 8.5420001472157780e-02 1.0914601531279535e-02 1.7766816507261840e+01 43
1 1 1 1 3.2359778248732041e-02 2.4459734855988895e-02 1.0000000027914604e+00 8.5393639697162238e-02 1.2784042873493079e-02 1.7733484105282255e+01 35
1 1 1 1 3.2358491886681807e-02 2.4457206999987085e-02 1.0000000036111554e+00 8.5366787361532137e-02 1.4422256150976814e-02 1.7700151995492099e+01 28
1 1 1 1 3.2357069242928881e-02 2.4454573051270769e-02 1.0000000044631008e+00 8.5339424366191852e-02 1.5901213164758277e-02 1.7666819951367405e+01 25
1 1 1 1 3.2355502858433319e-02 2.4451827734559294e-02 1.0000000053491032e+00 8.5311529644961248e-02 1.7262220847988209e-02 1.7633487977515298e+01 22
1 1 1 1 3.2353784765206527e-02 2.4448965429939757e-02 1.0000000062711001e+00 8.5283080895849850e-02 1.8531605010308497e-02 1.7600156078947744e+01 20
1 1 1 1 3.2351906442570612e-02 2.4445980144011274e-02 1.0000000072311737e+00 8.5254054484760311e-02 1.9727378857035904e-02 1.7566824261133153e+01 19
1 1 1 1 3.2349858768832576e-02 2.4442865478052474e-02 1.0000000082315623e+00 8.5224425339744503e-02 2.0862522706303108e-02 1.7533492530001219e+01 18
1 1 1 1 3.2347631967792646e-02 2.4439614592849979e-02 1.0000000092746764e+00 8.5194166834810403e-02 2.1946768397948051e-02 1.7500160892058972e+01 17
1 1 1 1 3.2345215549430942e-02 2.4436220169765970e-02 1.0000000103631144e+00 8.5163250661842216e-02 2.2987645789033836e-02 1.7466829354421122e+01 16
1 1 1 1 3.2342598244014392e-02 2.4432674367550738e-02 1.0000000114996819e+00 8.5131646689292240e-02 2.3991133269378035e-02 1.7433497924867666e+01 15
1 1 1 1 3.2339767928756535e-02 2.4428968774368242e-02 1.0000000126874122e+00 8.5099322805996136e-02 2.4962081433903952e-02 1.7400166611967286e+01 15
1 1 1 1 3.2336711546019539e-02 2.4425094354367117e-02 1.0000000139295893e+00 8.5066244748083331e-02 2.5904499801243857e-02 1.7366835425111702e+01 15
1 1 1 1 3.2333415011907396e-02 2.4421041388088104e-02 1.0000000152297743e+00 8.5032375906961499e-02 2.6821757193712589e-02 1.7333504374657554e+01 15
1 1 1 1 3.2329863113877373e-02 2.4416799405822833e-02 1.0000000165918346e+00 8.4997677115704828e-02 2.7716725693582901e-02 1.7300173472053732e+01 14
1 1 1 1 3.2326039395812772e-02 2.4412357112939896e-02 1.0000000180199773e+00 8.4962106410906957e-02 2.8591886580924961e-02 1.7266842729916153e+01 14
1 1 1 1 3.2321926028713990e-02 2.4407702306014707e-02 1.0000000195187877e+00 8.4925618766770461e-02 2.9449409971758406e-02 1.7233512162255522e+01 14
1 1 1 1 3.2317503664850554e-02 2.4402821778398292e-02 1.0000000210932707e+00 8.4888165797221860e-02 3.0291215860931132e-02 1.7200181784603615e+01 14
1 1 1 1 3.2312751272836497e-02 2.4397701213621378e-02 1.0000000227489001e+00 8.4849695421627125e-02 3.1119021754312685e-02 1.7166851614250394e+01 14
1 1 1 1 3.2307645950656348e-02 2.4392325064768138e-02 1.0000000244916749e+00 8.4810151488546426e-02 3.1934380478129756e-02 1.7133521670456396e+01 14
1 1 1 1 3.2302162713081770e-02 2.4386676417565256e-02 1.0000000263281821e+00 8.4769473351256064e-02 3.2738710692435329e-02 1.7100191974755298e+01 14
1 1 1 1 3.2296274249288645e-02 2.4380736834570191e-02 1.0000000282656702e+00 8.4727595387405930e-02 3.3533321933562781e-02 1.7066862551261782e+01 14
1 1 1 1 3.2289950645658649e-02 2.4374486177299641e-02 1.0000000303121341e+00 8.4684446453959283e-02 3.4319435523763632e-02 1.7033533427040364e+01 14
1 1 1 1 3.2283159067749888e-02 2.4367902402538777e-02 1.0000000324764109e+00 8.4639949266827386e-02 3.5098202351491123e-02 1.7000204632582960e+01 14
1 1 1 1 3.2275863394199182e-02 2.4360961328288213e-02 1.0000000347682949e+00 8.4594019692399436e-02 3.5870718294555320e-02 1.6966876202284094e+01 14
1 1 1 1 3.2268023793855516e-02 2.4353636363945875e-02 1.0000000371986679e+00 8.4546565935966267e-02 3.6638037885704827e-02 1.6933548175096416e+01 15
1 1 1 1 3.2259596235490233e-02 2.4345898198040960e-02 1.0000000397796538e+00 8.4497487608545863e-02 3.7401186710896213e-02 1.6900220595234298e+01 15
1 1 1 1 3.2250531917194729e-02 2.4337714435533106e-02 1.0000000425247986e+00 8.4446674650089593e-02 3.8161172943325952e-02 1.6866893513060464e+01 15
1 1 1 1 3.2240776599563578e-02 2.4329049174765274e-02 1.0000000454492837e+00 8.4394006082019801e-02 3.8918998366480023e-02 1.6833566986115876e+01 15
1 1 1 1 3.2230269823124401e-02 2.4319862511964524e-02 1.0000000485701785e+00 8.4339348556190519e-02 3.9675669204349520e-02 1.6800241080367538e+01 15
1 1 1 1 3.2218943985752826e-02 2.4310109958253660e-02 1.0000000519067394e+00 8.4282554659736941e-02 4.0432207063198534e-02 1.6766915871721924e+01 15
1 1 1 1 3.2206723067202916e-02 2.4299736408643944e-02 1.0000000554810344e+00 8.4223460925657245e-02 4.1189673769801219e-02 1.6733590855465899e+01 15
1 1 1 1 3.2193522299798973e-02 2.4288684890497455e-02 1.0000000593177802e+00 8.4161888658291495e-02 4.1949120696812045e-02 1.6700267708086287e+01 15
1 1 1 1 3.2179245032898297e-02 2.4276899049012268e-02 1.0000000634450597e+00 8.4097632679298318e-02 4.2711698160185108e-02 1.6666946053372730e+01 15
1 1 1 1 3.2163780902149532e-02 2.4264306964647101e-02 1.0000000678955603e+00 8.4030461378894139e-02 4.3478659005711157e-02 1.6633623989876977e+01 15
1 1 1 1 3.2147006215863583e-02 2.4250828621149325e-02 1.0000000727063298e+00 8.3960123116185836e-02 4.4251241650700768e-02 1.6600303906705427e+01 16
1 1 1 1 3.2128777988700299e-02 2.4236371557354589e-02 1.0000000779206559e+00 8.3886327292279794e-02 4.5030853870456189e-02 1.6566985321143225e+01 16
1 1 1 1 3.2108932131262688e-02 2.4220830055053228e-02 1.0000000835887957e+00 8.3808745566161469e-02 4.5819013470123883e-02 1.6533668460771072e+01 16
1 1 1 1 3.2087278949059349e-02 2.4204082284615059e-02 1.0000000897695520e+00 8.3727003418250012e-02 4.6617390771603526e-02 1.6500353596981590e+01 16
1 1 1 1 3.2063597908141547e-02 2.4185987062839115e-02 1.0000000965321489e+00 8.3640671399293209e-02 4.7427841168425522e-02 1.6467041055422523e+01 16
1 1 1 1 3.2037631056456586e-02 2.4166379787942949e-02 1.0000001039586230e+00 8.3549254267040463e-02 4.8252444854825244e-02 1.6433731228886217e+01 16
1 1 1 1 3.2009074680878033e-02 2.4145067297174156e-02 1.0000001121468944e+00 8.3452177387472515e-02 4.9093555854087055e-02 1.6400424594188632e+01 16
1 1 1 1 3.1977568622548962e-02 2.4121821297817366e-02 1.0000001212147587e+00 8.3348769554158930e-02 4.9953863227995950e-02 1.6367121733905517e+01 16
1 1 1 1 3.1942682448388424e-02 2.4096369887638889e-02 1.0000001313051277e+00 8.3238241067884022e-02 5.0836468374319314e-02 1.6333823364645063e+01 17
1 1 1 1 3.1903897348754970e-02 2.4068386484670426e-02 1.0000001425929999e+00 8.3119655471251830e-02 5.1744983796411903e-02 1.6300530374078996e+01 17
1 1 1 1 3.1860582146459475e-02 2.4037475196925083e-02 1.0000001552948476e+00 8.2991892683347557e-02 5.2683660865458538e-02 1.6267243869716669e+01 17
1 1 1 1 3.1811961073813337e-02 2.4003151229067234e-02 1.0000001696814456e+00 8.2853600322780496e-02 5.3657557229868071e-02 1.6233965243471218e+01 17
1 1 1 1 3.1757069860773299e-02 2.3964814262124958e-02 1.0000001860956698e+00 8.2703128576811946e-02 5.4672759196722966e-02 1.6200696257414563e+01 17
1 1 1 1 3.1694694943892023e-02 2.3921711716553308e-02 1.0000002049776155e+00 8.2538441801808471e-02 5.5736681481020837e-02 1.6167439157752707e+01 16
1 1 1 1 3.1623287855945571e-02 2.3872887186722275e-02 1.0000002269006900e+00 8.2356996688655315e-02 5.6858477605615611e-02 1.6134196825682277e+01 15
1 1 1 1 3.1540842406438750e-02 2.3817106718425123e-02 1.0000002526245109e+00 8.2155571575033115e-02 5.8049611284642456e-02 1.6100972974678424e+01 13
1 1 1 1 3.1444714914819150e-02 2.3752751295115785e-02 1.0000002831740977e+00 8.1930023134962976e-02 5.9324666295523479e-02 1.6067772401520767e+01 12
1 1 1 1 3.1331355375884322e-02 2.3677656669927022e-02 1.0000003199611394e+00 8.1674933231751540e-02 6.0702516367906800e-02 1.6034601287483039e+01 18
1 1 1 1 3.1195896172200564e-02 2.3588869315286354e-02 1.0000003649741351e+00 8.1383086916518577e-02 6.2208049032156806e-02 1.6001467512694997e+01 21
1 1 1 1 3.1031507855399980e-02 2.3482265782191411e-02 1.0000004210837024e+00 8.1044687290295930e-02 6.3874757849495964e-02 1.5968380859319037e+01 23
1 1 1 1 3.0828366263067276e-02 2.3351945133286360e-02 1.0000004925436632e+00 8.0646157250653161e-02 6.5748718934404302e-02 1.5935352768283613e+01 26
1 1 1 1 3.0571961150308392e-02 2.3189238589989364e-02 1.0000005858265835e+00 8.0168296362876534e-02 6.7894802753358560e-02 1.5902394842512253e+01 29
1 1 1 1 3.0240284267014545e-02 2.2981070408938816e-02 1.0000007110170370e+00 7.9583465095113604e-02 7.0406518083889300e-02 1.5869514342525237e+01 33
1 1 1 1 2.9799136475883281e-02 2.2707172727063293e-02 1.0000008840865175e+00 7.8851448202376440e-02 7.3421800375683188e-02 1.5836702906560269e+01 37
1 1 1 1 2.9550139550168723e-02 2.2553738078223085e-02 1.0000009843681625e+00 7.8457190961364554e-02 7.5003303913758326e-02 1.5821874925751370e+01 30
1 1 1 1 2.9294723692439604e-02 2.2397061979762087e-02 1.0000010886605977e+00 7.8064905006557730e-02 7.6555733505910412e-02 1.5808651470514866e+01 32
1 1 1 1 2.9033126347547691e-02 2.2237230564604415e-02 1.0000011965255979e+00 7.7674580481524938e-02 7.8084993710846165e-02 1.5796751493935508e+01 34
1 1 1 1 2.8765469719788932e-02 2.2074298459084086e-02 1.0000013074706289e+00 7.7286207579117319e-02 7.9596365772947444e-02 1.5785952048382835e+01 35
1 1 1 1 2.8491864346140372e-02 2.1908289059280765e-02 1.0000014209449339e+00 7.6899776541221737e-02 8.1094703976566304e-02 1.5776074693119229e+01 36
1 1 0 0 2.8337619046360549e-02 2.1814273039470086e-02 1.0000014750798216e+00 7.6684776541221730e-02 -8.1949862889267644e-02 1.5775740805670914e+01 48
1 1 0 0 2.8336890354742222e-02 2.1813833019307654e-02 1.0000014753780775e+00 7.6683776541221729e-02 -8.1953739034677939e-02 1.5775717717138413e+01 47
1 1 1 1 2.8333246164345040e-02 2.1811632517509363e-02 1.0000014768695695e+00 7.6678776541221724e-02 8.1973119925577445e-02 1.5775602342562568e+01 61
1 1 0 0 2.8332517179791947e-02 2.1811192336940035e-02 1.0000014771679102e+00 7.6677776541221723e-02 -8.1976996137074543e-02 1.5775579281251924e+01 69
1 1 1 1 2.8330329933153632e-02 2.1809871634781312e-02 1.0000014780630173e+00 7.6674776541221720e-02 8.1988624839605909e-02 1.5775510124496147e+01 47
1 1 0 0 2.8329600753275060e-02 2.1809431347238770e-02 1.0000014783614144e+00 7.6673776541221719e-02 -8.1992501096724194e-02 1.5775487081296857e+01 70
1 1 0 0 2.8325954121308380e-02 2.1807229508274645e-02 1.0000014798536110e+00 7.6668776541221714e-02 -8.2011882557890520e-02 1.5775371933113124e+01 52
1 1 1 1 2.8320116970132855e-02 2.1803705174494890e-02 1.0000014822418533e+00 7.6660776541221720e-02 8.2042893523400412e-02 1.5775187930661787e+01 64
1 1 0 0 2.8315006897762417e-02 2.1800619976994232e-02 1.0000014843322960e+00 7.6653776541221727e-02 -8.2070028779283141e-02 1.5775027164780585e+01 48
1 1 1 1 2.8314276691948897e-02 2.1800179127374343e-02 1.0000014846309861e+00 7.6652776541221726e-02 8.2073905296445523e-02 1.5775004216188561e+01 47
1 1 1 1 2.8313546437261083e-02 2.1799738250969078e-02 1.0000014849296899e+00 7.6651776541221725e-02 8.2077781826851826e-02 1.5774981272081726e+01 49
1 1 1 1 2.8312085781255214e-02 2.1798856417795293e-02 1.0000014855271391e+00 7.6649776541221723e-02 8.2085534927708453e-02 1.5774935397316421e+01 47
1 1 1 1 2.8307702640060658e-02 2.1796210275236740e-02 1.0000014873198173e+00 7.6643776541221717e-02 8.2108794556274858e-02 1.5774797880477644e+01 46
1 1 0 0 2.8304048677908981e-02 2.1794004419407272e-02 1.0000014888140929e+00 7.6638776541221712e-02 -8.2128177962950522e-02 1.5774683406025661e+01 46
1 1 0 0 2.8290884290012617e-02 2.1786057786919097e-02 1.0000014941963016e+00 7.6620776541221708e-02 -8.2197961265735309e-02 1.5774272219618279e+01 52
1 1 1 1 2.8290152470348100e-02 2.1785616052416863e-02 1.0000014944954416e+00 7.6619776541221707e-02 8.2201838261307197e-02 1.5774249418089875e+01 69
1 1 1 1 2.8284296151123059e-02 2.1782081209785246e-02 1.0000014968890438e+00 7.6611776541221713e-02 8.2232854802350625e-02 1.5774067165054161e+01 46
1 1 0 0 2.8282831581825384e-02 2.1781197230554855e-02 1.0000014974875779e+00 7.6609776541221711e-02 -8.2240609100618353e-02 1.5774021645950130e+01 47
1 1 1 1 2.8274772949827460e-02 2.1776333423549697e-02 1.0000015007804657e+00 7.6598776541221714e-02 8.2283258945875404e-02 1.5773771605701073e+01 51
1 1 0 0 2.8269641643946585e-02 2.1773236580002787e-02 1.0000015028767710e+00 7.6591776541221721e-02 -8.2310400851036428e-02 1.5773612765835898e+01 47
1 1 0 0 2.8232183908905788e-02 2.1750634037072749e-02 1.0000015181689719e+00 7.6540776541221725e-02 -8.2508177387634898e-02 1.5772461939420799e+01 47
1 1 0 0 2.8231448167805605e-02 2.1750190148842073e-02 1.0000015184691489e+00 7.6539776541221724e-02 -8.2512055897934033e-02 1.5772439486443583e+01 47
1 1 0 0 2.8229976538291179e-02 2.1749302291375557e-02 1.0000015190695404e+00 7.6537776541221722e-02 -8.2519812984981566e-02 1.5772394593347872e+01 47
1 1 1 1 2.8226296605070741e-02 2.1747082175086325e-02 1.0000015205707367e+00 7.6532776541221717e-02 8.2539206093894216e-02 1.5772282435538274e+01 56
1 1 0 0 2.8221879064240143e-02 2.1744417144018088e-02 1.0000015223725811e+00 7.6526776541221711e-02 -8.2562478573749473e-02 1.5772147987219123e+01 53
1 1 0 0 2.8216723031025136e-02 2.1741306711333265e-02 1.0000015244752931e+00 7.6519776541221718e-02 -8.2589630854736487e-02 1.5771991324864192e+01 62
1 1 1 1 2.8214512565319837e-02 2.1739973263171768e-02 1.0000015253766392e+00 7.6516776541221715e-02 8.2601267900542105e-02 1.5771924247681124e+01 49
1 1 1 1 2.8204191208196082e-02 2.1733747285514429e-02 1.0000015295843667e+00 7.6502776541221715e-02 8.2655576997595168e-02 1.5771611725573473e+01 53
1 1 1 1 2.8188691094022830e-02 2.1724398366597550e-02 1.0000015359003667e+00 7.6481776541221722e-02 8.2737049915801941e-02 1.5771144493369388e+01 47
1 1 1 1 2.8174648471666390e-02 2.1715929515621703e-02 1.0000015416193164e+00 7.6462776541221716e-02 8.2810773638412355e-02 1.5770723351770478e+01 50
1 1 0 0 2.8169470390084203e-02 2.1712806941756237e-02 1.0000015437273517e+00 7.6455776541221723e-02 -8.2837937548867063e-02 1.5770568573292172e+01 59
1 1 0 0 2.8168730466962562e-02 2.1712360751088275e-02 1.0000015440285455e+00 7.6454776541221722e-02 -8.2841818221965999e-02 1.5770546478678973e+01 53
1 1 0 0 2.8167990494538286e-02 2.1711914533242119e-02 1.0000015443297507e+00 7.6453776541221721e-02 -8.2845698923918298e-02 1.5770524388210353e+01 59
1 1 1 1 2.8165770281424276e-02 2.1710575716612453e-02 1.0000015452334348e+00 7.6450776541221718e-02 8.2857341203696130e-02 1.5770458141655542e+01 53
1 1 1 1 2.8147251239614906e-02 2.1699409390337761e-02 1.0000015527680852e+00 7.6425776541221721e-02 8.2954370616322048e-02 1.5769907531152297e+01 47
1 1 1 1 2.8144285330162271e-02 2.1697621199006097e-02 1.0000015539742759e+00 7.6421776541221717e-02 8.2969897097433964e-02 1.5769819671776837e+01 61
1 1 0 0 2.8135382860075501e-02 2.1692254008376904e-02 1.0000015575939027e+00 7.6409776541221719e-02 -8.3016479583444269e-02 1.5769556485963529e+01 55
1 1 1 1 2.8127216011314481e-02 2.1687330633123413e-02 1.0000015609132686e+00 7.6398776541221722e-02 8.3059184295858277e-02 1.5769315747424743e+01 47
1 1 0 0 2.8113839169860627e-02 2.1679267073593186e-02 1.0000015663477484e+00 7.6380776541221718e-02 -8.3129073479216095e-02 1.5768922868752263e+01 52
1 1 1 1 2.8092998869359950e-02 2.1666706144582361e-02 1.0000015748081117e+00 7.6352776541221717e-02 8.3237812543797224e-02 1.5768314313106162e+01 46
1 1 0 0 2.8092253854484349e-02 2.1666257142854983e-02 1.0000015751104161e+00 7.6351776541221716e-02 -8.3241696607922841e-02 1.5768292636909699e+01 76
1 1 0 0 2.8084800978654911e-02 2.1661765617585350e-02 1.0000015781340141e+00 7.6341776541221720e-02 -8.3280539302196588e-02 1.5768076093574665e+01 49
1 1 1 1 2.8079581014366212e-02 2.1658619917673309e-02 1.0000015802511275e+00 7.6334776541221727e-02 8.3307731437892232e-02 1.5767924749201903e+01 58
1 1 0 0 2.8074358618552852e-02 2.1655472872643595e-02 1.0000015823687260e+00 7.6327776541221734e-02 -8.3334925457842948e-02 1.5767773598542151e+01 48
1 1 1 1 2.8072119704329955e-02 2.1654123727085198e-02 1.0000015832764155e+00 7.6324776541221731e-02 8.3346580621483396e-02 1.5767708878856357e+01 48
1 1 0 0 2.8070626846593973e-02 2.1653224159339984e-02 1.0000015838815906e+00 7.6322776541221729e-02 -8.3354350926742621e-02 1.5767665752091084e+01 50
1 1 1 1 2.8061665528125113e-02 2.1647824443854598e-02 1.0000015875134556e+00 7.6310776541221731e-02 8.3400976092291995e-02 1.5767407321590895e+01 56
1 1 1 1 2.8014501086570685e-02 2.1619410847632824e-02 1.0000016066028443e+00 7.6247776541221737e-02 8.3645856884376368e-02 1.5766059752804997e+01 51
1 1 1 1 2.8013750850373151e-02 2.1618958954505815e-02 1.0000016069061390e+00 7.6246776541221736e-02 8.3649745283332702e-02 1.5766038486095503e+01 58
1 1 1 1 2.8010749406668783e-02 2.1617151105278964e-02 1.0000016081194050e+00 7.6242776541221732e-02 8.3665299335791074e-02 1.5765953457440391e+01 51
1 1 0 0 2.8001740284245690e-02 2.1611724899695033e-02 1.0000016117600312e+00 7.6230776541221734e-02 -8.3711965921197826e-02 1.5765698737223467e+01 46
1 1 1 1 2.7997233026654321e-02 2.1609010300808775e-02 1.0000016135808054e+00 7.6224776541221728e-02 8.3735301736979920e-02 1.5765571582262558e+01 42
1 1 1 1 2.7991220552053268e-02 2.1605389282859686e-02 1.0000016160089755e+00 7.6216776541221734e-02 8.3766418814189156e-02 1.5765402254344691e+01 53
1 1 0 0 2.7989716933620106e-02 2.1604483750953005e-02 1.0000016166161017e+00 7.6214776541221732e-02 -8.3774198562167029e-02 1.5765359960149341e+01 49
1 1 1 1 2.7960356373424176e-02 2.1586803664581815e-02 1.0000016284615518e+00 7.6175776541221735e-02 8.3925942987667632e-02 1.5764538225109078e+01 47
1 1 0 0 2.7958094713672117e-02 2.1585441905009630e-02 1.0000016293732392e+00 7.6172776541221732e-02 -8.3937618811581960e-02 1.5764475249917110e+01 54
1 1 0 0 2.7951307026910184e-02 2.1581355121307006e-02 1.0000016321087166e+00 7.6163776541221737e-02 -8.3972649080936435e-02 1.5764286524612947e+01 46
1 1 0 0 2.7941495416487789e-02 2.1575448000613437e-02 1.0000016360610438e+00 7.6150776541221737e-02 -8.4023255865632820e-02 1.5764014450038129e+01 53
1 1 0 0 2.7917307593893548e-02 2.1560887277202845e-02 1.0000016457951182e+00 7.6118776541221733e-02 -8.4147865279614611e-02 1.5763347371259812e+01 56
1 1 0 0 2.7916550894730746e-02 2.1560431792838786e-02 1.0000016460994252e+00 7.6117776541221732e-02 -8.4151760235455383e-02 1.5763326585264716e+01 77
1 1 1 1 2.7915794145242041e-02 2.1559976280457627e-02 1.0000016464037391e+00 7.6116776541221731e-02 8.4155655247487485e-02 1.5763305802903183e+01 58
1 1 0 0 2.7907466578310617e-02 2.1554963794318607e-02 1.0000016497516466e+00 7.6105776541221734e-02 -8.4198504112292766e-02 1.5763077436340710e+01 64
1 1 1 1 2.7904436861317248e-02 2.1553140230746354e-02 1.0000016509692717e+00 7.6101776541221730e-02 8.4214087227550749e-02 1.5762994502555621e+01 80
1 1 0 0 2.7902164044548251e-02 2.1551772263418114e-02 1.0000016518825612e+00 7.6098776541221727e-02 -8.4225775167694389e-02 1.5762932340139436e+01 58
1 1 1 1 2.7896100982156665e-02 2.1548123115192018e-02 1.0000016543182919e+00 7.6090776541221733e-02 8.4256945556202292e-02 1.5762766732304431e+01 49
1 1 0 0 2.7888517615674357e-02 2.1543559151238248e-02 1.0000016573635451e+00 7.6080776541221737e-02 -8.4295913806467490e-02 1.5762560046063379e+01 71
1 1 0 0 2.7884724040319397e-02 2.1541276114815190e-02 1.0000016588864129e+00 7.6075776541221732e-02 -8.4315400149205369e-02 1.5762456837359236e+01 51
1 1 1 1 2.7849763871013681e-02 2.1520239126630914e-02 1.0000016729040082e+00 7.6029776541221727e-02 8.4494745866901880e-02 1.5761511489124601e+01 68
1 1 1 1 2.7832243611873614e-02 2.1509698214739557e-02 1.0000016799173992e+00 7.6006776541221732e-02 8.4584468647292452e-02 1.5761041610552804e+01 61
1 1 1 1 2.7828431308990976e-02 2.1507404729305672e-02 1.0000016814424293e+00 7.6001776541221727e-02 8.4603978149148898e-02 1.5760939707326676e+01 73
1 1 0 0 2.7824617736822533e-02 2.1505110534867675e-02 1.0000016829675913e+00 7.5996776541221722e-02 -8.4623489299148674e-02 1.5760837890979827e+01 48
1 1 0 0 2.7821565964860347e-02 2.1503274668574886e-02 1.0000016841878143e+00 7.5992776541221718e-02 -8.4639099412935612e-02 1.5760756500343804e+01 66
1 1 0 0 2.7818513379968150e-02 2.1501438348073599e-02 1.0000016854081193e+00 7.5988776541221714e-02 -8.4654710593753263e-02 1.5760675165119348e+01 46
1 1 0 0 2.7808586861592474e-02 2.1495467167160175e-02 1.0000016893746668e+00 7.5975776541221715e-02 -8.4705454366338861e-02 1.5760411207303056e+01 54
1 1 0 0 2.7804766680884805e-02 2.1493169279642108e-02 1.0000016909004834e+00 7.5970776541221710e-02 -8.4724974257830654e-02 1.5760309840059330e+01 52
1 1 0 0 2.7799416290013923e-02 2.1489951041840000e-02 1.0000016930368283e+00 7.5963776541221717e-02 -8.4752304987904564e-02 1.5760168070118491e+01 61
1 1 0 0 2.7795593054478967e-02 2.1487651446245943e-02 1.0000016945629300e+00 7.5958776541221712e-02 -8.4771829011027172e-02 1.5760066908652595e+01 43
1 1 1 1 2.7792533548984599e-02 2.1485811256881957e-02 1.0000016957838949e+00 7.5954776541221708e-02 8.4787449481567953e-02 1.5759986041020948e+01 54
1 1 0 0 2.7787942761663648e-02 2.1483050117543034e-02 1.0000016976154789e+00 7.5948776541221702e-02 -8.4810882286946512e-02 1.5759864841946346e+01 47
1 1 1 1 2.7772626874139859e-02 2.1473838898870286e-02 1.0000017037219044e+00 7.5928776541221696e-02 8.4889010057206699e-02 1.5759461728885592e+01 52
1 1 0 0 2.7750382536835105e-02 2.1460462310603896e-02 1.0000017125791549e+00 7.5899776541221695e-02 -8.5002346776777177e-02 1.5758879613441215e+01 62
1 1 1 1 2.7749614723255406e-02 2.1460000619102408e-02 1.0000017128846357e+00 7.5898776541221694e-02 8.5006256047326922e-02 1.5758859590810969e+01 51
1 1 0 0 2.7734247691552093e-02 2.1450760759747400e-02 1.0000017189950072e+00 7.5878776541221687e-02 -8.5084457270267908e-02 1.5758459838177011e+01 47
1 1 0 0 2.7726556482913018e-02 2.1446136518217824e-02 1.0000017220507122e+00 7.5868776541221691e-02 -8.5123569310446956e-02 1.5758260459879425e+01 49
1 1 1 1 2.7725017625180245e-02 2.1445211324532518e-02 1.0000017226618927e+00 7.5866776541221689e-02 8.5131392643902792e-02 1.5758220623900188e+01 57
1 1 0 0 2.7717320254471375e-02 2.1440583627714463e-02 1.0000017257179865e+00 7.5856776541221693e-02 -8.5170513976598639e-02 1.5758021641853608e+01 51
1 1 1 1 2.7684935112769739e-02 2.1421115776878736e-02 1.0000017385567499e+00 7.5814776541221693e-02 8.5334910202326128e-02 1.5757189493638677e+01 62
1 1 1 1 2.7681846071950164e-02 2.1419259034005440e-02 1.0000017397797294e+00 7.5810776541221689e-02 8.5350574434649634e-02 1.5757110540608922e+01 48
1 1 1 1 2.7674119855903311e-02 2.1414615146924144e-02 1.0000017428373402e+00 7.5800776541221693e-02 8.5389740798089322e-02 1.5756913384066545e+01 51
1 1 1 1 2.7673346950208372e-02 2.1414150598626502e-02 1.0000017431431136e+00 7.5799776541221692e-02 8.5393657891210284e-02 1.5756893686138373e+01 64
1 1 0 0 2.7656329943182574e-02 2.1403923185039440e-02 1.0000017498706495e+00 7.5777776541221697e-02 -8.5479855197773791e-02 1.5756461143731908e+01 45
1 1 0 0 2.7655555847786197e-02 2.1403457968135448e-02 1.0000017501764689e+00 7.5776776541221696e-02 -8.5483774231584944e-02 1.5756441519511602e+01 47
1 1 0 0 2.7654781700604408e-02 2.1402992722118392e-02 1.0000017504822900e+00 7.5775776541221695e-02 -8.5487693350838431e-02 1.5756421898481468e+01 48
1 1 0 0 2.7654007501632237e-02 2.1402527446984683e-02 1.0000017507881129e+00 7.5774776541221694e-02 -8.5491612555623472e-02 1.5756402280640295e+01 48
1 1 0 0 2.7652458948296967e-02 2.1401596809352951e-02 1.0000017513997641e+00 7.5772776541221692e-02 -8.5499451222142336e-02 1.5756363054520019e+01 48
1 1 1 1 2.7648586658278542e-02 2.1399269705478761e-02 1.0000017529289222e+00 7.5767776541221687e-02 8.5519049391463195e-02 1.5756265044941880e+01 61
1 1 0 0 2.7640838190341566e-02 2.1394613311348794e-02 1.0000017559873611e+00 7.5757776541221691e-02 -8.5558252209473856e-02 1.5756069264085840e+01 44
1 1 0 0 2.7640063058287756e-02 2.1394147511494030e-02 1.0000017562932135e+00 7.5756776541221690e-02 -8.5562172969043282e-02 1.5756049703440407e+01 50
1 1 0 0 2.7636962011165413e-02 2.1392284020179765e-02 1.0000017575166378e+00 7.5752776541221686e-02 -8.5577856880454509e-02 1.5755971492508230e+01 50
1 1 0 0 2.7625325685204899e-02 2.1385291764744931e-02 1.0000017621046726e+00 7.5737776541221685e-02 -8.5636684075310082e-02 1.5755678651385415e+01 50
1 1 1 1 2.7619114863400716e-02 2.1381559871087984e-02 1.0000017645517365e+00 7.5729776541221691e-02 8.5668066741030488e-02 1.5755522758912580e+01 46
1 1 1 1 2.7617561637815674e-02 2.1380626604890349e-02 1.0000017651635131e+00 7.5727776541221689e-02 8.5675913302087930e-02 1.5755483817158522e+01 59
1 1 0 0 2.7609792387013582e-02 2.1375958515704105e-02 1.0000017682224549e+00 7.5717776541221693e-02 -8.5715151511094809e-02 1.5755289296100564e+01 52
1 1 0 0 2.7596572704066843e-02 2.1368016030632566e-02 1.0000017734228426e+00 7.5700776541221690e-02 -8.5781877335511181e-02 1.5754959325690811e+01 44
1 1 1 1 2.7586453361873198e-02 2.1361936634484404e-02 1.0000017773997252e+00 7.5687776541221691e-02 8.5832920932710471e-02 1.5754707600177776e+01 73
1 1 1 1 2.7582558956804223e-02 2.1359597080630944e-02 1.0000017789293134e+00 7.5682776541221686e-02 8.5852557279207625e-02 1.5754610921629828e+01 47
1 1 0 0 2.7578663244941553e-02 2.1357256790170344e-02 1.0000017804589085e+00 7.5677776541221681e-02 -8.5872195972955673e-02 1.5754514320057675e+01 51
1 1 0 0 2.7577104594143399e-02 2.1356320467628045e-02 1.0000017810707480e+00 7.5675776541221679e-02 -8.5880052110232460e-02 1.5754475700949603e+01 50
1 1 0 0 2.7568528273459493e-02 2.1351168584180350e-02 1.0000017844358728e+00 7.5664776541221682e-02 -8.5923267643470316e-02 1.5754263515179025e+01 58
1 1 1 1 2.7558384451551347e-02 2.1345075386912132e-02 1.0000017884128329e+00 7.5651776541221682e-02 8.5974355458597468e-02 1.5754013227144942e+01 66
1 1 1 1 2.7556823077257719e-02 2.1344137528386854e-02 1.0000017890246702e+00 7.5649776541221680e-02 8.5982216568213019e-02 1.5753974767006511e+01 74
1 1 0 0 2.7553699699204827e-02 2.1342261456187860e-02 1.0000017902483413e+00 7.5645776541221676e-02 -8.5997939951004160e-02 1.5753897883213021e+01 60
1 1 0 0 2.7552918723520749e-02 2.1341792364126019e-02 1.0000017905542584e+00 7.5644776541221675e-02 -8.6001871039645614e-02 1.5753878669858686e+01 46
1 1 1 1 2.7552137695357148e-02 2.1341323242451294e-02 1.0000017908601750e+00 7.5643776541221674e-02 8.6005802225647340e-02 1.5753859459539687e+01 46
1 1 1 1 2.7545887580119881e-02 2.1337569202516574e-02 1.0000017933074927e+00 7.5635776541221680e-02 8.6037255229672413e-02 1.5753705886122836e+01 46
1 1 0 0 2.7541979551065039e-02 2.1335221964108975e-02 1.0000017948370503e+00 7.5630776541221675e-02 -8.6056916545304299e-02 1.5753610001089504e+01 43
1 1 0 0 2.7539634102985051e-02 2.1333813265074331e-02 1.0000017957547778e+00 7.5627776541221672e-02 -8.6068714517723577e-02 1.5753552506311458e+01 53
1 1 1 1 2.7529465024930588e-02 2.1327705814428100e-02 1.0000017997315236e+00 7.5614776541221673e-02 8.6119849385007427e-02 1.5753303675545540e+01 50
1 1 0 0 2.7528682419779286e-02 2.1327235802515575e-02 1.0000018000374216e+00 7.5613776541221672e-02 -8.6123783534623369e-02 1.5753284555758199e+01 57
1 1 0 0 2.7513802911163676e-02 2.1318299921557139e-02 1.0000018058492943e+00 7.5594776541221667e-02 -8.6198551524245243e-02 1.5752921848553173e+01 55
1 1 0 0 2.7512235539764548e-02 2.1317358676897869e-02 1.0000018064610472e+00 7.5592776541221665e-02 -8.6206423969465401e-02 1.5752883731536942e+01 48
1 1 0 0 2.7498904355105609e-02 2.1309353277665633e-02 1.0000018116607305e+00 7.5575776541221662e-02 -8.6273356328819273e-02 1.5752560216725680e+01 61
1 1 1 1 2.7494195584309801e-02 2.1306525781110072e-02 1.0000018134958115e+00 7.5569776541221656e-02 8.6296986649678761e-02 1.5752446239391318e+01 58
1 1 0 0 2.7493410604030374e-02 2.1306054426997702e-02 1.0000018138016527e+00 7.5568776541221655e-02 -8.6300925401036011e-02 1.5752427253504134e+01 51
1 1 1 1 2.7472982526290740e-02 2.1293788705371672e-02 1.0000018217528903e+00 7.5542776541221657e-02 8.6403369857154799e-02 1.5751934652649677e+01 60
1 1 0 0 2.7439907493101025e-02 2.1273931930588724e-02 1.0000018345940513e+00 7.5500776541221656e-02 -8.6569010358600318e-02 1.5751143076256152e+01 55
1 1 0 0 2.7432018637164147e-02 2.1269196284099939e-02 1.0000018376507791e+00 7.5490776541221660e-02 -8.6608477126135952e-02 1.5750955356390557e+01 58
1 1 0 0 2.7415434653641848e-02 2.1259241573146900e-02 1.0000018440689011e+00 7.5469776541221667e-02 -8.6691393839807188e-02 1.5750562075974383e+01 47
1 1 1 1 2.7414644351851439e-02 2.1258767205789255e-02 1.0000018443744898e+00 7.5468776541221666e-02 8.6695343499548369e-02 1.5750543379682757e+01 46
1 1 0 0 2.7409901416761452e-02 2.1255920364085436e-02 1.0000018462079499e+00 7.5462776541221660e-02 -8.6719043853299149e-02 1.5750431261569169e+01 76
1 1 1 1 2.7408320009921647e-02 2.1254971173864740e-02 1.0000018468190752e+00 7.5460776541221658e-02 8.6726944886024906e-02 1.5750393911557723e+01 54
1 1 0 0 2.7389326395782555e-02 2.1243571399814917e-02 1.0000018541514262e+00 7.5436776541221662e-02 -8.6821793277882406e-02 1.5749946592931650e+01 57
1 1 1 1 2.7379025270142032e-02 2.1237389191780216e-02 1.0000018581221706e+00 7.5423776541221663e-02 8.6873197542620503e-02 1.5749704971549523e+01 50
1 1 0 0 2.7348067258438979e-02 2.1218811543360729e-02 1.0000018700299498e+00 7.5384776541221665e-02 -8.7027531117315302e-02 1.5748982931602903e+01 53
1 1 1 1 2.7345682470703330e-02 2.1217380560576329e-02 1.0000018709456346e+00 7.5381776541221662e-02 8.7039410548174878e-02 1.5748927564339315e+01 59
1 1 1 1 2.7329771432630837e-02 2.1207833596375254e-02 1.0000018770490255e+00 7.5361776541221656e-02 8.7118635032535099e-02 1.5748559080583924e+01 52
1 1 0 0 2.7327382906883291e-02 2.1206400488479576e-02 1.0000018779643522e+00 7.5358776541221653e-02 -8.7130522976632124e-02 1.5748503902415152e+01 47
1 1 0 0 2.7324197446157304e-02 2.1204489245880455e-02 1.0000018791847116e+00 7.5354776541221649e-02 -8.7146375314623117e-02 1.5748430369700012e+01 46
1 1 0 0 2.7317026982762845e-02 2.1200187143094035e-02 1.0000018819301959e+00 7.5345776541221654e-02 -8.7182050401411568e-02 1.5748265080297418e+01 56
1 1 0 0 2.7315432948727902e-02 2.1199230780221547e-02 1.0000018825402415e+00 7.5343776541221652e-02 -8.7189979581561106e-02 1.5748228379199539e+01 46
1 1 0 0 2.7313041489889563e-02 2.1197796003904402e-02 1.0000018834552671e+00 7.5340776541221649e-02 -8.7201874298297441e-02 1.5748173347890328e+01 53
1 1 0 0 2.7301076849189903e-02 2.1190617941802412e-02 1.0000018880296051e+00 7.5325776541221648e-02 -8.7261365009349709e-02 1.5747898556512476e+01 52
1 1 0 0 2.7295489155406329e-02 2.1187265791918281e-02 1.0000018901638337e+00 7.5318776541221655e-02 -8.7289137174538678e-02 1.5747770528171039e+01 92
1 1 0 0 2.7285904032062634e-02 2.1181515708081806e-02 1.0000018938218020e+00 7.5306776541221657e-02 -8.7336761289159653e-02 1.5747551357125168e+01 50
1 1 0 0 2.7282707243294780e-02 2.1179598018244348e-02 1.0000018950409211e+00 7.5302776541221653e-02 -8.7352640141922150e-02 1.5747478385790425e+01 51
1 1 1 1 2.7277910420123574e-02 2.1176720549374171e-02 1.0000018968694044e+00 7.5296776541221647e-02 8.7376462331984386e-02 1.5747369008894429e+01 52
1 1 1 1 2.7261106019433944e-02 2.1166640566326601e-02 1.0000019032671947e+00 7.5275776541221653e-02 8.7459877252974480e-02 1.5746986943851985e+01 45
1 1 1 1 2.7257101408266097e-02 2.1164238539614584e-02 1.0000019047900290e+00 7.5270776541221648e-02 8.7479746560976387e-02 1.5746896148194734e+01 53
1 1 0 0 2.7252294063153448e-02 2.1161355074786538e-02 1.0000019066171955e+00 7.5264776541221642e-02 -8.7503594139069038e-02 1.5746787280488570e+01 45
1 1 0 0 2.7249889648972573e-02 2.1159912919554106e-02 1.0000019075306812e+00 7.5261776541221639e-02 -8.7515519738046124e-02 1.5746732882198238e+01 52
1 1 0 0 2.7247484740105861e-02 2.1158470482259106e-02 1.0000019084441014e+00 7.5258776541221636e-02 -8.7527446547338100e-02 1.5746678507581077e+01 59
1 1 0 0 2.7236255285250477e-02 2.1151735374664329e-02 1.0000019127058473e+00 7.5244776541221636e-02 -8.7583121075364770e-02 1.5746425071602872e+01 60
1 1 0 0 2.7233044887125992e-02 2.1149809927436078e-02 1.0000019139232170e+00 7.5240776541221632e-02 -8.7599032975293492e-02 1.5746352755534938e+01 48
1 1 0 0 2.7227424567850218e-02 2.1146439183832692e-02 1.0000019160533173e+00 7.5233776541221639e-02 -8.7626884064952365e-02 1.5746226302857506e+01 52
1 1 0 0 2.7225015032084195e-02 2.1144994107268108e-02 1.0000019169661003e+00 7.5230776541221636e-02 -8.7638822304697925e-02 1.5746172147917898e+01 50
1 1 0 0 2.7217783443145845e-02 2.1140657176006741e-02 1.0000019197040213e+00 7.5221776541221641e-02 -8.7674644469882851e-02 1.5746009823401497e+01 51
1 1 0 0 2.7209743093477231e-02 2.1135835366353568e-02 1.0000019227453887e+00 7.5211776541221645e-02 -8.7714460047457546e-02 1.5745829708982331e+01 46
1 1 0 0 2.7189617987867166e-02 2.1123767005790803e-02 1.0000019303451482e+00 7.5186776541221648e-02 -8.7814060321105100e-02 1.5745380550362825e+01 49
1 1 1 1 2.7188812262399487e-02 2.1123283859400696e-02 1.0000019306490266e+00 7.5185776541221647e-02 8.7818046170772171e-02 1.5745362617369189e+01 70
1 1 1 1 2.7182364458142833e-02 2.1119417545265296e-02 1.0000019330797374e+00 7.5177776541221653e-02 8.7849938102883482e-02 1.5745219245387487e+01 46
1 1 0 0 2.7154113409803959e-02 2.1102478469082524e-02 1.0000019437072321e+00 7.5142776541221659e-02 -8.7989573805176260e-02 1.5744593904867351e+01 46
1 1 1 1 2.7146029119900356e-02 2.1097631549671505e-02 1.0000019467415262e+00 7.5132776541221663e-02 8.8029502584529976e-02 1.5744415804057875e+01 65
1 1 0 0 2.7143602741689060e-02 2.1096176849573430e-02 1.0000019476516235e+00 7.5129776541221660e-02 -8.8041484099931983e-02 1.5744362422740801e+01 45
1 1 0 0 2.7141984876203385e-02 2.1095206889298796e-02 1.0000019482583054e+00 7.5127776541221658e-02 -8.8049472518420671e-02 1.5744326847717771e+01 46
1 1 1 1 2.7119311200021645e-02 2.1081613962068309e-02 1.0000019567475971e+00 7.5099776541221658e-02 8.8161373165737356e-02 1.5743829844912138e+01 47
1 1 0 0 2.7106335023333789e-02 2.1073835244320344e-02 1.0000019615949438e+00 7.5083776541221656e-02 -8.8225369599718745e-02 1.5743546716220790e+01 51
1 1 0 0 2.7099029582074205e-02 2.1069456082956559e-02 1.0000019643203601e+00 7.5074776541221661e-02 -8.8261384815100249e-02 1.5743387733481759e+01 49
1 1 0 0 2.7090907060255087e-02 2.1064587274190517e-02 1.0000019673475504e+00 7.5064776541221664e-02 -8.8301416384746326e-02 1.5743211319014138e+01 59
1 1 0 0 2.7088469201265414e-02 2.1063125999772586e-02 1.0000019682554890e+00 7.5061776541221661e-02 -8.8313428881250461e-02 1.5743158442373476e+01 52
1 1 0 0 2.7077085788935803e-02 2.1056302857406207e-02 1.0000019724911793e+00 7.5047776541221661e-02 -8.8369505780231172e-02 1.5742911974830255e+01 50
1 1 0 0 2.7074645041155237e-02 2.1054839926960094e-02 1.0000019733985333e+00 7.5044776541221658e-02 -8.8381526259211252e-02 1.5742859222369182e+01 46
1 1 1 1 2.7069762013629560e-02 2.1051913187608039e-02 1.0000019752129250e+00 7.5038776541221652e-02 8.8405571476051395e-02 1.5742753782919429e+01 51
1 1 1 1 2.7065691262557472e-02 2.1049473342664313e-02 1.0000019767245936e+00 7.5033776541221647e-02 8.8425613508747461e-02 1.5742665983279952e+01 51
1 1 0 0 2.7059175105330378e-02 2.1045567895529502e-02 1.0000019791426433e+00 7.5025776541221653e-02 -8.8457689026925829e-02 1.5742525629434468e+01 45
1 1 1 1 2.7033890558941887e-02 2.1030414528057859e-02 1.0000019885051852e+00 7.4994776541221650e-02 8.8582078741553189e-02 1.5741983210146387e+01 59
1 1 0 0 2.7024088255226161e-02 2.1024540248541855e-02 1.0000019921261425e+00 7.4982776541221652e-02 -8.8630271526047799e-02 1.5741773857116135e+01 46
1 1 0 0 2.7022453736321506e-02 2.1023560741620349e-02 1.0000019927294546e+00 7.4980776541221650e-02 -8.8638305955634836e-02 1.5741738998168749e+01 72
1 1 0 0 2.7020001528134975e-02 2.1022091234370294e-02 1.0000019936343245e+00 7.4977776541221647e-02 -8.8650358836356968e-02 1.5741686727508689e+01 53
1 1 0 0 2.6970848665020579e-02 2.0992638625135476e-02 1.0000020117061674e+00 7.4917776541221642e-02 -8.8891732690021583e-02 1.5740645753967723e+01 51
1 1 0 0 2.6922311754042434e-02 2.0963559969454329e-02 1.0000020294261973e+00 7.4858776541221639e-02 -8.9129687550689618e-02 1.5739630251632470e+01 46
1 1 0 0 2.6914889973025689e-02 2.0959113966215810e-02 1.0000020321245493e+00 7.4849776541221644e-02 -8.9166039920978019e-02 1.5739476041163424e+01 57
1 1 0 0 2.6891769611966262e-02 2.0945264450953481e-02 1.0000020405110841e+00 7.4821776541221643e-02 -8.9279229859808851e-02 1.5738997440453270e+01 69
1 1 1 1 2.6890116394403495e-02 2.0944274183427116e-02 1.0000020411096304e+00 7.4819776541221641e-02 8.9287320327589847e-02 1.5738963321840643e+01 71
1 1 1 1 2.6873571250694384e-02 2.0934364029405877e-02 1.0000020470914035e+00 7.4799776541221635e-02 8.9368265578314329e-02 1.5738622625078364e+01 57
1 1 0 0 2.6843730369833174e-02 2.0916491351690335e-02 1.0000020578412303e+00 7.4763776541221641e-02 -8.9514155307457544e-02 1.5738011596787990e+01 47
1 1 1 1 2.6839579718123084e-02 2.0914005522779503e-02 1.0000020593324475e+00 7.4758776541221636e-02 8.9534437171402831e-02 1.5737926956355652e+01 49
1 1 0 0 2.6838749409234256e-02 2.0913508253895499e-02 1.0000020596306367e+00 7.4757776541221635e-02 -8.9538494117240658e-02 1.5737910034808296e+01 48
1 1 0 0 2.6830443043807158e-02 2.0908533672777733e-02 1.0000020626115314e+00 7.4747776541221639e-02 -8.9579074118016272e-02 1.5737740938976588e+01 46
1 1 0 0 2.6822130713405654e-02 2.0903555646172609e-02 1.0000020655905937e+00 7.4737776541221643e-02 -8.9619673374149098e-02 1.5737572060099309e+01 50
1 1 1 1 2.6815476546939766e-02 2.0899570739332692e-02 1.0000020679725081e+00 7.4729776541221649e-02 8.9652166727043639e-02 1.5737437112652772e+01 50
1 1 1 1 2.6811315748211845e-02 2.0897079048814056e-02 1.0000020694605962e+00 7.4724776541221644e-02 8.9672481399873674e-02 1.5737352840555635e+01 78
1 1 0 0 2.6793824023812123e-02 2.0886604486786500e-02 1.0000020757053787e+00 7.4703776541221650e-02 -8.9757856565446298e-02 1.5736999483699730e+01 51
1 1 1 1 2.6780479200363173e-02 2.0878613578843339e-02 1.0000020804575847e+00 7.4687776541221648e-02 8.9822962887025334e-02 1.5736730891375689e+01 52
1 1 0 0 2.6773801000889726e-02 2.0874614777216690e-02 1.0000020828317966e+00 7.4679776541221654e-02 -8.9855535229358269e-02 1.5736596799002504e+01 45
1 1 0 0 2.6750396816923264e-02 2.0860601331257184e-02 1.0000020911313965e+00 7.4651776541221654e-02 -8.9969640254727284e-02 1.5736128538546193e+01 57
1 1 0 0 2.6749560074068927e-02 2.0860100342192819e-02 1.0000020914275145e+00 7.4650776541221653e-02 -8.9973718386905016e-02 1.5736111845392903e+01 46
1 0 0 0 2.6749560074068927e-02 2.0860100342192819e-02 1.0000020914275145e+00 7.4650776541221653e-02 -8.9973718386905030e-02 1.5736111845392902e+01 46
1 1 0 0 2.6748723270467685e-02 2.0859599317959641e-02 1.0000020917236119e+00 7.4649776541221652e-02 -8.9977796724016790e-02 1.5736095154330535e+01 46
1 1 0 0 2.6747886406107823e-02 2.0859098258550094e-02 1.0000020920196886e+00 7.4648776541221651e-02 -8.9981875266193459e-02 1.5736078465358284e+01 46
1 1 0 0 2.6745375448359060e-02 2.0857594869186910e-02 1.0000020929077946e+00 7.4645776541221648e-02 -8.9994112124418102e-02 1.5736028410974274e+01 46
1 1 0 0 2.6739514418199883e-02 2.0854085728075917e-02 1.0000020949793125e+00 7.4638776541221655e-02 -9.0022671995266368e-02 1.5735911690416838e+01 54
1 1 1 1 2.6738676884719172e-02 2.0853584281222654e-02 1.0000020952751600e+00 7.4637776541221654e-02 9.0026752801782642e-02 1.5735895024383257e+01 62
1 1 1 1 2.6726106567883871e-02 2.0846058341961678e-02 1.0000020997103392e+00 7.4622776541221653e-02 9.0087989769279647e-02 1.5735645283100526e+01 48
1 1 0 0 2.6717718724362235e-02 2.0841036627784117e-02 1.0000021026644594e+00 7.4612776541221656e-02 -9.0128840463021470e-02 1.5735479047657295e+01 52
1 1 0 0 2.6715201178489162e-02 2.0839529422391877e-02 1.0000021035502753e+00 7.4609776541221653e-02 -9.0141099758808629e-02 1.5735429217244413e+01 49
1 1 0 0 2.6702605175968210e-02 2.0831988600790136e-02 1.0000021079764121e+00 7.4594776541221652e-02 -9.0202424704361267e-02 1.5735180342631718e+01 70
1 1 0 0 2.6698403439678838e-02 2.0829473214788646e-02 1.0000021094506919e+00 7.4589776541221647e-02 -9.0222876947191319e-02 1.5735097486885349e+01 53
1 1 0 0 2.6694200166458099e-02 2.0826956937744372e-02 1.0000021109244166e+00 7.4584776541221642e-02 -9.0243334515049692e-02 1.5735014682204094e+01 53
1 1 0 0 2.6676529600957764e-02 2.0816378821564192e-02 1.0000021171079299e+00 7.4563776541221649e-02 -9.0329314828822671e-02 1.5734667457962578e+01 47
1 1 1 1 2.6665577029304763e-02 2.0809822545983753e-02 1.0000021209307823e+00 7.4550776541221650e-02 9.0382588506201053e-02 1.5734452957003004e+01 54
1 1 1 1 2.6656301290884182e-02 2.0804270182940419e-02 1.0000021241624448e+00 7.4539776541221653e-02 9.0427695034099212e-02 1.5734271721862727e+01 46
1 1 0 0 2.6619969329348341e-02 2.0782523542197721e-02 1.0000021367677312e+00 7.4496776541221651e-02 -9.0604277432085906e-02 1.5733565573853797e+01 50
1 1 0 0 2.6597945031214106e-02 2.0769341801626384e-02 1.0000021443676019e+00 7.4470776541221653e-02 -9.0711249975784294e-02 1.5733140372087609e+01 47
1 1 0 0 2.6596249093472000e-02 2.0768326798103580e-02 1.0000021449515055e+00 7.4468776541221651e-02 -9.0719485024928798e-02 1.5733107719048414e+01 51
1 1 0 0 2.6593704714142657e-02 2.0766804018011828e-02 1.0000021458271704e+00 7.4465776541221648e-02 -9.0731839321742946e-02 1.5733058754106231e+01 48
1 1 0 0 2.6580125096413745e-02 2.0758676945610063e-02 1.0000021504935031e+00 7.4449776541221646e-02 -9.0797763977711679e-02 1.5732797903169880e+01 46
1 1 0 0 2.6578426506294852e-02 2.0757660399850865e-02 1.0000021510763317e+00 7.4447776541221644e-02 -9.0806008731075916e-02 1.5732765331691498e+01 58
1 1 0 0 2.6577577116281760e-02 2.0757152071746481e-02 1.0000021513677071e+00 7.4446776541221643e-02 -9.0810131456732807e-02 1.5732749048852497e+01 47
1 1 1 1 2.6575028566265674e-02 2.0755626866430340e-02 1.0000021522416778e+00 7.4443776541221640e-02 9.0822501031322458e-02 1.5732700211927224e+01 80
1 1 1 1 2.6574178922889269e-02 2.0755118390961450e-02 1.0000021525329494e+00 7.4442776541221639e-02 9.0826624689204660e-02 1.5732683936813515e+01 49
1 1 0 0 2.6567379493240999e-02 2.0751049259412287e-02 1.0000021548621827e+00 7.4434776541221645e-02 -9.0859622367325449e-02 1.5732553805300073e+01 52
1 1 0 0 2.6559725278009712e-02 2.0746468660828785e-02 1.0000021574805615e+00 7.4425776541221650e-02 -9.0896762703454939e-02 1.5732407554468283e+01 53
1 1 0 0 2.6557172728492142e-02 2.0744941128735084e-02 1.0000021583528784e+00 7.4422776541221647e-02 -9.0909147055974540e-02 1.5732358838717317e+01 58
1 1 1 1 2.6552065910563447e-02 2.0741885064268866e-02 1.0000021600967943e+00 7.4416776541221641e-02 9.0933922145240612e-02 1.5732261458883038e+01 61
1 1 1 1 2.6551214551261169e-02 2.0741375590422089e-02 1.0000021603873535e+00 7.4415776541221640e-02 9.0938052156066942e-02 1.5732245235599555e+01 81
1 1 1 1 2.6542697449927901e-02 2.0736278809958226e-02 1.0000021632914688e+00 7.4405776541221644e-02 9.0979365341364360e-02 1.5732083107642193e+01 54
1 1 1 1 2.6535879169806615e-02 2.0732198708360315e-02 1.0000021656128157e+00 7.4397776541221650e-02 9.1012433075337809e-02 1.5731953542228961e+01 47
1 1 1 1 2.6534173960085634e-02 2.0731178310526881e-02 1.0000021661928804e+00 7.4395776541221648e-02 9.1020702405518045e-02 1.5731921169846991e+01 61
1 1 1 1 2.6514545612585472e-02 2.0719432999453096e-02 1.0000021728557171e+00 7.4372776541221652e-02 9.1115869073736852e-02 1.5731549430521186e+01 46
1 1 0 0 2.6512837193460377e-02 2.0718410732450024e-02 1.0000021734344002e+00 7.4370776541221650e-02 -9.1124150501794343e-02 1.5731517152418128e+01 50
1 1 0 0 2.6510274081884267e-02 2.0716877050625939e-02 1.0000021743022152e+00 7.4367776541221647e-02 -9.1136574473969736e-02 1.5731468749328242e+01 52
1 1 1 1 2.6508565018740309e-02 2.0715854408423107e-02 1.0000021748806178e+00 7.4365776541221645e-02 9.1144858343887400e-02 1.5731436489969463e+01 61
1 1 1 1 2.6500015833583905e-02 2.0710738942811766e-02 1.0000021777709391e+00 7.4355776541221649e-02 9.1186292399966368e-02 1.5731275305366985e+01 72
1 1 1 1 2.6451161692881215e-02 2.0681508627756740e-02 1.0000021941906592e+00 7.4298776541221648e-02 9.1422941184142625e-02 1.5730360091216832e+01 47
1 1 0 0 2.6446866138920045e-02 2.0678938672457150e-02 1.0000021956264069e+00 7.4293776541221643e-02 -9.1443738946407935e-02 1.5730280093737607e+01 51
1 1 1 1 2.6441709311986195e-02 2.0675853464410147e-02 1.0000021973483080e+00 7.4287776541221637e-02 9.1468704700169198e-02 1.5730184156778586e+01 51
1 1 1 1 2.6415889683546200e-02 2.0660406706759910e-02 1.0000022059412996e+00 7.4257776541221635e-02 9.1593672713341845e-02 1.5729705448694780e+01 74
1 1 1 1 2.6411580642428850e-02 2.0657828878466452e-02 1.0000022073707544e+00 7.4252776541221630e-02 9.1614523465912132e-02 1.5729625821409641e+01 54
1 1 0 0 2.6381370942014527e-02 2.0639756969085196e-02 1.0000022173547776e+00 7.4217776541221636e-02 -9.1760663325654343e-02 1.5729069677771276e+01 50
1 1 0 0 2.6380506610360920e-02 2.0639239929201393e-02 1.0000022176394583e+00 7.4216776541221635e-02 -9.1764843536224411e-02 1.5729053819850789e+01 46
1 1 0 0 2.6379642211991048e-02 2.0638722850325388e-02 1.0000022179241066e+00 7.4215776541221634e-02 -9.1769024014668313e-02 1.5729037963693543e+01 46
1 1 0 0 2.6378777746888828e-02 2.0638205732447165e-02 1.0000022182087225e+00 7.4214776541221633e-02 -9.1773204761148780e-02 1.5729022109298805e+01 46
1 1 0 0 2.6377913215038289e-02 2.0637688575556434e-02 1.0000022184933057e+00 7.4213776541221632e-02 -9.1777385775825213e-02 1.5729006256665873e+01 46
1 1 0 0 2.6377048616423190e-02 2.0637171379642945e-02 1.0000022187778566e+00 7.4212776541221631e-02 -9.1781567058861549e-02 1.5728990405794024e+01 46
1 1 0 0 2.6376183951027577e-02 2.0636654144696582e-02 1.0000022190623750e+00 7.4211776541221630e-02 -9.1785748610419327e-02 1.5728974556682539e+01 46
1 1 0 0 2.6372724621318035e-02 2.0634584814378798e-02 1.0000022202001220e+00 7.4207776541221626e-02 -9.1802477505105048e-02 1.5728911177825948e+01 46
1 1 0 0 2.6366668219551099e-02 2.0630961981197477e-02 1.0000022221899196e+00 7.4200776541221633e-02 -9.1831763446373837e-02 1.5728800332435600e+01 50
1 1 0 0 2.6355411905362242e-02 2.0624228769511692e-02 1.0000022258809729e+00 7.4187776541221634e-02 -9.1886186826916641e-02 1.5728594704255988e+01 48
1 1 1 1 2.6350212855977797e-02 2.0621118895200241e-02 1.0000022275826423e+00 7.4181776541221628e-02 9.1911320826647672e-02 1.5728499898359443e+01 48
1 1 0 0 2.6343277021561199e-02 2.0616970192002301e-02 1.0000022298496591e+00 7.4173776541221634e-02 -9.1944848153342404e-02 1.5728373587811047e+01 47
1 1 1 1 2.6336336872457951e-02 2.0612818964912332e-02 1.0000022321145181e+00 7.4165776541221640e-02 9.1978393074207659e-02 1.5728247388144265e+01 78
1 1 0 0 2.6320705717292586e-02 2.0603469448084888e-02 1.0000022372024810e+00 7.4147776541221636e-02 -9.2053933915402800e-02 1.5727963842421183e+01 44
1 1 1 1 2.6318967567039171e-02 2.0602429819805722e-02 1.0000022377671234e+00 7.4145776541221634e-02 9.2062332909199088e-02 1.5727932371697980e+01 57
1 1 0 0 2.6316359832477699e-02 2.0600870079371683e-02 1.0000022386138276e+00 7.4142776541221631e-02 -9.2074933497158978e-02 1.5727885178456392e+01 73
1 1 0 0 2.6308532958418257e-02 2.0596188709661924e-02 1.0000022411520650e+00 7.4133776541221635e-02 -9.2112750403786650e-02 1.5727743691024603e+01 46
1 1 0 0 2.6290248782685401e-02 2.0585252943993739e-02 1.0000022470635750e+00 7.4112776541221642e-02 -9.2201078771703138e-02 1.5727414089613704e+01 52
1 1 1 1 2.6287634297116197e-02 2.0583689250930626e-02 1.0000022479068018e+00 7.4109776541221639e-02 9.2213707339519724e-02 1.5727367064667938e+01 47
1 1 0 0 2.6273679950352097e-02 2.0575343448968463e-02 1.0000022523985681e+00 7.4093776541221637e-02 -9.2281103239722384e-02 1.5727116520961300e+01 54
1 1 1 1 2.6269315609352233e-02 2.0572733272378921e-02 1.0000022538003515e+00 7.4088776541221632e-02 9.2302179568900536e-02 1.5727038314180717e+01 45
1 1 0 0 2.6243093329549445e-02 2.0557050978859799e-02 1.0000022621918356e+00 7.4058776541221630e-02 -9.2428790197805602e-02 1.5726569948525976e+01 59
1 1 0 0 2.6207155098199496e-02 2.0535559225763181e-02 1.0000022736057492e+00 7.4017776541221630e-02 -9.2602254427879921e-02 1.5725932248994814e+01 55
1 1 0 0 2.6189581538020118e-02 2.0525050384677938e-02 1.0000022791500973e+00 7.3997776541221624e-02 -9.2687054516268352e-02 1.5725622169120562e+01 46
1 1 0 0 2.6162286711363263e-02 2.0508728922241225e-02 1.0000022877127026e+00 7.3966776541221621e-02 -9.2818736713206257e-02 1.5725142815471704e+01 55
1 1 0 0 2.6150820186150666e-02 2.0501872513009042e-02 1.0000022912920068e+00 7.3953776541221622e-02 -9.2874046981598624e-02 1.5724942251535110e+01 48
1 1 1 1 2.6134039709229350e-02 2.0491838854192809e-02 1.0000022965108972e+00 7.3934776541221617e-02 9.2954980543039190e-02 1.5724649599236562e+01 71
1 1 1 1 2.6053308547087088e-02 2.0443570384613793e-02 1.0000023212955056e+00 7.3843776541221623e-02 9.3344220845754264e-02 1.5723255704730141e+01 57
1 1 1 1 2.6031023585134282e-02 2.0430247408870297e-02 1.0000023280410406e+00 7.3818776541221626e-02 9.3451634517259380e-02 1.5722874969278978e+01 58
1 1 1 1 2.6026561042581102e-02 2.0427579545983253e-02 1.0000023293867606e+00 7.3813776541221621e-02 9.3473142658841865e-02 1.5722798934066615e+01 51
1 1 0 0 2.6024775505934586e-02 2.0426512094835422e-02 1.0000023299247298e+00 7.3811776541221619e-02 -9.3481748302027032e-02 1.5722768530373175e+01 47
1 1 1 1 2.6016736910794022e-02 2.0421706397285449e-02 1.0000023323433278e+00 7.3802776541221624e-02 9.3520490626812336e-02 1.5722631787057292e+01 62
1 1 1 1 2.6012268418347528e-02 2.0419035030279978e-02 1.0000023336853860e+00 7.3797776541221619e-02 9.3542026149998445e-02 1.5722555870254112e+01 49
1 1 1 1 2.5999746708472750e-02 2.0411549352560582e-02 1.0000023374369966e+00 7.3783776541221618e-02 9.3602371507209667e-02 1.5722343498849977e+01 51
