isScalarized | massIncreased | isMonotoneInside | isMonotoneOutside | mass_Baryon | mass_ADM | AST(radius) | radius  |  phi_c | rho_c | ctr |
1 1 1 1 4.3282863282772456e-02 3.2705090967908607e-02 1.0000000000140856e+00 1.1373550000000000e-01 8.3628449546523922e-04 1.0057137467127230e+01 10
1 1 1 1 4.3289454088751705e-02 3.2707633723352239e-02 1.0000000000296176e+00 1.1372550000000001e-01 1.2066648449160881e-03 1.0060243926171081e+01 10
1 1 1 1 4.3296032721538022e-02 3.2710168988936972e-02 1.0000000000455054e+00 1.1371550000000001e-01 1.4883342348673526e-03 1.0063352789227599e+01 10
1 1 1 1 4.3302599208264313e-02 3.2712696782212711e-02 1.0000000000617526e+00 1.1370550000000000e-01 1.7253112020041235e-03 1.0066463985110964e+01 10
1 1 1 1 4.3309153575700844e-02 3.2715217120531048e-02 1.0000000000783631e+00 1.1369550000000000e-01 1.9341018486593738e-03 1.0069577445216202e+01 10
1 1 1 1 4.3315695850253064e-02 3.2717730021045346e-02 1.0000000000953411e+00 1.1368550000000001e-01 2.1230454221741520e-03 1.0072693103391272e+01 10
1 1 1 1 4.3322226057995961e-02 3.2720235500728778e-02 1.0000000001126901e+00 1.1367550000000001e-01 2.2970509917238208e-03 1.0075810895825894e+01 10
1 1 1 1 4.3328744224665934e-02 3.2722733576373460e-02 1.0000000001304141e+00 1.1366550000000000e-01 2.4592971275056302e-03 1.0078930760937121e+01 10
1 1 1 1 4.3335250375682297e-02 3.2725224264594212e-02 1.0000000001485174e+00 1.1365550000000001e-01 2.6119814002153719e-03 1.0082052639269502e+01 10
1 1 1 1 4.3341744536154116e-02 3.2727707581840543e-02 1.0000000001670040e+00 1.1364550000000001e-01 2.7566979906631615e-03 1.0085176473396000e+01 10
1 1 1 1 4.3348226730879458e-02 3.2730183544388669e-02 1.0000000001858775e+00 1.1363550000000000e-01 2.8946467691347974e-03 1.0088302207825057e+01 10
1 1 1 1 4.3354696984376703e-02 3.2732652168361312e-02 1.0000000002051426e+00 1.1362550000000000e-01 3.0267575556063623e-03 1.0091429788918520e+01 10
1 1 1 1 4.3361155320873493e-02 3.2735113469725026e-02 1.0000000002248031e+00 1.1361550000000001e-01 3.1537681661838067e-03 1.0094559164805249e+01 10
1 1 1 1 4.3367601764330209e-02 3.2737567464295576e-02 1.0000000002448630e+00 1.1360550000000001e-01 3.2762756607596618e-03 1.0097690285308111e+01 10
1 1 1 1 4.3374036338425202e-02 3.2740014167735337e-02 1.0000000002653271e+00 1.1359550000000000e-01 3.3947712456655903e-03 1.0100823101865387e+01 10
1 0 1 1 4.3380459066591930e-02 3.2742453595569536e-02 1.0000000002861988e+00 1.1358550000000001e-01 3.5096647840177045e-03 1.0103957567468735e+01 10
1 1 1 1 4.3468593025546863e-02 3.2775643488800792e-02 1.0000000006212735e+00 1.1344638419399189e-01 4.8636429569878124e-03 1.0147711235339758e+01 23
1 1 1 1 4.3578790651000031e-02 3.2816369278781697e-02 1.0000000011899717e+00 1.1326726838798377e-01 6.2566530038350937e-03 1.0204351185844676e+01 33
1 1 1 1 4.3685334235875735e-02 3.2854904017195381e-02 1.0000000019400195e+00 1.1308815258197566e-01 7.4660355235060373e-03 1.0261210592594374e+01 34
1 1 1 1 4.3788220226716378e-02 3.2891314657737467e-02 1.0000000029037368e+00 1.1290903677596754e-01 8.5755870255199030e-03 1.0318199932202472e+01 34
1 1 1 1 4.3887695769882724e-02 3.2925662377268607e-02 1.0000000041172126e+00 1.1272992096995943e-01 9.6247285401805382e-03 1.0375258620502008e+01 35
1 1 1 1 4.3983839433322791e-02 3.2958003692651353e-02 1.0000000056205660e+00 1.1255080516395131e-01 1.0635612001008436e-02 1.0432344203032185e+01 35
1 1 1 1 4.4076723573275259e-02 3.2988391235506190e-02 1.0000000074582283e+00 1.1237168935794320e-01 1.1622087207419064e-02 1.0489426214081169e+01 35
1 1 1 1 4.4166425634697248e-02 3.3016752584754214e-02 1.0000000096801400e+00 1.1219257355193508e-01 1.2593561460698751e-02 1.0546488678053185e+01 35
1 1 1 1 4.4252997856681860e-02 3.3043250126059825e-02 1.0000000123398816e+00 1.1201345774592697e-01 1.3556508830634053e-02 1.0603509421470429e+01 35
1 1 1 1 4.4336498772343927e-02 3.3067932895176136e-02 1.0000000154967812e+00 1.1183434193991885e-01 1.4515753729480071e-02 1.0660476301428535e+01 36
1 1 1 1 4.4416984065672550e-02 3.3090842737120540e-02 1.0000000192158178e+00 1.1165522613391074e-01 1.5474944138091466e-02 1.0717380744078529e+01 36
1 1 1 1 4.4494487691484973e-02 3.3112019511601885e-02 1.0000000235679507e+00 1.1147611032790262e-01 1.6436897037070259e-02 1.0774216742241727e+01 36
1 1 1 1 4.4568912819883497e-02 3.3131501298220012e-02 1.0000000286304924e+00 1.1129699452189451e-01 1.7403824580267534e-02 1.0830980312215656e+01 36
1 1 1 1 4.4640472866056567e-02 3.3149324570895040e-02 1.0000000344874935e+00 1.1111787871588640e-01 1.8377486450923811e-02 1.0887669089898880e+01 36
1 1 1 1 4.4709214148585870e-02 3.3165524346764119e-02 1.0000000412301424e+00 1.1093876290987828e-01 1.9359296148323692e-02 1.0944282023459117e+01 36
1 1 1 1 4.4775181227881787e-02 3.3180134313614634e-02 1.0000000489571781e+00 1.1075964710387017e-01 2.0350397419913242e-02 1.1000819134513252e+01 36
1 1 1 1 4.4838417086410093e-02 3.3193186939107409e-02 1.0000000577753185e+00 1.1058053129786205e-01 2.1351720695872201e-02 1.1057281329062668e+01 36
1 1 1 1 4.4898966633786452e-02 3.3204652597749865e-02 1.0000000678025203e+00 1.1040141549185394e-01 2.2364077901574634e-02 1.1113673131935325e+01 36
1 1 1 1 4.4956868579673938e-02 3.3214582942071295e-02 1.0000000791630246e+00 1.1022229968584582e-01 2.3388074383022650e-02 1.1169995773840599e+01 36
1 1 1 1 4.5012159728868559e-02 3.3223046956251633e-02 1.0000000919889074e+00 1.1004318387983771e-01 2.4424186536888867e-02 1.1226250128818263e+01 36
1 1 1 1 4.5064878058142181e-02 3.3230073137033113e-02 1.0000001064236836e+00 1.0986406807382959e-01 2.5472832547860261e-02 1.1282439367037309e+01 36
1 1 1 1 4.5115060523734624e-02 3.3235689113338622e-02 1.0000001226212478e+00 1.0968495226782148e-01 2.6534355362910354e-02 1.1338567009313847e+01 36
1 1 1 1 4.5162743125810943e-02 3.3239921691666105e-02 1.0000001407463974e+00 1.0950583646181336e-01 2.7609036023564411e-02 1.1394636867692876e+01 36
1 1 1 1 4.5207923289374154e-02 3.3242796895926768e-02 1.0000001609753755e+00 1.0932672065580525e-01 2.8697104559032464e-02 1.1450652995577977e+01 36
1 1 1 1 4.5250569283763378e-02 3.3244340002652036e-02 1.0000001834964305e+00 1.0914760484979713e-01 2.9798748937993953e-02 1.1506619645853480e+01 36
1 1 1 1 4.5290818692694960e-02 3.3244575572401402e-02 1.0000002085103943e+00 1.0896848904378902e-01 3.0914122458975221e-02 1.1562541235771068e+01 36
1 0 1 1 4.5328704285716677e-02 3.3243527477992599e-02 1.0000002362312790e+00 1.0878937323778090e-01 3.2043349873590754e-02 1.1618422317559938e+01 35
1 0 1 1 4.5364258075667518e-02 3.3241218930129712e-02 1.0000002668868948e+00 1.0861025743177279e-01 3.3186532474713364e-02 1.1674267553899664e+01 35
1 0 1 1 4.5397511344849831e-02 3.3237672500865359e-02 1.0000003007194860e+00 1.0843114162576467e-01 3.4343752334806743e-02 1.1730081697526821e+01 35
1 0 1 1 4.5428494668358438e-02 3.3232910145266165e-02 1.0000003379863880e+00 1.0825202581975656e-01 3.5515075843910594e-02 1.1785869574358474e+01 35
1 0 1 1 4.5457237935093764e-02 3.3226953221556117e-02 1.0000003789607061e+00 1.0807291001374844e-01 3.6700556668521497e-02 1.1841636069589940e+01 35
1 0 1 1 4.5483771852693443e-02 3.3219762527914531e-02 1.0000004239487938e+00 1.0789379420774033e-01 3.7900295463002366e-02 1.1897388754879689e+01 35
1 0 1 1 4.5508123574544437e-02 3.3211405903075877e-02 1.0000004732483883e+00 1.0771467840173221e-01 3.9114283630248201e-02 1.1953130509558601e+01 35
1 0 1 1 4.5530320702042985e-02 3.3201916028258026e-02 1.0000005271815424e+00 1.0753556259572410e-01 4.0342537747187025e-02 1.2008865765430608e+01 35
1 0 1 1 4.5550390564005637e-02 3.3191312106060661e-02 1.0000005860923018e+00 1.0735644678971598e-01 4.1585081654561505e-02 1.2064599549195101e+01 35
1 0 1 1 4.5568359886860782e-02 3.3179612824911831e-02 1.0000006503442593e+00 1.0717733098370787e-01 4.2841935502892725e-02 1.2120336908408309e+01 35
1 0 1 1 4.5584254808605493e-02 3.3166836373794646e-02 1.0000007203213741e+00 1.0699821517769975e-01 4.4113116808724762e-02 1.2176082907975108e+01 35
1 0 1 1 4.5598100892140704e-02 3.3153000456355740e-02 1.0000007964288151e+00 1.0681909937169164e-01 4.5398641351263709e-02 1.2231842627558022e+01 35
1 0 1 1 4.5609923138105565e-02 3.3138122304476630e-02 1.0000008790938302e+00 1.0663998356568352e-01 4.6698523935897421e-02 1.2287621159774773e+01 34
1 0 1 1 4.5619745997242396e-02 3.3122218691330522e-02 1.0000009687666425e+00 1.0646086775967541e-01 4.8012779046096750e-02 1.2343423609054605e+01 34
1 0 1 1 4.5627522952764614e-02 3.3105305943963388e-02 1.0000010659213732e+00 1.0628175195366729e-01 4.9341421401795843e-02 1.2399255091054995e+01 34
1 0 1 1 4.5633324574120976e-02 3.3087399955409269e-02 1.0000011710569929e+00 1.0610263614765918e-01 5.0684466439439024e-02 1.2455120732562238e+01 34
1 0 1 1 4.5637198289980890e-02 3.3068516196393595e-02 1.0000012846983006e+00 1.0592352034165106e-01 5.2041930726163456e-02 1.2511025671802809e+01 34
1 0 1 1 4.5639166527893162e-02 3.3048669726606403e-02 1.0000014073969334e+00 1.0574440453564295e-01 5.3413832318387977e-02 1.2566975059099525e+01 34
1 0 1 1 4.5639251218791463e-02 3.3027875205589613e-02 1.0000015397324047e+00 1.0556528872963483e-01 5.4800191074040494e-02 1.2622974057843987e+01 34
1 0 1 1 4.5637473807274467e-02 3.3006146903243994e-02 1.0000016823131752e+00 1.0538617292362672e-01 5.6201028925379939e-02 1.2679027845728170e+01 34
1 0 1 1 4.5633855261577871e-02 3.2983498709972636e-02 1.0000018357777540e+00 1.0520705711761860e-01 5.7616370118742967e-02 1.2735141616208065e+01 33
1 0 1 1 4.5628416083249773e-02 3.2959944146457441e-02 1.0000020007958346e+00 1.0502794131161049e-01 5.9046241426550551e-02 1.2791320580176871e+01 33
1 0 1 1 4.5621176316543811e-02 3.2935496373112653e-02 1.0000021780694617e+00 1.0484882550560237e-01 6.0490672335919246e-02 1.2847569967821311e+01 33
1 0 1 1 4.5612155557502664e-02 3.2910168199181904e-02 1.0000023683342345e+00 1.0466970969959426e-01 6.1949695217489456e-02 1.2903895030637553e+01 33
1 0 1 1 4.5601372962783875e-02 3.2883972091536762e-02 1.0000025723605455e+00 1.0449059389358614e-01 6.3423345477972196e-02 1.2960301043603165e+01 33
1 0 1 1 4.5588847253020148e-02 3.2856919317918731e-02 1.0000027909564708e+00 1.0431147808757803e-01 6.4911662660320779e-02 1.3016793343563361e+01 33
1 0 1 1 4.5574596433855225e-02 3.2828981653649905e-02 1.0000030250474694e+00 1.0413236228156991e-01 6.6414733615530852e-02 1.3073378931711298e+01 33
1 0 1 1 4.5558638591917971e-02 3.2800212394351436e-02 1.0000032754452106e+00 1.0395324647556180e-01 6.7932557650336386e-02 1.3130061427736932e+01 32
1 0 1 1 4.5540991214305451e-02 3.2770622738650564e-02 1.0000035430733747e+00 1.0377413066955368e-01 6.9465183550028481e-02 1.3186846224147832e+01 32
1 0 1 1 4.5521671388709897e-02 3.2740223580975988e-02 1.0000038288972324e+00 1.0359501486354557e-01 7.1012663736411283e-02 1.3243738749728250e+01 32
1 0 1 1 4.5500695810625984e-02 3.2709025518629350e-02 1.0000041339251162e+00 1.0341589905753745e-01 7.2575054367926342e-02 1.3300744472438751e+01 32
1 0 1 1 4.5478080790282739e-02 3.2677038858572163e-02 1.0000044592099342e+00 1.0323678325152934e-01 7.4152415436211483e-02 1.3357868902420931e+01 32
1 0 1 1 4.5453842259326652e-02 3.2644273623961967e-02 1.0000048058507280e+00 1.0305766744552122e-01 7.5744810860217629e-02 1.3415117595109509e+01 32
1 0 1 1 4.5427995777248001e-02 3.2610739560432082e-02 1.0000051749942742e+00 1.0287855163951311e-01 7.7352308578799586e-02 1.3472496154452163e+01 32
1 0 1 1 4.5400556537561997e-02 3.2576446142120831e-02 1.0000055678367337e+00 1.0269943583350499e-01 7.8974980642784812e-02 1.3530010236244790e+01 32
1 0 1 1 4.5371539373723534e-02 3.2541402577450335e-02 1.0000059856253463e+00 1.0252032002749688e-01 8.0612903306887779e-02 1.3587665551570405e+01 31
1 0 1 1 4.5340958764813026e-02 3.2505617814683578e-02 1.0000064296601752e+00 1.0234120422148876e-01 8.2266157122594441e-02 1.3645467870360415e+01 31
1 0 1 1 4.5308828840960678e-02 3.2469100547230331e-02 1.0000069012958996e+00 1.0216208841548065e-01 8.3934827032399906e-02 1.3703423025073601e+01 31
1 0 1 1 4.5275163388530965e-02 3.2431859218735835e-02 1.0000074019436600e+00 1.0198297260947253e-01 8.5619002466011687e-02 1.3761536914497670e+01 31
1 0 1 1 4.5239975855062398e-02 3.2393902027945086e-02 1.0000079330729521e+00 1.0180385680346442e-01 8.7318777439097203e-02 1.3819815507679929e+01 31
1 0 1 1 4.5203279353954483e-02 3.2355236933336341e-02 1.0000084962135785e+00 1.0162474099745630e-01 8.9034250655095931e-02 1.3878264847993121e+01 31
1 0 1 1 4.5165086668925498e-02 3.2315871657554569e-02 1.0000090929576502e+00 1.0144562519144819e-01 9.0765525610670111e-02 1.3936891057345100e+01 31
1 0 1 1 4.5125410258209431e-02 3.2275813691617652e-02 1.0000097249616475e+00 1.0126650938544007e-01 9.2512710704960824e-02 1.3995700340529062e+01 30
1 0 1 1 4.5084253741162414e-02 3.2235070298918034e-02 1.0000103939485343e+00 1.0108739357943196e-01 9.4275919353583065e-02 1.4054698989738270e+01 30
1 0 1 1 4.5041610037458546e-02 3.2193648519017994e-02 1.0000111017099325e+00 1.0090827777342384e-01 9.6055270107482701e-02 1.4113893389241863e+01 30
1 0 1 1 4.4997519571826711e-02 3.2151555171245141e-02 1.0000118501083550e+00 1.0072916196741573e-01 9.7850886777130885e-02 1.4173290020231541e+01 30
1 0 1 1 4.4951993543746786e-02 3.2108796858070429e-02 1.0000126410794974e+00 1.0055004616140761e-01 9.9662898562706867e-02 1.4232895465856300e+01 30
1 0 1 1 4.4905042843272194e-02 3.2065379968303470e-02 1.0000134766345925e+00 1.0037093035539950e-01 1.0149144019066017e-01 1.4292716416452349e+01 30
1 0 1 1 4.4856678053774177e-02 3.2021310680077020e-02 1.0000143588628252e+00 1.0019181454939138e-01 1.0333665205678484e-01 1.4352759674968899e+01 30
1 0 1 1 4.4806909454446348e-02 3.1976594963633115e-02 1.0000152899338106e+00 1.0001269874338327e-01 1.0519868037695733e-01 1.4413032162624733e+01 30
1 0 1 1 4.4755747022548913e-02 3.1931238583917769e-02 1.0000162721001351e+00 9.9833582937375154e-02 1.0707767734545924e-01 1.4473540924788638e+01 29
1 0 1 1 4.4703200435388335e-02 3.1885247102973358e-02 1.0000173076999626e+00 9.9654467131367039e-02 1.0897380130164888e-01 1.4534293137106644e+01 29
1 0 1 1 4.4649279072037744e-02 3.1838625882138552e-02 1.0000183991597034e+00 9.9475351325358924e-02 1.1088721690545844e-01 1.4595296111888729e+01 29
1 0 1 1 4.4593992014787136e-02 3.1791380084042808e-02 1.0000195489967476e+00 9.9296235519350809e-02 1.1281809532254435e-01 1.4656557304780252e+01 29
1 0 1 1 4.4537348050310371e-02 3.1743514674402840e-02 1.0000207598222655e+00 9.9117119713342694e-02 1.1476661441909715e-01 1.4718084321715637e+01 29
1 0 1 1 4.4479355670565775e-02 3.1695034423629281e-02 1.0000220343440680e+00 9.8938003907334579e-02 1.1673295896761456e-01 1.4779884926195090e+01 29
1 0 1 1 4.4420023073397888e-02 3.1645943908211828e-02 1.0000233753695351e+00 9.8758888101326464e-02 1.1871732086399915e-01 1.4841967046895080e+01 29
1 0 1 1 4.4359358162848139e-02 3.1596247511914907e-02 1.0000247858086038e+00 9.8579772295318349e-02 1.2071989935659100e-01 1.4904338785629772e+01 28
1 0 1 1 4.4297368549165286e-02 3.1545949426760048e-02 1.0000262686768195e+00 9.8400656489310234e-02 1.2274090128812712e-01 1.4967008425695022e+01 28
1 0 1 1 4.4234061548499216e-02 3.1495053653793230e-02 1.0000278270984466e+00 9.8221540683302119e-02 1.2478054135146326e-01 1.5029984440620494e+01 28
1 0 1 1 4.4169444182267439e-02 3.1443564003634246e-02 1.0000294643096375e+00 9.8042424877294004e-02 1.2683904235955751e-01 1.5093275503344959e+01 28
1 0 1 1 4.4103523176200220e-02 3.1391484096815706e-02 1.0000311836616551e+00 9.7863309071285889e-02 1.2891663553120758e-01 1.5156890495861406e+01 28
1 0 1 1 4.4036304959023373e-02 3.1338817363879022e-02 1.0000329886241499e+00 9.7684193265277774e-02 1.3101356079316598e-01 1.5220838519351984e+01 28
1 0 1 1 4.3967795660789621e-02 3.1285567045247861e-02 1.0000348827884815e+00 9.7505077459269660e-02 1.3313006709984998e-01 1.5285128904850204e+01 27
1 0 1 1 4.3898001110832800e-02 3.1231736190859567e-02 1.0000368698710849e+00 9.7325961653261545e-02 1.3526641277178519e-01 1.5349771224466538e+01 27
1 0 1 1 4.3826926835325498e-02 3.1177327659541464e-02 1.0000389537168746e+00 9.7146845847253430e-02 1.3742286585425559e-01 1.5414775303223996e+01 27
1 0 1 1 4.3754578054422913e-02 3.1122344118128913e-02 1.0000411383026762e+00 9.6967730041245315e-02 1.3959970449705131e-01 1.5480151231531714e+01 27
1 0 1 1 4.3680959678985269e-02 3.1066788040324561e-02 1.0000434277406840e+00 9.6788614235237200e-02 1.4179721735738979e-01 1.5545909378361561e+01 27
1 0 1 1 4.3606076306832546e-02 3.1010661705261053e-02 1.0000458262819287e+00 9.6609498429229085e-02 1.4401570402723488e-01 1.5612060405167579e+01 27
1 0 1 1 4.3529932218529632e-02 3.0953967195782250e-02 1.0000483383197494e+00 9.6430382623220970e-02 1.4625547548686882e-01 1.5678615280605964e+01 27
1 0 1 1 4.3452531372666761e-02 3.0896706396416784e-02 1.0000509683932548e+00 9.6251266817212855e-02 1.4851685458662461e-01 1.5745585296116330e+01 26
1 0 1 1 4.3373877400594014e-02 3.0838880991017382e-02 1.0000537211907619e+00 9.6072151011204740e-02 1.5080017655881570e-01 1.5812982082429437e+01 26
1 0 1 1 4.3293973600604239e-02 3.0780492460073965e-02 1.0000566015531909e+00 9.5893035205196625e-02 1.5310578956229270e-01 1.5880817627077027e+01 26
1 0 1 1 4.3212822931502540e-02 3.0721542077659095e-02 1.0000596144774059e+00 9.5713919399188510e-02 1.5543405526160725e-01 1.5949104292968171e+01 26
1 0 1 1 4.3130428005534474e-02 3.0662030907991026e-02 1.0000627651194709e+00 9.5534803593180395e-02 1.5778534944408476e-01 1.6017854838135836e+01 26
1 0 1 1 4.3046791080635652e-02 3.0601959801596721e-02 1.0000660587978045e+00 9.5355687787172280e-02 1.6016006267733937e-01 1.6087082436734335e+01 26
1 0 1 1 4.2961914051948602e-02 3.0541329391050670e-02 1.0000695009962008e+00 9.5176571981164165e-02 1.6255860101041283e-01 1.6156800701388587e+01 25
1 0 1 1 4.2875798442548775e-02 3.0480140086238325e-02 1.0000730973666878e+00 9.4997456175156050e-02 1.6498138672231724e-01 1.6227023707016006e+01 25
1 0 1 1 4.2788445393341069e-02 3.0418392069146712e-02 1.0000768537321878e+00 9.4818340369147935e-02 1.6742885912175426e-01 1.6297766016239258e+01 25
1 0 1 1 4.2699855652046530e-02 3.0356085288125240e-02 1.0000807760889374e+00 9.4639224563139820e-02 1.6990147540180686e-01 1.6369042706512353e+01 25
1 0 1 1 4.2610029561214069e-02 3.0293219451575239e-02 1.0000848706086261e+00 9.4460108757131706e-02 1.7239971155510325e-01 1.6440869399133589e+01 25
1 0 1 1 4.2518967045188476e-02 3.0229794021044590e-02 1.0000891436401977e+00 9.4280992951123591e-02 1.7492406335388991e-01 1.6513262290286583e+01 25
1 0 1 1 4.2426667595938446e-02 3.0165808203663481e-02 1.0000936017112605e+00 9.4101877145115476e-02 1.7747504740094591e-01 1.6586238184298427e+01 24
1 0 1 1 4.2333130257660986e-02 3.0101260943880583e-02 1.0000982515290378e+00 9.3922761339107361e-02 1.8005320225757679e-01 1.6659814529312765e+01 24
1 0 1 1 4.2238353610044646e-02 3.0036150914423656e-02 1.0001030999807901e+00 9.3743645533099246e-02 1.8265908965589936e-01 1.6734009455607424e+01 24
1 0 1 1 4.2142335750087412e-02 2.9970476506441163e-02 1.0001081541336212e+00 9.3564529727091131e-02 1.8529329580237711e-01 1.6808841816778575e+01 24
1 0 1 1 4.2045074272340881e-02 2.9904235818747543e-02 1.0001134212335785e+00 9.3385413921083016e-02 1.8795643278203783e-01 1.6884331234089618e+01 24
1 0 1 1 4.1946566247421019e-02 2.9837426646070489e-02 1.0001189087039433e+00 9.3206298115074901e-02 1.9064914007240433e-01 1.6960498144274514e+01 24
1 0 1 1 4.1846808198644218e-02 2.9770046466245755e-02 1.0001246241425903e+00 9.3027182309066786e-02 1.9337208617764548e-01 1.7037363851128017e+01 24
1 0 1 1 4.1745796076604058e-02 2.9702092426235584e-02 1.0001305753182899e+00 9.2848066503058671e-02 1.9612597039508614e-01 1.7114950581269923e+01 24
1 0 1 1 4.1643525231475867e-02 2.9633561326858748e-02 1.0001367701657982e+00 9.2668950697050556e-02 1.9891152472723320e-01 1.7193281544501918e+01 23
1 0 1 1 4.1539990382840140e-02 2.9564449606117902e-02 1.0001432167795739e+00 9.2489834891042441e-02 2.0172951595373143e-01 1.7272380999216747e+01 23
1 0 1 1 4.1435185586772331e-02 2.9494753320981861e-02 1.0001499234059319e+00 9.2310719085034326e-02 2.0458074788062056e-01 1.7352274323410299e+01 23
1 0 1 1 4.1329104199894169e-02 2.9424468127447111e-02 1.0001568984334241e+00 9.2131603279026211e-02 2.0746606378498389e-01 1.7432988091875579e+01 23
1 0 1 1 4.1221738840092899e-02 2.9353589258722921e-02 1.0001641503812118e+00 9.1952487473018096e-02 2.1038634907641274e-01 1.7514550160258349e+01 23
1 0 1 1 4.1113081343533461e-02 2.9282111501327025e-02 1.0001716878851645e+00 9.1773371667009981e-02 2.1334253419905808e-01 1.7596989756732050e+01 23
1 0 1 1 4.1003121673867951e-02 2.9210029168851286e-02 1.0001795196813892e+00 9.1594255861001866e-02 2.1633559780121514e-01 1.7680337582151061e+01 23
1 0 1 1 4.0891822431399889e-02 2.9137336073161855e-02 1.0001876545868540e+00 9.1415140054993752e-02 2.1936657020336811e-01 1.7764625919664439e+01 22
1 0 1 1 4.0779200738623296e-02 2.9064025492722023e-02 1.0001961014767335e+00 9.1236024248985637e-02 2.2243653719897619e-01 1.7849888754885047e+01 22
1 0 1 1 4.0665244815634931e-02 2.8990090137697325e-02 1.0002048692580552e+00 9.1056908442977522e-02 2.2554664422851484e-01 1.7936161907901553e+01 22
1 0 1 1 4.0549941814072538e-02 2.8915522111475044e-02 1.0002139668391714e+00 9.0877792636969407e-02 2.2869810097174353e-01 1.8023483178566288e+01 22
1 0 1 1 4.0433277741001174e-02 2.8840312868148272e-02 1.0002234030945309e+00 9.0698676830961292e-02 2.3189218641058804e-01 1.8111892506726694e+01 22
1 0 1 1 4.0315237374686327e-02 2.8764453165448945e-02 1.0002331868241474e+00 9.0519561024953177e-02 2.3513025442243154e-01 1.8201432149305944e+01 22
1 0 1 1 4.0195804171227797e-02 2.8687933012565302e-02 1.0002433267070987e+00 9.0340445218945062e-02 2.3841373997351756e-01 1.8292146876448793e+01 22
1 0 1 1 4.0074960160834713e-02 2.8610741612166712e-02 1.0002538312482965e+00 9.0161329412936947e-02 2.4174416599148252e-01 1.8384084189252871e+01 22
1 0 1 1 3.9952685832324419e-02 2.8532867295835793e-02 1.0002647087176799e+00 8.9982213606928832e-02 2.4512315101115806e-01 1.8477294562079699e+01 21
1 0 1 1 3.9828960004237288e-02 2.8454297452029143e-02 1.0002759670808694e+00 8.9803097800920717e-02 2.4855241770100170e-01 1.8571831712864807e+01 21
1 0 1 1 3.9703759680650999e-02 2.8375018445501242e-02 1.0002876139202010e+00 8.9623981994912602e-02 2.5203380239669343e-01 1.8667752905455888e+01 21
1 0 1 1 3.9577059889448429e-02 2.8295015526931023e-02 1.0002996563449140e+00 8.9444866188904487e-02 2.5556926579045441e-01 1.8765119288710160e+01 21
1 0 1 1 3.9448833500437368e-02 2.8214272731328486e-02 1.0003121008891065e+00 8.9265750382896372e-02 2.5916090495074101e-01 1.8863996277908978e+01 21
1 0 1 1 3.9319051020215767e-02 2.8132772763492547e-02 1.0003249533958865e+00 8.9086634576888257e-02 2.6281096687806677e-01 1.8964453985045182e+01 21
1 0 1 1 3.9187680360089565e-02 2.8050496868467570e-02 1.0003382188859271e+00 8.8907518770880142e-02 2.6652186384325716e-01 1.9066567705823271e+01 20
1 0 1 1 3.9054686572696444e-02 2.7967424684608975e-02 1.0003519014083868e+00 8.8728402964872027e-02 2.7029619079976841e-01 1.9170418472660071e+01 20
1 0 1 1 3.8920029509197825e-02 2.7883511220731766e-02 1.0003660119276210e+00 8.8549287158863912e-02 2.7413679205047431e-01 1.9276094474519788e+01 20
1 0 1 1 3.8783668908752442e-02 2.7798747522852049e-02 1.0003805475815051e+00 8.8370171352855797e-02 2.7804665855870075e-01 1.9383689604774979e+01 20
1 0 1 1 3.8645559949469097e-02 2.7713114864324682e-02 1.0003955059262510e+00 8.8191055546847683e-02 2.8202904842711918e-01 1.9493305984770771e+01 20
1 0 1 1 3.8505652790895011e-02 2.7626584549378122e-02 1.0004108852557541e+00 8.8011939740839568e-02 2.8608751650794206e-01 1.9605054874119766e+01 20
1 0 1 1 3.8363892722012946e-02 2.7539125155287610e-02 1.0004266817873424e+00 8.7832823934831453e-02 2.9022593365718835e-01 1.9719057506784630e+01 20
1 0 1 1 3.8220219552415488e-02 2.7450702193962027e-02 1.0004428893424395e+00 8.7653708128823338e-02 2.9444852718806219e-01 1.9835446377688683e+01 19
1 0 1 1 3.8074566901275912e-02 2.7361277717020689e-02 1.0004594989828377e+00 8.7474592322815223e-02 2.9875992818114144e-01 1.9954366747737296e+01 19
1 0 1 1 3.7926861362539248e-02 2.7270809852455207e-02 1.0004764985956085e+00 8.7295476516807108e-02 3.0316522711600968e-01 2.0075978413956477e+01 19
1 0 1 1 3.7777021519183870e-02 2.7179252257934040e-02 1.0004938724182426e+00 8.7116360710798993e-02 3.0767003967086604e-01 2.0200457803650853e+01 19
1 0 1 1 3.7624956772131707e-02 2.7086553471801503e-02 1.0005116004937844e+00 8.6937244904790878e-02 3.1228058503973760e-01 2.0328000467553089e+01 19
1 0 1 1 3.7470522316285081e-02 2.6992656137472815e-02 1.0005296580433420e+00 8.6758129098782763e-02 3.1700377978542471e-01 2.0458824068298341e+01 18
1 0 1 1 3.7313629111215468e-02 2.6897496069799534e-02 1.0005480147402244e+00 8.6579013292774648e-02 3.2184735114059759e-01 2.0593171989156229e+01 18
1 0 1 1 3.7154168673372408e-02 2.6801001122337017e-02 1.0005666338657875e+00 8.6399897486766533e-02 3.2681997488861653e-01 2.0731317726935540e+01 18
1 0 1 1 3.6991996439592494e-02 2.6703089801135942e-02 1.0005854713214124e+00 8.6220781680758418e-02 3.3193144463092361e-01 2.0873570286586656e+01 18
1 0 1 1 3.6826947917152061e-02 2.6603669552173626e-02 1.0006044744632667e+00 8.6041665874750303e-02 3.3719288158852134e-01 2.1020280869952121e+01 18
1 0 1 1 3.6658834808840760e-02 2.6502634623360093e-02 1.0006235807156327e+00 8.5862550068742188e-02 3.4261699740727580e-01 2.1171851257497430e+01 18
1 0 1 1 3.6487440115769633e-02 2.6399863364294500e-02 1.0006427159030993e+00 8.5683434262734073e-02 3.4821842722827456e-01 2.1328744435371547e+01 17
1 0 1 1 3.6312509800007761e-02 2.6295191157019403e-02 1.0006618094766011e+00 8.5504318456725958e-02 3.5401419318522426e-01 2.1491498208138214e+01 17
1 0 1 1 3.6133748684515299e-02 2.6188450405780713e-02 1.0006807615421485e+00 8.5325202650717843e-02 3.6002418593148999e-01 2.1660742718364649e+01 17
1 0 1 1 3.5950810216631553e-02 2.6079472930065260e-02 1.0006994302980059e+00 8.5146086844709729e-02 3.6627190161796780e-01 2.1837224554188072e+01 18
1 0 1 1 3.5763277163032715e-02 2.5968026432321007e-02 1.0007176691412278e+00 8.4966971038701614e-02 3.7278552052723640e-01 2.2021838421904274e+01 18
1 0 1 1 3.5570644103675997e-02 2.5853829977958199e-02 1.0007353027831143e+00 8.4787855232693499e-02 3.7959923662528644e-01 2.2215670970689690e+01 18
1 0 1 1 3.5372280100186150e-02 2.5736538621038533e-02 1.0007521200901375e+00 8.4608739426685384e-02 3.8675519635695149e-01 2.2420062851377981e+01 18
1 0 1 1 3.5167328400763073e-02 2.5615721131916996e-02 1.0007678641315660e+00 8.4429623620677269e-02 3.9430631832486718e-01 2.2636699031025532e+01 19
1 0 1 1 3.4954880468228325e-02 2.5490826605845548e-02 1.0007822178231296e+00 8.4250507814669154e-02 4.0232053740093676e-01 2.2867744826755956e+01 19
1 0 1 1 3.4733627703627444e-02 2.5361132283186132e-02 1.0007947822829553e+00 8.4071392008661039e-02 4.1088746351854455e-01 2.3116059491662490e+01 19
1 0 1 1 3.4501791999820175e-02 2.5225652161997004e-02 1.0008050477051964e+00 8.3892276202652924e-02 4.2012938017958218e-01 2.3385548933247009e+01 20
1 0 1 1 3.4256847371965583e-02 2.5082928718846480e-02 1.0008123911137601e+00 8.3713160396644809e-02 4.3022062307089071e-01 2.3681784734599823e+01 20
1 0 1 1 3.3995009143163592e-02 2.4930949354291267e-02 1.0008157706272647e+00 8.3534044590636694e-02 4.4142468527719164e-01 2.4013209621951081e+01 21
1 0 1 1 3.3710064796236588e-02 2.4766313873882916e-02 1.0008137008167035e+00 8.3354928784628579e-02 4.5417456696023706e-01 2.4393710275007578e+01 21
1 0 1 1 3.3390415010201326e-02 2.4582723553610172e-02 1.0008036164228284e+00 8.3175812978620464e-02 4.6927909708358811e-01 2.4849267508955094e+01 22
1 0 1 1 3.3009422736945772e-02 2.4365479714034369e-02 1.0007799832812405e+00 8.2996697172612349e-02 4.8863964898509277e-01 2.5441064337833115e+01 23
1 0 1 1 3.2450938540426931e-02 2.4050874416183601e-02 1.0007206028727527e+00 8.2817581366604234e-02 5.2058741276757581e-01 2.6437801589147881e+01 27
1 0 1 1 3.2420563501866485e-02 2.4033942911382718e-02 1.0007164789163301e+00 8.2811270013047875e-02 5.2247961281372579e-01 2.6497648289917546e+01 16
1 0 1 1 3.2388030548231327e-02 2.4015831104528308e-02 1.0007119560942550e+00 8.2804958659491515e-02 5.2452744597627843e-01 2.6562521472326534e+01 23
1 0 1 1 3.2352726435171092e-02 2.3996203682595665e-02 1.0007069234499157e+00 8.2798647305935155e-02 5.2677531587930504e-01 2.6633856540027178e+01 23
1 0 1 1 3.2313676391046806e-02 2.3974527671433210e-02 1.0007012049118855e+00 8.2792335952378796e-02 5.2929382794777358e-01 2.6713936090834220e+01 24
1 0 1 1 3.2269148878271009e-02 2.3949856351244365e-02 1.0006944882444930e+00 8.2786024598822436e-02 5.3220844635737319e-01 2.6806816586335451e+01 24
1 0 1 1 3.2215431860358489e-02 2.3920160228200624e-02 1.0006861052331597e+00 8.2779713245266076e-02 5.3578823604666548e-01 2.6921198084849767e+01 25
1 0 1 1 3.2140428045846423e-02 2.3878825541165830e-02 1.0006738822147949e+00 8.2773401891709716e-02 5.4091040691079417e-01 2.7085447316964764e+01 18
1 0 1 1 3.2100710674605029e-02 2.3857001838745163e-02 1.0006671624838295e+00 8.2771299229465856e-02 5.4368490745850584e-01 2.7174704572088732e+01 18
1 0 1 1 3.2081356586351056e-02 2.3846384227879304e-02 1.0006638253885025e+00 8.2770598359855618e-02 5.4505329597883834e-01 2.7218801522707960e+01 15
1 0 1 1 3.2047505855357816e-02 2.3827841442087480e-02 1.0006578894329354e+00 8.2769897490245381e-02 5.4747339846024945e-01 2.7296912249376405e+01 27
1 0 1 1 3.1997228687522382e-02 2.3800368047416018e-02 1.0006488378630687e+00 8.2770131109492356e-02 5.5113337565112686e-01 2.7415337445270463e+01 33
