isScalarized | massIncreased | isMonotoneInside | isMonotoneOutside | mass_Baryon | mass_ADM | AST(radius) | radius  |  phi_c | rho_c | ctr |
1 0 1 1 9.1756353595920913e-04 9.1471620581722209e-04 9.9999912771565902e-01 4.0557449999999995e-01 4.9878006685583369e-04 1.2753835698106855e-01 10
1 0 1 1 9.0418808527815595e-04 9.0134339664566117e-04 9.9999521853805340e-01 3.9657450000000000e-01 1.1732139167338412e-03 1.3832624817128922e-01 10
1 0 1 1 9.0272388989756527e-04 8.9987934112927285e-04 9.9999477477884569e-01 3.9557450000000000e-01 1.2270534201312298e-03 1.3958378248163361e-01 10
1 0 1 1 8.9980870613621524e-04 8.9696434302415854e-04 9.9999388130997768e-01 3.9357449999999999e-01 1.3291160996550006e-03 1.4213569064455722e-01 10
1 0 1 1 8.9835772187929757e-04 8.9551340423453280e-04 9.9999343154695497e-01 3.9257449999999999e-01 1.3777597952630155e-03 1.4343032707965178e-01 10
1 0 1 1 8.9691114533971825e-04 8.9406684136927731e-04 9.9999297972870216e-01 3.9157449999999999e-01 1.4250337437548670e-03 1.4473759632745423e-01 10
1 0 1 1 8.9546897840903821e-04 8.9262465615360569e-04 9.9999252582763698e-01 3.9057449999999999e-01 1.4710721277161026e-03 1.4605763400583641e-01 10
1 0 1 1 8.9403122291252285e-04 8.9118685024478536e-04 9.9999206981580713e-01 3.8957449999999999e-01 1.5159896026014305e-03 1.4739057751630857e-01 10
1 0 1 1 8.9259788060981908e-04 8.8975342523284803e-04 9.9999161166488515e-01 3.8857449999999999e-01 1.5598850519624409e-03 1.4873656607475008e-01 10
1 0 1 1 8.9116895319617110e-04 8.8832438264165297e-04 9.9999115134616323e-01 3.8757449999999999e-01 1.6028444636324822e-03 1.5009574074228618e-01 10
1 0 1 1 8.8974444230328757e-04 8.8689972392983569e-04 9.9999068883054720e-01 3.8657449999999999e-01 1.6449431658812140e-03 1.5146824445707452e-01 10
1 0 1 1 8.8832434950040021e-04 8.8547945049178829e-04 9.9999022408855176e-01 3.8557449999999999e-01 1.6862475893289815e-03 1.5285422206670704e-01 10
1 0 1 1 8.8690867629534161e-04 8.8406356365867446e-04 9.9998975709029381e-01 3.8457449999999999e-01 1.7268166719650870e-03 1.5425382036116192e-01 10
1 0 1 1 8.8549742413555031e-04 8.8265206469943650e-04 9.9998928780548735e-01 3.8357449999999998e-01 1.7667029917822394e-03 1.5566718810651914e-01 10
1 0 1 1 8.8409059440920624e-04 8.8124495482192562e-04 9.9998881620343727e-01 3.8257449999999998e-01 1.8059536888644515e-03 1.5709447607939747e-01 10
1 0 1 1 7.4329321517286554e-04 7.4005562125201607e-04 9.9989437060128739e-01 2.5757449999999998e-01 5.6148192848208952e-03 5.3339242594514558e-01 10
1 0 1 1 7.2273064150205394e-04 7.1926873094702297e-04 9.9985565274474941e-01 2.3126811273061260e-01 6.5068894848104705e-03 7.1758707688204504e-01 27
1 0 1 1 7.1392766507564120e-04 7.1032479655423991e-04 9.9983170162284662e-01 2.1841988424557857e-01 6.9875273259266514e-03 8.3735034784151552e-01 25
1 0 1 1 7.0598624734356742e-04 7.0221616460165292e-04 9.9980329291304282e-01 2.0557165576054454e-01 7.5076666380007092e-03 9.8480559372376897e-01 24
1 0 1 1 6.9895467746213425e-04 6.9498532332525618e-04 9.9976922750414721e-01 1.9272342727551051e-01 8.0771220246445303e-03 1.1691760159526245e+00 24
1 0 1 1 6.9289344965363961e-04 6.8868509147924179e-04 9.9972789727304201e-01 1.7987519879047648e-01 8.7085468670211833e-03 1.4038743468470551e+00 25
1 0 1 1 6.9015709112941375e-04 6.8564608331716072e-04 9.9967490342778687e-01 1.6702697030544245e-01 9.3688849493114967e-03 1.5287815275704730e+00 24
1 1 1 1 6.9630092954961844e-04 6.9136591346840345e-04 9.9959956922810311e-01 1.5417874182040842e-01 1.0053342866301222e-02 1.6279542055040932e+00 23
1 1 1 1 7.1417119734977670e-04 7.0862084460636670e-04 9.9948786702153414e-01 1.4133051333537439e-01 1.0840237754174835e-02 1.7277866000964786e+00 23
1 1 1 1 7.4947931590996783e-04 7.4297876204645365e-04 9.9931250711358588e-01 1.2848228485034036e-01 1.1831047147935965e-02 1.8393898960998312e+00 23
1 1 1 1 8.1604633367557118e-04 8.0790321953774021e-04 9.9901104687253828e-01 1.1563405636530633e-01 1.3224213912244060e-02 1.9791823434886031e+00 24
1 1 1 1 9.5523289450194471e-04 9.4358292729176463e-04 9.9840242638757970e-01 1.0278582788027230e-01 1.5559645185904835e-02 2.1859936646316172e+00 26
1 1 1 1 1.3994075572264977e-03 1.3742238906974389e-03 9.9653592614358399e-01 8.9937599395238266e-02 2.1628685184433040e-02 2.6390753261050262e+00 29
1 1 1 1 1.5583863068930465e-03 1.5274168360357929e-03 9.9589893350184333e-01 8.8272088295326442e-02 2.3585267692493139e-02 2.7695683189157170e+00 24
1 1 1 1 1.8370105083437374e-03 1.7947332908857434e-03 9.9482104556035100e-01 8.6606577195414619e-02 2.6854167556597107e-02 2.9764268930548261e+00 25
1 1 1 1 1.9997021597829147e-03 1.9501475114152697e-03 9.9421260370787268e-01 8.6071968694208356e-02 2.8686416417381202e-02 3.0873991183258012e+00 26
1 1 1 1 2.3430856990974782e-03 2.2765808580102187e-03 9.9297353448090941e-01 8.5537360193002093e-02 3.2402707002610789e-02 3.3037357880655520e+00 27
1 1 1 1 2.4552112816234872e-03 2.3827108878076426e-03 9.9258105883298031e-01 8.5478692593418421e-02 3.3577195182071293e-02 3.3700288756470878e+00 27
1 1 1 1 2.5053034727807867e-03 2.4300588861833230e-03 9.9240748516399357e-01 8.5465794573959877e-02 3.4096316783389417e-02 3.3990478017658452e+00 42
1 1 1 1 2.7174808881073771e-03 2.6301052833234244e-03 9.9168404056553572e-01 8.5485334078892194e-02 3.6258537102073517e-02 3.5182106470663403e+00 27
1 1 1 1 2.7681067608550992e-03 2.6777239499849895e-03 9.9151409613597707e-01 8.5504873583824512e-02 3.6766167736012295e-02 3.5458124984889343e+00 28
1 1 1 1 2.8094511581781543e-03 2.7165833203613011e-03 9.9137603134538310e-01 8.5524413088756829e-02 3.7178496746936567e-02 3.5681336374882715e+00 28
1 1 1 1 2.8455268089142135e-03 2.7504585234464692e-03 9.9125612723712442e-01 8.5543952593689146e-02 3.7536556350667917e-02 3.5874483841003086e+00 28
1 1 1 1 2.8782234279687924e-03 2.7811544179062011e-03 9.9114782496775466e-01 8.5563492098621463e-02 3.7859908930977959e-02 3.6048345093671426e+00 28
1 1 1 1 2.9083549718692302e-03 2.8094182376095867e-03 9.9104840512980941e-01 8.5583031603553780e-02 3.8156733940854344e-02 3.6207512507012383e+00 28
1 1 1 1 2.9365735088481815e-03 2.8358739811784055e-03 9.9095559920644594e-01 8.5602571108486097e-02 3.8433788523747035e-02 3.6355699181231507e+00 28
1 1 1 1 3.1442710207972681e-03 3.0301916874751009e-03 9.9028124360251635e-01 8.5778708086075572e-02 4.0446345655185095e-02 3.7421703686674057e+00 28
1 1 1 1 3.3118666250972740e-03 3.1864659443522430e-03 9.8974785619318639e-01 8.5954845063665047e-02 4.2037623112762532e-02 3.8252547561356907e+00 28
1 1 1 1 3.4608511637484428e-03 3.3249966172818430e-03 9.8928134087624764e-01 8.6130982041254522e-02 4.3429076925615470e-02 3.8971157975467237e+00 29
1 1 1 1 3.5987910973059689e-03 3.4529422123346447e-03 9.8885550462810134e-01 8.6307119018843997e-02 4.4698970458277788e-02 3.9621044825721028e+00 29
1 1 1 1 3.7293801628697377e-03 3.5738000180861890e-03 9.8845752503107898e-01 8.6483255996433472e-02 4.5885620382965779e-02 4.0223561103849050e+00 29
1 1 1 1 3.8547242427030303e-03 3.6895340260570319e-03 9.8808018443353884e-01 8.6659392974022947e-02 4.7010658107325382e-02 4.0790862201285512e+00 29
1 1 1 1 3.9762307108792702e-03 3.8015036254697892e-03 9.8771849320728444e-01 8.6835529951612422e-02 4.8088916267020929e-02 4.1331160649087133e+00 29
1 1 1 1 4.0947980893392757e-03 3.9105322739771279e-03 9.8736941573093773e-01 8.7011666929201897e-02 4.9129536862302627e-02 4.1849671046509558e+00 30
1 1 1 1 4.2111211519206037e-03 4.0172884264003169e-03 9.8703049743959093e-01 8.7187803906791372e-02 5.0139812617653663e-02 4.2350448606766165e+00 30
1 1 1 1 4.3256986189432450e-03 4.1222364044019221e-03 9.8670003023600605e-01 8.7363940884380847e-02 5.1124860235316150e-02 4.2836397181382582e+00 30
1 1 1 1 4.4389187176900749e-03 4.2257500058372763e-03 9.8637664289602756e-01 8.7540077861970322e-02 5.2088764728729066e-02 4.3309816563901755e+00 30
1 1 1 1 4.5510909307418879e-03 4.3281110408977010e-03 9.8605930185679280e-01 8.7716214839559797e-02 5.3034624323575016e-02 4.3772480015357713e+00 30
1 1 1 1 4.6624696888209445e-03 4.4295751765990980e-03 9.8574707592625910e-01 8.7892351817149272e-02 5.3965184123751064e-02 4.4225911830051361e+00 30
1 1 1 1 4.7732388625842974e-03 4.5302760192911622e-03 9.8543947111275121e-01 8.8068488794738747e-02 5.4882014755951683e-02 4.4671122715958047e+00 30
1 1 1 1 4.8835998480152715e-03 4.6304488937932023e-03 9.8513564295307521e-01 8.8244625772328222e-02 5.5787512289088056e-02 4.5109344695428355e+00 30
1 1 1 1 4.9936767098419958e-03 4.7301724429760633e-03 9.8483530216428494e-01 8.8420762749917697e-02 5.6682636327710416e-02 4.5541246331850660e+00 30
1 1 1 1 5.1035995850673005e-03 4.8295765615790449e-03 9.8453798421191463e-01 8.8596899727507172e-02 5.7568750150061222e-02 4.5967592511441770e+00 31
1 1 1 1 5.2134857488585198e-03 4.9287757985387575e-03 9.8424328258382354e-01 8.8773036705096647e-02 5.8447040288599768e-02 4.6389046355377417e+00 31
1 1 1 1 5.3234324449516332e-03 5.0278585005599967e-03 9.8395088582408774e-01 8.8949173682686122e-02 5.9318432734115113e-02 4.6806150418271901e+00 31
1 1 1 1 5.4334977841427644e-03 5.1268577511239645e-03 9.8366067743218133e-01 8.9125310660275597e-02 6.0183360127276694e-02 4.7219263437388967e+00 31
1 1 1 1 5.5437909038314930e-03 5.2258899404495933e-03 9.8337225416514285e-01 8.9301447637865072e-02 6.1042932583009198e-02 4.7628936904724037e+00 31
1 1 1 1 5.6543753017942481e-03 5.3250356950695233e-03 9.8308534004274994e-01 8.9477584615454547e-02 6.1897930659142057e-02 4.8035592313957096e+00 31
1 1 1 1 5.7652890012917860e-03 5.4242627125369574e-03 9.8280005170929208e-01 8.9653721593044022e-02 6.2748184979819432e-02 4.8439347185409138e+00 31
1 1 1 1 5.8766158392291349e-03 5.5237264841234935e-03 9.8251585856907253e-01 8.9829858570633497e-02 6.3595058179868880e-02 4.8840766798902955e+00 31
1 1 1 1 5.9883852767976010e-03 5.6233770980185531e-03 9.8223294118524263e-01 9.0005995548222972e-02 6.4438212462724354e-02 4.9239896111866841e+00 31
1 1 1 1 6.1006669758450543e-03 5.7233190835266970e-03 9.8195094902180646e-01 9.0182132525812447e-02 6.5278558248636820e-02 4.9637136508346247e+00 31
1 1 1 1 6.2134981862009483e-03 5.8235886545667309e-03 9.8166976895386615e-01 9.0358269503401922e-02 6.6116435060645157e-02 5.0032710554924860e+00 31
1 1 1 1 6.3269232384075124e-03 5.9242013635719386e-03 9.8138936009104327e-01 9.0534406480991397e-02 6.6952008045497446e-02 5.0426784508391327e+00 32
1 1 1 1 6.4409693847107046e-03 6.0251750930964704e-03 9.8110967457014875e-01 9.0710543458580872e-02 6.7785454830239567e-02 5.0819522966012576e+00 32
1 1 1 1 6.5556893523477273e-03 6.1265682951298986e-03 9.8083052697512907e-01 9.0886680436170347e-02 6.8617264832298588e-02 5.1211167845995629e+00 32
1 1 1 1 6.6711162258156070e-03 6.2284078790922643e-03 9.8055184134430684e-01 9.1062817413759822e-02 6.9447668194755174e-02 5.1601883644227069e+00 32
1 1 1 1 6.7872835993685468e-03 6.3307209884025436e-03 9.8027354210878404e-01 9.1238954391349297e-02 7.0276889688114477e-02 5.1991828283173520e+00 32
1 1 1 1 6.9042255587424325e-03 6.4335349803773898e-03 9.7999555415700457e-01 9.1415091368938772e-02 7.1105148748013533e-02 5.2381153501995454e+00 32
1 1 1 1 7.0219766548137112e-03 6.5368773989788022e-03 9.7971780292291522e-01 9.1591228346528247e-02 7.1932659445061720e-02 5.2770005201131491e+00 32
1 1 1 1 7.1405610227062901e-03 6.6407569583521210e-03 9.7944027895188468e-01 9.1767365324117722e-02 7.2759486090418754e-02 5.3158489041948966e+00 32
1 1 1 1 7.2600097017536972e-03 6.7451928847315767e-03 9.7916293803441046e-01 9.1943502301707197e-02 7.3585769399521786e-02 5.3546727474009641e+00 32
1 1 1 1 7.3803693619558172e-03 6.8502314715789339e-03 9.7888564531476019e-01 9.2119639279296672e-02 7.4411848602693731e-02 5.3934886357646912e+00 32
1 1 1 1 7.5016383465700684e-03 6.9559011906192899e-03 9.7860832769547079e-01 9.2295776256886147e-02 7.5237920366650224e-02 5.4323093209540740e+00 32
1 1 1 1 7.6238767899682921e-03 7.0622152219310935e-03 9.7833096493534666e-01 9.2471913234475622e-02 7.6064061598874105e-02 5.4711445563701231e+00 32
1 1 1 1 7.7470947088229668e-03 7.1691495898384200e-03 9.7805366330293420e-01 9.2648050212065097e-02 7.6890071317392172e-02 5.5099979456046437e+00 32
1 1 1 1 7.8713225489382525e-03 7.2767930901460739e-03 9.7777614912874222e-01 9.2824187189654572e-02 7.7716580008640124e-02 5.5488913158389233e+00 32
1 1 1 1 7.9965957541786262e-03 7.3851351846875735e-03 9.7749848545030371e-01 9.3000324167244047e-02 7.8543476289704137e-02 5.5878298372598572e+00 33
1 1 1 1 8.1229421520783891e-03 7.4941758006706006e-03 9.7722070095169378e-01 9.3176461144833522e-02 7.9370725680023665e-02 5.6268205879185773e+00 33
1 1 1 1 8.2503800480807389e-03 7.6039970090702571e-03 9.7694254875514541e-01 9.3352598122422997e-02 8.0198886470484398e-02 5.6658827018285258e+00 33
1 1 1 1 8.3789490667829890e-03 7.7145215591860354e-03 9.7666431945819665e-01 9.3528735100012472e-02 8.1027356769322781e-02 5.7050115489694742e+00 33
1 1 1 1 8.5086603014401085e-03 7.8258820177414951e-03 9.7638559909705158e-01 9.3704872077601947e-02 8.1857047355030271e-02 5.7442328978620427e+00 33
1 1 1 1 8.6395611575920440e-03 7.9379811536959746e-03 9.7610674729965496e-01 9.3881009055191422e-02 8.2687211090310450e-02 5.7835396897722759e+00 33
1 1 1 1 8.7716622678131878e-03 8.0509453784151797e-03 9.7582737378936735e-01 9.4057146032780897e-02 8.3518699011716546e-02 5.8229558593816604e+00 33
1 1 1 1 8.9050095613335007e-03 8.1647134990732138e-03 9.7554771937385731e-01 9.4233283010370372e-02 8.4351019599569685e-02 5.8624797598432181e+00 33
1 1 1 1 9.0396252632523235e-03 8.2793506524434044e-03 9.7526760222132247e-01 9.4409419987959847e-02 8.5184575150861183e-02 5.9021264820818029e+00 33
1 1 1 1 9.1755391956060365e-03 8.3948857835186210e-03 9.7498696362350834e-01 9.4585556965549322e-02 8.6019505099504692e-02 5.9419061465524941e+00 33
1 1 1 1 9.3127850137971948e-03 8.5112699031397020e-03 9.7470600685286335e-01 9.4761693943138797e-02 8.6855401325052289e-02 5.9818194925194517e+00 33
1 1 1 1 9.4513778203955852e-03 8.6286016138704454e-03 9.7442444279266283e-01 9.4937830920728272e-02 8.7692882306944497e-02 6.0218850727661657e+00 33
1 1 1 1 9.5913696377443684e-03 8.7468837650689808e-03 9.7414230447187655e-01 9.5113967898317747e-02 8.8531892512128688e-02 6.0621098169043117e+00 33
1 1 1 1 9.7327817561076255e-03 8.8660767700702008e-03 9.7385976801815577e-01 9.5290104875907222e-02 8.9372083155091320e-02 6.1024963185004228e+00 33
1 1 1 1 9.8756519251103226e-03 8.9862698938038728e-03 9.7357658065873165e-01 9.5466241853496697e-02 9.0213988429355352e-02 6.1430614482885284e+00 33
1 1 1 1 1.0019997917485285e-02 9.1074810825458631e-03 9.7329272986666016e-01 9.5642378831086172e-02 9.1057644932620432e-02 6.1838140865765698e+00 33
1 1 1 1 1.0165875308894954e-02 9.2297042988026459e-03 9.7300828495511849e-01 9.5818515808675647e-02 9.1902922787572838e-02 6.2247609125226964e+00 34
1 1 1 1 1.0313310762146430e-02 9.3529446065301128e-03 9.7272327990984409e-01 9.5994652786265122e-02 9.2749765391681685e-02 6.2659100911877665e+00 34
1 1 1 1 1.0462354480207131e-02 9.4772642105820076e-03 9.7243756007125359e-01 9.6170789763854597e-02 9.3598496784394650e-02 6.3072753573022000e+00 34
1 1 1 1 1.0612998625129199e-02 9.6026841096206756e-03 9.7215111049520553e-01 9.6346926741444072e-02 9.4449156120023789e-02 6.3488664888353261e+00 34
1 1 1 1 1.0765322108066439e-02 9.7292261448575657e-03 9.7186391562582553e-01 9.6523063719033547e-02 9.5301783236438467e-02 6.3906935403419256e+00 34
1 1 1 1 1.0919363212556432e-02 9.8569130507195693e-03 9.7157595925239326e-01 9.6699200696623022e-02 9.6156418729611060e-02 6.4327668649869736e+00 34
1 1 1 1 1.1075147252847879e-02 9.9857300449797941e-03 9.7128735289697998e-01 9.6875337674212497e-02 9.7012849992294620e-02 6.4750941465339329e+00 34
1 1 1 1 1.1232729330391883e-02 1.0115741338244548e-02 9.7099794695018404e-01 9.7051474651801972e-02 9.7871382283198166e-02 6.5176897102738236e+00 34
1 1 1 1 1.1392152599514625e-02 1.0246975193003374e-02 9.7070771461630623e-01 9.7227611629391447e-02 9.8732075238477005e-02 6.5605651249725971e+00 34
1 1 1 1 1.1553461164725568e-02 1.0379458541655770e-02 9.7041663647263476e-01 9.7403748606980922e-02 9.9594973233970777e-02 6.6037321615378666e+00 34
1 1 1 1 1.1716695366217838e-02 1.0513219503746927e-02 9.7012469224730213e-01 9.7579885584570397e-02 1.0046012168559235e-01 6.6472030211941107e+00 34
1 1 1 1 1.1881896361267174e-02 1.0648287459414268e-02 9.6983186077240247e-01 9.7756022562159872e-02 1.0132756711435981e-01 6.6909903681936225e+00 34
1 1 1 1 1.2049129949665394e-02 1.0784693128488374e-02 9.6953811993499894e-01 9.7932159539749347e-02 1.0219735721222323e-01 6.7351073651347333e+00 34
1 1 1 1 1.2218448904065950e-02 1.0922468655920241e-02 9.6924344662560680e-01 9.8108296517338822e-02 1.0306954090927013e-01 6.7795677111975765e+00 34
1 1 1 1 1.2389908487838724e-02 1.1061647704322485e-02 9.6894781668354957e-01 9.8284433494928297e-02 1.0394416844322048e-01 6.8243856836491750e+00 34
1 1 1 1 1.2563566621514619e-02 1.1202265554477581e-02 9.6865120483866141e-01 9.8460570472517772e-02 1.0482129143189750e-01 6.8695761830085269e+00 34
1 1 1 1 1.2739484064098656e-02 1.1344359214800806e-02 9.6835358464866383e-01 9.8636707450107247e-02 1.0570096294959513e-01 6.9151547823163213e+00 34
1 1 1 1 1.2917724611069171e-02 1.1487967540884528e-02 9.6805492843148100e-01 9.8812844427696722e-02 1.0658323760832540e-01 6.9611377810157604e+00 34
1 1 1 1 1.3098355311102507e-02 1.1633131366369140e-02 9.6775520719173391e-01 9.8988981405286197e-02 1.0746817164484894e-01 7.0075422640128702e+00 35
1 1 1 1 1.3281446703901179e-02 1.1779893646622148e-02 9.6745439054041438e-01 9.9165118382875672e-02 1.0835582301482695e-01 7.0543861665778751e+00 35
1 1 1 1 1.3467073081804136e-02 1.1928299616856099e-02 9.6715244660678645e-01 9.9341255360465147e-02 1.0924625149515922e-01 7.1016883458331179e+00 35
1 1 1 1 1.3655312778300564e-02 1.2078396966627143e-02 9.6684934194124916e-01 9.9517392338054622e-02 1.1013951879611467e-01 7.1494686596948833e+00 35
1 1 1 1 1.3846248487005856e-02 1.2230236032885550e-02 9.6654504140788511e-01 9.9693529315644097e-02 1.1103568868465928e-01 7.1977480542590619e+00 35
1 1 1 1 1.4039963960402432e-02 1.2383870014156848e-02 9.6623950806504100e-01 9.9869666293233572e-02 1.1193482712099136e-01 7.2465486607890908e+00 35
1 1 1 1 1.4236533341002031e-02 1.2539355208799537e-02 9.6593270303221623e-01 1.0004580327082305e-01 1.1283700241018402e-01 7.2958939036435515e+00 35
1 1 1 1 1.4436072812227838e-02 1.2696751280790911e-02 9.6562458534109785e-01 1.0022194024841252e-01 1.1374228537139544e-01 7.3458086207032638e+00 35
1 1 1 1 1.4638686429695909e-02 1.2856121557104376e-02 9.6531511176831619e-01 1.0039807722600200e-01 1.1465074952737633e-01 7.3963191981337451e+00 35
1 1 1 1 1.4844484841780581e-02 1.3017533361391753e-02 9.6500423664706958e-01 1.0057421420359147e-01 1.1556247131733681e-01 7.4474537216244325e+00 35
1 1 1 1 1.5053585907777795e-02 1.3181058389619235e-02 9.6469191165417967e-01 1.0075035118118095e-01 1.1647753033703120e-01 7.4992421466557424e+00 35
1 1 1 1 1.5266113384014075e-02 1.3346754457721106e-02 9.6437815049065889e-01 1.0092648815877042e-01 1.1739589342536307e-01 7.5517166451830944e+00 35
1 1 1 1 1.5482202365778375e-02 1.3514699760855495e-02 9.6406291216167839e-01 1.0110262513635990e-01 1.1831762525321510e-01 7.6049118604736776e+00 35
1 1 1 1 1.5701999630564571e-02 1.3685002046251492e-02 9.6374606932026574e-01 1.0127876211394937e-01 1.1924294189167395e-01 7.6588646177570698e+00 35
1 1 1 1 1.5925660117940062e-02 1.3857755588249199e-02 9.6342755975206296e-01 1.0145489909153885e-01 1.2017193982342909e-01 7.7136146194367887e+00 35
1 1 1 1 1.6153329069189003e-02 1.4033061843505907e-02 9.6310731694715568e-01 1.0163103606912832e-01 1.2110472052839423e-01 7.7692047059846887e+00 35
1 1 1 1 1.6385168386893724e-02 1.4211030275161764e-02 9.6278526962069699e-01 1.0180717304671780e-01 1.2204139101187515e-01 7.8256812295150500e+00 35
1 1 1 1 1.6621408156474348e-02 1.4391779305581592e-02 9.6246134115677584e-01 1.0198331002430727e-01 1.2298206441446323e-01 7.8830944857352661e+00 35
1 1 1 1 1.6862259580892779e-02 1.4575437422956250e-02 9.6213544896037728e-01 1.0215944700189675e-01 1.2392686071900445e-01 7.9414992157912785e+00 35
1 1 1 1 1.7107954448203157e-02 1.4762098071166841e-02 9.6180767249820731e-01 1.0233558397948622e-01 1.2487561694571828e-01 8.0009577286940115e+00 36
1 1 1 1 1.7358744950073574e-02 1.4951951197317088e-02 9.6147778276534390e-01 1.0251172095707570e-01 1.2582870038418362e-01 8.0615343132345281e+00 36
1 1 1 1 1.7614906328832582e-02 1.5145173208999545e-02 9.6114564216525533e-01 1.0268785793466517e-01 1.2678631259282902e-01 8.1233006767745231e+00 36
1 1 1 1 1.7876692031170430e-02 1.5341948698004936e-02 9.6081113426729081e-01 1.0286399491225465e-01 1.2774861233140949e-01 8.1863364376577259e+00 36
1 1 1 1 1.8144452537634990e-02 1.5542481627975105e-02 9.6047413112332525e-01 1.0304013188984412e-01 1.2871577112600754e-01 8.2507298760937520e+00 36
1 1 1 1 1.8418589502110373e-02 1.5746998405515456e-02 9.6013449143867990e-01 1.0321626886743360e-01 1.2968797518451178e-01 8.3165793298368076e+00 36
1 1 1 1 1.8699524121258894e-02 1.5955720140484384e-02 9.5979218010846168e-01 1.0339240584502307e-01 1.3066522445279516e-01 8.3839982910157058e+00 36
1 1 1 1 1.8987723961774092e-02 1.6168934795713477e-02 9.5944700960664253e-01 1.0356854282261255e-01 1.3164776622908461e-01 8.4531113747017912e+00 36
1 1 1 1 1.9283708461111430e-02 1.6386991176160007e-02 9.5909867323955078e-01 1.0374467980020202e-01 1.3263603132003585e-01 8.5240562997364844e+00 36
1 1 1 1 1.9588030127822492e-02 1.6610253160234553e-02 9.5874694684946971e-01 1.0392081677779150e-01 1.3363029584969632e-01 8.5969931673125739e+00 36
1 1 1 1 1.9901362546303154e-02 1.6839137135912726e-02 9.5839157483219295e-01 1.0409695375538097e-01 1.3463086904897392e-01 8.6721058120666417e+00 36
1 1 1 1 2.0224540550720094e-02 1.7074123495898760e-02 9.5803226321378498e-01 1.0427309073297045e-01 1.3563810013118285e-01 8.7496070458397597e+00 36
1 1 1 1 2.0558485979940089e-02 1.7315758356982111e-02 9.5766872831658201e-01 1.0444922771055992e-01 1.3665229404193385e-01 8.8297482260350755e+00 36
1 1 1 1 2.0904291532903158e-02 1.7564678884979701e-02 9.5730066965047644e-01 1.0462536468814940e-01 1.3767375051208874e-01 8.9128288855172730e+00 36
1 1 1 1 2.1263218564661509e-02 1.7821708949060103e-02 9.5692744168954169e-01 1.0480150166573887e-01 1.3870327899591961e-01 8.9991923893380594e+00 36
1 1 1 1 2.1636810443855466e-02 1.8087795262481068e-02 9.5654846751829825e-01 1.0497763864332835e-01 1.3974151578079597e-01 9.0892631147836731e+00 36
1 1 1 1 2.2026919548354135e-02 1.8364098568697980e-02 9.5616304059402901e-01 1.0515377562091782e-01 1.4078922468720223e-01 9.1835629698253740e+00 36
1 1 1 1 2.2435914976172547e-02 1.8652068918493584e-02 9.5577027890778732e-01 1.0532991259850730e-01 1.4184733990546983e-01 9.2827458813751740e+00 36
1 1 1 1 2.2866851333923750e-02 1.8953558874625690e-02 9.5536905596194455e-01 1.0550604957609677e-01 1.4291702978822607e-01 9.3876497072754717e+00 37
1 1 1 1 2.3323687249678888e-02 1.9271001001501465e-02 9.5495789240082418e-01 1.0568218655368625e-01 1.4399979589098580e-01 9.4993777002511184e+00 37
1 1 1 1 2.3811798281655569e-02 1.9607700840236886e-02 9.5453477684990573e-01 1.0585832353127572e-01 1.4509763485956989e-01 9.6194330945341253e+00 37
1 1 1 1 2.4338813905424143e-02 1.9968353118308073e-02 9.5409684968159336e-01 1.0603446050886520e-01 1.4621332090422204e-01 9.7499564411325412e+00 37
1 1 1 1 2.4916223924464000e-02 2.0360032731647854e-02 9.5363979469135318e-01 1.0621059748645467e-01 1.4735094287686290e-01 9.8941815910173467e+00 37
1 1 1 1 2.5562849633966066e-02 2.0794336571642938e-02 9.5315652118346528e-01 1.0638673446404415e-01 1.4851705410995414e-01 1.0057421956784442e+01 37
1 1 1 1 2.6313546005082310e-02 2.1292909245551026e-02 9.5263375423686047e-01 1.0656287144163362e-01 1.4972361132797471e-01 1.0249616730602863e+01 37
1 1 1 1 2.7251595607484871e-02 2.1906964635441367e-02 9.5204049977303162e-01 1.0673900841922310e-01 1.5099745330167469e-01 1.0494432191623694e+01 37
1 1 1 1 2.8756426518764134e-02 2.2871067059057809e-02 9.5123404282937873e-01 1.0691514539681257e-01 1.5245815270844457e-01 1.0900516386517062e+01 37
1 1 1 1 2.8833898050999097e-02 2.2920023928168436e-02 9.5119751044955758e-01 1.0692052293041734e-01 1.5251273243203345e-01 1.0921950102732913e+01 36
1 1 1 1 3.0795245057845172e-02 2.4133968006567537e-02 9.5045380552291203e-01 1.0692590046402212e-01 1.5313315260743088e-01 1.1485504547088736e+01 37
1 1 1 1 3.1115412817849693e-02 2.4327689739899006e-02 9.5036688265031888e-01 1.0690145467059184e-01 1.5308424351763417e-01 1.1582015197765346e+01 37
1 1 1 1 3.1364852369358563e-02 2.4477444927339765e-02 9.5030707125753766e-01 1.0687700887716156e-01 1.5301269481865359e-01 1.1658200657674726e+01 37
1 1 1 1 3.1576359943619584e-02 2.4603818086970732e-02 9.5026133559641035e-01 1.0685256308373128e-01 1.5292934942850747e-01 1.1723532254662484e+01 37
1 1 1 1 3.1762763926408678e-02 2.4714821925861143e-02 9.5022481567523442e-01 1.0682811729030101e-01 1.5283817676547526e-01 1.1781732295415104e+01 37
1 1 1 1 3.1930964048246725e-02 2.4814545441915230e-02 9.5019515682618583e-01 1.0680367149687073e-01 1.5274105869272947e-01 1.1834720890488642e+01 37
1 1 1 1 3.2084789362103169e-02 2.4905272663113317e-02 9.5017121807895533e-01 1.0677922570344045e-01 1.5263884233886327e-01 1.1883599485285261e+01 37
1 1 1 1 3.2227649382180430e-02 2.4989237070279953e-02 9.5015132056898621e-01 1.0675477991001017e-01 1.5253304082655886e-01 1.1929349393344948e+01 37
1 1 1 1 3.2361341534194461e-02 2.5067627369280598e-02 9.5013475455666008e-01 1.0673033411657989e-01 1.5242423980822639e-01 1.1972523848236959e+01 37
1 1 1 1 3.2487330365222257e-02 2.5141319446061915e-02 9.5012099706087949e-01 1.0670588832314962e-01 1.5231287278443553e-01 1.2013530324902815e+01 37
1 1 1 1 3.2606782251234187e-02 2.5210980792844229e-02 9.5010964951727905e-01 1.0668144252971934e-01 1.5219927160671651e-01 1.2052679221761048e+01 37
1 1 1 1 3.2720375119228984e-02 2.5276984436894363e-02 9.5010061437055005e-01 1.0665699673628906e-01 1.5208347714291146e-01 1.2090164743942930e+01 38
1 1 1 1 3.2828744210172192e-02 2.5339706065456619e-02 9.5009371386913477e-01 1.0663255094285878e-01 1.5196562471180028e-01 1.2126169064899072e+01 38
1 1 1 1 3.2932681704224233e-02 2.5399699891548298e-02 9.5008844078735333e-01 1.0660810514942851e-01 1.5184619766691873e-01 1.2160920320563163e+01 38
1 1 1 1 3.3032639566066425e-02 2.5457244946315578e-02 9.5008462898126744e-01 1.0658365935599823e-01 1.5172533659447360e-01 1.2194548139018631e+01 38
1 1 1 1 3.3128903522010186e-02 2.5512575518776962e-02 9.5008213894274673e-01 1.0655921356256795e-01 1.5160316004737073e-01 1.2227161318320908e+01 38
1 1 1 1 3.3221829558940708e-02 2.5565890604989226e-02 9.5008085217467042e-01 1.0653476776913767e-01 1.5147976915032876e-01 1.2258852229738702e+01 38
1 1 1 1 3.3311755991261259e-02 2.5617360935924791e-02 9.5008066700734517e-01 1.0651032197570739e-01 1.5135525103194794e-01 1.2289700092108484e+01 38
1 1 1 1 3.3398922159652268e-02 2.5667134301933008e-02 9.5008149542892817e-01 1.0648587618227712e-01 1.5122968143004584e-01 1.2319773452102059e+01 38
1 1 1 1 3.3483504423771897e-02 2.5715308508568579e-02 9.5008330955384623e-01 1.0646143038884684e-01 1.5110307704007311e-01 1.2349122581017147e+01 38
1 1 1 1 3.3565517864553487e-02 2.5761833387771649e-02 9.5008630247730919e-01 1.0643698459541656e-01 1.5097523189009043e-01 1.2377750620745667e+01 38
1 1 1 1 3.3645337289548265e-02 2.5807011620882881e-02 9.5009009896549601e-01 1.0641253880198628e-01 1.5084651846814681e-01 1.2405766182806101e+01 38
1 1 1 1 3.3723105932254298e-02 2.5850931579040365e-02 9.5009464648655906e-01 1.0638809300855601e-01 1.5071698268668648e-01 1.2433210206852674e+01 38
1 1 1 1 3.3798951924732624e-02 2.5893672309568759e-02 9.5009989804927830e-01 1.0636364721512573e-01 1.5058666577877677e-01 1.2460119298488676e+01 38
1 1 1 1 3.3872990440094945e-02 2.5935304859176004e-02 9.5010581141686878e-01 1.0633920142169545e-01 1.5045560495138263e-01 1.2486526345259382e+01 38
1 1 1 1 3.3945215376417884e-02 2.5975893364937965e-02 9.5011234845873349e-01 1.0631475562826517e-01 1.5032383392513873e-01 1.2512461024454451e+01 38
1 1 1 1 3.4015822191315485e-02 2.6015495961128895e-02 9.5011947461165103e-01 1.0629030983483490e-01 1.5019138338378707e-01 1.2537950225119994e+01 38
1 1 1 1 3.4084905986538482e-02 2.6054165538454646e-02 9.5012715842864182e-01 1.0626586404140462e-01 1.5005828135127375e-01 1.2563018401316903e+01 38
1 1 1 1 3.4152545043089802e-02 2.6091950384065674e-02 9.5013537119867075e-01 1.0624141824797434e-01 1.4992455351020667e-01 1.2587687869860797e+01 38
1 1 1 1 3.4218811065158672e-02 2.6128894724461938e-02 9.5014408662405370e-01 1.0621697245454406e-01 1.4979022347253015e-01 1.2611979062837202e+01 38
1 1 1 1 3.4283769930077167e-02 2.6165039188709539e-02 9.5015328054520165e-01 1.0619252666111378e-01 1.4965531301093232e-01 1.2635910743014954e+01 38
1 1 1 1 3.4347340558753089e-02 2.6200274669607195e-02 9.5016318085304197e-01 1.0616808086768351e-01 1.4951959292143338e-01 1.2659458168339427e+01 38
1 1 1 1 3.4409715124650804e-02 2.6234774782936763e-02 9.5017353271332661e-01 1.0614363507425323e-01 1.4938331568258797e-01 1.2682677577757486e+01 38
1 1 1 1 3.4470955603267114e-02 2.6268581998517782e-02 9.5018429913839730e-01 1.0611918928082295e-01 1.4924651654809085e-01 1.2705586718985010e+01 38
1 1 1 1 3.4531109895856081e-02 2.6301725839786089e-02 9.5019546258730070e-01 1.0609474348739267e-01 1.4910921155126300e-01 1.2728199208203145e+01 38
1 1 1 1 3.4590222566078022e-02 2.6334233770707764e-02 9.5020700674197356e-01 1.0607029769396240e-01 1.4897141566025018e-01 1.2750527706887423e+01 38
1 1 1 1 3.4648335157511062e-02 2.6366131391790774e-02 9.5021891639088385e-01 1.0604585190053212e-01 1.4883314287692398e-01 1.2772584012887854e+01 38
1 1 1 1 3.4705480801237573e-02 2.6397442612752675e-02 9.5023117732651208e-01 1.0602140610710184e-01 1.4869440632417444e-01 1.2794379140645454e+01 38
1 1 1 1 3.4761612292208872e-02 2.6428189805118317e-02 9.5024377625475842e-01 1.0599696031367156e-01 1.4855521832321347e-01 1.2815923392071467e+01 38
1 1 1 1 3.4816852961204160e-02 2.6458393937548876e-02 9.5025670071460944e-01 1.0597251452024128e-01 1.4841559046222152e-01 1.2837226419397116e+01 38
1 1 1 1 3.4871234762615139e-02 2.6488074696229217e-02 9.5026993900665624e-01 1.0594806872681101e-01 1.4827553365758070e-01 1.2858297281069859e+01 38
1 1 1 1 3.4924787746123953e-02 2.6517250592270510e-02 9.5028348012933272e-01 1.0592362293338073e-01 1.4813505820856918e-01 1.2879144491617893e+01 38
1 1 1 1 3.4977540212436299e-02 2.6545939057844001e-02 9.5029731372183635e-01 1.0589917713995045e-01 1.4799417384639271e-01 1.2899776066270224e+01 38
1 1 1 1 3.5029518852908295e-02 2.6574156532365230e-02 9.5031143001296481e-01 1.0587473134652017e-01 1.4785288977829775e-01 1.2920199560953511e+01 38
1 1 1 1 3.5080748875241284e-02 2.6601918540079504e-02 9.5032581977504194e-01 1.0585028555308990e-01 1.4771121472728704e-01 1.2940422108290395e+01 38
1 1 1 1 3.5131226755757076e-02 2.6629209635421248e-02 9.5034052906068633e-01 1.0582583975965962e-01 1.4756910367107123e-01 1.2960442218473769e+01 38
1 1 1 1 3.5180927399604690e-02 2.6655990646857947e-02 9.5035564720734356e-01 1.0580139396622934e-01 1.4742646969895370e-01 1.2980251904422540e+01 38
1 1 1 1 3.5229949272155836e-02 2.6682359293392993e-02 9.5037101322885653e-01 1.0577694817279906e-01 1.4728346940773054e-01 1.2999880383289575e+01 38
1 1 1 1 3.5278312583697014e-02 2.6708328015809819e-02 9.5038661972988581e-01 1.0575250237936878e-01 1.4714010987547738e-01 1.3019333362793374e+01 38
1 1 1 1 3.5326036536257474e-02 2.6733908633178434e-02 9.5040245968431358e-01 1.0572805658593851e-01 1.4699639784728832e-01 1.3038616263426679e+01 38
1 1 1 1 3.5373139392912846e-02 2.6759112385623129e-02 9.5041852640986557e-01 1.0570361079250823e-01 1.4685233975738607e-01 1.3057734238278039e+01 38
1 1 1 1 3.5419638541024728e-02 2.6783949973338956e-02 9.5043481354492987e-01 1.0567916499907795e-01 1.4670794174941620e-01 1.3076692191115791e+01 38
1 1 1 1 3.5465550550141840e-02 2.6808431592319885e-02 9.5045131502735680e-01 1.0565471920564767e-01 1.4656320969498418e-01 1.3095494792941963e+01 38
1 1 1 1 3.5510891225056573e-02 2.6832566967093879e-02 9.5046802507501560e-01 1.0563027341221740e-01 1.4641814921070953e-01 1.3114146497157330e+01 38
1 1 1 1 3.5555644118865845e-02 2.6856365380759757e-02 9.5048493816797230e-01 1.0560582761878712e-01 1.4627276567388145e-01 1.3132651553476245e+01 38
1 1 1 1 3.5599809851119782e-02 2.6879835702627877e-02 9.5050204903205771e-01 1.0558138182535684e-01 1.4612706423690935e-01 1.3151014020727846e+01 38
1 1 1 1 3.5643447527934094e-02 2.6902986413647821e-02 9.5051935262378850e-01 1.0555693603192656e-01 1.4598104984063595e-01 1.3169237778628640e+01 38
1 1 1 1 3.5686570346289880e-02 2.6925825629879524e-02 9.5053684411642159e-01 1.0553249023849628e-01 1.4583472722664900e-01 1.3187326538648190e+01 38
1 1 1 1 3.5729190946230761e-02 2.6948361124153254e-02 9.5055451888709352e-01 1.0550804444506601e-01 1.4568810094865842e-01 1.3205283854037738e+01 38
1 1 1 1 3.5771321443380098e-02 2.6970600346129768e-02 9.5057237250491411e-01 1.0548359865163573e-01 1.4554117538302469e-01 1.3223113129111784e+01 38
1 1 1 1 3.5812973458993792e-02 2.6992550440832656e-02 9.5059040071995193e-01 1.0545915285820545e-01 1.4539395473858677e-01 1.3240817627824649e+01 38
1 1 1 1 3.5854158147890544e-02 2.7014218265877712e-02 9.5060859945301046e-01 1.0543470706477517e-01 1.4524644306572770e-01 1.3258400481739333e+01 38
1 1 1 1 3.5894886224347118e-02 2.7035610407439497e-02 9.5062696478615161e-01 1.0541026127134490e-01 1.4509864426482266e-01 1.3275864697415152e+01 38
1 1 1 1 3.5935167986197752e-02 2.7056733195114209e-02 9.5064549295385492e-01 1.0538581547791462e-01 1.4495056209412396e-01 1.3293213163281052e+01 38
1 1 1 1 3.5974980808986610e-02 2.7077554501226359e-02 9.5066425418040623e-01 1.0536136968448434e-01 1.4480213050815360e-01 1.3310438672417547e+01 38
1 1 1 1 3.6014327616247212e-02 2.7098072036459479e-02 9.5068326144133231e-01 1.0533692389105406e-01 1.4465333765696087e-01 1.3327541843848799e+01 38
1 1 1 1 3.6053257692404223e-02 2.7118338427556149e-02 9.5070242083255518e-01 1.0531247809762379e-01 1.4450427241116118e-01 1.3344537549528821e+01 38
1 1 1 1 3.6091779848294078e-02 2.7138359088527367e-02 9.5072172913018871e-01 1.0528803230419351e-01 1.4435493802028393e-01 1.3361428256357280e+01 38
1 1 1 1 3.6129902577752289e-02 2.7158139238107681e-02 9.5074118322644507e-01 1.0526358651076323e-01 1.4420533762430623e-01 1.3378216341448962e+01 38
1 1 1 1 3.6167634073391387e-02 2.7177683909482088e-02 9.5076078012384835e-01 1.0523914071733295e-01 1.4405547425892823e-01 1.3394904096627563e+01 38
1 1 1 1 3.6204982241441426e-02 2.7196997959440413e-02 9.5078051692980325e-01 1.0521469492390267e-01 1.4390535086045253e-01 1.3411493732651484e+01 38
1 1 1 1 3.6241954715634531e-02 2.7216086076934060e-02 9.5080039085150914e-01 1.0519024913047240e-01 1.4375497027038678e-01 1.3427987383167771e+01 38
1 1 1 1 3.6278558870250770e-02 2.7234952791120735e-02 9.5082039919116723e-01 1.0516580333704212e-01 1.4360433523978611e-01 1.3444387108425518e+01 38
1 1 1 1 3.6314801832340766e-02 2.7253602478901615e-02 9.5084053934152213e-01 1.0514135754361184e-01 1.4345344843332103e-01 1.3460694898753676e+01 38
1 1 1 1 3.6350690493253984e-02 2.7272039372028978e-02 9.5086080878161638e-01 1.0511691175018156e-01 1.4330231243312835e-01 1.3476912677841536e+01 38
1 1 1 1 3.6386218137952508e-02 2.7290267563768730e-02 9.5088120507283969e-01 1.0509246595675129e-01 1.4315092974241864e-01 1.3493042305815026e+01 38
1 1 1 1 3.6421354935637931e-02 2.7308291015205086e-02 9.5090172585518473e-01 1.0506802016332101e-01 1.4299930278886433e-01 1.3509085582143550e+01 38
1 1 1 1 3.6456156749507536e-02 2.7326113561138208e-02 9.5092236884373837e-01 1.0504357436989073e-01 1.4284743392785634e-01 1.3525044248361473e+01 38
1 1 1 1 3.6490629632186349e-02 2.7343738915685447e-02 9.5094313182534951e-01 1.0501912857646045e-01 1.4269532544552813e-01 1.3540919990651071e+01 38
1 1 1 1 3.6524779448781623e-02 2.7361170677551130e-02 9.5096401265550035e-01 1.0499468278303017e-01 1.4254297956163528e-01 1.3556714442271200e+01 38
1 1 1 1 3.6558611884960755e-02 2.7378412335001229e-02 9.5098500925534613e-01 1.0497023698959990e-01 1.4239039843226858e-01 1.3572429185853455e+01 38
1 1 1 1 3.6592132454589102e-02 2.7395467270570642e-02 9.5100611960892378e-01 1.0494579119616962e-01 1.4223758415242513e-01 1.3588065755570609e+01 38
1 1 1 1 3.6625346506948805e-02 2.7412338765512061e-02 9.5102734176050008e-01 1.0492134540273934e-01 1.4208453875846189e-01 1.3603625639187007e+01 38
1 1 1 1 3.6658259233578343e-02 2.7429030004010892e-02 9.5104867381207236e-01 1.0489689960930906e-01 1.4193126423040198e-01 1.3619110279999628e+01 38
1 1 1 1 3.6690875674744529e-02 2.7445544077168791e-02 9.5107011392098750e-01 1.0487245381587879e-01 1.4177776249413793e-01 1.3634521078676361e+01 38
1 1 1 1 3.6723200725589010e-02 2.7461883986795083e-02 9.5109166029771752e-01 1.0484800802244851e-01 1.4162403542346946e-01 1.3649859394999501e+01 38
1 1 1 1 3.6755239141932079e-02 2.7478052648977718e-02 9.5111331120369580e-01 1.0482356222901823e-01 1.4147008484215312e-01 1.3665126549513015e+01 38
1 1 1 1 3.6786995545800547e-02 2.7494052897493827e-02 9.5113506494932443e-01 1.0479911643558795e-01 1.4131591252573619e-01 1.3680323825089586e+01 38
1 1 1 1 3.6818441756210546e-02 2.7509846605651530e-02 9.5115700346098309e-01 1.0477467064215767e-01 1.4116144424608293e-01 1.3695442181683214e+01 38
1 1 1 1 3.6849596226363523e-02 2.7525453816538540e-02 9.5117909013394841e-01 1.0475022484872740e-01 1.4100671367343950e-01 1.3710487244056573e+01 38
1 1 1 1 3.6880482289934541e-02 2.7540900960503208e-02 9.5120127481229821e-01 1.0472577905529712e-01 1.4085176666150528e-01 1.3725466193997246e+01 38
1 1 1 1 3.6911104072813991e-02 2.7556190566796056e-02 9.5122355598523789e-01 1.0470133326186684e-01 1.4069660480836399e-01 1.3740380174794591e+01 38
1 1 1 1 3.6941465591225783e-02 2.7571325097198691e-02 9.5124593218216569e-01 1.0467688746843656e-01 1.4054122967209404e-01 1.3755230298906943e+01 38
1 1 1 1 3.6971570755791203e-02 2.7586306948523268e-02 9.5126840197117191e-01 1.0465244167500629e-01 1.4038564277217444e-01 1.3770017649114317e+01 38
1 1 1 1 3.7001423375416238e-02 2.7601138455011276e-02 9.5129096395763013e-01 1.0462799588157601e-01 1.4022984559078513e-01 1.3784743279618684e+01 38
1 1 1 1 3.7031027160952246e-02 2.7615821890586024e-02 9.5131361678284021e-01 1.0460355008814573e-01 1.4007383957413766e-01 1.3799408217080568e+01 38
1 1 1 1 3.7060385728743157e-02 2.7630359471040766e-02 9.5133635912272707e-01 1.0457910429471545e-01 1.3991762613366657e-01 1.3814013461623405e+01 38
1 1 0 1 3.7308584687570104e-02 2.7752353318670847e-02 9.5154021861183780e-01 1.0436392095254525e-01 1.3853381788443020e-01 1.3940144603693128e+01 38
1 1 0 1 3.7539870389638158e-02 2.7864500743602510e-02 9.5175014418052339e-01 1.0414873761037505e-01 1.3713487205598385e-01 1.4062306174937971e+01 38
1 1 0 1 3.7756089375986991e-02 2.7967618854608398e-02 9.5196604492965819e-01 1.0393355426820484e-01 1.3572100729092762e-01 1.4180917712408140e+01 38
1 1 0 1 3.7958756976319778e-02 2.8062671980423767e-02 9.5218723964474716e-01 1.0371837092603464e-01 1.3429294345914103e-01 1.4296396863179716e+01 37
1 1 0 1 3.8149010684276591e-02 2.8150585481578911e-02 9.5241288786215172e-01 1.0350318758386444e-01 1.3285151393979017e-01 1.4409120370029390e+01 37
1 1 0 1 3.8327930298172247e-02 2.8231987701616841e-02 9.5264261167649744e-01 1.0328800424169424e-01 1.3139713426294106e-01 1.4519368881995552e+01 37
1 1 0 1 3.8496487160196012e-02 2.8307309130184907e-02 9.5287633378116965e-01 1.0307282089952403e-01 1.2992995766321383e-01 1.4627356785656334e+01 37
1 1 0 1 3.8655369487447487e-02 2.8376899443154600e-02 9.5311405128518134e-01 1.0285763755735383e-01 1.2845006958816921e-01 1.4733264418221561e+01 37
1 1 0 1 3.8805410305527678e-02 2.8441396369456282e-02 9.5335499621444553e-01 1.0264245421518363e-01 1.2695816970357748e-01 1.4837327903866910e+01 37
1 1 0 1 3.8946948914906063e-02 2.8501156812185374e-02 9.5359895207145551e-01 1.0242727087301343e-01 1.2545449064988104e-01 1.4939705701508567e+01 37
1 1 0 1 3.9080688836813635e-02 2.8556496416013662e-02 9.5384572705926784e-01 1.0221208753084322e-01 1.2393923565541923e-01 1.5040537841764662e+01 37
1 1 0 1 3.9207156901261267e-02 2.8607695988095400e-02 9.5409515023293268e-01 1.0199690418867302e-01 1.2241258263433899e-01 1.5139948832995492e+01 37
1 1 0 1 3.9326603833943950e-02 2.8654755957946258e-02 9.5434767744063342e-01 1.0178172084650282e-01 1.2087422128082621e-01 1.5237990991905249e+01 37
1 1 0 1 3.9439568754538051e-02 2.8698149461666586e-02 9.5460258205598647e-01 1.0156653750433262e-01 1.1932474669954661e-01 1.5334822928720079e+01 37
1 1 0 1 3.9546393833056727e-02 2.8738087789373375e-02 9.5485972057823942e-01 1.0135135416216241e-01 1.1776429303955316e-01 1.5430536701644588e+01 37
1 1 0 1 3.9647186362407667e-02 2.8774755646305977e-02 9.5511897907026777e-01 1.0113617081999221e-01 1.1619296541821253e-01 1.5525214199811403e+01 37
1 1 0 1 3.9742369225512213e-02 2.8808321116998801e-02 9.5538025355496747e-01 1.0092098747782201e-01 1.1461085555374247e-01 1.5618930010393239e+01 37
1 1 0 1 3.9832251803150184e-02 2.8838937698892363e-02 9.5564344879049212e-01 1.0070580413565181e-01 1.1301804314419946e-01 1.5711752330872359e+01 37
1 1 0 1 3.9917043798988923e-02 2.8866706580042686e-02 9.5590857818905339e-01 1.0049062079348160e-01 1.1141452549594756e-01 1.5803734441712628e+01 37
1 1 0 1 3.9996889979232564e-02 2.8891640520938667e-02 9.5617586443402347e-01 1.0027543745131140e-01 1.0980015035251167e-01 1.5894906542770782e+01 37
1 1 0 1 4.0072087933435273e-02 2.8914017488720918e-02 9.5644482953800114e-01 1.0006025410914120e-01 1.0817525610083903e-01 1.5985359309204465e+01 37
1 1 0 1 4.0142821351371545e-02 2.8933947549725132e-02 9.5671540386598175e-01 9.9845070766970995e-02 1.0653988483926684e-01 1.6075142019906234e+01 37
1 1 0 1 4.0209235303450441e-02 2.8951532658057381e-02 9.5698752263377240e-01 9.9629887424800792e-02 1.0489407110499438e-01 1.6164300462627967e+01 37
1 1 0 1 4.0271337898964456e-02 2.8966867472591001e-02 9.5726112541287800e-01 9.9414704082630589e-02 1.0323784245035068e-01 1.6252877297728375e+01 37
1 1 0 1 4.0329452690154768e-02 2.8980040070531055e-02 9.5753615569785733e-01 9.9199520740460387e-02 1.0157121994790137e-01 1.6340912375583269e+01 37
1 1 0 1 4.0383717615233482e-02 2.8991132573183104e-02 9.5781256052674923e-01 9.8984337398290184e-02 9.9894218634091189e-02 1.6428443014729623e+01 37
1 1 0 1 4.0434261705795338e-02 2.9000221696761988e-02 9.5809029014669911e-01 9.8769154056119982e-02 9.8206847900307731e-02 1.6515504246520639e+01 37
1 1 0 1 4.0481165307089818e-02 2.9007308236223415e-02 9.5836949269802141e-01 9.8553970713949779e-02 9.6508988512584590e-02 1.6602112041298085e+01 37
1 1 0 1 4.0524542190764137e-02 2.9012458237404139e-02 9.5865013201837668e-01 9.8338787371779576e-02 9.4800638165085729e-02 1.6688297112763482e+01 37
1 1 0 1 4.0564541966997596e-02 2.9015809433746070e-02 9.5893196308904893e-01 9.8123604029609374e-02 9.3081921039736865e-02 1.6774106629528632e+01 37
1 1 0 1 4.0601265116800359e-02 2.9017421296820885e-02 9.5921494609946056e-01 9.7908420687439171e-02 9.1352827176013382e-02 1.6859568395827864e+01 37
1 0 0 1 4.0634806416051467e-02 2.9017349840441124e-02 9.5949904327237734e-01 9.7693237345268968e-02 8.9613342333397517e-02 1.6944708794272959e+01 37
1 0 0 1 4.0665233643875802e-02 2.9015647895210304e-02 9.5978421869563624e-01 9.7478054003098766e-02 8.7863448181324827e-02 1.7029552907512251e+01 37
1 0 0 1 4.0692521979747244e-02 2.9012365355384175e-02 9.6007043817061199e-01 9.7262870660928563e-02 8.6103122467972831e-02 1.7114124627665820e+01 37
1 0 0 1 4.0716883870354013e-02 2.9007549401422240e-02 9.6035766907546416e-01 9.7047687318758361e-02 8.4332339169899240e-02 1.7198446755045268e+01 37
1 0 0 1 4.0738395462305059e-02 2.9001244701047795e-02 9.6064588024137199e-01 9.6832503976588158e-02 8.2551068624837284e-02 1.7282541087420643e+01 37
1 0 0 1 4.0757129042184481e-02 2.8993493591352660e-02 9.6093504184028078e-01 9.6617320634417955e-02 8.0759277649057090e-02 1.7366428500963814e+01 37
1 0 0 1 4.0773153308552558e-02 2.8984336244038521e-02 9.6122512528280213e-01 9.6402137292247753e-02 7.8956929641077075e-02 1.7450129023808643e+01 37
1 0 0 1 4.0786533619416032e-02 2.8973810815711595e-02 9.6151610312522506e-01 9.6186953950077550e-02 7.7143984672703003e-02 1.7533661903075267e+01 37
1 0 0 1 4.0797283865304936e-02 2.8961860882466356e-02 9.6180822605413596e-01 9.5971770607907347e-02 7.5320251256699042e-02 1.7617022600466413e+01 37
1 0 0 1 4.0805509367807073e-02 2.8948607781267566e-02 9.6210121319413267e-01 9.5756587265737145e-02 7.3485823478176060e-02 1.7700250433416148e+01 37
1 0 0 1 4.0811270768197683e-02 2.8934092136623138e-02 9.6239501697574337e-01 9.5541403923566942e-02 7.1640664357726369e-02 1.7783364567049556e+01 36
1 0 0 1 4.0814622105939238e-02 2.8918345319289315e-02 9.6268961358782923e-01 9.5326220581396739e-02 6.9784721435737024e-02 1.7866381686758011e+01 36
1 0 0 1 4.0815615031826770e-02 2.8901397260492994e-02 9.6298498001013044e-01 9.5111037239226537e-02 6.7917939223601773e-02 1.7949317956445668e+01 36
1 0 0 1 4.0814298953737060e-02 2.8883276540365838e-02 9.6328109395733086e-01 9.4895853897056334e-02 6.6040259239265042e-02 1.8032189058730818e+01 36
1 0 0 1 4.0810721170817105e-02 2.8864010469322521e-02 9.6357793382733192e-01 9.4680670554886132e-02 6.4151620035868523e-02 1.8115010232141639e+01 36
1 0 0 1 4.0804871260047455e-02 2.8843625163100021e-02 9.6387547865338985e-01 9.4465487212715929e-02 6.2251957223590865e-02 1.8197796305623818e+01 36
1 0 0 1 4.0796797535213501e-02 2.8822145612005270e-02 9.6417370805971159e-01 9.4250303870545726e-02 6.0341203485460661e-02 1.8280561730601093e+01 36
1 0 0 1 4.0786593985236520e-02 2.8799595744939181e-02 9.6447260222019571e-01 9.4035120528375524e-02 5.8419288587143785e-02 1.8363320610848668e+01 36
1 0 0 1 4.0774300681323941e-02 2.8775998488653268e-02 9.6477214182003401e-01 9.3819937186205321e-02 5.6486139381137182e-02 1.8446086730380227e+01 36
1 0 0 1 4.0759956115347939e-02 2.8751375822648036e-02 9.6507230801989519e-01 9.3604753844035118e-02 5.4541679805758539e-02 1.8528873579531165e+01 36
1 0 0 1 4.0743597284164955e-02 2.8725748830128038e-02 9.6537308242247433e-01 9.3389570501864916e-02 5.2585830878824784e-02 1.8611694379428872e+01 36
1 0 0 1 4.0725259767937394e-02 2.8699137745307329e-02 9.6567444704119398e-01 9.3174387159694713e-02 5.0618510686585058e-02 1.8694562104978090e+01 36
1 0 0 1 4.0704977803010321e-02 2.8671561997419492e-02 9.6597638427086507e-01 9.2959203817524511e-02 4.8639634367713083e-02 1.8777489506524287e+01 36
1 0 0 1 4.0682784349748764e-02 2.8643040251659757e-02 9.6627887686012970e-01 9.2744020475354308e-02 4.6649114092837604e-02 1.8860489130298287e+01 36
1 0 0 1 4.0658698223521514e-02 2.8613562659229937e-02 9.6658200012805628e-01 9.2528837133184105e-02 4.4646821661701218e-02 1.8943565868569589e+01 36
1 0 0 1 4.0632748231311425e-02 2.8583142029453223e-02 9.6688575408807254e-01 9.2313653791013903e-02 4.2632658543827640e-02 1.9026730607660390e+01 36
1 0 0 1 4.0604979658768005e-02 2.8551828691679385e-02 9.6719001105090452e-01 9.2098470448843700e-02 4.0606573708645156e-02 1.9110004418721157e+01 36
1 0 0 1 4.0575420938738220e-02 2.8519638618241451e-02 9.6749475482931702e-01 9.1883287106673497e-02 3.8568467179565885e-02 1.9193399217553953e+01 36
1 0 0 1 4.0544099505162946e-02 2.8486587183529026e-02 9.6779996947674995e-01 9.1668103764503295e-02 3.6518235846715583e-02 1.9276926803764251e+01 36
1 0 0 1 4.0511041838265031e-02 2.8452689191211661e-02 9.6810563926747328e-01 9.1452920422333092e-02 3.4455773436109019e-02 1.9360598876290634e+01 36
1 0 0 1 4.0476273507159086e-02 2.8417958899852606e-02 9.6841174867737834e-01 9.1237737080162890e-02 3.2380970506953932e-02 1.9444427048904952e+01 36
1 0 0 1 4.0439819210556095e-02 2.8382410047192688e-02 9.6871828236468904e-01 9.1022553737992687e-02 3.0293714544898993e-02 1.9528422866854381e+01 36
1 0 0 1 4.0401702817343815e-02 2.8346055873859858e-02 9.6902522514855871e-01 9.0807370395822484e-02 2.8193890359728888e-02 1.9612597828224260e+01 36
1 0 0 1 4.0361947411916010e-02 2.8308909148400386e-02 9.6933256197949424e-01 9.0592187053652282e-02 2.6081381439025685e-02 1.9696963420916980e+01 36
1 0 0 1 4.0320575359066010e-02 2.8270982199381393e-02 9.6964027788322038e-01 9.0377003711482079e-02 2.3956074300363051e-02 1.9781531209303839e+01 36
1 0 0 1 4.0277608433961984e-02 2.8232286972055029e-02 9.6994835782117172e-01 9.0161820369311876e-02 2.1817872294625899e-02 1.9866313077611260e+01 35
1 0 0 1 4.0233033209002574e-02 2.8192835163925050e-02 9.7025678629112877e-01 8.9946637027141674e-02 1.9666739371353263e-02 1.9951321969244955e+01 35
1 0 0 1 4.0186883730729789e-02 2.8152638609456226e-02 9.7056554611596813e-01 8.9731453684971471e-02 1.7502839369304878e-02 2.0036574203050495e+01 35
1 0 0 1 4.0139210786934103e-02 2.8111710449226768e-02 9.7087461468743097e-01 8.9516270342801268e-02 1.5326980999170965e-02 2.0122096820625661e+01 35
1 0 0 1 4.0090053717954974e-02 2.8070068759980381e-02 9.7118395224893361e-01 8.9301087000631066e-02 1.3142038023517592e-02 2.0207950926876681e+01 35
1 0 0 1 4.0039494533857169e-02 2.8027747738708628e-02 9.7149346579284257e-01 8.9085903658460863e-02 1.0957402363251210e-02 2.0294304515135565e+01 35
1 0 0 1 3.9987743552355279e-02 2.7984830193795402e-02 9.7180290424337645e-01 8.8870720316290661e-02 8.8019806531257731e-03 2.0381643164524338e+01 34
1 0 0 1 3.9935342787231577e-02 2.7941524384479718e-02 9.7211161008158109e-01 8.8655536974120458e-02 6.7538403595187955e-03 2.0471239236811837e+01 34
1 0 0 1 3.9883402754132456e-02 2.7898252308558160e-02 9.7241822788137311e-01 8.8440353631950255e-02 4.9649644568747122e-03 2.0565485144414083e+01 34
1 0 0 1 3.9833295173858148e-02 2.7855530131603363e-02 9.7272106302602590e-01 8.8225170289780053e-02 3.5822717691891357e-03 2.0666507454867023e+01 34
1 0 0 1 3.9785775087844887e-02 2.7813634568843615e-02 9.7301912882472430e-01 8.8009986947609850e-02 2.6091265872238024e-03 2.0774100220516139e+01 34
1 0 0 1 3.9740831944984983e-02 2.7772549806172161e-02 9.7331233503095105e-01 8.7794803605439647e-02 1.9417430762149880e-03 2.0886639851772753e+01 34
1 0 0 1 3.9698156642739853e-02 2.7732147334147493e-02 9.7360094435735911e-01 8.7579620263269445e-02 1.4764482458368461e-03 2.1002757387544719e+01 34
1 0 0 1 3.9657420151287107e-02 2.7692292220312709e-02 9.7388524730384674e-01 8.7364436921099242e-02 1.1427545415014118e-03 2.1121663645353749e+01 33
1 0 0 1 3.9618341238838409e-02 2.7652868660983907e-02 9.7416548322499252e-01 8.7149253578929040e-02 8.9689255463443912e-04 2.1242948354860772e+01 33
1 0 0 1 3.9580686906859834e-02 2.7613778196611746e-02 9.7444184674479384e-01 8.6934070236758837e-02 7.1161522579378132e-04 2.1366401032478709e+01 33
1 0 0 1 3.9544249196189631e-02 2.7574900656965322e-02 9.7471463743830256e-01 8.6718886894588634e-02 5.6944266073584795e-04 2.1491902633237931e+01 33
1 0 0 1 3.9508878547376260e-02 2.7536206910533167e-02 9.7498381381201604e-01 8.6503703552418432e-02 4.5876436357373006e-04 2.1619412871755305e+01 33
1 0 0 1 3.9474431973724362e-02 2.7497636139156473e-02 9.7524946966679360e-01 8.6288520210248229e-02 3.7160482808675497e-04 2.1748908957554658e+01 33
1 0 0 1 3.9440783127326524e-02 2.7459134251045604e-02 9.7551168274914490e-01 8.6073336868078026e-02 3.0232598369409546e-04 2.1880385386372417e+01 33
1 0 0 1 3.9407818667760622e-02 2.7420652467510853e-02 9.7577051878689414e-01 8.5858153525907824e-02 2.4684247658826125e-04 2.2013847193007198e+01 33
1 0 0 1 3.9375435640360328e-02 2.7382146300756069e-02 9.7602603438245261e-01 8.5642970183737621e-02 2.0213168957920177e-04 2.2149306200009288e+01 33
1 0 0 1 3.9343539548642913e-02 2.7343574800478804e-02 9.7627827912353526e-01 8.5427786841567419e-02 1.6591770273019521e-04 2.2286778862735133e+01 33
1 0 0 1 3.9312042910385710e-02 2.7304899987734738e-02 9.7652729715035469e-01 8.5212603499397216e-02 1.3646131900057416e-04 2.2426284997019067e+01 33
1 0 0 1 3.9280864156463993e-02 2.7266086421500111e-02 9.7677312833840035e-01 8.4997420157227013e-02 1.1241680434122506e-04 2.2567847011945769e+01 32
1 0 0 1 3.9249926777000010e-02 2.7227100860935684e-02 9.7701580920415942e-01 8.4782236815056811e-02 9.2731810024140215e-05 2.2711489441189567e+01 32
1 0 0 1 3.9219158649002189e-02 2.7187911997850200e-02 9.7725537360748682e-01 8.4567053472886608e-02 7.6575984255151182e-05 2.2857238656195733e+01 32
1 0 0 1 3.9188471212385119e-02 2.7148490241481357e-02 9.7749185330212907e-01 8.4351870130716405e-02 6.3289099594531715e-05 2.3005122693433158e+01 32
1 0 0 1 3.9157773785653265e-02 2.7108807542803978e-02 9.7772527837103251e-01 8.4136686788546203e-02 5.2342741644865612e-05 2.3155171155226611e+01 32
1 0 0 1 3.9127050645031643e-02 2.7068837249112424e-02 9.7795567757297730e-01 8.3921503446376000e-02 4.3311603641551071e-05 2.3307415159534848e+01 32
1 0 0 1 3.9096242842535815e-02 2.7028553982032445e-02 9.7818307862002363e-01 8.3706320104205797e-02 3.5851703552223343e-05 2.3461887323258157e+01 32
1 0 0 1 3.9065293947242896e-02 2.6987933533874731e-02 9.7840750840037172e-01 8.3491136762035595e-02 2.9683667803436898e-05 2.3618621769366911e+01 32
1 0 0 1 3.9034149835756357e-02 2.6946952778464667e-02 9.7862899315761742e-01 8.3275953419865392e-02 2.4579775317169315e-05 2.3777654151581753e+01 32
1 0 0 1 3.9002758512807836e-02 2.6905589593486288e-02 9.7884755863490114e-01 8.3060770077695190e-02 2.0353827496873219e-05 2.3939021692525358e+01 32
1 0 0 1 3.8971069956114060e-02 2.6863822792069014e-02 9.7906323019050534e-01 8.2845586735524987e-02 1.6853165998682041e-05 2.4102763232726900e+01 32
1 0 0 1 3.8939035980841710e-02 2.6821632061809805e-02 9.7927603289006304e-01 8.2630403393354784e-02 1.3952339460386542e-05 2.4268919288725577e+01 32
1 0 0 1 3.8906610120053385e-02 2.6778997909843387e-02 9.7948599157947536e-01 8.2415220051184582e-02 1.1548047776253663e-05 2.4437532119206320e+01 31
1 0 0 1 3.8873747518208226e-02 2.6735901612816953e-02 9.7969313094180321e-01 8.2200036709014379e-02 9.5550842896995563e-06 2.4608645798476136e+01 31
1 0 0 1 3.8840404835401236e-02 2.6692325170893087e-02 9.7989747554082052e-01 8.1984853366844176e-02 7.9030632334402722e-06 2.4782306296943872e+01 31
1 0 0 1 3.8806537883170594e-02 2.6648242448927266e-02 9.8009908940654988e-01 8.1769670024673974e-02 6.5337649420496346e-06 2.4958558336196276e+01 31
1 0 0 1 3.8772102013781597e-02 2.6603620192459963e-02 9.8029807231675503e-01 8.1554486682503771e-02 5.3989847040597564e-06 2.5137445754445903e+01 31
1 0 0 1 3.8737064791319005e-02 2.6558468429565375e-02 9.8049433207254733e-01 8.1339303340333569e-02 4.4587934733063429e-06 2.5319030262047466e+01 31
1 0 0 1 3.8701388133919920e-02 2.6512771689764382e-02 9.8068789276823565e-01 8.1124119998163366e-02 3.6800669524785606e-06 2.5503366368878041e+01 31
1 0 0 1 3.8665035101313000e-02 2.6466515034426482e-02 9.8087877845999827e-01 8.0908936655993163e-02 3.0353205500065562e-06 2.5690510988271630e+01 31
1 0 0 1 3.8627969833821295e-02 2.6419684023449554e-02 9.8106701316382117e-01 8.0693753313822961e-02 2.5017392243728013e-06 2.5880523561387559e+01 31
1 0 0 1 3.8590157494146585e-02 2.6372264682900645e-02 9.8125262084928111e-01 8.0478569971652758e-02 2.0603781498556998e-06 2.6073466190228572e+01 31
1 0 0 1 3.8551564211444914e-02 2.6324243473420106e-02 9.8143562542981422e-01 8.0263386629482555e-02 1.6955029426506519e-06 2.6269403779989041e+01 31
1 0 0 1 3.8512157027220183e-02 2.6275607259204657e-02 9.8161605074991465e-01 8.0048203287312353e-02 1.3940442265143894e-06 2.6468404191403287e+01 31
1 0 0 1 3.8471903842668756e-02 2.6226343277418747e-02 9.8179392056975345e-01 7.9833019945142150e-02 1.1451461086509772e-06 2.6670538403934614e+01 31
1 0 0 1 3.8461522296333650e-02 2.6213705964334214e-02 9.8183877597034253e-01 7.9778264787429429e-02 1.0890829964639824e-06 2.6722482101920580e+01 31
1 0 0 1 3.8451083434979452e-02 2.6201026996896234e-02 9.8188346782602709e-01 7.9723509629716707e-02 1.0356999409245357e-06 2.6774634760743826e+01 31
1 0 0 1 3.8447595785730378e-02 2.6196797196646731e-02 9.8189830846197357e-01 7.9705282947131043e-02 1.0185027075740690e-06 2.6792041709128622e+01 31
1 0 0 1 3.8444101711160562e-02 2.6192562751305531e-02 9.8191313103339195e-01 7.9687056264545378e-02 1.0015839880539058e-06 2.6809472000093685e+01 30
