isScalarized | massIncreased | isMonotoneInside | isMonotoneOutside | mass_Baryon | mass_ADM | AST(radius) | radius  |  phi_c | rho_c | ctr |
1 0 1 1 3.1560242080127525e-02 2.4131207399335528e-02 1.0000000000000051e+00 8.6550699999999814e-02 1.0396222493949735e-03 1.6959384070196503e+01 34
1 1 1 1 3.1560544364670949e-02 2.4131340288380026e-02 1.0000000000000051e+00 8.6550324999999817e-02 1.0436221558359406e-03 1.6959675074587501e+01 37
1 1 1 1 3.1560846626791858e-02 2.4131473162577164e-02 1.0000000000000051e+00 8.6549949999999820e-02 1.0476080541615058e-03 1.6959966087682687e+01 37
1 1 1 1 3.1561148866491189e-02 2.4131606021928424e-02 1.0000000000000053e+00 8.6549574999999823e-02 1.0515801046733619e-03 1.6960257109459661e+01 37
1 1 1 1 3.1561451083769183e-02 2.4131738866433754e-02 1.0000000000000053e+00 8.6549199999999826e-02 1.0555384647050385e-03 1.6960548139895735e+01 37
1 1 1 1 3.1612930744410080e-02 2.4154294311300974e-02 1.0000000000000144e+00 8.6484913394087926e-02 1.6077819862927495e-03 1.7010551191295868e+01 35
1 1 1 1 3.1663601715837757e-02 2.4176351309328575e-02 1.0000000000000269e+00 8.6420829165302027e-02 2.0343042088688734e-03 1.7060564830503047e+01 37
1 1 1 1 3.1713534806806838e-02 2.4197944441069753e-02 1.0000000000000435e+00 8.6356874286054375e-02 2.4049854356415152e-03 1.7110586588189985e+01 37
1 1 1 1 3.1762770306982352e-02 2.4219094399509544e-02 1.0000000000000651e+00 8.6293010629436950e-02 2.7440501807426874e-03 1.7160605525084225e+01 35
1 1 1 1 3.1811321844350968e-02 2.4239818393571370e-02 1.0000000000000924e+00 8.6229206615548337e-02 3.0632934705905270e-03 1.7210617096258684e+01 34
1 1 1 1 3.1859150623123028e-02 2.4260132652505248e-02 1.0000000000001270e+00 8.6165430246187724e-02 3.3695191422106834e-03 1.7260624604913538e+01 35
1 1 1 1 3.1906369637331740e-02 2.4280049687749137e-02 1.0000000000001699e+00 8.6101658152615779e-02 3.6670427254922632e-03 1.7310629715596111e+01 35
1 1 1 1 3.1952997405370671e-02 2.4299579534433173e-02 1.0000000000002225e+00 8.6037872557982731e-02 3.9588007555430267e-03 1.7360633333006117e+01 36
1 1 1 1 3.1999048734629207e-02 2.4318730473551022e-02 1.0000000000002871e+00 8.5974059554191740e-02 4.2468965101767229e-03 1.7410635979114289e+01 36
1 1 1 1 3.2044535700808688e-02 2.4337509488055385e-02 1.0000000000003650e+00 8.5910208039958136e-02 4.5328962806666260e-03 1.7460637970095028e+01 36
1 1 1 1 3.2089474404790444e-02 2.4355886659579513e-02 1.0000000000004590e+00 8.5846309026046563e-02 4.8180392472953696e-03 1.7510645959392672e+01 36
1 1 1 1 3.2133854446668712e-02 2.4373869034585768e-02 1.0000000000005713e+00 8.5782379901355288e-02 5.1031516992130739e-03 1.7560639151391502e+01 36
1 1 1 1 3.2177699925475596e-02 2.4391496618745519e-02 1.0000000000007048e+00 8.5718383855562352e-02 5.3891015712430497e-03 1.7610636919398875e+01 36
1 1 1 1 3.2221019430854245e-02 2.4408774487173247e-02 1.0000000000008631e+00 8.5654311824156448e-02 5.6765246141943339e-03 1.7660642477089002e+01 36
1 1 1 1 3.2263807053340116e-02 2.4425701893531257e-02 1.0000000000010494e+00 8.5590175976475502e-02 5.9658568966615960e-03 1.7710643134538230e+01 36
1 1 1 1 3.2306071405494650e-02 2.4442283844940380e-02 1.0000000000012681e+00 8.5525966797679931e-02 6.2575497648040884e-03 1.7760643686264093e+01 36
1 1 1 1 3.2347759228458381e-02 2.4458523400221022e-02 1.0000000000015239e+00 8.5461681486708019e-02 6.5519592689571877e-03 1.7810644154275082e+01 36
1 1 1 1 3.2388888979954941e-02 2.4474423379063994e-02 1.0000000000018219e+00 8.5397317765745773e-02 6.8493862713346031e-03 1.7860644554868255e+01 36
1 1 1 1 3.2429504859314791e-02 2.4489986400214717e-02 1.0000000000021680e+00 8.5332873807610343e-02 7.1500862520202484e-03 1.7910644900343929e+01 36
1 1 1 1 3.2469609490571733e-02 2.4505214913277173e-02 1.0000000000025688e+00 8.5268348175888686e-02 7.4542769601999093e-03 1.7960645200081515e+01 36
1 1 1 1 3.2509205201971529e-02 2.4520111225486734e-02 1.0000000000030311e+00 8.5203739774665499e-02 7.7621444853290169e-03 1.8010645461411993e+01 36
1 1 1 1 3.2548294072991868e-02 2.4534677524311745e-02 1.0000000000035636e+00 8.5139047806088941e-02 8.0738481449269383e-03 1.8060645690101651e+01 36
1 1 1 1 3.2586879499540124e-02 2.4548904832484099e-02 1.0000000000041749e+00 8.5074271733898810e-02 8.3895362923009087e-03 1.8110647750979190e+01 36
1 1 1 1 3.2624963610396275e-02 2.4562758918843679e-02 1.0000000000048754e+00 8.5009418482943966e-02 8.7093280302079929e-03 1.8160651896495793e+01 36
1 1 1 1 3.2662532924043280e-02 2.4576283992543760e-02 1.0000000000056757e+00 8.4944503398808102e-02 9.0331970243896012e-03 1.8210638630348587e+01 36
1 1 1 1 3.2699617680274809e-02 2.4589492298747739e-02 1.0000000000065885e+00 8.4879476675740528e-02 9.3614783796474553e-03 1.8260646356627554e+01 36
1 1 1 1 3.2736197803599598e-02 2.4602377995700812e-02 1.0000000000076270e+00 8.4814375700704214e-02 9.6940594062539243e-03 1.8310646477952293e+01 36
1 1 1 1 3.2772280216080182e-02 2.4614944914917836e-02 1.0000000000088063e+00 8.4749190984109546e-02 1.0031052077560639e-02 1.8360646585264480e+01 36
1 1 1 1 3.2807866111636448e-02 2.4627194827244028e-02 1.0000000000101426e+00 8.4683923022583707e-02 1.0372509436933061e-02 1.8410646680279132e+01 36
1 1 1 1 3.2842926576922317e-02 2.4639129478051695e-02 1.0000000000116540e+00 8.4618572423165117e-02 1.0718476300160529e-02 1.8460646764507000e+01 36
1 1 1 1 3.2877434648215569e-02 2.4650750592586933e-02 1.0000000000133606e+00 8.4553139891028417e-02 1.1068990295038959e-02 1.8510646839260794e+01 36
1 1 1 1 3.2911449015905675e-02 2.4662059880544849e-02 1.0000000000152844e+00 8.4487626218647027e-02 1.1424082756939043e-02 1.8560646905712186e+01 36
1 1 1 1 3.2944970769099774e-02 2.4673059039900979e-02 1.0000000000174494e+00 8.4422032276354864e-02 1.1783779500965375e-02 1.8610646964872984e+01 36
1 1 1 1 3.2978000986730698e-02 2.4683749760162910e-02 1.0000000000198814e+00 8.4356359003978865e-02 1.2148101489656320e-02 1.8660647017644518e+01 36
1 1 1 1 3.3010540743889878e-02 2.4694133725100077e-02 1.0000000000226095e+00 8.4290607403555928e-02 1.2517065410437742e-02 1.8710647064809486e+01 36
1 1 1 1 3.3042591117226690e-02 2.4704212615024396e-02 1.0000000000256650e+00 8.4224778532895062e-02 1.2890684176272722e-02 1.8760647107057167e+01 36
1 1 1 1 3.3074153189531434e-02 2.4713988108702251e-02 1.0000000000290825e+00 8.4158873499942721e-02 1.3268967360050199e-02 1.8810647144993553e+01 36
1 1 1 1 3.3105233228281503e-02 2.4723412533525217e-02 1.0000000000329021e+00 8.4092893457837992e-02 1.3651981141618912e-02 1.8860654909609131e+01 36
1 1 1 1 3.3135813056294712e-02 2.4732531615402207e-02 1.0000000000371603e+00 8.4026870205036519e-02 1.4039492044222569e-02 1.8910639678006834e+01 36
1 1 1 1 3.3165921716827293e-02 2.4741356304537630e-02 1.0000000000419056e+00 8.3960744495908846e-02 1.4431855504711948e-02 1.8960647094201633e+01 36
1 1 1 1 3.3195542124179828e-02 2.4749882886479235e-02 1.0000000000471843e+00 8.3894557094715050e-02 1.4828838624462959e-02 1.9010647259464776e+01 36
1 1 1 1 3.3224679757148989e-02 2.4758114342848154e-02 1.0000000000530491e+00 8.3828299899869785e-02 1.5230494458734669e-02 1.9060647282486261e+01 36
1 1 1 1 3.3253335881680501e-02 2.4766052405921009e-02 1.0000000000595577e+00 8.3761974046358267e-02 1.5636820080024150e-02 1.9110647303476913e+01 36
1 1 1 1 3.3281511703399123e-02 2.4773698788587907e-02 1.0000000000667719e+00 8.3695580879857956e-02 1.6047809939208509e-02 1.9160647322668041e+01 36
1 1 1 1 3.3309208452276043e-02 2.4781055208968731e-02 1.0000000000747591e+00 8.3629121769480175e-02 1.6463457118789944e-02 1.9210647340251235e+01 36
1 1 1 1 3.3336351748483824e-02 2.4788123390652572e-02 1.0000000000835922e+00 8.3562598105854757e-02 1.6883753464422498e-02 1.9260647356403233e+01 36
1 1 1 1 3.3363017475965852e-02 2.4794905062868730e-02 1.0000000000933502e+00 8.3496011299459327e-02 1.7308689700920199e-02 1.9310647371258469e+01 36
1 1 1 1 3.3389207740719365e-02 2.4801401960594598e-02 1.0000000001041180e+00 8.3429362779031180e-02 1.7738255535815404e-02 1.9360647384958799e+01 36
1 1 1 1 3.3414923898330069e-02 2.4807615824597579e-02 1.0000000001159881e+00 8.3362653990241342e-02 1.8172439750694845e-02 1.9410647397605477e+01 36
1 1 1 1 3.3440167331439508e-02 2.4813548401437392e-02 1.0000000001290599e+00 8.3295886394383012e-02 1.8611230283364394e-02 1.9460647409300947e+01 36
1 1 1 1 3.3464939449930065e-02 2.4819201443430042e-02 1.0000000001434406e+00 8.3229061467251453e-02 1.9054614300762683e-02 1.9510647420123796e+01 36
1 1 1 1 3.3489241691048881e-02 2.4824576708572296e-02 1.0000000001592457e+00 8.3162180698061527e-02 1.9502578264743792e-02 1.9560647430157410e+01 36
1 1 1 1 3.3513075519422425e-02 2.4829675960434554e-02 1.0000000001766001e+00 8.3095245588519606e-02 1.9955107990638054e-02 1.9610647439455835e+01 36
1 1 1 1 3.3536443332194583e-02 2.4834488987394678e-02 1.0000000001956415e+00 8.3028257651881210e-02 2.0412204820575770e-02 1.9660649202729175e+01 36
1 1 1 1 3.3559345616887316e-02 2.4838998104004507e-02 1.0000000002165190e+00 8.2961225465268851e-02 2.0873830888778755e-02 1.9710650238876294e+01 36
1 1 1 1 3.3581780321292110e-02 2.4843235822981681e-02 1.0000000002393774e+00 8.2894154699868994e-02 2.1339898985607491e-02 1.9760642948975615e+01 36
1 1 1 1 3.3603758006036745e-02 2.4847205618392598e-02 1.0000000002643932e+00 8.2827019877810271e-02 2.1810581009720015e-02 1.9810647468347568e+01 36
1 1 1 1 3.3625272995974488e-02 2.4850907935694173e-02 1.0000000002917375e+00 8.2759844452036213e-02 2.2285707592483928e-02 1.9860647474748710e+01 36
1 1 1 1 3.3646328921602971e-02 2.4854344949716285e-02 1.0000000003216043e+00 8.2692623923922987e-02 2.2765303894975056e-02 1.9910647480671965e+01 36
1 1 1 1 3.3666927435507567e-02 2.4857518469127347e-02 1.0000000003541993e+00 8.2625359858382708e-02 2.3249352441242582e-02 1.9960647486158980e+01 36
1 1 1 1 3.3687070216159097e-02 2.4860430306557112e-02 1.0000000003897433e+00 8.2558053827184286e-02 2.3737835416822017e-02 2.0010647491217508e+01 36
1 1 1 1 3.3706758967608948e-02 2.4863082278367917e-02 1.0000000004284721e+00 8.2490707408345076e-02 2.4230734694126548e-02 2.0060647495883895e+01 36
1 1 1 1 3.3725995419116681e-02 2.4865476204417859e-02 1.0000000004706378e+00 8.2423322185693260e-02 2.4728031854690892e-02 2.0110647500171311e+01 36
1 1 1 1 3.3744740559005754e-02 2.4867613907826335e-02 1.0000000005165106e+00 8.2355899748346367e-02 2.5229708210386278e-02 2.0160647504100634e+01 36
1 1 1 1 3.3763014162011225e-02 2.4869497214726179e-02 1.0000000005663785e+00 8.2288441690269387e-02 2.5735744822533473e-02 2.0210647507685159e+01 36
1 1 1 1 3.3780840805846792e-02 2.4871127954027801e-02 1.0000000006205494e+00 8.2220949609819322e-02 2.6246122519850399e-02 2.0260647510947791e+01 36
1 1 1 1 3.3798222333335452e-02 2.4872507957166775e-02 1.0000000006793517e+00 8.2153425109356415e-02 2.6760821914574743e-02 2.0310647513890892e+01 36
1 1 1 1 3.3815160610357935e-02 2.4873639057868827e-02 1.0000000007431358e+00 8.2085869794789545e-02 2.7279823418107207e-02 2.0360647516538545e+01 36
1 1 1 1 3.3831657525403423e-02 2.4874523091893527e-02 1.0000000008122749e+00 8.2018285275240188e-02 2.7803107254656231e-02 2.0410647518891700e+01 36
1 1 1 1 3.3847714989158277e-02 2.4875161896798566e-02 1.0000000008871668e+00 8.1950673162615395e-02 2.8330653474799770e-02 2.0460647520972387e+01 36
1 1 1 1 3.3863334934051401e-02 2.4875557311690943e-02 1.0000000009682348e+00 8.1883035071298349e-02 2.8862441967244266e-02 2.0510647522782524e+01 36
1 1 1 1 3.3878519313817523e-02 2.4875711176984366e-02 1.0000000010559296e+00 8.1815372617758619e-02 2.9398452470452963e-02 2.0560647524329735e+01 35
1 0 1 1 3.3893270103053756e-02 2.4875625334160826e-02 1.0000000011507297e+00 8.1747687420214793e-02 2.9938664583294135e-02 2.0610647525631709e+01 35
1 0 1 1 3.3907589296763005e-02 2.4875301625531816e-02 1.0000000012531449e+00 8.1679981098340459e-02 3.0483057774633157e-02 2.0660647526687299e+01 35
1 0 1 1 3.3921480277478266e-02 2.4874711360798971e-02 1.0000000013637795e+00 8.1612255272903833e-02 3.1031657647513977e-02 2.0710651727657218e+01 35
1 0 1 1 3.3934940473218586e-02 2.4873883113709524e-02 1.0000000014831327e+00 8.1544528632449764e-02 3.1584264282511681e-02 2.0760643887502393e+01 35
1 0 1 1 3.3947978103271874e-02 2.4872822457685361e-02 1.0000000016118633e+00 8.1476770933075537e-02 3.2141110438378355e-02 2.0810646963425974e+01 35
1 0 1 1 3.3960591631171530e-02 2.4871531469960424e-02 1.0000000017505861e+00 8.1409001987776675e-02 3.2702026648596047e-02 2.0860647527077063e+01 35
1 0 1 1 3.3972783677784377e-02 2.4870011971960777e-02 1.0000000018999922e+00 8.1341220777564588e-02 3.3267013341980962e-02 2.0910647527039689e+01 35
1 0 1 1 3.3984556495506510e-02 2.4868265800163953e-02 1.0000000020608104e+00 8.1273428159116146e-02 3.3836055682702176e-02 2.0960647526801655e+01 35
1 0 1 1 3.3995912209432357e-02 2.4866294803381074e-02 1.0000000022338105e+00 8.1205625752164667e-02 3.4409132460968467e-02 2.1010647526358259e+01 35
1 0 1 1 3.4006852961447551e-02 2.4864100829288721e-02 1.0000000024198077e+00 8.1137815175557099e-02 3.4986222397695541e-02 2.1060647525730943e+01 35
1 0 1 1 3.4017380909754515e-02 2.4861685724212317e-02 1.0000000026196645e+00 8.1069998047068936e-02 3.5567304149526510e-02 2.1110647524906561e+01 35
1 0 1 1 3.4027498228445086e-02 2.4859051332919029e-02 1.0000000028342921e+00 8.1002175983072244e-02 3.6152356314992189e-02 2.1160647523902465e+01 35
1 0 1 1 3.4037207107037462e-02 2.4856199498410777e-02 1.0000000030646545e+00 8.0934350598356797e-02 3.6741357439072087e-02 2.1210647522717437e+01 35
1 0 1 1 3.4046509750039741e-02 2.4853132061721964e-02 1.0000000033117693e+00 8.0866523505857546e-02 3.7334286018374699e-02 2.1260647521358898e+01 35
1 0 1 1 3.4055379674192504e-02 2.4849850861718373e-02 1.0000000035767116e+00 8.0798696316441321e-02 3.7931120505541767e-02 2.1310647519824617e+01 35
1 0 1 1 3.4063827653351503e-02 2.4846357734899332e-02 1.0000000038606152e+00 8.0730870638652197e-02 3.8531839313965852e-02 2.1360647518130218e+01 35
1 0 1 1 3.4071876297884697e-02 2.4842654515211275e-02 1.0000000041646766e+00 8.0663048078539967e-02 3.9136420821452522e-02 2.1410647516265879e+01 35
1 0 1 1 3.4079527878694463e-02 2.4838743033853378e-02 1.0000000044901576e+00 8.0595230239382060e-02 3.9744843374792442e-02 2.1460647514245718e+01 35
1 0 1 1 3.4086784679267540e-02 2.4834625119096815e-02 1.0000000048383875e+00 8.0527418721524163e-02 4.0357085293064247e-02 2.1510647512066924e+01 34
1 0 1 1 3.4093648995252218e-02 2.4830302596099477e-02 1.0000000052107667e+00 8.0459615122138617e-02 4.0973124871584936e-02 2.1560647509736985e+01 34
1 0 1 1 3.4100123134033648e-02 2.4825777286732270e-02 1.0000000056087699e+00 8.0391821035043942e-02 4.1592940385205460e-02 2.1610647507260193e+01 34
1 0 1 1 3.4106209414307719e-02 2.4821051009400956e-02 1.0000000060339491e+00 8.0324038050508001e-02 4.2216510091538414e-02 2.1660647504631427e+01 34
1 0 1 1 3.4111910165676732e-02 2.4816125578879345e-02 1.0000000064879371e+00 8.0256267755023092e-02 4.2843812234517900e-02 2.1710647501867971e+01 34
1 0 1 1 3.4117227728220005e-02 2.4811002806139550e-02 1.0000000069724506e+00 8.0188511731178025e-02 4.3474825046782260e-02 2.1760647498957653e+01 34
1 0 1 1 3.4122164452099556e-02 2.4805684498188641e-02 1.0000000074892945e+00 8.0120771557403714e-02 4.4109526753280663e-02 2.1810647495915088e+01 34
1 0 1 1 3.4126722697146637e-02 2.4800172457912856e-02 1.0000000080403648e+00 8.0053048807851246e-02 4.4747895573505975e-02 2.1860647492737655e+01 34
1 0 1 1 3.4130904832465697e-02 2.4794468483918655e-02 1.0000000086276524e+00 7.9985345052183632e-02 4.5389909724469352e-02 2.1910647489429575e+01 34
1 0 1 1 3.4134713236032697e-02 2.4788574370376203e-02 1.0000000092532479e+00 7.9917661855415462e-02 4.6035547423189285e-02 2.1960647485995761e+01 34
1 0 1 1 3.4138150376594671e-02 2.4782486463119119e-02 1.0000000099194273e+00 7.9850000777751950e-02 4.6684796151915661e-02 2.2010648193805547e+01 34
1 0 1 1 3.4141218708249703e-02 2.4776192676823999e-02 1.0000000106287075e+00 7.9782366262148130e-02 4.7337630558217353e-02 2.2060649327953026e+01 34
1 0 1 1 3.4143920189989817e-02 2.4769715015129867e-02 1.0000000113831669e+00 7.9714764475344230e-02 4.7993950025054938e-02 2.2110644891537081e+01 34
1 0 1 1 3.4146257895659088e-02 2.4763053618481308e-02 1.0000000121855297e+00 7.9647179944509816e-02 4.8653898166579432e-02 2.2160647470285294e+01 34
1 0 1 1 3.4148233744700565e-02 2.4756211515030543e-02 1.0000000130383013e+00 7.9579627184454715e-02 4.9317327028673176e-02 2.2210647466262838e+01 34
1 0 1 1 3.4149850290382928e-02 2.4749190133815536e-02 1.0000000139443002e+00 7.9512104236581338e-02 4.9984248872588892e-02 2.2260647462135953e+01 34
1 0 1 1 3.4151109962071116e-02 2.4741991237719391e-02 1.0000000149064348e+00 7.9444612628071509e-02 5.0654641979290468e-02 2.2310647457894568e+01 34
1 0 1 1 3.4152015194984245e-02 2.4734616583966480e-02 1.0000000159277487e+00 7.9377153880218154e-02 5.1328484647390905e-02 2.2360647453550754e+01 34
1 0 1 1 3.4152568429844932e-02 2.4727067924022215e-02 1.0000000170114247e+00 7.9309729508336368e-02 5.2005755194443434e-02 2.2410647449097496e+01 34
1 0 1 1 3.4152772112517972e-02 2.4719347003456404e-02 1.0000000181607918e+00 7.9242341021584034e-02 5.2686431959185910e-02 2.2460647444543916e+01 34
1 0 1 1 3.4152628693670306e-02 2.4711455561843114e-02 1.0000000193793286e+00 7.9174989922864369e-02 5.3370493302949157e-02 2.2510647439892274e+01 33
1 0 1 1 3.4152140628421687e-02 2.4703395332641400e-02 1.0000000206706696e+00 7.9107677708691204e-02 5.4057917611365983e-02 2.2560647435141892e+01 33
1 0 1 1 3.4151310376003212e-02 2.4695168043085559e-02 1.0000000220386109e+00 7.9040405869055252e-02 5.4748683296044182e-02 2.2610647430294023e+01 33
1 0 1 1 3.4150140399423268e-02 2.4686775414079945e-02 1.0000000234871156e+00 7.8973175887301461e-02 5.5442768796171563e-02 2.2660647425355549e+01 33
1 0 1 1 3.4148633165141079e-02 2.4678219160102897e-02 1.0000000250203194e+00 7.8905989240028535e-02 5.6140152579830994e-02 2.2710647420325220e+01 33
1 0 1 1 3.4146791142731212e-02 2.4669500989096763e-02 1.0000000266425371e+00 7.8838847396957595e-02 5.6840813145597288e-02 2.2760647415203842e+01 33
1 0 1 1 3.4144616804567665e-02 2.4660622602374054e-02 1.0000000283582677e+00 7.8771751820818720e-02 5.7544729024032203e-02 2.2810647410000222e+01 33
1 0 1 1 3.4142112625505226e-02 2.4651585694529816e-02 1.0000000301722021e+00 7.8704703967268252e-02 5.8251878778685935e-02 2.2860647404704796e+01 33
1 0 1 1 3.4139261860759142e-02 2.4642391953339293e-02 1.0000000320892282e+00 7.8637705284733461e-02 5.8962241008051655e-02 2.2910647399334337e+01 33
1 0 1 1 3.4136073610638341e-02 2.4633043059678585e-02 1.0000000341144375e+00 7.8570757214375619e-02 5.9675794346065320e-02 2.2960647393876243e+01 33
1 0 1 1 3.4132563275598098e-02 2.4623540687435136e-02 1.0000000362531327e+00 7.8503861189922114e-02 6.0392517464114961e-02 2.3010647388341923e+01 33
1 0 1 1 3.4128733341842528e-02 2.4613886503421407e-02 1.0000000385108330e+00 7.8437018637618261e-02 6.1112389071766436e-02 2.3060647382732924e+01 33
1 0 1 1 3.4124586296367873e-02 2.4604082167303486e-02 1.0000000408932823e+00 7.8370230976122640e-02 6.1835387917981051e-02 2.3110647377043559e+01 33
1 0 1 1 3.4120124626667914e-02 2.4594129331512258e-02 1.0000000434064555e+00 7.8303499616389077e-02 6.2561492792594417e-02 2.3160647371284419e+01 33
1 0 1 1 3.4115350820451265e-02 2.4584029641175544e-02 1.0000000460565655e+00 7.8236825961616241e-02 6.3290682527001652e-02 2.3210647365452889e+01 33
1 0 1 1 3.4110267365360693e-02 2.4573784734042956e-02 1.0000000488500709e+00 7.8170211407137202e-02 6.4022935995507235e-02 2.3260647359551967e+01 33
1 0 1 1 3.4104876748692205e-02 2.4563396240413999e-02 1.0000000517936833e+00 7.8103657340345689e-02 6.4758232116227235e-02 2.3310647353580251e+01 33
1 0 1 1 3.4099181457130354e-02 2.4552865783075646e-02 1.0000000548943753e+00 7.8037165140601716e-02 6.5496549852331831e-02 2.3360647347547140e+01 33
1 0 1 1 3.4093183976471604e-02 2.4542194977231983e-02 1.0000000581593866e+00 7.7970736179184513e-02 6.6237868212627601e-02 2.3410647341445305e+01 33
1 0 1 1 3.4086886791365893e-02 2.4531385430441421e-02 1.0000000615962341e+00 7.7904371819177587e-02 6.6982166253008180e-02 2.3460647335283824e+01 33
1 0 1 1 3.4080292385053126e-02 2.4520438742557948e-02 1.0000000652127177e+00 7.7838073415431863e-02 6.7729423076939826e-02 2.3510647329057708e+01 33
1 0 1 1 3.4073403239108631e-02 2.4509356505669388e-02 1.0000000690169295e+00 7.7771842314462991e-02 6.8479617836749357e-02 2.3560647322773448e+01 33
1 0 1 1 3.4066221833195777e-02 2.4498140304048538e-02 1.0000000730172620e+00 7.7705679854407073e-02 6.9232729734265197e-02 2.3610647316432470e+01 33
1 0 1 1 3.4058750644815047e-02 2.4486791714093157e-02 1.0000000772224154e+00 7.7639587364949941e-02 6.9988738021725228e-02 2.3660647310034641e+01 33
1 0 1 1 3.4050992149058053e-02 2.4475312304273619e-02 1.0000000816414072e+00 7.7573566167258967e-02 7.0747622002604538e-02 2.3710647303577492e+01 32
1 0 1 1 3.4042948818373782e-02 2.4463703635082972e-02 1.0000000862835803e+00 7.7507617573908061e-02 7.1509361032725136e-02 2.3760647297075870e+01 32
1 0 1 1 3.4034623122333955e-02 2.4451967259000364e-02 1.0000000911586111e+00 7.7441742888871345e-02 7.2273934520286146e-02 2.3810647290511461e+01 32
1 0 1 1 3.4026017527395286e-02 2.4440104720425324e-02 1.0000000962765188e+00 7.7375943407382353e-02 7.3041321927768743e-02 2.3860647283907742e+01 32
1 0 1 1 3.4017134496684177e-02 2.4428117555658109e-02 1.0000001016476741e+00 7.7310220415978625e-02 7.3811502771421969e-02 2.3910647277246813e+01 32
1 0 1 1 3.4007976489758875e-02 2.4416007292835114e-02 1.0000001072828082e+00 7.7244575192359166e-02 7.4584456623063150e-02 2.3960647270539653e+01 32
1 0 1 1 3.3998545962404182e-02 2.4403775451905640e-02 1.0000001131930216e+00 7.7179009005386989e-02 7.5360163110269898e-02 2.4010647263792130e+01 32
1 0 1 1 3.3988845302375156e-02 2.4391420222487543e-02 1.0000001193904169e+00 7.7113523115048155e-02 7.6138608546314906e-02 2.4060647681939145e+01 32
1 0 1 1 3.3978877072049662e-02 2.4378936654649384e-02 1.0000001258881348e+00 7.7048120441687296e-02 7.6919766365161985e-02 2.4110648117268777e+01 32
1 0 1 1 3.3968644202456634e-02 2.4366336885496789e-02 1.0000001326964141e+00 7.6982803961423929e-02 7.7703574773064485e-02 2.4160645921398814e+01 32
1 0 1 1 3.3958147868178898e-02 2.4353620851475327e-02 1.0000001398287837e+00 7.6917566885590233e-02 7.8490109984229964e-02 2.4210647236241854e+01 32
1 0 1 1 3.3947391500195039e-02 2.4340791252869559e-02 1.0000001472976763e+00 7.6852416748511065e-02 7.9279276073916286e-02 2.4260647229290797e+01 32
1 0 1 1 3.3936377253264961e-02 2.4327849225484047e-02 1.0000001551168030e+00 7.6787353039271089e-02 8.0071073774855311e-02 2.4310647222297831e+01 32
1 0 1 1 3.3925107550942246e-02 2.4314796231257242e-02 1.0000001633001265e+00 7.6722376963434397e-02 8.0865483123876203e-02 2.4360647215270909e+01 32
1 0 1 1 3.3913584811396301e-02 2.4301633723632712e-02 1.0000001718620546e+00 7.6657489717418481e-02 8.1662484218491385e-02 2.4410647208206221e+01 32
1 0 1 1 3.3901811447214159e-02 2.4288363147519528e-02 1.0000001808174508e+00 7.6592692488437975e-02 8.2462057217740123e-02 2.4460647201107015e+01 32
1 0 1 1 3.3889789865229510e-02 2.4274985939282900e-02 1.0000001901816429e+00 7.6527986454486330e-02 8.3264182342630250e-02 2.4510647193977142e+01 32
1 0 1 1 3.3877522466343533e-02 2.4261503526725334e-02 1.0000001999704344e+00 7.6463372784315309e-02 8.4068839876509566e-02 2.4560647186811583e+01 32
1 0 1 1 3.3865011645343182e-02 2.4247917329059190e-02 1.0000002102001133e+00 7.6398852637384496e-02 8.4876010165852861e-02 2.4610647179613995e+01 32
1 0 1 1 3.3852259790741954e-02 2.4234228756901892e-02 1.0000002208874621e+00 7.6334427163849694e-02 8.5685673620694944e-02 2.4660647172392608e+01 32
1 0 1 1 3.3839269284607551e-02 2.4220439212256892e-02 1.0000002320497685e+00 7.6270097504562762e-02 8.6497810714717960e-02 2.4710647165136159e+01 32
1 0 1 1 3.3826042502396070e-02 2.4206550088498296e-02 1.0000002437048345e+00 7.6205864791000943e-02 8.7312401986367874e-02 2.4760647157853732e+01 32
1 0 1 1 3.3812581812796630e-02 2.4192562770363506e-02 1.0000002558709873e+00 7.6141730145285969e-02 8.8129428038818278e-02 2.4810647150544721e+01 32
1 0 1 1 3.3798889577571552e-02 2.4178478633938901e-02 1.0000002685670886e+00 7.6077694680151353e-02 8.8948869540626085e-02 2.4860647143212123e+01 32
1 0 1 1 3.3784968151408579e-02 2.4164299046657390e-02 1.0000002818125453e+00 7.6013759498935518e-02 8.9770707225983612e-02 2.4910647135851651e+01 32
1 0 1 1 3.3770819881763371e-02 2.4150025367284011e-02 1.0000002956273191e+00 7.5949925695546316e-02 9.0594921895414210e-02 2.4960647128468853e+01 32
1 0 1 1 3.3756447108718612e-02 2.4135658945912870e-02 1.0000003100319372e+00 7.5886194354467640e-02 9.1421494415945354e-02 2.5010647121065304e+01 31
1 0 1 1 3.3741852164840921e-02 2.4121201123965565e-02 1.0000003250475011e+00 7.5822566550745235e-02 9.2250405721460316e-02 2.5060647113635987e+01 31
1 0 1 1 3.3727037375033846e-02 2.4106653234177704e-02 1.0000003406956979e+00 7.5759043349954952e-02 9.3081636813423740e-02 2.5110647106190552e+01 31
1 0 1 1 3.3712005056413724e-02 2.4092016600611825e-02 1.0000003569988096e+00 7.5695625808228917e-02 9.3915168760721215e-02 2.5160647098721110e+01 31
1 0 1 1 3.3696757518163124e-02 2.4077292538639859e-02 1.0000003739797239e+00 7.5632314972208792e-02 9.4750982700634798e-02 2.5210647091239963e+01 31
1 0 1 1 3.3681297061412367e-02 2.4062482354959530e-02 1.0000003916619422e+00 7.5569111879088602e-02 9.5589059838378274e-02 2.5260647083730600e+01 31
1 0 1 1 3.3665625979096017e-02 2.4047587347575960e-02 1.0000004100695921e+00 7.5506017556538019e-02 9.6429381448517176e-02 2.5310647076213030e+01 31
1 0 1 1 3.3649746555852032e-02 2.4032608805828071e-02 1.0000004292274352e+00 7.5443033022780326e-02 9.7271928874194710e-02 2.5360647068678013e+01 31
1 0 1 1 3.3633661067879655e-02 2.4017548010372893e-02 1.0000004491608778e+00 7.5380159286538490e-02 9.8116683528041579e-02 2.5410647061122884e+01 31
1 0 1 1 3.3617371782828059e-02 2.4002406233194513e-02 1.0000004698959801e+00 7.5317397347031884e-02 9.8963626892615272e-02 2.5460647053559590e+01 31
1 0 1 1 3.3600880959686698e-02 2.3987184737616705e-02 1.0000004914594662e+00 7.5254748194016508e-02 9.9812740520078130e-02 2.5510647045978327e+01 31
1 0 1 1 3.3584190848664756e-02 2.3971884778301540e-02 1.0000005138787336e+00 7.5192212807740300e-02 1.0066400603317091e-01 2.5560647038388371e+01 31
1 0 1 1 3.3567303691089782e-02 2.3956507601264020e-02 1.0000005371818619e+00 7.5129792158985381e-02 1.0151740512489499e-01 2.5610647030783362e+01 31
1 0 1 1 3.3550221719295933e-02 2.3941054443876116e-02 1.0000005613976235e+00 7.5067487209039441e-02 1.0237291955925462e-01 2.5660647023169460e+01 31
1 0 1 1 3.3532947156519700e-02 2.3925526534875226e-02 1.0000005865554915e+00 7.5005298909725848e-02 1.0323053117114622e-01 2.5710647015544279e+01 31
1 0 1 1 3.3515482216805281e-02 2.3909925094382094e-02 1.0000006126856493e+00 7.4943228203393997e-02 1.0409022186684021e-01 2.5760647007910336e+01 31
1 0 1 1 3.3497829104898520e-02 2.3894251333902460e-02 1.0000006398189996e+00 7.4881276022935900e-02 1.0495197362407496e-01 2.5810647000267476e+01 31
1 0 1 1 3.3479990016158534e-02 2.3878506456348723e-02 1.0000006679871729e+00 7.4819443291789911e-02 1.0581576849235072e-01 2.5860646992616303e+01 31
1 0 1 1 3.3461967136462829e-02 2.3862691656048554e-02 1.0000006972225368e+00 7.4757730923950910e-02 1.0668158859317345e-01 2.5910646984960103e+01 31
1 0 1 1 3.3443762642118298e-02 2.3846808118760963e-02 1.0000007275582037e+00 7.4696139823989843e-02 1.0754941612009243e-01 2.5960646977294989e+01 31
1 0 1 1 3.3425378699769442e-02 2.3830857021687853e-02 1.0000007590280393e+00 7.4634670887048005e-02 1.0841923333915082e-01 2.6010646969624311e+01 31
1 0 1 1 3.3406815971985276e-02 2.3814839533492952e-02 1.0000007916666718e+00 7.4573324998862156e-02 1.0929102258892334e-01 2.6060646961950010e+01 31
1 0 1 1 3.3388070817136350e-02 2.3798756814323013e-02 1.0000008255094983e+00 7.4512103035779903e-02 1.1016476628070836e-01 2.6110646954272909e+01 31
1 0 1 1 3.3369152924606037e-02 2.3782610015816760e-02 1.0000008605926938e+00 7.4451005864775044e-02 1.1104044689859463e-01 2.6160646946587001e+01 31
1 0 1 1 3.3350064419988217e-02 2.3766400281125834e-02 1.0000008969532177e+00 7.4390034343440548e-02 1.1191804700005412e-01 2.6210646938903437e+01 31
1 0 1 1 3.3330807418780625e-02 2.3750128744940171e-02 1.0000009346288226e+00 7.4329189320045397e-02 1.1279754921549336e-01 2.6260646931216240e+01 31
1 0 1 1 3.3311384026302134e-02 2.3733796533498601e-02 1.0000009736580597e+00 7.4268471633521738e-02 1.1367893624879943e-01 2.6310646923524786e+01 31
1 0 1 1 3.3291796337629811e-02 2.3717404764612635e-02 1.0000010140802875e+00 7.4207882113485280e-02 1.1456219087751937e-01 2.6360646915835886e+01 31
1 0 1 1 3.3272046437539893e-02 2.3700954547695753e-02 1.0000010559356776e+00 7.4147421580275596e-02 1.1544729595264068e-01 2.6410646908143406e+01 31
1 0 1 1 3.3252136400430059e-02 2.3684446983768231e-02 1.0000010992652202e+00 7.4087090844948467e-02 1.1633423439915262e-01 2.6460646900453590e+01 30
1 0 1 1 3.3232068290274086e-02 2.3667883165497776e-02 1.0000011441107326e+00 7.4026890709321891e-02 1.1722298921579150e-01 2.6510646892763102e+01 30
1 0 1 1 3.3211844160554005e-02 2.3651264177211213e-02 1.0000011905148627e+00 7.3966821965980090e-02 1.1811354347547585e-01 2.6560646885077773e+01 30
1 0 1 1 3.3191466054206926e-02 2.3634591094923316e-02 1.0000012385210963e+00 7.3906885398317995e-02 1.1900588032493041e-01 2.6610646877385328e+01 30
1 0 1 1 3.3170936003564085e-02 2.3617864986353963e-02 1.0000012881737621e+00 7.3847081780516688e-02 1.1989998298571281e-01 2.6660646869707509e+01 30
1 0 1 1 3.3150256030318417e-02 2.3601086910970265e-02 1.0000013395180358e+00 7.3787411877648312e-02 1.2079583475293802e-01 2.6710646862023506e+01 30
1 0 1 1 3.3129428145448607e-02 2.3584257919989800e-02 1.0000013925999460e+00 7.3727876445613683e-02 1.2169341899675426e-01 2.6760646854347893e+01 30
1 0 1 1 3.3108454349189985e-02 2.3567379056422848e-02 1.0000014474663788e+00 7.3668476231232738e-02 1.2259271916136555e-01 2.6810646846671652e+01 30
1 0 1 1 3.3087336630980783e-02 2.3550451355090329e-02 1.0000015041650805e+00 7.3609211972225752e-02 1.2349371876593421e-01 2.6860646839008560e+01 30
1 0 1 1 3.3066076969429835e-02 2.3533475842662899e-02 1.0000015627446630e+00 7.3550084397293436e-02 1.2439640140369064e-01 2.6910646831342000e+01 30
1 0 1 1 3.3044677332257445e-02 2.3516453537672562e-02 1.0000016232546065e+00 7.3491094226078191e-02 1.2530075074309416e-01 2.6960646823686282e+01 30
1 0 1 1 3.3023139676271518e-02 2.3499385450552513e-02 1.0000016857452627e+00 7.3432242169251649e-02 1.2620675052696353e-01 2.7010646816035820e+01 30
1 0 1 1 3.3001465947322825e-02 2.3482272583662030e-02 1.0000017502678575e+00 7.3373528928512149e-02 1.2711438457297056e-01 2.7060646808389613e+01 30
1 0 1 1 3.2979658080269862e-02 2.3465115931313483e-02 1.0000018168744937e+00 7.3314955196615184e-02 1.2802363677374934e-01 2.7110646800755465e+01 30
1 0 1 1 3.2957717998953133e-02 2.3447916479810933e-02 1.0000018856181532e+00 7.3256521657428353e-02 1.2893449109646041e-01 2.7160646793123817e+01 30
1 0 1 1 3.2935647616150469e-02 2.3430675207467219e-02 1.0000019565526979e+00 7.3198228985924318e-02 1.2984693158349597e-01 2.7210646785505386e+01 30
1 0 1 1 3.2913448833561572e-02 2.3413393084646794e-02 1.0000020297328718e+00 7.3140077848253965e-02 1.3076094235176192e-01 2.7260646777890557e+01 30
1 0 1 1 3.2891123541768458e-02 2.3396071073787338e-02 1.0000021052143018e+00 7.3082068901737407e-02 1.3167650759346686e-01 2.7310646770291708e+01 30
1 0 1 1 3.2868673620220244e-02 2.3378710129438946e-02 1.0000021830534975e+00 7.3024202794944260e-02 1.3259361157519994e-01 2.7360646762692593e+01 30
1 0 1 1 3.2846100937193180e-02 2.3361311198284537e-02 1.0000022633078522e+00 7.2966480167662995e-02 1.3351223863913711e-01 2.7410646755113664e+01 30
1 0 1 1 3.2823407349793506e-02 2.3343875219191002e-02 1.0000023460356424e+00 7.2908901651012492e-02 1.3443237320167198e-01 2.7460646747537737e+01 30
1 0 1 1 3.2800594703909794e-02 2.3326403123221234e-02 1.0000024312960261e+00 7.2851467867403930e-02 1.3535399975462478e-01 2.7510646739976295e+01 30
1 0 1 1 3.2777664834213564e-02 2.3308895833680489e-02 1.0000025191490427e+00 7.2794179430625577e-02 1.3627710286443892e-01 2.7560646732426648e+01 30
1 0 1 1 3.2754619564134821e-02 2.3291354266146150e-02 1.0000026096556114e+00 7.2737036945858924e-02 1.3720166717241586e-01 2.7610646724885484e+01 30
1 0 1 1 3.2731460705840904e-02 2.3273779328495118e-02 1.0000027028775282e+00 7.2680041009706098e-02 1.3812767739487677e-01 2.7660646717359310e+01 30
1 0 1 1 3.2708190060236099e-02 2.3256171920949673e-02 1.0000027988774647e+00 7.2623192210247767e-02 1.3905511832276723e-01 2.7710646709844287e+01 30
1 0 1 1 3.2684809416939034e-02 2.3238532936103541e-02 1.0000028977189637e+00 7.2566491127061761e-02 1.3998397482191913e-01 2.7760646702342388e+01 30
1 0 1 1 3.2661320554273815e-02 2.3220863258955317e-02 1.0000029994664366e+00 7.2509938331269175e-02 1.4091423183284668e-01 2.7810646694852984e+01 30
1 0 1 1 3.2637725239261506e-02 2.3203163766946887e-02 1.0000031041851598e+00 7.2453534385567064e-02 1.4184587437081356e-01 2.7860646687378402e+01 30
1 0 1 1 3.2614025227617999e-02 2.3185435330002186e-02 1.0000032119412692e+00 7.2397279844273271e-02 1.4277888752564710e-01 2.7910646679916585e+01 30
1 0 1 1 3.2590222263737458e-02 2.3167678810551748e-02 1.0000033228017569e+00 7.2341175253355872e-02 1.4371325646187866e-01 2.7960646672472251e+01 30
1 0 1 1 3.2566318080700110e-02 2.3149895063580901e-02 1.0000034368344641e+00 7.2285221150488077e-02 1.4464896641834477e-01 2.8010646665038095e+01 30
1 0 1 1 3.2542314400256504e-02 2.3132084936655882e-02 1.0000035541080765e+00 7.2229418065060447e-02 1.4558600270860461e-01 2.8060646657620666e+01 29
1 0 1 1 3.2518212932832725e-02 2.3114249269962060e-02 1.0000036746921177e+00 7.2173766518245031e-02 1.4652435072047687e-01 2.8110646650219937e+01 29
1 0 1 1 3.2494015377533096e-02 2.3096388896346031e-02 1.0000037986569417e+00 7.2118267023028870e-02 1.4746399591605425e-01 2.8160646642833289e+01 29
1 0 1 1 3.2469723422135201e-02 2.3078504641345754e-02 1.0000039260737263e+00 7.2062920084246418e-02 1.4840492383179829e-01 2.8210646635465242e+01 29
1 0 1 1 3.2445338743096186e-02 2.3060597323230129e-02 1.0000040570144650e+00 7.2007726198635602e-02 1.4934712007808351e-01 2.8260646628107651e+01 29
1 0 1 1 3.2420863005549798e-02 2.3042667753032792e-02 1.0000041915519582e+00 7.1952685854848819e-02 1.5029057033975740e-01 2.8310646620773721e+01 29
1 0 1 1 3.2396297863326505e-02 2.3024716734597210e-02 1.0000043297598047e+00 7.1897799533539641e-02 1.5123526037520460e-01 2.8360646613453884e+01 29
1 0 1 1 3.2371644958943971e-02 2.3006745064605445e-02 1.0000044717123922e+00 7.1843067707365260e-02 1.5218117601686110e-01 2.8410646606147601e+01 29
1 0 1 1 3.2346905923617560e-02 2.2988753532614876e-02 1.0000046174848869e+00 7.1788490841033226e-02 1.5312830317117379e-01 2.8460646598867129e+01 29
1 0 1 1 3.2322082377286475e-02 2.2970742921111353e-02 1.0000047671532233e+00 7.1734069391379884e-02 1.5407662781775422e-01 2.8510646591597752e+01 29
1 0 1 1 3.2297175928594157e-02 2.2952714005522248e-02 1.0000049207940929e+00 7.1679803807359305e-02 1.5502613601014512e-01 2.8560646584344781e+01 29
1 0 1 1 3.2272188174922369e-02 2.2934667554274375e-02 1.0000050784849326e+00 7.1625694530111306e-02 1.5597681387549611e-01 2.8610646577121543e+01 29
1 0 1 1 3.2247120702406734e-02 2.2916604328830567e-02 1.0000052403039130e+00 7.1571741993039284e-02 1.5692864761355557e-01 2.8660646569903498e+01 29
1 0 1 1 3.2221975085921707e-02 2.2898525083710104e-02 1.0000054063299246e+00 7.1517946621771022e-02 1.5788162349817114e-01 2.8710646562712853e+01 29
1 0 1 1 3.2196752889132541e-02 2.2880430566553939e-02 1.0000055766425653e+00 7.1464308834285145e-02 1.5883572787566771e-01 2.8760646555539907e+01 29
1 0 1 1 3.2171455664482963e-02 2.2862321518138839e-02 1.0000057513221263e+00 7.1410829040907980e-02 1.5979094716549289e-01 2.8810646548384717e+01 29
1 0 1 1 3.2146084953225691e-02 2.2844198672431888e-02 1.0000059304495774e+00 7.1357507644365714e-02 1.6074726785995072e-01 2.8860646541248737e+01 29
1 0 1 1 3.2120642285434348e-02 2.2826062756619601e-02 1.0000061141065524e+00 7.1304345039830436e-02 1.6170467652408640e-01 2.8910646534137062e+01 29
1 0 1 1 3.2095129180032766e-02 2.2807914491156316e-02 1.0000063023753332e+00 7.1251341614977926e-02 1.6266315979524634e-01 2.8960646527042371e+01 29
1 0 1 1 3.2069547144801244e-02 2.2789754589792963e-02 1.0000064953388337e+00 7.1198497750007056e-02 1.6362270438337351e-01 2.9010646519967974e+01 29
1 0 1 1 3.2043897676406238e-02 2.2771583759622176e-02 1.0000066930805833e+00 7.1145813817698744e-02 1.6458329707065544e-01 2.9060646512917138e+01 29
1 0 1 1 3.2018182260422669e-02 2.2753402701116456e-02 1.0000068956847090e+00 7.1093290183466662e-02 1.6554492471116219e-01 2.9110646505882361e+01 29
1 0 1 1 3.1992402371348649e-02 2.2735212108162862e-02 1.0000071032359181e+00 7.1040927205377413e-02 1.6650757423124227e-01 2.9160646498873842e+01 29
1 0 1 1 3.1966559472643541e-02 2.2717012668110562e-02 1.0000073158194795e+00 7.0988725234229916e-02 1.6747123262870195e-01 2.9210646491885289e+01 29
1 0 1 1 3.1940655016743792e-02 2.2698805061805792e-02 1.0000075335212044e+00 7.0936684613574719e-02 1.6843588697311510e-01 2.9260646484918063e+01 29
1 0 1 1 3.1914690445086685e-02 2.2680589963626405e-02 1.0000077564274268e+00 7.0884805679768209e-02 1.6940152440544101e-01 2.9310646477970675e+01 29
1 0 1 1 3.1888667188141075e-02 2.2662368041527586e-02 1.0000079846249834e+00 7.0833088762010943e-02 1.7036813213807664e-01 2.9360646471049439e+01 29
1 0 1 1 3.1862586665439965e-02 2.2644139957081852e-02 1.0000082182011927e+00 7.0781534182411815e-02 1.7133569745429147e-01 2.9410646464148751e+01 29
1 0 1 1 3.1836450285599165e-02 2.2625906365512885e-02 1.0000084572438332e+00 7.0730142256013318e-02 1.7230420770840868e-01 2.9460646457269331e+01 29
1 0 1 1 3.1810259446349944e-02 2.2607667915737255e-02 1.0000087018411221e+00 7.0678913290843248e-02 1.7327365032555600e-01 2.9510646450414587e+01 29
1 0 1 1 3.1784015534574467e-02 2.2589425250406952e-02 1.0000089520816922e+00 7.0627847587968445e-02 1.7424401280132878e-01 2.9560646443582691e+01 29
1 0 1 1 3.1757719926328455e-02 2.2571179005943569e-02 1.0000092080545682e+00 7.0576945441533145e-02 1.7521528270165063e-01 2.9610646436768977e+01 29
1 0 1 1 3.1731373986874575e-02 2.2552929812579052e-02 1.0000094698491442e+00 7.0526207138792041e-02 1.7618744766308297e-01 2.9660646429991342e+01 29
1 0 1 1 3.1704979070733642e-02 2.2534678294408608e-02 1.0000097375551582e+00 7.0475632960210199e-02 1.7716049539127579e-01 2.9710646423220510e+01 29
1 0 1 1 3.1678536521672636e-02 2.2516425069396290e-02 1.0000100112626678e+00 7.0425223179414492e-02 1.7813441366285238e-01 2.9760646416487376e+01 29
1 0 1 1 3.1652047672796203e-02 2.2498170749458982e-02 1.0000102910620241e+00 7.0374978063345944e-02 1.7910919032304376e-01 2.9810646409770520e+01 28
1 0 1 1 3.1625513846531852e-02 2.2479915940466458e-02 1.0000105770438459e+00 7.0324897872223624e-02 1.8008481328708770e-01 2.9860646403079606e+01 28
1 0 1 1 3.1598936354694705e-02 2.2461661242305263e-02 1.0000108692989929e+00 7.0274982859633739e-02 1.8106127053924304e-01 2.9910646396414123e+01 28
1 0 1 1 3.1572316498512588e-02 2.2443407248908150e-02 1.0000111679185384e+00 7.0225233272566218e-02 1.8203855013273509e-01 2.9960646389771835e+01 28
1 0 1 1 3.1545655568664267e-02 2.2425154548295783e-02 1.0000114729937410e+00 7.0175649351455816e-02 1.8301664018969482e-01 3.0010646383155930e+01 28
1 0 1 1 3.1518954845319198e-02 2.2406903722618280e-02 1.0000117846160166e+00 7.0126231330238709e-02 1.8399552890068591e-01 3.0060646376561639e+01 28
1 0 1 1 3.1492215598165930e-02 2.2388655348185186e-02 1.0000121028769091e+00 7.0076979436383025e-02 1.8497520452483776e-01 3.0110646369994484e+01 28
1 0 1 1 3.1465439086462862e-02 2.2370409995516316e-02 1.0000124278680604e+00 7.0027893890952819e-02 1.8595565538929579e-01 3.0160646363452599e+01 28
1 0 1 1 3.1438626559072015e-02 2.2352168229377398e-02 1.0000127596811812e+00 6.9978974908645464e-02 1.8693686988917449e-01 3.0210646356935470e+01 28
1 0 1 1 3.1411779254497202e-02 2.2333930608815014e-02 1.0000130984080184e+00 6.9930222697838273e-02 1.8791883648737009e-01 3.0260646350446361e+01 28
1 0 1 1 3.1384898009497592e-02 2.2315697687200153e-02 1.0000134441403257e+00 6.9881637460644408e-02 1.8890154371402063e-01 3.0310646343975744e+01 28
1 0 1 1 3.1357978686125700e-02 2.2297470012261261e-02 1.0000137969698297e+00 6.9833219392930579e-02 1.8988498016702854e-01 3.0360646337539141e+01 28
1 0 1 1 3.1331028164185502e-02 2.2279248126134316e-02 1.0000141569881988e+00 6.9784968684410781e-02 1.9086913451076526e-01 3.0410646331123555e+01 28
1 0 1 1 3.1304047643199370e-02 2.2261032565391966e-02 1.0000145242870093e+00 6.9736885518647596e-02 1.9185399547683846e-01 3.0460646324737311e+01 28
1 0 1 1 3.1277038312522314e-02 2.2242823861084154e-02 1.0000148989577120e+00 6.9688970073130518e-02 1.9283955186309301e-01 3.0510646318372402e+01 28
1 0 1 1 3.1250001351378343e-02 2.2224622538777904e-02 1.0000152810915979e+00 6.9641222519294055e-02 1.9382579253411109e-01 3.0560646312040394e+01 28
1 0 1 1 3.1222937928916887e-02 2.2206429118600473e-02 1.0000156707797629e+00 6.9593643022600404e-02 1.9481270642010806e-01 3.0610646305729620e+01 28
1 0 1 1 3.1195849204237614e-02 2.2188244115269224e-02 1.0000160681130734e+00 6.9546231742547260e-02 1.9580028251754120e-01 3.0660646299447450e+01 28
1 0 1 1 3.1168736326447725e-02 2.2170068038135479e-02 1.0000164731821295e+00 6.9498988832741138e-02 1.9678850988826457e-01 3.0710646293190287e+01 28
1 0 1 1 3.1141600434699050e-02 2.2151901391220918e-02 1.0000168860772287e+00 6.9451914440928075e-02 1.9777737765972456e-01 3.0760646286965482e+01 28
1 0 1 1 3.1114442658245648e-02 2.2133744673263511e-02 1.0000173068883296e+00 6.9405008709062244e-02 1.9876687502414137e-01 3.0810646280762413e+01 28
1 0 1 1 3.1087264116468269e-02 2.2115598377741609e-02 1.0000177357050128e+00 6.9358271773320296e-02 1.9975699123890162e-01 3.0860646274584976e+01 28
1 0 1 1 3.1060065918932157e-02 2.2097462992920723e-02 1.0000181726164450e+00 6.9311703764163457e-02 2.0074771562614011e-01 3.0910646268443067e+01 28
1 0 1 1 3.1032849165442845e-02 2.2079339001897298e-02 1.0000186177113379e+00 6.9265304806406053e-02 2.0173903757183875e-01 3.0960646262319880e+01 28
1 0 1 1 3.1005614946066365e-02 2.2061226882620268e-02 1.0000190710779111e+00 6.9219075019212872e-02 2.0273094652669960e-01 3.1010646256228714e+01 28
1 0 1 1 3.0978364341201752e-02 2.2043127107946495e-02 1.0000195328038515e+00 6.9173014516189624e-02 2.0372343200491996e-01 3.1060646250163845e+01 28
1 0 1 1 3.0951098421612543e-02 2.2025040145666676e-02 1.0000200029762729e+00 6.9127123405404611e-02 2.0471648358445882e-01 3.1110646244127345e+01 28
1 0 1 1 3.0923818248481390e-02 2.2006966458548705e-02 1.0000204816816762e+00 6.9081401789444191e-02 2.0571009090663897e-01 3.1160646238121931e+01 28
1 0 1 1 3.0896524873456795e-02 2.1988906504373466e-02 1.0000209690059074e+00 6.9035849765464397e-02 2.0670424367555840e-01 3.1210646232134792e+01 28
1 0 1 1 3.0869219338688254e-02 2.1970860735966841e-02 1.0000214650341166e+00 6.8990467425202040e-02 2.0769893165884887e-01 3.1260646226188026e+01 28
1 0 1 1 3.0841902676903662e-02 2.1952829601251882e-02 1.0000219698507147e+00 6.8945254855083293e-02 2.0869414468583239e-01 3.1310646220260587e+01 28
1 0 1 1 3.0814575911424228e-02 2.1934813543267127e-02 1.0000224835393323e+00 6.8900212136202843e-02 2.0968987264886166e-01 3.1360646214367964e+01 28
1 0 1 1 3.0787240056242299e-02 2.1916813000222080e-02 1.0000230061827757e+00 6.8855339344422090e-02 2.1068610550177325e-01 3.1410646208498193e+01 28
1 0 1 1 3.0759896116043742e-02 2.1898828405513899e-02 1.0000235378629836e+00 6.8810636550374005e-02 2.1168283326053872e-01 3.1460646202658804e+01 28
1 0 1 1 3.0732545086278165e-02 2.1880860187782573e-02 1.0000240786609829e+00 6.8766103819534463e-02 2.1268004600250631e-01 3.1510646196851031e+01 28
1 0 1 1 3.0705187953203279e-02 2.1862908770940513e-02 1.0000246286568439e+00 6.8721741212265319e-02 2.1367773386606875e-01 3.1560646191067857e+01 28
1 0 1 1 3.0677825693925048e-02 2.1844974574204000e-02 1.0000251879296367e+00 6.8677548783842357e-02 2.1467588705081828e-01 3.1610646185315080e+01 27
1 0 1 1 3.0650459276459797e-02 2.1827058012138051e-02 1.0000257565573842e+00 6.8633526584518073e-02 2.1567449581697201e-01 3.1660646179596284e+01 27
1 0 1 1 3.0623089659783824e-02 2.1809159494690200e-02 1.0000263346170177e+00 6.8589674659571942e-02 2.1667355048470080e-01 3.1710646173893497e+01 27
1 0 1 1 3.0595717793861939e-02 2.1791279427216217e-02 1.0000269221843305e+00 6.8545993049309112e-02 2.1767304143524771e-01 3.1760646168236089e+01 27
1 0 1 1 3.0568344619740118e-02 2.1773418210538215e-02 1.0000275193339303e+00 6.8502481789186331e-02 2.1867295910851317e-01 3.1810646162595393e+01 27
1 0 1 1 3.0540971069548877e-02 2.1755576240954613e-02 1.0000281261391937e+00 6.8459140909769789e-02 2.1967329400490856e-01 3.1860646156989958e+01 27
1 0 1 1 3.0513598066592380e-02 2.1737753910298824e-02 1.0000287426722181e+00 6.8415970436842111e-02 2.2067403668370869e-01 3.1910646151417787e+01 27
1 0 1 1 3.0486226525382857e-02 2.1719951605961577e-02 1.0000293690037743e+00 6.8372970391430143e-02 2.2167517776283649e-01 3.1960646145860441e+01 27
1 0 1 1 3.0458857351673883e-02 2.1702169710919449e-02 1.0000300052032585e+00 6.8330140789806482e-02 2.2267670791994312e-01 3.2010646140349678e+01 27
1 0 1 1 3.0431491442558651e-02 2.1684408603796248e-02 1.0000306513386441e+00 6.8287481643618586e-02 2.2367861788995694e-01 3.2060646134860640e+01 27
1 0 1 1 3.0404129686476100e-02 2.1666668658871301e-02 1.0000313074764322e+00 6.8244992959855755e-02 2.2468089846660766e-01 3.2110646129401282e+01 27
1 0 1 1 3.0376772963282998e-02 2.1648950246126727e-02 1.0000319736816041e+00 6.8202674740927838e-02 2.2568354050131140e-01 3.2160646123971453e+01 27
1 0 1 1 3.0349422144299268e-02 2.1631253731277337e-02 1.0000326500175709e+00 6.8160526984701486e-02 2.2668653490304438e-01 3.2210646118571148e+01 27
1 0 1 1 3.0322078092365680e-02 2.1613579475811707e-02 1.0000333365461243e+00 6.8118549684543506e-02 2.2768987263825857e-01 3.2260646113209781e+01 27
1 0 1 1 3.0294741661903352e-02 2.1595927837028499e-02 1.0000340333273863e+00 6.8076742829387554e-02 2.2869354472976960e-01 3.2310646107866255e+01 27
1 0 1 1 3.0267413698934598e-02 2.1578299168052557e-02 1.0000347404197605e+00 6.8035106403723844e-02 2.2969754225778621e-01 3.2360646102554000e+01 27
1 0 1 1 3.0240095041161374e-02 2.1560693817885852e-02 1.0000354578798807e+00 6.7993640387683130e-02 2.3070185635880083e-01 3.2410646097280392e+01 27
1 0 1 1 3.0212786518022547e-02 2.1543112131444404e-02 1.0000361857625601e+00 6.7952344757087557e-02 2.3170647822504478e-01 3.2460646092034118e+01 27
1 0 1 1 3.0185488950725974e-02 2.1525554449579317e-02 1.0000369241207416e+00 6.7911219483466095e-02 2.3271139910472566e-01 3.2510646086811668e+01 27
1 0 1 1 3.0158203152303019e-02 2.1508021109113318e-02 1.0000376730054468e+00 6.7870264534095393e-02 2.3371661030197907e-01 3.2560646081628960e+01 27
1 0 1 1 3.0130929927681013e-02 2.1490512442884569e-02 1.0000384324657234e+00 6.7829479872079074e-02 2.3472210317553888e-01 3.2610646076470616e+01 27
1 0 1 1 3.0103670073708160e-02 2.1473028779764630e-02 1.0000392025485969e+00 6.7788865456346548e-02 2.3572786913943483e-01 3.2660646071338583e+01 27
1 0 1 1 3.0076424379216666e-02 2.1455570444698875e-02 1.0000399832990166e+00 6.7748421241707657e-02 2.3673389966274253e-01 3.2710646066254341e+01 27
1 0 1 1 3.0049193625100452e-02 2.1438137758753271e-02 1.0000407747598048e+00 6.7708147178941608e-02 2.3774018626763044e-01 3.2760646061177063e+01 27
1 0 1 1 3.0021978584305168e-02 2.1420731039111060e-02 1.0000415769716069e+00 6.7668043214736184e-02 2.3874672053205145e-01 3.2810646056151043e+01 27
1 0 1 1 2.9994780021955336e-02 2.1403350599149041e-02 1.0000423899728379e+00 6.7628109291850202e-02 2.3975349408618912e-01 3.2860646051145068e+01 27
1 0 1 1 2.9967598695347483e-02 2.1385996748436772e-02 1.0000432137996320e+00 6.7588345349060636e-02 2.4076049861449922e-01 3.2910646046167038e+01 27
1 0 1 1 2.9940435354024963e-02 2.1368669792780522e-02 1.0000440484857904e+00 6.7548751321239275e-02 2.4176772585480186e-01 3.2960646041234554e+01 27
1 0 1 1 2.9913290618053697e-02 2.1351368890978530e-02 1.0000448941648596e+00 6.7509327139427089e-02 2.4277517214075087e-01 3.3010646251024255e+01 27
1 0 1 1 2.9886165139082908e-02 2.1334090514143259e-02 1.0000457512306082e+00 6.7470073238312667e-02 2.4378283245219420e-01 3.3060646791403670e+01 27
1 0 1 1 2.9859061090524396e-02 2.1316840721868204e-02 1.0000466192262356e+00 6.7430990823853842e-02 2.4479064477083440e-01 3.3110645035735480e+01 27
1 0 1 1 2.9831976460803638e-02 2.1299618068235257e-02 1.0000474982637844e+00 6.7392075880068097e-02 2.4579870258925979e-01 3.3160646021580142e+01 27
1 0 1 1 2.9804913984173131e-02 2.1282424128335441e-02 1.0000483883000717e+00 6.7353331236318620e-02 2.4680692267442364e-01 3.3210646016793689e+01 27
1 0 1 1 2.9777873827871306e-02 2.1265258845164600e-02 1.0000492893716169e+00 6.7314756032037348e-02 2.4781531704821072e-01 3.3260646012037967e+01 27
1 0 1 1 2.9750856688578922e-02 2.1248122499675753e-02 1.0000502014949408e+00 6.7276350175730748e-02 2.4882387781296378e-01 3.3310646007311952e+01 27
1 0 1 1 2.9723863255635911e-02 2.1231015369297630e-02 1.0000511246838215e+00 6.7238113572321123e-02 2.4983259712206005e-01 3.3360646002625899e+01 27
1 0 1 1 2.9696894211107130e-02 2.1213937727975633e-02 1.0000520589492434e+00 6.7200046123209345e-02 2.5084146717877781e-01 3.3410645997959605e+01 27
1 0 1 1 2.9669950229803493e-02 2.1196889846183398e-02 1.0000530042993478e+00 6.7162147726266774e-02 2.5185048023727230e-01 3.3460645993324917e+01 26
1 0 1 1 2.9643031979354851e-02 2.1179871990966131e-02 1.0000539607393819e+00 6.7124418275908065e-02 2.5285962860164768e-01 3.3510645988734971e+01 26
1 0 1 1 2.9616140120275729e-02 2.1162884425978974e-02 1.0000549282716478e+00 6.7086857663151062e-02 2.5386890462467998e-01 3.3560645984155407e+01 26
1 0 1 1 2.9589275305964571e-02 2.1145927411486697e-02 1.0000559068954553e+00 6.7049465775578104e-02 2.5487830070996581e-01 3.3610645979624643e+01 26
1 0 1 1 2.9562438182821088e-02 2.1129001204433430e-02 1.0000568966070700e+00 6.7012242497471453e-02 2.5588780930879818e-01 3.3660645975114193e+01 26
1 0 1 1 2.9535629390240802e-02 2.1112106058437174e-02 1.0000578973996666e+00 6.6975187709771872e-02 2.5689742292209239e-01 3.3710645970638438e+01 26
1 0 1 1 2.9508849560698949e-02 2.1095242223839773e-02 1.0000589092632794e+00 6.6938301290162094e-02 2.5790713409883476e-01 3.3760645966192143e+01 26
1 0 1 1 2.9482099319787049e-02 2.1078409947728690e-02 1.0000599321847548e+00 6.6901583113084861e-02 2.5891693543626870e-01 3.3810645961773623e+01 26
1 0 1 1 2.9455379286261608e-02 2.1061609473962468e-02 1.0000609661477040e+00 6.6865033049779476e-02 2.5992681957983443e-01 3.3860645957396947e+01 26
1 0 1 1 2.9428690072117548e-02 2.1044841043216588e-02 1.0000620111324556e+00 6.6828650968348668e-02 2.6093677922180475e-01 3.3910645953037651e+01 26
1 0 1 1 2.9402032282597454e-02 2.1028104892986142e-02 1.0000630671160107e+00 6.6792436733739580e-02 2.6194680710267632e-01 3.3960645948715985e+01 26
1 0 1 1 2.9375406516276771e-02 2.1011401257633355e-02 1.0000641340719960e+00 6.6756390207832778e-02 2.6295689600935185e-01 3.4010645944422102e+01 26
1 0 1 1 2.9348813365094605e-02 2.0994730368407693e-02 1.0000652119706199e+00 6.6720511249447556e-02 2.6396703877578709e-01 3.4060645940160796e+01 26
1 0 1 1 2.9322253414413042e-02 2.0978092453478217e-02 1.0000663007786277e+00 6.6684799714393422e-02 2.6497722828223153e-01 3.4110645935928517e+01 26
1 0 1 1 2.9295727243058046e-02 2.0961487737955520e-02 1.0000674004592585e+00 6.6649255455496270e-02 2.6598745745525049e-01 3.4160645931728737e+01 26
1 0 1 1 2.9269235423378746e-02 2.0944916443927944e-02 1.0000685109722025e+00 6.6613878322642872e-02 2.6699771926710936e-01 3.4210645927554239e+01 26
1 0 1 1 2.9242778521280478e-02 2.0928378790476331e-02 1.0000696322735603e+00 6.6578668162799948e-02 2.6800800673599046e-01 3.4260645923412788e+01 26
1 0 1 1 2.9216357096288493e-02 2.0911874993712012e-02 1.0000707643158002e+00 6.6543624820067038e-02 2.6901831292529416e-01 3.4310645919305834e+01 26
1 0 1 1 2.9189971701596179e-02 2.0895405266802350e-02 1.0000719070477198e+00 6.6508748135710893e-02 2.7002863094306445e-01 3.4360645915213688e+01 26
1 0 1 1 2.9163622884085454e-02 2.0878969819983283e-02 1.0000730604144066e+00 6.6474037948160675e-02 2.7103895394324506e-01 3.4410645911170519e+01 26
1 0 1 1 2.9137311184427778e-02 2.0862568860614220e-02 1.0000742243571998e+00 6.6439494093116780e-02 2.7204927512295823e-01 3.4460645907144539e+01 26
1 0 1 1 2.9111037137077082e-02 2.0846202593173976e-02 1.0000753988136544e+00 6.6405116403507769e-02 2.7305958772451583e-01 3.4510645903149509e+01 26
1 0 1 1 2.9084801270346836e-02 2.0829871219302885e-02 1.0000765837175043e+00 6.6370904709565859e-02 2.7406988503397511e-01 3.4560645899187428e+01 26
1 0 1 1 2.9058604106456651e-02 2.0813574937830575e-02 1.0000777789986290e+00 6.6336858838855761e-02 2.7508016038087429e-01 3.4610645895247586e+01 26
1 0 1 1 2.9032446161560650e-02 2.0797313944787572e-02 1.0000789845830200e+00 6.6302978616286673e-02 2.7609040713880473e-01 3.4660645891348921e+01 26
1 0 1 1 2.9006327945828188e-02 2.0781088433453214e-02 1.0000802003927474e+00 6.6269263864186134e-02 2.7710061872358549e-01 3.4710645887461880e+01 26
1 0 1 1 2.8980249963438995e-02 2.0764898594348519e-02 1.0000814263459319e+00 6.6235714402267581e-02 2.7811078859518729e-01 3.4760645883616782e+01 26
1 0 1 1 2.8954212712684568e-02 2.0748744615295477e-02 1.0000826623567125e+00 6.6202330047731961e-02 2.7912091025526176e-01 3.4810645879793974e+01 26
1 0 1 1 2.8928216685974135e-02 2.0732626681417708e-02 1.0000839083352211e+00 6.6169110615248106e-02 2.8013097724851188e-01 3.4860645876004106e+01 26
1 0 1 1 2.8902254743823755e-02 2.0716544975178067e-02 1.0000851641875539e+00 6.6136055917014436e-02 2.8114098316130048e-01 3.4910645872232010e+01 26
1 0 1 1 2.8876331559346630e-02 2.0700499676389716e-02 1.0000864298157490e+00 6.6103165762755822e-02 2.8215092162264543e-01 3.4960645868497451e+01 26
1 0 1 1 2.8850451087258762e-02 2.0684490962257815e-02 1.0000877051177604e+00 6.6070439959796612e-02 2.8316078630252667e-01 3.5010645864784202e+01 26
1 0 1 1 2.8824613797489552e-02 2.0668519007385519e-02 1.0000889899874374e+00 6.6037878313052190e-02 2.8417057091294678e-01 3.5060645861104391e+01 26
1 0 1 1 2.8798820154321683e-02 2.0652583983812277e-02 1.0000902843145052e+00 6.6005480625089374e-02 2.8518026920648287e-01 3.5110645857438541e+01 26
1 0 1 1 2.8773070616403582e-02 2.0636686061020794e-02 1.0000915879845458e+00 6.5973246696113874e-02 2.8618987497771253e-01 3.5160645853816987e+01 26
1 0 1 1 2.8747365636840702e-02 2.0620825405984169e-02 1.0000929008789810e+00 6.5941176324062600e-02 2.8719938206047257e-01 3.5210645850197295e+01 26
1 0 1 1 2.8721705663170331e-02 2.0605002183151321e-02 1.0000942228750593e+00 6.5909269304542134e-02 2.8820878433112673e-01 3.5260645846635903e+01 26
1 0 1 1 2.8696091137500618e-02 2.0589216554526047e-02 1.0000955538458400e+00 6.5877525430977135e-02 2.8921807570384023e-01 3.5310645843065828e+01 26
1 0 1 1 2.8670522496436705e-02 2.0573468679617277e-02 1.0000968936601868e+00 6.5845944494494602e-02 2.9022725013537598e-01 3.5360645839545718e+01 25
1 0 1 1 2.8645000171232469e-02 2.0557758715529412e-02 1.0000982421827538e+00 6.5814526284084268e-02 2.9123630162034003e-01 3.5410645836034504e+01 25
1 0 1 1 2.8619524587753332e-02 2.0542086816936377e-02 1.0000995992739830e+00 6.5783270586525999e-02 2.9224522419434462e-01 3.5460645832558413e+01 25
1 0 1 1 2.8594096166568543e-02 2.0526453136131793e-02 1.0001009647900958e+00 6.5752177186481991e-02 2.9325401193150696e-01 3.5510645829098642e+01 25
1 0 1 1 2.8568715322958828e-02 2.0510857823031636e-02 1.0001023385830932e+00 6.5721245866477929e-02 2.9426265894586057e-01 3.5560645825670640e+01 25
1 0 1 1 2.8543382466986948e-02 2.0495301025213238e-02 1.0001037205007530e+00 6.5690476406964682e-02 2.9527115938973419e-01 3.5610645822253915e+01 25
1 0 1 1 2.8518098003503280e-02 2.0479782887913994e-02 1.0001051103866336e+00 6.5659868586301184e-02 2.9627950745511517e-01 3.5660645818869796e+01 25
1 0 1 1 2.8492862332222396e-02 2.0464303554074258e-02 1.0001065080800760e+00 6.5629422180824182e-02 2.9728769737189681e-01 3.5710645815504442e+01 25
1 0 1 1 2.8467675847740067e-02 2.0448863164344862e-02 1.0001079134162112e+00 6.5599136964840266e-02 2.9829572340863364e-01 3.5760645812154792e+01 25
1 0 1 1 2.8442538939569408e-02 2.0433461857103652e-02 1.0001093262259688e+00 6.5569012710650965e-02 2.9930357987259310e-01 3.5810645808841734e+01 25
1 0 1 1 2.8417451992215202e-02 2.0418099768498888e-02 1.0001107463360872e+00 6.5539049188612392e-02 3.0031126110796613e-01 3.5860645805528961e+01 25
1 0 1 1 2.8392415385152310e-02 2.0402777032429872e-02 1.0001121735691292e+00 6.5509246167089447e-02 3.0131876149826092e-01 3.5910645802251764e+01 25
1 0 1 1 2.8367429492927407e-02 2.0387493780607335e-02 1.0001136077434949e+00 6.5479603412551823e-02 3.0232607546365436e-01 3.5960645798993347e+01 25
1 0 1 1 2.8342494685161011e-02 2.0372250142547819e-02 1.0001150486734427e+00 6.5450120689554137e-02 3.0333319746190623e-01 3.6010645795739599e+01 25
1 0 1 1 2.8317611326573639e-02 2.0357046245588609e-02 1.0001164961691109e+00 6.5420797760742333e-02 3.0434012198918309e-01 3.6060645792527126e+01 25
1 0 1 1 2.8292779777078884e-02 2.0341882214939624e-02 1.0001179500365376e+00 6.5391634386939457e-02 3.0534684357714631e-01 3.6110645789306716e+01 25
1 0 1 1 2.8268000391736613e-02 2.0326758173648776e-02 1.0001194100776927e+00 6.5362630327071791e-02 3.0635335679650977e-01 3.6160645786129024e+01 25
1 0 1 1 2.8243273520881886e-02 2.0311674242679628e-02 1.0001208760905018e+00 6.5333785338291817e-02 3.0735965625299483e-01 3.6210645782949399e+01 25
1 0 1 1 2.8218599510079531e-02 2.0296630540879081e-02 1.0001223478688823e+00 6.5305099175905656e-02 3.0836573659062194e-01 3.6260645779799397e+01 25
1 0 1 1 2.8193978700221185e-02 2.0281627185030297e-02 1.0001238252027740e+00 6.5276571593462396e-02 3.0937159248872770e-01 3.6310645776646005e+01 25
1 0 1 1 2.8169411427503181e-02 2.0266664289837855e-02 1.0001253078781807e+00 6.5248202342705897e-02 3.1037721866464907e-01 3.6360645773531054e+01 25
1 0 1 1 2.8144898023530634e-02 2.0251741967985883e-02 1.0001267956772060e+00 6.5219991173673109e-02 3.1138260987036920e-01 3.6410645770411463e+01 25
1 0 1 1 2.8120438815279539e-02 2.0236860330112162e-02 1.0001282883781006e+00 6.5191937834628344e-02 3.1238776089568843e-01 3.6460645767322852e+01 25
1 0 1 1 2.8096033661537421e-02 2.0222015982968154e-02 1.0001297867941965e+00 6.5164042072155065e-02 3.1339268438192708e-01 3.6510646544534509e+01 25
1 0 1 1 2.8071683958852539e-02 2.0207209226644755e-02 1.0001312908196913e+00 6.5136304935883182e-02 3.1439733048119251e-01 3.6560645857510956e+01 25
1 0 1 1 2.8047389561558150e-02 2.0192443604727842e-02 1.0001327990991995e+00 6.5108725029351278e-02 3.1540171439655962e-01 3.6610644837287921e+01 25
1 0 1 1 2.8023149677613324e-02 2.0177718551248034e-02 1.0001343114648154e+00 6.5081300848709556e-02 3.1640587667579739e-01 3.6660645755226696e+01 25
1 0 1 1 2.7998965999310531e-02 2.0163035010342004e-02 1.0001358275899344e+00 6.5054033706746117e-02 3.1740975485990436e-01 3.6710645752202090e+01 25
1 0 1 1 2.7974838379797043e-02 2.0148392809357801e-02 1.0001373472585702e+00 6.5026922835109580e-02 3.1841336245088159e-01 3.6760645749177542e+01 25
1 0 1 1 2.7950767114837641e-02 2.0133792045321480e-02 1.0001388702234204e+00 6.4999967970389982e-02 3.1941669448811644e-01 3.6810645746150705e+01 25
1 0 1 1 2.7926752495852771e-02 2.0119232813348580e-02 1.0001403962337529e+00 6.4973168847557106e-02 3.2041974604712425e-01 3.6860645743157669e+01 25
1 0 1 1 2.7902794809998747e-02 2.0104715206687617e-02 1.0001419250354713e+00 6.4946525200028027e-02 3.2142251223684004e-01 3.6910645740142449e+01 25
1 0 1 1 2.7878894340114466e-02 2.0090239316686551e-02 1.0001434563711926e+00 6.4920036759585104e-02 3.2242498820359522e-01 3.6960645737157876e+01 25
1 0 1 1 2.7855051364839869e-02 2.0075805232858603e-02 1.0001449899803154e+00 6.4893703256487911e-02 3.2342716912685188e-01 3.7010645734157578e+01 25
1 0 1 1 2.7831266158566445e-02 2.0061413042850917e-02 1.0001465255991044e+00 6.4867524419396694e-02 3.2442905022292162e-01 3.7060645731183698e+01 25
1 0 1 1 2.7807538991538521e-02 2.0047062832498838e-02 1.0001480629607642e+00 6.4841499975464401e-02 3.2543062674143414e-01 3.7110645728195202e+01 25
1 0 1 1 2.7783870129816660e-02 2.0032754685803945e-02 1.0001496017955296e+00 6.4815629650273099e-02 3.2643189396838335e-01 3.7160645725220959e+01 25
1 0 1 1 2.7760259835358021e-02 2.0018488684976476e-02 1.0001511418307465e+00 6.4789913167902113e-02 3.2743284722352051e-01 3.7210645722233217e+01 25
1 0 1 1 2.7736708365995340e-02 2.0004264910420858e-02 1.0001526827909661e+00 6.4764350250886504e-02 3.2843348186294630e-01 3.7260645719278955e+01 24
1 0 1 1 2.7713215975541185e-02 1.9990083440792727e-02 1.0001542243980317e+00 6.4738940620305774e-02 3.2943379327507150e-01 3.7310645716280469e+01 24
1 0 1 1 2.7689782913696493e-02 1.9975944352942834e-02 1.0001557663711806e+00 6.4713683995666960e-02 3.3043377688626019e-01 3.7360645713318611e+01 24
1 0 1 1 2.7666409426209113e-02 1.9961847722007400e-02 1.0001573084271345e+00 6.4688580095054377e-02 3.3143342815481519e-01 3.7410645710334229e+01 24
1 0 1 1 2.7643095754796378e-02 1.9947793621359497e-02 1.0001588502802063e+00 6.4663628635026282e-02 3.3243274257574018e-01 3.7460645707367092e+01 24
1 0 1 1 2.7619842137246723e-02 1.9933782122664865e-02 1.0001603916423987e+00 6.4638829330702446e-02 3.3343171567705787e-01 3.7510645704373459e+01 24
1 0 1 1 2.7596648807374700e-02 1.9919813295852205e-02 1.0001619322235138e+00 6.4614181895696426e-02 3.3443034302304298e-01 3.7560645701388459e+01 24
1 0 1 1 2.7573515995107878e-02 1.9905887209163461e-02 1.0001634717312595e+00 6.4589686042185679e-02 3.3542862021153330e-01 3.7610645698391409e+01 24
1 0 1 1 2.7550443926467969e-02 1.9892003929137463e-02 1.0001650098713619e+00 6.4565341480876726e-02 3.3642654287610657e-01 3.7660645695416513e+01 24
1 0 1 1 2.7527432823657466e-02 1.9878163520658534e-02 1.0001665463476748e+00 6.4541147921068687e-02 3.3742410668271428e-01 3.7710645692383494e+01 24
1 0 1 1 2.7504482904963407e-02 1.9864366046896224e-02 1.0001680808623048e+00 6.4517105070539427e-02 3.3842130733564479e-01 3.7760645689397087e+01 24
1 0 1 1 2.7481594384946267e-02 1.9850611569414756e-02 1.0001696131157176e+00 6.4493212635717612e-02 3.3941814056978953e-01 3.7810645686358626e+01 24
1 0 1 1 2.7458767474300472e-02 1.9836900148086693e-02 1.0001711428068707e+00 6.4469470321521088e-02 3.4041460215820568e-01 3.7860645683345112e+01 24
1 0 1 1 2.7436002380013359e-02 1.9823231841185351e-02 1.0001726696333264e+00 6.4445877831499188e-02 3.4141068790596607e-01 3.7910645680299645e+01 25
1 0 1 1 2.7413299305288342e-02 1.9809606705332175e-02 1.0001741932913835e+00 6.4422434867735578e-02 3.4240639365439468e-01 3.7960645677244742e+01 25
1 0 1 1 2.7390647053271683e-02 1.9796024795540643e-02 1.0001757134762019e+00 6.4399141130901588e-02 3.4340171527932473e-01 3.8010645674192233e+01 25
1 0 1 1 2.7368057232495985e-02 1.9782486165228930e-02 1.0001772298819307e+00 6.4375996320266748e-02 3.4439664869066394e-01 3.8060645671120938e+01 25
1 0 1 1 2.7345530092681557e-02 1.9768990866214708e-02 1.0001787422018413e+00 6.4353000133674010e-02 3.4539118983326977e-01 3.8110645668019245e+01 25
1 0 1 1 2.7323065822180966e-02 1.9755538948717118e-02 1.0001802501284607e+00 6.4330152267534413e-02 3.4638533468797117e-01 3.8160645664935792e+01 25
1 0 1 1 2.7300664605755382e-02 1.9742130461408866e-02 1.0001817533537019e+00 6.4307452416894562e-02 3.4737907926804334e-01 3.8210645661799610e+01 25
1 0 1 1 2.7278326624488085e-02 1.9728765451361253e-02 1.0001832515690068e+00 6.4284900275334733e-02 3.4837241962435078e-01 3.8260645658677952e+01 25
1 0 1 1 2.7256052055913534e-02 1.9715443964119422e-02 1.0001847444654770e+00 6.4262495535078290e-02 3.4936535184062040e-01 3.8310645655535779e+01 25
1 0 1 1 2.7233841073976205e-02 1.9702166043671938e-02 1.0001862317340169e+00 6.4240237886929341e-02 3.5035787203597135e-01 3.8360645652362045e+01 25
1 0 1 1 2.7211693849052278e-02 1.9688931732463288e-02 1.0001877130654748e+00 6.4218127020274296e-02 3.5134997636505189e-01 3.8410645649173297e+01 25
1 0 1 1 2.7189610547986871e-02 1.9675741071409493e-02 1.0001891881507818e+00 6.4196162623104291e-02 3.5234166101731373e-01 3.8460645645977038e+01 25
1 0 1 1 2.7167591334123636e-02 1.9662594099915713e-02 1.0001906566810956e+00 6.4174344382020410e-02 3.5333292221672563e-01 3.8510645642752870e+01 25
1 0 1 1 2.7145636367297193e-02 1.9649490855867847e-02 1.0001921183479452e+00 6.4152671982209752e-02 3.5432375622304108e-01 3.8560645639514924e+01 25
1 0 1 1 2.7123745803878916e-02 1.9636431375655176e-02 1.0001935728433740e+00 6.4131145107470311e-02 3.5531415933053834e-01 3.8610645636246225e+01 25
1 0 1 1 2.7101919796770402e-02 1.9623415694164634e-02 1.0001950198600862e+00 6.4109763440186596e-02 3.5630412786942040e-01 3.8660645632966485e+01 25
1 0 1 1 2.7080158495454396e-02 1.9610443844807323e-02 1.0001964590915915e+00 6.4088526661358808e-02 3.5729365820427023e-01 3.8710645629651616e+01 25
1 0 1 1 2.7058462045976322e-02 1.9597515859504974e-02 1.0001978902323536e+00 6.4067434450568450e-02 3.5828274673606092e-01 3.8760645626332739e+01 25
1 0 1 1 2.7036830591012057e-02 1.9584631768725831e-02 1.0001993129779332e+00 6.4046486486023013e-02 3.5927138989963853e-01 3.8810645622966632e+01 25
1 0 1 1 2.7015264269820836e-02 1.9571791601455276e-02 1.0002007270251398e+00 6.4025682444496246e-02 3.6025958416730480e-01 3.8860645619614040e+01 25
1 0 1 1 2.6993763218360341e-02 1.9558995385260129e-02 1.0002021320721735e+00 6.4005022001412726e-02 3.6124732604393667e-01 3.8910645616189491e+01 25
1 0 1 1 2.6972327569174837e-02 1.9546243146218160e-02 1.0002035278187773e+00 6.3984504830731370e-02 3.6223461207332558e-01 3.8960645612781278e+01 25
1 0 1 1 2.6950957451552487e-02 1.9533534909010653e-02 1.0002049139663791e+00 6.3964130605070668e-02 3.6322143883188163e-01 3.9010645609327902e+01 25
1 0 1 1 2.6929652991440671e-02 1.9520870696865603e-02 1.0002062902182418e+00 6.3943898995613091e-02 3.6420780293308247e-01 3.9060645605843064e+01 25
1 0 1 1 2.6908414311500387e-02 1.9508250531591362e-02 1.0002076562796087e+00 6.3923809672138981e-02 3.6519370102648374e-01 3.9110645602360663e+01 25
1 0 1 1 2.6887241531161982e-02 1.9495674433601753e-02 1.0002090118578459e+00 6.3903862303059167e-02 3.6617912979535283e-01 3.9160645598814398e+01 25
1 0 1 1 2.6866134766551933e-02 1.9483142421873011e-02 1.0002103566625931e+00 6.3884056555332608e-02 3.6716408596154559e-01 3.9210645595281655e+01 25
1 0 1 1 2.6845094130628661e-02 1.9470654514020563e-02 1.0002116904059011e+00 6.3864392094570371e-02 3.6814856627971992e-01 3.9260645591686824e+01 25
1 0 1 1 2.6824119733083573e-02 1.9458210726234479e-02 1.0002130128023810e+00 6.3844868584930548e-02 3.6913256754285917e-01 3.9310645588081449e+01 25
1 0 1 1 2.6803211680443188e-02 1.9445811073341347e-02 1.0002143235693415e+00 6.3825485689195161e-02 3.7011608657863615e-01 3.9360645584455185e+01 25
1 0 1 1 2.6782369020185895e-02 1.9433448514316790e-02 1.0002156262761264e+00 6.3806243068743607e-02 3.7109916295850864e-01 3.9410647355965892e+01 25
1 0 1 1 2.6761595075086159e-02 1.9421131019544159e-02 1.0002169169464816e+00 6.3787142430511840e-02 3.7208164792574150e-01 3.9460643859507577e+01 25
1 0 1 1 2.6740885658804732e-02 1.9408856485224016e-02 1.0002181953232281e+00 6.3768179429898042e-02 3.7306374145567672e-01 3.9510645453432346e+01 25
1 0 1 1 2.6720243592588899e-02 1.9396626537589241e-02 1.0002194609654120e+00 6.3749356229999637e-02 3.7404531147558356e-01 3.9560645570496384e+01 25
1 0 1 1 2.6699668404342659e-02 1.9384440850781674e-02 1.0002207136396286e+00 6.3730671969596198e-02 3.7502638163565782e-01 3.9610645566749497e+01 25
1 0 1 1 2.6679160131975181e-02 1.9372299401814893e-02 1.0002219530841150e+00 6.3712126257614687e-02 3.7600695134881018e-01 3.9660645562959218e+01 25
1 0 1 1 2.6658718860265881e-02 1.9360202195964626e-02 1.0002231790376697e+00 6.3693718747208472e-02 3.7698701769276266e-01 3.9710645559131287e+01 25
1 0 1 1 2.6638344670934358e-02 1.9348149237172534e-02 1.0002243912428510e+00 6.3675449090125957e-02 3.7796657778178339e-01 3.9760645555295746e+01 25
1 0 1 1 2.6618037642694964e-02 1.9336140528079679e-02 1.0002255894461061e+00 6.3657316936738151e-02 3.7894562876526094e-01 3.9810645551429893e+01 25
1 0 1 1 2.6597797851243894e-02 1.9324176070013688e-02 1.0002267733978940e+00 6.3639321936010740e-02 3.7992416782878169e-01 3.9860645547513563e+01 25
1 0 1 1 2.6577625369250790e-02 1.9312255862981031e-02 1.0002279428528116e+00 6.3621463735490491e-02 3.8090219219600452e-01 3.9910645543625250e+01 25
1 0 1 1 2.6557520266484901e-02 1.9300379905737138e-02 1.0002290975697059e+00 6.3603741981389822e-02 3.8187969912266428e-01 3.9960645539634207e+01 25
1 0 1 1 2.6537482609652951e-02 1.9288548195690227e-02 1.0002302373118019e+00 6.3586156318439668e-02 3.8285668590614025e-01 4.0010645535689505e+01 26
1 0 1 1 2.6517512462622739e-02 1.9276760729027693e-02 1.0002313618468042e+00 6.3568706390069118e-02 3.8383314987502726e-01 4.0060645531687662e+01 26
1 0 1 1 2.6497609886291597e-02 1.9265017500635216e-02 1.0002324709470176e+00 6.3551391838270382e-02 3.8480908839616862e-01 4.0110645527632016e+01 26
1 0 1 1 2.6477774938624687e-02 1.9253318504118294e-02 1.0002335643894538e+00 6.3534212303630377e-02 3.8578449887456318e-01 4.0160645523629036e+01 26
1 0 1 1 2.6458007674800672e-02 1.9241663731882876e-02 1.0002346419559289e+00 6.3517167425431897e-02 3.8675937874613014e-01 4.0210645519518103e+01 26
1 0 1 1 2.6438308147017104e-02 1.9230053175017862e-02 1.0002357034331784e+00 6.3500256841480640e-02 3.8773372548884077e-01 4.0260645515443876e+01 26
1 0 1 1 2.6418676404716381e-02 1.9218486823425758e-02 1.0002367486129426e+00 6.3483480188282870e-02 3.8870753661222274e-01 4.0310645511318604e+01 26
1 0 1 1 2.6399112494462956e-02 1.9206964665746239e-02 1.0002377772920708e+00 6.3466837100930346e-02 3.8968080966437518e-01 4.0360645507184621e+01 26
1 0 1 1 2.6379616460039574e-02 1.9195486689409624e-02 1.0002387892726086e+00 6.3450327213166624e-02 3.9065354222801091e-01 4.0410645503012354e+01 26
1 0 1 1 2.6360188342412633e-02 1.9184052880613433e-02 1.0002397843618882e+00 6.3433950157351787e-02 3.9162573192331041e-01 4.0460645498850113e+01 26
1 0 1 1 2.6340828179818369e-02 1.9172663224369554e-02 1.0002407623726104e+00 6.3417705564518645e-02 3.9259737640432452e-01 4.0510645494641004e+01 26
1 0 1 1 2.6321536007707237e-02 1.9161317704469692e-02 1.0002417231229290e+00 6.3401593064315309e-02 3.9356847336280021e-01 4.0560645490421884e+01 26
1 0 1 1 2.6302311858811829e-02 1.9150016303519212e-02 1.0002426664365256e+00 6.3385612285055903e-02 3.9453902052564954e-01 4.0610645486198436e+01 26
1 0 1 1 2.6283155763166088e-02 1.9138759002947377e-02 1.0002435921426818e+00 6.3369762853721728e-02 3.9550901565497687e-01 4.0660645481948166e+01 26
1 0 1 1 2.6264067748102891e-02 1.9127545783001160e-02 1.0002445000763516e+00 6.3354044395947828e-02 3.9647845654877961e-01 4.0710645477661025e+01 26
1 0 1 1 2.6245040241465116e-02 1.9116376622746217e-02 1.0002453900782264e+00 6.3338456536023713e-02 3.9744734104215473e-01 4.0760645473405852e+01 26
1 0 1 1 2.6226077689825544e-02 1.9105251500121267e-02 1.0002462619947925e+00 6.3322998896960692e-02 3.9841566700289205e-01 4.0810645469107044e+01 26
1 0 1 1 2.6207183362681213e-02 1.9094170391887887e-02 1.0002471156783945e+00 6.3307671100420682e-02 3.9938343233650508e-01 4.0860645464809679e+01 26
1 0 1 1 2.6188357276443072e-02 1.9083133273680268e-02 1.0002479509872844e+00 6.3292472766779573e-02 4.0035063498255541e-01 4.0910645460494472e+01 26
1 0 1 1 2.6169599444924217e-02 1.9072140119995497e-02 1.0002487677856737e+00 6.3277403515106967e-02 4.0131727291592922e-01 4.0960645456148804e+01 26
1 0 1 1 2.6150909879338560e-02 1.9061190904189059e-02 1.0002495659437778e+00 6.3262462963166566e-02 4.0228334414838107e-01 4.1010645451853712e+01 26
1 0 1 1 2.6132288588419750e-02 1.9050285598542955e-02 1.0002503453378553e+00 6.3247650727494803e-02 4.0324884672299688e-01 4.1060645447501400e+01 26
1 0 1 1 2.6113735578308445e-02 1.9039424174193024e-02 1.0002511058502492e+00 6.3232966423306142e-02 4.0421377872092784e-01 4.1110645443152187e+01 26
1 0 1 1 2.6095250852655991e-02 1.9028606601187995e-02 1.0002518473694164e+00 6.3218409664573316e-02 4.0517813825726157e-01 4.1160645438827416e+01 26
1 0 1 1 2.6076834412657728e-02 1.9017832848506996e-02 1.0002525697899571e+00 6.3203980064039822e-02 4.0614192348009187e-01 4.1210645434466336e+01 26
1 0 1 1 2.6058486257002463e-02 1.9007102884022964e-02 1.0002532730126412e+00 6.3189677233178893e-02 4.0710513257410325e-01 4.1260645430122146e+01 26
1 0 1 1 2.6040206381960550e-02 1.8996416674553519e-02 1.0002539569444269e+00 6.3175500782257782e-02 4.0806776375713250e-01 4.1310645425790128e+01 26
1 0 1 1 2.6021994781392568e-02 1.8985774185861240e-02 1.0002546214984767e+00 6.3161450320333823e-02 4.0902981528042837e-01 4.1360645421429155e+01 26
1 0 1 1 2.6003851446726914e-02 1.8975175382637474e-02 1.0002552665941726e+00 6.3147525455235470e-02 4.0999128543096458e-01 4.1410645417090635e+01 26
1 0 1 1 2.5985776367035994e-02 1.8964620228543387e-02 1.0002558921571210e+00 6.3133725793619838e-02 4.1095217252862865e-01 4.1460645412781659e+01 26
1 0 1 1 2.5967769529060842e-02 1.8954108686221029e-02 1.0002564981191571e+00 6.3120050940981109e-02 4.1191247492554223e-01 4.1510645408437988e+01 26
1 0 1 1 2.5949830917164362e-02 1.8943640717261810e-02 1.0002570844183476e+00 6.3106500501614482e-02 4.1287219100972361e-01 4.1560645404124848e+01 26
1 0 1 1 2.5931960513429553e-02 1.8933216282261217e-02 1.0002576509989829e+00 6.3093074078688527e-02 4.1383131920104338e-01 4.1610645399835889e+01 26
1 0 1 1 2.5914158297660327e-02 1.8922835340814452e-02 1.0002581978115710e+00 6.3079771274240692e-02 4.1478985795179352e-01 4.1660645395533727e+01 26
1 0 1 1 2.5896424247371805e-02 1.8912497851509318e-02 1.0002587248128265e+00 6.3066591689166063e-02 4.1574780574857528e-01 4.1710645391256989e+01 26
1 0 1 1 2.5878758337852494e-02 1.8902203771957362e-02 1.0002592319656520e+00 6.3053534923265125e-02 4.1670516110984085e-01 4.1760645387004750e+01 27
1 0 1 1 2.5861160542173411e-02 1.8891953058795274e-02 1.0002597192391203e+00 6.3040600575249600e-02 4.1766192258646334e-01 4.1810645382777622e+01 27
1 0 1 1 2.5843630831223641e-02 1.8881745667703974e-02 1.0002601866084493e+00 6.3027788242759702e-02 4.1861808876072187e-01 4.1860645378533853e+01 27
1 0 1 1 2.5826169173676718e-02 1.8871581553384354e-02 1.0002606340549767e+00 6.3015097522348518e-02 4.1957365824945586e-01 4.1910645374368222e+01 27
1 0 1 1 2.5808775536123645e-02 1.8861460669630771e-02 1.0002610615661260e+00 6.3002528009571235e-02 4.2052862969753968e-01 4.1960645370181972e+01 27
1 0 1 1 2.5791449882973463e-02 1.8851382969270573e-02 1.0002614691353746e+00 6.2990079298915203e-02 4.2148300178447973e-01 4.2010645366040244e+01 27
1 0 1 1 2.5774192176562408e-02 1.8841348404223818e-02 1.0002618567622135e+00 6.2977750983878977e-02 4.2243677321952738e-01 4.2060645361928941e+01 27
1 0 1 1 2.5757001557571681e-02 1.8831352172936387e-02 1.0002622277289968e+00 6.2965542656965967e-02 4.2338998017271690e-01 4.2110646972402208e+01 27
1 0 1 1 2.5739880073691820e-02 1.8821397618912942e-02 1.0002625803583927e+00 6.2953455090383414e-02 4.2434250942353957e-01 4.2160644496887691e+01 27
1 0 1 1 2.5722825557191787e-02 1.8811485597305687e-02 1.0002629130819074e+00 6.2941486081282194e-02 4.2529448184815638e-01 4.2210644516324052e+01 27
1 0 1 1 2.5705838543234084e-02 1.8801616394238010e-02 1.0002632259080670e+00 6.2929635634294989e-02 4.2624586416647692e-01 4.2260645347389804e+01 27
1 0 1 1 2.5688919543484585e-02 1.8791790281978193e-02 1.0002635188540792e+00 6.2917903728538116e-02 4.2719662390654034e-01 4.2310645343412922e+01 27
1 0 1 1 2.5672068223974484e-02 1.8782007041742349e-02 1.0002637919585620e+00 6.2906289753128813e-02 4.2814677585332644e-01 4.2360645339549301e+01 27
1 0 1 1 2.5655284533140969e-02 1.8772266619123578e-02 1.0002640452604159e+00 6.2894793295253160e-02 4.2909631892267386e-01 4.2410645335652156e+01 27
1 0 1 1 2.5638568417416237e-02 1.8762568958819847e-02 1.0002642788041511e+00 6.2883413941172639e-02 4.3004525206507599e-01 4.2460645331862025e+01 27
1 0 1 1 2.5621919821425993e-02 1.8752914004744877e-02 1.0002644926398201e+00 6.2872151276356203e-02 4.3099357425499835e-01 4.2510645328059056e+01 27
1 0 1 1 2.5605338687859611e-02 1.8743301699949609e-02 1.0002646868229494e+00 6.2861004885399030e-02 4.3194128449965447e-01 4.2560645324340442e+01 27
1 0 1 1 2.5588824957606254e-02 1.8733731986699666e-02 1.0002648614144660e+00 6.2849974352120919e-02 4.3288838183245965e-01 4.2610645320689976e+01 27
1 0 1 1 2.5572378569742836e-02 1.8724204806462152e-02 1.0002650164806237e+00 6.2839059259560015e-02 4.3383486531455273e-01 4.2660645317075065e+01 27
1 0 1 1 2.5555999461541992e-02 1.8714720099909442e-02 1.0002651520929271e+00 6.2828259189978197e-02 4.3478073403540457e-01 4.2710645313492194e+01 27
1 0 1 1 2.5539687568483935e-02 1.8705277806921512e-02 1.0002652683280497e+00 6.2817573724881781e-02 4.3572598711343979e-01 4.2760645310017765e+01 27
1 0 1 1 2.5523442824357864e-02 1.8695877866640200e-02 1.0002653652677544e+00 6.2807002445085885e-02 4.3667062369090287e-01 4.2810645306552146e+01 27
1 0 1 1 2.5507265161164690e-02 1.8686520217413061e-02 1.0002654429988072e+00 6.2796544930664916e-02 4.3761464294118185e-01 4.2860645303222284e+01 27
1 0 1 1 2.5491154509292645e-02 1.8677204796888114e-02 1.0002655016128925e+00 6.2786200761063338e-02 4.3855804405899557e-01 4.2910645299879761e+01 27
1 0 1 1 2.5475110797369936e-02 1.8667931541927540e-02 1.0002655412065249e+00 6.2775969515011298e-02 4.3950082627059001e-01 4.2960645296656168e+01 27
1 0 1 1 2.5459133952439070e-02 1.8658700388704062e-02 1.0002655618809579e+00 6.2765850770641840e-02 4.4044298882425853e-01 4.3010645293478568e+01 27
1 0 1 1 2.5443223899881576e-02 1.8649511272655180e-02 1.0002655637420930e+00 6.2755844105449599e-02 4.4138453099616970e-01 4.3060645290394056e+01 27
1 0 1 1 2.5427380563499996e-02 1.8640364128527022e-02 1.0002655469003849e+00 6.2745949096350229e-02 4.4232545208648166e-01 4.3110645287381097e+01 27
1 0 1 1 2.5411603865519924e-02 1.8631258890371403e-02 1.0002655114707484e+00 6.2736165319682680e-02 4.4326575142001257e-01 4.3160645284401660e+01 27
1 0 1 1 2.5395893726563146e-02 1.8622195491528059e-02 1.0002654575724579e+00 6.2726492351211582e-02 4.4420542834949905e-01 4.3210645281592711e+01 27
1 0 1 1 2.5380250065816273e-02 1.8613173864720577e-02 1.0002653853290526e+00 6.2716929766227114e-02 4.4514448224633751e-01 4.3260645278787820e+01 28
1 0 1 1 2.5364672800866218e-02 1.8604193941954842e-02 1.0002652948682347e+00 6.2707477139460260e-02 4.4608291251140819e-01 4.3310645276114322e+01 28
1 0 1 1 2.5349161847883498e-02 1.8595255654623121e-02 1.0002651863217702e+00 6.2698134045194531e-02 4.4702071856512954e-01 4.3360645273478653e+01 28
1 0 1 1 2.5333717121515040e-02 1.8586358933441370e-02 1.0002650598253848e+00 6.2688900057218333e-02 4.4795789985544648e-01 4.3410645271009308e+01 28
1 0 1 1 2.5318333173523559e-02 1.8577503708541134e-02 1.0002649155186640e+00 6.2679774748926664e-02 4.4889445584807730e-01 4.3460645268554899e+01 28
1 0 1 1 2.5303010893157757e-02 1.8568689909384754e-02 1.0002647535449465e+00 6.2670757693248674e-02 4.4983038603647246e-01 4.3510645266233325e+01 28
1 0 1 1 2.5287754646206820e-02 1.8559917464851680e-02 1.0002645740512202e+00 6.2661848462747693e-02 4.5076568993396238e-01 4.3560645264028693e+01 28
1 0 1 1 2.5272564341312885e-02 1.8551186303223510e-02 1.0002643771880178e+00 6.2653046629618847e-02 4.5170036707540900e-01 4.3610645261898874e+01 28
1 0 1 1 2.5257439885760020e-02 1.8542496352183167e-02 1.0002641631093097e+00 6.2644351765694467e-02 4.5263441701812729e-01 4.3660645259840813e+01 28
1 0 1 1 2.5242381185481593e-02 1.8533847538818510e-02 1.0002639319723976e+00 6.2635763442467240e-02 4.5356783934308720e-01 4.3710645257972274e+01 28
1 0 1 1 2.5227388145192944e-02 1.8525239789691814e-02 1.0002636839378083e+00 6.2627281231167564e-02 4.5450063364701232e-01 4.3760645256128178e+01 28
1 0 1 1 2.5212460668245451e-02 1.8516673030756006e-02 1.0002634191691844e+00 6.2618904702694073e-02 4.5543279955306282e-01 4.3810645254448517e+01 28
1 0 1 1 2.5197598656802961e-02 1.8508147187451533e-02 1.0002631378331794e+00 6.2610633427720497e-02 4.5636433670055471e-01 4.3860645252846098e+01 28
1 0 1 1 2.5182802011757197e-02 1.8499662184655798e-02 1.0002628400993474e+00 6.2602466976658111e-02 4.5729524475146016e-01 4.3910645251371839e+01 28
1 0 1 1 2.5168070632799234e-02 1.8491217946723034e-02 1.0002625261400362e+00 6.2594404919711077e-02 4.5822552338729644e-01 4.3960645250065156e+01 28
1 0 1 1 2.5153404418480570e-02 1.8482814397511912e-02 1.0002621961302804e+00 6.2586446826910058e-02 4.5915517230551367e-01 4.4010645248779284e+01 28
1 0 1 1 2.5138803266095123e-02 1.8474451460320174e-02 1.0002618502476912e+00 6.2578592268064059e-02 4.6008419122871058e-01 4.4060645247691234e+01 28
1 0 1 1 2.5124267071861071e-02 1.8466129057984587e-02 1.0002614886723502e+00 6.2570840812873674e-02 4.6101257989418815e-01 4.4110645246759312e+01 28
1 0 1 1 2.5109795730895144e-02 1.8457847112861119e-02 1.0002611115867044e+00 6.2563192030914927e-02 4.6194033805586099e-01 4.4160645245843064e+01 28
1 0 1 1 2.5095389137113320e-02 1.8449605546769738e-02 1.0002607191754529e+00 6.2555645491606665e-02 4.6286746549241914e-01 4.4210645245158453e+01 28
1 0 1 1 2.5081047183450365e-02 1.8441404281113873e-02 1.0002603116254474e+00 6.2548200764334511e-02 4.6379396199388656e-01 4.4260645244573141e+01 28
1 0 1 1 2.5066769761732638e-02 1.8433243236808092e-02 1.0002598891255809e+00 6.2540857418392826e-02 4.6471982737098039e-01 4.4310645244125475e+01 28
1 0 1 1 2.5052556762749621e-02 1.8425122334312937e-02 1.0002594518666841e+00 6.2533615023037115e-02 4.6564506145136914e-01 4.4360645243843258e+01 28
1 0 1 1 2.5038408076302324e-02 1.8417041493664382e-02 1.0002590000414215e+00 6.2526473147510475e-02 4.6656966407761069e-01 4.4410645243644431e+01 28
1 0 1 1 2.5024323591128259e-02 1.8409000634425108e-02 1.0002585338441827e+00 6.2519431361027694e-02 4.6749363511312381e-01 4.4460645243681292e+01 28
1 0 1 1 2.5010303195071554e-02 1.8400999675780957e-02 1.0002580534709855e+00 6.2512489232863289e-02 4.6841697443190766e-01 4.4510645243798422e+01 29
1 0 1 1 2.4996346774953750e-02 1.8393038536464023e-02 1.0002575591193676e+00 6.2505646332296161e-02 4.6933968192799230e-01 4.4560645244060872e+01 29
1 0 1 1 2.4982454216650508e-02 1.8385117134794477e-02 1.0002570509882860e+00 6.2498902228668995e-02 4.7026175751156507e-01 4.4610645244562946e+01 29
1 0 1 1 2.4968625405187097e-02 1.8377235388734103e-02 1.0002565292780190e+00 6.2492256491435499e-02 4.7118320110364104e-01 4.4660645245152224e+01 29
1 0 1 1 2.4954860224621515e-02 1.8369393215814062e-02 1.0002559941900628e+00 6.2485708690116243e-02 4.7210401264436658e-01 4.4710645245899343e+01 29
1 0 1 1 2.4941158558137822e-02 1.8361590533188973e-02 1.0002554459270334e+00 6.2479258394357251e-02 4.7302419208826152e-01 4.4760645246854033e+01 29
1 0 1 1 2.4927520288077171e-02 1.8353827257651358e-02 1.0002548846925696e+00 6.2472905173957788e-02 4.7394373940302925e-01 4.4810645247997442e+01 29
1 0 1 1 2.4913943892744393e-02 1.8346097539863090e-02 1.0002543143190923e+00 6.2466648598879959e-02 4.7486273771003557e-01 4.4860649363751648e+01 29
1 0 1 1 2.4900433807714367e-02 1.8338408088091129e-02 1.0002537320676372e+00 6.2460489779681855e-02 4.7578088809447600e-01 4.4910641671533661e+01 29
1 0 1 1 2.4886983908200756e-02 1.8330756206313463e-02 1.0002531372855765e+00 6.2454425442772965e-02 4.7669860047668994e-01 4.4960644556189784e+01 29
1 0 1 1 2.4873597521632120e-02 1.8323143772337628e-02 1.0002525303280227e+00 6.2448456730546165e-02 4.7761564051489852e-01 4.5010645256724430e+01 29
1 0 1 1 2.4860274123132645e-02 1.8315570471410691e-02 1.0002519113850217e+00 6.2442583028272575e-02 4.7853203554598289e-01 4.5060645258739605e+01 29
1 0 1 1 2.4847013402766068e-02 1.8308036111379808e-02 1.0002512806556854e+00 6.2436803823005010e-02 4.7944779843554935e-01 4.5110645260847370e+01 29
1 0 1 1 2.4833815237274886e-02 1.8300540606378025e-02 1.0002506383479166e+00 6.2431118686104708e-02 4.8036292924841312e-01 4.5160645263267583e+01 29
1 0 1 1 2.4820679502780899e-02 1.8293083870286355e-02 1.0002499846699360e+00 6.2425527189262114e-02 4.8127742805428536e-01 4.5210645265818492e+01 29
1 0 1 1 2.4807606074623172e-02 1.8285665816642569e-02 1.0002493198301849e+00 6.2420028904438901e-02 4.8219129494029167e-01 4.5260645268612720e+01 29
1 0 1 1 2.4794594827497792e-02 1.8278286358715978e-02 1.0002486440372493e+00 6.2414623403935277e-02 4.8310453000174858e-01 4.5310645271569506e+01 29
1 0 1 1 2.4781645635379757e-02 1.8270945409461819e-02 1.0002479574997694e+00 6.2409310260370887e-02 4.8401713334861679e-01 4.5360645274782065e+01 29
1 0 1 1 2.4768758371613644e-02 1.8263642881572461e-02 1.0002472604263628e+00 6.2404089046734723e-02 4.8492910510031950e-01 4.5410645278246733e+01 29
1 0 1 1 2.4755932908931987e-02 1.8256378687483643e-02 1.0002465530255462e+00 6.2398959336393278e-02 4.8584044538465854e-01 4.5460645281817825e+01 29
1 0 1 1 2.4743169119335533e-02 1.8249152739307974e-02 1.0002458355056467e+00 6.2393920703064765e-02 4.8675115434789601e-01 4.5510645285773641e+01 30
1 0 1 1 2.4730466874349134e-02 1.8241964948973937e-02 1.0002451080747410e+00 6.2388972720922364e-02 4.8766123213663903e-01 4.5560645289838121e+01 30
1 0 1 1 2.4717826044784123e-02 1.8234815228094062e-02 1.0002443709405646e+00 6.2384114964512349e-02 4.8857067891626427e-01 4.5610645294201767e+01 30
1 0 1 1 2.4705246500928032e-02 1.8227703488067487e-02 1.0002436243104491e+00 6.2379347008840874e-02 4.8947949485768893e-01 4.5660645298811964e+01 30
1 0 1 1 2.4692728112490375e-02 1.8220629640049796e-02 1.0002428683912454e+00 6.2374668429358959e-02 4.9038768014243356e-01 4.5710645303660790e+01 30
1 0 1 1 2.4680270748604603e-02 1.8213593594951415e-02 1.0002421033892539e+00 6.2370078801979228e-02 4.9129523496312572e-01 4.5760645308828167e+01 30
1 0 1 1 2.4667874277916228e-02 1.8206595263486211e-02 1.0002413295101598e+00 6.2365577703110964e-02 4.9220215951791013e-01 4.5810645314184399e+01 30
1 0 1 1 2.4655538568486835e-02 1.8199634556114334e-02 1.0002405469589608e+00 6.2361164709635791e-02 4.9310845401801284e-01 4.5860645319820968e+01 30
1 0 1 1 2.4643263487874163e-02 1.8192711383089744e-02 1.0002397559399048e+00 6.2356839398950509e-02 4.9401411868311085e-01 4.5910645325805163e+01 30
1 0 1 1 2.4631048903177293e-02 1.8185825654479588e-02 1.0002389566564296e+00 6.2352601348989206e-02 4.9491915373842521e-01 4.5960645332034233e+01 30
1 0 1 1 2.4618894680967635e-02 1.8178977280126893e-02 1.0002381493110954e+00 6.2348450138208750e-02 4.9582355942067485e-01 4.6010645338573880e+01 30
1 0 1 1 2.4606800687356579e-02 1.8172166169686692e-02 1.0002373341055300e+00 6.2344385345622727e-02 4.9672733597394947e-01 4.6060645345442182e+01 30
1 0 1 1 2.4594766788021669e-02 1.8165392232638657e-02 1.0002365112403699e+00 6.2340406550812799e-02 4.9763048364812418e-01 4.6110645352532757e+01 30
1 0 1 1 2.4582792848091537e-02 1.8158655378222498e-02 1.0002356809151953e+00 6.2336513333914989e-02 4.9853300270891249e-01 4.6160645360183729e+01 30
1 0 1 1 2.4570878732469607e-02 1.8151955515616512e-02 1.0002348433284998e+00 6.2332705275711414e-02 4.9943489341322173e-01 4.6210645367821705e+01 30
1 0 1 1 2.4559021362259049e-02 1.8145292553660829e-02 1.0002339986775981e+00 6.2328981957499419e-02 5.0033615604792891e-01 4.6260645376122980e+01 30
1 0 1 1 2.4547217973696356e-02 1.8138666401174616e-02 1.0002331471586168e+00 6.2325342961274455e-02 5.0123679088755191e-01 4.6310645384676143e+01 30
1 0 1 1 2.4535474061443949e-02 1.8132076966745781e-02 1.0002322889664164e+00 6.2321787869618922e-02 5.0213679822289248e-01 4.6360645393580931e+01 30
1 0 1 1 2.4523789488228923e-02 1.8125524158815680e-02 1.0002314242945554e+00 6.2318316265757734e-02 5.0303617834986614e-01 4.6410645402839407e+01 30
1 0 1 1 2.4512164116372557e-02 1.8119007885657283e-02 1.0002305533352380e+00 6.2314927733559372e-02 5.0393493157365687e-01 4.6460645412595703e+01 30
1 0 1 1 2.4500597807883953e-02 1.8112528055425216e-02 1.0002296762792775e+00 6.2311621857572108e-02 5.0483305820195290e-01 4.6510645422771155e+01 30
1 0 1 1 2.4499495759251280e-02 1.8111910826168944e-02 1.0002295921663911e+00 6.2311310299462817e-02 5.0491883940594195e-01 4.6515422811769938e+01 30
1 0 1 1 2.4498391591783842e-02 1.8111292440875143e-02 1.0002295077966299e+00 6.2310998742911322e-02 5.0500482181271333e-01 4.6520211725867682e+01 30
1 0 1 1 2.4497285291204634e-02 1.8110672891758561e-02 1.0002294231683877e+00 6.2310687187917609e-02 5.0509100678812102e-01 4.6525012243439548e+01 29
1 0 1 1 2.4496176843088198e-02 1.8110052170952233e-02 1.0002293382800422e+00 6.2310375634481670e-02 5.0517739571230580e-01 4.6529824443683104e+01 26
1 0 1 1 2.4495066232833148e-02 1.8109430270492891e-02 1.0002292531299517e+00 6.2310064082603499e-02 5.0526398998216071e-01 4.6534648406756510e+01 39
