isScalarized | massIncreased | isMonotoneInside | isMonotoneOutside | mass_Baryon | mass_ADM | AST(radius) | radius  |  phi_c | rho_c | ctr |
1 0 1 1  -3.4976725715181532e-02 -2.6170240743376569e-02 1.0000000031578280e+00 -8.9311020000000019e-02 1.2394721534715715e-02 1.6657596079758182e+01 10
1 0 1 1 -3.4926425120085786e-02 -2.6154014800125538e-02 1.0000000026528686e+00 -8.9411020000000022e-02 1.1789466805659411e-02 1.6594074381381116e+01 37
1 0 1 1 -3.4874925760553725e-02 -2.6137067566335815e-02 1.0000000022119477e+00 -8.9511020000000024e-02 1.1185151113797588e-02 1.6530496434378183e+01 37
1 0 1 1 -3.4822213299107632e-02 -2.6119387738587713e-02 1.0000000018286879e+00 -8.9611020000000027e-02 1.0580518868465802e-02 1.6466867642867022e+01 37
1 0 1 1 -3.4768272821892321e-02 -2.6100963610776642e-02 1.0000000014972046e+00 -8.9711020000000030e-02 9.9740210335210189e-03 1.6403194847565967e+01 37
1 0 1 1 -3.4713088103138945e-02 -2.6081783034679253e-02 1.0000000012120784e+00 -8.9811020000000033e-02 9.3637185014646442e-03 1.6339486648609721e+01 37
1 0 1 1 -3.4656510121077462e-02 -2.6061833374436561e-02 1.0000000009683270e+00 -8.9911020000000036e-02 8.7471396261887911e-03 1.6275753831626893e+01 37
1 0 1 1 -3.4598656272139712e-02 -2.6041101453412065e-02 1.0000000007613783e+00 -9.0011020000000039e-02 8.1210622425430777e-03 1.6212009941164958e+01 37
1 0 1 1 -3.4539508606170943e-02 -2.6019573491208890e-02 1.0000000005870466e+00 -9.0111020000000042e-02 7.4811649778405119e-03 1.6148272069005881e+01 37
1 0 1 1 -3.4479048109552678e-02 -2.5997235027473035e-02 1.0000000004415068e+00 -9.0211020000000045e-02 6.8214380116963097e-03 1.6084561964045992e+01 37
1 0 1 1 -3.4417257101511591e-02 -2.5974052329485173e-02 1.0000000003212819e+00 -9.0311020000000047e-02 6.1331424273397472e-03 1.6020910091822412e+01 37
1 0 1 1 -3.4354121184482958e-02 -2.5949958962945732e-02 1.0000000002232132e+00 -9.0411020000000050e-02 5.4027171529670544e-03 1.5957359772660640e+01 37
1 0 1 1 -3.4289607449372879e-02 -2.5925007465034528e-02 1.0000000001443916e+00 -9.0511020000000053e-02 4.6067357200402573e-03 1.5893950763292832e+01 37
1 0 1 1 -3.4223690269907875e-02 -2.5899179417030002e-02 1.0000000000822260e+00 -9.0611020000000056e-02 3.6988254843041339e-03 1.5830750453284899e+01 36
1 0 1 1 -3.4156341212388537e-02 -2.5872454776847537e-02 1.0000000000343854e+00 -9.0711020000000059e-02 2.5557877472749129e-03 1.5767854923725331e+01 36
