isScalarized | massIncreased | isMonotoneInside | isMonotoneOutside | mass_Baryon | mass_ADM | AST(radius) | radius  |  phi_c | rho_c | ctr |
1 1 1 1 4.3705082288055905e-02 3.2856977702646284e-02 1.0000000001864926e+00 1.1298840000000002e-01 9.5089899582037531e-03 1.0270091571965983e+01 39
1 1 1 1 4.3588589637524565e-02 3.2815266374252888e-02 1.0000000001325340e+00 1.1318840000000002e-01 8.6664928207193532e-03 1.0204735991781044e+01 39
1 1 1 1 4.3467783838026595e-02 3.2770985094664230e-02 1.0000000000917200e+00 1.1338840000000003e-01 7.8293491886563017e-03 1.0139225529503546e+01 39
1 1 1 1 4.3342724319277208e-02 3.2724065971785371e-02 1.0000000000613816e+00 1.1358840000000003e-01 6.9912588982343135e-03 1.0073578607668102e+01 40
1 1 1 1 4.3213321297957054e-02 3.2674436802803977e-02 1.0000000000392970e+00 1.1378840000000004e-01 6.1426249276121392e-03 1.0007823632800147e+01 40
1 1 1 1 4.3079495877318658e-02 3.2621868092021965e-02 1.0000000000236360e+00 1.1398840000000005e-01 5.2679073789767316e-03 9.9420127058070911e+00 40
1 1 1 1 4.2941124736461993e-02 3.2566417058982666e-02 1.0000000000128892e+00 1.1418840000000005e-01 4.3385329857396583e-03 9.8762061029582373e+00 40
1 1 1 1 4.2798085786944932e-02 3.2508006054005438e-02 1.0000000000058404e+00 1.1438840000000006e-01 3.2918491242480683e-03 9.8105147562975006e+00 39
1 1 1 1 4.2650026603733453e-02 3.2446532248387755e-02 1.0000000000015155e+00 1.1458840000000006e-01 1.9163758963969448e-03 9.7451372631037270e+00 39
