isScalarized | massIncreased | isMonotoneInside | isMonotoneOutside | mass_Baryon | mass_ADM | AST(radius) | radius  |  phi_c | rho_c | ctr |
1 0 1 1 3.1840267510717467e-02 2.4252791307142717e-02 1.0000000000000557e+00 8.6200999999999819e-02 5.3490007866173462e-04 1.7257001931830192e+01 29
1 1 0 0 3.1840550571352579e-02 2.4252911665044570e-02 1.0000000000000588e+00 8.6200624999999823e-02 5.4848282633154939e-04 1.7257285431479183e+01 50
1 1 1 1 3.1840833609685995e-02 2.4253032008527305e-02 1.0000000000000617e+00 8.6200249999999826e-02 5.6174024568519856e-04 1.7257568942524820e+01 29
1 1 1 1 3.1841116625719840e-02 2.4253152337591122e-02 1.0000000000000646e+00 8.6199874999999829e-02 5.7469485441498944e-04 1.7257852464943845e+01 38
1 1 1 1 3.1841399619455431e-02 2.4253272652237645e-02 1.0000000000000675e+00 8.6199499999999832e-02 5.8736669121126387e-04 1.7258135998712074e+01 39
1 1 1 1 3.1873776864991328e-02 2.4267005078090414e-02 1.0000000000004401e+00 8.6156400249999834e-02 1.4355178907095160e-03 1.7290793206591555e+01 29
1 1 0 0 3.1922579219676422e-02 2.4287579898505753e-02 1.0000000000011564e+00 8.6090690992989272e-02 -2.1844233865823143e-03 1.7340802979478038e+01 39
1 1 1 1 3.1970538293465869e-02 2.4307650989913325e-02 1.0000000000020746e+00 8.6025224408207090e-02 2.7564409343131071e-03 1.7390825469073480e+01 39
1 1 1 1 3.2017713553311164e-02 2.4327247489351590e-02 1.0000000000032263e+00 8.5959940552132852e-02 3.2483159925618724e-03 1.7440849311638324e+01 37
1 1 1 1 3.2064148471210502e-02 2.4346391225131273e-02 1.0000000000046465e+00 8.5894797314166604e-02 3.6936430186638967e-03 1.7490865892234137e+01 32
1 1 1 1 3.2109893701773660e-02 2.4365042319763053e-02 1.0000000000063753e+00 8.5829753454924496e-02 4.1089099061810902e-03 1.7540887185309277e+01 35
1 1 1 1 3.2154943800199204e-02 2.4383261149566043e-02 1.0000000000084552e+00 8.5764817123368420e-02 4.5032065596281893e-03 1.7590874015808183e+01 35
1 1 1 1 3.2199378794248480e-02 2.4401087248368484e-02 1.0000000000109373e+00 8.5699883707477942e-02 4.8829906017207872e-03 1.7640888187302533e+01 35
1 1 1 1 3.2243185131014464e-02 2.4418517693906752e-02 1.0000000000138736e+00 8.5634982813725058e-02 5.2520329855834588e-03 1.7690892598690791e+01 35
1 1 1 1 3.2286386491148643e-02 2.4435564385889775e-02 1.0000000000173235e+00 8.5570088912027276e-02 5.6133047616051916e-03 1.7740895353621404e+01 35
1 1 1 1 3.2328993842430417e-02 2.4452235413283337e-02 1.0000000000213527e+00 8.5505188424723211e-02 5.9689777339926421e-03 1.7790897457559282e+01 36
1 1 1 1 3.2370926603735958e-02 2.4468537605341272e-02 1.0000000000260325e+00 8.5440270967072407e-02 6.3207140897842242e-03 1.7840899097371370e+01 36
1 1 1 1 3.2412290395402402e-02 2.4484476989995261e-02 1.0000000000314422e+00 8.5375327924873401e-02 6.6698210035480441e-03 1.7890900398927151e+01 36
1 1 1 1 3.2453094037730640e-02 2.4500058945814512e-02 1.0000000000376672e+00 8.5310352099835618e-02 7.0173474422167668e-03 1.7940901448907667e+01 36
1 1 1 1 3.2493345227041635e-02 2.4515288317822469e-02 1.0000000000448024e+00 8.5245337444921909e-02 7.3641493667675690e-03 1.7990902308429693e+01 36
1 1 1 1 3.2533050728545496e-02 2.4530169507433874e-02 1.0000000000529501e+00 8.5180278863488168e-02 7.7109350493766576e-03 1.8040903021397646e+01 36
1 1 1 1 3.2572216528318799e-02 2.4544706543634422e-02 1.0000000000622227e+00 8.5115172053861987e-02 8.0582974320537685e-03 1.8090903619914751e+01 36
1 1 1 1 3.2610853514636745e-02 2.4558862606920476e-02 1.0000000000727469e+00 8.5050013387249823e-02 8.4067851030447550e-03 1.8140910905147813e+01 36
1 1 1 1 3.2648947647113305e-02 2.4572659242762238e-02 1.0000000000846490e+00 8.4984826305510630e-02 8.7566556627744659e-03 1.8190900618863338e+01 36
1 1 1 1 3.2686525572046460e-02 2.4586125122316078e-02 1.0000000000980795e+00 8.4919566311651151e-02 9.1084813268425130e-03 1.8240902188197420e+01 36
1 1 1 1 3.2723583174345330e-02 2.4599260351829862e-02 1.0000000001131932e+00 8.4854244776981502e-02 9.4625063855048371e-03 1.8290905263474880e+01 36
1 1 1 1 3.2760120815367340e-02 2.4612066674045266e-02 1.0000000001301583e+00 8.4788865575373296e-02 9.8189746554989549e-03 1.8340905550711899e+01 36
1 1 1 1 3.2796143772971416e-02 2.4624547533455093e-02 1.0000000001491598e+00 8.4723423704705703e-02 1.0178144277361962e-02 1.8390905804028954e+01 36
1 1 1 1 3.2831655012365082e-02 2.4636705516265209e-02 1.0000000001703961e+00 8.4657918046624925e-02 1.0540223645661770e-02 1.8440906028549538e+01 36
1 1 1 1 3.2866578348086782e-02 2.4648543098282818e-02 1.0000000001940819e+00 8.4592347746279439e-02 1.0905395073113213e-02 1.8490906228378364e+01 36
1 1 1 1 3.2900985324656205e-02 2.4660062659678669e-02 1.0000000002204488e+00 8.4526712184210151e-02 1.1273818318587260e-02 1.8540906406882939e+01 36
1 1 1 1 3.2934887748137798e-02 2.4671266497793283e-02 1.0000000002497464e+00 8.4461010952012305e-02 1.1645633528217602e-02 1.8590906566790331e+01 36
1 1 1 1 3.2968287872885756e-02 2.4682156838317863e-02 1.0000000002822431e+00 8.4395243830821642e-02 1.2020963711622026e-02 1.8640906710395427e+01 36
1 1 1 1 3.3001187829707533e-02 2.4692735845036329e-02 1.0000000003182279e+00 8.4329410772484292e-02 1.2399916842253014e-02 1.8690906839602576e+01 36
1 1 1 1 3.3033589644107499e-02 2.4703005628357755e-02 1.0000000003580112e+00 8.4263511882739450e-02 1.2782587653595379e-02 1.8740906956042195e+01 36
1 1 1 1 3.3065495252292722e-02 2.4712968252763635e-02 1.0000000004019260e+00 8.4197547406311191e-02 1.3169059184275406e-02 1.8790907061101723e+01 36
1 1 1 1 3.3096909485400318e-02 2.4722597696403399e-02 1.0000000004503464e+00 8.4131517713522619e-02 1.3559438565773619e-02 1.8840911546739104e+01 36
1 1 1 1 3.3127825344395297e-02 2.4731899102548686e-02 1.0000000005036425e+00 8.4065440684789161e-02 1.3953679079524006e-02 1.8890906376796703e+01 36
1 1 1 1 3.3158252093604020e-02 2.4740899710500606e-02 1.0000000005622283e+00 8.3999296070213947e-02 1.4351932152393949e-02 1.8940903847203149e+01 36
1 1 1 1 3.3188193394785750e-02 2.4749602010304517e-02 1.0000000006265486e+00 8.3933079994794935e-02 1.4754274159620488e-02 1.8990907387066869e+01 36
1 1 1 1 3.3217645163538416e-02 2.4758006248196802e-02 1.0000000006970615e+00 8.3866805856959159e-02 1.5160670120239429e-02 1.9040907450651620e+01 36
1 1 1 1 3.3246611138096897e-02 2.4766114951969131e-02 1.0000000007742724e+00 8.3800469902517105e-02 1.5571183510589649e-02 1.9090907508250844e+01 36
1 1 1 1 3.3275092942351120e-02 2.4773930020669525e-02 1.0000000008587171e+00 8.3734073039114620e-02 1.5985844824378870e-02 1.9140907560455513e+01 36
1 1 1 1 3.3303092186046858e-02 2.4781453341272758e-02 1.0000000009509660e+00 8.3667616237424636e-02 1.6404679888998082e-02 1.9190907607789086e+01 36
1 1 1 1 3.3330565900843233e-02 2.4788686790806171e-02 1.0000000010516277e+00 8.3601100525326877e-02 1.6827710343793465e-02 1.9240907650730321e+01 36
1 1 1 1 3.3357528084854204e-02 2.4795632238179009e-02 1.0000000011613495e+00 8.3534526982684876e-02 1.7254954064312943e-02 1.9290907689706597e+01 36
1 1 1 1 3.3384012259353280e-02 2.4802291545758855e-02 1.0000000012808206e+00 8.3467896736605263e-02 1.7686425539399253e-02 1.9340907725103730e+01 36
1 1 1 1 3.3410020042023099e-02 2.4808666570704595e-02 1.0000000014107737e+00 8.3401210957160798e-02 1.8122136206582137e-02 1.9390907757271783e+01 36
1 1 1 1 3.3435553055436468e-02 2.4814759166115235e-02 1.0000000015519874e+00 8.3334470853532905e-02 1.8562094750613427e-02 1.9440907786520462e+01 36
1 1 1 1 3.3460612929495315e-02 2.4820571181993087e-02 1.0000000017052884e+00 8.3267677670501139e-02 1.9006307369708784e-02 1.9490907813136150e+01 36
1 1 1 1 3.3485201303510050e-02 2.4826104466057899e-02 1.0000000018715536e+00 8.3200832685301040e-02 1.9454778012756902e-02 1.9540907837363701e+01 36
1 1 1 1 3.3509319828000990e-02 2.4831360864422957e-02 1.0000000020517128e+00 8.3133937204724423e-02 1.9907508591566800e-02 1.9590907859439490e+01 36
1 1 1 1 3.3532970166213816e-02 2.4836342222163566e-02 1.0000000022467523e+00 8.3066992562564113e-02 2.0364499170078470e-02 1.9640907879564814e+01 36
1 1 1 1 3.3556156852637783e-02 2.4841012271058897e-02 1.0000000024578313e+00 8.3000000117241735e-02 2.0825799876326000e-02 1.9690913480995459e+01 36
1 1 1 1 3.3578871447406976e-02 2.4845404567296402e-02 1.0000000026858968e+00 8.2932983691315576e-02 2.1291207029132640e-02 1.9740903069422746e+01 36
1 1 1 1 3.3601129530209203e-02 2.4849528623816865e-02 1.0000000029322480e+00 8.2865902746723286e-02 2.1761000499228078e-02 1.9790907212659761e+01 36
1 1 1 1 3.3622924672593972e-02 2.4853384724131389e-02 1.0000000031980403e+00 8.2798782792369685e-02 2.2235007085490623e-02 1.9840907941535502e+01 36
1 1 1 1 3.3644259850139413e-02 2.4856974965457294e-02 1.0000000034845935e+00 8.2731621646914999e-02 2.2713244883584283e-02 1.9890907954296271e+01 36
1 1 1 1 3.3665137137873405e-02 2.4860301261216019e-02 1.0000000037932923e+00 8.2664419801798616e-02 2.3195712624894053e-02 1.9940907965952771e+01 36
1 1 1 1 3.3685558314124849e-02 2.4863365468327511e-02 1.0000000041255941e+00 8.2597178722162046e-02 2.3682401324112819e-02 1.9990907976596397e+01 36
1 1 1 1 3.3705525175725573e-02 2.4866169444297447e-02 1.0000000044830362e+00 8.2529899886231911e-02 2.4173301106805451e-02 2.0040907986306951e+01 36
1 1 1 1 3.3725039538212848e-02 2.4868715047215734e-02 1.0000000048672388e+00 8.2462584784162019e-02 2.4668401282440522e-02 2.0090907995170014e+01 36
1 1 1 1 3.3744086516627983e-02 2.4871004135735061e-02 1.0000000052799098e+00 8.2395234917020943e-02 2.5167690409928865e-02 2.0140908003231125e+01 36
1 1 1 1 3.3762637744178862e-02 2.4873038569026729e-02 1.0000000057228469e+00 8.2327851795723578e-02 2.5671156358328878e-02 2.0190908010581232e+01 36
1 1 1 1 3.3780742029937944e-02 2.4874820206707643e-02 1.0000000061979419e+00 8.2260436940260584e-02 2.6178786360088521e-02 2.0240908017242266e+01 36
1 1 1 1 3.3798401281368656e-02 2.4876350908761478e-02 1.0000000067071857e+00 8.2192991878709376e-02 2.6690567061723930e-02 2.0290908023285677e+01 36
1 1 1 1 3.3815617424472026e-02 2.4877632535430759e-02 1.0000000072526707e+00 8.2125518146566989e-02 2.7206484568031365e-02 2.0340908028744003e+01 36
1 1 1 1 3.3832392403670843e-02 2.4878666947101252e-02 1.0000000078365965e+00 8.2058017285954576e-02 2.7726524483773433e-02 2.0390908033661020e+01 36
1 1 1 1 3.3848728181641398e-02 2.4879456004184283e-02 1.0000000084612723e+00 8.1990490844962849e-02 2.8250671951065131e-02 2.0440908038065889e+01 36
1 1 1 1 3.3864626739122668e-02 2.4880001566971059e-02 1.0000000091291237e+00 8.1922940376981723e-02 2.8778911684141113e-02 2.0490908042000815e+01 36
1 1 1 1 3.3880090074686543e-02 2.4880305495494966e-02 1.0000000098426947e+00 8.1855367440141436e-02 2.9311228000576343e-02 2.0540908045482404e+01 36
1 1 1 1 3.3895120204509584e-02 2.4880369649380923e-02 1.0000000106046538e+00 8.1787773596688929e-02 2.9847604850838125e-02 2.0590908048548890e+01 36
1 0 1 1 3.3909719162093177e-02 2.4880195887688403e-02 1.0000000114177989e+00 8.1720160412508458e-02 3.0388025844525018e-02 2.0640908051213870e+01 36
1 0 1 1 3.3923889820910560e-02 2.4879768042568483e-02 1.0000000122853270e+00 8.1652529456564538e-02 3.0932501418350342e-02 2.0690910536897498e+01 36
1 0 1 1 3.3937632103267508e-02 2.4879089472495824e-02 1.0000000132102036e+00 8.1584892377684459e-02 3.1480931071746987e-02 2.0740907866762615e+01 36
1 0 1 1 3.3950949601127815e-02 2.4878178679578838e-02 1.0000000141955556e+00 8.1517239905572469e-02 3.2033359686207595e-02 2.0790905757357415e+01 36
1 0 1 1 3.3963845376044507e-02 2.4877037421956866e-02 1.0000000152448376e+00 8.1449568404776962e-02 3.2589812852441599e-02 2.0840908057038398e+01 36
1 0 1 1 3.3976319786924725e-02 2.4875667699456684e-02 1.0000000163614373e+00 8.1381888527856105e-02 3.3150198414298421e-02 2.0890908058024124e+01 36
1 0 1 1 3.3988375567300264e-02 2.4874071324465549e-02 1.0000000175490864e+00 8.1314198740704224e-02 3.3714523880825735e-02 2.0940908058725832e+01 36
1 0 1 1 3.4000014863342462e-02 2.4872250154669828e-02 1.0000000188116354e+00 8.1246500620088702e-02 3.4282771071794421e-02 2.0990908059146545e+01 36
1 0 1 1 3.4011239835985613e-02 2.4870206045704307e-02 1.0000000201531072e+00 8.1178795742970183e-02 3.4854921619020957e-02 2.1040908059303700e+01 36
1 0 1 1 3.4022052660556100e-02 2.4867940850979972e-02 1.0000000215777021e+00 8.1111085686188800e-02 3.5430956979520908e-02 2.1090908059202281e+01 35
1 0 1 1 3.4032455526419488e-02 2.4865456421517274e-02 1.0000000230898038e+00 8.1043372026103899e-02 3.6010858448349052e-02 2.1140908058860159e+01 35
1 0 1 1 3.4042450636606797e-02 2.4862754605776222e-02 1.0000000246939864e+00 8.0975656338309721e-02 3.6594607170028222e-02 2.1190908058282950e+01 35
1 0 1 1 3.4052040207444158e-02 2.4859837249483551e-02 1.0000000263950193e+00 8.0907940197307848e-02 3.7182184149672351e-02 2.1240908057478585e+01 35
1 0 1 1 3.4061214325683861e-02 2.4856706195474264e-02 1.0000000281978754e+00 8.0840225176213643e-02 3.7773570263255493e-02 2.1290908056458381e+01 35
1 0 1 1 3.4069950442802657e-02 2.4853363283521886e-02 1.0000000301077354e+00 8.0772512846483846e-02 3.8368746267117469e-02 2.1340908055228546e+01 35
1 0 1 1 3.4078287940861082e-02 2.4849810350173425e-02 1.0000000321299962e+00 8.0704804777634420e-02 3.8967692807080352e-02 2.1390908053798928e+01 35
1 0 1 1 3.4086229096546843e-02 2.4846049228597494e-02 1.0000000342702775e+00 8.0637102536988386e-02 3.9570390426760804e-02 2.1440908052170425e+01 35
1 0 1 1 3.4093776197765963e-02 2.4842081748414659e-02 1.0000000365344273e+00 8.0569407689395939e-02 4.0176819575833765e-02 2.1490908050360762e+01 35
1 0 1 1 3.4100931543261673e-02 2.4837909735550771e-02 1.0000000389285306e+00 8.0501721797036491e-02 4.0786960616992808e-02 2.1540908048360937e+01 35
1 0 1 1 3.4107697442253046e-02 2.4833535012077051e-02 1.0000000414589156e+00 8.0434046419113364e-02 4.1400793833704104e-02 2.1590908046193334e+01 35
1 0 1 1 3.4114076214047474e-02 2.4828959396060023e-02 1.0000000441321613e+00 8.0366383111700135e-02 4.2018299436103107e-02 2.1640908043850171e+01 35
1 0 1 1 3.4120070187681692e-02 2.4824184701414585e-02 1.0000000469551042e+00 8.0298733427452362e-02 4.2639457567903404e-02 2.1690908041345327e+01 35
1 0 1 1 3.4125681701544418e-02 2.4819212737755090e-02 1.0000000499348471e+00 8.0231098915437921e-02 4.3264248311875933e-02 2.1740908038678292e+01 35
1 0 1 1 3.4130913103013624e-02 2.4814045310253430e-02 1.0000000530787656e+00 8.0163481120898300e-02 4.3892651695770363e-02 2.1790908035859804e+01 35
1 0 1 1 3.4135766748089970e-02 2.4808684219499950e-02 1.0000000563945159e+00 8.0095881585074719e-02 4.4524647697343524e-02 2.1840908032890106e+01 35
1 0 1 1 3.4140245001029260e-02 2.4803131261361036e-02 1.0000000598900434e+00 8.0028301844991240e-02 4.5160216249519797e-02 2.1890908029770092e+01 35
1 0 1 1 3.4144350233991087e-02 2.4797388226846104e-02 1.0000000635735895e+00 7.9960743433255099e-02 4.5799337245361060e-02 2.1940908026517931e+01 35
1 0 1 1 3.4148084826670019e-02 2.4791456901977812e-02 1.0000000674537013e+00 7.9893207877927641e-02 4.6441990541946004e-02 2.1990908023119104e+01 35
1 0 1 1 3.4151451510076224e-02 2.4785315981014692e-02 1.0000000715412094e+00 7.9825696702264165e-02 4.7088195165394919e-02 2.2040911043968830e+01 35
1 0 1 1 3.4154451802087545e-02 2.4778989559947524e-02 1.0000000758429342e+00 7.9758223673936007e-02 4.7737777214762175e-02 2.2090905243431383e+01 35
1 0 1 1 3.4157089121996428e-02 2.4772479309951398e-02 1.0000000803697242e+00 7.9690766835706056e-02 4.8390938791565564e-02 2.2140907736861003e+01 35
1 0 1 1 3.4159365255283576e-02 2.4765788335828855e-02 1.0000000851305333e+00 7.9623341887626903e-02 4.9047522906642715e-02 2.2190908007417146e+01 35
1 0 1 1 3.4161282729888470e-02 2.4758918153525565e-02 1.0000000901357411e+00 7.9555947701982876e-02 4.9707534625113403e-02 2.2240908003406751e+01 34
1 0 1 1 3.4162843976903653e-02 2.4751870484033711e-02 1.0000000953959416e+00 7.9488585404733691e-02 5.0370957268460706e-02 2.2290907999283245e+01 34
1 0 1 1 3.4164051419064985e-02 2.4744647078627207e-02 1.0000001009220671e+00 7.9421256486314373e-02 5.1037770553941243e-02 2.2340907995041718e+01 34
1 0 1 1 3.4164907483903502e-02 2.4737249682513118e-02 1.0000001067254249e+00 7.9353962431287506e-02 5.1707954192506345e-02 2.2390907990696288e+01 34
1 0 1 1 3.4165414603419021e-02 2.4729680034735257e-02 1.0000001128177036e+00 7.9286704718251277e-02 5.2381487891220414e-02 2.2440907986243250e+01 34
1 0 1 1 3.4165575213749376e-02 2.4721939868062381e-02 1.0000001192109842e+00 7.9219484819669284e-02 5.3058351356316667e-02 2.2490907981681961e+01 34
1 0 1 1 3.4165391754858582e-02 2.4714030908891554e-02 1.0000001259177482e+00 7.9152304201732221e-02 5.3738524296015736e-02 2.2540907977026841e+01 34
1 0 1 1 3.4164866670211548e-02 2.4705954877151385e-02 1.0000001329508874e+00 7.9085164324275259e-02 5.4421986422540938e-02 2.2590907972268440e+01 34
1 0 1 1 3.4164002406468573e-02 2.4697713486205041e-02 1.0000001403237120e+00 7.9018066640598739e-02 5.5108717455149392e-02 2.2640907967417601e+01 34
1 0 1 1 3.4162801413169380e-02 2.4689308442757938e-02 1.0000001480499614e+00 7.8951012597390458e-02 5.5798697121982009e-02 2.2690907962470245e+01 34
1 0 1 1 3.4161266142431659e-02 2.4680741446767365e-02 1.0000001561438125e+00 7.8884003634575373e-02 5.6491905162694540e-02 2.2740907957436331e+01 34
1 0 1 1 3.4159399048649716e-02 2.4672014191358962e-02 1.0000001646198893e+00 7.8817041185236580e-02 5.7188321330219893e-02 2.2790907952312423e+01 34
1 0 1 1 3.4157202588195219e-02 2.4663128362736979e-02 1.0000001734932724e+00 7.8750126675477317e-02 5.7887925393124200e-02 2.2840907947103567e+01 34
1 0 1 1 3.4154667064221322e-02 2.4654085640105763e-02 1.0000001827795091e+00 7.8683261524330805e-02 5.8590697137411871e-02 2.2890907941811189e+01 34
1 0 1 1 3.4151787133944428e-02 2.4644887695589427e-02 1.0000001924946218e+00 7.8616447143651236e-02 5.9296616368457636e-02 2.2940907936435892e+01 34
1 0 1 1 3.4148585530928845e-02 2.4635536194154463e-02 1.0000002026551185e+00 7.8549684938008513e-02 6.0005662912975308e-02 2.2990907930988147e+01 34
1 0 1 1 3.4145064721173478e-02 2.4626032793537634e-02 1.0000002132780019e+00 7.8482976304624696e-02 6.0717816620280841e-02 2.3040907925453830e+01 34
1 0 1 1 3.4141227171060044e-02 2.4616379144165947e-02 1.0000002243807795e+00 7.8416322633212993e-02 6.1433057364808738e-02 2.3090907919853176e+01 34
1 0 1 1 3.4137075347087063e-02 2.4606576889102890e-02 1.0000002359814728e+00 7.8349725305968676e-02 6.2151365046825315e-02 2.3140907914177028e+01 34
1 0 1 1 3.4132611715590039e-02 2.4596627663962183e-02 1.0000002480986268e+00 7.8283185697423902e-02 6.2872719594610313e-02 2.3190907908430944e+01 34
1 0 1 1 3.4127838742486150e-02 2.4586533096858362e-02 1.0000002607513205e+00 7.8216705174388779e-02 6.3597100965645775e-02 2.3240907902613124e+01 34
1 0 1 1 3.4122758893008531e-02 2.4576294808331942e-02 1.0000002739591756e+00 7.8150285095850813e-02 6.4324489148347971e-02 2.3290907896734694e+01 34
1 0 1 1 3.4117374631456525e-02 2.4565914411302056e-02 1.0000002877423668e+00 7.8083926812934024e-02 6.5054864162993983e-02 2.3340907890787445e+01 34
1 0 1 1 3.4111688420933518e-02 2.4555393510994769e-02 1.0000003021216313e+00 7.8017631668778537e-02 6.5788206063513141e-02 2.3390907884774954e+01 34
1 0 1 1 3.4105702723108332e-02 2.4544733704896550e-02 1.0000003171182781e+00 7.7951400998482578e-02 6.6524494938735579e-02 2.3440907878709307e+01 34
1 0 1 1 3.4099419997967693e-02 2.4533936582702132e-02 1.0000003327541980e+00 7.7885236129067503e-02 6.7263710913108551e-02 2.3490907872575061e+01 34
1 0 1 1 3.4092842703567577e-02 2.4523003726248362e-02 1.0000003490518725e+00 7.7819138379338626e-02 6.8005834148788011e-02 2.3540907866389642e+01 33
1 0 1 1 3.4085973295810368e-02 2.4511936709483029e-02 1.0000003660343848e+00 7.7753109059892578e-02 6.8750844845956477e-02 2.3590907860146125e+01 33
1 0 1 1 3.4078814228202560e-02 2.4500737098407610e-02 1.0000003837254272e+00 7.7687149473008255e-02 6.9498723244434235e-02 2.3640907853846269e+01 33
1 0 1 1 3.4071367951626706e-02 2.4489406451030805e-02 1.0000004021493125e+00 7.7621260912595580e-02 7.0249449624716215e-02 2.3690907847497577e+01 33
1 0 1 1 3.4063636914121662e-02 2.4477946317331151e-02 1.0000004213309819e+00 7.7555444664157813e-02 7.1003004308764120e-02 2.3740907841096334e+01 33
1 0 1 1 3.4055623560654641e-02 2.4466358239211020e-02 1.0000004412960151e+00 7.7489702004712363e-02 7.1759367661244633e-02 2.3790907834642692e+01 33
1 0 1 1 3.4047330332906023e-02 2.4454643750455352e-02 1.0000004620706391e+00 7.7424034202737052e-02 7.2518520090569416e-02 2.3840907828145109e+01 33
1 0 1 1 3.4038759669059782e-02 2.4442804376703063e-02 1.0000004836817378e+00 7.7358442518144499e-02 7.3280442049517516e-02 2.3890907821598862e+01 33
1 0 1 1 3.4029914003585307e-02 2.4430841635398319e-02 1.0000005061568606e+00 7.7292928202205069e-02 7.4045114036468976e-02 2.3940907815007662e+01 33
1 0 1 1 3.4020795767039126e-02 2.4418757035768152e-02 1.0000005295242316e+00 7.7227492497514427e-02 7.4812516596130266e-02 2.3990907808373013e+01 33
1 0 1 1 3.4011407332534514e-02 2.4406549208872998e-02 1.0000005538146977e+00 7.7162136637946632e-02 7.5582636000543574e-02 2.4040908169394463e+01 33
1 0 1 1 3.4001751180005466e-02 2.4394212060769110e-02 1.0000005790631175e+00 7.7096863290186335e-02 7.6355451496107368e-02 2.4090908802936532e+01 33
1 0 1 1 3.3991830327543687e-02 2.4381758495194816e-02 1.0000006052916708e+00 7.7031676176904346e-02 7.7130892112223931e-02 2.4140906382719358e+01 33
1 0 1 1 3.3981645818326099e-02 2.4369188274213430e-02 1.0000006325350255e+00 7.6966567546804532e-02 7.7909045238776259e-02 2.4190907781302627e+01 33
1 0 1 1 3.3971201105458225e-02 2.4356504170943271e-02 1.0000006608221674e+00 7.6901545406977523e-02 7.8689810554158038e-02 2.4240907774481268e+01 33
1 0 1 1 3.3960498309329533e-02 2.4343707293381769e-02 1.0000006901863328e+00 7.6836609115776056e-02 7.9473190732216856e-02 2.4290907767621050e+01 33
1 0 1 1 3.3949539827640492e-02 2.4330799092735889e-02 1.0000007206607409e+00 7.6771759853767024e-02 8.0259166664750789e-02 2.4340907760732740e+01 33
1 0 1 1 3.3938328052654246e-02 2.4317781011719504e-02 1.0000007522793537e+00 7.6706998792579362e-02 8.1047719295592832e-02 2.4390907753801013e+01 33
1 0 1 1 3.3926865371023893e-02 2.4304654484531455e-02 1.0000007850768835e+00 7.6642327094806395e-02 8.1838829622274054e-02 2.4440907746848520e+01 33
1 0 1 1 3.3915154163626192e-02 2.4291420936849543e-02 1.0000008190887997e+00 7.6577745914070489e-02 8.2632478695379333e-02 2.4490907739854954e+01 33
1 0 1 1 3.3903196805386067e-02 2.4278081785800706e-02 1.0000008543513377e+00 7.6513256394900864e-02 8.3428647620482521e-02 2.4540907732840839e+01 33
1 0 1 1 3.3890995665121007e-02 2.4264638439962877e-02 1.0000008909015043e+00 7.6448859672799435e-02 8.4227317557501971e-02 2.4590907725789371e+01 33
1 0 1 1 3.3878553105372612e-02 2.4251092299339420e-02 1.0000009287770861e+00 7.6384556874136478e-02 8.5028469722425587e-02 2.4640907718718889e+01 33
1 0 1 1 3.3865871482258884e-02 2.4237444755361125e-02 1.0000009680166557e+00 7.6320349116208774e-02 8.5832085386798651e-02 2.4690907711616120e+01 33
1 0 1 1 3.3852953145311310e-02 2.4223697190866554e-02 1.0000010086595776e+00 7.6256237507154018e-02 8.6638145879153930e-02 2.4740907704491885e+01 33
1 0 1 1 3.3839800437330932e-02 2.4209850980102678e-02 1.0000010507460160e+00 7.6192223145982396e-02 8.7446632584863140e-02 2.4790907697339520e+01 33
1 0 1 1 3.3826415694235071e-02 2.4195907488710783e-02 1.0000010943169393e+00 7.6128307122523664e-02 8.8257526947171899e-02 2.4840907690167995e+01 33
1 0 1 1 3.3812801244918540e-02 2.4181868073726454e-02 1.0000011394141273e+00 7.6064490517448541e-02 8.9070810467193881e-02 2.4890907682971623e+01 33
1 0 1 1 3.3798959411110385e-02 2.4167734083575036e-02 1.0000011860801759e+00 7.6000774402225635e-02 8.9886464704819161e-02 2.4940907675756826e+01 33
1 0 1 1 3.3784892507235931e-02 2.4153506858067893e-02 1.0000012343585025e+00 7.5937159839136403e-02 9.0704471278778537e-02 2.4990907668518439e+01 32
1 0 1 1 3.3770602840280717e-02 2.4139187728399066e-02 1.0000012842933521e+00 7.5873647881238682e-02 9.1524811867477102e-02 2.5040907661263773e+01 32
1 0 1 1 3.3756092709661907e-02 2.4124778017149382e-02 1.0000013359298006e+00 7.5810239572386445e-02 9.2347468209053124e-02 2.5090907653990275e+01 32
1 0 1 1 3.3741364407099309e-02 2.4110279038285519e-02 1.0000013893137603e+00 7.5746935947205385e-02 9.3172422102010294e-02 2.5140907646699109e+01 32
1 0 1 1 3.3726420216484428e-02 2.4095692097157582e-02 1.0000014444919838e+00 7.5683738031092462e-02 9.3999655405531957e-02 2.5190907639390247e+01 32
1 0 1 1 3.3711262413763432e-02 2.4081018490507398e-02 1.0000015015120685e+00 7.5620646840207584e-02 9.4829150039983809e-02 2.5240907632069611e+01 32
1 0 1 1 3.3695893266819633e-02 2.4066259506475497e-02 1.0000015604224590e+00 7.5557663381489559e-02 9.5660887986978485e-02 2.5290907624730636e+01 32
1 0 1 1 3.3680315035347998e-02 2.4051416424597447e-02 1.0000016212724523e+00 7.5494788652625155e-02 9.6494851290150396e-02 2.5340907617379589e+01 32
1 0 1 1 3.3664529970747446e-02 2.4036490515814003e-02 1.0000016841121986e+00 7.5432023642074408e-02 9.7331022055191591e-02 2.5390907610017212e+01 32
1 0 1 1 3.3648540316012020e-02 2.4021483042485046e-02 1.0000017489927060e+00 7.5369369329066627e-02 9.8169382450190065e-02 2.5440907602638628e+01 32
1 0 1 1 3.3632348305613229e-02 2.4006395258384803e-02 1.0000018159658419e+00 7.5306826683583572e-02 9.9009914706275889e-02 2.5490907595253301e+01 32
1 0 1 1 3.3615956165404567e-02 2.3991228408722767e-02 1.0000018850843349e+00 7.5244396666397512e-02 9.9852601117400824e-02 2.5540907587853290e+01 32
1 0 1 1 3.3599366112513178e-02 2.3975983730146849e-02 1.0000019564017766e+00 7.5182080229037995e-02 1.0069742404126047e-01 2.5590907580450509e+01 32
1 0 1 1 3.3582580355244231e-02 2.3960662450760496e-02 1.0000020299726233e+00 7.5119878313844979e-02 1.0154436589877423e-01 2.5640907573028880e+01 32
1 0 1 1 3.3565601092976072e-02 2.3945265790126354e-02 1.0000021058521966e+00 7.5057791853907929e-02 1.0239340917548052e-01 2.5690907565610559e+01 32
1 0 1 1 3.3548430516078240e-02 2.3929794959290596e-02 1.0000021840966844e+00 7.4995821773162608e-02 1.0324453642042376e-01 2.5740907558174825e+01 32
1 0 1 1 3.3531070805800978e-02 2.3914251160780969e-02 1.0000022647631401e+00 7.4933968986307775e-02 1.0409773024777030e-01 2.5790907550738094e+01 32
1 0 1 1 3.3513524134206295e-02 2.3898635588638563e-02 1.0000023479094839e+00 7.4872234398888127e-02 1.0495297333605569e-01 2.5840907543295348e+01 32
1 0 1 1 3.3495792664068220e-02 2.3882949428421674e-02 1.0000024335945010e+00 7.4810618907271892e-02 1.0581024842885847e-01 2.5890907535846100e+01 32
1 0 1 1 3.3477878548791723e-02 2.3867193857226875e-02 1.0000025218778414e+00 7.4749123398665823e-02 1.0666953833495429e-01 2.5940907528389967e+01 32
1 0 1 1 3.3459782742393265e-02 2.3851370043700096e-02 1.0000026128200181e+00 7.4687748751124439e-02 1.0753082592869455e-01 2.5990907520936517e+01 32
1 0 1 1 3.3441500450866440e-02 2.3835479148068002e-02 1.0000027064824057e+00 7.4626495833595541e-02 1.0839409414967542e-01 2.6040907513473783e+01 32
1 0 1 1 3.3423042189492255e-02 2.3819522322136452e-02 1.0000028029272383e+00 7.4565365505886050e-02 1.0925932600367222e-01 2.6090907506011380e+01 32
1 0 1 1 3.3404410071925988e-02 2.3803500709330103e-02 1.0000029022176065e+00 7.4504358618719152e-02 1.1012650456228974e-01 2.6140907498548934e+01 32
1 0 1 1 3.3385606202015958e-02 2.3787415444700106e-02 1.0000030044174544e+00 7.4443476013740240e-02 1.1099561296319571e-01 2.6190907491079592e+01 32
1 0 1 1 3.3366632673734152e-02 2.3771267654941312e-02 1.0000031095915769e+00 7.4382718523510721e-02 1.1186663441076224e-01 2.6240907483617210e+01 32
1 0 1 1 3.3347491571125876e-02 2.3755058458431878e-02 1.0000032178056149e+00 7.4322086971577661e-02 1.1273955217540452e-01 2.6290907476148391e+01 32
1 0 1 1 3.3328184968224706e-02 2.3738788965231791e-02 1.0000033291260517e+00 7.4261582172435614e-02 1.1361434959461725e-01 2.6340907468683870e+01 32
1 0 1 1 3.3308714929010476e-02 2.3722460277124029e-02 1.0000034436202079e+00 7.4201204931593184e-02 1.1449101007246164e-01 2.6390907461220284e+01 32
1 0 1 1 3.3289083507339751e-02 2.3706073487629539e-02 1.0000035613562361e+00 7.4140956045572221e-02 1.1536951708000209e-01 2.6440907453757291e+01 32
1 0 1 1 3.3269292746886808e-02 2.3689629682028153e-02 1.0000036824031158e+00 7.4080836301931130e-02 1.1624985415541336e-01 2.6490907446296461e+01 32
1 0 1 1 3.3249344681098351e-02 2.3673129937391745e-02 1.0000038068306463e+00 7.4020846479291080e-02 1.1713200490410067e-01 2.6540907438840684e+01 32
1 0 1 1 3.3229241333135047e-02 2.3656575322602517e-02 1.0000039347094414e+00 7.3960987347366558e-02 1.1801595299870229e-01 2.6590907431388242e+01 32
1 0 1 1 3.3208984715821122e-02 2.3639966898381808e-02 1.0000040661109209e+00 7.3901259666981411e-02 1.1890168217925948e-01 2.6640907423935850e+01 31
1 0 1 1 3.3188576831594360e-02 2.3623305717311784e-02 1.0000042011073045e+00 7.3841664190082951e-02 1.1978917625357990e-01 2.6690907416493737e+01 31
1 0 1 1 3.3168019672467908e-02 2.3606592823870055e-02 1.0000043397716032e+00 7.3782201659802482e-02 1.2067841909674826e-01 2.6740907409052646e+01 31
1 0 1 1 3.3147315219974889e-02 2.3589829254447855e-02 1.0000044821776100e+00 7.3722872810441958e-02 1.2156939465185124e-01 2.6790907401619716e+01 31
1 0 1 1 3.3126465445134777e-02 2.3573016037384174e-02 1.0000046283998925e+00 7.3663678367531765e-02 1.2246208692957646e-01 2.6840907394191465e+01 31
1 0 1 1 3.3105472308409011e-02 2.3556154192991820e-02 1.0000047785137824e+00 7.3604619047839603e-02 1.2335648000855465e-01 2.6890907386768632e+01 31
1 0 1 1 3.3084337759659389e-02 2.3539244733581391e-02 1.0000049325953657e+00 7.3545695559402990e-02 1.2425255803540668e-01 2.6940907379355405e+01 31
1 0 1 1 3.3063063738120894e-02 2.3522288663499358e-02 1.0000050907214724e+00 7.3486908601569811e-02 1.2515030522463697e-01 2.6990907371949703e+01 31
1 0 1 1 3.3041652172361213e-02 2.3505286979153286e-02 1.0000052529696659e+00 7.3428258865017554e-02 1.2604970585882341e-01 2.7040907364550744e+01 31
1 0 1 1 3.3020104980246191e-02 2.3488240669038624e-02 1.0000054194182308e+00 7.3369747031782201e-02 1.2695074428867051e-01 2.7090907357159502e+01 31
1 0 1 1 3.2998424068908710e-02 2.3471150713769026e-02 1.0000055901461615e+00 7.3311373775291067e-02 1.2785340493308214e-01 2.7140907349780413e+01 31
1 0 1 1 3.2976611334728546e-02 2.3454018086117325e-02 1.0000057652331500e+00 7.3253139760406705e-02 1.2875767227891532e-01 2.7190907342405147e+01 31
1 0 1 1 3.2954668663291671e-02 2.3436843751031920e-02 1.0000059447595722e+00 7.3195045643427492e-02 1.2966353088164181e-01 2.7240907335048153e+01 31
1 0 1 1 3.2932597929378138e-02 2.3419628665680845e-02 1.0000061288064750e+00 7.3137092072172838e-02 1.3057096536437207e-01 2.7290907327691205e+01 31
1 0 1 1 3.2910400996921566e-02 2.3402373779471016e-02 1.0000063174555625e+00 7.3079279685944964e-02 1.3147996041915413e-01 2.7340907320353722e+01 31
1 0 1 1 3.2888079719009485e-02 2.3385080034097748e-02 1.0000065107891805e+00 7.3021609115638320e-02 1.3239050080571929e-01 2.7390907313023071e+01 31
1 0 1 1 3.2865635937841725e-02 2.3367748363560401e-02 1.0000067088903029e+00 7.2964080983716734e-02 1.3330257135237114e-01 2.7440907305703107e+01 31
1 0 1 1 3.2843071484719613e-02 2.3350379694201989e-02 1.0000069118425152e+00 7.2906695904270069e-02 1.3421615695565700e-01 2.7490907298395893e+01 31
1 0 1 1 3.2820388180029698e-02 2.3332974944742690e-02 1.0000071197299991e+00 7.2849454483050191e-02 1.3513124258037756e-01 2.7540907291102371e+01 31
1 0 1 1 3.2797587833232576e-02 2.3315535026317856e-02 1.0000073326375156e+00 7.2792357317507439e-02 1.3604781325958004e-01 2.7590907283822276e+01 31
1 0 1 1 3.2774672242838830e-02 2.3298060842503299e-02 1.0000075506503878e+00 7.2735404996825459e-02 1.3696585409441808e-01 2.7640907276547416e+01 31
1 0 1 1 3.2751643196394994e-02 2.3280553289348211e-02 1.0000077738544837e+00 7.2678598101929948e-02 1.3788535025480309e-01 2.7690907269298044e+01 31
1 0 1 1 3.2728502470495545e-02 2.3263013255428146e-02 1.0000080023361979e+00 7.2621937205594123e-02 1.3880628697808642e-01 2.7740907262052200e+01 31
1 0 1 1 3.2705251830738372e-02 2.3245441621852166e-02 1.0000082361824332e+00 7.2565422872390761e-02 1.3972864957046938e-01 2.7790907254824123e+01 31
1 0 1 1 3.2681893031742640e-02 2.3227839262317505e-02 1.0000084754805811e+00 7.2509055658790900e-02 1.4065242340600909e-01 2.7840907247611934e+01 31
1 0 1 1 3.2658427817136911e-02 2.3210207043141088e-02 1.0000087203185026e+00 7.2452836113182650e-02 1.4157759392689492e-01 2.7890907240414549e+01 31
1 0 1 1 3.2634857919547289e-02 2.3192545823289834e-02 1.0000089707845075e+00 7.2396764775908867e-02 1.4250414664329161e-01 2.7940907233225651e+01 31
1 0 1 1 3.2611185060592483e-02 2.3174856454415499e-02 1.0000092269673344e+00 7.2340842179285048e-02 1.4343206713384238e-01 2.7990907226063122e+01 31
1 0 1 1 3.2587410950899502e-02 2.3157139780903606e-02 1.0000094889561288e+00 7.2285068847697365e-02 1.4436134104444331e-01 2.8040907218905989e+01 31
1 0 1 1 3.2563537290074267e-02 2.3139396639889481e-02 1.0000097568404218e+00 7.2229445297563033e-02 1.4529195408964227e-01 2.8090907211772389e+01 31
1 0 1 1 3.2539565766727320e-02 2.3121627861312537e-02 1.0000100307101079e+00 7.2173972037441969e-02 1.4622389205123015e-01 2.8140907204647313e+01 31
1 0 1 1 3.2515498058455300e-02 2.3103834267937832e-02 1.0000103106554221e+00 7.2118649568013948e-02 1.4715714077941616e-01 2.8190907197549016e+01 31
1 0 1 1 3.2491335831865968e-02 2.3086016675410045e-02 1.0000105967669164e+00 7.2063478382186907e-02 1.4809168619145477e-01 2.8240907190459026e+01 31
1 0 1 1 3.2467080742556470e-02 2.3068175892270167e-02 1.0000108891354369e+00 7.2008458965066358e-02 1.4902751427283559e-01 2.8290907183389809e+01 31
1 0 1 1 3.2442734435137781e-02 2.3050312720007363e-02 1.0000111878520983e+00 7.1953591794047755e-02 1.4996461107629974e-01 2.8340907176336184e+01 31
1 0 1 1 3.2418298543230389e-02 2.3032427953086611e-02 1.0000114930082604e+00 7.1898877338829881e-02 1.5090296272231615e-01 2.8390907169305322e+01 31
1 0 1 1 3.2393774689483922e-02 2.3014522378997520e-02 1.0000118046955015e+00 7.1844316061482727e-02 1.5184255539839583e-01 2.8440907162284116e+01 31
1 0 1 1 3.2369164485567634e-02 2.2996596778275747e-02 1.0000121230055943e+00 7.1789908416443060e-02 1.5278337535996550e-01 2.8490907155290909e+01 30
1 0 1 1 3.2344469532204066e-02 2.2978651924559168e-02 1.0000124480304775e+00 7.1735654850620778e-02 1.5372540892898709e-01 2.8540907148306708e+01 30
1 0 1 1 3.2319691419150989e-02 2.2960688584603085e-02 1.0000127798622309e+00 7.1681555803368824e-02 1.5466864249521811e-01 2.8590907141347490e+01 30
1 0 1 1 3.2294831725243583e-02 2.2942707518341415e-02 1.0000131185930476e+00 7.1627611706587324e-02 1.5561306251506035e-01 2.8640907134407989e+01 30
1 0 1 1 3.2269892018388806e-02 2.2924709478908609e-02 1.0000134643152054e+00 7.1573822984737301e-02 1.5655865551181256e-01 2.8690907127481090e+01 30
1 0 1 1 3.2244873855578012e-02 2.2906695212678536e-02 1.0000138171210400e+00 7.1520190054866151e-02 1.5750540807603206e-01 2.8740907120582140e+01 30
1 0 1 1 3.2219778782920865e-02 2.2888665459315026e-02 1.0000141771029147e+00 7.1466713326699793e-02 1.5845330686439063e-01 2.8790907113694455e+01 30
1 0 1 1 3.2194608335636858e-02 2.2870620951792143e-02 1.0000145443531929e+00 7.1413393202623965e-02 1.5940233860081762e-01 2.8840907106835676e+01 30
1 0 1 1 3.2169364038098211e-02 2.2852562416449531e-02 1.0000149189642069e+00 7.1360230077792020e-02 1.6035249007511498e-01 2.8890907099991189e+01 30
1 0 1 1 3.2144047403825031e-02 2.2834490573015745e-02 1.0000153010282291e+00 7.1307224340111830e-02 1.6130374814387746e-01 2.8940907093168597e+01 30
1 0 1 1 3.2118659935521002e-02 2.2816406134659149e-02 1.0000156906374400e+00 7.1254376370322059e-02 1.6225609972974056e-01 2.8990907086364420e+01 30
1 0 1 1 3.2093203125081925e-02 2.2798309808014321e-02 1.0000160878838991e+00 7.1201686542017695e-02 1.6320953182169595e-01 2.9040907079588177e+01 30
1 0 1 1 3.2067678453632495e-02 2.2780202293234353e-02 1.0000164928595108e+00 7.1149155221724519e-02 1.6416403147425138e-01 2.9090907072824482e+01 30
1 0 1 1 3.2042087391525066e-02 2.2762084284011979e-02 1.0000169056559953e+00 7.1096782768891365e-02 1.6511958580834052e-01 2.9140907066087983e+01 30
1 0 1 1 3.2016431398387932e-02 2.2743956467637140e-02 1.0000173263648537e+00 7.1044569535986923e-02 1.6607618201016378e-01 2.9190907059369483e+01 30
1 0 1 1 3.1990711923128842e-02 2.2725819525019984e-02 1.0000177550773368e+00 7.0992515868505357e-02 1.6703380733178566e-01 2.9240907052674860e+01 30
1 0 1 1 3.1964930403972913e-02 2.2707674130738591e-02 1.0000181918844115e+00 7.0940622105034268e-02 1.6799244909052757e-01 2.9290907046000662e+01 30
1 0 1 1 3.1939088268479229e-02 2.2689520953071637e-02 1.0000186368767268e+00 7.0888888577283898e-02 1.6895209466915945e-01 2.9340907039351773e+01 30
1 0 1 1 3.1913186933576240e-02 2.2671360654044008e-02 1.0000190901445796e+00 7.0837315610148388e-02 1.6991273151530695e-01 2.9390907032718022e+01 30
1 0 1 1 3.1887227805573695e-02 2.2653193889454418e-02 1.0000195517778809e+00 7.0785903521716376e-02 1.7087434714209596e-01 2.9440907026115699e+01 30
1 0 1 1 3.1861212280214324e-02 2.2635021308930678e-02 1.0000200218661199e+00 7.0734652623368671e-02 1.7183692912690243e-01 2.9490907019530582e+01 30
1 0 1 1 3.1835141742676813e-02 2.2616843555949930e-02 1.0000205004983302e+00 7.0683563219770956e-02 1.7280046511213654e-01 2.9540907012966883e+01 30
1 0 1 1 3.1809017567617573e-02 2.2598661267886996e-02 1.0000209877630521e+00 7.0632635608940231e-02 1.7376494280475288e-01 2.9590907006429841e+01 30
1 0 1 1 3.1782841119207185e-02 2.2580475076057236e-02 1.0000214837482986e+00 7.0581870082299325e-02 1.7473034997592402e-01 2.9640906999917224e+01 30
1 0 1 1 3.1756613751150478e-02 2.2562285605745611e-02 1.0000219885415171e+00 7.0531266924712954e-02 1.7569667446091980e-01 2.9690906993422072e+01 30
1 0 1 1 3.1730336806717323e-02 2.2544093476248805e-02 1.0000225022295539e+00 7.0480826414514502e-02 1.7666390415939118e-01 2.9740906986955149e+01 30
1 0 1 1 3.1704011618783785e-02 2.2525899300915996e-02 1.0000230248986166e+00 7.0430548823584460e-02 1.7763202703447195e-01 2.9790906980508066e+01 30
1 0 1 1 3.1677639509854361e-02 2.2507703687182790e-02 1.0000235566342364e+00 7.0380434417363358e-02 1.7860103111330011e-01 2.9840906974088597e+01 30
1 0 1 1 3.1651221792107241e-02 2.2489507236616631e-02 1.0000240975212304e+00 7.0330483454924431e-02 1.7957090448625271e-01 2.9890906967690320e+01 30
1 0 1 1 3.1624759767417465e-02 2.2471310544948456e-02 1.0000246476436638e+00 7.0280696188994851e-02 1.8054163530727566e-01 2.9940906961318646e+01 30
1 0 1 1 3.1598254727399910e-02 2.2453114202116164e-02 1.0000252070848104e+00 7.0231072866020372e-02 1.8151321179325683e-01 2.9990906954967851e+01 30
1 0 1 1 3.1571707953434787e-02 2.2434918792297025e-02 1.0000257759271145e+00 7.0181613726189973e-02 1.8248562222424872e-01 3.0040906948641624e+01 30
1 0 1 1 3.1545120716710250e-02 2.2416724893948924e-02 1.0000263542521526e+00 7.0132319003493870e-02 1.8345885494310601e-01 3.0090906942344322e+01 30
1 0 1 1 3.1518494278266120e-02 2.2398533079857612e-02 1.0000269421405916e+00 7.0083188925777695e-02 1.8443289835504861e-01 3.0140906936067040e+01 30
1 0 1 1 3.1491829889011613e-02 2.2380343917156386e-02 1.0000275396721519e+00 7.0034223714760813e-02 1.8540774092797968e-01 3.0190906929814783e+01 30
1 0 1 1 3.1465128789775566e-02 2.2362157967377269e-02 1.0000281469255654e+00 6.9985423586099993e-02 1.8638337119192450e-01 3.0240906923586454e+01 30
1 0 1 1 3.1438392211343459e-02 2.2343975786487148e-02 1.0000287639785359e+00 6.9936788749426104e-02 1.8735977773912810e-01 3.0290906917389837e+01 30
1 0 1 1 3.1411621374502215e-02 2.2325797924929315e-02 1.0000293909076994e+00 6.9888319408411753e-02 1.8833694922323255e-01 3.0340906911209593e+01 30
1 0 1 1 3.1384817490054999e-02 2.2307624927644768e-02 1.0000300277885819e+00 6.9840015760770091e-02 1.8931487436006258e-01 3.0390906905057541e+01 30
1 0 1 1 3.1357981758888813e-02 2.2289457334131981e-02 1.0000306746955601e+00 6.9791877998340218e-02 1.9029354192667236e-01 3.0440906898933164e+01 29
1 0 1 1 3.1331112207351630e-02 2.2271295678471470e-02 1.0000313317018186e+00 6.9743906307121462e-02 1.9127294076127643e-01 3.0490906892831241e+01 29
1 0 1 1 3.1304209937046724e-02 2.2253140489364578e-02 1.0000319988793103e+00 6.9696100867305599e-02 1.9225305976328028e-01 3.0540906886752936e+01 29
1 0 1 1 3.1277279293735270e-02 2.2234992290173630e-02 1.0000326762987133e+00 6.9648461853326737e-02 1.9323388789312107e-01 3.0590906880708005e+01 29
1 0 1 1 3.1250321440988618e-02 2.2216851598963964e-02 1.0000333640293904e+00 6.9600989433930616e-02 1.9421541417136584e-01 3.0640906874679651e+01 29
1 0 1 1 3.1223337532620344e-02 2.2198718928527466e-02 1.0000340621393464e+00 6.9553683772169139e-02 1.9519762767963894e-01 3.0690906868681594e+01 29
1 0 1 1 3.1196328712750736e-02 2.2180594786431859e-02 1.0000347706951866e+00 6.9506545025490918e-02 1.9618051755945928e-01 3.0740906862710187e+01 29
1 0 1 1 3.1169296115842380e-02 2.2162479675058747e-02 1.0000354897620747e+00 6.9459573345766384e-02 1.9716407301237304e-01 3.0790906856760490e+01 29
1 0 1 1 3.1142240866732177e-02 2.2144374091627408e-02 1.0000362194036896e+00 6.9412768879322129e-02 1.9814828330001466e-01 3.0840906850841506e+01 29
1 0 1 1 3.1115164080692412e-02 2.2126278528249044e-02 1.0000369596821845e+00 6.9366131767010897e-02 1.9913313774327188e-01 3.0890906844943171e+01 29
1 0 1 1 3.1088066863454195e-02 2.2108193471947233e-02 1.0000377106581435e+00 6.9319662144223082e-02 2.0011862572286682e-01 3.0940906839077496e+01 29
1 0 1 1 3.1060950311272525e-02 2.2090119404710652e-02 1.0000384723905393e+00 6.9273360140968493e-02 2.0110473667823622e-01 3.0990906833232074e+01 29
1 0 1 1 3.1033815510948196e-02 2.2072056803514855e-02 1.0000392449366911e+00 6.9227225881880294e-02 2.0209146010821902e-01 3.1040906827415881e+01 29
1 0 1 1 3.1006663539887437e-02 2.2054006140367632e-02 1.0000400283522204e+00 6.9181259486289559e-02 2.0307878557018980e-01 3.1090906821626735e+01 29
1 0 1 1 3.0979495466141878e-02 2.2035967882344534e-02 1.0000408226910105e+00 6.9135461068257076e-02 2.0406670267999985e-01 3.1140906815858589e+01 29
1 0 1 1 3.0952312348444824e-02 2.2017942491618373e-02 1.0000416280051625e+00 6.9089830736602798e-02 2.0505520111221973e-01 3.1190906810125284e+01 29
1 0 1 1 3.0925115236278288e-02 2.1999930425509944e-02 1.0000424443449529e+00 6.9044368594987859e-02 2.0604427059895225e-01 3.1240906804411374e+01 29
1 0 1 1 3.0897905169889151e-02 2.1981932136504484e-02 1.0000432717587915e+00 6.8999074741910249e-02 2.0703390093068261e-01 3.1290906798726514e+01 29
1 0 1 1 3.0870683180357045e-02 2.1963948072302873e-02 1.0000441102931776e+00 6.8953949270781967e-02 2.0802408195534791e-01 3.1340906793069241e+01 29
1 0 1 1 3.0843450289630845e-02 2.1945978675850568e-02 1.0000449599926589e+00 6.8908992269961333e-02 2.0901480357825611e-01 3.1390906787434371e+01 29
1 0 1 1 3.0816207510572107e-02 2.1928024385373248e-02 1.0000458208997887e+00 6.8864203822783937e-02 2.1000605576225626e-01 3.1440906781832290e+01 29
1 0 1 1 3.0788955847013542e-02 2.1910085634417646e-02 1.0000466930550826e+00 6.8819584007634216e-02 2.1099782852677090e-01 3.1490906776252107e+01 29
1 0 1 1 3.0761696293787794e-02 2.1892162851876909e-02 1.0000475764969776e+00 6.8775132897954838e-02 2.1199011194835554e-01 3.1540906770700769e+01 29
1 0 1 1 3.0734429836788722e-02 2.1874256462036085e-02 1.0000484712617892e+00 6.8730850562313039e-02 2.1298289615987925e-01 3.1590906765172868e+01 29
1 0 1 1 3.0707157453006558e-02 2.1856366884597619e-02 1.0000493773836701e+00 6.8686737064424075e-02 2.1397617135084929e-01 3.1640906759678771e+01 29
1 0 1 1 3.0679880110590384e-02 2.1838494534727249e-02 1.0000502948945675e+00 6.8642792463222635e-02 2.1496992776634155e-01 3.1690906754202032e+01 29
1 0 1 1 3.0652598768870883e-02 2.1820639823073723e-02 1.0000512238241830e+00 6.8599016812858099e-02 2.1596415570800018e-01 3.1740906748760672e+01 29
1 0 1 1 3.0625314378435374e-02 2.1802803155819526e-02 1.0000521641999298e+00 6.8555410162790209e-02 2.1695884553241498e-01 3.1790906743337622e+01 29
1 0 1 1 3.0598027881148862e-02 2.1784984934700637e-02 1.0000531160468928e+00 6.8511972557777356e-02 2.1795398765237742e-01 3.1840906737954548e+01 29
1 0 1 1 3.0570740210234003e-02 2.1767185557059445e-02 1.0000540793877866e+00 6.8468704037982331e-02 2.1894957253477487e-01 3.1890906732578060e+01 29
1 0 1 1 3.0543452290264766e-02 2.1749405415844494e-02 1.0000550542429170e+00 6.8425604638919002e-02 2.1994559070294453e-01 3.1940906727249303e+01 29
1 0 1 1 3.0516165037287813e-02 2.1731644899694043e-02 1.0000560406301378e+00 6.8382674391611831e-02 2.2094203273346222e-01 3.1990906721933531e+01 29
1 0 1 1 3.0488879358799278e-02 2.1713904392920650e-02 1.0000570385648140e+00 6.8339913322528978e-02 2.2193888925843988e-01 3.2040906716647839e+01 29
1 0 1 1 3.0461596153834716e-02 2.1696184275573929e-02 1.0000580480597800e+00 6.8297321453685333e-02 2.2293615096390537e-01 3.2090906711390701e+01 29
1 0 1 1 3.0434316313008063e-02 2.1678484923468497e-02 1.0000590691253017e+00 6.8254898802667135e-02 2.2393380858995285e-01 3.2140906706160806e+01 29
1 0 1 1 3.0407040718556502e-02 2.1660806708214179e-02 1.0000601017690374e+00 6.8212645382671744e-02 2.2493185293048681e-01 3.2190906700956113e+01 29
1 0 1 1 3.0379770244385453e-02 2.1643149997245637e-02 1.0000611459959987e+00 6.8170561202544055e-02 2.2593027483300920e-01 3.2240906695774868e+01 29
1 0 1 1 3.0352505756119537e-02 2.1625515153861994e-02 1.0000622018085148e+00 6.8128646266812365e-02 2.2692906519859810e-01 3.2290906690624546e+01 29
1 0 1 1 3.0325248111153693e-02 2.1607902537254357e-02 1.0000632692061922e+00 6.8086900575745735e-02 2.2792821498120491e-01 3.2340906685500315e+01 29
1 0 1 1 3.0297998158701291e-02 2.1590312502545308e-02 1.0000643481858800e+00 6.8045324125378642e-02 2.2892771518784205e-01 3.2390906680403504e+01 29
1 0 1 1 3.0270756739838207e-02 2.1572745400813678e-02 1.0000654387416323e+00 6.8003916907556999e-02 2.2992755687802582e-01 3.2440906675326765e+01 28
1 0 1 1 3.0243524687543748e-02 2.1555201579123943e-02 1.0000665408646734e+00 6.7962678909958552e-02 2.3092773116417689e-01 3.2490906670284808e+01 28
1 0 1 1 3.0216302826772509e-02 2.1537681380573843e-02 1.0000676545433618e+00 6.7921610116169095e-02 2.3192822921037329e-01 3.2540906665263215e+01 28
1 0 1 1 3.0189091974475335e-02 2.1520185144307674e-02 1.0000687797631553e+00 6.7880710505680064e-02 2.3292904223324185e-01 3.2590906660274712e+01 28
1 0 1 1 3.0161892939670087e-02 2.1502713205561755e-02 1.0000699165065778e+00 6.7839980053965049e-02 2.3393016150055287e-01 3.2640906655300356e+01 28
1 0 1 1 3.0134706523460821e-02 2.1485265895679641e-02 1.0000710647531859e+00 6.7799418732466588e-02 2.3493157833252293e-01 3.2690906650365129e+01 28
1 0 1 1 3.0107533519126161e-02 2.1467843542166645e-02 1.0000722244795346e+00 6.7759026508700554e-02 2.3593328409980879e-01 3.2740906645449769e+01 28
1 0 1 1 3.0080374712131576e-02 2.1450446468699952e-02 1.0000733956591479e+00 6.7718803346237200e-02 2.3693527022466829e-01 3.2790906640559278e+01 28
1 0 1 1 3.0053230880190941e-02 2.1433074995165551e-02 1.0000745782624858e+00 6.7678749204761246e-02 2.3793752818026756e-01 3.2840906635700307e+01 28
1 0 1 1 3.0026102793325300e-02 2.1415729437699961e-02 1.0000757722569136e+00 6.7638864040120039e-02 2.3894004949005609e-01 3.2890906630859668e+01 28
1 0 1 1 2.9998991213883504e-02 2.1398410108697981e-02 1.0000769776066738e+00 6.7599147804327936e-02 2.3994282572845116e-01 3.2940906626051380e+01 28
1 0 1 1 2.9971896896620366e-02 2.1381117316866149e-02 1.0000781942728558e+00 6.7559600445641022e-02 2.4094584851954665e-01 3.2990906621261828e+01 28
1 0 1 1 2.9944820588716645e-02 2.1363851367233899e-02 1.0000794222133689e+00 6.7520221908555167e-02 2.4194910953800167e-01 3.3040906616505673e+01 28
1 0 1 1 2.9917763029855118e-02 2.1346612561201593e-02 1.0000806613829138e+00 6.7481012133882357e-02 2.4295260050775516e-01 3.3090906611772404e+01 28
1 0 1 1 2.9890724492656839e-02 2.1329396913101369e-02 1.0000819122795848e+00 6.7441971058756295e-02 2.4395633005893669e-01 3.3140907385573051e+01 28
1 0 1 1 2.9863707202690024e-02 2.1312207714966908e-02 1.0000831745359005e+00 6.7403100438966912e-02 2.4496023434455069e-01 3.3190906193866347e+01 28
1 0 1 1 2.9836710180254224e-02 2.1295046130418809e-02 1.0000844479236930e+00 6.7364397435316248e-02 2.4596436837354535e-01 3.3240906210741031e+01 28
1 0 1 1 2.9809734591717638e-02 2.1277912737969865e-02 1.0000857323639989e+00 6.7325862634676992e-02 2.4696870714228894e-01 3.3290906592929275e+01 28
1 0 1 1 2.9782781545626670e-02 2.1260808079576251e-02 1.0000870277761451e+00 6.7287496539230274e-02 2.4797322751396761e-01 3.3340906588332061e+01 28
1 0 1 1 2.9755851528776793e-02 2.1243732303363454e-02 1.0000883341053250e+00 6.7249298769383403e-02 2.4897792927611964e-01 3.3390906583739948e+01 28
1 0 1 1 2.9728945229525600e-02 2.1226685686649559e-02 1.0000896512834634e+00 6.7211269240809890e-02 2.4998280449669405e-01 3.3440906579188102e+01 28
1 0 1 1 2.9702063329125599e-02 2.1209668503354411e-02 1.0000909792390882e+00 6.7173407865801532e-02 2.5098784529060619e-01 3.3490906574657238e+01 28
1 0 1 1 2.9675206501728526e-02 2.1192681024000397e-02 1.0000923178973147e+00 6.7135714553243298e-02 2.5199304382095900e-01 3.3540906570144706e+01 28
1 0 1 1 2.9648375414437159e-02 2.1175723515744569e-02 1.0000936671798273e+00 6.7098189208652625e-02 2.5299839229869497e-01 3.3590906565657306e+01 28
1 0 1 1 2.9621570727359985e-02 2.1158796242411005e-02 1.0000950270048645e+00 6.7060831734225640e-02 2.5400388298228338e-01 3.3640906561206272e+01 28
1 0 1 1 2.9594793093673764e-02 2.1141899464529063e-02 1.0000963972872028e+00 6.7023642028890829e-02 2.5500950817656931e-01 3.3690906556759579e+01 28
1 0 1 1 2.9568043159616361e-02 2.1125033439325775e-02 1.0000977779381452e+00 6.6986619988270713e-02 2.5601526023466559e-01 3.3740906552346850e+01 28
1 0 1 1 2.9541321564590182e-02 2.1108198420791615e-02 1.0000991688655072e+00 6.6949765504789732e-02 2.5702113155575312e-01 3.3790906547959025e+01 28
1 0 1 1 2.9514628941180624e-02 2.1091394659688095e-02 1.0001005699736067e+00 6.6913078467671583e-02 2.5802711458575966e-01 3.3840906543592610e+01 28
1 0 1 1 2.9487965915203796e-02 2.1074622403577339e-02 1.0001019811632548e+00 6.6876558762971106e-02 2.5903320181699302e-01 3.3890906539240625e+01 28
1 0 1 1 2.9461333105739836e-02 2.1057881896840054e-02 1.0001034023317472e+00 6.6840206273591718e-02 2.6003938578853075e-01 3.3940906534922092e+01 28
1 0 1 1 2.9434731125209675e-02 2.1041173380722172e-02 1.0001048333728575e+00 6.6804020879356829e-02 2.6104565908489652e-01 3.3990906530625516e+01 28
1 0 1 1 2.9408160579395257e-02 2.1024497093344773e-02 1.0001062741768314e+00 6.6768002457009312e-02 2.6205201433642306e-01 3.4040906526336528e+01 28
1 0 1 1 2.9381622067469294e-02 2.1007853269721783e-02 1.0001077246303842e+00 6.6732150880218916e-02 2.6305844422012609e-01 3.4090906522090407e+01 28
1 0 1 1 2.9355116182094323e-02 2.0991242141818110e-02 1.0001091846166956e+00 6.6696466019688178e-02 2.6406494145704185e-01 3.4140906517849395e+01 28
1 0 1 1 2.9328643509401658e-02 2.0974663938536389e-02 1.0001106540154121e+00 6.6660947743090337e-02 2.6507149881482167e-01 3.4190906513640059e+01 28
1 0 1 1 2.9302204629085581e-02 2.0958118885770927e-02 1.0001121327026439e+00 6.6625595915170949e-02 2.6607810910534585e-01 3.4240906509444706e+01 28
1 0 1 1 2.9275800114414302e-02 2.0941607206414459e-02 1.0001136205509700e+00 6.6590410397727395e-02 2.6708476518599800e-01 3.4290906505272559e+01 28
1 0 1 1 2.9249430532290881e-02 2.0925129120391711e-02 1.0001151174294400e+00 6.6555391049664847e-02 2.6809145995868627e-01 3.4340906501120884e+01 28
1 0 1 1 2.9223096443290408e-02 2.0908684844681460e-02 1.0001166232035799e+00 6.6520537727013745e-02 2.6909818636999433e-01 3.4390906496990553e+01 28
1 0 1 1 2.9196798401705432e-02 2.0892274593341465e-02 1.0001181377353985e+00 6.6485850282961223e-02 2.7010493741091074e-01 3.4440906492881481e+01 28
1 0 1 1 2.9170536955590170e-02 2.0875898577535405e-02 1.0001196608833958e+00 6.6451328567878887e-02 2.7111170611662028e-01 3.4490906488789953e+01 28
1 0 1 1 2.9144312646796046e-02 2.0859557005548767e-02 1.0001211925025735e+00 6.6416972429343135e-02 2.7211848556641249e-01 3.4540906484713574e+01 27
1 0 1 1 2.9118126011011856e-02 2.0843250082813521e-02 1.0001227324444466e+00 6.6382781712158279e-02 2.7312526888379296e-01 3.4590906480664351e+01 27
1 0 1 1 2.9091977577826639e-02 2.0826978011945455e-02 1.0001242805570554e+00 6.6348756258406583e-02 2.7413204923553103e-01 3.4640906476628835e+01 27
1 0 1 1 2.9065867870743847e-02 2.0810740992747011e-02 1.0001258366849826e+00 6.6314895907444243e-02 2.7513881983240168e-01 3.4690906472614387e+01 27
1 0 1 1 2.9039797407243509e-02 2.0794539222245757e-02 1.0001274006693690e+00 6.6281200495948017e-02 2.7614557392832051e-01 3.4740906468612572e+01 27
1 0 1 1 2.9013766698805083e-02 2.0778372894704241e-02 1.0001289723479319e+00 6.6247669857920244e-02 2.7715230482091963e-01 3.4790906464636464e+01 27
1 0 1 1 2.8987776250972357e-02 2.0762242201658433e-02 1.0001305515549852e+00 6.6214303824742443e-02 2.7815900585041992e-01 3.4840906460671448e+01 27
1 0 1 1 2.8961826563367172e-02 2.0746147331921587e-02 1.0001321381214625e+00 6.6181102225167210e-02 2.7916567040055562e-01 3.4890906456729411e+01 27
1 0 1 1 2.8935918129757134e-02 2.0730088471626610e-02 1.0001337318749397e+00 6.6148064885372060e-02 2.8017229189743531e-01 3.4940906452797890e+01 27
1 0 1 1 2.8910046929928778e-02 2.0714065804224517e-02 1.0001353326396607e+00 6.6115191628954739e-02 2.8117886381018048e-01 3.4990906448881304e+01 27
1 0 1 1 2.8884211358237256e-02 2.0698079510521775e-02 1.0001369402365663e+00 6.6082482276969945e-02 2.8218537965073948e-01 3.5040906444996637e+01 27
1 0 1 1 2.8858418533586581e-02 2.0682129768713215e-02 1.0001385544833197e+00 6.6049936647982199e-02 2.8319183297235317e-01 3.5090906441104600e+01 27
1 0 1 1 2.8832668927176910e-02 2.0666216754361252e-02 1.0001401751943426e+00 6.6017554558011005e-02 2.8419821737199941e-01 3.5140906437239011e+01 27
1 0 1 1 2.8806963004548328e-02 2.0650340640461579e-02 1.0001418021808444e+00 6.5985335820630486e-02 2.8520452648810951e-01 3.5190906433398318e+01 27
1 0 1 1 2.8781301225603368e-02 2.0634501597450748e-02 1.0001434352508560e+00 6.5953280246973611e-02 2.8621075400062046e-01 3.5240906429555643e+01 27
1 0 1 1 2.8755684044611492e-02 2.0618699793206831e-02 1.0001450742092706e+00 6.5921387645709761e-02 2.8721689363230907e-01 3.5290906425731023e+01 27
1 0 1 1 2.8730111910284219e-02 2.0602935393092530e-02 1.0001467188578781e+00 6.5889657823111902e-02 2.8822293914736502e-01 3.5340906421926775e+01 27
1 0 1 1 2.8704585265806219e-02 2.0587208559968800e-02 1.0001483689954065e+00 6.5858090583071571e-02 2.8922888435132743e-01 3.5390906418131216e+01 27
1 0 1 1 2.8679104548863653e-02 2.0571519454213909e-02 1.0001500244175641e+00 6.5826685727100320e-02 2.9023472309163700e-01 3.5440906414349953e+01 27
1 0 1 1 2.8653670191687904e-02 2.0555868233740858e-02 1.0001516849170831e+00 6.5795443054365521e-02 2.9124044925681164e-01 3.5490906410573146e+01 27
1 0 1 1 2.8628282621080383e-02 2.0540255054014234e-02 1.0001533502837661e+00 6.5764362361689421e-02 2.9224605677748794e-01 3.5540906406831162e+01 27
1 0 1 1 2.8602942258494364e-02 2.0524680068093212e-02 1.0001550203045302e+00 6.5733443443627027e-02 2.9325153962377187e-01 3.5590906403069603e+01 27
1 0 1 1 2.8577649519988667e-02 2.0509143426603337e-02 1.0001566947634624e+00 6.5702686092379503e-02 2.9425689180903641e-01 3.5640906399342164e+01 27
1 0 1 1 2.8552404816354331e-02 2.0493645277807577e-02 1.0001583734418644e+00 6.5672090097927460e-02 2.9526210738590469e-01 3.5690906395617539e+01 27
1 0 1 1 2.8527208553090884e-02 2.0478185767590664e-02 1.0001600561183097e+00 6.5641655247972663e-02 2.9626718044864842e-01 3.5740906391902655e+01 27
1 0 1 1 2.8502061130462164e-02 2.0462765039487785e-02 1.0001617425686962e+00 6.5611381327983720e-02 2.9727210513223273e-01 3.5790906388201172e+01 27
1 0 1 1 2.8476962943536889e-02 2.0447383234708218e-02 1.0001634325663036e+00 6.5581268121216119e-02 2.9827687561205146e-01 3.5840906384504024e+01 27
1 0 1 1 2.8451914382207164e-02 2.0432040492140653e-02 1.0001651258818522e+00 6.5551315408713506e-02 2.9928148610454564e-01 3.5890906380826209e+01 27
1 0 1 1 2.8426915831253178e-02 2.0416736948392529e-02 1.0001668222835605e+00 6.5521522969354540e-02 3.0028593086581501e-01 3.5940906377140472e+01 27
1 0 1 1 2.8401967670328685e-02 2.0401472737772992e-02 1.0001685215372111e+00 6.5491890579818246e-02 3.0129020419358177e-01 3.5990906373481913e+01 27
1 0 1 1 2.8377070274059800e-02 2.0386247992354091e-02 1.0001702234062095e+00 6.5462418014670010e-02 3.0229430042440342e-01 3.6040906369811381e+01 27
1 0 1 1 2.8352224012010405e-02 2.0371062841945033e-02 1.0001719276516541e+00 6.5433105046298679e-02 3.0329821393664114e-01 3.6090906366168085e+01 27
1 0 1 1 2.8327429248782836e-02 2.0355917414147853e-02 1.0001736340323977e+00 6.5403951445013708e-02 3.0430193914741044e-01 3.6140906362522841e+01 27
1 0 1 1 2.8302686344002896e-02 2.0340811834347539e-02 1.0001753423051205e+00 6.5374956978998172e-02 3.0530547051444878e-01 3.6190906358873512e+01 27
1 0 1 1 2.8277995652356620e-02 2.0325746225728560e-02 1.0001770522244000e+00 6.5346121414332770e-02 3.0630880253610643e-01 3.6240906355249727e+01 27
1 0 1 1 2.8253357523666620e-02 2.0310720709319632e-02 1.0001787635427783e+00 6.5317444515057554e-02 3.0731192974932076e-01 3.6290906351614645e+01 27
1 0 1 1 2.8228772302864597e-02 2.0295735403972753e-02 1.0001804760108419e+00 6.5288926043117090e-02 3.0831484673216653e-01 3.6340906347995961e+01 27
1 0 1 1 2.8204240330074598e-02 2.0280790426410532e-02 1.0001821893772906e+00 6.5260565758434419e-02 3.0931754810164391e-01 3.6390906344379225e+01 27
1 0 1 1 2.8179761940615288e-02 2.0265885891222038e-02 1.0001839033890179e+00 6.5232363418891048e-02 3.1032002851473323e-01 3.6440906340764450e+01 27
1 0 1 1 2.8155337465042871e-02 2.0251021910888668e-02 1.0001856177911872e+00 6.5204318780347770e-02 3.1132228266799361e-01 3.6490906337147607e+01 27
1 0 1 1 2.8130967229169510e-02 2.0236198595789050e-02 1.0001873323273123e+00 6.5176431596650319e-02 3.1232430529813821e-01 3.6540906333554467e+01 27
1 0 1 1 2.8106651283271927e-02 2.0221414002810589e-02 1.0001890474170370e+00 6.5148701619685001e-02 3.1332610143218448e-01 3.6590906768950461e+01 27
1 0 1 1 2.8082390134610977e-02 2.0206665216066778e-02 1.0001907639167362e+00 6.5121129329040850e-02 3.1432765646852062e-01 3.6640907048965950e+01 27
1 0 1 1 2.8058185240577776e-02 2.0191958096788840e-02 1.0001924797368686e+00 6.5093714940002045e-02 3.1532892026823522e-01 3.6690905119717357e+01 26
1 0 1 1 2.8034034325631625e-02 2.0177291178152850e-02 1.0001941947980573e+00 6.5066455275903989e-02 3.1632999462053646e-01 3.6740906319396665e+01 26
1 0 1 1 2.8009939788124827e-02 2.0162665833572475e-02 1.0001959086878509e+00 6.5039352451664256e-02 3.1733078770842188e-01 3.6790906315811299e+01 26
1 0 1 1 2.7985901344326578e-02 2.0148081807859194e-02 1.0001976211825643e+00 6.5012405551535174e-02 3.1833131859700853e-01 3.6840906312217719e+01 26
1 0 1 1 2.7961919287832634e-02 2.0133539197272569e-02 1.0001993320161517e+00 6.4985614315717699e-02 3.1933158229736219e-01 3.6890906308629340e+01 26
1 0 1 1 2.7937993907762918e-02 2.0119038096098545e-02 1.0002010409215798e+00 6.4958978482516860e-02 3.2033157385932787e-01 3.6940906305043164e+01 26
1 0 1 1 2.7914125488782540e-02 2.0104578596658051e-02 1.0002027476309170e+00 6.4932497788343535e-02 3.2133128837170571e-01 3.6990906301451233e+01 26
1 0 1 1 2.7890314311120486e-02 2.0090160789314356e-02 1.0002044518754272e+00 6.4906171967715642e-02 3.2233072096271786e-01 3.7040906297866727e+01 26
1 0 1 1 2.7866560650621857e-02 2.0075784762501617e-02 1.0002061533856592e+00 6.4880000753291311e-02 3.2332986679896919e-01 3.7090906294273580e+01 26
1 0 1 1 2.7842864778751752e-02 2.0061450602723605e-02 1.0002078518915432e+00 6.4853983875851562e-02 3.2432872108639127e-01 3.7140906290675900e+01 26
1 0 1 1 2.7819226962631779e-02 2.0047158394572183e-02 1.0002095471224830e+00 6.4828121064321842e-02 3.2532727907010656e-01 3.7190906287093675e+01 26
1 0 1 1 2.7795647465096787e-02 2.0032908220756821e-02 1.0002112388074496e+00 6.4802412045809665e-02 3.2632553603280390e-01 3.7240906283483497e+01 26
1 0 1 1 2.7772126544659059e-02 2.0018700162082115e-02 1.0002129266750817e+00 6.4776856545546158e-02 3.2732348729793392e-01 3.7290906279899829e+01 26
1 0 1 1 2.7748664455623726e-02 2.0004534297510444e-02 1.0002146104537752e+00 6.4751454286988974e-02 3.2832112822534837e-01 3.7340906276279533e+01 26
1 0 1 1 2.7725261448014380e-02 1.9990410704115821e-02 1.0002162898717881e+00 6.4726204991722103e-02 3.2931845421616313e-01 3.7390906272686784e+01 26
1 0 1 1 2.7701917767705388e-02 1.9976329457159856e-02 1.0002179646573295e+00 6.4701108379578487e-02 3.3031546070803253e-01 3.7440906269078354e+01 26
1 0 1 1 2.7678633656375809e-02 1.9962290630059092e-02 1.0002196345386638e+00 6.4676164168566530e-02 3.3131214317813373e-01 3.7490906265454910e+01 26
1 0 1 1 2.7655409351547963e-02 1.9948294294405138e-02 1.0002212992442083e+00 6.4651372074896435e-02 3.3230849714294208e-01 3.7540906261852321e+01 26
1 0 1 1 2.7632245086665570e-02 1.9934340520009173e-02 1.0002229585026274e+00 6.4626731813036881e-02 3.3330451815568296e-01 3.7590906258214261e+01 26
1 0 1 1 2.7609141091032526e-02 1.9920429374860861e-02 1.0002246120429397e+00 6.4602243095634670e-02 3.3430020181044995e-01 3.7640906254601603e+01 26
1 0 1 1 2.7586097589938356e-02 1.9906560925198564e-02 1.0002262595946076e+00 6.4577905633626254e-02 3.3529554373758091e-01 3.7690906250962463e+01 26
1 0 1 1 2.7563114804599342e-02 1.9892735235472647e-02 1.0002279008876460e+00 6.4553719136154847e-02 3.3629053960756011e-01 3.7740906247328958e+01 26
1 0 1 1 2.7540192952244986e-02 1.9878952368392912e-02 1.0002295356527151e+00 6.4529683310640878e-02 3.3728518512817796e-01 3.7790906243676567e+01 26
1 0 1 1 2.7517332246096246e-02 1.9865212384911540e-02 1.0002311636212249e+00 6.4505797862744518e-02 3.3827947604692232e-01 3.7840906240046827e+01 26
1 0 1 1 2.7494532895461273e-02 1.9851515344277454e-02 1.0002327845254295e+00 6.4482062496439119e-02 3.3927340814752383e-01 3.7890906236374320e+01 26
1 0 1 1 2.7471795105660574e-02 1.9837861303987396e-02 1.0002343980985331e+00 6.4458476913919482e-02 3.4026697725459182e-01 3.7940906232722440e+01 26
1 0 1 1 2.7449119078154335e-02 1.9824250319858305e-02 1.0002360040747831e+00 6.4435040815714106e-02 3.4126017922903629e-01 3.7990906229055085e+01 27
1 0 1 1 2.7426505010505729e-02 1.9810682446002540e-02 1.0002376021895731e+00 6.4411753900624535e-02 3.4225300997072916e-01 3.8040906225371394e+01 27
1 0 1 1 2.7403943582730645e-02 1.9797157734842908e-02 1.0002391921795417e+00 6.4388615865745125e-02 3.4324546541855361e-01 3.8090906221711144e+01 27
1 0 1 1 2.7381442621220716e-02 1.9783676237156884e-02 1.0002407737826664e+00 6.4365626406522214e-02 3.4423754154731212e-01 3.8140906218000538e+01 27
1 0 1 1 2.7359004263493747e-02 1.9770238002024196e-02 1.0002423467383694e+00 6.4342785216655124e-02 3.4522923437303976e-01 3.8190906214321998e+01 27
1 0 1 1 2.7336628691780614e-02 1.9756843076914971e-02 1.0002439107876064e+00 6.4320091988231881e-02 3.4622053994696383e-01 3.8240906210611499e+01 27
1 0 1 1 2.7314316084509602e-02 1.9743491507636567e-02 1.0002454656729711e+00 6.4297546411628881e-02 3.4721145436042183e-01 3.8290906206908801e+01 27
1 0 1 1 2.7292066616403231e-02 1.9730183338386522e-02 1.0002470111387858e+00 6.4275148175590990e-02 3.4820197374134132e-01 3.8340906203182698e+01 27
1 0 1 1 2.7269880458453428e-02 1.9716918611737723e-02 1.0002485469312012e+00 6.4252896967185780e-02 3.4919209425689118e-01 3.8390906199464816e+01 27
1 0 1 1 2.7247757777989809e-02 1.9703697368670749e-02 1.0002500727982881e+00 6.4230792471860615e-02 3.5018181211119842e-01 3.8440906195739579e+01 27
1 0 1 1 2.7225698738683149e-02 1.9690519648574899e-02 1.0002515884901326e+00 6.4208834373422063e-02 3.5117112354622965e-01 3.8490906191988920e+01 27
1 0 1 1 2.7203703500550847e-02 1.9677385489247176e-02 1.0002530937589302e+00 6.4187022354026901e-02 3.5216002484274511e-01 3.8540906188243511e+01 27
1 0 1 1 2.7181772220020550e-02 1.9664294926926611e-02 1.0002545883590763e+00 6.4165356094230297e-02 3.5314851231857836e-01 3.8590906184498564e+01 27
1 0 1 1 2.7159905049944741e-02 1.9651247996299220e-02 1.0002560720472575e+00 6.4143835272979094e-02 3.5413658232892697e-01 3.8640906180730390e+01 27
1 0 1 1 2.7138102139596023e-02 1.9638244730490008e-02 1.0002575445825426e+00 6.4122459567594325e-02 3.5512423126754850e-01 3.8690906176960823e+01 27
1 0 1 1 2.7116363634725357e-02 1.9625285161096590e-02 1.0002590057264709e+00 6.4101228653810682e-02 3.5611145556544860e-01 3.8740906173192258e+01 27
1 0 1 1 2.7094689677584674e-02 1.9612369318196182e-02 1.0002604552431384e+00 6.4080142205780399e-02 3.5709825169062953e-01 3.8790906169398490e+01 27
1 0 1 1 2.7073080406916316e-02 1.9599497230336996e-02 1.0002618928992884e+00 6.4059199896050356e-02 3.5808461614978487e-01 3.8840906165613625e+01 27
1 0 1 1 2.7051535958029001e-02 1.9586668924580126e-02 1.0002633184643908e+00 6.4038401395616729e-02 3.5907054548590772e-01 3.8890906161813085e+01 27
1 0 1 1 2.7030056462778573e-02 1.9573884426483244e-02 1.0002647317107300e+00 6.4017746373894291e-02 3.6005603628022581e-01 3.8940906158015963e+01 27
1 0 1 1 2.7008642049626282e-02 1.9561143760131204e-02 1.0002661324134854e+00 6.3997234498754940e-02 3.6104108515046801e-01 3.8990906154200204e+01 27
1 0 1 1 2.6987292843633871e-02 1.9548446948130280e-02 1.0002675203508125e+00 6.3976865436504826e-02 3.6202568875209706e-01 3.9040906150367697e+01 27
1 0 1 1 2.6966008966485620e-02 1.9535794011617764e-02 1.0002688953039232e+00 6.3956638851899311e-02 3.6300984377879114e-01 3.9090906146573417e+01 27
1 0 1 1 2.6944790536587340e-02 1.9523184970315799e-02 1.0002702570571584e+00 6.3936554408212970e-02 3.6399354695828828e-01 3.9140906142717341e+01 27
1 0 1 1 2.6923637668953469e-02 1.9510619842460535e-02 1.0002716053980729e+00 6.3916611767122378e-02 3.6497679505898473e-01 3.9190906138883918e+01 27
1 0 1 1 2.6902550475354465e-02 1.9498098644887746e-02 1.0002729401175008e+00 6.3896810588834618e-02 3.6595958488440355e-01 3.9240906135064662e+01 27
1 0 1 1 2.6881529064315415e-02 1.9485621393025645e-02 1.0002742610096313e+00 6.3877150532062554e-02 3.6694191327364784e-01 3.9290906131185025e+01 27
1 0 1 1 2.6860573541048139e-02 1.9473188100852613e-02 1.0002755678720832e+00 6.3857631253956659e-02 3.6792377710621166e-01 3.9340906127353897e+01 27
1 0 1 1 2.6839684007625871e-02 1.9460798780995853e-02 1.0002768605059653e+00 6.3838252410249985e-02 3.6890517329448996e-01 3.9390906123486708e+01 27
1 0 1 1 2.6818860562874663e-02 1.9448453444664955e-02 1.0002781387159523e+00 6.3819013655145751e-02 3.6988609879022760e-01 3.9440906119637638e+01 27
1 0 1 1 2.6798102432541566e-02 1.9436146345851842e-02 1.0002794053229660e+00 6.3799914641410410e-02 3.7086658599301570e-01 3.9490907596751562e+01 27
1 0 1 1 2.6777412169622962e-02 1.9423882621400219e-02 1.0002806579557950e+00 6.3780956715320469e-02 3.7184651945466141e-01 3.9540905041163882e+01 27
1 0 1 1 2.6756786966089158e-02 1.9411662175414107e-02 1.0002818956981536e+00 6.3762136623499110e-02 3.7282603515988372e-01 3.9590905640205214e+01 27
1 0 1 1 2.6736228271042155e-02 1.9399485821414864e-02 1.0002831182858043e+00 6.3743455265051319e-02 3.7380506572873412e-01 3.9640906104935752e+01 27
1 0 1 1 2.6715736304064461e-02 1.9387353644372732e-02 1.0002843255332448e+00 6.3724912409496098e-02 3.7478360175455172e-01 3.9690906101061799e+01 27
1 0 1 1 2.6695310952451382e-02 1.9375265532995102e-02 1.0002855172783207e+00 6.3706507526813200e-02 3.7576164958132507e-01 3.9740906097187185e+01 27
1 0 1 1 2.6674952293464862e-02 1.9363221489000937e-02 1.0002866933513199e+00 6.3688240261302820e-02 3.7673920641113950e-01 3.9790906093306617e+01 27
1 0 1 1 2.6654660401360580e-02 1.9351221512798535e-02 1.0002878535865518e+00 6.3670110255859308e-02 3.7771626948197140e-01 3.9840906089420969e+01 27
1 0 1 1 2.6634435347413773e-02 1.9339265603499727e-02 1.0002889978223970e+00 6.3652117151982490e-02 3.7869283606775012e-01 3.9890906085544827e+01 27
1 0 1 1 2.6614277199960477e-02 1.9327353758939774e-02 1.0002901259013537e+00 6.3634260589801928e-02 3.7966890347717391e-01 3.9940906081652230e+01 27
1 0 1 1 2.6594186024384091e-02 1.9315485975665955e-02 1.0002912376700832e+00 6.3616540208057765e-02 3.8064446905568750e-01 3.9990906077784324e+01 27
1 0 1 1 2.6574161883194294e-02 1.9303662248978917e-02 1.0002923329794500e+00 6.3598955644158572e-02 3.8161953018235878e-01 4.0040906073896437e+01 27
1 0 1 1 2.6554204835989942e-02 1.9291882572909539e-02 1.0002934116845650e+00 6.3581506534138410e-02 3.8259408427299596e-01 4.0090906070023081e+01 28
1 0 1 1 2.6534314939534738e-02 1.9280146940257904e-02 1.0002944736448212e+00 6.3564192512712558e-02 3.8356812877726126e-01 4.0140906066137589e+01 28
1 0 1 1 2.6514492247737977e-02 1.9268455342579191e-02 1.0002955187239302e+00 6.3547013213253012e-02 3.8454166118085692e-01 4.0190906062270855e+01 28
1 0 1 1 2.6494736811718801e-02 1.9256807770217765e-02 1.0002965467899552e+00 6.3529968267835857e-02 3.8551467900328967e-01 4.0240906058404043e+01 28
1 0 1 1 2.6475048679804172e-02 1.9245204212300668e-02 1.0002975577153412e+00 6.3513057307227838e-02 3.8648717979893149e-01 4.0290906054530538e+01 28
1 0 1 1 2.6455427897547620e-02 1.9233644656747449e-02 1.0002985513769456e+00 6.3496279960896684e-02 3.8745916115731788e-01 4.0340906050677980e+01 28
1 0 1 1 2.6435874507786342e-02 1.9222129090298839e-02 1.0002995276560624e+00 6.3479635857049160e-02 3.8843062070121692e-01 4.0390906046816852e+01 28
1 0 1 1 2.6416388550623466e-02 1.9210657498501309e-02 1.0003004864384484e+00 6.3463124622609224e-02 3.8940155608847438e-01 4.0440906042964059e+01 28
1 0 1 1 2.6396970063477243e-02 1.9199229865735665e-02 1.0003014276143432e+00 6.3446745883252331e-02 3.9037196501090010e-01 4.0490906039131900e+01 28
1 0 1 1 2.6377619081114568e-02 1.9187846175229079e-02 1.0003023510784883e+00 6.3430499263424645e-02 3.9134184519318832e-01 4.0540906035282489e+01 28
1 0 1 1 2.6358335635626402e-02 1.9176506409039798e-02 1.0003032567301473e+00 6.3414384386318551e-02 3.9231119439560075e-01 4.0590906031473317e+01 28
1 0 1 1 2.6339119756528011e-02 1.9165210548110798e-02 1.0003041444731162e+00 6.3398400873945437e-02 3.9328001040966215e-01 4.0640906027644029e+01 28
1 0 1 1 2.6319971470698186e-02 1.9153958572232111e-02 1.0003050142157401e+00 6.3382548347081513e-02 3.9424829106248505e-01 4.0690906023847759e+01 28
1 0 1 1 2.6300890802477460e-02 1.9142750460092971e-02 1.0003058658709201e+00 6.3366826425341860e-02 3.9521603421272394e-01 4.0740906020051938e+01 28
1 0 1 1 2.6281877773646836e-02 1.9131586189265831e-02 1.0003066993561236e+00 6.3351234727152483e-02 3.9618323775244441e-01 4.0790906016243156e+01 28
1 0 1 1 2.6262927013023477e-02 1.9120465736206578e-02 1.0003075145933900e+00 6.3335772869758167e-02 3.9714989960854069e-01 4.0840906012510317e+01 28
1 0 1 1 2.6244038547330623e-02 1.9109389076327209e-02 1.0003083115093299e+00 6.3320440469315231e-02 3.9811601773642841e-01 4.0890906008727185e+01 28
1 0 1 1 2.6225217849088052e-02 1.9098356183913971e-02 1.0003090900351332e+00 6.3305237140779846e-02 3.9908159012842370e-01 4.0940906004994993e+01 28
1 0 1 1 2.6206464929772272e-02 1.9087367032216123e-02 1.0003098501065621e+00 6.3290162498034597e-02 4.0004661480598991e-01 4.0990906001252775e+01 28
1 0 1 1 2.6187779798391361e-02 1.9076421593404676e-02 1.0003105916639519e+00 6.3275216153826586e-02 4.0101108982495676e-01 4.1040905997554866e+01 28
1 0 1 1 2.6169162461582622e-02 1.9065519838623753e-02 1.0003113146522018e+00 6.3260397719841321e-02 4.0197501327115653e-01 4.1090905993856389e+01 28
1 0 1 1 2.6150612923577794e-02 1.9054661737966015e-02 1.0003120190207713e+00 6.3245706806668467e-02 4.0293838326320280e-01 4.1140905990167191e+01 28
1 0 1 1 2.6132131186241719e-02 1.9043847260493456e-02 1.0003127047236682e+00 6.3231143023833425e-02 4.0390119795192675e-01 4.1190905986532584e+01 28
1 0 1 1 2.6113717249144977e-02 1.9033076374274604e-02 1.0003133717194355e+00 6.3216705979845966e-02 4.0486345551715092e-01 4.1240905982876711e+01 28
1 0 1 1 2.6095371109495717e-02 1.9022349046341810e-02 1.0003140199711416e+00 6.3202395282145718e-02 4.0582515417256848e-01 4.1290905979266249e+01 28
1 0 1 1 2.6077092762250422e-02 1.9011665242752353e-02 1.0003146494463602e+00 6.3188210537185041e-02 4.0678629216089229e-01 4.1340905975669124e+01 28
1 0 1 1 2.6058882200085842e-02 1.9001024928569216e-02 1.0003152601171552e+00 6.3174151350403940e-02 4.0774686775638030e-01 4.1390905972096220e+01 28
1 0 1 1 2.6040739413440810e-02 1.8990428067880521e-02 1.0003158519600590e+00 6.3160217326261037e-02 4.0870687926370297e-01 4.1440905968554304e+01 28
1 0 1 1 2.6022664390546922e-02 1.8979874623813626e-02 1.0003164249560512e+00 6.3146408068251503e-02 4.0966632501706518e-01 4.1490905965011379e+01 28
1 0 1 1 2.6004657117407164e-02 1.8969364558521690e-02 1.0003169790905355e+00 6.3132723178895900e-02 4.1062520338293135e-01 4.1540905961549299e+01 28
1 0 1 1 2.5986717577923053e-02 1.8958897833251265e-02 1.0003175143533121e+00 6.3119162259824890e-02 4.1158351275368171e-01 4.1590905958044850e+01 28
1 0 1 1 2.5968845753763719e-02 1.8948474408265012e-02 1.0003180307385526e+00 6.3105724911686062e-02 4.1254125155607757e-01 4.1640905954622326e+01 28
1 0 1 1 2.5951041624544355e-02 1.8938094242939674e-02 1.0003185282447684e+00 6.3092410734275739e-02 4.1349841824246536e-01 4.1690905951207675e+01 28
1 0 1 1 2.5933305167749100e-02 1.8927757295719987e-02 1.0003190068747811e+00 6.3079219326475616e-02 4.1445501129601109e-01 4.1740905947811356e+01 28
1 0 1 1 2.5915636358775057e-02 1.8917463524139876e-02 1.0003194666356887e+00 6.3066150286291367e-02 4.1541102922947482e-01 4.1790905944477892e+01 28
1 0 1 1 2.5898035170997671e-02 1.8907212884856913e-02 1.0003199075388305e+00 6.3053203210897635e-02 4.1636647058262005e-01 4.1840905941162106e+01 28
1 0 1 1 2.5880501575745351e-02 1.8897005333633882e-02 1.0003203295997527e+00 6.3040377696615024e-02 4.1732133392443321e-01 4.1890905937856751e+01 29
1 0 1 1 2.5863035542317281e-02 1.8886840825346772e-02 1.0003207328381691e+00 6.3027673338929113e-02 4.1827561785345357e-01 4.1940905934622506e+01 29
1 0 1 1 2.5845637038066738e-02 1.8876719314029299e-02 1.0003211172779216e+00 6.3015089732548879e-02 4.1922932099420224e-01 4.1990905931413032e+01 29
1 0 1 1 2.5828306028369646e-02 1.8866640752850446e-02 1.0003214829469396e+00 6.3002626471381218e-02 4.2018244199960719e-01 4.2040905928214698e+01 29
1 0 1 1 2.5811042476637513e-02 1.8856605094120828e-02 1.0003218298771979e+00 6.2990283148546544e-02 4.2113497955180029e-01 4.2090905925100252e+01 29
1 0 1 1 2.5793846344413132e-02 1.8846612289342150e-02 1.0003221581046711e+00 6.2978059356446348e-02 4.2208693235759098e-01 4.2140905922005373e+01 29
1 0 1 1 2.5776717052596640e-02 1.8836659282403731e-02 1.0003224695148270e+00 6.2965954686725112e-02 4.2303832449689310e-01 4.2190907045431139e+01 29
1 0 1 1 2.5759655521407430e-02 1.8826745593194943e-02 1.0003227648168174e+00 6.2953969547089095e-02 4.2398909951871705e-01 4.2240906316503185e+01 29
1 0 1 1 2.5742661718044471e-02 1.8816874903301251e-02 1.0003230415224911e+00 6.2942103003930716e-02 4.2493926170903040e-01 4.2290904306091889e+01 29
1 0 1 1 2.5725733936873194e-02 1.8807046196964994e-02 1.0003232997082916e+00 6.2930353492934882e-02 4.2588890290511511e-01 4.2340905911341615e+01 29
1 0 1 1 2.5708873902770865e-02 1.8797260450854832e-02 1.0003235394005479e+00 6.2918721837729480e-02 4.2683792269936516e-01 4.2390905908461569e+01 29
1 0 1 1 2.5692081020781476e-02 1.8787517294663374e-02 1.0003237606660051e+00 6.2907207246911623e-02 4.2778635050874636e-01 4.2440905905602150e+01 29
1 0 1 1 2.5675355239680373e-02 1.8777816674102468e-02 1.0003239635664789e+00 6.2895809308215589e-02 4.2873418522546086e-01 4.2490905902839124e+01 29
1 0 1 1 2.5658696506565541e-02 1.8768158534159713e-02 1.0003241481674028e+00 6.2884527608794816e-02 4.2968142576324997e-01 4.2540905900046504e+01 29
1 0 1 1 2.5642104766730858e-02 1.8758542819025996e-02 1.0003243145377758e+00 6.2873361735146571e-02 4.3062807106623019e-01 4.2590905897374562e+01 29
1 0 1 1 2.5625579963860542e-02 1.8748969472200807e-02 1.0003244627501044e+00 6.2862311273241656e-02 4.3157412009834861e-01 4.2640905894708453e+01 29
1 0 1 1 2.5609122039899970e-02 1.8739438436418107e-02 1.0003245928803466e+00 6.2851375808446047e-02 4.3251957185218187e-01 4.2690905892144706e+01 29
1 0 1 1 2.5592730935209390e-02 1.8729949653729403e-02 1.0003247050078543e+00 6.2840554925617492e-02 4.3346442534060642e-01 4.2740905889564722e+01 29
1 0 1 1 2.5576406588432608e-02 1.8720503065427347e-02 1.0003247992153155e+00 6.2829848209034478e-02 4.3440867960604590e-01 4.2790905887137335e+01 29
1 0 1 1 2.5560148936721486e-02 1.8711098612169894e-02 1.0003248755886933e+00 6.2819255242533234e-02 4.3535233370758453e-01 4.2840905884650219e+01 29
1 0 1 1 2.5543957915502340e-02 1.8701736233844541e-02 1.0003249342171683e+00 6.2808775609372813e-02 4.3629538673641005e-01 4.2890905882341201e+01 29
1 0 1 1 2.5527833458781828e-02 1.8692415869740006e-02 1.0003249751930754e+00 6.2798408892424024e-02 4.3723783779812769e-01 4.2940905879974494e+01 29
1 0 1 1 2.5511775498882353e-02 1.8683137458392736e-02 1.0003249986118448e+00 6.2788154674013025e-02 4.3817968602987994e-01 4.2990905877761470e+01 29
1 0 1 1 2.5495783966707125e-02 1.8673900937736073e-02 1.0003250045719365e+00 6.2778012536094968e-02 4.3912093058566831e-01 4.3040905875596259e+01 29
1 0 1 1 2.5479858791628337e-02 1.8664706245031852e-02 1.0003249931747815e+00 6.2767982060180583e-02 4.4006157064346996e-01 4.3090905873446722e+01 29
1 0 1 1 2.5463999901501316e-02 1.8655553316877786e-02 1.0003249645247163e+00 6.2758062827353051e-02 4.4100160540581312e-01 4.3140905871397521e+01 29
1 0 1 1 2.5448207222760529e-02 1.8646442089257257e-02 1.0003249187289196e+00 6.2748254418332677e-02 4.4194103409473401e-01 4.3190905869397589e+01 29
1 0 1 1 2.5432480680364328e-02 1.8637372497507583e-02 1.0003248558973477e+00 6.2738556413453217e-02 4.4287985595649976e-01 4.3240905867523736e+01 29
1 0 1 1 2.5416820197912658e-02 1.8628344476383996e-02 1.0003247761426712e+00 6.2728968392730511e-02 4.4381807025514075e-01 4.3290905865649172e+01 29
1 0 1 1 2.5401225697538905e-02 1.8619357959992856e-02 1.0003246795802094e+00 6.2719489935801870e-02 4.4475567627969936e-01 4.3340905863844519e+01 29
1 0 1 1 2.5385697100000874e-02 1.8610412881844451e-02 1.0003245663278644e+00 6.2710120621995158e-02 4.4569267334033569e-01 4.3390905862183047e+01 30
1 0 1 1 2.5370234324751689e-02 1.8601509174888717e-02 1.0003244365060562e+00 6.2700860030372785e-02 4.4662906076461312e-01 4.3440905860556910e+01 30
1 0 1 1 2.5354837289870012e-02 1.8592646771473129e-02 1.0003242902376579e+00 6.2691707739687186e-02 4.4756483790252305e-01 4.3490905858956815e+01 30
1 0 1 1 2.5339503476765671e-02 1.8583825603345823e-02 1.0003241276479271e+00 6.2682663328405941e-02 4.4850000412713470e-01 4.3540905857522830e+01 30
1 0 1 1 2.5324227920722562e-02 1.8575045601737738e-02 1.0003239488644422e+00 6.2673726374797400e-02 4.4943455882675232e-01 4.3590905856136551e+01 30
1 0 1 1 2.5309017922576237e-02 1.8566306697300555e-02 1.0003237540170360e+00 6.2664896456873287e-02 4.5036850141135315e-01 4.3640905854779845e+01 30
1 0 1 1 2.5293873394755008e-02 1.8557608820114865e-02 1.0003235432377275e+00 6.2656173152411926e-02 4.5130183131316254e-01 4.3690905853578947e+01 30
1 0 1 1 2.5278794248516406e-02 1.8548951899761815e-02 1.0003233166606580e+00 6.2647556039035268e-02 4.5223454797920759e-01 4.3740905852419161e+01 30
1 0 1 1 2.5263780393835998e-02 1.8540335865258519e-02 1.0003230744220222e+00 6.2639044694155682e-02 4.5316665087941049e-01 4.3790905851391138e+01 30
1 0 1 1 2.5248831739546895e-02 1.8531760645132678e-02 1.0003228166600049e+00 6.2630638695051699e-02 4.5409813949821809e-01 4.3840905850356123e+01 30
1 0 1 1 2.5233948193198394e-02 1.8523226167341360e-02 1.0003225435147112e+00 6.2622337618805979e-02 4.5502901334501034e-01 4.3890905849517502e+01 30
1 0 1 1 2.5219129661277196e-02 1.8514732359395693e-02 1.0003222551281039e+00 6.2614141042431515e-02 4.5595927194098063e-01 4.3940905848729088e+01 30
1 0 1 1 2.5204376049067920e-02 1.8506279148276093e-02 1.0003219516439352e+00 6.2606048542797943e-02 4.5688891482854771e-01 4.3990905848014819e+01 30
1 0 1 1 2.5189687260721644e-02 1.8497866460471947e-02 1.0003216332076821e+00 6.2598059696677338e-02 4.5781794156813943e-01 4.4040905847407565e+01 30
1 0 1 1 2.5175063199280038e-02 1.8489494221990328e-02 1.0003212999664788e+00 6.2590174080768834e-02 4.5874635173760908e-01 4.4090905846933254e+01 30
1 0 1 1 2.5160503766724112e-02 1.8481162358384727e-02 1.0003209520690552e+00 6.2582391271722992e-02 4.5967414492993758e-01 4.4140905846496537e+01 30
1 0 1 1 2.5146008863901094e-02 1.8472870794707712e-02 1.0003205896656679e+00 6.2574710846114157e-02 4.6060132075864763e-01 4.4190905846188429e+01 30
1 0 1 1 2.5131578390625679e-02 1.8464619455568983e-02 1.0003202129080375e+00 6.2567132380504209e-02 4.6152787885253249e-01 4.4240905846013959e+01 30
1 0 1 1 2.5117212245686693e-02 1.8456408265136601e-02 1.0003198219492841e+00 6.2559655451449869e-02 4.6245381885605791e-01 4.4290905845925920e+01 30
1 0 1 1 2.5102910326838063e-02 1.8448237147126845e-02 1.0003194169438632e+00 6.2552279635500224e-02 4.6337914043022455e-01 4.4340905845885928e+01 30
1 0 1 1 2.5088672530771274e-02 1.8440106024791410e-02 1.0003189980475000e+00 6.2545004509199642e-02 4.6430384325621316e-01 4.4390905846071348e+01 30
1 0 1 1 2.5074498753289830e-02 1.8432014821010458e-02 1.0003185654171309e+00 6.2537829649177756e-02 4.6522792702418764e-01 4.4440905846285290e+01 30
1 0 1 1 2.5060388889143130e-02 1.8423963458196937e-02 1.0003181192108361e+00 6.2530754632069030e-02 4.6615139144498263e-01 4.4490905846599389e+01 30
1 0 1 1 2.5046342832118772e-02 1.8415951858348260e-02 1.0003176595877785e+00 6.2523779034575733e-02 4.6707423624539746e-01 4.4540905847112469e+01 30
1 0 1 1 2.5032360475128260e-02 1.8407979943092272e-02 1.0003171867081451e+00 6.2516902433511656e-02 4.6799646116306748e-01 4.4590905847684738e+01 30
1 0 1 1 2.5018441710098704e-02 1.8400047633622501e-02 1.0003167007330804e+00 6.2510124405755624e-02 4.6891806595434854e-01 4.4640905848377770e+01 30
1 0 1 1 2.5004586428052863e-02 1.8392154850744649e-02 1.0003162018246299e+00 6.2503444528303004e-02 4.6983905039035989e-01 4.4690905849250896e+01 31
1 0 1 1 2.4990794519168271e-02 1.8384301514904521e-02 1.0003156901456791e+00 6.2496862378295132e-02 4.7075941425325152e-01 4.4740905850172481e+01 31
1 0 1 1 2.4977065872673062e-02 1.8376487546129527e-02 1.0003151658598923e+00 6.2490377532980285e-02 4.7167915734434795e-01 4.4790905851272527e+01 31
1 0 1 1 2.4963400376983243e-02 1.8368712864103649e-02 1.0003146291316558e+00 6.2483989569786264e-02 4.7259827947571020e-01 4.4840905852497222e+01 31
1 0 1 1 2.4949797919649561e-02 1.8360977388136988e-02 1.0003140801260189e+00 6.2477698066302156e-02 4.7351678047468643e-01 4.4890905853866350e+01 31
1 0 1 1 2.4936257525353320e-02 1.8353277653952636e-02 1.0003135209006149e+00 6.2471502600305706e-02 4.7443471233077350e-01 4.4940908472131007e+01 31
1 0 1 1 2.4922781225063348e-02 1.8345614847187389e-02 1.0003129516679856e+00 6.2465403719919904e-02 4.7535192936322906e-01 4.4990905781783830e+01 31
1 0 1 1 2.4909367607978170e-02 1.8337991033079506e-02 1.0003123706158803e+00 6.2459400015762612e-02 4.7626852549650533e-01 4.5040903129270632e+01 31
1 0 1 1 2.4896015133500947e-02 1.8330405319987340e-02 1.0003117778471480e+00 6.2453490439466908e-02 4.7718459857573003e-01 4.5090905863784464e+01 31
1 0 1 1 2.4882725858344199e-02 1.8322858860133351e-02 1.0003111736244512e+00 6.2447675536898173e-02 4.7809999969158085e-01 4.5140905865834803e+01 31
1 0 1 1 2.4869498933879981e-02 1.8315351154924390e-02 1.0003105580833869e+00 6.2441954561494484e-02 4.7901477882936133e-01 4.5190905868030690e+01 31
1 0 1 1 2.4856334242126757e-02 1.8307882121056485e-02 1.0003099313919182e+00 6.2436327092494692e-02 4.7992893590888153e-01 4.5240905870462150e+01 31
1 0 1 1 2.4843231664425702e-02 1.8300451674941778e-02 1.0003092937182478e+00 6.2430792709440991e-02 4.8084247085827525e-01 4.5290905873004945e+01 31
1 0 1 1 2.4830191081362904e-02 1.8293059732665047e-02 1.0003086452307630e+00 6.2425350992147660e-02 4.8175538362015036e-01 4.5340905875665136e+01 31
1 0 1 1 2.4817212372792524e-02 1.8285706209995551e-02 1.0003079860979833e+00 6.2420001520724272e-02 4.8266767415108353e-01 4.5390905878563082e+01 31
1 0 1 1 2.4804295417913506e-02 1.8278391022429508e-02 1.0003073164885126e+00 6.2414743875620710e-02 4.8357934241710521e-01 4.5440905881697368e+01 31
1 0 1 1 2.4791440095300085e-02 1.8271114085202267e-02 1.0003066365709934e+00 6.2409577637631858e-02 4.8449038839158021e-01 4.5490905884839009e+01 31
1 0 1 1 2.4778646282723089e-02 1.8263875313190337e-02 1.0003059465140456e+00 6.2404502387844674e-02 4.8540081206933217e-01 4.5540905888315336e+01 31
1 0 1 1 2.4765913857429510e-02 1.8256674621064620e-02 1.0003052464862336e+00 6.2399517707757340e-02 4.8631061344725457e-01 4.5590905891958876e+01 31
1 0 1 1 2.4753242696003461e-02 1.8249511923211090e-02 1.0003045366560119e+00 6.2394623179220260e-02 4.8721979253467851e-01 4.5640905895683979e+01 31
1 0 1 1 2.4740632674316320e-02 1.8242387133702229e-02 1.0003038171916743e+00 6.2389818384437384e-02 4.8812834935815314e-01 4.5690905899761560e+01 31
1 0 1 1 2.4728083667743796e-02 1.8235300166416536e-02 1.0003030882613198e+00 6.2385102906053785e-02 4.8903628394634907e-01 4.5740905903999561e+01 31
1 0 1 1 2.4715595551018998e-02 1.8228250934955954e-02 1.0003023500328008e+00 6.2380476327098644e-02 4.8994359634125767e-01 4.5790905908365858e+01 31
1 0 1 1 2.4703168198228313e-02 1.8221239352640011e-02 1.0003016026736768e+00 6.2375938231001959e-02 4.9085028659930885e-01 4.5840905913063686e+01 31
1 0 1 1 2.4690801482967678e-02 1.8214265332594629e-02 1.0003008463511811e+00 6.2371488201656250e-02 4.9175635478086960e-01 4.5890905917960282e+01 31
1 0 1 1 2.4682023083987897e-02 1.8209316935370947e-02 1.0003003018431778e+00 6.2368369627246165e-02 4.9240184624985012e-01 4.5926547344891659e+01 31
1 0 1 1 2.4681140053866967e-02 1.8208819264548814e-02 1.0003002467191564e+00 6.2368057785398029e-02 4.9246688479455469e-01 4.5930139478145577e+01 42
