isScalarized | massIncreased | isMonotoneInside | isMonotoneOutside | mass_Baryon | mass_ADM | AST(radius) | radius  |  phi_c | rho_c | ctr |
1 1 1 1 3.3499530451565819e-02 2.4866330292963784e-02 1.0000000172040970e+00 8.3587199999995213e-02 3.6259105487248195e-03 1.9470662647707421e+01 40
1 1 1 1 3.3495985173760054e-02 2.4864112412995291e-02 1.0000000536845663e+00 8.3580533333328544e-02 6.4025038798647873e-03 1.9462974031480300e+01 25
1 1 1 1 3.3492439100794101e-02 2.4861894105730344e-02 1.0000000901828097e+00 8.3573866666661875e-02 8.2948922127425613e-03 1.9455299405086290e+01 25
1 1 1 1 3.3488892226408676e-02 2.4859675368256673e-02 1.0000001266989114e+00 8.3567199999995206e-02 9.8278565421526763e-03 1.9447638766957301e+01 26
1 1 1 1 3.3485344544365546e-02 2.4857456197672604e-02 1.0000001632329552e+00 8.3560533333328538e-02 1.1150633740669382e-02 1.9439992115354613e+01 26
1 1 1 1 3.3461964396153343e-02 2.4842833157104262e-02 1.0000004042435329e+00 8.3516636992378324e-02 1.7500384978567273e-02 1.9389992198990548e+01 28
1 1 1 1 3.3438258239665161e-02 2.4828009727582690e-02 1.0000006490457334e+00 8.3472199407052083e-02 2.2114121464688139e-02 1.9339992581966243e+01 28
1 1 1 1 3.3414212450368221e-02 2.4812977810712018e-02 1.0000008978016790e+00 8.3427201079669389e-02 2.5936018890283585e-02 1.9289993331350043e+01 25
1 1 1 1 3.3389812643198208e-02 2.4797728855804786e-02 1.0000011506824074e+00 8.3381621431110997e-02 2.9278344561022181e-02 1.9239994317613345e+01 20
1 1 1 1 3.3365043690265876e-02 2.4782253872671040e-02 1.0000014078677637e+00 8.3335438859961974e-02 3.2290851373930930e-02 1.9189995351403752e+01 16
1 1 1 1 3.3339889799034093e-02 2.4766543482245180e-02 1.0000016695456639e+00 8.3288630915077433e-02 3.5059126654290070e-02 1.9139996435617480e+01 14
1 1 1 1 3.3314334369894449e-02 2.4750587829500431e-02 1.0000019359136483e+00 8.3241174058378054e-02 3.7637552815758889e-02 1.9089997573369320e+01 13
1 1 1 1 3.3288359941209753e-02 2.4734376551219732e-02 1.0000022071795369e+00 8.3193043594132238e-02 4.0063250028657973e-02 1.9039998768000185e+01 12
1 1 1 1 3.3261948129732002e-02 2.4717898741065020e-02 1.0000024835621413e+00 8.3144213592499405e-02 4.2362908079117349e-02 1.8990000023127006e+01 12
1 1 1 1 3.3235079565868221e-02 2.4701142911628355e-02 1.0000027652920351e+00 8.3094656806684264e-02 4.4556493358980154e-02 1.8940001342622512e+01 12
1 1 1 1 3.3207733823350932e-02 2.4684096953224165e-02 1.0000030526123918e+00 8.3044344583207114e-02 4.6659418296641851e-02 1.8890002730697237e+01 12
1 1 1 1 3.3179889342623323e-02 2.4666748089002568e-02 1.0000033457798951e+00 8.2993246764403922e-02 4.8683887543797315e-02 1.8840004191887452e+01 12
1 1 1 1 3.3151523347346744e-02 2.4649082826048982e-02 1.0000036450657313e+00 8.2941331582510935e-02 5.0639773356267348e-02 1.8790005731107993e+01 12
1 1 1 1 3.3122611753244158e-02 2.4631086902004818e-02 1.0000039507566698e+00 8.2888565544358611e-02 5.2535207098195195e-02 1.8740007353677687e+01 12
1 1 1 1 3.3093129068461048e-02 2.4612745226740833e-02 1.0000042631562436e+00 8.2834913305722291e-02 5.4376991964282438e-02 1.8690009065374973e+01 12
1 1 1 1 3.3063048284457053e-02 2.4594041818499009e-02 1.0000045825860397e+00 8.2780337534152870e-02 5.6170898932893898e-02 1.8640010872472423e+01 12
1 1 1 1 3.3032340756381597e-02 2.4574959733899292e-02 1.0000049093871106e+00 8.2724798759058249e-02 5.7921884053484897e-02 1.8590012781798485e+01 12
1 1 1 1 3.3000976071675743e-02 2.4555480991072624e-02 1.0000052439215248e+00 8.2668255207557384e-02 5.9634251312650641e-02 1.8540014800785837e+01 12
1 1 1 1 3.2968921905540099e-02 2.4535586485137029e-02 1.0000055865740651e+00 8.2610662624513831e-02 6.1311776971872747e-02 1.8490016937534776e+01 12
1 1 1 1 3.2936143861675628e-02 2.4515255895080253e-02 1.0000059377541000e+00 8.2551974074900836e-02 6.2957806074761341e-02 1.8440019200918588e+01 12
1 1 1 1 3.2902605296424171e-02 2.4494467580955401e-02 1.0000062978976438e+00 8.2492139726287605e-02 6.4575328499189677e-02 1.8390021600610226e+01 12
1 1 1 1 3.2868267124367676e-02 2.4473198470279938e-02 1.0000066674696284e+00 8.2431106609250265e-02 6.6167039733573033e-02 1.8340024147235205e+01 12
1 1 1 1 3.2833087602846048e-02 2.4451423932125356e-02 1.0000070469664162e+00 8.2368818352728912e-02 6.7735390102376891e-02 1.8290026852446161e+01 12
1 1 1 1 3.2797022092769551e-02 2.4429117637402468e-02 1.0000074369185825e+00 8.2305214891335160e-02 6.9282625149294702e-02 1.8240029729045595e+01 12
1 1 1 1 3.2760022792525795e-02 2.4406251403460099e-02 1.0000078378939996e+00 8.2240232140962322e-02 7.0810819190106414e-02 1.8190032791138968e+01 12
1 1 1 1 3.2722038441314931e-02 2.4382795020868913e-02 1.0000082505012686e+00 8.2173801638485866e-02 7.2321903550902275e-02 1.8140036054285165e+01 12
1 1 1 1 3.2683013987683494e-02 2.4358716059928332e-02 1.0000086753935371e+00 8.2105850140778092e-02 7.3817690648714379e-02 1.8090039535676642e+01 12
1 1 1 1 3.2642890218319738e-02 2.4333979654023886e-02 1.0000091132727629e+00 8.2036299177454974e-02 7.5299894813733656e-02 1.8040043254349541e+01 12
1 1 1 1 3.2601603341352890e-02 2.4308548256483958e-02 1.0000095648944805e+00 8.1965064550867717e-02 7.6770150562582212e-02 1.7990047231427820e+01 12
1 1 1 1 3.2559084517387538e-02 2.4282381366999051e-02 1.0000100310731432e+00 8.1892055775767109e-02 7.8230028892898387e-02 1.7940051490391035e+01 12
1 1 1 1 3.2515259330367162e-02 2.4255435222996703e-02 1.0000105126881256e+00 8.1817175449842378e-02 7.9681052065395871e-02 1.7890056057399836e+01 12
1 1 1 1 3.2470047188907003e-02 2.4227662450541872e-02 1.0000110106904812e+00 8.1740318544738400e-02 8.1124707265602211e-02 1.7840060961668254e+01 12
1 1 1 1 3.2423360647011679e-02 2.4199011668293836e-02 1.0000115261105718e+00 8.1661371605345812e-02 8.2562459483202372e-02 1.7790066235881604e+01 12
1 1 1 1 3.2375091646579625e-02 2.4169427036920307e-02 1.0000120600667008e+00 8.1580211843001960e-02 8.3995763907845453e-02 1.7740071916723227e+01 12
1 1 1 1 3.2325146961500198e-02 2.4138847744771586e-02 1.0000126137749104e+00 8.1496706105383954e-02 8.5426078121229737e-02 1.7690078045427413e+01 12
1 1 1 1 3.2273415380028113e-02 2.4107207418989796e-02 1.0000131885601280e+00 8.1410709702913697e-02 8.6854874347441546e-02 1.7640084668504823e+01 12
1 1 1 1 3.2219773065468194e-02 2.4074433448790435e-02 1.0000137858688889e+00 8.1322065067136906e-02 8.8283652030858278e-02 1.7590091838526980e+01 12
1 1 1 1 3.2164084154926616e-02 2.4040446205131023e-02 1.0000144072838932e+00 8.1230600212018500e-02 8.9713951014531806e-02 1.7540099615103582e+01 12
1 1 1 1 3.2106199207873269e-02 2.4005158137387166e-02 1.0000150545407216e+00 8.1136126962790822e-02 9.1147365619500778e-02 1.7490108065997344e+01 12
1 1 1 1 3.2045953402903546e-02 2.3968472723569383e-02 1.0000157295470862e+00 8.1038438909789734e-02 9.2585559954999022e-02 1.7440117268501414e+01 12
1 1 1 1 3.1983164432908731e-02 2.3930283245101720e-02 1.0000164344050753e+00 8.0937309035138988e-02 9.4030284844018069e-02 1.7390127311028984e+01 12
1 1 1 1 3.1917630037453286e-02 2.3890471350577702e-02 1.0000171714369477e+00 8.0832486948829357e-02 9.5483396810402729e-02 1.7340138295058683e+01 12
1 1 1 1 3.1849125096236525e-02 2.3848905364207536e-02 1.0000179432151470e+00 8.0723695655847305e-02 9.6946879666943389e-02 1.7290150337452499e+01 12
1 1 1 1 3.1777398188691713e-02 2.3805438283722020e-02 1.0000187525973550e+00 8.0610627757614239e-02 9.8422869359586995e-02 1.7240163573251330e+01 12
1 1 1 1 3.1702167500403861e-02 2.3759905398307454e-02 1.0000196027675829e+00 8.0492940967367810e-02 9.9913682877281557e-02 1.7190178159085484e+01 12
1 1 1 1 3.1623115925279506e-02 2.3712121438653241e-02 1.0000204972845237e+00 8.0370252788671381e-02 1.0142185224307163e-01 1.7140194277283044e+01 12
1 1 1 1 3.1539885171134034e-02 2.3661877147167214e-02 1.0000214401386707e+00 8.0242134167363449e-02 1.0295016486829500e-01 1.7090212140893666e+01 12
1 1 1 1 3.1452068621661264e-02 2.3608935124519951e-02 1.0000224358200505e+00 8.0108101876346371e-02 1.0450171191021418e-01 1.7040231999864609e+01 12
1 1 1 1 3.1359202634939430e-02 2.3553024766250989e-02 1.0000234893988551e+00 7.9967609325920952e-02 1.0607994675628137e-01 1.6990254148543936e+01 12
1 1 1 1 3.1260755861379705e-02 2.3493836046435727e-02 1.0000246066217779e+00 7.9820035405270551e-02 1.0768875639914766e-01 1.6940278934966297e+01 12
1 1 1 1 3.1156116031506548e-02 2.3431011828075086e-02 1.0000257940275088e+00 7.9664670843939106e-02 1.0933254935652624e-01 1.6890306772229128e+01 12
1 1 1 1 3.1044573483370620e-02 2.3364138274429173e-02 1.0000270590856100e+00 7.9500701427211135e-02 1.1101636500393811e-01 1.6840338152463335e+01 12
1 1 1 1 3.0925299816162769e-02 2.3292727603425673e-02 1.0000284104314716e+00 7.9327187190457338e-02 1.1274602018789309e-01 1.6790373396957495e+01 12
1 1 1 1 3.0797321402004960e-02 2.3216186615405216e-02 1.0000298582998461e+00 7.9143039242226543e-02 1.1452828535824808e-01 1.6740412660390128e+01 12
1 1 1 1 3.0659500309015382e-02 2.3133880104624322e-02 1.0000314136429020e+00 7.8946993617725614e-02 1.1637091025272461e-01 1.6690461317226244e+01 12
1 1 1 1 3.0510443549599409e-02 2.3044995726497035e-02 1.0000330899631249e+00 7.8737518286130265e-02 1.1828354888572308e-01 1.6640512760420737e+01 13
1 1 1 1 3.0348515185055984e-02 2.2948580081452782e-02 1.0000349025461308e+00 7.8512853019842482e-02 1.2027721769234964e-01 1.6590573416451051e+01 13
1 1 1 1 3.0171706693360088e-02 2.2843462332850069e-02 1.0000368694767177e+00 7.8270864250285399e-02 1.2236552189903291e-01 1.6540643451002023e+01 13
1 1 1 1 2.9977557779763742e-02 2.2728208234917009e-02 1.0000390118469817e+00 7.8008987575538341e-02 1.2456505273134764e-01 1.6490724580036122e+01 13
1 1 1 1 2.9762965080786814e-02 2.2601037592179078e-02 1.0000413542739748e+00 7.7724106739136545e-02 1.2689638126310615e-01 1.6440818775970545e+01 12
1 1 1 1 2.9524077874933049e-02 2.2459713694320850e-02 1.0000439253099560e+00 7.7412402110743239e-02 1.2938538003814440e-01 1.6390928202369430e+01 12
1 1 1 1 2.9256071773012499e-02 2.2301389131754577e-02 1.0000467575853269e+00 7.7069152811633512e-02 1.3206510630321089e-01 1.6341054994678927e+01 12
1 1 1 1 2.8952650669980391e-02 2.2122386223485301e-02 1.0000498872720471e+00 7.6688481490141347e-02 1.3497854369109308e-01 1.6291200667400425e+01 11
1 1 1 1 2.8605559895350734e-02 2.1917767743803763e-02 1.0000533546845032e+00 7.6263036804192885e-02 1.3818283278317928e-01 1.6241362559472062e+01 12
1 1 1 1 2.8203940516913526e-02 2.1681280551914456e-02 1.0000571892468584e+00 7.5783689551505051e-02 1.4175453277627556e-01 1.6191544918415559e+01 15
1 1 1 1 2.7732766100505599e-02 2.1404249556175384e-02 1.0000614038438518e+00 7.5238951420549621e-02 1.4580174795422454e-01 1.6141718969594216e+01 17
1 1 1 1 2.7172351318604390e-02 2.1074884705438054e-02 1.0000659570325328e+00 7.4615348065493359e-02 1.5047717578863409e-01 1.6091850148462363e+01 20
1 1 1 1 2.6825009988170410e-02 2.0870744856025750e-02 1.0000684923957792e+00 7.4242271325165893e-02 1.5332597337610307e-01 1.6064986978575170e+01 20
1 1 1 1 2.6469010083644291e-02 2.0661646751471845e-02 1.0000708326059531e+00 7.3871059968540057e-02 1.5622212294968998e-01 1.6040069042784761e+01 20
1 1 1 1 2.6103298872286386e-02 2.0446788750886225e-02 1.0000729414634584e+00 7.3501704668697362e-02 1.5918799333195624e-01 1.6016775644683172e+01 21
1 1 1 1 2.5726190582570158e-02 2.0225085858134421e-02 1.0000747753984156e+00 7.3134196145353880e-02 1.6225139448957321e-01 1.5994807092092886e+01 22
1 1 1 1 2.5335137831231508e-02 1.9995250728907229e-02 1.0000762719920817e+00 7.2768525164627104e-02 1.6544853854389369e-01 1.5973872504329288e+01 23
1 1 1 1 2.4926827869415531e-02 1.9755121333314841e-02 1.0000773573536488e+00 7.2404682538803972e-02 1.6883063287450628e-01 1.5953664061483607e+01 24
1 1 1 1 2.4495795519499559e-02 1.9501551687738962e-02 1.0000779198839442e+00 7.2042659126109951e-02 1.7247494423010948e-01 1.5933824737145279e+01 25
1 1 1 1 2.4032815850745830e-02 1.9229150178353374e-02 1.0000777857213925e+00 7.1682445830479405e-02 1.7651158802367078e-01 1.5913868416340067e+01 28
1 1 1 1 2.0962387627024990e-02 1.7464588316571487e-02 1.0000416691391505e+00 7.1324033601327011e-02 2.2026141822758366e-01 1.5776983375254570e+01 32
