isScalarized | massIncreased | isMonotoneInside | isMonotoneOutside | mass_Baryon | mass_ADM | AST(radius) | radius  |  phi_c | rho_c | ctr |
1 1 1 1 3.3922231726563355e-02 2.5776678143213560e-02 1.0000000000011309e+00 9.1033059999999999e-02 9.5462023078983634e-04 1.5545566282869846e+01 10
1 1 1 1 3.3929485411556805e-02 2.5779675074089847e-02 1.0000000000017937e+00 9.1023059999999989e-02 1.1923531754311743e-03 1.5551877416271772e+01 10
1 1 1 1 3.3936724077113331e-02 2.5782662429862484e-02 1.0000000000024818e+00 9.1013059999999993e-02 1.3909846351917636e-03 1.5558194382773028e+01 10
1 1 1 1 3.3943947761200396e-02 2.5785640236325388e-02 1.0000000000031954e+00 9.1003059999999997e-02 1.5654855338999921e-03 1.5564516919665440e+01 10
1 1 1 1 3.3951156501024461e-02 2.5788608518860126e-02 1.0000000000039353e+00 9.0993060000000001e-02 1.7232160070039095e-03 1.5570844778348901e+01 10
1 1 1 1 3.3958350333086099e-02 2.5791567302457047e-02 1.0000000000047018e+00 9.0983059999999991e-02 1.8684403767834559e-03 1.5577177723335071e+01 10
1 0 1 1 3.3965529293204122e-02 2.5794516611735999e-02 1.0000000000054954e+00 9.0973059999999994e-02 2.0038906227641587e-03 1.5583515531321655e+01 10
1 1 1 1 3.4014556032968657e-02 2.5814567560712355e-02 1.0000000000117384e+00 9.0904209254498269e-02 2.7765577290211631e-03 1.5627267951854876e+01 29
1 1 1 1 3.4090656402081587e-02 2.5845371488281463e-02 1.0000000000247327e+00 9.0795358508996546e-02 3.7236329840882871e-03 1.5696757712931374e+01 35
1 1 1 1 3.4165005525409631e-02 2.5875101170436579e-02 1.0000000000422713e+00 9.0686507763494822e-02 4.5219133923772980e-03 1.5766507685280036e+01 35
1 1 1 1 3.4237581945111034e-02 2.5903780981089287e-02 1.0000000000652818e+00 9.0577657017993099e-02 5.2436174373161797e-03 1.5836416901682854e+01 36
1 1 1 1 3.4308525682360057e-02 2.5931433362554528e-02 1.0000000000948230e+00 9.0468806272491376e-02 5.9199718062317884e-03 1.5906416303710575e+01 36
1 1 1 1 3.4377864230867090e-02 2.5958079225779845e-02 1.0000000001320990e+00 9.0359955526989652e-02 6.5677584090354721e-03 1.5976456730702980e+01 36
1 1 1 1 3.4445626722570857e-02 2.5983711361284998e-02 1.0000000001784790e+00 9.0251104781487929e-02 7.1972159134805419e-03 1.6046505748488446e+01 36
1 1 1 1 3.4511842357935994e-02 2.6008305781547010e-02 1.0000000002355183e+00 9.0142254035986205e-02 7.8151233650957334e-03 1.6116542075552665e+01 36
1 1 1 1 3.4576523912805808e-02 2.6031948616803101e-02 1.0000000003049341e+00 9.0033403290484482e-02 8.4260977152971414e-03 1.6186536010616496e+01 36
1 1 1 1 3.4639692513349953e-02 2.6054656775895937e-02 1.0000000003886635e+00 8.9924552544982758e-02 9.0335603864186171e-03 1.6256471825855396e+01 37
1 1 1 1 3.4701368232123171e-02 2.6076446450629572e-02 1.0000000004888705e+00 8.9815701799481035e-02 9.6400818516919479e-03 1.6326337430704747e+01 37
1 1 1 1 3.4761442679156068e-02 2.6097333194348211e-02 1.0000000006079648e+00 8.9706851053979311e-02 1.0247640608345486e-02 1.6396123558530721e+01 37
1 1 1 1 3.4820041458846124e-02 2.6117331988466386e-02 1.0000000007486223e+00 8.9598000308477588e-02 1.0857788128137870e-02 1.6465823178190959e+01 37
1 1 1 1 3.4877201497015425e-02 2.6136457299339604e-02 1.0000000009138077e+00 8.9489149562975864e-02 1.1471758515822271e-02 1.6535431057338101e+01 37
1 1 1 1 3.4932939931423157e-02 2.6154723127111996e-02 1.0000000011067978e+00 8.9380298817474141e-02 1.2090544117130266e-02 1.6604943430689612e+01 37
1 1 1 1 3.4987273977974478e-02 2.6172137113866754e-02 1.0000000013312151e+00 8.9271448071972417e-02 1.2714956078818226e-02 1.6674358489233892e+01 37
1 1 1 1 3.5040226992468837e-02 2.6188641246647604e-02 1.0000000015911745e+00 8.9162597326470694e-02 1.3345732330474940e-02 1.6743683628485332e+01 37
1 1 1 1 3.5091806389856144e-02 2.6204324990233195e-02 1.0000000018909512e+00 8.9053746580968970e-02 1.3983323470895448e-02 1.6812908484586792e+01 37
1 1 1 1 3.5142027457743960e-02 2.6219200900204864e-02 1.0000000022353432e+00 8.8944895835467247e-02 1.4628169889666939e-02 1.6882033050143662e+01 37
1 1 1 1 3.5190905135787390e-02 2.6233281223722087e-02 1.0000000026295999e+00 8.8836045089965524e-02 1.5280633082779707e-02 1.6951057914980378e+01 36
1 1 1 1 3.5238454047314113e-02 2.6246577919113633e-02 1.0000000030794549e+00 8.8727194344463800e-02 1.5941009626211436e-02 1.7019984173381751e+01 36
1 1 1 1 3.5284588906545226e-02 2.6259102672612694e-02 1.0000000035911598e+00 8.8618343598962077e-02 1.6609542393084702e-02 1.7088813346020537e+01 36
1 1 1 1 3.5329398017168438e-02 2.6270866912680945e-02 1.0000000041715196e+00 8.8509492853460353e-02 1.7286429655834087e-02 1.7157547313876439e+01 36
1 1 1 1 3.5372920173282911e-02 2.6281881822276192e-02 1.0000000048279307e+00 8.8400642107958630e-02 1.7971832537295937e-02 1.7226188262128520e+01 36
1 1 1 1 3.5415169031538588e-02 2.6292158349409928e-02 1.0000000055684204e+00 8.8291791362456906e-02 1.8665881152755810e-02 1.7294738632395866e+01 36
1 1 1 1 3.5456158023845136e-02 2.6301707216263407e-02 1.0000000064016881e+00 8.8182940616955183e-02 1.9368679701104549e-02 1.7363201082068716e+01 36
1 1 1 1 3.5495900367394362e-02 2.6310538927138152e-02 1.0000000073371482e+00 8.8074089871453459e-02 2.0080310703058300e-02 1.7431578449661728e+01 36
1 1 1 1 3.5534414012977716e-02 2.6318595441889702e-02 1.0000000083856075e+00 8.7965239125951736e-02 2.0800923714193582e-02 1.7499881743461657e+01 36
1 1 1 1 3.5571706606080125e-02 2.6325954061956747e-02 1.0000000095576025e+00 8.7856388380450012e-02 2.1530486346871786e-02 1.7568106180115922e+01 36
1 1 1 1 3.5607790689480986e-02 2.6332625718047238e-02 1.0000000108649969e+00 8.7747537634948289e-02 2.2269033863825363e-02 1.7636254860454709e+01 36
1 1 1 1 3.5642678691671176e-02 2.6338620145233849e-02 1.0000000123205770e+00 8.7638686889446565e-02 2.3016592164315224e-02 1.7704331090235950e+01 36
1 1 1 1 3.5676382856311945e-02 2.6343946888131069e-02 1.0000000139380976e+00 8.7529836143944842e-02 2.3773178318197179e-02 1.7772338247372232e+01 36
1 1 1 1 3.5708915245705394e-02 2.6348615305211574e-02 1.0000000157323394e+00 8.7420985398443118e-02 2.4538802055718838e-02 1.7840279769014348e+01 36
1 1 1 1 3.5740239019706327e-02 2.6352634572837590e-02 1.0000000177191695e+00 8.7312134652941395e-02 2.5313467027035005e-02 1.7908159140668712e+01 36
1 1 1 1 3.5770361975496372e-02 2.6356013689087916e-02 1.0000000199156023e+00 8.7203283907439672e-02 2.6097171868602487e-02 1.7975979887026313e+01 36
1 1 1 1 3.5799348386010420e-02 2.6358761477395319e-02 1.0000000223398671e+00 8.7094433161937948e-02 2.6889911107856369e-02 1.8043745564270605e+01 36
1 1 1 1 3.5827209670796702e-02 2.6360886590046619e-02 1.0000000250114733e+00 8.6985582416436225e-02 2.7691675931800823e-02 1.8111459753617055e+01 36
1 1 1 1 3.5853957079381535e-02 2.6362397511543997e-02 1.0000000279512835e+00 8.6876731670934501e-02 2.8502454841412429e-02 1.8179126055920161e+01 36
1 1 1 1 3.5879601693366243e-02 2.6363302561876432e-02 1.0000000311815866e+00 8.6767880925432778e-02 2.9322234209708219e-02 1.8246748087170594e+01 36
1 1 1 1 3.5904154428455959e-02 2.6363609899688882e-02 1.0000000347261742e+00 8.6659030179931054e-02 3.0150998758806797e-02 1.8314329474768687e+01 36
1 0 1 1 3.5927626375926329e-02 2.6363319820741925e-02 1.0000000386107386e+00 8.6550179434429331e-02 3.0988742536507491e-02 1.8381874701615104e+01 35
1 0 1 1 3.5950029742939711e-02 2.6362400853790456e-02 1.0000000428642237e+00 8.6441328688927607e-02 3.1835503000008529e-02 1.8449391731522947e+01 35
1 0 1 1 3.5971372794935598e-02 2.6360907896791089e-02 1.0000000475137361e+00 8.6332477943425884e-02 3.2691198095942786e-02 1.8516879019194665e+01 35
1 0 1 1 3.5991665805803534e-02 2.6358848520327213e-02 1.0000000525899837e+00 8.6223627197924160e-02 3.3555809438422617e-02 1.8584340209831833e+01 35
1 0 1 1 3.6010918893314495e-02 2.6356230147697446e-02 1.0000000581256188e+00 8.6114776452422437e-02 3.4429318533443325e-02 1.8651778949474476e+01 35
1 0 1 1 3.6029142020983194e-02 2.6353060057709318e-02 1.0000000641553357e+00 8.6005925706920713e-02 3.5311706972570314e-02 1.8719198883984106e+01 35
1 0 1 1 3.6046344999923319e-02 2.6349345387419322e-02 1.0000000707159717e+00 8.5897074961418990e-02 3.6202956600671694e-02 1.8786603658281582e+01 35
1 0 1 1 3.6062537490697974e-02 2.6345093134830414e-02 1.0000000778466140e+00 8.5788224215917266e-02 3.7103049661330705e-02 1.8853996915798223e+01 35
1 0 1 1 3.6077729005166800e-02 2.6340310161526749e-02 1.0000000855887088e+00 8.5679373470415543e-02 3.8011968923337310e-02 1.8921382298129856e+01 35
1 0 1 1 3.6091877272822565e-02 2.6335003195271756e-02 1.0000000939861748e+00 8.5570522724913820e-02 3.8929697790609452e-02 1.8988763444843478e+01 34
1 0 1 1 3.6105018425545296e-02 2.6329178832539903e-02 1.0000001030855223e+00 8.5461671979412096e-02 3.9856220398101230e-02 1.9056143993437349e+01 34
1 0 1 1 3.6117186769009033e-02 2.6322843541017226e-02 1.0000001129359752e+00 8.5352821233910373e-02 4.0791521695392782e-02 1.9123527579417200e+01 34
1 0 1 1 3.6128391272783493e-02 2.6316003662039449e-02 1.0000001235895981e+00 8.5243970488408649e-02 4.1735587519936487e-02 1.9190917836496904e+01 34
1 0 1 1 3.6138640765846546e-02 2.6308665412996580e-02 1.0000001351014287e+00 8.5135119742906926e-02 4.2688404661014062e-02 1.9258318396882615e+01 34
1 0 1 1 3.6147943938398326e-02 2.6300834889672432e-02 1.0000001475296136e+00 8.5026268997405202e-02 4.3649960915943989e-02 1.9325732891652834e+01 34
1 0 1 1 3.6156309343666600e-02 2.6292518068555100e-02 1.0000001609355507e+00 8.4917418251903479e-02 4.4620245139342103e-02 1.9393164951205605e+01 34
1 0 1 1 3.6163745399698972e-02 2.6283720809085843e-02 1.0000001753840349e+00 8.4808567506401755e-02 4.5599247286649741e-02 1.9460618205786783e+01 34
1 0 1 1 3.6170260391139471e-02 2.6274448855876483e-02 1.0000001909434111e+00 8.4699716760900032e-02 4.6586958452378188e-02 1.9528096286067161e+01 34
1 0 1 1 3.6175862470983040e-02 2.6264707840863464e-02 1.0000002076857304e+00 8.4590866015398308e-02 4.7583370904021413e-02 1.9595602823781771e+01 33
1 0 1 1 3.6180560002649312e-02 2.6254476281377150e-02 1.0000002256933820e+00 8.4482015269896585e-02 4.8588520176882338e-02 1.9663144265551978e+01 33
1 0 1 1 3.6184360591109223e-02 2.6243774963585709e-02 1.0000002450439953e+00 8.4373164524394861e-02 4.9602377937136240e-02 1.9730722651545822e+01 33
1 0 1 1 3.6187271838494156e-02 2.6232621219520143e-02 1.0000002658192439e+00 8.4264313778893138e-02 5.0624921556153349e-02 1.9798340369647029e+01 33
1 0 1 1 3.6189301391287766e-02 2.6221020265773221e-02 1.0000002881078518e+00 8.4155463033391414e-02 5.1656148222494182e-02 1.9866001062044614e+01 33
1 0 1 1 3.6190456772884398e-02 2.6208977215907592e-02 1.0000003120031316e+00 8.4046612287889691e-02 5.2696056419523442e-02 1.9933708375879473e+01 33
1 0 1 1 3.6190745385221157e-02 2.6196497082353654e-02 1.0000003376031801e+00 8.3937761542387967e-02 5.3744645943149025e-02 2.0001465964131867e+01 33
1 0 1 1 3.6190174510389923e-02 2.6183584778280637e-02 1.0000003650110769e+00 8.3828910796886244e-02 5.4801917917888930e-02 2.0069277486528307e+01 33
1 0 1 1 3.6188751312218562e-02 2.6170245119405106e-02 1.0000003943350917e+00 8.3720060051384521e-02 5.5867874811821323e-02 2.0137146610487569e+01 33
1 0 1 1 3.6186482837834162e-02 2.6156482825776924e-02 1.0000004256888964e+00 8.3611209305882797e-02 5.6942520450366838e-02 2.0205077012085919e+01 32
1 0 1 1 3.6183376019196307e-02 2.6142302523506123e-02 1.0000004591917877e+00 8.3502358560381074e-02 5.8025860029414990e-02 2.0273072377061936e+01 32
1 0 1 1 3.6179437674608454e-02 2.6127708746465330e-02 1.0000004949689130e+00 8.3393507814879350e-02 5.9117900127610430e-02 2.0341136401836071e+01 32
1 0 1 1 3.6174674510194689e-02 2.6112705937931441e-02 1.0000005331515072e+00 8.3284657069377627e-02 6.0218648718252776e-02 2.0409272794564441e+01 32
1 0 1 1 3.6169075217405935e-02 2.6097298452206884e-02 1.0000005738771351e+00 8.3175806323875903e-02 6.1328115180705918e-02 2.0477485276209780e+01 32
1 0 1 1 3.6162633182530685e-02 2.6081490556183230e-02 1.0000006172899421e+00 8.3066955578374180e-02 6.2446310311739840e-02 2.0545777581649006e+01 32
1 0 1 1 3.6155386524657059e-02 2.6065286430881521e-02 1.0000006635409135e+00 8.2958104832872456e-02 6.3573246336574796e-02 2.0614153460794594e+01 32
1 0 1 1 3.6147341531161281e-02 2.6048690172941733e-02 1.0000007127881425e+00 8.2849254087370733e-02 6.4708936919990551e-02 2.0682616679746875e+01 32
1 0 1 1 3.6138504383568595e-02 2.6031705796073772e-02 1.0000007651971050e+00 8.2740403341869009e-02 6.5853397177506601e-02 2.0751171021971416e+01 32
1 0 1 1 3.6128881158877628e-02 2.6014337232482601e-02 1.0000008209409454e+00 8.2631552596367286e-02 6.7006643686627815e-02 2.0819820289495787e+01 31
1 0 1 1 3.6118477830848213e-02 2.5996588334238988e-02 1.0000008802007698e+00 8.2522701850865562e-02 6.8168694498499188e-02 2.0888568304143007e+01 31
1 0 1 1 3.6107300271266997e-02 2.5978462874631639e-02 1.0000009431659498e+00 8.2413851105363839e-02 6.9339569149697286e-02 2.0957418908779985e+01 31
1 0 1 1 3.6095354251170671e-02 2.5959964549462023e-02 1.0000010100344339e+00 8.2305000359862115e-02 7.0519288674516969e-02 2.1026375968600384e+01 31
1 0 1 1 3.6082645442049137e-02 2.5941096978324304e-02 1.0000010810130717e+00 8.2196149614360392e-02 7.1707875617578104e-02 2.1095443372426811e+01 31
1 0 1 1 3.6069179417010142e-02 2.5921863705830210e-02 1.0000011563179454e+00 8.2087298868858669e-02 7.2905354047121410e-02 2.1164625034052872e+01 31
1 0 1 1 3.6054961651919751e-02 2.5902268202818209e-02 1.0000012361747128e+00 8.1978448123356945e-02 7.4111749568679372e-02 2.1233924893602531e+01 31
1 0 1 1 3.6039997526499779e-02 2.5882313867506539e-02 1.0000013208189611e+00 8.1869597377855222e-02 7.5327089339474046e-02 2.1303346918926778e+01 31
1 0 1 1 3.6024292325405681e-02 2.5862004026633401e-02 1.0000014104965718e+00 8.1760746632353498e-02 7.6551402083376699e-02 2.1372895107024455e+01 31
1 0 1 1 3.6007851239262097e-02 2.5841341936543635e-02 1.0000015054640958e+00 8.1651895886851775e-02 7.7784718106738385e-02 2.1442573485504781e+01 30
1 0 1 1 3.5990679365676841e-02 2.5820330784261214e-02 1.0000016059891415e+00 8.1543045141350051e-02 7.9027069314833470e-02 2.1512386114073696e+01 30
1 0 1 1 3.5972781710207374e-02 2.5798973688508507e-02 1.0000017123507730e+00 8.1434194395848328e-02 8.0278489229175257e-02 2.1582337086058814e+01 30
1 0 1 1 3.5954162815894412e-02 2.5777257176279315e-02 1.0000018248728659e+00 8.1325343650346604e-02 8.1539043506264883e-02 2.1652432215515280e+01 30
1 0 1 1 3.5934827765453418e-02 2.5755197514504006e-02 1.0000019438369878e+00 8.1216492904844881e-02 8.2808744932660744e-02 2.1722674320528235e+01 30
1 0 1 1 3.5914781375257193e-02 2.5732801340398265e-02 1.0000020695524188e+00 8.1107642159343157e-02 8.4087625162754809e-02 2.1793067226308828e+01 30
1 0 1 1 3.5894028293846247e-02 2.5710071512956394e-02 1.0000022023485629e+00 8.0998791413841434e-02 8.5375724349724194e-02 2.1863615176195847e+01 30
1 0 1 1 3.5872573082081444e-02 2.5687010827269950e-02 1.0000023425684741e+00 8.0889940668339710e-02 8.6673084363565675e-02 2.1934322455348283e+01 30
1 0 1 1 3.5850420213913228e-02 2.5663622015360883e-02 1.0000024905693332e+00 8.0781089922837987e-02 8.7979748814315292e-02 2.2005193392512837e+01 30
1 0 1 1 3.5827574077128069e-02 2.5639907747004351e-02 1.0000026467229404e+00 8.0672239177336263e-02 8.9295763076235532e-02 2.2076232361827277e+01 29
1 0 1 1 3.5804038974047950e-02 2.5615870630498166e-02 1.0000028114162207e+00 8.0563388431834540e-02 9.0621174313292197e-02 2.2147443784678792e+01 29
1 0 1 1 3.5779819122208276e-02 2.5591513213424420e-02 1.0000029850517462e+00 8.0454537686332817e-02 9.1956031505748340e-02 2.2218832131605254e+01 29
1 0 1 1 3.5754918654988858e-02 2.5566837983359590e-02 1.0000031680482731e+00 8.0345686940831093e-02 9.3300385478189335e-02 2.2290401924258028e+01 29
1 0 1 1 3.5729341622222521e-02 2.5541847368575257e-02 1.0000033608412944e+00 8.0236836195329370e-02 9.4654288928735952e-02 2.2362157737410683e+01 29
1 0 1 1 3.5703091990753361e-02 2.5516543738686503e-02 1.0000035638836100e+00 8.0127985449827646e-02 9.6017796459715352e-02 2.2434104201029818e+01 29
1 0 1 1 3.5676173644973129e-02 2.5490929405291286e-02 1.0000037776459123e+00 8.0019134704325923e-02 9.7390964609692141e-02 2.2506246002400424e+01 29
1 0 1 1 3.5648590387314348e-02 2.5465006622567756e-02 1.0000040026173911e+00 7.9910283958824199e-02 9.8773851887135972e-02 2.2578587888321728e+01 29
1 0 1 1 3.5620345938702475e-02 2.5438777587838583e-02 1.0000042393063535e+00 7.9801433213322476e-02 1.0016651880549307e-01 2.2651134667360296e+01 29
1 0 1 1 3.5591443938984099e-02 2.5412244442122423e-02 1.0000044882408652e+00 7.9692582467820752e-02 1.0156902791995961e-01 2.2723891212175197e+01 28
1 0 1 1 3.5561887947300697e-02 2.5385409270632521e-02 1.0000047499694078e+00 7.9583731722319029e-02 1.0298144386592274e-01 2.2796862461914891e+01 28
1 0 1 1 3.5531681442440163e-02 2.5358274103268671e-02 1.0000050250615584e+00 7.9474880976817305e-02 1.0440383339909153e-01 2.2870053424684642e+01 28
1 0 1 1 3.5500827823134788e-02 2.5330840915057409e-02 1.0000053141086849e+00 7.9366030231315582e-02 1.0583626543758502e-01 2.2943469180100475e+01 28
1 0 1 1 3.5469330408334943e-02 2.5303111626584017e-02 1.0000056177246666e+00 7.9257179485813858e-02 1.0727881110578823e-01 2.3017114881917326e+01 28
1 0 1 1 3.5437192437425165e-02 2.5275088104371728e-02 1.0000059365466309e+00 7.9148328740312135e-02 1.0873154378023626e-01 2.3090995760747084e+01 28
1 0 1 1 3.5404417070417415e-02 2.5246772161253105e-02 1.0000062712357158e+00 7.9039477994810411e-02 1.1019453913752122e-01 2.3165117126863862e+01 28
1 0 1 1 3.5371007388085629e-02 2.5218165556689359e-02 1.0000066224778503e+00 7.8930627249308688e-02 1.1166787520443688e-01 2.3239484373109562e+01 28
1 0 1 1 3.5336966392074287e-02 2.5189269997080699e-02 1.0000069909845610e+00 7.8821776503806965e-02 1.1315163241025947e-01 2.3314102977892226e+01 28
1 0 1 1 3.5302297004945478e-02 2.5160087136022618e-02 1.0000073774937996e+00 7.8712925758305241e-02 1.1464589364140763e-01 2.3388978508291906e+01 28
1 0 1 1 3.5267002070199775e-02 2.5130618574553940e-02 1.0000077827707945e+00 7.8604075012803518e-02 1.1615074429849472e-01 2.3464116623272112e+01 27
1 0 1 1 3.5231084352234598e-02 2.5100865861350345e-02 1.0000082076089278e+00 7.8495224267301794e-02 1.1766627235603648e-01 2.3539523077012745e+01 27
1 0 1 1 3.5194546536271569e-02 2.5070830492909795e-02 1.0000086528306362e+00 7.8386373521800071e-02 1.1919256842466314e-01 2.3615203722353986e+01 27
1 0 1 1 3.5157391228220196e-02 2.5040513913678515e-02 1.0000091192883376e+00 7.8277522776298347e-02 1.2072972581625005e-01 2.3691164514375316e+01 27
1 0 1 1 3.5119620954508247e-02 2.5009917516170554e-02 1.0000096078653844e+00 7.8168672030796624e-02 1.2227784061181239e-01 2.3767411514098331e+01 27
1 0 1 1 3.5081238161845572e-02 2.4979042641029046e-02 1.0000101194770428e+00 7.8059821285294900e-02 1.2383701173258782e-01 2.3843950892337961e+01 27
1 0 1 1 3.5042245216951907e-02 2.4947890577076009e-02 1.0000106550715007e+00 7.7950970539793177e-02 1.2540734101419007e-01 2.3920788933693260e+01 27
1 0 1 1 3.5002638943225590e-02 2.4916462561303445e-02 1.0000112156309018e+00 7.7842119794291453e-02 1.2698893328413280e-01 2.3997932040695680e+01 27
1 0 1 1 3.4962424975704391e-02 2.4884759778851833e-02 1.0000118021724100e+00 7.7733269048789730e-02 1.2858189644281354e-01 2.4075386738116435e+01 27
1 0 1 1 3.4921608156738289e-02 2.4852783362929200e-02 1.0000124157493024e+00 7.7624418303288006e-02 1.3018634154823006e-01 2.4153159677449395e+01 27
1 0 1 1 3.4880190525159969e-02 2.4820534394714416e-02 1.0000130574520913e+00 7.7515567557786283e-02 1.3180238290448687e-01 2.4231257641569719e+01 27
1 0 1 1 3.4838174037310772e-02 2.4788013903198961e-02 1.0000137284096771e+00 7.7406716812284559e-02 1.3343013815431812e-01 2.4309687549582375e+01 27
1 0 1 1 3.4795560566424154e-02 2.4755222865011747e-02 1.0000144297905325e+00 7.7297866066782836e-02 1.3506972837585013e-01 2.4388456461868817e+01 26
1 0 1 1 3.4752351901923981e-02 2.4722162204179960e-02 1.0000151628039171e+00 7.7189015321281113e-02 1.3672127818387270e-01 2.4467571585348146e+01 26
1 0 1 1 3.4708549748672816e-02 2.4688832791870136e-02 1.0000159287011245e+00 7.7080164575779389e-02 1.3838491583573392e-01 2.4547040278955713e+01 26
1 0 1 1 3.4664155726130248e-02 2.4655235446062112e-02 1.0000167287767612e+00 7.6971313830277666e-02 1.4006077334214970e-01 2.4626870059356690e+01 26
1 0 1 1 3.4619171367453558e-02 2.4621370931199420e-02 1.0000175643700577e+00 7.6862463084775942e-02 1.4174898658319715e-01 2.4707068606905160e+01 26
1 0 1 1 3.4573598118510310e-02 2.4587239957778537e-02 1.0000184368662135e+00 7.6753612339274219e-02 1.4344969542985833e-01 2.4787643771869135e+01 26
1 0 1 1 3.4527437336809436e-02 2.4552843181888395e-02 1.0000193476977743e+00 7.6644761593772495e-02 1.4516304387116152e-01 2.4868603580923665e+01 26
1 0 1 1 3.4480690290358884e-02 2.4518181204714461e-02 1.0000202983460431e+00 7.6535910848270772e-02 1.4688918014753954e-01 2.4949956243941131e+01 26
1 0 1 1 3.4433358156418230e-02 2.4483254571967799e-02 1.0000212903425243e+00 7.6427060102769048e-02 1.4862825689048120e-01 2.5031710161085790e+01 26
1 0 1 1 3.4385442020176842e-02 2.4448063773282340e-02 1.0000223252704010e+00 7.6318209357267325e-02 1.5038043126899728e-01 2.5113873930235098e+01 26
1 0 1 1 3.4336942873316442e-02 2.4412609241531862e-02 1.0000234047660457e+00 7.6209358611765601e-02 1.5214586514325065e-01 2.5196456354748605e+01 26
1 0 1 1 3.4287861612490769e-02 2.4376891352109804e-02 1.0000245305205644e+00 7.6100507866263878e-02 1.5392472522573017e-01 2.5279466451600253e+01 25
1 0 1 1 3.4238199037678309e-02 2.4340910422123538e-02 1.0000257042813716e+00 7.5991657120762154e-02 1.5571718325035919e-01 2.5362913459897069e+01 25
1 0 1 1 3.4187955850443472e-02 2.4304666709545411e-02 1.0000269278537983e+00 7.5882806375260431e-02 1.5752341615015017e-01 2.5446806849811193e+01 25
1 0 1 1 3.4137132652058463e-02 2.4268160412272470e-02 1.0000282031027310e+00 7.5773955629758707e-02 1.5934360624380467e-01 2.5531156331948743e+01 25
1 0 1 1 3.4085729941520225e-02 2.4231391667136500e-02 1.0000295319542796e+00 7.5665104884256984e-02 1.6117794143183040e-01 2.5615971867180718e+01 25
1 0 1 1 3.4033748113416917e-02 2.4194360548814704e-02 1.0000309163974739e+00 7.5556254138755261e-02 1.6302661540269375e-01 2.5701263676965635e+01 25
1 0 1 1 3.3981187455674092e-02 2.4157067068683480e-02 1.0000323584859878e+00 7.5447403393253537e-02 1.6488982784974282e-01 2.5787042254196702e+01 25
1 0 1 1 3.3928048147134973e-02 2.4119511173564128e-02 1.0000338603398879e+00 7.5338552647751814e-02 1.6676778469951703e-01 2.5873318374608260e+01 25
1 0 1 1 3.3874330255004172e-02 2.4081692744404463e-02 1.0000354241474039e+00 7.5229701902250090e-02 1.6866069835211023e-01 2.5960103108771008e+01 25
1 0 1 1 3.3820033424195407e-02 2.4043611594838765e-02 1.0000370521667192e+00 7.5120851156748367e-02 1.7056878793446556e-01 2.6047407834724542e+01 25
1 0 1 1 3.3765150206890672e-02 2.4005267469675254e-02 1.0000387467277780e+00 7.5012000411246643e-02 1.7249227956734242e-01 2.6135244251279353e+01 25
1 0 1 1 3.3709687388914868e-02 2.3966660043252840e-02 1.0000405102341050e+00 7.4903149665744920e-02 1.7443140664692586e-01 2.6223624392041589e+01 24
1 0 1 1 3.3653644570638623e-02 2.3927788917708779e-02 1.0000423451646325e+00 7.4794298920243196e-02 1.7638641014206771e-01 2.6312560640205973e+01 24
1 0 1 1 3.3597021225420319e-02 2.3888653621104674e-02 1.0000442540755314e+00 7.4685448174741473e-02 1.7835753890805794e-01 2.6402065744166453e+01 24
1 0 1 1 3.3539816695892143e-02 2.3849253605448355e-02 1.0000462396020391e+00 7.4576597429239749e-02 1.8034505001830400e-01 2.6492152834008820e+01 24
1 0 1 1 3.3482030189989825e-02 2.3809588244558696e-02 1.0000483044602766e+00 7.4467746683738026e-02 1.8234920911493924e-01 2.6582835438941462e+01 24
1 0 1 1 3.3423660776749214e-02 2.3769656831808521e-02 1.0000504514490507e+00 7.4358895938236302e-02 1.8437029077990016e-01 2.6674127505736735e+01 24
1 0 1 1 3.3364707381810979e-02 2.3729458577692524e-02 1.0000526834516272e+00 7.4250045192734579e-02 1.8640857892763246e-01 2.6766043418246529e+01 24
1 0 1 1 3.3305168782656040e-02 2.3688992607253500e-02 1.0000550034374707e+00 7.4141194447232855e-02 1.8846436722133486e-01 2.6858598018082350e+01 24
1 0 1 1 3.3245043603510827e-02 2.3648257957310789e-02 1.0000574144639347e+00 7.4032343701731132e-02 1.9053795951420510e-01 2.6951806626538943e+01 24
1 0 1 1 3.3184330309939322e-02 2.3607253573523636e-02 1.0000599196778936e+00 7.3923492956229409e-02 1.9262967031772832e-01 2.7045685067858884e+01 24
1 0 1 1 3.3123027203059492e-02 2.3565978307231165e-02 1.0000625223172974e+00 7.3814642210727685e-02 1.9473982529878550e-01 2.7140249693933239e+01 24
1 0 1 1 3.3061132413393764e-02 2.3524430912096848e-02 1.0000652257126372e+00 7.3705791465225962e-02 1.9686876180818802e-01 2.7235517410563258e+01 23
1 0 1 1 3.2998643894296263e-02 2.3482610040507421e-02 1.0000680332883003e+00 7.3596940719724238e-02 1.9901682944261107e-01 2.7331505705388103e+01 23
1 0 1 1 3.2935559414934451e-02 2.3440514239721582e-02 1.0000709485637940e+00 7.3488089974222515e-02 2.0118439064291366e-01 2.7428232677625978e+01 23
1 0 1 1 3.2871876552805546e-02 2.3398141947763264e-02 1.0000739751548156e+00 7.3379239228720791e-02 2.0337182133166104e-01 2.7525717069769552e+01 23
1 0 1 1 3.2807592685717792e-02 2.3355491489004242e-02 1.0000771167741422e+00 7.3270388483219068e-02 2.0557951159279009e-01 2.7623978301388650e+01 23
1 0 1 1 3.2742704983232451e-02 2.3312561069454302e-02 1.0000803772323097e+00 7.3161537737717344e-02 2.0780786639730947e-01 2.7723036505229857e+01 23
1 0 1 1 3.2677210397482309e-02 2.3269348771690367e-02 1.0000837604380461e+00 7.3052686992215621e-02 2.1005730637847425e-01 2.7822912565793160e+01 23
1 0 1 1 3.2611105653353872e-02 2.3225852549439818e-02 1.0000872703984265e+00 7.2943836246713897e-02 2.1232826866097251e-01 2.7923628160608132e+01 23
1 0 1 1 3.2544387237941654e-02 2.3182070221742953e-02 1.0000909112187015e+00 7.2834985501212174e-02 2.1462120774843116e-01 2.8025205804433728e+01 23
1 0 1 1 3.2477051389247745e-02 2.3137999466704189e-02 1.0000946871017558e+00 7.2726134755710450e-02 2.1693659647474378e-01 2.8127668896652356e+01 22
1 0 1 1 3.2409094084023440e-02 2.3093637814750465e-02 1.0000986023471423e+00 7.2617284010208727e-02 2.1927492702452195e-01 2.8231041772132986e+01 22
1 0 1 1 3.2340511024713900e-02 2.3048982641397632e-02 1.0001026613496327e+00 7.2508433264707003e-02 2.2163671202931498e-01 2.8335349755891702e+01 22
1 0 1 1 3.2271297625386518e-02 2.3004031159436240e-02 1.0001068685972168e+00 7.2399582519205280e-02 2.2402248574609734e-01 2.8440619221885807e+01 22
1 0 1 1 3.2201448996586043e-02 2.2958780410525795e-02 1.0001112286684779e+00 7.2290731773703557e-02 2.2643280532630569e-01 2.8546877656351587e+01 22
1 0 1 1 3.2130959928977576e-02 2.2913227256101888e-02 1.0001157462292591e+00 7.2181881028201833e-02 2.2886825218338905e-01 2.8654153726096453e+01 22
1 0 1 1 3.2059824875696960e-02 2.2867368367565019e-02 1.0001204260285261e+00 7.2073030282700110e-02 2.3132943346923512e-01 2.8762477352260984e+01 22
1 0 1 1 3.1988037933249037e-02 2.2821200215649932e-02 1.0001252728933236e+00 7.1964179537198386e-02 2.3381698366922632e-01 2.8871879790052748e+01 22
1 0 1 1 3.1915592820840298e-02 2.2774719058927112e-02 1.0001302917227060e+00 7.1855328791696663e-02 2.3633156632880953e-01 2.8982393715094087e+01 22
1 0 1 1 3.1842481951700058e-02 2.2727911848099747e-02 1.0001354892192380e+00 7.1746478046194939e-02 2.3887390597053321e-01 2.9094054467497642e+01 21
1 0 1 1 3.1768698416118853e-02 2.2680776496314819e-02 1.0001408702161263e+00 7.1637627300693216e-02 2.4144472344367221e-01 2.9206897580831274e+01 21
1 0 1 1 3.1694235332269109e-02 2.2633315337319871e-02 1.0001464385589178e+00 7.1528776555191492e-02 2.4404475899274450e-01 2.9320959723566009e+01 21
1 0 1 1 3.1619084666823852e-02 2.2585523652816471e-02 1.0001521993707845e+00 7.1419925809689769e-02 2.4667481275146105e-01 2.9436280270348124e+01 21
1 0 1 1 3.1543237875800233e-02 2.2537396438073617e-02 1.0001581577971053e+00 7.1311075064188045e-02 2.4933572503896970e-01 2.9552900573518663e+01 21
1 0 1 1 3.1466685870245981e-02 2.2488928382799245e-02 1.0001643189898939e+00 7.1202224318686322e-02 2.5202837922092647e-01 2.9670864106643631e+01 21
1 0 1 1 3.1389418978676607e-02 2.2440113850185888e-02 1.0001706880898700e+00 7.1093373573184598e-02 2.5475370483953397e-01 2.9790216621621354e+01 21
1 0 1 1 3.1311426905916755e-02 2.2390946853958597e-02 1.0001772702058902e+00 7.0984522827682875e-02 2.5751268104490083e-01 2.9911006320993398e+01 21
1 0 1 1 3.1232698687884176e-02 2.2341421033148370e-02 1.0001840703914042e+00 7.0875672082181151e-02 2.6030634036295708e-01 3.0033284047252447e+01 20
1 0 1 1 3.1153222641856038e-02 2.2291529624354413e-02 1.0001910936175791e+00 7.0766821336679428e-02 2.6313577284186129e-01 3.0157103491258944e+01 20
1 0 1 1 3.1072986311629941e-02 2.2241265431153144e-02 1.0001983447426754e+00 7.0657970591177705e-02 2.6600213062353978e-01 3.0282521422134767e+01 20
1 0 1 1 3.0991976406942241e-02 2.2190620790306270e-02 1.0002058284772182e+00 7.0549119845675981e-02 2.6890663299494894e-01 3.0409597941393031e+01 20
1 0 1 1 3.0910178736405908e-02 2.2139587534364579e-02 1.0002135493444471e+00 7.0440269100174258e-02 2.7185057198208701e-01 3.0538396764488994e+01 20
1 0 1 1 3.0827578133083452e-02 2.2088156950161603e-02 1.0002215116354658e+00 7.0331418354672534e-02 2.7483531855857057e-01 3.0668985533435382e+01 20
1 0 1 1 3.0744158371722195e-02 2.2036319732676710e-02 1.0002297193584384e+00 7.0222567609170811e-02 2.7786232955391882e-01 3.0801436164778504e+01 20
1 0 1 1 3.0659873560530935e-02 2.1984065933588374e-02 1.0002381761810992e+00 7.0113716863669087e-02 2.8093315535866031e-01 3.0935825237861597e+01 19
1 0 1 1 3.0574727545730401e-02 2.1931384903798957e-02 1.0002468853657513e+00 7.0004866118167364e-02 2.8404944854203373e-01 3.1072234429220146e+01 19
1 0 1 1 3.0488706291028879e-02 2.1878265229015981e-02 1.0002558496958189e+00 6.9896015372665640e-02 2.8721297351579872e-01 3.1210750999877980e+01 19
1 0 1 1 3.0401788313036037e-02 2.1824694657387882e-02 1.0002650713929022e+00 6.9787164627163917e-02 2.9042561740372258e-01 3.1351468343605013e+01 19
1 0 1 1 3.0313950482553861e-02 2.1770660017936847e-02 1.0002745520231366e+00 6.9678313881662193e-02 2.9368940230320656e-01 3.1494486605585006e+01 19
1 0 1 1 3.0225167858886067e-02 2.1716147128372606e-02 1.0002842923915052e+00 6.9569463136160470e-02 2.9700649916288885e-01 3.1639913382806235e+01 19
1 0 1 1 3.0135413501831531e-02 2.1661140690527124e-02 1.0002942924225562e+00 6.9460612390658746e-02 3.0037924354090567e-01 3.1787864519582961e+01 19
1 0 1 1 3.0044658257637077e-02 2.1605624171375116e-02 1.0003045510257622e+00 6.9351761645157023e-02 3.0381015356381286e-01 3.1938465014387972e+01 18
1 0 1 1 2.9952870514383639e-02 2.1549579667125118e-02 1.0003150659434972e+00 6.9242910899655299e-02 3.0730195046901138e-01 3.2091850057387688e+01 18
1 0 1 1 2.9860015921371136e-02 2.1492987747403085e-02 1.0003258335792973e+00 6.9134060154153576e-02 3.1085758219779436e-01 3.2248166222308065e+01 18
1 0 1 1 2.9766055607719048e-02 2.1435814925410097e-02 1.0003368556909003e+00 6.9025209408651853e-02 3.1448029641664399e-01 3.2407574219398875e+01 18
1 0 1 1 2.9670948375037948e-02 2.1378035154818977e-02 1.0003481279984621e+00 6.8916358663150129e-02 3.1817359072320878e-01 3.2570247953163545e+01 18
1 0 1 1 2.9574651320413155e-02 2.1319638564319801e-02 1.0003596334779339e+00 6.8807507917648406e-02 3.2194121708743378e-01 3.2736375543248364e+01 18
1 0 1 1 2.9477115353111906e-02 2.1260597524965518e-02 1.0003713610194283e+00 6.8698657172146682e-02 3.2578734960184069e-01 3.2906165234796646e+01 18
1 0 1 1 2.9378286407416642e-02 2.1200881641702134e-02 1.0003832969050688e+00 6.8589806426644959e-02 3.2971657790726505e-01 3.3079846203134636e+01 17
1 0 1 1 2.9278104737636524e-02 2.1140457363307098e-02 1.0003954244412936e+00 6.8480955681143235e-02 3.3373396697464458e-01 3.3257671577473545e+01 17
1 0 1 1 2.9176504079940973e-02 2.1079287518932160e-02 1.0004077235381079e+00 6.8372104935641512e-02 3.3784512830538332e-01 3.3439922042891347e+01 17
1 0 1 1 2.9073410649100250e-02 2.1017330763730323e-02 1.0004201702257798e+00 6.8263254190139788e-02 3.4205630531795933e-01 3.3626910160896287e+01 17
1 0 1 1 2.8968712732684771e-02 2.0954540910806611e-02 1.0004327360970915e+00 6.8154403444638065e-02 3.4637447651092151e-01 3.3818985590663218e+01 17
1 0 1 1 2.8862324742952406e-02 2.0890866119731816e-02 1.0004453876600896e+00 6.8045552699136341e-02 3.5080748112000654e-01 3.4016541450259751e+01 17
1 0 1 1 2.8754164067182827e-02 2.0826247902101885e-02 1.0004580855819536e+00 6.7936701953634618e-02 3.5536417353389771e-01 3.4220022135791972e+01 17
1 0 1 1 2.8644111750319015e-02 2.0760619891107047e-02 1.0004707837986591e+00 6.7827851208132894e-02 3.6005461490681295e-01 3.4429933026819072e+01 17
1 0 1 1 2.8532031805221691e-02 2.0693906302786873e-02 1.0004834284567483e+00 6.7719000462631171e-02 3.6489031348653200e-01 3.4646852663017704e+01 17
1 0 1 1 2.8417767675633629e-02 2.0626019988877649e-02 1.0004959566415870e+00 6.7610149717129447e-02 3.6988452964471014e-01 3.4871448204254001e+01 17
1 0 1 1 2.8301135855725645e-02 2.0556844411266591e-02 1.0005083093765248e+00 6.7501298971627724e-02 3.7505272093177527e-01 3.5104496344764343e+01 18
1 0 1 1 2.8181922672419271e-02 2.0486252364083100e-02 1.0005204108031840e+00 6.7392448226126000e-02 3.8041297433557297e-01 3.5346907464819594e+01 18
1 0 1 1 2.8059879572404269e-02 2.0414128833760391e-02 1.0005321376866647e+00 6.7283597480624277e-02 3.8598660100648730e-01 3.5599758877244398e+01 18
1 0 1 1 2.7934705671189386e-02 2.0340307061561997e-02 1.0005433709718901e+00 6.7174746735122554e-02 3.9179925315561004e-01 3.5864345319813523e+01 18
1 0 1 1 2.7806036149175088e-02 2.0264585083693380e-02 1.0005539694688181e+00 6.7065895989620830e-02 3.9788210984006628e-01 3.6142241748163158e+01 18
1 0 1 1 2.7673382883097421e-02 2.0186714435597410e-02 1.0005637643400083e+00 6.6957045244119107e-02 4.0427367947869641e-01 3.6435394933403963e+01 19
1 0 1 1 2.7536185377458888e-02 2.0106383706374287e-02 1.0005725513993258e+00 6.6848194498617383e-02 4.1102243261328902e-01 3.6746257321777954e+01 19
1 0 1 1 2.7393754840929777e-02 2.0023193736052096e-02 1.0005800799315172e+00 6.6739343753115660e-02 4.1819078541830634e-01 3.7077989685901514e+01 19
1 0 1 1 2.7245136717969982e-02 1.9936618576318798e-02 1.0005860356986129e+00 6.6630493007613936e-02 4.2586139015798413e-01 3.7434781325466084e+01 19
1 0 1 1 2.7089022217136407e-02 1.9845896552255531e-02 1.0005900641519825e+00 6.6521642262112213e-02 4.3414774883254603e-01 3.7822385223097974e+01 20
1 0 1 1 2.6923551789976952e-02 1.9750029325309764e-02 1.0005915934601177e+00 6.6412791516610489e-02 4.4321250431330689e-01 3.8249064311210063e+01 20
1 0 1 1 2.6745898181925510e-02 1.9647478681218775e-02 1.0005898344790713e+00 6.6303940771108766e-02 4.5330402202210901e-01 3.8727447451370217e+01 21
1 0 1 1 2.6551267572185618e-02 1.9535669506272640e-02 1.0005835986964950e+00 6.6195090025607042e-02 4.6483645773399629e-01 3.9278614946163657e+01 21
1 0 1 1 2.6330809827103983e-02 1.9409706570926780e-02 1.0005707855816568e+00 6.6086239280105319e-02 4.7860260740710830e-01 3.9942971827727220e+01 22
1 0 1 1 2.6062590453173200e-02 1.9257475939030523e-02 1.0005467004636990e+00 6.5977388534603595e-02 4.9656388535031526e-01 4.0820617097118330e+01 23
1 0 1 1 2.6048197181943341e-02 1.9249344776043627e-02 1.0005451367312981e+00 6.5972360536696681e-02 4.9757120458642856e-01 4.0870208494201947e+01 13
1 0 1 1 2.6033543390561593e-02 1.9241070847995506e-02 1.0005435159829299e+00 6.5967332538789766e-02 4.9860173656006579e-01 4.0920983867959173e+01 19
1 0 1 1 2.6018611374236639e-02 1.9232644460487690e-02 1.0005418346469066e+00 6.5962304540882852e-02 4.9965707756484512e-01 4.0973024851882592e+01 19
1 0 1 1 2.6003381316988775e-02 1.9224054763475731e-02 1.0005400887354587e+00 6.5957276542975937e-02 5.0073901482058081e-01 4.1026422850111217e+01 19
1 0 1 1 2.5987830921094673e-02 1.9215289548455302e-02 1.0005382737723101e+00 6.5952248545069023e-02 5.0184956003026193e-01 4.1081280755257708e+01 19
1 0 1 1 2.5971934948437705e-02 1.9206334997434838e-02 1.0005363847031052e+00 6.5947220547162108e-02 5.0299099092057686e-01 4.1137715075000237e+01 19
1 0 1 1 2.5955664646723792e-02 1.9197175368899359e-02 1.0005344157834510e+00 6.5942192549255194e-02 5.0416590321853860e-01 4.1195858593021377e+01 19
1 0 1 1 2.5938987023145243e-02 1.9187792600282291e-02 1.0005323604373098e+00 6.5937164551348279e-02 5.0537727645616459e-01 4.1255863737999150e+01 19
1 0 1 1 2.5921863912674335e-02 1.9178165798049023e-02 1.0005302110755074e+00 6.5932136553441364e-02 5.0662855839423671e-01 4.1317906905973018e+01 19
1 0 1 1 2.5904250765378237e-02 1.9168270574005854e-02 1.0005279588597111e+00 6.5927108555534450e-02 5.0792377492188401e-01 4.1382194087245786e+01 20
1 0 1 1 2.5886093828928442e-02 1.9158078166973260e-02 1.0005255933903330e+00 6.5922080557627535e-02 5.0926767552221675e-01 4.1448968314534397e+01 20
1 0 1 1 2.5867319412566491e-02 1.9147554258345245e-02 1.0005231022860170e+00 6.5917052559720621e-02 5.1066592946612233e-01 4.1518519708869412e+01 20
1 0 1 1 2.5847863450060276e-02 1.9136657340054097e-02 1.0005204706046995e+00 6.5912024561813706e-02 5.1212539619092112e-01 4.1591199324541044e+01 20
1 0 1 1 2.5827632700268353e-02 1.9125336408991774e-02 1.0005176800264208e+00 6.5906996563906792e-02 5.1365450732620377e-01 4.1667438711720912e+01 20
1 0 1 1 2.5806510428998432e-02 1.9113527613320972e-02 1.0005147076656395e+00 6.5901968565999877e-02 5.1526382247907021e-01 4.1747778377894463e+01 20
1 0 1 1 2.5784347173541836e-02 1.9101149201778848e-02 1.0005115242840614e+00 6.5896940568092963e-02 5.1696686638826794e-01 4.1832910659568249e+01 21
1 0 1 1 2.5760946236992276e-02 1.9088093590914304e-02 1.0005080914860072e+00 6.5891912570186048e-02 5.1878144399843906e-01 4.1923747071265325e+01 21
1 0 1 1 2.5736039691678300e-02 1.9074214242186281e-02 1.0005043570827130e+00 6.5886884572279134e-02 5.2073181629947840e-01 4.2021529740991369e+01 21
1 0 1 1 2.5709245977910185e-02 1.9059302474487200e-02 1.0005002469082174e+00 6.5881856574372219e-02 5.2285254555941751e-01 4.2128028350737686e+01 21
1 0 1 1 2.5679988191149517e-02 1.9043042779407816e-02 1.0004956490611550e+00 6.5876828576465304e-02 5.2519590673745631e-01 4.2245919739279266e+01 22
1 0 1 1 2.5647316486192843e-02 1.9024915704144770e-02 1.0004903796857674e+00 6.5871800578558390e-02 5.2784799807575244e-01 4.2379613096331752e+01 22
1 0 1 1 2.5609445762562598e-02 1.9003945041412954e-02 1.0004840939740269e+00 6.5866772580651475e-02 5.3097068669564385e-01 4.2537398523980116e+01 23
1 0 1 1 2.5562109879550099e-02 1.8977797869212745e-02 1.0004759696477930e+00 6.5861744582744561e-02 5.3495095555207017e-01 4.2739097286498513e+01 24
1 0 1 1 2.5484877970796602e-02 1.8935277563395199e-02 1.0004621013658561e+00 6.5856716584837646e-02 5.4164267178576586e-01 4.3079671135018380e+01 20
1 0 1 1 2.5467587023928363e-02 1.8925784700663150e-02 1.0004588915356933e+00 6.5856158940198570e-02 5.4317667077118703e-01 4.3158005581046361e+01 16
1 0 1 1 2.5459540570799952e-02 1.8921371025385419e-02 1.0004573843958562e+00 6.5855973060226169e-02 5.4389522022418491e-01 4.3194732423863968e+01 14
1 0 1 1 2.5447819261295541e-02 1.8914946096648972e-02 1.0004551736936254e+00 6.5855787180253769e-02 5.4494736570794189e-01 4.3248549080996881e+01 47
1 0 1 1 2.5440901793922655e-02 1.8911156881776615e-02 1.0004538605444644e+00 6.5855725220612740e-02 5.4557136354466917e-01 4.3280488080433905e+01 14
1 0 1 1 2.5417119134296392e-02 1.8898143958566791e-02 1.0004492978966117e+00 6.5855787180195482e-02 5.4773441442349180e-01 4.3391328870606678e+01 34
1 0 1 1 2.5412512873159921e-02 1.8895626258122973e-02 1.0004484056117824e+00 6.5855849139778225e-02 5.4815658596792405e-01 4.3412984995972202e+01 45
1 0 1 1 2.5389498103660556e-02 1.8883060053914810e-02 1.0004439056981493e+00 6.5856406777072163e-02 5.5028204003201453e-01 4.3522128061490122e+01 46
