isScalarized | massIncreased | isMonotoneInside | isMonotoneOutside | mass_Baryon | mass_ADM | AST(radius) | radius  |  phi_c | rho_c | ctr |
1 0 1 1 3.1839684698405417e-02 2.4252526025731590e-02 1.0000000000001479e+00 8.6201499999999834e-02 8.0120965191555614e-04 1.7255801015469167e+01 21
1 1 0 0 3.1839967598661943e-02 2.4252646307426694e-02 1.0000000000001514e+00 8.6201124999999837e-02 8.1044164921696346e-04 1.7256084606625119e+01 41
1 1 1 1 3.1840250476584106e-02 2.4252766574687494e-02 1.0000000000001550e+00 8.6200749999999840e-02 8.1957180251039793e-04 1.7256368208678321e+01 28
1 1 1 1 3.1840533332174119e-02 2.4252886827514204e-02 1.0000000000001585e+00 8.6200374999999843e-02 8.2860348015540808e-04 1.7256651821606678e+01 36
1 1 1 1 3.1840816165435333e-02 2.4253007065910950e-02 1.0000000000001621e+00 8.6199999999999846e-02 8.3753986965558668e-04 1.7256935445387526e+01 37
1 1 1 1 3.1890184923281495e-02 2.4273918572457975e-02 1.0000000000008884e+00 8.6134086144738831e-02 1.8373241558792325e-03 1.7306938093922412e+01 37
1 1 1 1 3.1938658061052796e-02 2.4294301157331114e-02 1.0000000000018328e+00 8.6068467986522568e-02 2.4819272110788351e-03 1.7356953067979862e+01 37
1 1 1 1 3.1986317905909445e-02 2.4314194058978413e-02 1.0000000000030302e+00 8.6003057723711362e-02 3.0113344691899443e-03 1.7406977300990516e+01 36
1 1 1 1 3.2033213856332780e-02 2.4333621896665367e-02 1.0000000000045197e+00 8.5937807083785511e-02 3.4801747003647778e-03 1.7456998857747653e+01 34
1 1 1 1 3.2079389221008926e-02 2.4352587655856857e-02 1.0000000000063447e+00 8.5872676709299489e-02 3.9116494114277067e-03 1.7507015394378076e+01 30
1 1 1 1 3.2124878715002476e-02 2.4371077345593278e-02 1.0000000000085545e+00 8.5807639174368955e-02 4.3181316798031697e-03 1.7557026453740651e+01 24
1 1 1 1 3.2169697972107295e-02 2.4389150023631009e-02 1.0000000000112017e+00 8.5742673725264340e-02 4.7070209641467964e-03 1.7607019169128453e+01 23
1 1 1 1 3.2213903238021598e-02 2.4406831055166660e-02 1.0000000000143487e+00 8.5677709619308706e-02 5.0835467567290913e-03 1.7657031747084829e+01 26
1 1 1 1 3.2257486571926196e-02 2.4424119725772808e-02 1.0000000000180598e+00 8.5612767911016130e-02 5.4509323751407634e-03 1.7707034968396211e+01 27
1 1 1 1 3.2300470706971798e-02 2.4441027453702652e-02 1.0000000000224081e+00 8.5547823722152361e-02 5.8117618599478355e-03 1.7757037398760559e+01 27
1 1 1 1 3.2342831560200763e-02 2.4457561572875004e-02 1.0000000000274742e+00 8.5482865434217681e-02 6.1679412786783405e-03 1.7807039273232963e+01 27
1 1 1 1 3.2384554128069724e-02 2.4473728508255715e-02 1.0000000000333460e+00 8.5417883448877852e-02 6.5209517935574520e-03 1.7857040747178917e+01 28
1 1 1 1 3.2425710239889730e-02 2.4489533954870628e-02 1.0000000000401201e+00 8.5352869766196104e-02 6.8719704498948946e-03 1.7907041926449025e+01 28
1 1 1 1 3.2466308130542500e-02 2.4504983012152232e-02 1.0000000000479023e+00 8.5287817675299693e-02 7.2219500216255828e-03 1.7957042884741270e+01 28
1 1 1 1 3.2506354999885141e-02 2.4520080287313086e-02 1.0000000000568083e+00 8.5222721521542089e-02 7.5716736429008820e-03 1.8007043674453733e+01 28
1 1 1 1 3.2545857186046662e-02 2.4534829976401981e-02 1.0000000000669647e+00 8.5157576528108236e-02 7.9217932932647214e-03 1.8057044333551843e+01 28
1 1 1 1 3.2584820662659719e-02 2.4549233328161398e-02 1.0000000000785090e+00 8.5092378657056267e-02 8.2728606564861050e-03 1.8107045324549468e+01 29
1 1 1 1 3.2623256499839604e-02 2.4563241571296624e-02 1.0000000000915981e+00 8.5027126199454739e-02 8.6253936714288174e-03 1.8157054039670012e+01 29
1 1 1 1 3.2661143034868542e-02 2.4576905524518289e-02 1.0000000001063822e+00 8.4961848548108510e-02 8.9795519430238783e-03 1.8207036749966960e+01 29
1 1 1 1 3.2698524199628064e-02 2.4590242677331071e-02 1.0000000001230540e+00 8.4896474530075927e-02 9.3360516071581828e-03 1.8257046123441725e+01 29
1 1 1 1 3.2735376650444063e-02 2.4603246239174609e-02 1.0000000001417950e+00 8.4831048834877909e-02 9.6949357767327493e-03 1.8307046433553658e+01 29
1 1 1 1 3.2771710492659652e-02 2.4615921402798235e-02 1.0000000001628166e+00 8.4765558045683476e-02 1.0056526302481446e-02 1.8357046706381247e+01 29
1 1 1 1 3.2807528758010365e-02 2.4628270787620771e-02 1.0000000001863445e+00 8.4700000848232537e-02 1.0421047857643933e-02 1.8407046947720886e+01 29
1 1 1 1 3.2842813962001408e-02 2.4640296893644067e-02 1.0000000002126224e+00 8.4634376211423668e-02 1.0788696780320545e-02 1.8457047162185521e+01 29
1 1 1 1 3.2877520702040808e-02 2.4652002117551121e-02 1.0000000002419136e+00 8.4568683356793628e-02 1.1159644978098975e-02 1.8507047353505559e+01 29
1 1 1 1 3.2911719108984980e-02 2.4663388766689932e-02 1.0000000002745026e+00 8.4502921732076686e-02 1.1534043168589097e-02 1.8557047524744426e+01 29
1 1 1 1 3.2945411440557619e-02 2.4674459071206894e-02 1.0000000003106955e+00 8.4437090988148888e-02 1.1912023594590565e-02 1.8607047678409366e+01 29
1 1 1 1 3.2978599820337157e-02 2.4685215194667924e-02 1.0000000003508218e+00 8.4371190958642373e-02 1.2293702319956155e-02 1.8657047816613222e+01 29
1 1 1 1 3.3011286257462677e-02 2.4695659243301905e-02 1.0000000003952365e+00 8.4305221641997496e-02 1.2679181184987901e-02 1.8707047941118166e+01 29
1 1 1 1 3.3043472664038065e-02 2.4705793274118121e-02 1.0000000004443206e+00 8.4239183185399580e-02 1.3068549484684567e-02 1.8757048053458860e+01 29
1 1 1 1 3.3075160870347876e-02 2.4715619301963102e-02 1.0000000004984830e+00 8.4173075870572323e-02 1.3461885416362698e-02 1.8807048154923418e+01 30
1 1 1 1 3.3106357369390424e-02 2.4725094219292278e-02 1.0000000005581970e+00 8.4106900100894721e-02 1.3859313586679562e-02 1.8857055288247928e+01 30
1 1 1 1 3.3137046700294388e-02 2.4734255720161975e-02 1.0000000006238821e+00 8.4040684349701911e-02 1.4260675125687820e-02 1.8907042167600164e+01 30
1 1 1 1 3.3167254314432057e-02 2.4743118312541057e-02 1.0000000006960905e+00 8.3974376761527247e-02 1.4666333060881082e-02 1.8957047578171768e+01 30
1 1 1 1 3.3196967701492129e-02 2.4751679698129175e-02 1.0000000007753322e+00 8.3908008575285964e-02 1.5076147019645573e-02 1.9007048469669265e+01 30
1 1 1 1 3.3226190725282212e-02 2.4759942452699541e-02 1.0000000008621892e+00 8.3841575689088843e-02 1.5490185237498139e-02 1.9057048531422847e+01 30
1 1 1 1 3.3254925450353801e-02 2.4767908600588799e-02 1.0000000009572794e+00 8.3775077868685877e-02 1.5908487547989580e-02 1.9107048587445032e+01 30
1 1 1 1 3.3283173432218691e-02 2.4775580010228355e-02 1.0000000010612611e+00 8.3708516040005176e-02 1.6331082095841110e-02 1.9157048638299251e+01 30
1 1 1 1 3.3310936216079993e-02 2.4782958539918347e-02 1.0000000011748365e+00 8.3641891190627760e-02 1.6757992562102784e-02 1.9207048684485262e+01 30
1 1 1 1 3.3338144904040412e-02 2.4790046039823748e-02 1.0000000012987540e+00 8.3575204364197742e-02 1.7189238617727528e-02 1.9257048726476157e+01 30
1 1 1 1 3.3364865110018488e-02 2.4796844353687172e-02 1.0000000014338106e+00 8.3508456655466579e-02 1.7624836325525362e-02 1.9307048764670661e+01 30
1 1 1 1 3.3391104506312580e-02 2.4803355320291379e-02 1.0000000015808550e+00 8.3441649205697577e-02 1.8064798498182353e-02 1.9357048799444950e+01 30
1 1 1 1 3.3416864659152459e-02 2.4809580774713017e-02 1.0000000017407893e+00 8.3374783198603419e-02 1.8509135016191201e-02 1.9407048831133142e+01 30
1 1 1 1 3.3442147142417486e-02 2.4815522549377467e-02 1.0000000019145725e+00 8.3307859856641353e-02 1.8957853111154593e-02 1.9457048860032664e+01 30
1 1 1 1 3.3466953539923058e-02 2.4821182474953414e-02 1.0000000021032232e+00 8.3240880437657705e-02 1.9410957618357202e-02 1.9507048886414353e+01 30
1 1 1 1 3.3491285447378213e-02 2.4826562381100734e-02 1.0000000023078224e+00 8.3173846231867299e-02 1.9868451202018262e-02 1.9557048910520024e+01 30
1 1 1 1 3.3515144474056804e-02 2.4831664097091002e-02 1.0000000025295168e+00 8.3106758559109623e-02 2.0330334556513795e-02 1.9607048932564467e+01 30
1 1 1 1 3.3538532963697985e-02 2.4836479916726908e-02 1.0000000027695564e+00 8.3039618766355072e-02 2.0796619640546583e-02 1.9657050346008351e+01 30
1 1 1 1 3.3561452389386744e-02 2.4840987358024633e-02 1.0000000030293084e+00 8.2972433838649023e-02 2.1267297651836152e-02 1.9707052469497420e+01 30
1 1 1 1 3.3583899155419671e-02 2.4845221207314704e-02 1.0000000033099887e+00 8.2905213658093835e-02 2.1742257820580306e-02 1.9757044119162781e+01 30
1 1 1 1 3.3605885542979400e-02 2.4849185292821784e-02 1.0000000036131784e+00 8.2837927757687418e-02 2.2221720175589526e-02 1.9807049001571400e+01 30
1 1 1 1 3.3627405170481309e-02 2.4852879955850442e-02 1.0000000039403019e+00 8.2770601914489816e-02 2.2705505454993533e-02 1.9857049015857385e+01 30
1 1 1 1 3.3648461913887942e-02 2.4856307440885135e-02 1.0000000042930037e+00 8.2703231032352109e-02 2.3193652174772875e-02 1.9907049028985107e+01 30
1 1 1 1 3.3669057506302905e-02 2.4859469594860933e-02 1.0000000046729909e+00 8.2635816577880827e-02 2.3686151359382915e-02 1.9957049041039944e+01 30
1 1 1 1 3.3689193700872248e-02 2.4862368266190645e-02 1.0000000050820654e+00 8.2568360032617749e-02 2.4182993079374843e-02 2.0007049052122618e+01 30
1 1 1 1 3.3708872270999661e-02 2.4865005304775305e-02 1.0000000055221290e+00 8.2500862891892790e-02 2.4684166527905810e-02 2.0057049062297338e+01 30
1 1 1 1 3.3728095010539076e-02 2.4867382561995097e-02 1.0000000059951868e+00 8.2433326663642587e-02 2.5189660091090072e-02 2.0107049071653282e+01 30
1 1 1 1 3.3746826050176523e-02 2.4869501890661252e-02 1.0000000065033523e+00 8.2365752867464836e-02 2.5699461410520957e-02 2.0157049080231801e+01 30
1 1 1 1 3.3765079007129897e-02 2.4871365144956817e-02 1.0000000070488517e+00 8.2298143033564308e-02 2.6213557441573769e-02 2.0207049088109528e+01 30
1 1 1 1 3.3782881646595410e-02 2.4872974180352427e-02 1.0000000076340296e+00 8.2230498701961058e-02 2.6731934504904926e-02 2.0257049095320536e+01 30
1 1 1 1 3.3800235861064919e-02 2.4874330853502633e-02 1.0000000082613525e+00 8.2162821421581073e-02 2.7254578334791689e-02 2.0307049101921944e+01 30
1 1 1 1 3.3817143563174376e-02 2.4875437022129573e-02 1.0000000089334149e+00 8.2095112749543203e-02 2.7781474122193509e-02 2.0357049107949244e+01 30
1 1 1 1 3.3833606685558522e-02 2.4876294544898189e-02 1.0000000096529447e+00 8.2027374250403462e-02 2.8312606554775643e-02 2.0407049113437132e+01 30
1 1 1 1 3.3849627180670000e-02 2.4876905281272489e-02 1.0000000104228077e+00 8.1959607495472792e-02 2.8847959853454175e-02 2.0457049118426575e+01 30
1 1 1 1 3.3865207020553192e-02 2.4877271091368447e-02 1.0000000112460141e+00 8.1891814062207746e-02 2.9387517805562001e-02 2.0507049122936483e+01 30
1 1 1 1 3.3880348196622750e-02 2.4877393835797280e-02 1.0000000121257235e+00 8.1823995533558014e-02 2.9931263796071039e-02 2.0557049127006710e+01 30
1 0 1 1 3.3895052719385740e-02 2.4877275375502422e-02 1.0000000130652515e+00 8.1756153497454104e-02 3.0479180835397090e-02 2.0607049130650193e+01 30
1 0 1 1 3.3909322618177043e-02 2.4876917571595342e-02 1.0000000140680745e+00 8.1688289546210713e-02 3.1031251585991744e-02 2.0657049133896802e+01 30
1 0 1 1 3.3923161231591732e-02 2.4876293311634989e-02 1.0000000151383854e+00 8.1620405276052632e-02 3.1587502778780356e-02 2.0707053112398146e+01 29
1 0 1 1 3.3936566358735210e-02 2.4875428050567108e-02 1.0000000162793701e+00 8.1552518479170111e-02 3.2147747267028307e-02 2.0757045937437340e+01 29
1 0 1 1 3.3949545627107731e-02 2.4874328975361817e-02 1.0000000174954222e+00 8.1484601519230315e-02 3.2712199182160950e-02 2.0807048362015575e+01 29
1 0 1 1 3.3962098117188977e-02 2.4872998145119962e-02 1.0000000187904816e+00 8.1416671268565693e-02 3.3280714063925194e-02 2.0857049141778234e+01 29
1 0 1 1 3.3974226196197138e-02 2.4871437420472060e-02 1.0000000201689552e+00 8.1348728156584033e-02 3.3853282717921998e-02 2.0907049143323825e+01 29
1 0 1 1 3.3985932198197295e-02 2.4869648648255031e-02 1.0000000216354541e+00 8.1280772733808848e-02 3.4429894979351297e-02 2.0957049144565786e+01 29
1 0 1 1 3.3997218275141620e-02 2.4867633692981082e-02 1.0000000231947788e+00 8.1212806608783106e-02 3.5010531658320014e-02 2.1007049145523251e+01 29
1 0 1 1 3.4008086595084704e-02 2.4865394417738752e-02 1.0000000248519463e+00 8.1144831390990657e-02 3.5595173367133838e-02 2.1057049146201148e+01 29
1 0 1 1 3.4018539341822744e-02 2.4862932684016625e-02 1.0000000266121978e+00 8.1076848690463610e-02 3.6183800534124108e-02 2.1107049146621836e+01 29
1 0 1 1 3.4028578714499866e-02 2.4860250351521229e-02 1.0000000284810051e+00 8.1008860117486703e-02 3.6776393415741369e-02 2.1157049146782825e+01 29
1 0 1 1 3.4038206927229288e-02 2.4857349277993095e-02 1.0000000304640806e+00 8.0940867282207063e-02 3.7372932108797462e-02 2.1207049146695120e+01 29
1 0 1 1 3.4047426208707439e-02 2.4854231319023999e-02 1.0000000325673832e+00 8.0872871794329171e-02 3.7973396561484095e-02 2.1257049146379941e+01 29
1 0 1 1 3.4056212491730783e-02 2.4850898327889406e-02 1.0000000347971281e+00 8.0804875262848269e-02 3.8577766583268489e-02 2.1307049145827982e+01 29
1 0 1 1 3.4064571807953949e-02 2.4847352155355964e-02 1.0000000371597944e+00 8.0736879295674191e-02 3.9186021855366085e-02 2.1357049145059278e+01 29
1 0 1 1 3.4072529167578282e-02 2.4843594649522772e-02 1.0000000396621336e+00 8.0668885499403875e-02 3.9798141939338158e-02 2.1407049144074374e+01 29
1 0 1 1 3.4080086864588056e-02 2.4839627655631729e-02 1.0000000423111790e+00 8.0600895479001650e-02 4.0414106286092856e-02 2.1457049142883442e+01 29
1 0 1 1 3.4087247205373740e-02 2.4835453015911661e-02 1.0000000451142539e+00 8.0532910837546323e-02 4.1033894243869891e-02 2.1507049141491724e+01 29
1 0 1 1 3.4094012508334166e-02 2.4831072569400644e-02 1.0000000480789806e+00 8.0464933175959041e-02 4.1657485066035865e-02 2.1557049139907100e+01 29
1 0 1 1 3.4100385103482032e-02 2.4826488151782650e-02 1.0000000512132903e+00 8.0396964092755430e-02 4.2284857918251352e-02 2.1607049138130805e+01 29
1 0 1 1 3.4106367332054653e-02 2.4821701595223507e-02 1.0000000545254317e+00 8.0329005183778168e-02 4.2915991885564657e-02 2.1657049136173789e+01 29
1 0 1 1 3.4111961546117169e-02 2.4816714728209312e-02 1.0000000580239814e+00 8.0261058041980027e-02 4.3550865978672727e-02 2.1707049134035632e+01 28
1 0 1 1 3.4117170108181126e-02 2.4811529375389860e-02 1.0000000617178526e+00 8.0193124257162463e-02 4.4189459140417255e-02 2.1757049131729154e+01 28
1 0 1 1 3.4121995390805127e-02 2.4806147357416791e-02 1.0000000656163062e+00 8.0125205415783024e-02 4.4831750251287369e-02 2.1807049129251638e+01 28
1 0 1 1 3.4126439776218889e-02 2.4800570490799517e-02 1.0000000697289591e+00 8.0057303100699195e-02 4.5477718135320602e-02 2.1857049126610153e+01 28
1 0 1 1 3.4130505655930732e-02 2.4794800587744165e-02 1.0000000740657964e+00 7.9989418890969666e-02 4.6127341565255699e-02 2.1907049123810257e+01 28
1 0 1 1 3.4134195430354800e-02 2.4788839456017068e-02 1.0000000786371799e+00 7.9921554361645941e-02 4.6780599267585848e-02 2.1957049120856684e+01 28
1 0 1 1 3.4137511564838560e-02 2.4782685076839804e-02 1.0000000834542568e+00 7.9853711083570478e-02 4.7437476488656628e-02 2.2007049615690921e+01 28
1 0 1 1 3.4140456620680167e-02 2.4776322083459982e-02 1.0000000885300036e+00 7.9785892649964274e-02 4.8097962176166541e-02 2.2057051377194888e+01 28
1 0 1 1 3.4143032466040835e-02 2.4769774335982441e-02 1.0000000938733080e+00 7.9718107802741467e-02 4.8761927639843564e-02 2.2107046327505145e+01 28
1 0 1 1 3.4145242276272705e-02 2.4763041704033938e-02 1.0000000994977425e+00 7.9650338249207864e-02 4.9429546006344610e-02 2.2157049106782228e+01 28
1 0 1 1 3.4147087966247408e-02 2.4756127376019427e-02 1.0000001054145873e+00 7.9582599926969755e-02 5.0100654689645842e-02 2.2207049103130778e+01 28
1 0 1 1 3.4148572115085506e-02 2.4749032764334988e-02 1.0000001116370230e+00 7.9514890609797217e-02 5.0775269288487510e-02 2.2257049099341288e+01 28
1 0 1 1 3.4149697175062103e-02 2.4741759645444790e-02 1.0000001181783797e+00 7.9447211838440446e-02 5.1453368328625730e-02 2.2307049095423125e+01 28
1 0 1 1 3.4150465604408993e-02 2.4734309790173711e-02 1.0000001250524546e+00 7.9379565148188502e-02 5.2134930322374866e-02 2.2357049091382841e+01 28
1 0 1 1 3.4150879866956863e-02 2.4726684963587146e-02 1.0000001322735224e+00 7.9311952068712083e-02 5.2819933771825964e-02 2.2407049087215224e+01 28
1 0 1 1 3.4150942431785555e-02 2.4718886924863903e-02 1.0000001398563483e+00 7.9244374123871447e-02 5.3508357172437342e-02 2.2457049082931988e+01 28
1 0 1 1 3.4150655772876994e-02 2.4710917427189841e-02 1.0000001478161988e+00 7.9176832831602206e-02 5.4200179015644799e-02 2.2507049078527878e+01 28
1 0 1 1 3.4150022368776442e-02 2.4702778217644425e-02 1.0000001561688545e+00 7.9109329703725528e-02 5.4895377792266796e-02 2.2557049074013825e+01 28
1 0 1 1 3.4149044702246140e-02 2.4694471037085608e-02 1.0000001649306218e+00 7.9041866245840170e-02 5.5593931994927376e-02 2.2607049069387561e+01 28
1 0 1 1 3.4147725259935077e-02 2.4685997620050078e-02 1.0000001741183451e+00 7.8974443957154250e-02 5.6295820121016429e-02 2.2657049064650614e+01 28
1 0 1 1 3.4146066532045959e-02 2.4677359694644810e-02 1.0000001837494188e+00 7.8907064330347387e-02 5.7001020675363626e-02 2.2707049059812444e+01 27
1 0 1 1 3.4144071012006318e-02 2.4668558982447460e-02 1.0000001938418002e+00 7.8839728851462260e-02 5.7709512172423358e-02 2.2757049054866879e+01 27
1 0 1 1 3.4141741196145207e-02 2.4659597198404434e-02 1.0000002044140219e+00 7.8772438999735295e-02 5.8421273139159728e-02 2.2807049049824823e+01 27
1 0 1 1 3.4139079583375885e-02 2.4650476050743698e-02 1.0000002154852039e+00 7.8705196247509435e-02 5.9136282116925155e-02 2.2857049044682029e+01 27
1 0 1 1 3.4136072990727392e-02 2.4641197240869481e-02 1.0000002270750665e+00 7.8638002060077650e-02 5.9854517664066402e-02 2.2907049039444530e+01 27
1 0 1 1 3.4132723558228946e-02 2.4631762463285960e-02 1.0000002392039431e+00 7.8570857895583324e-02 6.0575958357923773e-02 2.2957049034116608e+01 27
1 0 1 1 3.4129050160178767e-02 2.4622173405494854e-02 1.0000002518927928e+00 7.8503765204907816e-02 6.1300582796815023e-02 2.3007049028693874e+01 27
1 0 1 1 3.4125055307207740e-02 2.4612431747920934e-02 1.0000002651632127e+00 7.8436725431531740e-02 6.2028369602341822e-02 2.3057049023182973e+01 27
1 0 1 1 3.4120741510823879e-02 2.4602539163824166e-02 1.0000002790374520e+00 7.8369740011446531e-02 6.2759297421200622e-02 2.3107049017592669e+01 27
1 0 1 1 3.4116111283112434e-02 2.4592497319223066e-02 1.0000002935384238e+00 7.8302810373069298e-02 6.3493344926675785e-02 2.3157049011907272e+01 27
1 0 1 1 3.4111167136450765e-02 2.4582307872809961e-02 1.0000003086897180e+00 7.8235937937068206e-02 6.4230490821380909e-02 2.3207049006150179e+01 27
1 0 1 1 3.4105911583223507e-02 2.4571972475887362e-02 1.0000003245156153e+00 7.8169124116357319e-02 6.4970713837912780e-02 2.3257049000308939e+01 27
1 0 1 1 3.4100347135534885e-02 2.4561492772283242e-02 1.0000003410410989e+00 7.8102370315926928e-02 6.5713992741329122e-02 2.3307048994388680e+01 27
1 0 1 1 3.4094476304937706e-02 2.4550870398287399e-02 1.0000003582918686e+00 7.8035677932775771e-02 6.6460306330550334e-02 2.3357048988396105e+01 27
1 0 1 1 3.4088301602156972e-02 2.4540106982583881e-02 1.0000003762943526e+00 7.7969048355833404e-02 6.7209633439781119e-02 2.3407048982328583e+01 27
1 0 1 1 3.4081825536819842e-02 2.4529204146181934e-02 1.0000003950757219e+00 7.7902482965852338e-02 6.7961952940239309e-02 2.3457048976187586e+01 27
1 0 1 1 3.4075050617191058e-02 2.4518163502351274e-02 1.0000004146639021e+00 7.7835983135326053e-02 6.8717243741685377e-02 2.3507048969981938e+01 27
1 0 1 1 3.4067979349916545e-02 2.4506986656572517e-02 1.0000004350875868e+00 7.7769550228432960e-02 6.9475484793484907e-02 2.3557048963702837e+01 27
1 0 1 1 3.4060614239755253e-02 2.4495675206460694e-02 1.0000004563762508e+00 7.7703185600912439e-02 7.0236655086529459e-02 2.3607048957359602e+01 27
1 0 1 1 3.4052957789338506e-02 2.4484230741722707e-02 1.0000004785601624e+00 7.7636890600025432e-02 7.1000733654221534e-02 2.3657048950955808e+01 27
1 0 1 1 3.4045012498914527e-02 2.4472654844098631e-02 1.0000005016703968e+00 7.7570666564480334e-02 7.1767699573713317e-02 2.3707048944485319e+01 26
1 0 1 1 3.4036780866100666e-02 2.4460949087304375e-02 1.0000005257388487e+00 7.7504514824333293e-02 7.2537531967483207e-02 2.3757048937953062e+01 26
1 0 1 1 3.4028265385650971e-02 2.4449115036989238e-02 1.0000005507982450e+00 7.7438436700937474e-02 7.3310210004469994e-02 2.3807048931369284e+01 26
1 0 1 1 3.4019468549216191e-02 2.4437154250688015e-02 1.0000005768821576e+00 7.7372433506905564e-02 7.4085712900816392e-02 2.3857048924721223e+01 26
1 0 1 1 3.4010392845102808e-02 2.4425068277762554e-02 1.0000006040250158e+00 7.7306506545988085e-02 7.4864019921726629e-02 2.3907048918019360e+01 26
1 0 1 1 3.4001040758057120e-02 2.4412858659374859e-02 1.0000006322621187e+00 7.7240657113057609e-02 7.5645110382076219e-02 2.3957048911264742e+01 26
1 0 1 1 3.3991414769032662e-02 2.4400526928432746e-02 1.0000006616296482e+00 7.7174886494039141e-02 7.6428963647658013e-02 2.4007048904460515e+01 26
1 0 1 1 3.3981517353759032e-02 2.4388074548283682e-02 1.0000006921647349e+00 7.7109195965862742e-02 7.7215559259185385e-02 2.4057048905402393e+01 26
1 0 1 1 3.3971350718272258e-02 2.4375489818475021e-02 1.0000007239175510e+00 7.7043586827125671e-02 7.8004903025027370e-02 2.4107050576953817e+01 26
1 0 1 1 3.3960918653911189e-02 2.4362789019099461e-02 1.0000007569122944e+00 7.6978066942340384e-02 7.8796867448702929e-02 2.4157047159757486e+01 26
1 0 1 1 3.3950221490961330e-02 2.4349971053087591e-02 1.0000007911955855e+00 7.6912624164250043e-02 7.9591594045593253e-02 2.4207048876589173e+01 26
1 0 1 1 3.3939263128360986e-02 2.4337039158109780e-02 1.0000008268036695e+00 7.6847268717360973e-02 8.0388953725825787e-02 2.4257048869553003e+01 26
1 0 1 1 3.3928045655589233e-02 2.4323994377217911e-02 1.0000008637794762e+00 7.6781999575060988e-02 8.1188953533743918e-02 2.4307048862475025e+01 26
1 0 1 1 3.3916571521115720e-02 2.4310838184818440e-02 1.0000009021657428e+00 7.6716817959076922e-02 8.1991573218822916e-02 2.4357048855353018e+01 26
1 0 1 1 3.3904843167962113e-02 2.4297572046739609e-02 1.0000009420061842e+00 7.6651725081810090e-02 8.2796792589050691e-02 2.4407048848192829e+01 26
1 0 1 1 3.3892863033507019e-02 2.4284197420201686e-02 1.0000009833455039e+00 7.6586722146317676e-02 8.3604591511458465e-02 2.4457048840991192e+01 26
1 0 1 1 3.3880633549302201e-02 2.4270715753797547e-02 1.0000010262294059e+00 7.6521810346255992e-02 8.4414949913217352e-02 2.4507048833754769e+01 26
1 0 1 1 3.3868157140890046e-02 2.4257128487469751e-02 1.0000010707046039e+00 7.6456990865870600e-02 8.5227847782086280e-02 2.4557048826481026e+01 26
1 0 1 1 3.3855436227622854e-02 2.4243437052493277e-02 1.0000011168188330e+00 7.6392264879946353e-02 8.6043265167360855e-02 2.4607048819170938e+01 26
1 0 1 1 3.3842473222484126e-02 2.4229642871453093e-02 1.0000011646208593e+00 7.6327633553780139e-02 8.6861182180544241e-02 2.4657048811826428e+01 26
1 0 1 1 3.3829270531923389e-02 2.4215747358232436e-02 1.0000012141604904e+00 7.6263098043154398e-02 8.7681578996113910e-02 2.4707048804454910e+01 26
1 0 1 1 3.3815830555683102e-02 2.4201751917997925e-02 1.0000012654885844e+00 7.6198659494333520e-02 8.8504435851767330e-02 2.4757048797043286e+01 25
1 0 1 1 3.3802155686631509e-02 2.4187657947179975e-02 1.0000013186570602e+00 7.6134319043983434e-02 8.9329733049931345e-02 2.4807048789610356e+01 25
1 0 1 1 3.3788248310610371e-02 2.4173466833472147e-02 1.0000013737189062e+00 7.6070077819224452e-02 9.0157450957347271e-02 2.4857048782143416e+01 25
1 0 1 1 3.3774110806264336e-02 2.4159179955807363e-02 1.0000014307281899e+00 7.6005936937545815e-02 9.0987570006540910e-02 2.4907048774650551e+01 25
1 0 1 1 3.3759745544894457e-02 2.4144798684357701e-02 1.0000014897400658e+00 7.5941897506824896e-02 9.1820070695898565e-02 2.4957048767129535e+01 25
1 0 1 1 3.3745154890307792e-02 2.4130324380526529e-02 1.0000015508107840e+00 7.5877960625290619e-02 9.2654933590568908e-02 2.5007048759587814e+01 25
1 0 1 1 3.3730341198666809e-02 2.4115758396939024e-02 1.0000016139976990e+00 7.5814127381534702e-02 9.3492139322570014e-02 2.5057048752016115e+01 25
1 0 1 1 3.3715306818341548e-02 2.4101102077436699e-02 1.0000016793592768e+00 7.5750398854456197e-02 9.4331668591922213e-02 2.5107048744424034e+01 25
1 0 1 1 3.3700054089777824e-02 2.4086356757078348e-02 1.0000017469551019e+00 7.5686776113288057e-02 9.5173502166692500e-02 2.5157048736812229e+01 25
1 0 1 1 3.3684585345352021e-02 2.4071523762134148e-02 1.0000018168458855e+00 7.5623260217577787e-02 9.6017620883528887e-02 2.5207048729174559e+01 25
1 0 1 1 3.3668902909236666e-02 2.4056604410081697e-02 1.0000018890934721e+00 7.5559852217154860e-02 9.6864005648537047e-02 2.5257048721521713e+01 25
1 0 1 1 3.3653009097275415e-02 2.4041600009614982e-02 1.0000019637608450e+00 7.5496553152163193e-02 9.7712637437172553e-02 2.5307048713847127e+01 25
1 0 1 1 3.3636906216847104e-02 2.4026511860635043e-02 1.0000020409121333e+00 7.5433364053020480e-02 9.8563497295184752e-02 2.5357048706156700e+01 25
1 0 1 1 3.3620596566747880e-02 2.4011341254262252e-02 1.0000021206126173e+00 7.5370285940438458e-02 9.9416566338680790e-02 2.5407048698446765e+01 25
1 0 1 1 3.3604082437063185e-02 2.3996089472831449e-02 1.0000022029287334e+00 7.5307319825399122e-02 1.0027182575489359e-01 2.5457048690725077e+01 25
1 0 1 1 3.3587366109055418e-02 2.3980757789903651e-02 1.0000022879280799e+00 7.5244466709181723e-02 1.0112925680213442e-01 2.5507048682984497e+01 25
1 0 1 1 3.3570449855042629e-02 2.3965347470266123e-02 1.0000023756794210e+00 7.5181727583328917e-02 1.0198884081070864e-01 2.5557048675233958e+01 25
1 0 1 1 3.3553335938291642e-02 2.3949859769946270e-02 1.0000024662526907e+00 7.5119103429683753e-02 1.0285055918272523e-01 2.5607048667465602e+01 25
1 0 1 1 3.3536026612899152e-02 2.3934295936206967e-02 1.0000025597189972e+00 7.5056595220354350e-02 1.0371439339306501e-01 2.5657048659690801e+01 25
1 0 1 1 3.3518524123700273e-02 2.3918657207574832e-02 1.0000026561506252e+00 7.4994203917762570e-02 1.0458032498904234e-01 2.5707048651899935e+01 25
1 0 1 1 3.3500830706148677e-02 2.3902944813831505e-02 1.0000027556210400e+00 7.4931930474604336e-02 1.0544833559140471e-01 2.5757048644101793e+01 25
1 0 1 1 3.3482948586227697e-02 2.3887159976035029e-02 1.0000028582048885e+00 7.4869775833893037e-02 1.0631840689415695e-01 2.5807048636295118e+01 24
1 0 1 1 3.3464879980346848e-02 2.3871303906530084e-02 1.0000029639780028e+00 7.4807740928953592e-02 1.0719052066498996e-01 2.5857048628475649e+01 24
1 0 1 1 3.3446627095247476e-02 2.3855377808958966e-02 1.0000030730174003e+00 7.4745826683416505e-02 1.0806465874588005e-01 2.5907048620654002e+01 24
1 0 1 1 3.3428192127913252e-02 2.3839382878278127e-02 1.0000031854012850e+00 7.4684034011265915e-02 1.0894080305274650e-01 2.5957048612820355e+01 24
1 0 1 1 3.3409577265477698e-02 2.3823320300771049e-02 1.0000033012090490e+00 7.4622363816806425e-02 1.0981893557643119e-01 2.6007048604984998e+01 24
1 0 1 1 3.3390784685139029e-02 2.3807191254063508e-02 1.0000034205212713e+00 7.4560816994718171e-02 1.1069903838232052e-01 2.6057048597142828e+01 24
1 0 1 1 3.3371815878650839e-02 2.3790996907141825e-02 1.0000035434197188e+00 7.4499394430042581e-02 1.1158109361098296e-01 2.6107048589295566e+01 24
1 0 1 1 3.3352665985527934e-02 2.3774738420370325e-02 1.0000036699873438e+00 7.4438096998206499e-02 1.1246508347826026e-01 2.6157048581443913e+01 24
1 0 1 1 3.3333345113338450e-02 2.3758416945504065e-02 1.0000038003082838e+00 7.4376925565036334e-02 1.1335099027557470e-01 2.6207048573593106e+01 24
1 0 1 1 3.3313855397049473e-02 2.3742033625720114e-02 1.0000039344678597e+00 7.4315880986791122e-02 1.1423879636986681e-01 2.6257048565737147e+01 24
1 0 1 1 3.3294198961247336e-02 2.3725589595624104e-02 1.0000040725525721e+00 7.4254964110155142e-02 1.1512848420414844e-01 2.6307048557879380e+01 24
1 0 1 1 3.3274377920074968e-02 2.3709085981275326e-02 1.0000042146500996e+00 7.4194175772271609e-02 1.1602003629752988e-01 2.6357048550023688e+01 24
1 0 1 1 3.3254394377168039e-02 2.3692523900214240e-02 1.0000043608492950e+00 7.4133516800770849e-02 1.1691343524519830e-01 2.6407048542163064e+01 24
1 0 1 1 3.3234250425579828e-02 2.3675904461470606e-02 1.0000045112401812e+00 7.4072988013763053e-02 1.1780866371912008e-01 2.6457048534310470e+01 24
1 0 1 1 3.3213948147738093e-02 2.3659228765605569e-02 1.0000046659139463e+00 7.4012590219908692e-02 1.1870570446739835e-01 2.6507048526453797e+01 24
1 0 1 1 3.3193489615363558e-02 2.3642497904715693e-02 1.0000048249629390e+00 7.3952324218389265e-02 1.1960454031520791e-01 2.6557048518600357e+01 24
1 0 1 1 3.3172876889427494e-02 2.3625712962468477e-02 1.0000049884806630e+00 7.3892190798964474e-02 1.2050515416444336e-01 2.6607048510749802e+01 24
1 0 1 1 3.3152112020092397e-02 2.3608875014123801e-02 1.0000051565617702e+00 7.3832190741986908e-02 1.2140752899405455e-01 2.6657048502905923e+01 24
1 0 1 1 3.3131197046662175e-02 2.3591985126563193e-02 1.0000053293020545e+00 7.3772324818440593e-02 1.2231164785984086e-01 2.6707048495058746e+01 24
1 0 1 1 3.3110133997520955e-02 2.3575044358302946e-02 1.0000055067984444e+00 7.3712593789929781e-02 1.2321749389528622e-01 2.6757048487225411e+01 24
1 0 1 1 3.3088924890107639e-02 2.3558053759543202e-02 1.0000056891489943e+00 7.3652998408769821e-02 1.2412505031058146e-01 2.6807048479390289e+01 24
1 0 1 1 3.3067571730843300e-02 2.3541014372172448e-02 1.0000058764528770e+00 7.3593539417948439e-02 1.2503430039374475e-01 2.6857048471562294e+01 24
1 0 1 1 3.3046076515104710e-02 2.3523927229805428e-02 1.0000060688103742e+00 7.3534217551195796e-02 1.2594522751018844e-01 2.6907048463747092e+01 23
1 0 1 1 3.3024441227184016e-02 2.3506793357817409e-02 1.0000062663228664e+00 7.3475033533024037e-02 1.2685781510244537e-01 2.6957048455927712e+01 23
1 0 1 1 3.3002667840233833e-02 2.3489613773358144e-02 1.0000064690928234e+00 7.3415988078697120e-02 1.2777204669137865e-01 2.7007048448127801e+01 23
1 0 1 1 3.2980758316251121e-02 2.3472389485396965e-02 1.0000066772237928e+00 7.3357081894351639e-02 1.2868790587468593e-01 2.7057048440327168e+01 23
1 0 1 1 3.2958714606023148e-02 2.3455121494741257e-02 1.0000068908203885e+00 7.3298315676942200e-02 1.2960537632836938e-01 2.7107048432539123e+01 23
1 0 1 1 3.2936538649105590e-02 2.3437810794070858e-02 1.0000071099882792e+00 7.3239690114333234e-02 1.3052444180587705e-01 2.7157048424762447e+01 23
1 0 1 1 3.2914232373790417e-02 2.3420458367971964e-02 1.0000073348341749e+00 7.3181205885315792e-02 1.3144508613830541e-01 2.7207048416990386e+01 23
1 0 1 1 3.2891797697070846e-02 2.3403065192963458e-02 1.0000075654658140e+00 7.3122863659620563e-02 1.3236729323484037e-01 2.7257048409233455e+01 23
1 0 1 1 3.2869236524621134e-02 2.3385632237532282e-02 1.0000078019919496e+00 7.3064664097990339e-02 1.3329104708210662e-01 2.7307048401483986e+01 23
1 0 1 1 3.2846550750763620e-02 2.3368160462160333e-02 1.0000080445223343e+00 7.3006607852180605e-02 1.3421633174478734e-01 2.7357048393749189e+01 23
1 0 1 1 3.2823742258457043e-02 2.3350650819367609e-02 1.0000082931677052e+00 7.2948695565024702e-02 1.3514313136513739e-01 2.7407048386024780e+01 23
1 0 1 1 3.2800812919261742e-02 2.3333104253733829e-02 1.0000085480397682e+00 7.2890927870449873e-02 1.3607143016322507e-01 2.7457048378308887e+01 23
1 0 1 1 3.2777764593325362e-02 2.3315521701936327e-02 1.0000088092511821e+00 7.2833305393510128e-02 1.3700121243716201e-01 2.7507048370615145e+01 23
1 0 1 1 3.2754599129374506e-02 2.3297904092791501e-02 1.0000090769155399e+00 7.2775828750467592e-02 1.3793246256215877e-01 2.7557048362923332e+01 23
1 0 1 1 3.2731318364674432e-02 2.3280252347269447e-02 1.0000093511473529e+00 7.2718498548754951e-02 1.3886516499193144e-01 2.7607048355256758e+01 23
1 0 1 1 3.2707924125047395e-02 2.3262567378555764e-02 1.0000096320620311e+00 7.2661315387103853e-02 1.3979930425705850e-01 2.7657048347595726e+01 23
1 0 1 1 3.2684418224828524e-02 2.3244850092060686e-02 1.0000099197758645e+00 7.2604279855501941e-02 1.4073486496634155e-01 2.7707048339953229e+01 23
1 0 1 1 3.2660802466873973e-02 2.3227101385469649e-02 1.0000102144060037e+00 7.2547392535289079e-02 1.4167183180581225e-01 2.7757048332324452e+01 23
1 0 1 1 3.2637078642544372e-02 2.3209322148773560e-02 1.0000105160704393e+00 7.2490653999169680e-02 1.4261018953915255e-01 2.7807048324712259e+01 23
1 0 1 1 3.2613248531703026e-02 2.3191513264308846e-02 1.0000108248879813e+00 7.2434064811266213e-02 1.4354992300746344e-01 2.7857048317118295e+01 23
1 0 1 1 3.2589313902702824e-02 2.3173675606788856e-02 1.0000111409782364e+00 7.2377625527163009e-02 1.4449101712900647e-01 2.7907048309533121e+01 23
1 0 1 1 3.2565276512380226e-02 2.3155810043339439e-02 1.0000114644615876e+00 7.2321336693915772e-02 1.4543345689986756e-01 2.7957048301975281e+01 23
1 0 1 1 3.2541138106067104e-02 2.3137917433546314e-02 1.0000117954591698e+00 7.2265198850157641e-02 1.4637722739260561e-01 2.8007048294424251e+01 22
1 0 1 1 3.2516900417562784e-02 2.3119998629471897e-02 1.0000121340928465e+00 7.2209212526062549e-02 1.4732231375763699e-01 2.8057048286898581e+01 22
1 0 1 1 3.2492565169166494e-02 2.3102054475719336e-02 1.0000124804851862e+00 7.2153378243461241e-02 1.4826870122188190e-01 2.8107048279388639e+01 22
1 0 1 1 3.2468134071651819e-02 2.3084085809446941e-02 1.0000128347594366e+00 7.2097696515839249e-02 1.4921637508935368e-01 2.8157048271893878e+01 22
1 0 1 1 3.2443608824280025e-02 2.3066093460414987e-02 1.0000131970395003e+00 7.2042167848386296e-02 1.5016532074106337e-01 2.8207048264422895e+01 22
1 0 1 1 3.2418991114809705e-02 2.3048078251028611e-02 1.0000135674499075e+00 7.1986792738065408e-02 1.5111552363440728e-01 2.8257048256967053e+01 22
1 0 1 1 3.2394282619490775e-02 2.3030040996365676e-02 1.0000139461157893e+00 7.1931571673623851e-02 1.5206696930366984e-01 2.8307048249533299e+01 22
1 0 1 1 3.2369485003082274e-02 2.3011982504225491e-02 1.0000143331628510e+00 7.1876505135665292e-02 1.5301964335935106e-01 2.8357048242114892e+01 22
1 0 1 1 3.2344599918849803e-02 2.2993903575156710e-02 1.0000147287173435e+00 7.1821593596667205e-02 1.5397353148866974e-01 2.8407048234724911e+01 22
1 0 1 1 3.2319629008591734e-02 2.2975805002510015e-02 1.0000151329060338e+00 7.1766837521071214e-02 1.5492861945445871e-01 2.8457048227345094e+01 22
1 0 1 1 3.2294573902626474e-02 2.2957687572459546e-02 1.0000155458561770e+00 7.1712237365262638e-02 1.5588489309636644e-01 2.8507048219995859e+01 22
1 0 1 1 3.2269436219832484e-02 2.2939552064062355e-02 1.0000159676954845e+00 7.1657793577691725e-02 1.5684233832922687e-01 2.8557048212658646e+01 22
1 0 1 1 3.2244217567631649e-02 2.2921399249274579e-02 1.0000163985520949e+00 7.1603506598846511e-02 1.5780094114435242e-01 2.8607048205351379e+01 22
1 0 1 1 3.2218919542035311e-02 2.2903229893015555e-02 1.0000168385545412e+00 7.1549376861367864e-02 1.5876068760806467e-01 2.8657048198059329e+01 22
1 0 1 1 3.2193543727631453e-02 2.2885044753186493e-02 1.0000172878317199e+00 7.1495404790037104e-02 1.5972156386259875e-01 2.8707048190790580e+01 22
1 0 1 1 3.2168091697621429e-02 2.2866844580723043e-02 1.0000177465128570e+00 7.1441590801857746e-02 1.6068355612544280e-01 2.8757048183550207e+01 22
1 0 1 1 3.2142565013834633e-02 2.2848630119633197e-02 1.0000182147274761e+00 7.1387935306110928e-02 1.6164665068882497e-01 2.8807048176322329e+01 22
1 0 1 1 3.2116965226732394e-02 2.2830402107027328e-02 1.0000186926053627e+00 7.1334438704352049e-02 1.6261083392062975e-01 2.8857048169126198e+01 22
1 0 1 1 3.2091293875454098e-02 2.2812161273174952e-02 1.0000191802765310e+00 7.1281101390526125e-02 1.6357609226289024e-01 2.8907048161947515e+01 22
1 0 1 1 3.2065552487816500e-02 2.2793908341531440e-02 1.0000196778711878e+00 7.1227923750957878e-02 1.6454241223275182e-01 2.8957048154797178e+01 22
1 0 1 1 3.2039742580350132e-02 2.2775644028785211e-02 1.0000201855196971e+00 7.1174906164443330e-02 1.6550978042138001e-01 2.9007048147664911e+01 22
1 0 1 1 3.2013865658310485e-02 2.2757369044891427e-02 1.0000207033525421e+00 7.1122049002258214e-02 1.6647818349461480e-01 2.9057048140562390e+01 22
1 0 1 1 3.1987923215720804e-02 2.2739084093125483e-02 1.0000212315002903e+00 7.1069352628247817e-02 1.6744760819198440e-01 2.9107048133482106e+01 22
1 0 1 1 3.1961916735377321e-02 2.2720789870107942e-02 1.0000217700935534e+00 7.1016817398845078e-02 1.6841804132694541e-01 2.9157048126420403e+01 21
1 0 1 1 3.1935847688882919e-02 2.2702487065851314e-02 1.0000223192629496e+00 7.0964443663112942e-02 1.6938946978707012e-01 2.9207048119396916e+01 21
1 0 1 1 3.1909717536692687e-02 2.2684176363812186e-02 1.0000228791390651e+00 7.0912231762852052e-02 1.7036188053243806e-01 2.9257048112382726e+01 21
1 0 1 1 3.1883527728101900e-02 2.2665858440904969e-02 1.0000234498524132e+00 7.0860182032551955e-02 1.7133526059749743e-01 2.9307048105406444e+01 21
1 0 1 1 3.1857279701322169e-02 2.2647533967574473e-02 1.0000240315333944e+00 7.0808294799543176e-02 1.7230959708879381e-01 2.9357048098448598e+01 21
1 0 1 1 3.1830974883476665e-02 2.2629203607813030e-02 1.0000246243122559e+00 7.0756570383968431e-02 1.7328487718631835e-01 2.9407048091521741e+01 21
1 0 1 1 3.1804614690650837e-02 2.2610868019214268e-02 1.0000252283190485e+00 7.0705009098883720e-02 1.7426108814217464e-01 2.9457048084613483e+01 21
1 0 1 1 3.1778200527906218e-02 2.2592527853001445e-02 1.0000258436835858e+00 7.0653611250261150e-02 1.7523821728136796e-01 2.9507048077738361e+01 21
1 0 1 1 3.1751733789335608e-02 2.2574183754084355e-02 1.0000264705354005e+00 7.0602377137088362e-02 1.7621625200056537e-01 2.9557048070885781e+01 21
1 0 1 1 3.1725215858079740e-02 2.2555836361089529e-02 1.0000271090037014e+00 7.0551307051376910e-02 1.7719517976872867e-01 2.9607048064063918e+01 21
1 0 1 1 3.1698648106371283e-02 2.2537486306405542e-02 1.0000277592173281e+00 7.0500401278243890e-02 1.7817498812617091e-01 2.9657048057264017e+01 21
1 0 1 1 3.1672031895557159e-02 2.2519134216215906e-02 1.0000284213047081e+00 7.0449660095930289e-02 1.7915566468496483e-01 2.9707048050493007e+01 21
1 0 1 1 3.1645368576148185e-02 2.2500780710550485e-02 1.0000290953938102e+00 7.0399083775875337e-02 1.8013719712826015e-01 2.9757048043750721e+01 21
1 0 1 1 3.1618659487851551e-02 2.2482426403323336e-02 1.0000297816120984e+00 7.0348672582760452e-02 1.8111957321012701e-01 2.9807048037034313e+01 21
1 0 1 1 3.1591905959602651e-02 2.2464071902368789e-02 1.0000304800864863e+00 7.0298426774551948e-02 1.8210278075545241e-01 2.9857048030345762e+01 21
1 0 1 1 3.1565109309609159e-02 2.2445717809486940e-02 1.0000311909432897e+00 7.0248346602557632e-02 1.8308680765961949e-01 2.9907048023688052e+01 21
1 0 1 1 3.1538270845391632e-02 2.2427364720487147e-02 1.0000319143081786e+00 7.0198432311483872e-02 1.8407164188805042e-01 2.9957048017054550e+01 21
1 0 1 1 3.1511391863810648e-02 2.2409013225218117e-02 1.0000326503061290e+00 7.0148684139465345e-02 1.8505727147631174e-01 3.0007048010447722e+01 21
1 0 1 1 3.1484473651114626e-02 2.2390663907615384e-02 1.0000333990613743e+00 7.0099102318125106e-02 1.8604368452979020e-01 3.0057048003875487e+01 21
1 0 1 1 3.1457517482991561e-02 2.2372317345751017e-02 1.0000341606973562e+00 7.0049687072643807e-02 1.8703086922301135e-01 3.0107047997329531e+01 21
1 0 1 1 3.1430523418663876e-02 2.2353974111857060e-02 1.0000349353366738e+00 7.0000438621783123e-02 1.8801881379981339e-01 3.0157047990808319e+01 21
1 0 1 1 3.1403489161229543e-02 2.2335634772375428e-02 1.0000357231010342e+00 6.9951357177936935e-02 1.8900750657317764e-01 3.0207047984320965e+01 21
1 0 1 1 3.1376420632560853e-02 2.2317299888000550e-02 1.0000365241112006e+00 6.9902442947205601e-02 1.8999693592445427e-01 3.0257047977862452e+01 21
1 0 1 1 3.1349319068570504e-02 2.2298970013716782e-02 1.0000373384869408e+00 6.9853696129426823e-02 1.9098709030342689e-01 3.0307047971430009e+01 20
1 0 1 1 3.1322185694787417e-02 2.2280645698833711e-02 1.0000381663469762e+00 6.9805116918221888e-02 1.9197795822815178e-01 3.0357047965029363e+01 20
1 0 1 1 3.1295021726410764e-02 2.2262327487036000e-02 1.0000390078089274e+00 6.9756705501061889e-02 1.9296952828435035e-01 3.0407047958657490e+01 20
1 0 1 1 3.1267828368348079e-02 2.2244015916418173e-02 1.0000398629892624e+00 6.9708462059305420e-02 1.9396178912538417e-01 3.0457047952315527e+01 20
1 0 1 1 3.1240606815262313e-02 2.2225711519526670e-02 1.0000407320032425e+00 6.9660386768253868e-02 1.9495472947194861e-01 3.0507047946007646e+01 20
1 0 1 1 3.1213358251620100e-02 2.2207414823400679e-02 1.0000416149648677e+00 6.9612479797212135e-02 1.9594833811141396e-01 3.0557047939722267e+01 20
1 0 1 1 3.1186083851723161e-02 2.2189126349605584e-02 1.0000425119868226e+00 6.9564741309504935e-02 1.9694260389830084e-01 3.0607047933469676e+01 20
1 0 1 1 3.1158784779769872e-02 2.2170846614280221e-02 1.0000434231804214e+00 6.9517171462559924e-02 1.9793751575339144e-01 3.0657047927252574e+01 20
1 0 1 1 3.1131462189904490e-02 2.2152576128180862e-02 1.0000443486555517e+00 6.9469770407957349e-02 1.9893306266336599e-01 3.0707047921061680e+01 20
1 0 1 1 3.1104117226247566e-02 2.2134315396708289e-02 1.0000452885206186e+00 6.9422538291455560e-02 1.9992923368097515e-01 3.0757047914899438e+01 20
1 0 1 1 3.1076751022951120e-02 2.2116064919953004e-02 1.0000462428824886e+00 6.9375475253052432e-02 2.0092601792459880e-01 3.0807047908772621e+01 20
1 0 1 1 3.1049364704254654e-02 2.2097825192740263e-02 1.0000472118464314e+00 6.9328581427049618e-02 2.0192340457760249e-01 3.0857047902674793e+01 20
1 0 1 1 3.1021959384522381e-02 2.2079596704662717e-02 1.0000481955160647e+00 6.9281856942081610e-02 2.0292138288849082e-01 3.0907047896608773e+01 20
1 0 1 1 3.0994536168297886e-02 2.2061379940123894e-02 1.0000491939932936e+00 6.9235301921177383e-02 2.0391994217025469e-01 3.0957047890568898e+01 20
1 0 1 1 3.0967096150343765e-02 2.2043175378370590e-02 1.0000502073782549e+00 6.9188916481791762e-02 2.0491907180068478e-01 3.1007047884572074e+01 20
1 0 1 1 3.0939640415715775e-02 2.2024983493548183e-02 1.0000512357692564e+00 6.9142700735902285e-02 2.0591876122077843e-01 3.1057047878593142e+01 20
1 0 1 1 3.0912170039770970e-02 2.2006804754713498e-02 1.0000522792627193e+00 6.9096654789983558e-02 2.0691899993623192e-01 3.1107047872654523e+01 20
1 0 1 1 3.0884686088261736e-02 2.1988639625902438e-02 1.0000533379531182e+00 6.9050778745129160e-02 2.0791977751553123e-01 3.1157047866746066e+01 20
1 0 1 1 3.0857189617356305e-02 2.1970488566147764e-02 1.0000544119329213e+00 6.9005072697059688e-02 2.0892108359046371e-01 3.1207047860866506e+01 20
1 0 1 1 3.0829681673697495e-02 2.1952352029525238e-02 1.0000555012925303e+00 6.8959536736176302e-02 2.0992290785577639e-01 3.1257047855021160e+01 20
1 0 1 1 3.0802163294459610e-02 2.1934230465195093e-02 1.0000566061202203e+00 6.8914170947622366e-02 2.1092524006863161e-01 3.1307047849210569e+01 20
1 0 1 1 3.0774635507396574e-02 2.1916124317438803e-02 1.0000577265020782e+00 6.8868975411330691e-02 2.1192807004818026e-01 3.1357047843424731e+01 20
1 0 1 1 3.0747099330878019e-02 2.1898034025685575e-02 1.0000588625219433e+00 6.8823950202046902e-02 2.1293138767591163e-01 3.1407047837676657e+01 20
1 0 1 1 3.0719555773969103e-02 2.1879960024573836e-02 1.0000600142613434e+00 6.8779095389415429e-02 2.1393518289456237e-01 3.1457047831962228e+01 20
1 0 1 1 3.0692005836461759e-02 2.1861902743968639e-02 1.0000611817994358e+00 6.8734411038009813e-02 2.1493944570807491e-01 3.1507047826276025e+01 19
1 0 1 1 3.0664450508930026e-02 2.1843862609009192e-02 1.0000623652129437e+00 6.8689897207371120e-02 2.1594416618158113e-01 3.1557047820624000e+01 19
1 0 1 1 3.0636890772785585e-02 2.1825840040143121e-02 1.0000635645760949e+00 6.8645553952073002e-02 2.1694933444066511e-01 3.1607047815004403e+01 19
1 0 1 1 3.0609327600328418e-02 2.1807835453165003e-02 1.0000647799605593e+00 6.8601381321761135e-02 2.1795494067129839e-01 3.1657047809419591e+01 19
1 0 1 1 3.0581761954802479e-02 2.1789849259256120e-02 1.0000660114353861e+00 6.8557379361208537e-02 2.1896097511927257e-01 3.1707047803863897e+01 19
1 0 1 1 3.0554194790440241e-02 2.1771881865016031e-02 1.0000672590669415e+00 6.8513548110347849e-02 2.1996742809026962e-01 3.1757047798342935e+01 19
1 0 1 1 3.0526627052525089e-02 2.1753933672506411e-02 1.0000685229188460e+00 6.8469887604335422e-02 2.2097428994921470e-01 3.1807047792857503e+01 19
1 0 1 1 3.0499059677441081e-02 2.1736005079283246e-02 1.0000698030519104e+00 6.8426397873597250e-02 2.2198155111982557e-01 3.1857047787397750e+01 19
1 0 1 1 3.0471493592716385e-02 2.1718096478432317e-02 1.0000710995240745e+00 6.8383078943851955e-02 2.2298920208509038e-01 3.1907047781981714e+01 19
1 0 1 1 3.0443929717100627e-02 2.1700208258615492e-02 1.0000724123903415e+00 6.8339930836206930e-02 2.2399723338556038e-01 3.1957047776588226e+01 19
1 0 1 1 3.0416368960583973e-02 2.1682340804089539e-02 1.0000737417027177e+00 6.8296953567143909e-02 2.2500563562055839e-01 3.2007047771231704e+01 19
1 0 1 1 3.0388812224480172e-02 2.1664494494759757e-02 1.0000750875101467e+00 6.8254147148611971e-02 2.2601439944694282e-01 3.2057047765917559e+01 19
1 0 1 1 3.0361260401479250e-02 2.1646669706215295e-02 1.0000764498584465e+00 6.8211511588078533e-02 2.2702351557828487e-01 3.2107047760617448e+01 19
1 0 1 1 3.0333714375659439e-02 2.1628866809738165e-02 1.0000778287902483e+00 6.8169046888506141e-02 2.2803297478653600e-01 3.2157047755368225e+01 19
1 0 1 1 3.0306175022606671e-02 2.1611086172382610e-02 1.0000792243449304e+00 6.8126753048500577e-02 2.2904276789920472e-01 3.2207047750147829e+01 19
1 0 1 1 3.0278643209419382e-02 2.1593328156977974e-02 1.0000806365585559e+00 6.8084630062283991e-02 2.3005288580059161e-01 3.2257047744952935e+01 19
1 0 1 1 3.0251119794767051e-02 2.1575593122167121e-02 1.0000820654638116e+00 6.8042677919747219e-02 2.3106331943149561e-01 3.2307047739800680e+01 19
1 0 1 1 3.0223605628970175e-02 2.1557881422458815e-02 1.0000835110899418e+00 6.8000896606534578e-02 2.3207405978792642e-01 3.2357047734680968e+01 19
1 0 1 1 3.0196101554033360e-02 2.1540193408250356e-02 1.0000849734626871e+00 6.7959286104056993e-02 2.3308509792144524e-01 3.2407047729589216e+01 19
1 0 1 1 3.0168608403695309e-02 2.1522529425858933e-02 1.0000864526042224e+00 6.7917846389533243e-02 2.3409642493900712e-01 3.2457047724535073e+01 19
1 0 1 1 3.0141127003498160e-02 2.1504889817564751e-02 1.0000879485330927e+00 6.7876577436058183e-02 2.3510803200208613e-01 3.2507047719515654e+01 19
1 0 1 1 3.0113658170833297e-02 2.1487274921642811e-02 1.0000894612641520e+00 6.7835479212635552e-02 2.3611991032656424e-01 3.2557047714525652e+01 19
1 0 1 1 3.0086202714991808e-02 2.1469685072395387e-02 1.0000909908085016e+00 6.7794551684212667e-02 2.3713205118279698e-01 3.2607047709576420e+01 19
1 0 1 1 3.0058761437230949e-02 2.1452120600190652e-02 1.0000925371734266e+00 6.7753794811753587e-02 2.3814444589423819e-01 3.2657047704645294e+01 18
1 0 1 1 3.0031335130796505e-02 2.1434581831481142e-02 1.0000941003623378e+00 6.7713208552223958e-02 2.3915708583912140e-01 3.2707047699773298e+01 18
1 0 1 1 3.0003924581039270e-02 2.1417069088872743e-02 1.0000956803747063e+00 6.7672792858740949e-02 2.4016996244689776e-01 3.2757047694906809e+01 18
1 0 1 1 2.9976530565379217e-02 2.1399582691105291e-02 1.0000972772060084e+00 6.7632547680473526e-02 2.4118306720189417e-01 3.2807047690092801e+01 18
1 0 1 1 2.9949153853446299e-02 2.1382122953138859e-02 1.0000988908476600e+00 6.7592472962820643e-02 2.4219639163951392e-01 3.2857047685308267e+01 18
1 0 1 1 2.9921794805405699e-02 2.1364686407568383e-02 1.0001005219127574e+00 6.7552568647375771e-02 2.4320994183821504e-01 3.2907048327672797e+01 18
1 0 1 1 2.9894455370359882e-02 2.1347275269815912e-02 1.0001021701473229e+00 6.7512836220234240e-02 2.4422366523063022e-01 3.2957047455419342e+01 18
1 0 1 1 2.9867135145563384e-02 2.1329891490721908e-02 1.0001038352010025e+00 6.7473273546635959e-02 2.4523759635262068e-01 3.3007047226800147e+01 18
1 0 1 1 2.9839834857190717e-02 2.1312535363566545e-02 1.0001055170505133e+00 6.7433880544197800e-02 2.4625172745212465e-01 3.3057047666297137e+01 18
1 0 1 1 2.9812555843878267e-02 2.1295207571671110e-02 1.0001072156294459e+00 6.7394658017011638e-02 2.4726602776650547e-01 3.3107047661687112e+01 18
1 0 1 1 2.9785298586749654e-02 2.1277908254183225e-02 1.0001089309191449e+00 6.7355605537517738e-02 2.4828049814850470e-01 3.3157047657109125e+01 18
1 0 1 1 2.9758063802065644e-02 2.1260637700956708e-02 1.0001106628816245e+00 6.7316723025301201e-02 2.4929513049351720e-01 3.3207047652554273e+01 18
1 0 1 1 2.9730852198671786e-02 2.1243396198283158e-02 1.0001124114743793e+00 6.7278010396439297e-02 2.5030991674736119e-01 3.3257047648037577e+01 18
1 0 1 1 2.9703664478072437e-02 2.1226184028934385e-02 1.0001141766503272e+00 6.7239467563576349e-02 2.5132484890503570e-01 3.3307047643553105e+01 18
1 0 1 1 2.9676501334472943e-02 2.1209001472191080e-02 1.0001159583577579e+00 6.7201094435942688e-02 2.5233991901117642e-01 3.3357047639110675e+01 18
1 0 1 1 2.9649363454844941e-02 2.1191848803877578e-02 1.0001177565402777e+00 6.7162890919421570e-02 2.5335511915865105e-01 3.3407047634683366e+01 18
1 0 1 1 2.9622251518939300e-02 2.1174726296371696e-02 1.0001195711367610e+00 6.7124856916526698e-02 2.5437044149031501e-01 3.3457047630308210e+01 18
1 0 1 1 2.9595166199400526e-02 2.1157634218672755e-02 1.0001214020812952e+00 6.7086992326533812e-02 2.5538587819584802e-01 3.3507047625946043e+01 18
1 0 1 1 2.9568108161745311e-02 2.1140572836385114e-02 1.0001232493031353e+00 6.7049297045417122e-02 2.5640142151448342e-01 3.3557047621631540e+01 18
1 0 1 1 2.9541078064483913e-02 2.1123542411795235e-02 1.0001251127266515e+00 6.7011770965982098e-02 2.5741706373221873e-01 3.3607047617349686e+01 18
1 0 1 1 2.9514076559132331e-02 2.1106543203872969e-02 1.0001269922712830e+00 6.6974413977855307e-02 2.5843279718247564e-01 3.3657047613084544e+01 18
1 0 1 1 2.9487104290251469e-02 2.1089575468297775e-02 1.0001288878514936e+00 6.6937225967498709e-02 2.5944861424685467e-01 3.3707047608869821e+01 18
1 0 1 1 2.9460161895547260e-02 2.1072639457515321e-02 1.0001307993767221e+00 6.6900206818323399e-02 2.6046450735244847e-01 3.3757047604672657e+01 18
1 0 1 1 2.9433250005864511e-02 2.1055735420733579e-02 1.0001327267513442e+00 6.6863356410642449e-02 2.6148046897406463e-01 3.3807047600516633e+01 18
1 0 1 1 2.9406369245283902e-02 2.1038863603979996e-02 1.0001346698746247e+00 6.6826674621774634e-02 2.6249649163201022e-01 3.3857047596387503e+01 17
1 0 1 1 2.9379520231142014e-02 2.1022024250111845e-02 1.0001366286406808e+00 6.6790161326039321e-02 2.6351256789301819e-01 3.3907047592293125e+01 17
1 0 1 1 2.9352703574098544e-02 2.1005217598854001e-02 1.0001386029384394e+00 6.6753816394817478e-02 2.6452869036912696e-01 3.3957047588222693e+01 17
1 0 1 1 2.9325919878168152e-02 2.0988443886818316e-02 1.0001405926516016e+00 6.6717639696561137e-02 2.6554485171839093e-01 3.4007047584195348e+01 17
1 0 1 1 2.9299169740801868e-02 2.0971703347549844e-02 1.0001425976586045e+00 6.6681631096873861e-02 2.6656104464299152e-01 3.4057047580181312e+01 17
1 0 1 1 2.9272453752884040e-02 2.0954996211521783e-02 1.0001446178325881e+00 6.6645790458476628e-02 2.6757726189119063e-01 3.4107047576212274e+01 17
1 0 1 1 2.9245772498842578e-02 2.0938322706203771e-02 1.0001466530413612e+00 6.6610117641320382e-02 2.6859349625487439e-01 3.4157047572272980e+01 17
1 0 1 1 2.9219126556659390e-02 2.0921683056062249e-02 1.0001487031473695e+00 6.6574612502575459e-02 2.6960974057032772e-01 3.4207047568354064e+01 17
1 0 1 1 2.9192516497915218e-02 2.0905077482586357e-02 1.0001507680076684e+00 6.6539274896656675e-02 2.7062598771823826e-01 3.4257047564464862e+01 17
1 0 1 1 2.9165942887852566e-02 2.0888506204325794e-02 1.0001528474738943e+00 6.6504104675277259e-02 2.7164223062311804e-01 3.4307047560617853e+01 17
1 0 1 1 2.9139406285436785e-02 2.0871969436923071e-02 1.0001549413922370e+00 6.6469101687501975e-02 2.7265846225224266e-01 3.4357047556790178e+01 17
1 0 1 1 2.9112907243369554e-02 2.0855467393119501e-02 1.0001570496034202e+00 6.6434265779732354e-02 2.7367467561671388e-01 3.4407047552988146e+01 17
1 0 1 1 2.9086446308152106e-02 2.0839000282791908e-02 1.0001591719426766e+00 6.6399596795762156e-02 2.7469086377068219e-01 3.4457047549221755e+01 17
1 0 1 1 2.9060024020144987e-02 2.0822568312986720e-02 1.0001613082397296e+00 6.6365094576823880e-02 2.7570701981059115e-01 3.4507047545479502e+01 17
1 0 1 1 2.9033640913592996e-02 2.0806171687930509e-02 1.0001634583187762e+00 6.6330758961594932e-02 2.7672313687570271e-01 3.4557047541767197e+01 17
1 0 1 1 2.9007297516686105e-02 2.0789810609065519e-02 1.0001656219984718e+00 6.6296589786246474e-02 2.7773920814717873e-01 3.4607047538074305e+01 17
1 0 1 1 2.8980994351586870e-02 2.0773485275062811e-02 1.0001677990919178e+00 6.6262586884450303e-02 2.7875522684881027e-01 3.4657047534421913e+01 17
1 0 1 1 2.8954731934512805e-02 2.0757195881872054e-02 1.0001699894066494e+00 6.6228750087454380e-02 2.7977118624517344e-01 3.4707047530782603e+01 17
1 0 1 1 2.8928509725584691e-02 2.0740942622710420e-02 1.0001721927446312e+00 6.6195079224051989e-02 2.8078707964329658e-01 3.4757047527175686e+01 17
1 0 1 1 2.8902319202229125e-02 2.0724725688116459e-02 1.0001744089022480e+00 6.6161574120660260e-02 2.8180290039098221e-01 3.4807047523594207e+01 17
1 0 1 1 2.8876170985552275e-02 2.0708545265960041e-02 1.0001766376703034e+00 6.6128234601326386e-02 2.8281864187713351e-01 3.4857047520032800e+01 17
1 0 1 1 2.8850065568895005e-02 2.0692401541464501e-02 1.0001788788340202e+00 6.6095060487750101e-02 2.8383429753180817e-01 3.4907047516500768e+01 17
1 0 1 1 2.8824003439843506e-02 2.0676294697241020e-02 1.0001811321730409e+00 6.6062051599330845e-02 2.8484986082553915e-01 3.4957047512998898e+01 17
1 0 1 1 2.8797985080269713e-02 2.0660224913306796e-02 1.0001833974614325e+00 6.6029207753193764e-02 2.8586532526878661e-01 3.5007047509503607e+01 17
1 0 1 1 2.8772010966342961e-02 2.0644192367092012e-02 1.0001856744676971e+00 6.5996528764174001e-02 2.8688068441327563e-01 3.5057047506041791e+01 17
1 0 1 1 2.8746081568617445e-02 2.0628197233488736e-02 1.0001879629547785e+00 6.5964014444900743e-02 2.8789593185008566e-01 3.5107047502607045e+01 16
1 0 1 1 2.8720197352055599e-02 2.0612239684860457e-02 1.0001902626800769e+00 6.5931664605799800e-02 2.8891106120996607e-01 3.5157047499185083e+01 16
1 0 1 1 2.8694358776056098e-02 2.0596319891058326e-02 1.0001925733954664e+00 6.5899479055098825e-02 2.8992606616386546e-01 3.5207047495788018e+01 16
1 0 1 1 2.8668566294515040e-02 2.0580438019452776e-02 1.0001948948473121e+00 6.5867457598879242e-02 2.9094094042184215e-01 3.5257047492410770e+01 16
1 0 1 1 2.8642820355855417e-02 2.0564594234948688e-02 1.0001972267764931e+00 6.5835600041085379e-02 2.9195567773344733e-01 3.5307047489058384e+01 16
1 0 1 1 2.8617121403078774e-02 2.0548788700013774e-02 1.0001995689184269e+00 6.5803906183561023e-02 2.9297027188702551e-01 3.5357047485719868e+01 16
1 0 1 1 2.8591469873788751e-02 2.0533021574689045e-02 1.0002019210030988e+00 6.5772375826051777e-02 2.9398471671016824e-01 3.5407047482398873e+01 16
1 0 1 1 2.8565866200240032e-02 2.0517293016616048e-02 1.0002042827550930e+00 6.5741008766238507e-02 2.9499900606935475e-01 3.5457047479103622e+01 16
1 0 1 1 2.8540310809386307e-02 2.0501603181060677e-02 1.0002066538936250e+00 6.5709804799772259e-02 2.9601313386924122e-01 3.5507047475820485e+01 16
1 0 1 1 2.8514804122900105e-02 2.0485952220923059e-02 1.0002090341325818e+00 6.5678763720270039e-02 2.9702709405337097e-01 3.5557047472555624e+01 16
1 0 1 1 2.8489346557225483e-02 2.0470340286766163e-02 1.0002114231805617e+00 6.5647885319353061e-02 2.9804088060342265e-01 3.5607047469305080e+01 16
1 0 1 1 2.8463938523607901e-02 2.0454767526830873e-02 1.0002138207409188e+00 6.5617169386657320e-02 2.9905448753949831e-01 3.5657047466075753e+01 16
1 0 1 1 2.8438580428142932e-02 2.0439234087060207e-02 1.0002162265118095e+00 6.5586615709867957e-02 3.0006790891936191e-01 3.5707047462855087e+01 16
1 0 1 1 2.8413272671795435e-02 2.0423740111108576e-02 1.0002186401862450e+00 6.5556224074715119e-02 3.0108113883904758e-01 3.5757047459646728e+01 16
1 0 1 1 2.8388015650445974e-02 2.0408285740368161e-02 1.0002210614521447e+00 6.5525994265004134e-02 3.0209417143259043e-01 3.5807047456462840e+01 16
1 0 1 1 2.8362809754940967e-02 2.0392871113992458e-02 1.0002234899923919e+00 6.5495926062652837e-02 3.0310700087100778e-01 3.5857047453280835e+01 16
1 0 1 1 2.8337655371097940e-02 2.0377496368898518e-02 1.0002259254848980e+00 6.5466019247668428e-02 3.0411962136355136e-01 3.5907047450109175e+01 16
1 0 1 1 2.8312552879757587e-02 2.0362161639794339e-02 1.0002283676026664e+00 6.5436273598187572e-02 3.0513202715712301e-01 3.5957047446964381e+01 16
1 0 1 1 2.8287502656840203e-02 2.0346867059209114e-02 1.0002308160138558e+00 6.5406688890517012e-02 3.0614421253491991e-01 3.6007047443808887e+01 16
1 0 1 1 2.8262505073325391e-02 2.0331612757478221e-02 1.0002332703818593e+00 6.5377264899083021e-02 3.0715617181880750e-01 3.6057047440672257e+01 16
1 0 1 1 2.8237560495336000e-02 2.0316398862789214e-02 1.0002357303653726e+00 6.5348001396509758e-02 3.0816789936722200e-01 3.6107047437552872e+01 16
1 0 1 1 2.8212669284165316e-02 2.0301225501198460e-02 1.0002381956184743e+00 6.5318898153619798e-02 3.0917938957525781e-01 3.6157047434424065e+01 16
1 0 1 1 2.8187831796270008e-02 2.0286092796617583e-02 1.0002406657907097e+00 6.5289954939408479e-02 3.1019063687616244e-01 3.6207047431314443e+01 16
1 0 1 1 2.8163048383356197e-02 2.0271000870867001e-02 1.0002431405271728e+00 6.5261171521113936e-02 3.1120163573925319e-01 3.6257047428205901e+01 16
1 0 1 1 2.8138319392374777e-02 2.0255949843667648e-02 1.0002456194685976e+00 6.5232547664189816e-02 3.1221238067118229e-01 3.6307047425100194e+01 16
1 0 1 1 2.8113645165563712e-02 2.0240939832663746e-02 1.0002481022514491e+00 6.5204083132329338e-02 3.1322286621569262e-01 3.6357047422009316e+01 16
1 0 1 1 2.8089025133644304e-02 2.0225963844757996e-02 1.0002505919102842e+00 6.5175777687496161e-02 3.1423311922461045e-01 3.6407048662426362e+01 16
1 0 1 1 2.8064462332575785e-02 2.0211029852241130e-02 1.0002530847461566e+00 6.5147633199759719e-02 3.1524302783014557e-01 3.6457046201986095e+01 16
1 0 1 1 2.8039953521662567e-02 2.0196136175249541e-02 1.0002555805566622e+00 6.5119645277741667e-02 3.1625273370531898e-01 3.6507047339343387e+01 16
1 0 1 1 2.8015501315313465e-02 2.0181284315997212e-02 1.0002580787293753e+00 6.5091816301285271e-02 3.1726213732335684e-01 3.6557047409872077e+01 15
1 0 1 1 2.7991105545066015e-02 2.0166474085671546e-02 1.0002605789302454e+00 6.5064145467264661e-02 3.1827125347165519e-01 3.6607047406792020e+01 15
1 0 1 1 2.7966766489535815e-02 2.0151705568014478e-02 1.0002630807756838e+00 6.5036632488003232e-02 3.1928007839944217e-01 3.6657047403698300e+01 15
1 0 1 1 2.7942484458861876e-02 2.0136978866677157e-02 1.0002655838748664e+00 6.5009277115207237e-02 3.2028860690732419e-01 3.6707047400626145e+01 15
1 0 1 1 2.7918259758745907e-02 2.0122294083363905e-02 1.0002680878335248e+00 6.4982079098947848e-02 3.2129683383086000e-01 3.6757047397530947e+01 15
1 0 1 1 2.7894092690416275e-02 2.0107651317813637e-02 1.0002705922540758e+00 6.4955038187590186e-02 3.2230475404365616e-01 3.6807047394438648e+01 15
1 0 1 1 2.7869983550699546e-02 2.0093050667833526e-02 1.0002730967357398e+00 6.4928154127857352e-02 3.2331236245513578e-01 3.6857047391338305e+01 15
1 0 1 1 2.7845932632027726e-02 2.0078492229304877e-02 1.0002756008746749e+00 6.4901426664809803e-02 3.2431965401180862e-01 3.6907047388242333e+01 15
1 0 1 1 2.7821940222487004e-02 2.0063976096205995e-02 1.0002781042641038e+00 6.4874855541876636e-02 3.2532662369587212e-01 3.6957047385117605e+01 15
1 0 1 1 2.7798006605795251e-02 2.0049502360598510e-02 1.0002806064944556e+00 6.4848440500808013e-02 3.2633326652786193e-01 3.7007047382015273e+01 15
1 0 1 1 2.7774132061409221e-02 2.0035071112685543e-02 1.0002831071534939e+00 6.4822181281768781e-02 3.2733957756255233e-01 3.7057047378866969e+01 15
1 0 1 1 2.7750316864440565e-02 2.0020682440760038e-02 1.0002856058264697e+00 6.4796077623224646e-02 3.2834555189431019e-01 3.7107047375748834e+01 15
1 0 1 1 2.7726561285808918e-02 2.0006336431293202e-02 1.0002881020962520e+00 6.4770129262083864e-02 3.2935118465115826e-01 3.7157047372584785e+01 15
1 0 1 1 2.7702865592140549e-02 1.9992033168870483e-02 1.0002905955434866e+00 6.4744335933563713e-02 3.3035647100046522e-01 3.7207047369427379e+01 15
1 0 1 1 2.7679230045886134e-02 1.9977772736259298e-02 1.0002930857467369e+00 6.4718697371298206e-02 3.3136140614509996e-01 3.7257047366264949e+01 15
1 0 1 1 2.7655654905317090e-02 1.9963555214403114e-02 1.0002955722826370e+00 6.4693213307305930e-02 3.3236598532430706e-01 3.7307047363062296e+01 15
1 0 1 1 2.7632140424506551e-02 1.9949380682406866e-02 1.0002980547260518e+00 6.4667883471949378e-02 3.3337020381579829e-01 3.7357047359862605e+01 15
1 0 1 1 2.7608686853419134e-02 1.9935249217589646e-02 1.0003005326502268e+00 6.4642707594008558e-02 3.3437405693314753e-01 3.7407047356654509e+01 15
1 0 1 1 2.7585294437907661e-02 1.9921160895476301e-02 1.0003030056269488e+00 6.4617685400652825e-02 3.3537754002657549e-01 3.7457047353408981e+01 15
1 0 1 1 2.7561963419704742e-02 1.9907115789792356e-02 1.0003054732267129e+00 6.4592816617408955e-02 3.3638064848460603e-01 3.7507047350157798e+01 15
1 0 1 1 2.7538694036493196e-02 1.9893113972502281e-02 1.0003079350188788e+00 6.4568100968214887e-02 3.3738337773229693e-01 3.7557047346902429e+01 15
1 0 1 1 2.7515486521923590e-02 1.9879155513814945e-02 1.0003103905718378e+00 6.4543538175413084e-02 3.3838572323087990e-01 3.7607047343593209e+01 15
1 0 1 1 2.7492341105572925e-02 1.9865240482158913e-02 1.0003128394531879e+00 6.4519127959684452e-02 3.3938768048114692e-01 3.7657047340293246e+01 15
1 0 1 1 2.7469258013061697e-02 1.9851368944247948e-02 1.0003152812298921e+00 6.4494870040149699e-02 3.4038924501916656e-01 3.7707047336961764e+01 15
1 0 1 1 2.7446237466003456e-02 1.9837540965046724e-02 1.0003177154684575e+00 6.4470764134293201e-02 3.4139041241945906e-01 3.7757047333608860e+01 15
1 0 1 1 2.7423279682056059e-02 1.9823756607801158e-02 1.0003201417351046e+00 6.4446809957992846e-02 3.4239117829386545e-01 3.7807047330233743e+01 15
1 0 1 1 2.7400378287125039e-02 1.9810015934041091e-02 1.0003225595959429e+00 6.4423007225513890e-02 3.4339153829178415e-01 3.7857047326833786e+01 15
1 0 1 1 2.7377535200960604e-02 1.9796319003590222e-02 1.0003249686171458e+00 6.4399355649505358e-02 3.4439148810045711e-01 3.7907047323413586e+01 15
1 0 1 1 2.7354755582103773e-02 1.9782665874578786e-02 1.0003273683651275e+00 6.4375854941006755e-02 3.4539102344464506e-01 3.7957047319964836e+01 15
1 0 1 1 2.7332039632482964e-02 1.9769056603449704e-02 1.0003297584067210e+00 6.4352504809434996e-02 3.4639014008722108e-01 3.8007047316490144e+01 15
1 0 1 1 2.7309387550158482e-02 1.9755491244964923e-02 1.0003321383093571e+00 6.4329304962589207e-02 3.4738883382900648e-01 3.8057047312992474e+01 15
1 0 1 1 2.7286799529350533e-02 1.9741969852221680e-02 1.0003345076412431e+00 6.4306255106652221e-02 3.4838710050856042e-01 3.8107047309458075e+01 15
1 0 1 1 2.7264275760437384e-02 1.9728492476648377e-02 1.0003368659715459e+00 6.4283354946170101e-02 3.4938493600343706e-01 3.8157047305915249e+01 15
1 0 1 1 2.7241816430017742e-02 1.9715059168036932e-02 1.0003392128705675e+00 6.4260604184091408e-02 3.5038233622803899e-01 3.8207047302322557e+01 15
1 0 1 1 2.7219421720870142e-02 1.9701669974516493e-02 1.0003415479099329e+00 6.4238002521704474e-02 3.5137929713662636e-01 3.8257047298714340e+01 15
1 0 1 1 2.7197091812028746e-02 1.9688324942595658e-02 1.0003438706627668e+00 6.4215549658691612e-02 3.5237581472082141e-01 3.8307047295070774e+01 14
1 0 1 1 2.7174826878767423e-02 1.9675024117150341e-02 1.0003461807038772e+00 6.4193245293090451e-02 3.5337188501129269e-01 3.8357047291397159e+01 14
1 0 1 1 2.7152627092630950e-02 1.9661767541437409e-02 1.0003484776099367e+00 6.4171089121305425e-02 3.5436750407721851e-01 3.8407047287693281e+01 14
1 0 1 1 2.7130492621452652e-02 1.9648555257103684e-02 1.0003507609596642e+00 6.4149080838102751e-02 3.5536266802665911e-01 3.8457047283966332e+01 14
1 0 1 1 2.7108423629384759e-02 1.9635387304200835e-02 1.0003530303340049e+00 6.4127220136617868e-02 3.5635737300592019e-01 3.8507047280194129e+01 14
1 0 1 1 2.7086420276886278e-02 1.9622263721172817e-02 1.0003552853163131e+00 6.4105506708324100e-02 3.5735161520094533e-01 3.8557047276391600e+01 14
1 0 1 1 2.7064482720768879e-02 1.9609184544884119e-02 1.0003575254925310e+00 6.4083940243053805e-02 3.5834539083660338e-01 3.8607047272567868e+01 14
1 0 1 1 2.7042611114216221e-02 1.9596149810624106e-02 1.0003597504513664e+00 6.4062520429001790e-02 3.5933869617642128e-01 3.8657047268710997e+01 14
1 0 1 1 2.7020805606796622e-02 1.9583159552113098e-02 1.0003619597844724e+00 6.4041246952708214e-02 3.6033152752275815e-01 3.8707047264790035e+01 14
1 0 1 1 2.6999066344437030e-02 1.9570213801484649e-02 1.0003641530866298e+00 6.4020119499021644e-02 3.6132388121960085e-01 3.8757047260892243e+01 14
1 0 1 1 2.6977393469561343e-02 1.9557312589362420e-02 1.0003663299559096e+00 6.3999137751207968e-02 3.6231575364645946e-01 3.8807047256911623e+01 14
1 0 1 1 2.6955787120959983e-02 1.9544455944780700e-02 1.0003684899938639e+00 6.3978301390800296e-02 3.6330714122549440e-01 3.8857047252902589e+01 14
1 0 1 1 2.6934247433894373e-02 1.9531643895243919e-02 1.0003706328056892e+00 6.3957610097689854e-02 3.6429804041801067e-01 3.8907047248900554e+01 14
1 0 1 1 2.6912774540151330e-02 1.9518876466754931e-02 1.0003727580003967e+00 6.3937063550146833e-02 3.6528844772236607e-01 3.8957047244810930e+01 14
1 0 1 1 2.6891368567934022e-02 1.9506153683745781e-02 1.0003748651909916e+00 6.3916661424703425e-02 3.6627835968011080e-01 3.9007047240716915e+01 14
1 0 1 1 2.6870029642008905e-02 1.9493475569163789e-02 1.0003769539946303e+00 6.3896403396271839e-02 3.6726777287024431e-01 3.9057047236584459e+01 14
1 0 1 1 2.6848757883656069e-02 1.9480842144438869e-02 1.0003790240327928e+00 6.3876289138078246e-02 3.6825668391243888e-01 3.9107047232421699e+01 14
1 0 1 1 2.6827553410711281e-02 1.9468253429502393e-02 1.0003810749314421e+00 6.3856318321683481e-02 3.6924508946570800e-01 3.9157047228209706e+01 14
1 0 1 1 2.6806416337560063e-02 1.9455709442784228e-02 1.0003831063211903e+00 6.3836490616956898e-02 3.7023298622999506e-01 3.9207047223977618e+01 14
1 0 1 1 2.6785346150883394e-02 1.9443205591319727e-02 1.0003851215929562e+00 6.3816805692111594e-02 3.7122039287909575e-01 3.9257047937423529e+01 14
1 0 1 1 2.6764344113750192e-02 1.9430744220867675e-02 1.0003871189092319e+00 6.3797264060327707e-02 3.7220725470589000e-01 3.9307046906526530e+01 14
1 0 1 1 2.6743409428441403e-02 1.9418327449843054e-02 1.0003890957144361e+00 6.3777864182176486e-02 3.7319361541601315e-01 3.9357046749624608e+01 14
1 0 1 1 2.6722542307423321e-02 1.9405955357052102e-02 1.0003910516464936e+00 6.3758605827927223e-02 3.7417946673332525e-01 3.9407047207720410e+01 14
1 0 1 1 2.6701743298348991e-02 1.9393628220346723e-02 1.0003929863176346e+00 6.3739489074995187e-02 3.7516478430727523e-01 3.9457047203324741e+01 14
1 0 1 1 2.6681012302250142e-02 1.9381345934674686e-02 1.0003948994060623e+00 6.3720513404687762e-02 3.7614957419507761e-01 3.9507047198887378e+01 14
1 0 1 1 2.6660349410159295e-02 1.9369108508171418e-02 1.0003967905774727e+00 6.3701678475405255e-02 3.7713383337422701e-01 3.9557047194435860e+01 14
1 0 1 1 2.6639754709856488e-02 1.9356915947558912e-02 1.0003986595033783e+00 6.3682983943895155e-02 3.7811755886119713e-01 3.9607047189930981e+01 14
1 0 1 1 2.6619228285826663e-02 1.9344768258113730e-02 1.0004005058612480e+00 6.3664429465204841e-02 3.7910074771434399e-01 3.9657047185416445e+01 14
1 0 1 1 2.6598770219347659e-02 1.9332665443716264e-02 1.0004023293346327e+00 6.3646014692738284e-02 3.8008339703040556e-01 3.9707047180838948e+01 14
1 0 1 1 2.6578380588427583e-02 1.9320607506812221e-02 1.0004041296133017e+00 6.3627739278189682e-02 3.8106550394898625e-01 3.9757047176275698e+01 14
1 0 1 1 2.6558059467934696e-02 1.9308594448484141e-02 1.0004059063933568e+00 6.3609602871638193e-02 3.8204706564671675e-01 3.9807047171637237e+01 14
1 0 1 1 2.6537806929488005e-02 1.9296626268384093e-02 1.0004076593773639e+00 6.3591605121439687e-02 3.8302807934384292e-01 3.9857047167003472e+01 14
1 0 1 1 2.6517623041595276e-02 1.9284702964811693e-02 1.0004093882744591e+00 6.3573745674332327e-02 3.8400854229833559e-01 3.9907047162323927e+01 14
1 0 1 1 2.6497507869589407e-02 1.9272824534671613e-02 1.0004110928004686e+00 6.3556024175367626e-02 3.8498845180993102e-01 3.9957047157625659e+01 14
1 0 1 1 2.6477461475700816e-02 1.9260990973515798e-02 1.0004127726780139e+00 6.3538440267954494e-02 3.8596780521761437e-01 4.0007047152883665e+01 14
1 0 1 1 2.6457483919030241e-02 1.9249202275520697e-02 1.0004144276366183e+00 6.3520993593829483e-02 3.8694659990195768e-01 4.0057047148144825e+01 14
1 0 1 1 2.6437575255634053e-02 1.9237458433537042e-02 1.0004160574128023e+00 6.3503683793112831e-02 3.8792483328197669e-01 4.0107047143366927e+01 14
1 0 1 1 2.6417735538489622e-02 1.9225759439062632e-02 1.0004176617501841e+00 6.3486510504262073e-02 3.8890250281737526e-01 4.0157047138536974e+01 14
1 0 1 1 2.6397964817501902e-02 1.9214105282245569e-02 1.0004192403995718e+00 6.3469473364073381e-02 3.8987960600982141e-01 4.0207047133738769e+01 14
1 0 1 1 2.6378263139626462e-02 1.9202495951952128e-02 1.0004207931190425e+00 6.3452572007767494e-02 3.9085614039746225e-01 4.0257047128874746e+01 14
1 0 1 1 2.6358630548755844e-02 1.9190931435694586e-02 1.0004223196740345e+00 6.3435806068885159e-02 3.9183210356158432e-01 4.0307047124011945e+01 14
1 0 1 1 2.6339067085848333e-02 1.9179411719706115e-02 1.0004238198374180e+00 6.3419175179379617e-02 3.9280749312120367e-01 4.0357047119106326e+01 14
1 0 1 1 2.6319572788867512e-02 1.9167936788900896e-02 1.0004252933895734e+00 6.3402678969563253e-02 3.9378230673747777e-01 4.0407047114234764e+01 14
1 0 1 1 2.6300147692915193e-02 1.9156506626946117e-02 1.0004267401184532e+00 6.3386317068197806e-02 3.9475654210721683e-01 4.0457047109266689e+01 14
1 0 1 1 2.6280791830080419e-02 1.9145121216173157e-02 1.0004281598196580e+00 6.3370089102364524e-02 3.9573019697224149e-01 4.0507047104348061e+01 14
1 0 1 1 2.6261505229652655e-02 1.9133780537698014e-02 1.0004295522964815e+00 6.3353994697632088e-02 3.9670326910948800e-01 4.0557047099399448e+01 14
1 0 1 1 2.6242282642642334e-02 1.9122484571357321e-02 1.0004309173599746e+00 6.3338033477960437e-02 3.9767575633660096e-01 4.0607047094409488e+01 14
1 0 1 1 2.6223123809132689e-02 1.9111233295724683e-02 1.0004322548289952e+00 6.3322205065719672e-02 3.9864765651203005e-01 4.0657047089444845e+01 14
1 0 1 1 2.6204034387493896e-02 1.9100026688161634e-02 1.0004335645302478e+00 6.3306509081757445e-02 3.9961896753110066e-01 4.0707047084454736e+01 13
1 0 1 1 2.6185014395275180e-02 1.9088864724784511e-02 1.0004348462983297e+00 6.3290945145350552e-02 4.0058968732918249e-01 4.0757047079441591e+01 13
1 0 1 1 2.6166063847238460e-02 1.9077747380484435e-02 1.0004360999757651e+00 6.3275512874228890e-02 4.0155981388125228e-01 4.0807047074444739e+01 13
1 0 1 1 2.6147182755422129e-02 1.9066674628959581e-02 1.0004373254130343e+00 6.3260211884617001e-02 4.0252934519940431e-01 4.0857047069420084e+01 13
1 0 1 1 2.6128371129102351e-02 1.9055646442688087e-02 1.0004385224686037e+00 6.3245041791199386e-02 4.0349827933590460e-01 4.0907047064406626e+01 13
1 0 1 1 2.6109628974872158e-02 1.9044662792973635e-02 1.0004396910089441e+00 6.3230002207174618e-02 4.0446661438048620e-01 4.0957047059392877e+01 13
1 0 1 1 2.6090956296643788e-02 1.9033723649939167e-02 1.0004408309085495e+00 6.3215092744249191e-02 4.0543434846074183e-01 4.1007047054347986e+01 13
1 0 1 1 2.6072353095633684e-02 1.9022828982516164e-02 1.0004419420499506e+00 6.3200313012626352e-02 4.0640147974454260e-01 4.1057047049355610e+01 13
1 0 1 1 2.6053819370492566e-02 1.9011978758518018e-02 1.0004430243237188e+00 6.3185662621093541e-02 4.0736800643390053e-01 4.1107047044304110e+01 13
1 0 1 1 2.6035355117177458e-02 1.9001172944559032e-02 1.0004440776284751e+00 6.3171141176927070e-02 4.0833392677305302e-01 4.1157047039317376e+01 13
1 0 1 1 2.6016960329145935e-02 1.8990411506165473e-02 1.0004451018708813e+00 6.3156748286029435e-02 4.0929923903900883e-01 4.1207047034273593e+01 13
1 0 1 1 2.5998634997206293e-02 1.8979694407684818e-02 1.0004460969656430e+00 6.3142483552818540e-02 4.1026394155107004e-01 4.1257047029309824e+01 13
1 0 1 1 2.5980379109725754e-02 1.8969021612401514e-02 1.0004470628354889e+00 6.3128346580377720e-02 4.1122803266031183e-01 4.1307047024288288e+01 13
1 0 1 1 2.5962192652475083e-02 1.8958393082444399e-02 1.0004479994111661e+00 6.3114336970333806e-02 4.1219151075928412e-01 4.1357047019309242e+01 13
1 0 1 1 2.5944075608788319e-02 1.8947808778874631e-02 1.0004489066314144e+00 6.3100454322977895e-02 4.1315437427446627e-01 4.1407047014332541e+01 13
1 0 1 1 2.5926027959513064e-02 1.8937268661654447e-02 1.0004497844429441e+00 6.3086698237227457e-02 4.1411662167029839e-01 4.1457047009398224e+01 13
1 0 1 1 2.5908049683093945e-02 1.8926772689689945e-02 1.0004506328004077e+00 6.3073068310683822e-02 4.1507825144550453e-01 4.1507047004448502e+01 13
1 0 1 1 2.5890140755530696e-02 1.8916320820804997e-02 1.0004514516663714e+00 6.3059564139597429e-02 4.1603926213655895e-01 4.1557046999519088e+01 13
1 0 1 1 2.5872301150444182e-02 1.8905913011774259e-02 1.0004522410112744e+00 6.3046185318921144e-02 4.1699965231538055e-01 4.1607046994634047e+01 13
1 0 1 1 2.5854530839118851e-02 1.8895549218344326e-02 1.0004530008133901e+00 6.3032931442337348e-02 4.1795942058793367e-01 4.1657046989745687e+01 13
1 0 1 1 2.5836829790471812e-02 1.8885229395213556e-02 1.0004537310587833e+00 6.3019802102237232e-02 4.1891856559744917e-01 4.1707046984914989e+01 13
1 0 1 1 2.5819197971156140e-02 1.8874953496085544e-02 1.0004544317412598e+00 6.3006796889792771e-02 4.1987708601934282e-01 4.1757046980062292e+01 13
1 0 1 1 2.5801635345485529e-02 1.8864721473623947e-02 1.0004551028623168e+00 6.2993915394904787e-02 4.2083498056694857e-01 4.1807046975279064e+01 13
1 0 1 1 2.5784141875565183e-02 1.8854533279523356e-02 1.0004557444310840e+00 6.2981157206301375e-02 4.2179224798535625e-01 4.1857046970522482e+01 13
1 0 1 1 2.5766717521259634e-02 1.8844388864487378e-02 1.0004563564642666e+00 6.2968521911509867e-02 4.2274888705421054e-01 4.1907046965774811e+01 13
1 0 1 1 2.5749361680500078e-02 1.8834284274912558e-02 1.0004569429390815e+00 6.2956009096872878e-02 4.2370491742236055e-01 4.1957047624985762e+01 13
1 0 1 1 2.5732075124615811e-02 1.8824220703055804e-02 1.0004575030345868e+00 6.2943618845217097e-02 4.2466029506334735e-01 4.2007046794588625e+01 13
1 0 1 1 2.5714857400333968e-02 1.8814200712650952e-02 1.0004580336701132e+00 6.2931350126131047e-02 4.2561504926742666e-01 4.2057046404521650e+01 13
1 0 1 1 2.5697708291732516e-02 1.8804224153220594e-02 1.0004585348943191e+00 6.2919202406663322e-02 4.2656918835081675e-01 4.2107046948743303e+01 13
1 0 1 1 2.5680628257497465e-02 1.8794291266965003e-02 1.0004590067438797e+00 6.2907175630677714e-02 4.2752268294797069e-01 4.2157046944180330e+01 13
1 0 1 1 2.5663617056162578e-02 1.8784401888999294e-02 1.0004594492835115e+00 6.2895269245249741e-02 4.2847554251066655e-01 4.2207046939676076e+01 13
1 0 1 1 2.5646674632835195e-02 1.8774555963282726e-02 1.0004598625793559e+00 6.2883482830419390e-02 4.2942776604556387e-01 4.2257046935216295e+01 13
1 0 1 1 2.5629800930593572e-02 1.8764753432877496e-02 1.0004602467045596e+00 6.2871815965198252e-02 4.3037935259140819e-01 4.2307046930807694e+01 13
1 0 1 1 2.5612995890515172e-02 1.8754994239960496e-02 1.0004606017391831e+00 6.2860268227598326e-02 4.3133030121872773e-01 4.2357046926480486e+01 13
1 0 1 1 2.5596259451740953e-02 1.8745278325856610e-02 1.0004609277701122e+00 6.2848839194673212e-02 4.3228061102693494e-01 4.2407046922152368e+01 13
1 0 1 1 2.5579591551412553e-02 1.8735605630999776e-02 1.0004612248909652e+00 6.2837528442483082e-02 4.3323028114938067e-01 4.2457046917911313e+01 13
1 0 1 1 2.5562992124794182e-02 1.8725976094997997e-02 1.0004614932019948e+00 6.2826335546183443e-02 4.3417931074730454e-01 4.2507046913716586e+01 13
1 0 1 1 2.5546461105232121e-02 1.8716389656608760e-02 1.0004617328099894e+00 6.2815260080006430e-02 4.3512769901382975e-01 4.2557046909625249e+01 13
1 0 1 1 2.5529998424254591e-02 1.8706846253791362e-02 1.0004619438281732e+00 6.2804301617327640e-02 4.3607544516875552e-01 4.2607046905536571e+01 13
1 0 1 1 2.5513604011485540e-02 1.8697345823655454e-02 1.0004621263761033e+00 6.2793459730618728e-02 4.3702254846526500e-01 4.2657046901562524e+01 13
1 0 1 1 2.5497277794799239e-02 1.8687888302544264e-02 1.0004622805795631e+00 6.2782733991552903e-02 4.3796900818164136e-01 4.2707046897610752e+01 13
1 0 1 1 2.5481019700223539e-02 1.8678473625976855e-02 1.0004624065704546e+00 6.2772123970953719e-02 4.3891482362839651e-01 4.2757046893778927e+01 13
1 0 1 1 2.5464829652081900e-02 1.8669101728727645e-02 1.0004625044866897e+00 6.2761629238891281e-02 4.3985999414120464e-01 4.2807046889998709e+01 13
1 0 1 1 2.5448707572938128e-02 1.8659772544788202e-02 1.0004625744720796e+00 6.2751249364651152e-02 4.4080451908494356e-01 4.2857046886269501e+01 13
1 0 1 1 2.5432653383628719e-02 1.8650486007384944e-02 1.0004626166762201e+00 6.2740983916767828e-02 4.4174839785331876e-01 4.2907046882656630e+01 13
1 0 1 1 2.5416667003347822e-02 1.8641242049024134e-02 1.0004626312543774e+00 6.2730832463083724e-02 4.4269162986484284e-01 4.2957046879097398e+01 13
1 0 1 1 2.5400748349596151e-02 1.8632040601458778e-02 1.0004626183673722e+00 6.2720794570728378e-02 4.4363421456720292e-01 4.3007046875651866e+01 13
1 0 1 1 2.5384897338283696e-02 1.8622881595743723e-02 1.0004625781814622e+00 6.2710869806186120e-02 4.4457615143201762e-01 4.3057046872243866e+01 13
1 0 1 1 2.5369113883667527e-02 1.8613764962198260e-02 1.0004625108682226e+00 6.2701057735268129e-02 4.4551743995993642e-01 4.3107046868949745e+01 13
1 0 1 1 2.5353397898452090e-02 1.8604690630459508e-02 1.0004624166044254e+00 6.2691357923187641e-02 4.4645807967591011e-01 4.3157046865768010e+01 13
1 0 1 1 2.5337749293800300e-02 1.8595658529485099e-02 1.0004622955719182e+00 6.2681769934572529e-02 4.4739807012946292e-01 4.3207046862652795e+01 13
1 0 1 1 2.5322167979327490e-02 1.8586668587548382e-02 1.0004621479575035e+00 6.2672293333467188e-02 4.4833741089632440e-01 4.3257046859617851e+01 13
1 0 1 1 2.5306648466652620e-02 1.8577720732252556e-02 1.0004619739528124e+00 6.2662927683368452e-02 4.4927610157716041e-01 4.3307046856691940e+01 13
1 0 1 1 2.5291191669082700e-02 1.8568814890551909e-02 1.0004617737541819e+00 6.2653672547260425e-02 4.5021414179707869e-01 4.3357046853909594e+01 13
1 0 1 1 2.5275801953627535e-02 1.8559950988785781e-02 1.0004615475625314e+00 6.2644527487654145e-02 4.5115153120213797e-01 4.3407046851144059e+01 13
1 0 1 1 2.5260479223532969e-02 1.8551128952610199e-02 1.0004612955832330e+00 6.2635492066543008e-02 4.5208826946756636e-01 4.3457046848567700e+01 13
1 0 1 1 2.5245223380734570e-02 1.8542348707117438e-02 1.0004610180259903e+00 6.2626565845528948e-02 4.5302435628625132e-01 4.3507046846054131e+01 13
1 0 1 1 2.5230034325734018e-02 1.8533610176758680e-02 1.0004607151047080e+00 6.2617748385761229e-02 4.5395979137719056e-01 4.3557046843651122e+01 13
1 0 1 1 2.5214911957692706e-02 1.8524913285395836e-02 1.0004603870373674e+00 6.2609039248000931e-02 4.5489457448105464e-01 4.3607046841362127e+01 13
1 0 1 1 2.5199856174439615e-02 1.8516257956303177e-02 1.0004600340458973e+00 6.2600437992637981e-02 4.5582870536075876e-01 4.3657046839196724e+01 13
1 0 1 1 2.5184866872497078e-02 1.8507644112180203e-02 1.0004596563560471e+00 6.2591944179719305e-02 4.5676218380129513e-01 4.3707046837180506e+01 13
1 0 1 1 2.5169943947144276e-02 1.8499071675182593e-02 1.0004592541972623e+00 6.2583557368985271e-02 4.5769500960625853e-01 4.3757046835188625e+01 13
1 0 1 1 2.5155087292306463e-02 1.8490540566857668e-02 1.0004588278025504e+00 6.2575277119830852e-02 4.5862718260652569e-01 4.3807046833430775e+01 13
1 0 1 1 2.5140296800789230e-02 1.8482050708275636e-02 1.0004583774083613e+00 6.2567102991439277e-02 4.5955870264630688e-01 4.3857046831721725e+01 13
1 0 1 1 2.5125572364090010e-02 1.8473602019918132e-02 1.0004579032544527e+00 6.2559034542696373e-02 4.6048956959641607e-01 4.3907046830213709e+01 13
1 0 1 1 2.5110913872603786e-02 1.8465194421793677e-02 1.0004574055837698e+00 6.2551071332306474e-02 4.6141978334206601e-01 4.3957046828759019e+01 13
1 0 1 1 2.5096321215481780e-02 1.8456827833352767e-02 1.0004568846423132e+00 6.2543212918730773e-02 4.6234934379295428e-01 4.4007046827472323e+01 13
1 0 1 1 2.5081794280777565e-02 1.8448502173571159e-02 1.0004563406790161e+00 6.2535458860276671e-02 4.6327825087528252e-01 4.4057046826318867e+01 13
1 0 1 1 2.5067332955399584e-02 1.8440217360917926e-02 1.0004557739456157e+00 6.2527808715090949e-02 4.6420650453585321e-01 4.4107046825356505e+01 13
1 0 1 1 2.5052937125212265e-02 1.8431973313411201e-02 1.0004551846965319e+00 6.2520262041213970e-02 4.6513410473639916e-01 4.4157046824446844e+01 13
1 0 1 1 2.5038606674920798e-02 1.8423769948549811e-02 1.0004545731887373e+00 6.2512818396537884e-02 4.6606105146233751e-01 4.4207046823746737e+01 13
1 0 1 1 2.5024341488242605e-02 1.8415607183409018e-02 1.0004539396816383e+00 6.2505477338907489e-02 4.6698734471271802e-01 4.4257046823185000e+01 13
1 0 1 1 2.5010141447850274e-02 1.8407484934603636e-02 1.0004532844369500e+00 6.2498238426095809e-02 4.6791298450465801e-01 4.4307046822720096e+01 13
1 0 1 1 2.4996006435348141e-02 1.8399403118274989e-02 1.0004526077185700e+00 6.2491101215817385e-02 4.6883797087661799e-01 4.4357046822535644e+01 13
1 0 1 1 2.4981936331473938e-02 1.8391361650200645e-02 1.0004519097924673e+00 6.2484065265827282e-02 4.6976230387550694e-01 4.4407046822361764e+01 13
1 0 1 1 2.4967931015844425e-02 1.8383360445648426e-02 1.0004511909265463e+00 6.2477130133818753e-02 4.7068598357498187e-01 4.4457046822483562e+01 13
1 0 1 1 2.4953990367277992e-02 1.8375399419557452e-02 1.0004504513905450e+00 6.2470295377582641e-02 4.7160901005481110e-01 4.4507046822641094e+01 13
1 0 1 1 2.4940114263521124e-02 1.8367478486380723e-02 1.0004496914558982e+00 6.2463560554898767e-02 4.7253138342048967e-01 4.4557046823110703e+01 13
1 0 1 1 2.4926302581561668e-02 1.8359597560259466e-02 1.0004489113956390e+00 6.2456925223688509e-02 4.7345310378292282e-01 4.4607046823621893e+01 14
1 0 1 1 2.4912555197370522e-02 1.8351756554875330e-02 1.0004481114842649e+00 6.2450388941907659e-02 4.7437417127697024e-01 4.4657046824379499e+01 14
1 0 1 1 2.4898870793283515e-02 1.8343949037684257e-02 1.0004472980762522e+00 6.2443951267668052e-02 4.7529464582273251e-01 4.4707049383178500e+01 14
1 0 1 1 2.4885252530684104e-02 1.8336182388410203e-02 1.0004464655499996e+00 6.2437612744629806e-02 4.7621432635234212e-01 4.4757044247450438e+01 14
1 0 1 1 2.4871696109118147e-02 1.8328454251424757e-02 1.0004456138057811e+00 6.2431370977452411e-02 4.7713349532767951e-01 4.4807046776396959e+01 14
1 0 1 1 2.4858204160117647e-02 1.8320766111996529e-02 1.0004447432921606e+00 6.2425226805699868e-02 4.7805196645182513e-01 4.4857046830829191e+01 14
1 0 1 1 2.4844775897278400e-02 1.8313117506434707e-02 1.0004438542481728e+00 6.2419179483283016e-02 4.7896978446066746e-01 4.4907046832436464e+01 14
1 0 1 1 2.4831411177377600e-02 1.8305508337908328e-02 1.0004429469535037e+00 6.2413228562729017e-02 4.7988695054407948e-01 4.4957046834281066e+01 14
1 0 1 1 2.4818109870796932e-02 1.8297938517443792e-02 1.0004420216894794e+00 6.2407373603378807e-02 4.8080346492929921e-01 4.5007046836331121e+01 14
1 0 1 1 2.4804871847167589e-02 1.8290407955744464e-02 1.0004410787380473e+00 6.2401614164827118e-02 4.8171932785755783e-01 4.5057046838621659e+01 14
1 0 1 1 2.4791696975438461e-02 1.8282916563224470e-02 1.0004401183816753e+00 6.2395949806957257e-02 4.8263453957964469e-01 4.5107046841030481e+01 14
1 0 1 1 2.4778585123771842e-02 1.8275464249948727e-02 1.0004391409032394e+00 6.2390380089917208e-02 4.8354910036466386e-01 4.5157046843772605e+01 14
1 0 1 1 2.4765536159757184e-02 1.8268050925753551e-02 1.0004381465859387e+00 6.2384904574213806e-02 4.8446301048585111e-01 4.5207046846638804e+01 14
1 0 1 1 2.4752549950224672e-02 1.8260676500135829e-02 1.0004371357131807e+00 6.2379522820649014e-02 4.8537627023431351e-01 4.5257046849765516e+01 14
1 0 1 1 2.4739626361383819e-02 1.8253340882333231e-02 1.0004361085684923e+00 6.2374234390395161e-02 4.8628887991074227e-01 4.5307046853195324e+01 14
1 0 1 1 2.4726765258870194e-02 1.8246043981346490e-02 1.0004350654354275e+00 6.2369038845013713e-02 4.8720083982245238e-01 4.5357046856729511e+01 14
1 0 1 1 2.4713966507584190e-02 1.8238785705847613e-02 1.0004340065974582e+00 6.2363935746412691e-02 4.8811215029607891e-01 4.5407046860640079e+01 14
1 0 1 1 2.4701229971949255e-02 1.8231565964323525e-02 1.0004329323379022e+00 6.2358924656954862e-02 4.8902281165999412e-01 4.5457046864719842e+01 14
1 0 1 1 2.4688555515721081e-02 1.8224384664965766e-02 1.0004318429398154e+00 6.2354005139395458e-02 4.8993282425864920e-01 4.5507046869084746e+01 14
1 0 1 1 2.4675943002131797e-02 1.8217241715752230e-02 1.0004307386859144e+00 6.2349176756946512e-02 4.9084218844324101e-01 4.5557046873673990e+01 14
1 0 1 1 2.4663392293812526e-02 1.8210137024400219e-02 1.0004296198584797e+00 6.2344439073265701e-02 4.9175090457821563e-01 4.5607046878624168e+01 14
1 0 1 1 2.4650903252933475e-02 1.8203070498444520e-02 1.0004284867392839e+00 6.2339791652513132e-02 4.9265897303192724e-01 4.5657046883767592e+01 14
1 0 1 1 2.4638475741071874e-02 1.8196042045160721e-02 1.0004273396094938e+00 6.2335234059314293e-02 4.9356639418688969e-01 4.5707046889211263e+01 14
1 0 1 1 2.4626109619315058e-02 1.8189051571622310e-02 1.0004261787495967e+00 6.2330765858813086e-02 4.9447316843339217e-01 4.5757046894999256e+01 14
1 0 1 1 2.4613804748292389e-02 1.8182098984717211e-02 1.0004250044393233e+00 6.2326386616689183e-02 4.9537929616779119e-01 4.5807046901030958e+01 15
1 0 1 1 2.4601560988112028e-02 1.8175184191109924e-02 1.0004238169575621e+00 6.2322095899146002e-02 4.9628477779788954e-01 4.5857046907371533e+01 15
1 0 1 1 2.4589378198426409e-02 1.8168307097277892e-02 1.0004226165822896e+00 6.2317893272945846e-02 4.9718961373913789e-01 4.5907046914054746e+01 15
1 0 1 1 2.4577256238441397e-02 1.8161467609513988e-02 1.0004214035904928e+00 6.2313778305426060e-02 4.9809380441452772e-01 4.5957046921091852e+01 15
1 0 1 1 2.4565194966931447e-02 1.8154665633935758e-02 1.0004201782580988e+00 6.2309750564513960e-02 4.9899735025469472e-01 4.6007046928487100e+01 15
1 0 1 1 2.4553194242289342e-02 1.8147901076509348e-02 1.0004189408599111e+00 6.2305809618741659e-02 4.9990025169405106e-01 4.6057046936037047e+01 15
1 0 1 1 2.4541248828718196e-02 1.8141173842939073e-02 1.0004176916695138e+00 6.2301955037211643e-02 5.0080250918734859e-01 4.6107046944261484e+01 15
1 0 1 1 2.4529360236442727e-02 1.8134483838916190e-02 1.0004164309592545e+00 6.2298186389731836e-02 5.0170412317628421e-01 4.6157046952562283e+01 15
1 0 1 1 2.4517531824285142e-02 1.8127830969820458e-02 1.0004151590001202e+00 6.2294503246672489e-02 5.0260509413040466e-01 4.6207046961505789e+01 15
1 0 1 1 2.4505763448716210e-02 1.8121215141019067e-02 1.0004138760617320e+00 6.2290905179129691e-02 5.0350542250702535e-01 4.6257046970608755e+01 15
1 0 1 1 2.4494054965633654e-02 1.8114636257614232e-02 1.0004125824122325e+00 6.2287391758805738e-02 5.0440510878647249e-01 4.6307046980306275e+01 15
1 0 1 1 2.4482406230747104e-02 1.8108094224657152e-02 1.0004112783182679e+00 6.2283962558132566e-02 5.0530415344321256e-01 4.6357046990360288e+01 15
1 0 1 1 2.4470817099346471e-02 1.8101588947017303e-02 1.0004099640449045e+00 6.2280617150212658e-02 5.0620255696420680e-01 4.6407047000890145e+01 16
1 0 1 1 2.4459287426445892e-02 1.8095120329462276e-02 1.0004086398555874e+00 6.2277355108865812e-02 5.0710031983865889e-01 4.6457047011811838e+01 16
1 0 1 1 2.4447817066688488e-02 1.8088688276602063e-02 1.0004073060120751e+00 6.2274176008615900e-02 5.0799744256594837e-01 4.6507047023292344e+01 16
1 0 1 1 2.4436405874466691e-02 1.8082292692957965e-02 1.0004059627743989e+00 6.2271079424733838e-02 5.0889392564725777e-01 4.6557047035291191e+01 16
1 0 1 1 2.4425053703885938e-02 1.8075933482938261e-02 1.0004046104008093e+00 6.2268064933232281e-02 5.0978976958868161e-01 4.6607047047745546e+01 16
1 0 1 1 2.4413760408744628e-02 1.8069610550826551e-02 1.0004032491477235e+00 6.2265132110866511e-02 5.1068497490339471e-01 4.6657047060700094e+01 16
1 0 1 1 2.4402525842522175e-02 1.8063323800776240e-02 1.0004018792696749e+00 6.2262280535151010e-02 5.1157954211392542e-01 4.6707047074443935e+01 16
1 0 1 1 2.4391349858593862e-02 1.8057073136926699e-02 1.0004005010192942e+00 6.2259509784411499e-02 5.1247347173505298e-01 4.6757047088564867e+01 16
1 0 1 1 2.4380232309912087e-02 1.8050858463226613e-02 1.0003991146472269e+00 6.2256819437717742e-02 5.1336676430014538e-01 4.6807047103429639e+01 16
1 0 1 1 2.4369173049313343e-02 1.8044679683602374e-02 1.0003977204021273e+00 6.2254209074963152e-02 5.1425942033699312e-01 4.6857047118842701e+01 16
1 0 1 1 2.4358171929288474e-02 1.8038536701829946e-02 1.0003963185305895e+00 6.2251678276825345e-02 5.1515144038726146e-01 4.6907047135144062e+01 17
1 0 1 1 2.4347228802242687e-02 1.8032429421680093e-02 1.0003949092771409e+00 6.2249226624829762e-02 5.1604282498595744e-01 4.6957047152066139e+01 17
1 0 1 1 2.4336343520298950e-02 1.8026357746805777e-02 1.0003934928841818e+00 6.2246853701306420e-02 5.1693357467764034e-01 4.7007047169651173e+01 17
1 0 1 1 2.4325515935301047e-02 1.8020321580744004e-02 1.0003920695919462e+00 6.2244559089410623e-02 5.1782369001724715e-01 4.7057047188308026e+01 17
1 0 1 1 2.4314745899078411e-02 1.8014320827062898e-02 1.0003906396385058e+00 6.2242342373177384e-02 5.1871317154870356e-01 4.7107047207616866e+01 17
1 0 1 1 2.4304033263091405e-02 1.8008355389162612e-02 1.0003892032596888e+00 6.2240203137460037e-02 5.1960201983482890e-01 4.7157047228018534e+01 17
1 0 1 1 2.4293377878796610e-02 1.8002425170477943e-02 1.0003877606890994e+00 6.2238140968002398e-02 5.2049023542727835e-01 4.7207047249131357e+01 17
1 0 1 1 2.4282779597254531e-02 1.7996530074259377e-02 1.0003863121580336e+00 6.2236155451380920e-02 5.2137781890034895e-01 4.7257047271662138e+01 18
1 0 1 1 2.4272238269606655e-02 1.7990670003839495e-02 1.0003848578955168e+00 6.2234246175099039e-02 5.2226477081156542e-01 4.7307047295192888e+01 18
1 0 1 1 2.4261753746759068e-02 1.7984844862452491e-02 1.0003833981282364e+00 6.2232412727523528e-02 5.2315109172803465e-01 4.7357047319672930e+01 18
1 0 1 1 2.4251325879306722e-02 1.7979054553194158e-02 1.0003819330805042e+00 6.2230654697893961e-02 5.2403678223423089e-01 4.7407047345866651e+01 18
1 0 1 1 2.4240954517969600e-02 1.7973298979263488e-02 1.0003804629742936e+00 6.2228971676398098e-02 5.2492184289540056e-01 4.7457047373293932e+01 18
1 0 1 1 2.4230639513206708e-02 1.7967578043746945e-02 1.0003789880291676e+00 6.2227363254106299e-02 5.2580627429047400e-01 4.7507047402093434e+01 18
1 0 1 1 2.4220380715287905e-02 1.7961891649656420e-02 1.0003775084622644e+00 6.2225829022997309e-02 5.2669007700666459e-01 4.7557047432727970e+01 19
1 0 1 1 2.4210174897164330e-02 1.7956233774934709e-02 1.0003760277577154e+00 6.2224368575990202e-02 5.2757350150722115e-01 4.7607061176837398e+01 19
1 0 1 1 2.4200033025345076e-02 1.7950613932178283e-02 1.0003745446718624e+00 6.2222982697933749e-02 5.2845559702311606e-01 4.7657035111181692e+01 19
1 0 1 1 2.4189939711340334e-02 1.7945024382876831e-02 1.0003730564771229e+00 6.2221668811395708e-02 5.2933769226364369e-01 4.7707044558320298e+01 19
1 0 1 1 2.4179903301360488e-02 1.7939469737873654e-02 1.0003715646233295e+00 6.2220427675548140e-02 5.3021904900494354e-01 4.7757047663135289e+01 19
1 0 1 1 2.4169922971287252e-02 1.7933949525918008e-02 1.0003700692190980e+00 6.2219258785122994e-02 5.3109972581650389e-01 4.7807047704932017e+01 20
1 0 1 1 2.4159997953657319e-02 1.7928463308003420e-02 1.0003685703759071e+00 6.2218161659413268e-02 5.3197977736080337e-01 4.7857047750194717e+01 20
1 0 1 1 2.4150128098288266e-02 1.7923010986889445e-02 1.0003670682941348e+00 6.2217135897011860e-02 5.3285920421801669e-01 4.7907047798068035e+01 20
1 0 1 1 2.4140313254279223e-02 1.7917592464967165e-02 1.0003655631715469e+00 6.2216181097419276e-02 5.3373800702834329e-01 4.7957047851008397e+01 20
1 0 1 1 2.4130553271305689e-02 1.7912207644974244e-02 1.0003640552034883e+00 6.2215296861176522e-02 5.3461618637675068e-01 4.8007047908235293e+01 21
1 0 1 1 2.4120847998666810e-02 1.7906856429467280e-02 1.0003625445827298e+00 6.2214482789766296e-02 5.3549374287811280e-01 4.8057047970576917e+01 21
1 0 1 1 2.4111197285355043e-02 1.7901538720860984e-02 1.0003610314994689e+00 6.2213738485644682e-02 5.3637067717253617e-01 4.8107048040215084e+01 21
1 0 1 1 2.4101600980849791e-02 1.7896254421863142e-02 1.0003595161414522e+00 6.2213063552292835e-02 5.3724698985286246e-01 4.8157048116556410e+01 22
1 0 1 1 2.4092058933690246e-02 1.7891003434691969e-02 1.0003579986937434e+00 6.2212457594130827e-02 5.3812268159613930e-01 4.8207048203734296e+01 22
1 0 1 1 2.4082570992987915e-02 1.7885785661904841e-02 1.0003564793389588e+00 6.2211920216629024e-02 5.3899775302563047e-01 4.8257048302746092e+01 22
1 0 1 1 2.4073137007264173e-02 1.7880601005760818e-02 1.0003549582570810e+00 6.2211451026236236e-02 5.3987220481810516e-01 4.8307048417579999e+01 23
1 0 1 1 2.4072461039703428e-02 1.7880229645854978e-02 1.0003548488717082e+00 6.2211419920510720e-02 5.3993502978977670e-01 4.8310642039252713e+01 23
1 0 1 1 2.4071777616840540e-02 1.7879854208369156e-02 1.0003547382260991e+00 6.2211388814800761e-02 5.3999857068197898e-01 4.8314276798090212e+01 23
1 0 1 1 2.4064467655721133e-02 1.7875839638393606e-02 1.0003535513671222e+00 6.2211077757856684e-02 5.4067966463685591e-01 4.8353249489228595e+01 16
1 0 1 1 2.4055137050683292e-02 1.7870718422466125e-02 1.0003520274586204e+00 6.2210738657372811e-02 5.4155292647877629e-01 4.8403249664944120e+01 22
1 0 1 1 2.4044313154661809e-02 1.7864781971620232e-02 1.0003502470814591e+00 6.2210427603679522e-02 5.4257149998850862e-01 4.8461614687892464e+01 22
1 0 1 1 2.4026983958863594e-02 1.7855287599109280e-02 1.0003473686333426e+00 6.2210116551541503e-02 5.4421490836353792e-01 4.8555885002697707e+01 46
1 0 1 1 2.4023878787375167e-02 1.7853587643271388e-02 1.0003468492146814e+00 6.2210085446483224e-02 5.4451105946759237e-01 4.8572886406604653e+01 18
1 0 1 1 2.4006002198473281e-02 1.7843808851795685e-02 1.0003438374702283e+00 6.2210054341440502e-02 5.4622610347631395e-01 4.8671423913406670e+01 29
1 0 1 1 2.4001638843813945e-02 1.7841424098285746e-02 1.0003430968244784e+00 6.2210085446467674e-02 5.4664736087086852e-01 4.8695648192490935e+01 41
1 0 1 1 2.3998567030138491e-02 1.7839745719511264e-02 1.0003425741083605e+00 6.2210116551510396e-02 5.4694455840173040e-01 4.8712743439315197e+01 43
1 0 1 1 2.3996055781051202e-02 1.7838373927142576e-02 1.0003421459838400e+00 6.2210147656568675e-02 5.4718791091311680e-01 4.8726744517115058e+01 44
1 0 1 1 2.3993879169714495e-02 1.7837185156407323e-02 1.0003417743295735e+00 6.2210178761642504e-02 5.4739912003139313e-01 4.8738898498929359e+01 46
1 0 1 1 2.3991931545957891e-02 1.7836121624696985e-02 1.0003414413186220e+00 6.2210209866731883e-02 5.4758833406383012e-01 4.8749788551788754e+01 48
1 0 1 1 2.3990153357376431e-02 1.7835150761368851e-02 1.0003411369022375e+00 6.2210240971836819e-02 5.4776127334854674e-01 4.8759743391665573e+01 51
1 0 1 1 2.3976994851209577e-02 1.7827970775984414e-02 1.0003388730971803e+00 6.2210552023041682e-02 5.4904658672151352e-01 4.8833773320388083e+01 51
