isScalarized | massIncreased | isMonotoneInside | isMonotoneOutside | mass_Baryon | mass_ADM | AST(radius) | radius  |  phi_c | rho_c | ctr |
1 1 1 1 3.3443939206707553e-02 2.4850141344281072e-02 1.0000000016127124e+00 8.3700699999985612e-02 1.1929371089879222e-03 1.9378435744853856e+01 37
1 1 1 1 3.3443812192776347e-02 2.4850060936420119e-02 1.0000000027519660e+00 8.3700449999985618e-02 1.5583079140964163e-03 1.9378144731725538e+01 31
1 1 1 1 3.3443685177505435e-02 2.4849980527855187e-02 1.0000000038912451e+00 8.3700199999985625e-02 1.8529712797331209e-03 1.9377853739503443e+01 29
1 1 1 1 3.3443558160894386e-02 2.4849900118585910e-02 1.0000000050305495e+00 8.3699949999985632e-02 2.1068070561670389e-03 1.9377562768187161e+01 27
1 1 1 1 3.3441431704798144e-02 2.4848553963477883e-02 1.0000000241062663e+00 8.3695765002485628e-02 4.6106169211486787e-03 1.9372695015222302e+01 23
1 1 1 1 3.3439304977826718e-02 2.4847207677506006e-02 1.0000000431881617e+00 8.3691580214235506e-02 6.1695479945497221e-03 1.9367833362554098e+01 22
1 1 1 1 3.3437177978431008e-02 2.4845861259951224e-02 1.0000000622762530e+00 8.3687395635224787e-02 7.4064323417930584e-03 1.9362977808337856e+01 21
1 1 1 1 3.3435050705065576e-02 2.4844514710096813e-02 1.0000000813705578e+00 8.3683211265443022e-02 8.4636601453737317e-03 1.9358128350704536e+01 21
1 1 1 1 3.3420348057238938e-02 2.4835209176228459e-02 1.0000002134436430e+00 8.3654311675982029e-02 1.3680828685257686e-02 1.9324795034581179e+01 28
1 1 1 1 3.3405501921219938e-02 2.4825814912270983e-02 1.0000003469883882e+00 8.3625167345788731e-02 1.7408561421422955e-02 1.9291461782338267e+01 28
1 1 1 1 3.3390508264363808e-02 2.4816329508445423e-02 1.0000004820470232e+00 8.3595772355324838e-02 2.0477313795406661e-02 1.9258128607342385e+01 24
1 1 1 1 3.3375362902247484e-02 2.4806750464219981e-02 1.0000006186633534e+00 8.3566120563108193e-02 2.3150823349525850e-02 1.9224795480437795e+01 20
1 1 1 1 3.3360061505872424e-02 2.4797075193132092e-02 1.0000007568827054e+00 8.3536205623655657e-02 2.5553620028188499e-02 1.9191462360201015e+01 15
1 1 1 1 3.3344599620402128e-02 2.4787301034896767e-02 1.0000008967517671e+00 8.3506021027957289e-02 2.7756258930598281e-02 1.9158129246920737e+01 13
1 1 1 1 3.3328972640077122e-02 2.4777425239822130e-02 1.0000010383188240e+00 8.3475560058352494e-02 2.9803306335777120e-02 1.9124796140866053e+01 12
1 1 1 1 3.3313175801467032e-02 2.4767444964833581e-02 1.0000011816338328e+00 8.3444815779647463e-02 3.1725045223714173e-02 1.9091463042347190e+01 12
1 1 1 1 3.3297204176310408e-02 2.4757357269259376e-02 1.0000013267484955e+00 8.3413781029667677e-02 3.3543166787689552e-02 1.9058129951679369e+01 12
1 1 1 1 3.3281052663976782e-02 2.4747159110396107e-02 1.0000014737163418e+00 8.3382448409345444e-02 3.5273841495756152e-02 1.9024796869186943e+01 12
1 1 1 1 3.3264715983506457e-02 2.4736847338825228e-02 1.0000016225928126e+00 8.3350810272277143e-02 3.6929508728593838e-02 1.8991463795222700e+01 12
1 1 1 1 3.3248188665177335e-02 2.4726418693449784e-02 1.0000017734353501e+00 8.3318858713672950e-02 3.8519983518399137e-02 1.8958130730157595e+01 12
1 1 1 1 3.3231465041593931e-02 2.4715869796256982e-02 1.0000019263034938e+00 8.3286585558698834e-02 4.0053174178356979e-02 1.8924797674366253e+01 12
1 1 1 1 3.3214539238276733e-02 2.4705197146785474e-02 1.0000020812589796e+00 8.3253982350204869e-02 4.1535565996157479e-02 1.8891464628270967e+01 12
1 1 1 1 3.3197405163647171e-02 2.4694397116231549e-02 1.0000022383658460e+00 8.3221040335672070e-02 4.2972557951728392e-02 1.8858131592287254e+01 12
1 1 1 1 3.3180056498479500e-02 2.4683465941255697e-02 1.0000023976905479e+00 8.3187750453506848e-02 4.4368703610111727e-02 1.8824798566877586e+01 12
1 1 1 1 3.3162486684661506e-02 2.4672399717375778e-02 1.0000025593020747e+00 8.3154103318452688e-02 4.5727887560052513e-02 1.8791465552512854e+01 12
1 1 1 1 3.3144688913309121e-02 2.4661194391983537e-02 1.0000027232720778e+00 8.3120089206209280e-02 4.7053457300784661e-02 1.8758132549702957e+01 12
1 1 1 1 3.3126656112119908e-02 2.4649845756913757e-02 1.0000028896750039e+00 8.3085698037089650e-02 4.8348323609549430e-02 1.8724799558976603e+01 12
1 1 1 1 3.3108380931967808e-02 2.4638349440576451e-02 1.0000030585882376e+00 8.3050919358732350e-02 4.9615038138275731e-02 1.8691466580904979e+01 12
1 1 1 1 3.3089855732616885e-02 2.4626700899561683e-02 1.0000032300922537e+00 8.3015742327718856e-02 5.0855854262054044e-02 1.8658133616066340e+01 12
1 1 1 1 3.3071072567580385e-02 2.4614895409758562e-02 1.0000034042707766e+00 8.2980155690146357e-02 5.2072775398077170e-02 1.8624800665119491e+01 12
1 1 1 1 3.3052023167914051e-02 2.4602928056833395e-02 1.0000035812109536e+00 8.2944147760835529e-02 5.3267593826989722e-02 1.8591467728705997e+01 12
1 1 1 1 3.3032698925059702e-02 2.4590793726169832e-02 1.0000037610035346e+00 8.2907706401426418e-02 5.4441922199757395e-02 1.8558134807551298e+01 12
1 1 1 1 3.3013090872457865e-02 2.4578487092073983e-02 1.0000039437430683e+00 8.2870818996901935e-02 5.5597219365205848e-02 1.8524801902397652e+01 12
1 1 1 1 3.2993189665998714e-02 2.4566002606312080e-02 1.0000041295281086e+00 8.2833472430713317e-02 5.6734811721666605e-02 1.8491469014044956e+01 12
1 1 1 1 3.2972985563109271e-02 2.4553334485840277e-02 1.0000043184614342e+00 8.2795653058221230e-02 5.7855911018009576e-02 1.8458136143341473e+01 12
1 1 1 1 3.2952468400420439e-02 2.4540476699712460e-02 1.0000045106502859e+00 8.2757346678393906e-02 5.8961629306678448e-02 1.8424803291188066e+01 12
1 1 1 1 3.2931627569878288e-02 2.4527422955072108e-02 1.0000047062066177e+00 8.2718538503607331e-02 6.0052991595878791e-02 1.8391470458526690e+01 12
1 1 1 1 3.2910451993203631e-02 2.4514166682183224e-02 1.0000049052473656e+00 8.2679213127450191e-02 6.1130946625392528e-02 1.8358137646399879e+01 12
1 1 1 1 3.2888930094457529e-02 2.4500701018351372e-02 1.0000051078947370e+00 8.2639354490174122e-02 6.2196376110507219e-02 1.8324804855866518e+01 12
1 1 1 1 3.2867049770727470e-02 2.4487018790746939e-02 1.0000053142765173e+00 8.2598945841935612e-02 6.3250102712279238e-02 1.8291472088098168e+01 12
1 1 1 1 3.2844798360574828e-02 2.4473112497920411e-02 1.0000055245264026e+00 8.2557969703261680e-02 6.4292896960864626e-02 1.8258139344321176e+01 12
1 1 1 1 3.2822162610200295e-02 2.4458974289988118e-02 1.0000057387843528e+00 8.2516407822801063e-02 6.5325483298734985e-02 1.8224806625848231e+01 12
1 1 1 1 3.2799128637043450e-02 2.4444595947309494e-02 1.0000059571969742e+00 8.2474241131979570e-02 6.6348545389883232e-02 1.8191473934086584e+01 12
1 1 1 1 3.2775681890609101e-02 2.4429968857556921e-02 1.0000061799179270e+00 8.2431449696311332e-02 6.7362730811429988e-02 1.8158141270539303e+01 12
1 1 1 1 3.2751807110259129e-02 2.4415083991001542e-02 1.0000064071083667e+00 8.2388012663089399e-02 6.8368655224047059e-02 1.8124808636810773e+01 12
1 1 1 1 3.2727486759202257e-02 2.4399931873882848e-02 1.0000066389374187e+00 8.2343908205134458e-02 6.9366906101611711e-02 1.8091476034621930e+01 12
1 1 1 1 3.2702701150028733e-02 2.4384502559653954e-02 1.0000068755826879e+00 8.2299113460218509e-02 7.0358046088170617e-02 1.8058143465819651e+01 12
1 1 1 1 3.2677436803867928e-02 2.4368785597909032e-02 1.0000071172308107e+00 8.2253604465770846e-02 7.1342616039166612e-02 1.8024810932384998e+01 12
1 1 1 1 3.2651675118615511e-02 2.4352770000772923e-02 1.0000073640780500e+00 8.2207356088430605e-02 7.2321137795560791e-02 1.7991478436440310e+01 12
1 1 1 1 3.2625396514195604e-02 2.4336444206501731e-02 1.0000076163309384e+00 8.2160341947972837e-02 7.3294116732129488e-02 1.7958145980270938e+01 12
1 1 1 1 3.2598580365038932e-02 2.4319796040015995e-02 1.0000078742069747e+00 8.2112534335027354e-02 7.4262044116651646e-02 1.7924813566342063e+01 12
1 1 1 1 3.2571204926757039e-02 2.4302812670045124e-02 1.0000081379353782e+00 8.2063904121978892e-02 7.5225399311998384e-02 1.7891481197296841e+01 12
1 1 1 1 3.2543247256442767e-02 2.4285480562549245e-02 1.0000084077579059e+00 8.2014420666442628e-02 7.6184651847287163e-02 1.7858148875996445e+01 12
1 1 1 1 3.2514683125896032e-02 2.4267785430031191e-02 1.0000086839297420e+00 8.1964051706453600e-02 7.7140263385453087e-02 1.7824816605520621e+01 12
1 1 1 1 3.2485486927041361e-02 2.4249712176273308e-02 1.0000089667204621e+00 8.1912763246623388e-02 7.8092689607659638e-02 1.7791484389205916e+01 12
1 1 1 1 3.2455631568685368e-02 2.4231244836049552e-02 1.0000092564150853e+00 8.1860519434227064e-02 7.9042382037312106e-02 1.7758152230654218e+01 12
1 1 1 1 3.2425088363662133e-02 2.4212366509210541e-02 1.0000095533152182e+00 8.1807282424238376e-02 7.9989789821338905e-02 1.7724820133775243e+01 12
1 1 1 1 3.2393826905287172e-02 2.4193059288557264e-02 1.0000098577403054e+00 8.1753012232031297e-02 8.0935361489161001e-02 1.7691488102796622e+01 12
1 1 1 1 3.2361814931928676e-02 2.4173304180775436e-02 1.0000101700289945e+00 8.1697666572503991e-02 8.1879546704941922e-02 1.7658156142324668e+01 12
1 1 1 1 3.2329018178254280e-02 2.4153081019608814e-02 1.0000104905406295e+00 8.1641200683957915e-02 8.2822798033719405e-02 1.7624824257354923e+01 12
1 1 1 1 3.2295400211664292e-02 2.4132368370398463e-02 1.0000108196568884e+00 8.1583567135157908e-02 8.3765572736640759e-02 1.7591492453324982e+01 12
1 1 1 1 3.2260922252095543e-02 2.4111143424942250e-02 1.0000111577835777e+00 8.1524715613544241e-02 8.4708334614667688e-02 1.7558160736171768e+01 12
1 1 1 1 3.2225542973115209e-02 2.4089381885433653e-02 1.0000115053526057e+00 8.1464592692342852e-02 8.5651555920559244e-02 1.7524829112368778e+01 12
1 1 1 1 3.2189218282063121e-02 2.4067057836215273e-02 1.0000118628241541e+00 8.1403141574130644e-02 8.6595719358086673e-02 1.7491497588989528e+01 12
1 1 1 1 3.2151901076521175e-02 2.4044143601727276e-02 1.0000122306890704e+00 8.1340301807941079e-02 8.7541320190786809e-02 1.7458166173781077e+01 12
1 1 1 1 3.2113540974053535e-02 2.4020609588891965e-02 1.0000126094715094e+00 8.1276008976592928e-02 8.8488868484377106e-02 1.7424834875238158e+01 12
1 1 1 1 3.2074084011690686e-02 2.3996424111873988e-02 1.0000129997318548e+00 8.1210194350481157e-02 8.9438891509190474e-02 1.7391503702678850e+01 12
1 1 1 1 3.2033472311110506e-02 2.3971553196861391e-02 1.0000134020699532e+00 8.1142784503547671e-02 9.0391936330967093e-02 1.7358172666361632e+01 12
1 1 1 1 3.1991643704729442e-02 2.3945960364079540e-02 1.0000138171287039e+00 8.1073700886320210e-02 9.1348572625208124e-02 1.7324841777575180e+01 12
1 1 1 1 3.1948531317301507e-02 2.3919606383890870e-02 1.0000142455980481e+00 8.1002859350394418e-02 9.2309395750599696e-02 1.7291511048781683e+01 12
1 1 1 1 3.1904063096573405e-02 2.3892449003233746e-02 1.0000146882194105e+00 8.0930169617558750e-02 9.3275030126735589e-02 1.7258180493746831e+01 12
1 1 1 1 3.1858161285585565e-02 2.3864442638066020e-02 1.0000151457906548e+00 8.0855534685919134e-02 9.4246132964297430e-02 1.7224850127719609e+01 12
1 1 1 1 3.1810741827829107e-02 2.3835538026721885e-02 1.0000156191716203e+00 8.0778850163887583e-02 9.5223398407325702e-02 1.7191519967603831e+01 12
1 1 1 1 3.1761713695029024e-02 2.3805681838195838e-02 1.0000161092903257e+00 8.0700003521623848e-02 9.6207562153432000e-02 1.7158190032183562e+01 12
1 1 1 1 3.1710978125407373e-02 2.3774816228307828e-02 1.0000166171499252e+00 8.0618873247513517e-02 9.7199406631982940e-02 1.7124860342377048e+01 12
1 1 1 1 3.1658427758021516e-02 2.3742878335331792e-02 1.0000171438365328e+00 8.0535327895163100e-02 9.8199766834309532e-02 1.7091530921501285e+01 12
1 1 1 1 3.1603945646249840e-02 2.3709799705257720e-02 1.0000176905280347e+00 8.0449225003981162e-02 9.9209536904363904e-02 1.7058201795624644e+01 12
1 1 1 1 3.1547404129929783e-02 2.3675505634717677e-02 1.0000182585040387e+00 8.0360409872964944e-02 1.0022967762387662e-01 1.7024872993931243e+01 12
1 1 1 1 3.1488663541913764e-02 2.3639914417475098e-02 1.0000188491571287e+00 8.0268714163886090e-02 1.0126122494748238e-01 1.6991544549167330e+01 12
1 1 1 1 3.1427570719704923e-02 2.3602936477377375e-02 1.0000194640056210e+00 8.0173954305285067e-02 1.0230529977791229e-01 1.6958216498143251e+01 12
1 1 1 1 3.1363957286871851e-02 2.3564473367183942e-02 1.0000201047080550e+00 8.0075929663283474e-02 1.0336311920869383e-01 1.6924888882327231e+01 12
1 1 1 1 3.1297637661386463e-02 2.3524416608304417e-02 1.0000207730796822e+00 7.9974420438348875e-02 1.0443600951160462e-01 1.6891561748530972e+01 12
1 1 1 1 3.1228406738669268e-02 2.3482646340976899e-02 1.0000214711112692e+00 7.9869185238885226e-02 1.0552542120685632e-01 1.6858235149692359e+01 12
1 1 1 1 3.1156037185572874e-02 2.3439029747703830e-02 1.0000222009905726e+00 7.9759958272429932e-02 1.0663294662906969e-01 1.6824909145798980e+01 12
1 1 1 1 3.1080276266743433e-02 2.3393419204096939e-02 1.0000229651269075e+00 7.9646446082537653e-02 1.0776034049992182e-01 1.6791583804949745e+01 12
1 1 1 1 3.1000840259609173e-02 2.3345634604853917e-02 1.0000237663525864e+00 7.9528323743975560e-02 1.0890957147803100e-01 1.6758258414246939e+01 12
1 1 1 1 3.0917420308230074e-02 2.3295502456096569e-02 1.0000246074848216e+00 7.9405238867566508e-02 1.1008270206852010e-01 1.6724935757758029e+01 12
1 1 1 1 3.0829654663283218e-02 2.3242817933121402e-02 1.0000254917948954e+00 7.9276777135739496e-02 1.1128224414880196e-01 1.6691612901779486e+01 12
1 1 1 1 3.0737145848279621e-02 2.3187348990181385e-02 1.0000264228894691e+00 7.9142492070092968e-02 1.1251086560301837e-01 1.6658290786193898e+01 13
1 1 1 1 3.0639443567262378e-02 2.3128832774528017e-02 1.0000274047876028e+00 7.9001882229166598e-02 1.1377157842055001e-01 1.6624970162303764e+01 13
1 1 1 1 3.0536033184316167e-02 2.3066968870472836e-02 1.0000284420005041e+00 7.8854379102956867e-02 1.1506782725915220e-01 1.6591650862329058e+01 13
1 1 1 1 3.0426328097522590e-02 2.3001414903934331e-02 1.0000295395599939e+00 7.8699341741412576e-02 1.1640351565437086e-01 1.6558333055918599e+01 13
1 1 1 1 3.0309655375981379e-02 2.2931778142473845e-02 1.0000307030980855e+00 7.8536043085608409e-02 1.1778310602378125e-01 1.6525016935501707e+01 13
1 1 1 1 3.0185239168875357e-02 2.2857605803637094e-02 1.0000319389257128e+00 7.8363655038203750e-02 1.1921172888835320e-01 1.6491702717911870e+01 13
1 1 1 1 3.0052180203765589e-02 2.2778373072028273e-02 1.0000332541180796e+00 7.8181230466718543e-02 1.2069531871282944e-01 1.6458390644960531e+01 13
1 1 1 1 2.9909417890520713e-02 2.2693468192473931e-02 1.0000346566036118e+00 7.7987681464843028e-02 1.2224078416002360e-01 1.6425080982025285e+01 13
1 1 1 1 2.9755673930753148e-02 2.2602173812296247e-02 1.0000361552501513e+00 7.7781753071009818e-02 1.2385622321979989e-01 1.6391774012723104e+01 13
1 1 1 1 2.9589555300409812e-02 2.2503643491641374e-02 1.0000377599361301e+00 7.7561991530777086e-02 1.2555119734262102e-01 1.6358470026639971e+01 13
1 1 1 1 2.9409340169308702e-02 2.2396871970396331e-02 1.0000394815841100e+00 7.7326706131244760e-02 1.2733708383553297e-01 1.6325169294880315e+01 14
1 1 1 1 2.9212970762084817e-02 2.2280657360514874e-02 1.0000413321159594e+00 7.7073923727217775e-02 1.2922753297298950e-01 1.6291872024541121e+01 14
1 1 1 1 2.8997970876300884e-02 2.2153549128725962e-02 1.0000433243339506e+00 7.6801335513088320e-02 1.3123907158378004e-01 1.6258578194029585e+01 14
1 1 1 1 2.8761332791429950e-02 2.2013716448386098e-02 1.0000454729624797e+00 7.6506238822493300e-02 1.3339197350761617e-01 1.6225286242323765e+01 14
1 1 1 1 2.8499448053994330e-02 2.1859116684527519e-02 1.0000477886996226e+00 7.6185509531597306e-02 1.3571074508573869e-01 1.6192001173016124e+01 14
1 1 1 1 2.8207776440785044e-02 2.1687088512754558e-02 1.0000502820636377e+00 7.5835383111892529e-02 1.3822701645561608e-01 1.6158712717105512e+01 14
1 1 1 1 2.7880688031868713e-02 2.1494430782115284e-02 1.0000529565576206e+00 7.5451680512152952e-02 1.4097950391199976e-01 1.6125422838822271e+01 15
1 1 1 1 2.7511569615969411e-02 2.1277160830051572e-02 1.0000558037456193e+00 7.5029645682288454e-02 1.4401811331825928e-01 1.6092123685448669e+01 15
1 1 1 1 2.7092115506218869e-02 2.1030239101483852e-02 1.0000587956043752e+00 7.4564228860019510e-02 1.4740724359392005e-01 1.6058801311307874e+01 15
1 1 1 1 2.6745701025228445e-02 2.0826391535196893e-02 1.0000610444504974e+00 7.4191407715719415e-02 1.5017120473169052e-01 1.6034268300051153e+01 20
1 1 1 1 2.6390576234388285e-02 2.0617530890395148e-02 1.0000631179194093e+00 7.3820450677140811e-02 1.5298488510041475e-01 1.6011450030859798e+01 21
1 1 1 1 2.6025634321109627e-02 2.0402801170809386e-02 1.0000649842654141e+00 7.3451348423755114e-02 1.5587011564286357e-01 1.5990056053747825e+01 22
1 1 1 1 2.5649147811184249e-02 2.0181189371970429e-02 1.0000666009504002e+00 7.3084091681636335e-02 1.5885403602680678e-01 1.5969815286108348e+01 23
1 1 1 1 2.5258512134116028e-02 1.9951332808622532e-02 1.0000679121616949e+00 7.2718671223228157e-02 1.6197248414064991e-01 1.5950461307340300e+01 24
1 1 1 1 2.4850387439947903e-02 1.9710978800470749e-02 1.0000688513009044e+00 7.2355077867112011e-02 1.6527645446862829e-01 1.5931709231733302e+01 25
1 1 1 1 2.4419078481163779e-02 1.9456977455305689e-02 1.0000693126250300e+00 7.1993302477776452e-02 1.6884318481952706e-01 1.5913224854657111e+01 28
1 1 1 1 2.3955129802778492e-02 1.9183651902988482e-02 1.0000691373964663e+00 7.1633335965387568e-02 1.7280433903525888e-01 1.5894541977432565e+01 30
