isScalarized | massIncreased | isMonotoneInside | isMonotoneOutside | mass_Baryon | mass_ADM | AST(radius) | radius  |  phi_c | rho_c | ctr |
1 1 1 1 3.1004459132219497e-02 2.3259234187359364e-02 1.0000000023628954e+00 7.9942415686419757e-02 1.0296661831611917e-02 2.0728816463256507e+01 17
1 1 1 1 3.1033486727806384e-02 2.3269010117663608e-02 1.0000000026690965e+00 7.9887585497334421e-02 1.0681007656201889e-02 2.0777689085753924e+01 19
1 1 1 1 3.1062088709523504e-02 2.3278533415005923e-02 1.0000000030030003e+00 7.9832792914688783e-02 1.1063639738712291e-02 2.0826516884380752e+01 19
1 1 1 1 3.1090267462171202e-02 2.3287806968855445e-02 1.0000000033663881e+00 7.9778037912689684e-02 1.1445005983059035e-02 2.0875297427930295e+01 19
1 1 1 1 3.1117956456021084e-02 2.3296833604671788e-02 1.0000000037611232e+00 7.9723320465561645e-02 1.1825496155808839e-02 2.0924028603402391e+01 19
1 1 1 1 3.1145230989955672e-02 2.3305616087249681e-02 1.0000000041891521e+00 7.9668640547546854e-02 1.2205451329526634e-02 2.0972708578140505e+01 18
1 1 1 1 3.1172094702727790e-02 2.3314157123792308e-02 1.0000000046525082e+00 7.9613998132905192e-02 1.2585171429693799e-02 2.1021335767616918e+01 18
1 1 1 1 3.1198551156472965e-02 2.3322459366748368e-02 1.0000000051533133e+00 7.9559393195914180e-02 1.2964921331612519e-02 2.1069908807870519e+01 18
1 1 1 1 3.1224603841141198e-02 2.3330525416435249e-02 1.0000000056937810e+00 7.9504825710868976e-02 1.3344935834833371e-02 2.1118426531762324e+01 18
1 1 1 1 3.1250256178589335e-02 2.3338357823463239e-02 1.0000000062762182e+00 7.9450295652082378e-02 1.3725423759288424e-02 2.1166887948423593e+01 18
1 1 1 1 3.1275511526368802e-02 2.3345959090996793e-02 1.0000000069030295e+00 7.9395802993884795e-02 1.4106571346983362e-02 2.1215292225363388e+01 18
1 1 1 1 3.1300373181211830e-02 2.3353331676833414e-02 1.0000000075767186e+00 7.9341347710624247e-02 1.4488545109419481e-02 2.1263638672803811e+01 18
1 1 1 1 3.1324847744120490e-02 2.3360446070151818e-02 1.0000000083002059e+00 7.9286929776666348e-02 1.4871542872069999e-02 2.1311932850683352e+01 18
1 1 1 1 3.1348935907403973e-02 2.3367327212405944e-02 1.0000000090760430e+00 7.9232549166394287e-02 1.5255664563790855e-02 2.1360169981177823e+01 18
1 1 1 1 3.1372639814227742e-02 2.3373986700822209e-02 1.0000000099069726e+00 7.9178205854208830e-02 1.5641016521846660e-02 2.1408347948957168e+01 18
1 1 1 1 3.1395962547935766e-02 2.3380426838293080e-02 1.0000000107959313e+00 7.9123899814528303e-02 1.6027707081623883e-02 2.1456466510501492e+01 18
1 1 1 1 3.1418907145028055e-02 2.3386649890676903e-02 1.0000000117459711e+00 7.9069631021788572e-02 1.6415833819770121e-02 2.1504525510069676e+01 18
1 1 1 1 3.1441476597351095e-02 2.3392658088159671e-02 1.0000000127602604e+00 7.9015399450443044e-02 1.6805484681992458e-02 2.1552524871944421e+01 18
1 1 1 1 3.1463673854129362e-02 2.3398453626524995e-02 1.0000000138420881e+00 7.8961205074962626e-02 1.7196738968637309e-02 2.1600464593445171e+01 18
1 1 1 1 3.1485501823824778e-02 2.3404038668329345e-02 1.0000000149948662e+00 7.8907047869835767e-02 1.7589668199888962e-02 2.1648344738595771e+01 18
1 1 1 1 3.1506963375874678e-02 2.3409415344008276e-02 1.0000000162221327e+00 7.8852927809568388e-02 1.7984336878810733e-02 2.1696165432395638e+01 18
1 1 1 1 3.1528017968902741e-02 2.3414585752899036e-02 1.0000000175275559e+00 7.8798844868683909e-02 1.8380803166805335e-02 2.1743926855596388e+01 18
1 1 1 1 3.1548693215656787e-02 2.3419551964202569e-02 1.0000000189149356e+00 7.8744799021723225e-02 1.8779119483911030e-02 2.1791629239944825e+01 18
1 1 1 1 3.1569010380265071e-02 2.3424316017881471e-02 1.0000000203882082e+00 7.8690790243244671e-02 1.9179333044134890e-02 2.1839272863840719e+01 18
1 1 1 1 3.1588972202532907e-02 2.3428879925488186e-02 1.0000000219514489e+00 7.8636818507824058e-02 1.9581486334234885e-02 2.1886858048350227e+01 18
1 1 1 1 3.1608581389876711e-02 2.3433245670952733e-02 1.0000000236088751e+00 7.8582883790054625e-02 1.9985617543373274e-02 2.1934385153565671e+01 18
1 1 1 1 3.1627840618383703e-02 2.3437415211313740e-02 1.0000000253648504e+00 7.8528986064547043e-02 2.0391760949486790e-02 2.1981854575250697e+01 18
1 1 1 1 3.1646752533795015e-02 2.3441390477403228e-02 1.0000000272238876e+00 7.8475125305929386e-02 2.0799947267728231e-02 2.2029266741764975e+01 18
1 1 1 1 3.1665319752409334e-02 2.3445173374490660e-02 1.0000000291906510e+00 7.8421301488847128e-02 2.1210203965275769e-02 2.2076622111228946e+01 18
1 1 1 1 3.1683544861921396e-02 2.3448765782886044e-02 1.0000000312699622e+00 7.8367514587963150e-02 2.1622555546422347e-02 2.2123921168921211e+01 18
1 1 1 1 3.1701430422188107e-02 2.3452169558508432e-02 1.0000000334668016e+00 7.8313764577957690e-02 2.2037023811055899e-02 2.2171164424869954e+01 18
1 1 1 1 3.1718980713346404e-02 2.3455363167309964e-02 1.0000000357872310e+00 7.8260051433528363e-02 2.2453665440357536e-02 2.2218356627955497e+01 18
1 1 1 1 3.1736197234376477e-02 2.3458360871155451e-02 1.0000000382362209e+00 7.8206375129390146e-02 2.2872478154302156e-02 2.2265496080448866e+01 18
1 1 1 1 3.1753081635726328e-02 2.3461175370293696e-02 1.0000000408188638e+00 7.8152735640275334e-02 2.3293459630058494e-02 2.2312581384048027e+01 18
1 1 1 1 3.1769636372799642e-02 2.3463808434145545e-02 1.0000000435408287e+00 7.8099132940933583e-02 2.3716622993270781e-02 2.2359613126424350e+01 18
1 1 1 1 3.1785863876260680e-02 2.3466261810032148e-02 1.0000000464079635e+00 7.8045567006131841e-02 2.4141979646829806e-02 2.2406591910553367e+01 18
1 1 1 1 3.1801766552528692e-02 2.3468537223593006e-02 1.0000000494262979e+00 7.7992037810654391e-02 2.4569539418967418e-02 2.2453518353238959e+01 18
1 1 1 1 3.1817346784221323e-02 2.3470636379163377e-02 1.0000000526020478e+00 7.7938545329302777e-02 2.4999310698614250e-02 2.2500393083747113e+01 18
1 1 1 1 3.1832606930584567e-02 2.3472560960153887e-02 1.0000000559416196e+00 7.7885089536895852e-02 2.5431300559323966e-02 2.2547216742554173e+01 18
1 1 1 1 3.1847549327886041e-02 2.3474312629402434e-02 1.0000000594516127e+00 7.7831670408269729e-02 2.5865514872688976e-02 2.2593989980188041e+01 18
1 1 1 1 3.1862176289786923e-02 2.3475893029515502e-02 1.0000000631388255e+00 7.7778287918277775e-02 2.6301958412251913e-02 2.2640713456161571e+01 18
1 1 1 1 3.1876490107695492e-02 2.3477303783197338e-02 1.0000000670102571e+00 7.7724942041790618e-02 2.6740634948803250e-02 2.2687387837995828e+01 18
1 1 1 1 3.1890470032180360e-02 2.3478546493560647e-02 1.0000000710731141e+00 7.7671632753696110e-02 2.7181547337680925e-02 2.2734013800310862e+01 18
1 1 1 1 3.1904114243174138e-02 2.3479622744431480e-02 1.0000000753348115e+00 7.7618360028899339e-02 2.7624697598980695e-02 2.2780592024001674e+01 18
1 1 1 1 3.1917452124403410e-02 2.3480534100643598e-02 1.0000000798029800e+00 7.7565123842322586e-02 2.8070086991097851e-02 2.2827123195472009e+01 18
1 1 1 1 3.1930485889399722e-02 2.3481282108322146e-02 1.0000000844854680e+00 7.7511924168905358e-02 2.8517716078262364e-02 2.2873608005930901e+01 18
1 1 1 1 3.1943217730783985e-02 2.3481868295154886e-02 1.0000000893903465e+00 7.7458760983604324e-02 2.8967584792625924e-02 2.2920047150752449e+01 18
1 1 1 1 3.1955649820524713e-02 2.3482294170662249e-02 1.0000000945259144e+00 7.7405634261393352e-02 2.9419692491250836e-02 2.2966441328881405e+01 18
1 1 1 1 3.1967784310187049e-02 2.3482561226452755e-02 1.0000000999007008e+00 7.7352543977263447e-02 2.9874038008537378e-02 2.3012791242292764e+01 18
1 1 1 1 3.1979623331175912e-02 2.3482670936482014e-02 1.0000001055234717e+00 7.7299490106222793e-02 3.0330619704412986e-02 2.3059097595494418e+01 18
1 0 1 1 3.1991168994964986e-02 2.3482624757292420e-02 1.0000001114032324e+00 7.7246472623296716e-02 3.0789435508673562e-02 2.3105361095073579e+01 17
1 0 1 1 3.2002423393320142e-02 2.3482424128256189e-02 1.0000001175492330e+00 7.7193491503527653e-02 3.1250482961740975e-02 2.3151582449277392e+01 17
1 0 1 1 3.2013388598517933e-02 2.3482070471807726e-02 1.0000001239709735e+00 7.7140546721975164e-02 3.1713759252241368e-02 2.3197762367636372e+01 17
1 0 1 1 3.2024066663553702e-02 2.3481565193674014e-02 1.0000001306782067e+00 7.7087638253715923e-02 3.2179261251503659e-02 2.3243901560610357e+01 17
1 0 1 1 3.2034459622354156e-02 2.3480909683102714e-02 1.0000001376809446e+00 7.7034766073843686e-02 3.2646985545460298e-02 2.3290000739278437e+01 17
1 0 1 1 3.2044570435013936e-02 2.3480084089871647e-02 1.0000001449927087e+00 7.6981930157469305e-02 3.3116965452653482e-02 2.3336064228189443e+01 17
1 0 1 1 3.2054400356136360e-02 2.3479105259164006e-02 1.0000001526220532e+00 7.6929130479720692e-02 3.3589170545715981e-02 2.3382090101941923e+01 17
1 0 1 1 3.2063951099425690e-02 2.3477980338324243e-02 1.0000001605789746e+00 7.6876367015742825e-02 3.4063586655622841e-02 2.3428078083499564e+01 17
1 0 1 1 3.2073224624978740e-02 2.3476710656615545e-02 1.0000001688745914e+00 7.6823639740697738e-02 3.4540209488602355e-02 2.3474028883291272e+01 17
1 0 1 1 3.2082222874797388e-02 2.3475297527808109e-02 1.0000001775203053e+00 7.6770948629764468e-02 3.5019034590765420e-02 2.3519943211166392e+01 17
1 0 1 1 3.2090947772964479e-02 2.3473742250373963e-02 1.0000001865278065e+00 7.6718293658139119e-02 3.5500057367664276e-02 2.3565821776216541e+01 17
1 0 1 1 3.2099401225826538e-02 2.3472046107690801e-02 1.0000001959090778e+00 7.6665674801034769e-02 3.5983273102341159e-02 2.3611665286614372e+01 17
1 0 1 1 3.2107585122166452e-02 2.3470210368233727e-02 1.0000002056764010e+00 7.6613092033681524e-02 3.6468676971975936e-02 2.3657474449467099e+01 17
1 0 1 1 3.2115501333378614e-02 2.3468236285768024e-02 1.0000002158423607e+00 7.6560545331326460e-02 3.6956264063298459e-02 2.3703249970688638e+01 17
1 0 1 1 3.2123151713636798e-02 2.3466125099539017e-02 1.0000002264198500e+00 7.6508034669233643e-02 3.7446029386743289e-02 2.3748992554877272e+01 17
1 0 1 1 3.2130538100068572e-02 2.3463878034458353e-02 1.0000002374220756e+00 7.6455560022684096e-02 3.7937967889658468e-02 2.3794702905219026e+01 17
1 0 1 1 3.2137662312911132e-02 2.3461496301281509e-02 1.0000002488625634e+00 7.6403121366975815e-02 3.8432074468343493e-02 2.3840381723385804e+01 17
1 0 1 1 3.2144526155689072e-02 2.3458981096800269e-02 1.0000002607551632e+00 7.6350718677423712e-02 3.8928343979317097e-02 2.3886029709458235e+01 17
1 0 1 1 3.2151131415364902e-02 2.3456333604006199e-02 1.0000002731140543e+00 7.6298351929359631e-02 3.9426771249680720e-02 2.3931647561853097e+01 17
1 0 1 1 3.2157473779959977e-02 2.3453554992276360e-02 1.0000002859537509e+00 7.6246021098132361e-02 3.9927351086678324e-02 2.3977235977257326e+01 17
1 0 1 1 3.2163529320956265e-02 2.3450646417543193e-02 1.0000002992891077e+00 7.6193726159107578e-02 4.0430078286573266e-02 2.4022795650574093e+01 17
1 0 1 1 3.2169331699171140e-02 2.3447609022461825e-02 1.0000003131353248e+00 7.6141467087667863e-02 4.0934947642860313e-02 2.4068327274876697e+01 17
1 0 1 1 3.2174882641638716e-02 2.3444443936581311e-02 1.0000003275079541e+00 7.6089243859212674e-02 4.1441953953822094e-02 2.4113831541365418e+01 17
1 0 1 1 3.2180183859523877e-02 2.3441152276505617e-02 1.0000003424229040e+00 7.6037056449158341e-02 4.1951092029568815e-02 2.4159309139336052e+01 17
1 0 1 1 3.2185237048279303e-02 2.3437735146062809e-02 1.0000003578964458e+00 7.5984904832938072e-02 4.2462356698553888e-02 2.4204760756154013e+01 17
1 0 1 1 3.2190043887795214e-02 2.3434193636463069e-02 1.0000003739452188e+00 7.5932788986001906e-02 4.2975742813542023e-02 2.4250187077228652e+01 17
1 0 1 1 3.2194606042546890e-02 2.3430528826452683e-02 1.0000003905862365e+00 7.5880708883816719e-02 4.3491245257172940e-02 2.4295588785996816e+01 17
1 0 1 1 3.2198925161751275e-02 2.3426741782477868e-02 1.0000004078368920e+00 7.5828664501866233e-02 4.4008858947160848e-02 2.4340966563915412e+01 17
1 0 1 1 3.2203002879510459e-02 2.3422833558834621e-02 1.0000004257149642e+00 7.5776655815650962e-02 4.4528578841002323e-02 2.4386321090449083e+01 17
1 0 1 1 3.2206840814958060e-02 2.3418805197818780e-02 1.0000004442386237e+00 7.5724682800688239e-02 4.5050399940429760e-02 2.4431653043070817e+01 17
1 0 1 1 3.2210440572405762e-02 2.3414657729880117e-02 1.0000004634264379e+00 7.5672745432512178e-02 4.5574317295457092e-02 2.4476963097259379e+01 17
1 0 1 1 3.2213803741486503e-02 2.3410392173767738e-02 1.0000004832973786e+00 7.5620843686673697e-02 4.6100326008168081e-02 2.4522251926504556e+01 17
1 0 1 1 3.2216931897298622e-02 2.3406009536678405e-02 1.0000005038708264e+00 7.5568977538740451e-02 4.6628421236219089e-02 2.4567520202315329e+01 17
1 0 1 1 3.2219826600540576e-02 2.3401510814392387e-02 1.0000005251665780e+00 7.5517146964296872e-02 4.7158598196063828e-02 2.4612768594229806e+01 17
1 0 1 1 3.2222489397660661e-02 2.3396896991427753e-02 1.0000005472048521e+00 7.5465351938944131e-02 4.7690852165941357e-02 2.4657997769828206e+01 16
1 0 1 1 3.2224921820985554e-02 2.3392169041167175e-02 1.0000005700062948e+00 7.5413592438300134e-02 4.8225178488647852e-02 2.4703208394749641e+01 16
1 0 1 1 3.2227125388861848e-02 2.3387327926004391e-02 1.0000005935919871e+00 7.5361868437999510e-02 4.8761572574074007e-02 2.4748401132708679e+01 16
1 0 1 1 3.2229101854522282e-02 2.3382356377372696e-02 1.0000006179951697e+00 7.5310179913693612e-02 4.9300065248946007e-02 2.4793579600054475e+01 16
1 0 1 1 3.2230852440893409e-02 2.3377272599688324e-02 1.0000006432276884e+00 7.5258526841050472e-02 4.9840618909480536e-02 2.4838741659852321e+01 16
1 0 1 1 3.2232378610177970e-02 2.3372078593164411e-02 1.0000006693113468e+00 7.5206909195754831e-02 5.0383227110790470e-02 2.4883887796827139e+01 16
1 0 1 1 3.2233681826634102e-02 2.3366775279467844e-02 1.0000006962690693e+00 7.5155326953508086e-02 5.0927885545915132e-02 2.4929018666998076e+01 16
1 0 1 1 3.2234763541208827e-02 2.3361363569895259e-02 1.0000007241242479e+00 7.5103780090028313e-02 5.1474589985163910e-02 2.4974134924587322e+01 16
1 0 1 1 3.2235625191663911e-02 2.3355844365491114e-02 1.0000007529007489e+00 7.5052268581050241e-02 5.2023336277721793e-02 2.5019237222052016e+01 16
1 0 1 1 3.2236268202698821e-02 2.3350218557171416e-02 1.0000007826229196e+00 7.5000792402325239e-02 5.2574120353090115e-02 2.5064326210113517e+01 16
1 0 1 1 3.2236693986082900e-02 2.3344487025855464e-02 1.0000008133155946e+00 7.4949351529621316e-02 5.3126938222429497e-02 2.5109402537789535e+01 16
1 0 1 1 3.2236903940780486e-02 2.3338650642585564e-02 1.0000008450041036e+00 7.4897945938723079e-02 5.3681785979819013e-02 2.5154466852429714e+01 16
1 0 1 1 3.2236899453066729e-02 2.3332710268641008e-02 1.0000008777142773e+00 7.4846575605431773e-02 5.4238659803354204e-02 2.5199519799747179e+01 16
1 0 1 1 3.2236681896655912e-02 2.3326666755662407e-02 1.0000009114724542e+00 7.4795240505565228e-02 5.4797555956230100e-02 2.5244562023857412e+01 16
1 0 1 1 3.2236252632822662e-02 2.3320520945769353e-02 1.0000009463054884e+00 7.4743940614957843e-02 5.5358470787690961e-02 2.5289594167314302e+01 16
1 0 1 1 3.2235613010518624e-02 2.3314273671672360e-02 1.0000009822407561e+00 7.4692675909460618e-02 5.5921400733909152e-02 2.5334616871147855e+01 16
1 0 1 1 3.2234764366491288e-02 2.3307925756788105e-02 1.0000010193061626e+00 7.4641446364941091e-02 5.6486342318772954e-02 2.5379630774901369e+01 16
1 0 1 1 3.2233708025401223e-02 2.3301478015350319e-02 1.0000010575301497e+00 7.4590251957283388e-02 5.7053292154659527e-02 2.5424636516673722e+01 16
1 0 1 1 3.2232445299940501e-02 2.3294931252523961e-02 1.0000010969417024e+00 7.4539092662388132e-02 5.7622246943088033e-02 2.5469634733157843e+01 16
1 0 1 1 3.2230977490941344e-02 2.3288286264506870e-02 1.0000011375703568e+00 7.4487968456172504e-02 5.8193203475348045e-02 2.5514626059682801e+01 16
1 0 1 1 3.2229305887494834e-02 2.3281543838644635e-02 1.0000011794462071e+00 7.4436879314570187e-02 5.8766158633064086e-02 2.5559611130255377e+01 16
1 0 1 1 3.2227431767062775e-02 2.3274704753534312e-02 1.0000012225999131e+00 7.4385825213531390e-02 5.9341109388705196e-02 2.5604590577602341e+01 16
1 0 1 1 3.2225356395582959e-02 2.3267769779124241e-02 1.0000012670627068e+00 7.4334806129022796e-02 5.9918052806055208e-02 2.5649565033213594e+01 16
1 0 1 1 3.2223081027584602e-02 2.3260739676822260e-02 1.0000013128664014e+00 7.4283822037027575e-02 6.0496986040638773e-02 2.5694535127385809e+01 16
1 0 1 1 3.2220587667690814e-02 2.3253615199597302e-02 1.0000013600433972e+00 7.4232872913545384e-02 6.1077906340097167e-02 2.5739501489265653e+01 16
1 0 1 1 3.2217891543410301e-02 2.3246397092071606e-02 1.0000014086266906e+00 7.4181958734592338e-02 6.1660811044560886e-02 2.5784464746896411e+01 16
1 0 1 1 3.2214999321690599e-02 2.3239086090630811e-02 1.0000014586498813e+00 7.4131079476200984e-02 6.2245697586940610e-02 2.5829425527260732e+01 16
1 0 1 1 3.2211912214350276e-02 2.3231682923510709e-02 1.0000015101471791e+00 7.4080235114420329e-02 6.2832563493241164e-02 2.5874384456328567e+01 16
1 0 1 1 3.2208631422270789e-02 2.3224188310897769e-02 1.0000015631534134e+00 7.4029425625315781e-02 6.3421406382797016e-02 2.5919342159101237e+01 16
1 0 1 1 3.2205158135503197e-02 2.3216602965027131e-02 1.0000016177040396e+00 7.3978650984969196e-02 6.4012223968545126e-02 2.5964299259660695e+01 16
1 0 1 1 3.2201493533360499e-02 2.3208927590264338e-02 1.0000016738351476e+00 7.3927911169478819e-02 6.4605014057174129e-02 2.6009256381211923e+01 16
1 0 1 1 3.2197638784528242e-02 2.3201162883210322e-02 1.0000017315834699e+00 7.3877206154959282e-02 6.5199774549366110e-02 2.6054214146133653e+01 16
1 0 1 1 3.2193595047156305e-02 2.3193309532779455e-02 1.0000017909863894e+00 7.3826535917541611e-02 6.5796503439940021e-02 2.6099173176024234e+01 16
1 0 1 1 3.2189363468965136e-02 2.3185368220300106e-02 1.0000018520819478e+00 7.3775900433373204e-02 6.6395198818030216e-02 2.6144134091750960e+01 16
1 0 1 1 3.2184945187334758e-02 2.3177339619591699e-02 1.0000019149088530e+00 7.3725299678617809e-02 6.6995858867200136e-02 2.6189097513496705e+01 16
1 0 1 1 3.2180341329405386e-02 2.3169224397057080e-02 1.0000019795064883e+00 7.3674733629455522e-02 6.7598481865586965e-02 2.6234064060809757e+01 16
1 0 1 1 3.2175553012175145e-02 2.3161023211769986e-02 1.0000020459149201e+00 7.3624202262082786e-02 6.8203066186011629e-02 2.6279034352652360e+01 16
1 0 1 1 3.2170581342585783e-02 2.3152736715551899e-02 1.0000021141749069e+00 7.3573705552712365e-02 6.8809610296062418e-02 2.6324009007448520e+01 16
1 0 1 1 3.2165427417621718e-02 2.3144365553059990e-02 1.0000021843279066e+00 7.3523243477573330e-02 6.9418112758196288e-02 2.6368988643134031e+01 16
1 0 1 1 3.2160092324399404e-02 2.3135910361865235e-02 1.0000022564160858e+00 7.3472816012911071e-02 7.0028572229871258e-02 2.6413973877209781e+01 16
1 0 1 1 3.2154577140258309e-02 2.3127371772537757e-02 1.0000023304823284e+00 7.3422423134987258e-02 7.0640987463536295e-02 2.6458965326784757e+01 16
1 0 1 1 3.2148882932849059e-02 2.3118750408720554e-02 1.0000024065702444e+00 7.3372064820079866e-02 7.1255357306774000e-02 2.6503963608631867e+01 16
1 0 1 1 3.2143010760223342e-02 2.3110046887210356e-02 1.0000024847241773e+00 7.3321741044483107e-02 7.1871680702360455e-02 2.6548969339237637e+01 16
1 0 1 1 3.2136961670919770e-02 2.3101261818033753e-02 1.0000025649892146e+00 7.3271451784507474e-02 7.2489956688310750e-02 2.6593983134851509e+01 16
1 0 1 1 3.2130736704049000e-02 2.3092395804523116e-02 1.0000026474111954e+00 7.3221197016479694e-02 7.3110184397930475e-02 2.6639005611536014e+01 16
1 0 1 1 3.2124336889381759e-02 2.3083449443391253e-02 1.0000027320367202e+00 7.3170976716742733e-02 7.3732363059928030e-02 2.6684037385221949e+01 16
1 0 1 1 3.2117763247428370e-02 2.3074423324803476e-02 1.0000028189131587e+00 7.3120790861655807e-02 7.4356491998423466e-02 2.6729079071756075e+01 16
1 0 1 1 3.2111016789525368e-02 2.3065318032452386e-02 1.0000029080886599e+00 7.3070639427594314e-02 7.4982570633040341e-02 2.6774131286955143e+01 16
1 0 1 1 3.2104098517917727e-02 2.3056134143630128e-02 1.0000029996121611e+00 7.3020522390949874e-02 7.5610598478962246e-02 2.6819194646657589e+01 16
1 0 1 1 3.2097009425835162e-02 2.3046872229293691e-02 1.0000030935333963e+00 7.2970439728130290e-02 7.6240575146995046e-02 2.6864269766775926e+01 16
1 0 1 1 3.2089750497574024e-02 2.3037532854137066e-02 1.0000031899029065e+00 7.2920391415559560e-02 7.6872500343624722e-02 2.6909357263348618e+01 16
1 0 1 1 3.2082322708579213e-02 2.3028116576662750e-02 1.0000032887720478e+00 7.2870377429677835e-02 7.7506373871102596e-02 2.6954457752594095e+01 16
1 0 1 1 3.2074726820745261e-02 2.3018614252333956e-02 1.0000033902278189e+00 7.2820397746941434e-02 7.8142217429183689e-02 2.6999573386724133e+01 16
1 0 1 1 3.2066963968109083e-02 2.3009035382970083e-02 1.0000034942933440e+00 7.2770452343822817e-02 7.8780011049147544e-02 2.7044703367094709e+01 16
1 0 1 1 3.2059035118028802e-02 2.2999381373482473e-02 1.0000036010195255e+00 7.2720541196810595e-02 7.9419752881468658e-02 2.7089848173966228e+01 16
1 0 1 1 3.2050941211626653e-02 2.2989652758659843e-02 1.0000037104611281e+00 7.2670664282409494e-02 8.0061443108317823e-02 2.7135008424735553e+01 16
1 0 1 1 3.2042683181540681e-02 2.2979850067395894e-02 1.0000038226737809e+00 7.2620821577140351e-02 8.0705082008036000e-02 2.7180184737246417e+01 16
1 0 1 1 3.2034261952009563e-02 2.2969973822763064e-02 1.0000039377139860e+00 7.2571013057540115e-02 8.1350669955318824e-02 2.7225377729849740e+01 16
1 0 1 1 3.2025678438934217e-02 2.2960024542062651e-02 1.0000040556391290e+00 7.2521238700161833e-02 8.1998207421286065e-02 2.7270588021456188e+01 15
1 0 1 1 3.2016933549953892e-02 2.2950002736894150e-02 1.0000041765074892e+00 7.2471498481574623e-02 8.2647694973582944e-02 2.7315816231589906e+01 15
1 0 1 1 3.2008028184512934e-02 2.2939908913208979e-02 1.0000043003782482e+00 7.2421792378363672e-02 8.3299133276530921e-02 2.7361062980446377e+01 15
1 0 1 1 3.1998963233932073e-02 2.2929743571374121e-02 1.0000044273115019e+00 7.2372120367130227e-02 8.3952523091243958e-02 2.7406328888946785e+01 15
1 0 1 1 3.1989739581475836e-02 2.2919507206228762e-02 1.0000045573682688e+00 7.2322482424491588e-02 8.4607865275782804e-02 2.7451614578795322e+01 15
1 0 1 1 3.1980358102417290e-02 2.2909200307138982e-02 1.0000046906105009e+00 7.2272878527081100e-02 8.5265160785293961e-02 2.7496920672534984e+01 15
1 0 1 1 3.1970819664106087e-02 2.2898823358057825e-02 1.0000048271010946e+00 7.2223308651548121e-02 8.5924410672151161e-02 2.7542247793602918e+01 15
1 0 1 1 3.1961125126030873e-02 2.2888376837574720e-02 1.0000049669038995e+00 7.2173772774558040e-02 8.6585616086171366e-02 2.7587596566391333e+01 15
1 0 1 1 3.1951275339891366e-02 2.2877861218981180e-02 1.0000051100837306e+00 7.2124270872792232e-02 8.7248778274777200e-02 2.7632967616303208e+01 15
1 0 1 1 3.1941271149649640e-02 2.2867276970312062e-02 1.0000052567063769e+00 7.2074802922948072e-02 8.7913898583141484e-02 2.7678361569807603e+01 15
1 0 1 1 3.1931113391602248e-02 2.2856624554405361e-02 1.0000054068386135e+00 7.2025368901738912e-02 8.8580978454476794e-02 2.7723779054503961e+01 15
1 0 1 1 3.1920802894435579e-02 2.2845904428951940e-02 1.0000055605482119e+00 7.1975968785894101e-02 8.9250019430150554e-02 2.7769220699173967e+01 15
1 0 1 1 3.1910340479292747e-02 2.2835117046551560e-02 1.0000057179039497e+00 7.1926602552158922e-02 8.9921023149988510e-02 2.7814687133846046e+01 15
1 0 1 1 3.1899726959825750e-02 2.2824262854753804e-02 1.0000058789756228e+00 7.1877270177294617e-02 9.0593991352488398e-02 2.7860178989853861e+01 15
1 0 1 1 3.1888963142260057e-02 2.2813342296116746e-02 1.0000060438340554e+00 7.1827971638078358e-02 9.1268925875034684e-02 2.7905696899893357e+01 15
1 0 1 1 3.1878049825450908e-02 2.2802355808251965e-02 1.0000062125511113e+00 7.1778706911303267e-02 9.1945828654222378e-02 2.7951241498087775e+01 15
1 0 1 1 3.1866987800938995e-02 2.2791303823873052e-02 1.0000063851997043e+00 7.1729475973778364e-02 9.2624701726058467e-02 2.7996813420043466e+01 15
1 0 1 1 3.1855777853009873e-02 2.2780186770843397e-02 1.0000065618538105e+00 7.1680278802328579e-02 9.3305547226329222e-02 2.8042413302916806e+01 15
1 0 1 1 3.1844420758747140e-02 2.2769005072222286e-02 1.0000067425884782e+00 7.1631115373794740e-02 9.3988367390851396e-02 2.8088041785472502e+01 15
1 0 1 1 3.1832917288084017e-02 2.2757759146308308e-02 1.0000069274798402e+00 7.1581985665033571e-02 9.4673164555768047e-02 2.8133699508144769e+01 15
1 0 1 1 3.1821268203864495e-02 2.2746449406689781e-02 1.0000071166051245e+00 7.1532889652917639e-02 9.5359941157950545e-02 2.8179387113105019e+01 15
1 0 1 1 3.1809474261893400e-02 2.2735076262288212e-02 1.0000073100426659e+00 7.1483827314335391e-02 9.6048699735306692e-02 2.8225105244322666e+01 15
1 0 1 1 3.1797536210981282e-02 2.2723640117393924e-02 1.0000075078719173e+00 7.1434798626191134e-02 9.6739442927066294e-02 2.8270854547624655e+01 15
1 0 1 1 3.1785454793007761e-02 2.2712141371719743e-02 1.0000077101734619e+00 7.1385803565404998e-02 9.7432173474311407e-02 2.8316635670770033e+01 15
1 0 1 1 3.1773230742963725e-02 2.2700580420437554e-02 1.0000079170290246e+00 7.1336842108912946e-02 9.8126894220223207e-02 2.8362449263505610e+01 15
1 0 1 1 3.1760864789003175e-02 2.2688957654220396e-02 1.0000081285214830e+00 7.1287914233666774e-02 9.8823608110536004e-02 2.8408295977634975e+01 15
1 0 1 1 3.1748357652493668e-02 2.2677273459284334e-02 1.0000083447348802e+00 7.1239019916634075e-02 9.9522318194003603e-02 2.8454176467087844e+01 15
1 0 1 1 3.1735710048062762e-02 2.2665528217427709e-02 1.0000085657544364e+00 7.1190159134798245e-02 1.0022302762277747e-01 2.8500091387983034e+01 15
1 0 1 1 3.1722922683642206e-02 2.2653722306068717e-02 1.0000087916665612e+00 7.1141331865158461e-02 1.0092573965282133e-01 2.8546041398693440e+01 15
1 0 1 1 3.1709996260523621e-02 2.2641856098289975e-02 1.0000090225588643e+00 7.1092538084729678e-02 1.0163045764452636e-01 2.8592027159923848e+01 15
1 0 1 1 3.1696931473394918e-02 2.2629929962871394e-02 1.0000092585201699e+00 7.1043777770542618e-02 1.0233718506305207e-01 2.8638049334770066e+01 15
1 0 1 1 3.1683729010390432e-02 2.2617944264329226e-02 1.0000094996405267e+00 7.0995050899643752e-02 1.0304592547891453e-01 2.8684108588794221e+01 15
1 0 1 1 3.1670389553129945e-02 2.2605899362950922e-02 1.0000097460112218e+00 7.0946357449095304e-02 1.0375668256842735e-01 2.8730205590089593e+01 15
1 0 1 1 3.1656913776771184e-02 2.2593795614837792e-02 1.0000099977247925e+00 7.0897697395975207e-02 1.0446946011436786e-01 2.8776341009359744e+01 15
1 0 1 1 3.1643302350042556e-02 2.2581633371931965e-02 1.0000102548750387e+00 7.0849070717377144e-02 1.0518426200639260e-01 2.8822515519981284e+01 15
1 0 1 1 3.1629555935291764e-02 2.2569412982058015e-02 1.0000105175570353e+00 7.0800477390410496e-02 1.0590109224172345e-01 2.8868729798083212e+01 15
1 0 1 1 3.1615675188522804e-02 2.2557134788952781e-02 1.0000107858671459e+00 7.0751917392200339e-02 1.0661995492567498e-01 2.8914984522616038e+01 15
1 0 1 1 3.1601660759441173e-02 2.2544799132303079e-02 1.0000110599030336e+00 7.0703390699887445e-02 1.0734085427232991e-01 2.8961280375429702e+01 15
1 0 1 1 3.1587513291486707e-02 2.2532406347774408e-02 1.0000113397636758e+00 7.0654897290628266e-02 1.0806379460507752e-01 2.9007618041342383e+01 15
1 0 1 1 3.1573231479222634e-02 2.2519956767046281e-02 1.0000116255493758e+00 7.0606437141594910e-02 1.0878878035736528e-01 2.9053998208222659e+01 15
1 0 1 1 3.1558812196362522e-02 2.2507450717845129e-02 1.0000119173617765e+00 7.0558010229975154e-02 1.0951581607335777e-01 2.9100421567065158e+01 15
1 0 1 1 3.1544261945441278e-02 2.2494888523972491e-02 1.0000122153038729e+00 7.0509616532972427e-02 1.1024490640853732e-01 2.9146888812061995e+01 15
1 0 1 1 3.1529581344829215e-02 2.2482270505334537e-02 1.0000125194800251e+00 7.0461256027805785e-02 1.1097605613054017e-01 2.9193400640689578e+01 15
1 0 1 1 3.1514771006805484e-02 2.2469596977978956e-02 1.0000128299959723e+00 7.0412928691709897e-02 1.1170927011980702e-01 2.9239957753781692e+01 15
1 0 1 1 3.1499831537590353e-02 2.2456868254117423e-02 1.0000131469588454e+00 7.0364634501935058e-02 1.1244455337039155e-01 2.9286560855613860e+01 15
1 0 1 1 3.1484763537381263e-02 2.2444084642157015e-02 1.0000134704771801e+00 7.0316373435747176e-02 1.1318191099071574e-01 2.9333210653982963e+01 15
1 0 1 1 3.1469567600389013e-02 2.2431246446731234e-02 1.0000138006609320e+00 7.0268145470427729e-02 1.1392134820438143e-01 2.9379907860290093e+01 15
1 0 1 1 3.1454244314865147e-02 2.2418353968720359e-02 1.0000141376214873e+00 7.0219950583273794e-02 1.1466287035097612e-01 2.9426653189623359e+01 15
1 0 1 1 3.1438794263143097e-02 2.2405407505289934e-02 1.0000144814716789e+00 7.0171788751598019e-02 1.1540648288693101e-01 2.9473447360842247e+01 15
1 0 1 1 3.1423218021660100e-02 2.2392407349903748e-02 1.0000148323257989e+00 7.0123659952728609e-02 1.1615219138639514e-01 2.9520291096664547e+01 15
1 0 1 1 3.1407516160998211e-02 2.2379353792363478e-02 1.0000151902996119e+00 7.0075564164009313e-02 1.1690000154213614e-01 2.9567185123752463e+01 15
1 0 1 1 3.1391689245908863e-02 2.2366247118824706e-02 1.0000155555103705e+00 7.0027501362799435e-02 1.1764991916647249e-01 2.9614130172802206e+01 15
1 0 1 1 3.1375737835340888e-02 2.2353087611823766e-02 1.0000159280768268e+00 6.9979471526473783e-02 1.1840195019213098e-01 2.9661126978627216e+01 15
1 0 1 1 3.1359662482476777e-02 2.2339875550307559e-02 1.0000163081192481e+00 6.9931474632422705e-02 1.1915610067334227e-01 2.9708176280256495e+01 15
1 0 1 1 3.1343463734751859e-02 2.2326611209647376e-02 1.0000166957594305e+00 6.9883510658052039e-02 1.1991237678673440e-01 2.9755278821020365e+01 15
1 0 1 1 3.1327142133890602e-02 2.2313294861673830e-02 1.0000170911207127e+00 6.9835579580783139e-02 1.2067078483241588e-01 2.9802435348646476e+01 15
1 0 1 1 3.1310698215926788e-02 2.2299926774690622e-02 1.0000174943279898e+00 6.9787681378052829e-02 1.2143133123499079e-01 2.9849646615352651e+01 15
1 0 1 1 3.1294132511233107e-02 2.2286507213501082e-02 1.0000179055077283e+00 6.9739816027313425e-02 1.2219402254463341e-01 2.9896913377942230e+01 15
1 0 1 1 3.1277445544543987e-02 2.2273036439427785e-02 1.0000183247879797e+00 6.9691983506032687e-02 1.2295886543818996e-01 2.9944236397901012e+01 15
1 0 1 1 3.1260637834983750e-02 2.2259514710336374e-02 1.0000187522983952e+00 6.9644183791693848e-02 1.2372586672034494e-01 2.9991616441497932e+01 15
1 0 1 1 3.1243709896087185e-02 2.2245942280653276e-02 1.0000191881702396e+00 6.9596416861795560e-02 1.2449503332473177e-01 3.0039054279881938e+01 15
1 0 1 1 3.1226662235822454e-02 2.2232319401386161e-02 1.0000196325364064e+00 6.9548682693851935e-02 1.2526637231510188e-01 3.0086550689182161e+01 15
1 0 1 1 3.1209495356620060e-02 2.2218646320148645e-02 1.0000200855314310e+00 6.9500981265392503e-02 1.2603989088667358e-01 3.0134106450618717e+01 15
1 0 1 1 3.1192209755384018e-02 2.2204923281170446e-02 1.0000205472915071e+00 6.9453312553962199e-02 1.2681559636718231e-01 3.0181722350595301e+01 15
1 0 1 1 3.1174805923522477e-02 2.2191150525324534e-02 1.0000210179544995e+00 6.9405676537121347e-02 1.2759349621831545e-01 3.0229399180814447e+01 15
1 0 1 1 3.1157284346961127e-02 2.2177328290137011e-02 1.0000214976599593e+00 6.9358073192445677e-02 1.2837359803696910e-01 3.0277137738382621e+01 15
1 0 1 1 3.1139645506167858e-02 2.2163456809812462e-02 1.0000219865491389e+00 6.9310502497526308e-02 1.2915590955658005e-01 3.0324938825918178e+01 15
1 0 1 1 3.1121889876166878e-02 2.2149536315244588e-02 1.0000224847650061e+00 6.9262964429969709e-02 1.2994043864847726e-01 3.0372803251661633e+01 15
1 0 1 1 3.1104017926563796e-02 2.2135567034039596e-02 1.0000229924522595e+00 6.9215458967397711e-02 1.3072719332341051e-01 3.0420731829595535e+01 15
1 0 1 1 3.1086030121553487e-02 2.2121549190522432e-02 1.0000235097573420e+00 6.9167986087447508e-02 1.3151618173283791e-01 3.0468725379550371e+01 15
1 0 1 1 3.1067926919944092e-02 2.2107483005760785e-02 1.0000240368284572e+00 6.9120545767771616e-02 1.3230741217047642e-01 3.0516784727325007e+01 15
1 0 1 1 3.1049708775169885e-02 2.2093368697576103e-02 1.0000245738155826e+00 6.9073137986037897e-02 1.3310089307382519e-01 3.0564910704806238e+01 15
1 0 1 1 3.1031376135308320e-02 2.2079206480559038e-02 1.0000251208704856e+00 6.9025762719929509e-02 1.3389663302573665e-01 3.0613104150090706e+01 15
1 0 1 1 3.1012929443090309e-02 2.2064996566081171e-02 1.0000256781467374e+00 6.8978419947144917e-02 1.3469464075589668e-01 3.0661365907600882e+01 15
1 0 1 1 3.0994369135919915e-02 2.2050739162313170e-02 1.0000262457997284e+00 6.8931109645397906e-02 1.3549492514259126e-01 3.0709696828218281e+01 15
1 0 1 1 3.0975695645881325e-02 2.2036434474230985e-02 1.0000268239866832e+00 6.8883831792417527e-02 1.3629749521426657e-01 3.0758097769404532e+01 15
1 0 1 1 3.0956909399753332e-02 2.2022082703632394e-02 1.0000274128666740e+00 6.8836586365948110e-02 1.3710236015124722e-01 3.0806569595330792e+01 15
1 0 1 1 3.0938010819022928e-02 2.2007684049149243e-02 1.0000280126006376e+00 6.8789373343749238e-02 1.3790952928755282e-01 3.0855113177013656e+01 15
1 0 1 1 3.0919000319892247e-02 2.1993238706256534e-02 1.0000286233513882e+00 6.8742192703595772e-02 1.3871901211258614e-01 3.0903729392442930e+01 15
1 0 1 1 3.0899878313289511e-02 2.1978746867282999e-02 1.0000292452836332e+00 6.8695044423277812e-02 1.3953081827301581e-01 3.0952419126721079e+01 15
1 0 1 1 3.0880645204877981e-02 2.1964208721421696e-02 1.0000298785639881e+00 6.8647928480600667e-02 1.4034495757463519e-01 3.1001183272200930e+01 15
1 0 1 1 3.0861301395065703e-02 2.1949624454741752e-02 1.0000305233609905e+00 6.8600844853384899e-02 1.4116143998427425e-01 3.1050022728626111e+01 15
1 0 1 1 3.0841847279009651e-02 2.1934994250193605e-02 1.0000311798451149e+00 6.8553793519466250e-02 1.4198027563175877e-01 3.1098938403275024e+01 15
1 0 1 1 3.0822283246626864e-02 2.1920318287622309e-02 1.0000318481887882e+00 6.8506774456695702e-02 1.4280147481193056e-01 3.1147931211107327e+01 15
1 0 1 1 3.0802609682594264e-02 2.1905596743769466e-02 1.0000325285664031e+00 6.8459787642939390e-02 1.4362504798667269e-01 3.1197002074911630e+01 15
1 0 1 1 3.0782826966359669e-02 2.1890829792286924e-02 1.0000332211543332e+00 6.8412833056078662e-02 1.4445100578704667e-01 3.1246151925458722e+01 15
1 0 1 1 3.0762935472139648e-02 2.1876017603737766e-02 1.0000339261309474e+00 6.8365910674010016e-02 1.4527935901538250e-01 3.1295381701652857e+01 15
1 0 1 1 3.0742935568929021e-02 2.1861160345607842e-02 1.0000346436766245e+00 6.8319020474645123e-02 1.4611011864757162e-01 3.1344692350694242e+01 15
1 0 1 1 3.0722827620498428e-02 2.1846258182307739e-02 1.0000353739737669e+00 6.8272162435910805e-02 1.4694329583523943e-01 3.1394084828234860e+01 15
1 0 1 1 3.0702611985398792e-02 2.1831311275181828e-02 1.0000361172068148e+00 6.8225336535748998e-02 1.4777890190807250e-01 3.1443560098542772e+01 15
1 0 1 1 3.0682289016960625e-02 2.1816319782508930e-02 1.0000368735622611e+00 6.8178542752116794e-02 1.4861694837623909e-01 3.1493119134672913e+01 15
1 0 1 1 3.0661859063294165e-02 2.1801283859508896e-02 1.0000376432286646e+00 6.8131781062986396e-02 1.4945744693271915e-01 3.1542762918631418e+01 15
1 0 1 1 3.0641322467286302e-02 2.1786203658343932e-02 1.0000384263966635e+00 6.8085051446345121e-02 1.5030040945579928e-01 3.1592492441550387e+01 15
1 0 1 1 3.0620679566602894e-02 2.1771079328125113e-02 1.0000392232589903e+00 6.8038353880195371e-02 1.5114584801166758e-01 3.1642308703868082e+01 15
1 0 1 1 3.0599930693680732e-02 2.1755911014910957e-02 1.0000400340104840e+00 6.7991688342554632e-02 1.5199377485688553e-01 3.1692212715502144e+01 15
1 0 1 1 3.0579076175729147e-02 2.1740698861713089e-02 1.0000408588481045e+00 6.7945054811455491e-02 1.5284420244120844e-01 3.1742205496043322e+01 15
1 0 1 1 3.0572102845268959e-02 2.1735619588413725e-02 1.0000411368947961e+00 6.7929520962618853e-02 1.5312817121628808e-01 3.1758885843733029e+01 11
1 0 1 1 3.0565117829428196e-02 2.1730535466905905e-02 1.0000414165354123e+00 6.7913990665187982e-02 1.5341241959986507e-01 3.1775576202718007e+01 11
1 0 1 1 3.0558121139930967e-02 2.1725446502258910e-02 1.0000416977774018e+00 6.7898463918350943e-02 1.5369694806732973e-01 3.1792276611471678e+01 11
1 0 1 1 3.0551112788434621e-02 2.1720352699501483e-02 1.0000419806282386e+00 6.7882940721295998e-02 1.5398175709650974e-01 3.1808987108591186e+01 11
1 0 1 1 3.0544092786532522e-02 2.1715254063625851e-02 1.0000422650954246e+00 6.7867421073211573e-02 1.5426684716775163e-01 3.1825707732801941e+01 11
1 0 1 1 3.0537061145754763e-02 2.1710150599587971e-02 1.0000425511864874e+00 6.7851904973286289e-02 1.5455221876390096e-01 3.1842438522956513e+01 11
1 0 1 1 3.0530017877563223e-02 2.1705042312303708e-02 1.0000428389089824e+00 6.7836392420708949e-02 1.5483787237022964e-01 3.1859179518030661e+01 11
1 0 1 1 3.0522962993357980e-02 2.1699929206653212e-02 1.0000431282704905e+00 6.7820883414668548e-02 1.5512380847463325e-01 3.1875930757135045e+01 11
1 0 1 1 3.0515896504473415e-02 2.1694811287478605e-02 1.0000434192786207e+00 6.7805377954354262e-02 1.5541002756749600e-01 3.1892692279507276e+01 11
1 0 1 1 3.0508818422177685e-02 2.1689688559583201e-02 1.0000437119410079e+00 6.7789876038955463e-02 1.5569653014172299e-01 3.1909464124514113e+01 11
1 0 1 1 3.0501728757675164e-02 2.1684561027733928e-02 1.0000440062653146e+00 6.7774377667661687e-02 1.5598331669279636e-01 3.1926246331654632e+01 11
1 0 1 1 3.0494627522106459e-02 2.1679428696660924e-02 1.0000443022592300e+00 6.7758882839662679e-02 1.5627038771880836e-01 3.1943038940562392e+01 11
1 0 1 1 3.0487514726544651e-02 2.1674291571054747e-02 1.0000445999304703e+00 6.7743391554148352e-02 1.5655774372035625e-01 3.1959841990999536e+01 11
1 0 1 1 3.0480390382000195e-02 2.1669149655569601e-02 1.0000448992867790e+00 6.7727903810308812e-02 1.5684538520072971e-01 3.1976655522867759e+01 11
1 0 1 1 3.0473254499416132e-02 2.1664002954821585e-02 1.0000452003359266e+00 6.7712419607334345e-02 1.5713331266570588e-01 3.1993479576196247e+01 11
1 0 1 1 3.0466107089672369e-02 2.1658851473389199e-02 1.0000455030857107e+00 6.7696938944415433e-02 1.5742152662380354e-01 3.2010314191157129e+01 11
1 0 1 1 3.0458948163581873e-02 2.1653695215812851e-02 1.0000458075439562e+00 6.7681461820742722e-02 1.5771002758606578e-01 3.2027159408052427e+01 11
1 0 1 1 3.0451777731893868e-02 2.1648534186596288e-02 1.0000461137185155e+00 6.7665988235507069e-02 1.5799881606626931e-01 3.2044015267326650e+01 11
1 0 1 1 3.0444595805291765e-02 2.1643368390205000e-02 1.0000464216172682e+00 6.7650518187899494e-02 1.5828789258081155e-01 3.2060881809560243e+01 11
1 0 1 1 3.0437402394393430e-02 2.1638197831066484e-02 1.0000467312481212e+00 6.7635051677111230e-02 1.5857725764876077e-01 3.2077759075472720e+01 11
1 0 1 1 3.0430197509752354e-02 2.1633022513572086e-02 1.0000470426190085e+00 6.7619588702333658e-02 1.5886691179188767e-01 3.2094647105924402e+01 11
1 0 1 1 3.0422981161854202e-02 2.1627842442071856e-02 1.0000473557378924e+00 6.7604129262758370e-02 1.5915685553465259e-01 3.2111545941916376e+01 11
1 0 1 1 3.0415753361120543e-02 2.1622657620880885e-02 1.0000476706127619e+00 6.7588673357577123e-02 1.5944708940419608e-01 3.2128455624589250e+01 11
1 0 1 1 3.0408514117909333e-02 2.1617468054277847e-02 1.0000479872516339e+00 6.7573220985981883e-02 1.5973761393046426e-01 3.2145376195230973e+01 11
1 0 1 1 3.0401263442509967e-02 2.1612273746500155e-02 1.0000483056625533e+00 6.7557772147164782e-02 1.6002842964607839e-01 3.2162307695269661e+01 11
1 0 1 1 3.0394001345146665e-02 2.1607074701748451e-02 1.0000486258535919e+00 6.7542326840318148e-02 1.6031953708642707e-01 3.2179250166278770e+01 11
1 0 1 1 3.0386727835980482e-02 2.1601870924188252e-02 1.0000489478328496e+00 6.7526885064634487e-02 1.6061093678970878e-01 3.2196203649979410e+01 11
1 0 1 1 3.0379442925102283e-02 2.1596662417942274e-02 1.0000492716084541e+00 6.7511446819306500e-02 1.6090262929682012e-01 3.2213168188234789e+01 11
1 0 1 1 3.0372146622542243e-02 2.1591449187100917e-02 1.0000495971885608e+00 6.7496012103527056e-02 1.6119461515157646e-01 3.2230143823062207e+01 11
1 0 1 1 3.0364838938260495e-02 2.1586231235712756e-02 1.0000499245813526e+00 6.7480580916489216e-02 1.6148689490048837e-01 3.2247130596620906e+01 11
1 0 1 1 3.0357519882153523e-02 2.1581008567790272e-02 1.0000502537950406e+00 6.7465153257386223e-02 1.6177946909295365e-01 3.2264128551223038e+01 11
1 0 1 1 3.0350189464049680e-02 2.1575781187305926e-02 1.0000505848378640e+00 6.7449729125411514e-02 1.6207233828120773e-01 3.2281137729331256e+01 11
1 0 1 1 3.0342847693712576e-02 2.1570549098195814e-02 1.0000509177180896e+00 6.7434308519758707e-02 1.6236550302030203e-01 3.2298158173556978e+01 11
1 0 1 1 3.0335494580840811e-02 2.1565312304359641e-02 1.0000512524440124e+00 6.7418891439621584e-02 1.6265896386821707e-01 3.2315189926667372e+01 11
1 0 1 1 3.0328130135063459e-02 2.1560070809654962e-02 1.0000515890239550e+00 6.7403477884194138e-02 1.6295272138576752e-01 3.2332233031580458e+01 11
1 0 1 1 3.0320754365946993e-02 2.1554824617905512e-02 1.0000519274662683e+00 6.7388067852670541e-02 1.6324677613671806e-01 3.2349287531371054e+01 11
1 0 1 1 3.0313367282988678e-02 2.1549573732893863e-02 1.0000522677793318e+00 6.7372661344245147e-02 1.6354112868771534e-01 3.2366353469267843e+01 11
1 0 1 1 3.0305968895620931e-02 2.1544318158366816e-02 1.0000526099715525e+00 6.7357258358112487e-02 1.6383577960833290e-01 3.2383430888655305e+01 11
1 0 1 1 3.0298559213207031e-02 2.1539057898029661e-02 1.0000529540513656e+00 6.7341858893467291e-02 1.6413072947106802e-01 3.2400519833074512e+01 11
1 0 1 1 3.0291138245047974e-02 2.1533792955554302e-02 1.0000533000272351e+00 6.7326462949504451e-02 1.6442597885146878e-01 3.2417620346229718e+01 11
1 0 1 1 3.0283706000374479e-02 2.1528523334570761e-02 1.0000536479076525e+00 6.7311070525419056e-02 1.6472152832799120e-01 3.2434732471981050e+01 11
1 0 1 1 3.0276262488351007e-02 2.1523249038671144e-02 1.0000539977011380e+00 6.7295681620406389e-02 1.6501737848207856e-01 3.2451856254348783e+01 11
1 0 1 1 3.0268807718075594e-02 2.1517970071410025e-02 1.0000543494162402e+00 6.7280296233661899e-02 1.6531352989821271e-01 3.2468991737516511e+01 11
1 0 1 1 3.0261341698579525e-02 2.1512686436303999e-02 1.0000547030615359e+00 6.7264914364381229e-02 1.6560998316389375e-01 3.2486138965830058e+01 11
1 0 1 1 3.0253864438827209e-02 2.1507398136831817e-02 1.0000550586456300e+00 6.7249536011760203e-02 1.6590673886964338e-01 3.2503297983797758e+01 11
1 0 1 1 3.0246375947715034e-02 2.1502105176431748e-02 1.0000554161771564e+00 6.7234161174994825e-02 1.6620379760910126e-01 3.2520468836096725e+01 11
1 0 1 1 3.0238876234071892e-02 2.1496807558504884e-02 1.0000557756647770e+00 6.7218789853281294e-02 1.6650115997888559e-01 3.2537651567564090e+01 11
1 0 1 1 3.0231365306660866e-02 2.1491505286414032e-02 1.0000561371171826e+00 6.7203422045815975e-02 1.6679882657881481e-01 3.2554846223210603e+01 11
1 0 1 1 3.0223843174175855e-02 2.1486198363483245e-02 1.0000565005430919e+00 6.7188057751795441e-02 1.6709679801170202e-01 3.2572052848208401e+01 11
1 0 1 1 3.0216309845244784e-02 2.1480886792998120e-02 1.0000568659512530e+00 6.7172696970416432e-02 1.6739507488360045e-01 3.2589271487905840e+01 11
1 0 1 1 3.0208765328426156e-02 2.1475570578204813e-02 1.0000572333504414e+00 6.7157339700875868e-02 1.6769365780360726e-01 3.2606502187815934e+01 11
1 0 1 1 3.0201209632211443e-02 2.1470249722310972e-02 1.0000576027494625e+00 6.7141985942370863e-02 1.6799254738403296e-01 3.2623744993626495e+01 11
1 0 1 1 3.0193642765025504e-02 2.1464924228487597e-02 1.0000579741571494e+00 6.7126635694098713e-02 1.6829174424035911e-01 3.2640999951197436e+01 11
1 0 1 1 3.0186064735223010e-02 2.1459594099864060e-02 1.0000583475823641e+00 6.7111288955256893e-02 1.6859124899122904e-01 3.2658267106560984e+01 11
1 0 1 1 3.0178475551091481e-02 2.1454259339532041e-02 1.0000587230339977e+00 6.7095945725043071e-02 1.6889106225851847e-01 3.2675546505925524e+01 11
1 0 1 1 3.0170875220851500e-02 2.1448919950545365e-02 1.0000591005209691e+00 6.7080606002655085e-02 1.6919118466736602e-01 3.2692838195677467e+01 11
1 0 1 1 3.0163263752654077e-02 2.1443575935918453e-02 1.0000594800522269e+00 6.7065269787290965e-02 1.6949161684610267e-01 3.2710142222377399e+01 11
1 0 1 1 3.0155641154580557e-02 2.1438227298624365e-02 1.0000598616367480e+00 6.7049937078148922e-02 1.6979235942634158e-01 3.2727458632765824e+01 11
1 0 1 1 3.0148007434647163e-02 2.1432874041601623e-02 1.0000602452835379e+00 6.7034607874427346e-02 1.7009341304302061e-01 3.2744787473764809e+01 11
1 0 1 1 3.0140362600798391e-02 2.1427516167746165e-02 1.0000606310016313e+00 6.7019282175324824e-02 1.7039477833430317e-01 3.2762128792473348e+01 11
1 0 1 1 3.0132706660911678e-02 2.1422153679917059e-02 1.0000610188000916e+00 6.7003959980040106e-02 1.7069645594172589e-01 3.2779482636175423e+01 11
1 0 1 1 3.0125039622793531e-02 2.1416786580930255e-02 1.0000614086880106e+00 6.6988641287772155e-02 1.7099844651015580e-01 3.2796849052338551e+01 11
1 0 1 1 3.0117361494183623e-02 2.1411414873567448e-02 1.0000618006745097e+00 6.6973326097720082e-02 1.7130075068778763e-01 3.2814228088612289e+01 11
1 0 1 1 3.0109672282752381e-02 2.1406038560568681e-02 1.0000621947687385e+00 6.6958014409083194e-02 1.7160336912626420e-01 3.2831619792836719e+01 11
1 0 1 1 3.0101971996100076e-02 2.1400657644635140e-02 1.0000625909798759e+00 6.6942706221060994e-02 1.7190630248054589e-01 3.2849024213034298e+01 11
1 0 1 1 3.0094260641756364e-02 2.1395272128426727e-02 1.0000629893171300e+00 6.6927401532853162e-02 1.7220955140900435e-01 3.2866441397415933e+01 11
1 0 1 1 3.0086538227184236e-02 2.1389882014566434e-02 1.0000633897897369e+00 6.6912100343659547e-02 1.7251311657353954e-01 3.2883871394387434e+01 11
1 0 1 1 3.0078804759775288e-02 2.1384487305636760e-02 1.0000637924069622e+00 6.6896802652680207e-02 1.7281699863941782e-01 3.2901314252540445e+01 11
1 0 1 1 3.0071060246852029e-02 2.1379088004180636e-02 1.0000641971781008e+00 6.6881508459115349e-02 1.7312119827543584e-01 3.2918770020662230e+01 11
1 0 1 1 3.0063304695665330e-02 2.1373684112700034e-02 1.0000646041124759e+00 6.6866217762165392e-02 1.7342571615379904e-01 3.2936238747728730e+01 11
1 0 1 1 3.0055538113397666e-02 2.1368275633658996e-02 1.0000650132194400e+00 6.6850930561030919e-02 1.7373055295028997e-01 3.2953720482914235e+01 11
1 0 1 1 3.0047760507161424e-02 2.1362862569480931e-02 1.0000654245083747e+00 6.6835646854912709e-02 1.7403570934425144e-01 3.2971215275590914e+01 11
1 0 1 1 3.0039971883998502e-02 2.1357444922550636e-02 1.0000658379886902e+00 6.6820366643011719e-02 1.7434118601853507e-01 3.2988723175325525e+01 11
1 0 1 1 3.0032172250878453e-02 2.1352022695209926e-02 1.0000662536698262e+00 6.6805089924529090e-02 1.7464698365953990e-01 3.3006244231882512e+01 11
1 0 1 1 3.0024361614702930e-02 2.1346595889763974e-02 1.0000666715612510e+00 6.6789816698666141e-02 1.7495310295733751e-01 3.3023778495230587e+01 11
1 0 1 1 3.0016539982300784e-02 2.1341164508475584e-02 1.0000670916724621e+00 6.6774546964624384e-02 1.7525954460555807e-01 3.3041326015536939e+01 11
1 0 1 1 3.0008707360431260e-02 2.1335728553568745e-02 1.0000675140129860e+00 6.6759280721605488e-02 1.7556630930149839e-01 3.3058886843173170e+01 11
1 0 1 1 3.0000863755780881e-02 2.1330288027225915e-02 1.0000679385923781e+00 6.6744017968811339e-02 1.7587339774607369e-01 3.3076461028713069e+01 11
1 0 1 1 2.9993009174967344e-02 2.1324842931591044e-02 1.0000683654202234e+00 6.6728758705443980e-02 1.7618081064395699e-01 3.3094048622940441e+01 11
1 0 1 1 2.9985143624533663e-02 2.1319393268764798e-02 1.0000687945061348e+00 6.6713502930705659e-02 1.7648854870342631e-01 3.3111649676840877e+01 11
1 0 1 1 2.9977267110954151e-02 2.1313939040810526e-02 1.0000692258597554e+00 6.6698250643798779e-02 1.7679661263655536e-01 3.3129264241612390e+01 11
1 0 1 1 2.9969379640630865e-02 2.1308480249749750e-02 1.0000696594907565e+00 6.6683001843925935e-02 1.7710500315915811e-01 3.3146892368662769e+01 11
1 0 1 1 2.9961481219892196e-02 2.1303016897562185e-02 1.0000700954088393e+00 6.6667756530289918e-02 1.7741372099077216e-01 3.3164534109608830e+01 11
1 0 1 1 2.9953571854994976e-02 2.1297548986186916e-02 1.0000705336237328e+00 6.6652514702093699e-02 1.7772276685473115e-01 3.3182189516280587e+01 11
1 0 1 1 2.9945651552126806e-02 2.1292076517526223e-02 1.0000709741451959e+00 6.6637276358540401e-02 1.7803214147823748e-01 3.3199858640725076e+01 11
1 0 1 1 2.9937720317398154e-02 2.1286599493434769e-02 1.0000714169830163e+00 6.6622041498833370e-02 1.7834184559228694e-01 3.3217541535203729e+01 11
1 0 1 1 2.9929778156850835e-02 2.1281117915732610e-02 1.0000718621470106e+00 6.6606810122176119e-02 1.7865187993172557e-01 3.3235238252193795e+01 11
1 0 1 1 2.9921825076451910e-02 2.1275631786194602e-02 1.0000723096470245e+00 6.6591582227772325e-02 1.7896224523533399e-01 3.3252948844395142e+01 11
1 0 1 1 2.9913861082095074e-02 2.1270141106555035e-02 1.0000727594929328e+00 6.6576357814825876e-02 1.7927294224572887e-01 3.3270673364723784e+01 11
1 0 1 1 2.9905886179602909e-02 2.1264645878509337e-02 1.0000732116946389e+00 6.6561136882540825e-02 1.7958397170949730e-01 3.3288411866319663e+01 11
1 0 1 1 2.9897900374722321e-02 2.1259146103708097e-02 1.0000736662620755e+00 6.6545919430121406e-02 1.7989533437716157e-01 3.3306164402545711e+01 11
1 0 1 1 2.9889903673128500e-02 2.1253641783762822e-02 1.0000741232052039e+00 6.6530705456772046e-02 1.8020703100326285e-01 3.3323931026991971e+01 11
1 0 1 1 2.9881896080422753e-02 2.1248132920244113e-02 1.0000745825340145e+00 6.6515494961697341e-02 1.8051906234627435e-01 3.3341711793470793e+01 11
1 0 1 1 2.9873877602130547e-02 2.1242619514676691e-02 1.0000750442585269e+00 6.6500287944102079e-02 1.8083142916875031e-01 3.3359506756026697e+01 11
1 0 1 1 2.9865848243705730e-02 2.1237101568548408e-02 1.0000755083887889e+00 6.6485084403191216e-02 1.8114413223726791e-01 3.3377315968931534e+01 11
1 0 1 1 2.9857808010526683e-02 2.1231579083303077e-02 1.0000759749348775e+00 6.6469884338169916e-02 1.8145717232248187e-01 3.3395139486688997e+01 11
1 0 1 1 2.9849756907897658e-02 2.1226052060342743e-02 1.0000764439068992e+00 6.6454687748243493e-02 1.8177055019914717e-01 3.3412977364035726e+01 11
1 0 1 1 2.9841694941048543e-02 2.1220520501027591e-02 1.0000769153149880e+00 6.6439494632617460e-02 1.8208426664618840e-01 3.3430829655945573e+01 11
1 0 1 1 2.9833622115132855e-02 2.1214984406674353e-02 1.0000773891693076e+00 6.6424304990497521e-02 1.8239832244660042e-01 3.3448696417624085e+01 11
1 0 1 1 2.9825538435230576e-02 2.1209443778559135e-02 1.0000778654800504e+00 6.6409118821089547e-02 1.8271271838762401e-01 3.3466577704518542e+01 11
1 0 1 1 2.9817443906344880e-02 2.1203898617914441e-02 1.0000783442574370e+00 6.6393936123599590e-02 1.8302745526061578e-01 3.3484473572310925e+01 11
1 0 1 1 2.9809338533406865e-02 2.1198348925933058e-02 1.0000788255117172e+00 6.6378756897233882e-02 1.8334253386131641e-01 3.3502384076933197e+01 11
1 0 1 1 2.9801222321266259e-02 2.1192794703760065e-02 1.0000793092531695e+00 6.6363581141198849e-02 1.8365795498951121e-01 3.3520309274548751e+01 11
1 0 1 1 2.9793095274702419e-02 2.1187235952502770e-02 1.0000797954921006e+00 6.6348408854701085e-02 1.8397371944947957e-01 3.3538249221577402e+01 11
1 0 1 1 2.9784957398414941e-02 2.1181672673222712e-02 1.0000802842388461e+00 6.6333240036947377e-02 1.8428982804965491e-01 3.3556203974676777e+01 11
1 0 1 1 2.9776808697028836e-02 2.1176104866940215e-02 1.0000807755037699e+00 6.6318074687144693e-02 1.8460628160287057e-01 3.3574173590756196e+01 11
1 0 1 1 2.9768649175091096e-02 2.1170532534630193e-02 1.0000812692972649e+00 6.6302912804500166e-02 1.8492308092633281e-01 3.3592158126975917e+01 11
1 0 1 1 2.9760478837072637e-02 2.1164955677226333e-02 1.0000817656297520e+00 6.6287754388221126e-02 1.8524022684158134e-01 3.3610157640744241e+01 11
1 0 1 1 2.9752297687368454e-02 2.1159374295619909e-02 1.0000822645116807e+00 6.6272599437515081e-02 1.8555772017465555e-01 3.3628172189727636e+01 11
1 0 1 1 2.9744105730293610e-02 2.1153788390655546e-02 1.0000827659535290e+00 6.6257447951589721e-02 1.8587556175596612e-01 3.3646201831844010e+01 11
1 0 1 1 2.9735902970087463e-02 2.1148197963136686e-02 1.0000832699658027e+00 6.6242299929652915e-02 1.8619375242043842e-01 3.3664246625270415e+01 11
1 0 1 1 2.9727689410910946e-02 2.1142603013822217e-02 1.0000837765590365e+00 6.6227155370912713e-02 1.8651229300747138e-01 3.3682306628441282e+01 11
1 0 1 1 2.9719465056847850e-02 2.1137003543428030e-02 1.0000842857437930e+00 6.6212014274577347e-02 1.8683118436108301e-01 3.3700381900056875e+01 11
1 0 1 1 2.9711229911902934e-02 2.1131399552625676e-02 1.0000847975306635e+00 6.6196876639855226e-02 1.8715042732974824e-01 3.3718472499074160e+01 11
1 0 1 1 2.9702983980001686e-02 2.1125791042041646e-02 1.0000853119302664e+00 6.6181742465954943e-02 1.8747002276655836e-01 3.3736578484716340e+01 11
1 0 1 1 2.9694727264991901e-02 2.1120178012259138e-02 1.0000858289532493e+00 6.6166611752085269e-02 1.8778997152925545e-01 3.3754699916474856e+01 11
1 0 1 1 2.9686459770641310e-02 2.1114560463816615e-02 1.0000863486102867e+00 6.6151484497455157e-02 1.8811027448017817e-01 3.3772836854106487e+01 11
1 0 1 1 2.9678181500640038e-02 2.1108938397208742e-02 1.0000868709120820e+00 6.6136360701273753e-02 1.8843093248645018e-01 3.3790989357644463e+01 11
1 0 1 1 2.9669892458597025e-02 2.1103311812884704e-02 1.0000873958693659e+00 6.6121240362750369e-02 1.8875194641980081e-01 3.3809157487388340e+01 11
1 0 1 1 2.9661592648042294e-02 2.1097680711249695e-02 1.0000879234928970e+00 6.6106123481094500e-02 1.8907331715674575e-01 3.3827341303914473e+01 11
1 0 1 1 2.9653282072425350e-02 2.1092045092663457e-02 1.0000884537934620e+00 6.6091010055515834e-02 1.8939504557858206e-01 3.3845540868076199e+01 11
1 0 1 1 2.9644960735114835e-02 2.1086404957440200e-02 1.0000889867818745e+00 6.6075900085224223e-02 1.8971713257136047e-01 3.3863756241002314e+01 11
1 0 1 1 2.9636628639399282e-02 2.1080760305849829e-02 1.0000895224689765e+00 6.6060793569429704e-02 1.9003957902600216e-01 3.3881987484103881e+01 11
1 0 1 1 2.9628285788487158e-02 2.1075111138116890e-02 1.0000900608656371e+00 6.6045690507342505e-02 1.9036238583835141e-01 3.3900234659077654e+01 11
1 0 1 1 2.9619932185503475e-02 2.1069457454419054e-02 1.0000906019827529e+00 6.6030590898173022e-02 1.9068555390901784e-01 3.3918497827897220e+01 11
1 0 1 1 2.9611567833493811e-02 2.1063799254890280e-02 1.0000911458312478e+00 6.6015494741131830e-02 1.9100908414365086e-01 3.3936777052828752e+01 11
1 0 1 1 2.9603192735421262e-02 2.1058136539617228e-02 1.0000916924220731e+00 6.6000402035429701e-02 1.9133297745285657e-01 3.3955072396426857e+01 11
1 0 1 1 2.9594806894166662e-02 2.1052469308641211e-02 1.0000922417662073e+00 6.5985312780277569e-02 1.9165723475221530e-01 3.3973383921535458e+01 11
1 0 1 1 2.9586410312527896e-02 2.1046797561956803e-02 1.0000927938746553e+00 6.5970226974886553e-02 1.9198185696229345e-01 3.3991711691288849e+01 11
1 0 1 1 2.9578002993222607e-02 2.1041121299514239e-02 1.0000933487584505e+00 6.5955144618467965e-02 1.9230684500884748e-01 3.4010055769123433e+01 11
1 0 1 1 2.9569584938881809e-02 2.1035440521214352e-02 1.0000939064286516e+00 6.5940065710233295e-02 1.9263219982256558e-01 3.4028416218763638e+01 11
1 0 1 1 2.9561156152054895e-02 2.1029755226912000e-02 1.0000944668963450e+00 6.5924990249394189e-02 1.9295792233937892e-01 3.4046793104239647e+01 11
1 0 1 1 2.9552716635209943e-02 2.1024065416419095e-02 1.0000950301726437e+00 6.5909918235162498e-02 1.9328401350039009e-01 3.4065186489882876e+01 11
1 0 1 1 2.9544266390726649e-02 2.1018371089494108e-02 1.0000955962686873e+00 6.5894849666750258e-02 1.9361047425184655e-01 3.4083596440326467e+01 11
1 0 1 1 2.9535803467519890e-02 2.1012672245854225e-02 1.0000961651956417e+00 6.5879784543369652e-02 1.9393730554530531e-01 3.4102023020512860e+01 11
1 0 1 1 2.9527329706324761e-02 2.1006968885166004e-02 1.0000967369646994e+00 6.5864722864233075e-02 1.9426450833750958e-01 3.4120466295688495e+01 11
1 0 1 1 2.9518845214738777e-02 2.1001261007048369e-02 1.0000973115870790e+00 6.5849664628553101e-02 1.9459208359057756e-01 3.4138926331414432e+01 11
1 0 1 1 2.9510349994849590e-02 2.0995548611075502e-02 1.0000978890740255e+00 6.5834609835542457e-02 1.9492003227193921e-01 3.4157403193562295e+01 11
1 0 1 1 2.9501844048657865e-02 2.0989831696771214e-02 1.0000984694368096e+00 6.5819558484414079e-02 1.9524835535442556e-01 3.4175896948320734e+01 11
1 0 1 1 2.9493327378078277e-02 2.0984110263611518e-02 1.0000990526867286e+00 6.5804510574381067e-02 1.9557705381626969e-01 3.4194407662195140e+01 11
1 0 1 1 2.9484799984939712e-02 2.0978384311024414e-02 1.0000996388351047e+00 6.5789466104656705e-02 1.9590612864116269e-01 3.4212935402011148e+01 11
1 0 1 1 2.9476261870984892e-02 2.0972653838390323e-02 1.0001002278932865e+00 6.5774425074454454e-02 1.9623558081831335e-01 3.4231480234918230e+01 11
1 0 1 1 2.9467713037869929e-02 2.0966918845041121e-02 1.0001008198726478e+00 6.5759387482987958e-02 1.9656541134247127e-01 3.4250042228391358e+01 11
1 0 1 1 2.9459153487160938e-02 2.0961179330257075e-02 1.0001014147845881e+00 6.5744353329471039e-02 1.9689562121384435e-01 3.4268621450226995e+01 11
1 0 1 1 2.9450583220339777e-02 2.0955435293272918e-02 1.0001020126405318e+00 6.5729322613117702e-02 1.9722621143839383e-01 3.4287217968559339e+01 11
1 0 1 1 2.9442002238799697e-02 2.0949686733274298e-02 1.0001026134519289e+00 6.5714295333142145e-02 1.9755718302766115e-01 3.4305831851851039e+01 11
1 0 1 1 2.9433410543843411e-02 2.0943933649394075e-02 1.0001032172302537e+00 6.5699271488758704e-02 1.9788853699885656e-01 3.4324463168899271e+01 11
1 0 1 1 2.9424808136687179e-02 2.0938176040718803e-02 1.0001038239870064e+00 6.5684251079181938e-02 1.9822027437493722e-01 3.4343111988839276e+01 11
1 0 1 1 2.9416195018456347e-02 2.0932413906282619e-02 1.0001044337337111e+00 6.5669234103626573e-02 1.9855239618463902e-01 3.4361778381147509e+01 11
1 0 1 1 2.9407571190189451e-02 2.0926647245073114e-02 1.0001050464819163e+00 6.5654220561307500e-02 1.9888490346253299e-01 3.4380462415644047e+01 11
1 0 1 1 2.9398936652832445e-02 2.0920876056024711e-02 1.0001056622431959e+00 6.5639210451439806e-02 1.9921779724893354e-01 3.4399164162488688e+01 11
1 0 1 1 2.9390291407242961e-02 2.0915100338023268e-02 1.0001062810291470e+00 6.5624203773238743e-02 1.9955107859017815e-01 3.4417883692196497e+01 11
1 0 1 1 2.9381635454185734e-02 2.0909320089901613e-02 1.0001069028513914e+00 6.5609200525919759e-02 1.9988474853841434e-01 3.4436621075626555e+01 11
1 0 1 1 2.9372968794336426e-02 2.0903535310444112e-02 1.0001075277215743e+00 6.5594200708698466e-02 2.0021880815182025e-01 3.4455376383994064e+01 11
1 0 1 1 2.9364291428279763e-02 2.0897745998384638e-02 1.0001081556513653e+00 6.5579204320790674e-02 2.0055325849463057e-01 3.4474149688872430e+01 11
1 0 1 1 2.9355603356506041e-02 2.0891952152402450e-02 1.0001087866524572e+00 6.5564211361412356e-02 2.0088810063705673e-01 3.4492941062189608e+01 11
1 0 1 1 2.9346904579415287e-02 2.0886153771128249e-02 1.0001094207365659e+00 6.5549221829779666e-02 2.0122333565543529e-01 3.4511750576235883e+01 11
1 0 1 1 2.9338195097315407e-02 2.0880350853141019e-02 1.0001100579154310e+00 6.5534235725108941e-02 2.0155896463232206e-01 3.4530578303669969e+01 11
1 0 1 1 2.9329474910418468e-02 2.0874543396965008e-02 1.0001106982008148e+00 6.5519253046616696e-02 2.0189498865634795e-01 3.4549424317511608e+01 11
1 0 1 1 2.9320744018845955e-02 2.0868731401075636e-02 1.0001113416045027e+00 6.5504273793519613e-02 2.0223140882246984e-01 3.4568288691155082e+01 11
1 0 1 1 2.9312002422623638e-02 2.0862914863893921e-02 1.0001119881383020e+00 6.5489297965034582e-02 2.0256822623185444e-01 3.4587171498363844e+01 11
1 0 1 1 2.9303250121683565e-02 2.0857093783788520e-02 1.0001126378140439e+00 6.5474325560378646e-02 2.0290544199204846e-01 3.4606072813280150e+01 11
1 0 1 1 2.9294487115863178e-02 2.0851268159076446e-02 1.0001132906435801e+00 6.5459356578769043e-02 2.0324305721692670e-01 3.4624992710422184e+01 11
1 0 1 1 2.9285713404903831e-02 2.0845437988019105e-02 1.0001139466387858e+00 6.5444391019423190e-02 2.0358107302685599e-01 3.4643931264694551e+01 11
1 0 1 1 2.9276928988451450e-02 2.0839603268826397e-02 1.0001146058115569e+00 6.5429428881558671e-02 2.0391949054854658e-01 3.4662888551379062e+01 11
1 0 1 1 2.9268133866056659e-02 2.0833763999654847e-02 1.0001152681738112e+00 6.5414470164393251e-02 2.0425831091533525e-01 3.4681864646151723e+01 11
1 0 1 1 2.9259328037173241e-02 2.0827920178607084e-02 1.0001159337374885e+00 6.5399514867144876e-02 2.0459753526705657e-01 3.4700859625075665e+01 11
1 0 1 1 2.9250511501156047e-02 2.0822071803728692e-02 1.0001166025145491e+00 6.5384562989031669e-02 2.0493716475017973e-01 3.4719873564609848e+01 11
1 0 1 1 2.9241684257264769e-02 2.0816218873015019e-02 1.0001172745169742e+00 6.5369614529271952e-02 2.0527720051781453e-01 3.4738906541608408e+01 11
1 0 1 1 2.9232846304659652e-02 2.0810361384404105e-02 1.0001179497567660e+00 6.5354669487084197e-02 2.0561764372974672e-01 3.4757958633324201e+01 11
1 0 1 1 2.9223997642402005e-02 2.0804499335778721e-02 1.0001186282459469e+00 6.5339727861687055e-02 2.0595849555257567e-01 3.4777029917416705e+01 11
1 0 1 1 2.9215138269456813e-02 2.0798632724969901e-02 1.0001193099965600e+00 6.5324789652299375e-02 2.0629975715973348e-01 3.4796120471952648e+01 11
1 0 1 1 2.9206268184686076e-02 2.0792761549749236e-02 1.0001199950206674e+00 6.5309854858140184e-02 2.0664142973137203e-01 3.4815230375401221e+01 11
1 0 1 1 2.9197387386853176e-02 2.0786885807833912e-02 1.0001206833303518e+00 6.5294923478428676e-02 2.0698351445463556e-01 3.4834359706649145e+01 11
1 0 1 1 2.9188495874622536e-02 2.0781005496886426e-02 1.0001213749377149e+00 6.5279995512384226e-02 2.0732601252371397e-01 3.4853508545003997e+01 11
1 0 1 1 2.9179593646555375e-02 2.0775120614511859e-02 1.0001220698548778e+00 6.5265070959226387e-02 2.0766892513964558e-01 3.4872676970183626e+01 11
1 0 1 1 2.9170680701111833e-02 2.0769231158257701e-02 1.0001227680939806e+00 6.5250149818174896e-02 2.0801225351063077e-01 3.4891865062334602e+01 11
1 0 1 1 2.9161757036650211e-02 2.0763337125615750e-02 1.0001234696671812e+00 6.5235232088449668e-02 2.0835599885194889e-01 3.4911072902027264e+01 12
1 0 1 1 2.9152822651427684e-02 2.0757438514022068e-02 1.0001241745866571e+00 6.5220317769270786e-02 2.0870016238612987e-01 3.4930300570265906e+01 12
1 0 1 1 2.9143877543595403e-02 2.0751535320852312e-02 1.0001248828646032e+00 6.5205406859858511e-02 2.0904474534276685e-01 3.4949548148479167e+01 12
1 0 1 1 2.9134921711202705e-02 2.0745627543425574e-02 1.0001255945132319e+00 6.5190499359433302e-02 2.0938974895888551e-01 3.4968815718540839e+01 12
1 0 1 1 2.9125955152195009e-02 2.0739715179004001e-02 1.0001263095447739e+00 6.5175595267215780e-02 2.0973517447881265e-01 3.4988103362762651e+01 12
1 0 1 1 2.9116977864412148e-02 2.0733798224790444e-02 1.0001270279714762e+00 6.5160694582426751e-02 2.1008102315422833e-01 3.5007411163897999e+01 12
1 0 1 1 2.9107989845589106e-02 2.0727876677929420e-02 1.0001277498056036e+00 6.5145797304287198e-02 2.1042729624431261e-01 3.5026739205150520e+01 12
1 0 1 1 2.9098991093354037e-02 2.0721950535505376e-02 1.0001284750594366e+00 6.5130903432018272e-02 2.1077399501566399e-01 3.5046087570169988e+01 12
1 0 1 1 2.9089981605229537e-02 2.0716019794544443e-02 1.0001292037452725e+00 6.5116012964841319e-02 2.1112112074253278e-01 3.5065456343065740e+01 12
1 0 1 1 2.9080961378630931e-02 2.0710084452013239e-02 1.0001299358754243e+00 6.5101125901977849e-02 2.1146867470672617e-01 3.5084845608401707e+01 12
1 0 1 1 2.9071930410866510e-02 2.0704144504818698e-02 1.0001306714622209e+00 6.5086242242649556e-02 2.1181665819784570e-01 3.5104255451210427e+01 12
1 0 1 1 2.9062888699134967e-02 2.0698199949805887e-02 1.0001314105180061e+00 6.5071361986078310e-02 2.1216507251310207e-01 3.5123685956983110e+01 12
1 0 1 1 2.9053836240527344e-02 2.0692250783761027e-02 1.0001321530551388e+00 6.5056485131486153e-02 2.1251391895756599e-01 3.5143137211683793e+01 12
1 0 1 1 2.9044773032025132e-02 2.0686297003409220e-02 1.0001328990859923e+00 6.5041611678095329e-02 2.1286319884417887e-01 3.5162609301750699e+01 12
1 0 1 1 2.9035699070498723e-02 2.0680338605412688e-02 1.0001336486229546e+00 6.5026741625128226e-02 2.1321291349373125e-01 3.5182102314095644e+01 12
1 0 1 1 2.9026614352710079e-02 2.0674375586374874e-02 1.0001344016784270e+00 6.5011874971807437e-02 2.1356306423516150e-01 3.5201616336120743e+01 12
1 0 1 1 2.9017518875306389e-02 2.0668407942833034e-02 1.0001351582648246e+00 6.4997011717355724e-02 2.1391365240526111e-01 3.5221151455703264e+01 12
1 0 1 1 2.9008412634827129e-02 2.0662435671267229e-02 1.0001359183945753e+00 6.4982151860996012e-02 2.1426467934910459e-01 3.5240707761218772e+01 12
1 0 1 1 2.8999295627695827e-02 2.0656458768091256e-02 1.0001366820801203e+00 6.4967295401951439e-02 2.1461614641978352e-01 3.5260285341528132e+01 12
1 0 1 1 2.8990167850224829e-02 2.0650477229657304e-02 1.0001374493339130e+00 6.4952442339445277e-02 2.1496805497878529e-01 3.5279884285998548e+01 12
1 0 1 1 2.8981029298610652e-02 2.0644491052252502e-02 1.0001382201684181e+00 6.4937592672701008e-02 2.1532040639575858e-01 3.5299504684491183e+01 12
1 0 1 1 2.8971879968937977e-02 2.0638500232103434e-02 1.0001389945961128e+00 6.4922746400942269e-02 2.1567320204887999e-01 3.5319146627381571e+01 12
1 0 1 1 2.8962719857173153e-02 2.0632504765368858e-02 1.0001397726294847e+00 6.4907903523392901e-02 2.1602644332455653e-01 3.5338810205544434e+01 12
1 0 1 1 2.8953548959169535e-02 2.0626504648145985e-02 1.0001405542810327e+00 6.4893064039276901e-02 2.1638013161793213e-01 3.5358495510381772e+01 12
1 0 1 1 2.8944367270662033e-02 2.0620499876465526e-02 1.0001413395632655e+00 6.4878227947818445e-02 2.1673426833257595e-01 3.5378202633806325e+01 12
1 0 1 1 2.8935174787269157e-02 2.0614490446293557e-02 1.0001421284887022e+00 6.4863395248241904e-02 2.1708885488075177e-01 3.5397931668257023e+01 12
1 0 1 1 2.8925971504491318e-02 2.0608476353530657e-02 1.0001429210698711e+00 6.4848565939771799e-02 2.1744389268342537e-01 3.5417682706699921e+01 12
1 0 1 1 2.8916757417709930e-02 2.0602457594010807e-02 1.0001437173193095e+00 6.4833740021632849e-02 2.1779938317035760e-01 3.5437455842634186e+01 12
1 0 1 1 2.8907532522186617e-02 2.0596434163500661e-02 1.0001445172495633e+00 6.4818917493049938e-02 2.1815532778013802e-01 3.5457251170094445e+01 12
1 0 1 1 2.8898296813064456e-02 2.0590406057703028e-02 1.0001453208731863e+00 6.4804098353248143e-02 2.1851172796030321e-01 3.5477068783657266e+01 12
1 0 1 1 2.8889050285363389e-02 2.0584373272249323e-02 1.0001461282027402e+00 6.4789282601452711e-02 2.1886858516739546e-01 3.5496908778446482e+01 12
1 0 1 1 2.8879792933983909e-02 2.0578335802707032e-02 1.0001469392507938e+00 6.4774470236889051e-02 2.1922590086704055e-01 3.5516771250136415e+01 12
1 0 1 1 2.8870524753702834e-02 2.0572293644573570e-02 1.0001477540299222e+00 6.4759661258782769e-02 2.1958367653394231e-01 3.5536656294953275e+01 12
1 0 1 1 2.8861245739174191e-02 2.0566246793277856e-02 1.0001485725527075e+00 6.4744855666359638e-02 2.1994191365215457e-01 3.5556564009690760e+01 12
1 0 1 1 2.8851955884927966e-02 2.0560195244180342e-02 1.0001493948317364e+00 6.4730053458845610e-02 2.2030061371488333e-01 3.5576494491699144e+01 12
1 0 1 1 2.8842655185369766e-02 2.0554138992572149e-02 1.0001502208796018e+00 6.4715254635466818e-02 2.2065977822483568e-01 3.5596447838905796e+01 12
1 0 1 1 2.8833343634779754e-02 2.0548078033674817e-02 1.0001510507089006e+00 6.4700459195449561e-02 2.2101940869409789e-01 3.5616424149808680e+01 12
1 0 1 1 2.8824021227311321e-02 2.0542012362638681e-02 1.0001518843322339e+00 6.4685667138020334e-02 2.2137950664432260e-01 3.5636423523487785e+01 12
1 0 1 1 2.8814687956990600e-02 2.0535941974543045e-02 1.0001527217622068e+00 6.4670878462405795e-02 2.2174007360677175e-01 3.5656446059608029e+01 12
1 0 1 1 2.8805343817716801e-02 2.0529866864398089e-02 1.0001535630114269e+00 6.4656093167832773e-02 2.2210111112234279e-01 3.5676491858420647e+01 12
1 0 1 1 2.8795988803259658e-02 2.0523787027140555e-02 1.0001544080925044e+00 6.4641311253528289e-02 2.2246262074181575e-01 3.5696561020778759e+01 12
1 0 1 1 2.8786622907259054e-02 2.0517702457635283e-02 1.0001552570180521e+00 6.4626532718719529e-02 2.2282460402569504e-01 3.5716653648128393e+01 12
1 0 1 1 2.8777246123225089e-02 2.0511613150675269e-02 1.0001561098006833e+00 6.4611757562633862e-02 2.2318706254452467e-01 3.5736769842526911e+01 12
1 0 1 1 2.8767858444536824e-02 2.0505519100980314e-02 1.0001569664530126e+00 6.4596985784498823e-02 2.2354999787887744e-01 3.5756909706643093e+01 12
1 0 1 1 2.8758459864440866e-02 2.0499420303196937e-02 1.0001578269876545e+00 6.4582217383542154e-02 2.2391341161935413e-01 3.5777073343757607e+01 12
1 0 1 1 2.8749050376049332e-02 2.0493316751895554e-02 1.0001586914172236e+00 6.4567452358991737e-02 2.2427730536674231e-01 3.5797260857773132e+01 12
1 0 1 1 2.8739629972341824e-02 2.0487208441573698e-02 1.0001595597543325e+00 6.4552690710075647e-02 2.2464168073219240e-01 3.5817472353224112e+01 12
1 0 1 1 2.8730198646164256e-02 2.0481095366655440e-02 1.0001604320115933e+00 6.4537932436022127e-02 2.2500653933723341e-01 3.5837707935278253e+01 12
1 0 1 1 2.8720756390224030e-02 2.0474977521486241e-02 1.0001613082016152e+00 6.4523177536059614e-02 2.2537188281367881e-01 3.5857967709732797e+01 12
1 0 1 1 2.8711303197094258e-02 2.0468854900337619e-02 1.0001621883370049e+00 6.4508426009416711e-02 2.2573771280409202e-01 3.5878251783040447e+01 12
1 0 1 1 2.8701839059208811e-02 2.0462727497403060e-02 1.0001630724303650e+00 6.4493677855322201e-02 2.2610403096157169e-01 3.5898560262298552e+01 12
1 0 1 1 2.8692363968864043e-02 2.0456595306800406e-02 1.0001639604942945e+00 6.4478933073005021e-02 2.2647083894990672e-01 3.5918893255257899e+01 12
1 0 1 1 2.8682877918216412e-02 2.0450458322569091e-02 1.0001648525413869e+00 6.4464191661694314e-02 2.2683813844378853e-01 3.5939250870335876e+01 12
1 0 1 1 2.8673380899281984e-02 2.0444316538670342e-02 1.0001657485842308e+00 6.4449453620619393e-02 2.2720593112882231e-01 3.5959633216617597e+01 12
1 0 1 1 2.8663872903935576e-02 2.0438169948987277e-02 1.0001666486354084e+00 6.4434718949009734e-02 2.2757421870154182e-01 3.5980040403857210e+01 12
1 0 1 1 2.8654353923909210e-02 2.0432018547323242e-02 1.0001675527074945e+00 6.4419987646095009e-02 2.2794300286965344e-01 3.6000472542492687e+01 12
1 0 1 1 2.8644823950791386e-02 2.0425862327401484e-02 1.0001684608130568e+00 6.4405259711105042e-02 2.2831228535202031e-01 3.6020929743645503e+01 12
1 0 1 1 2.8635282976025932e-02 2.0419701282864661e-02 1.0001693729646541e+00 6.4390535143269853e-02 2.2868206787879708e-01 3.6041412119128950e+01 12
1 0 1 1 2.8625730990912479e-02 2.0413535407276241e-02 1.0001702891748367e+00 6.4375813941819626e-02 2.2905235219168688e-01 3.6061919781462962e+01 12
1 0 1 1 2.8616167986602225e-02 2.0407364694115658e-02 1.0001712094561446e+00 6.4361096105984728e-02 2.2942314004362999e-01 3.6082452843858043e+01 12
1 0 1 1 2.8606593954101037e-02 2.0401189136783137e-02 1.0001721338211071e+00 6.4346381634995703e-02 2.2979443319941548e-01 3.6103011420249480e+01 12
1 0 1 1 2.8597008884263982e-02 2.0395008728593393e-02 1.0001730622822427e+00 6.4331670528083265e-02 2.3016623343534881e-01 3.6123595625280466e+01 12
1 0 1 1 2.8587412767797533e-02 2.0388823462779069e-02 1.0001739948520572e+00 6.4316962784478307e-02 2.3053854253970604e-01 3.6144205574327671e+01 12
1 0 1 1 2.8577805595256502e-02 2.0382633332488288e-02 1.0001749315430430e+00 6.4302258403411902e-02 2.3091136231248444e-01 3.6164841383488202e+01 12
1 0 1 1 2.8568187357045513e-02 2.0376438330786558e-02 1.0001758723676801e+00 6.4287557384115276e-02 2.3128469456591549e-01 3.6185503169608872e+01 12
1 0 1 1 2.8558558043414263e-02 2.0370238450651619e-02 1.0001768173384327e+00 6.4272859725819864e-02 2.3165854112423176e-01 3.6206191050274739e+01 12
1 0 1 1 2.8548917644459566e-02 2.0364033684977547e-02 1.0001777664677498e+00 6.4258165427757266e-02 2.3203290382389910e-01 3.6226905143821931e+01 12
1 0 1 1 2.8539266150121801e-02 2.0357824026570354e-02 1.0001787197680643e+00 6.4243474489159236e-02 2.3240778451371297e-01 3.6247645569344726e+01 12
1 0 1 1 2.8529603550185547e-02 2.0351609468149588e-02 1.0001796772517919e+00 6.4228786909257735e-02 2.3278318505503309e-01 3.6268412446709121e+01 12
1 0 1 1 2.8519929834277379e-02 2.0345390002346801e-02 1.0001806389313306e+00 6.4214102687284877e-02 2.3315910732167147e-01 3.6289205896547408e+01 12
1 0 1 1 2.8510244991865129e-02 2.0339165621705672e-02 1.0001816048190588e+00 6.4199421822472971e-02 2.3353555320016220e-01 3.6310026040274117e+01 12
1 0 1 1 2.8500549012257469e-02 2.0332936318681504e-02 1.0001825749273359e+00 6.4184744314054479e-02 2.3391252458988671e-01 3.6330873000093838e+01 12
1 0 1 1 2.8490841884600032e-02 2.0326702085637225e-02 1.0001835492684996e+00 6.4170070161262055e-02 2.3429002340309371e-01 3.6351746899003935e+01 12
1 0 1 1 2.8481123597878143e-02 2.0320462914849100e-02 1.0001845278548673e+00 6.4155399363328522e-02 2.3466805156507459e-01 3.6372647860803788e+01 12
1 0 1 1 2.8471394140910586e-02 2.0314218798498089e-02 1.0001855106987325e+00 6.4140731919486882e-02 2.3504661101426469e-01 3.6393576010103253e+01 12
1 0 1 1 2.8461653502353561e-02 2.0307969728676524e-02 1.0001864978123660e+00 6.4126067828970304e-02 2.3542570370241706e-01 3.6414531472331554e+01 12
1 0 1 1 2.8451901670695716e-02 2.0301715697382542e-02 1.0001874892080138e+00 6.4111407091012151e-02 2.3580533159459224e-01 3.6435514373738719e+01 12
1 0 1 1 2.8442138634258447e-02 2.0295456696521590e-02 1.0001884848978964e+00 6.4096749704845940e-02 2.3618549666948241e-01 3.6456524841414272e+01 12
1 0 1 1 2.8432364381194345e-02 2.0289192717905059e-02 1.0001894848942077e+00 6.4082095669705366e-02 2.3656620091937008e-01 3.6477563003285873e+01 12
1 0 1 1 2.8422578899485698e-02 2.0282923753249815e-02 1.0001904892091145e+00 6.4067444984824320e-02 2.3694744635029302e-01 3.6498628988129518e+01 12
1 0 1 1 2.8412782176943142e-02 2.0276649794176763e-02 1.0001914978547548e+00 6.4052797649436846e-02 2.3732923498227376e-01 3.6519722925583537e+01 12
1 0 1 1 2.8402974201203607e-02 2.0270370832209870e-02 1.0001925108432368e+00 6.4038153662777167e-02 2.3771156884925465e-01 3.6540844946145910e+01 12
1 0 1 1 2.8393154959730733e-02 2.0264086858777161e-02 1.0001935281866385e+00 6.4023513024079687e-02 2.3809444999944071e-01 3.6561995181194149e+01 12
1 0 1 1 2.8383324439811747e-02 2.0257797865208434e-02 1.0001945498970055e+00 6.4008875732578976e-02 2.3847788049520655e-01 3.6583173762981296e+01 12
1 0 1 1 2.8373482628558024e-02 2.0251503842736062e-02 1.0001955759863517e+00 6.3994241787509801e-02 2.3886186241360072e-01 3.6604380824665014e+01 12
1 0 1 1 2.8363629512900491e-02 2.0245204782490860e-02 1.0001966064666559e+00 6.3979611188107077e-02 2.3924639784595964e-01 3.6625616500287549e+01 12
1 0 1 1 2.8353765079590979e-02 2.0238900675504375e-02 1.0001976413498623e+00 6.3964983933605904e-02 2.3963148889850769e-01 3.6646880924809800e+01 12
1 0 1 1 2.8343889315199433e-02 2.0232591512707291e-02 1.0001986806478791e+00 6.3950360023241573e-02 2.4001713769222802e-01 3.6668174234105301e+01 12
1 0 1 1 2.8334002206113217e-02 2.0226277284928096e-02 1.0001997243725771e+00 6.3935739456249516e-02 2.4040334636318514e-01 3.6689496564979429e+01 12
1 0 1 1 2.8324103738535653e-02 2.0219957982893957e-02 1.0002007725357880e+00 6.3921122231865371e-02 2.4079011706252371e-01 3.6710848055170025e+01 12
1 0 1 1 2.8314193898482477e-02 2.0213633597226031e-02 1.0002018251493046e+00 6.3906508349324931e-02 2.4117745195660942e-01 3.6732228843357262e+01 12
1 0 1 1 2.8304272671782336e-02 2.0207304118441530e-02 1.0002028822248779e+00 6.3891897807864181e-02 2.4156535322734787e-01 3.6753639069182007e+01 12
1 0 1 1 2.8294340044075994e-02 2.0200969536954758e-02 1.0002039437742174e+00 6.3877290606719261e-02 2.4195382307214536e-01 3.6775078873244148e+01 12
1 0 1 1 2.8284396000811785e-02 2.0194629843071025e-02 1.0002050098089887e+00 6.3862686745126504e-02 2.4234286370414998e-01 3.6796548397118613e+01 12
1 0 1 1 2.8274440527247077e-02 2.0188285026990379e-02 1.0002060803408130e+00 6.3848086222322409e-02 2.4273247735240541e-01 3.6818047783363902e+01 12
1 0 1 1 2.8264473608444151e-02 2.0181935078803743e-02 1.0002071553812653e+00 6.3833489037543642e-02 2.4312266626194032e-01 3.6839577175529030e+01 12
1 0 1 1 2.8254495229269695e-02 2.0175579988492853e-02 1.0002082349418735e+00 6.3818895190027050e-02 2.4351343269406039e-01 3.6861136718170897e+01 12
1 0 1 1 2.8244505374393925e-02 2.0169219745931107e-02 1.0002093190341166e+00 6.3804304679009674e-02 2.4390477892636001e-01 3.6882726556855580e+01 12
1 0 1 1 2.8234503904592277e-02 2.0162853235934173e-02 1.0002104079912355e+00 6.3789717503728693e-02 2.4429671177614887e-01 3.6904347047029709e+01 12
1 0 1 1 2.8224490783537545e-02 2.0156480267319664e-02 1.0002115018833875e+00 6.3775133663421482e-02 2.4468923430387501e-01 3.6925998370246496e+01 12
1 0 1 1 2.8214466138761985e-02 2.0150102112324049e-02 1.0002126003506293e+00 6.3760553157325595e-02 2.4508234358981215e-01 3.6947680432622136e+01 12
1 0 1 1 2.8204429954134084e-02 2.0143718760399561e-02 1.0002137034043073e+00 6.3745975984678738e-02 2.4547604197840822e-01 3.6969393383862013e+01 12
1 0 1 1 2.8194382213315390e-02 2.0137330200883041e-02 1.0002148110557130e+00 6.3731402144718827e-02 2.4587033183115048e-01 3.6991137374729455e+01 12
1 0 1 1 2.8184322899760264e-02 2.0130936422996019e-02 1.0002159233160812e+00 6.3716831636683915e-02 2.4626521552706324e-01 3.7012912557074792e+01 12
1 0 1 1 2.8174251996713917e-02 2.0124537415843961e-02 1.0002170401965882e+00 6.3702264459812252e-02 2.4666069546260483e-01 3.7034719083830602e+01 12
1 0 1 1 2.8164169487208318e-02 2.0118133168412215e-02 1.0002181617083508e+00 6.3687700613342238e-02 2.4705677405191423e-01 3.7056557109027771e+01 12
1 0 1 1 2.8154075354063422e-02 2.0111723669569107e-02 1.0002192878624252e+00 6.3673140096512482e-02 2.4745345372701510e-01 3.7078426787807139e+01 12
1 0 1 1 2.8143969579884198e-02 2.0105308908063734e-02 1.0002204186698045e+00 6.3658582908561745e-02 2.4785073693795562e-01 3.7100328276428939e+01 12
1 0 1 1 2.8133852147057770e-02 2.0098888872522744e-02 1.0002215541414174e+00 6.3644029048728970e-02 2.4824862615313908e-01 3.7122261732293353e+01 12
1 0 1 1 2.8123723037752076e-02 2.0092463551451147e-02 1.0002226942881274e+00 6.3629478516253266e-02 2.4864712385915280e-01 3.7144227313931673e+01 12
1 0 1 1 2.8113582233913297e-02 2.0086032933229858e-02 1.0002238391207301e+00 6.3614931310373921e-02 2.4904623256142519e-01 3.7166225181045021e+01 12
1 0 1 1 2.8103429717265930e-02 2.0079597006117576e-02 1.0002249886499521e+00 6.3600387430330391e-02 2.4944595478397560e-01 3.7188255494490868e+01 12
1 0 1 1 2.8093265469308695e-02 2.0073155758246666e-02 1.0002261428864496e+00 6.3585846875362326e-02 2.4984629307004708e-01 3.7210318416320753e+01 12
1 0 1 1 2.8083089471312168e-02 2.0066709177621635e-02 1.0002273018408063e+00 6.3571309644709528e-02 2.5024724998182313e-01 3.7232414109765969e+01 12
1 0 1 1 2.8072901704318219e-02 2.0060257252120215e-02 1.0002284655235318e+00 6.3556775737611967e-02 2.5064882810104394e-01 3.7254542739272971e+01 12
1 0 1 1 2.8062702149137385e-02 2.0053799969491751e-02 1.0002296339450598e+00 6.3542245153309820e-02 2.5105103002893742e-01 3.7276704470501137e+01 12
1 0 1 1 2.8052490786346387e-02 2.0047337317354558e-02 1.0002308071157469e+00 6.3527717891043403e-02 2.5145385838654605e-01 3.7298899470342974e+01 12
1 0 1 1 2.8042267596285773e-02 2.0040869283195515e-02 1.0002319850458696e+00 6.3513193950053226e-02 2.5185731581490156e-01 3.7321127906935217e+01 12
1 0 1 1 2.8032032559058711e-02 2.0034395854369749e-02 1.0002331677456244e+00 6.3498673329579966e-02 2.5226140497527144e-01 3.7343389949674034e+01 12
1 0 1 1 2.8021785654526780e-02 2.0027917018096721e-02 1.0002343552251238e+00 6.3484156028864466e-02 2.5266612854917808e-01 3.7365685769218274e+01 12
1 0 1 1 2.8011526862311193e-02 2.0021432761463582e-02 1.0002355474943962e+00 6.3469642047147765e-02 2.5307148923896439e-01 3.7388015537521618e+01 12
1 0 1 1 2.8001256161785750e-02 2.0014943071417945e-02 1.0002367445633831e+00 6.3455131383671051e-02 2.5347748976775752e-01 3.7410379427833767e+01 12
1 0 1 1 2.7990973532079237e-02 2.0008447934772407e-02 1.0002379464419371e+00 6.3440624037675697e-02 2.5388413287967165e-01 3.7432777614711803e+01 12
1 0 1 1 2.7980678952069613e-02 2.0001947338199023e-02 1.0002391531398211e+00 6.3426120008403253e-02 2.5429142134013494e-01 3.7455210274041427e+01 12
1 0 1 1 2.7970372400382758e-02 1.9995441268229039e-02 1.0002403646667049e+00 6.3411619295095437e-02 2.5469935793618242e-01 3.7477677583054700e+01 12
1 0 1 1 2.7960053855390937e-02 1.9988929711253260e-02 1.0002415810321637e+00 6.3397121896994132e-02 2.5510794547646976e-01 3.7500179720332056e+01 12
1 0 1 1 2.7949723295208163e-02 1.9982412653517353e-02 1.0002428022456764e+00 6.3382627813341419e-02 2.5551718679161045e-01 3.7522716865823924e+01 12
1 0 1 1 2.7939380697691359e-02 1.9975890081125849e-02 1.0002440283166238e+00 6.3368137043379527e-02 2.5592708473453385e-01 3.7545289200870982e+01 12
1 0 1 1 2.7929026040433669e-02 1.9969361980034465e-02 1.0002452592542859e+00 6.3353649586350869e-02 2.5633764218063676e-01 3.7567896908216234e+01 12
1 0 1 1 2.7918659300763541e-02 1.9962828336051498e-02 1.0002464950678394e+00 6.3339165441498022e-02 2.5674886202778052e-01 3.7590540172005817e+01 12
1 0 1 1 2.7908280455743291e-02 1.9956289134837789e-02 1.0002477357663564e+00 6.3324684608063758e-02 2.5716074719700721e-01 3.7613219177830658e+01 12
1 0 1 1 2.7897889482165865e-02 1.9949744361904252e-02 1.0002489813588027e+00 6.3310207085290990e-02 2.5757330063246064e-01 3.7635934112724101e+01 12
1 0 1 1 2.7887486356549931e-02 1.9943194002607457e-02 1.0002502318540336e+00 6.3295732872422836e-02 2.5798652530164490e-01 3.7658685165179186e+01 12
1 0 1 1 2.7877071055140243e-02 1.9936638042152552e-02 1.0002514872607942e+00 6.3281261968702568e-02 2.5840042419584175e-01 3.7681472525172666e+01 12
1 0 1 1 2.7866643553904068e-02 1.9930076465590245e-02 1.0002527475877150e+00 6.3266794373373653e-02 2.5881500033027310e-01 3.7704296384176473e+01 12
1 0 1 1 2.7856203828526431e-02 1.9923509257813051e-02 1.0002540128433106e+00 6.3252330085679695e-02 2.5923025674434708e-01 3.7727156935174108e+01 12
1 0 1 1 2.7845751854410287e-02 1.9916936403556924e-02 1.0002552830359779e+00 6.3237869104864494e-02 2.5964619650199255e-01 3.7750054372680481e+01 12
1 0 1 1 2.7835287606670912e-02 1.9910357887397402e-02 1.0002565581739922e+00 6.3223411430172030e-02 2.6006282269182046e-01 3.7772988892753624e+01 12
1 0 1 1 2.7824811060134867e-02 1.9903773693748648e-02 1.0002578382655063e+00 6.3208957060846435e-02 2.6048013842756901e-01 3.7795960693021492e+01 12
1 0 1 1 2.7814322189336080e-02 1.9897183806862475e-02 1.0002591233185469e+00 6.3194505996132022e-02 2.6089814684824036e-01 3.7818969972691505e+01 12
1 0 1 1 2.7803820968513072e-02 1.9890588210825757e-02 1.0002604133410136e+00 6.3180058235273284e-02 2.6131685111844416e-01 3.7842016932572250e+01 12
1 0 1 1 2.7793307371606037e-02 1.9883986889558794e-02 1.0002617083406744e+00 6.3165613777514881e-02 2.6173625442852921e-01 3.7865101775082891e+01 12
1 0 1 1 2.7782781372254040e-02 1.9877379826814642e-02 1.0002630083251651e+00 6.3151172622101640e-02 2.6215635999520059e-01 3.7888224704289691e+01 12
1 0 1 1 2.7772242943790305e-02 1.9870767006175346e-02 1.0002643133019855e+00 6.3136734768278566e-02 2.6257717106158329e-01 3.7911385925912356e+01 12
1 0 1 1 2.7761692059241255e-02 1.9864148411052343e-02 1.0002656232784970e+00 6.3122300215290847e-02 2.6299869089746453e-01 3.7934585647339240e+01 12
1 0 1 1 2.7751128691321639e-02 1.9857524024683014e-02 1.0002669382619207e+00 6.3107868962383837e-02 2.6342092279979051e-01 3.7957824077657918e+01 12
1 0 1 1 2.7740552812432210e-02 1.9850893830130320e-02 1.0002682582593336e+00 6.3093441008803042e-02 2.6384387009284582e-01 3.7981101427667120e+01 12
1 0 1 1 2.7729964394655412e-02 1.9844257810279174e-02 1.0002695832776667e+00 6.3079016353794176e-02 2.6426753612864079e-01 3.8004417909901321e+01 12
1 0 1 1 2.7719363409753322e-02 1.9837615947836170e-02 1.0002709133237018e+00 6.3064594996603093e-02 2.6469192428708921e-01 3.8027773738642608e+01 12
1 0 1 1 2.7708749829162421e-02 1.9830968225326397e-02 1.0002722484040689e+00 6.3050176936475841e-02 2.6511703797659525e-01 3.8051169129956328e+01 12
1 0 1 1 2.7698123623992568e-02 1.9824314625093258e-02 1.0002735885252434e+00 6.3035762172658633e-02 2.6554288063403270e-01 3.8074604301691899e+01 12
1 0 1 1 2.7687484765019758e-02 1.9817655129292802e-02 1.0002749336935433e+00 6.3021350704397849e-02 2.6596945572541064e-01 3.8098079473523661e+01 12
1 0 1 1 2.7676833222688210e-02 1.9810989719898760e-02 1.0002762839151258e+00 6.3006942530940052e-02 2.6639676674598817e-01 3.8121594866957778e+01 12
1 0 1 1 2.7666168967100106e-02 1.9804318378691232e-02 1.0002776391959844e+00 6.2992537651531968e-02 2.6682481722069734e-01 3.8145150705361196e+01 12
1 0 1 1 2.7655491968016744e-02 1.9797641087262285e-02 1.0002789995419472e+00 6.2978136065420506e-02 2.6725361070444942e-01 3.8168747213979238e+01 12
1 0 1 1 2.7644802194852748e-02 1.9790957827009740e-02 1.0002803649586716e+00 6.2963737771852740e-02 2.6768315078264932e-01 3.8192384619968159e+01 12
1 0 1 1 2.7634099616672660e-02 1.9784268579136857e-02 1.0002817354516429e+00 6.2949342770075911e-02 2.6811344107123192e-01 3.8216063152399450e+01 12
1 0 1 1 2.7623384202187361e-02 1.9777573324650004e-02 1.0002831110261710e+00 6.2934951059337441e-02 2.6854448521735635e-01 3.8239783042301482e+01 12
1 0 1 1 2.7612655919749509e-02 1.9770872044354973e-02 1.0002844916873865e+00 6.2920562638884917e-02 2.6897628689952979e-01 3.8263544522669598e+01 12
1 0 1 1 2.7601914737349218e-02 1.9764164718855576e-02 1.0002858774402377e+00 6.2906177507966107e-02 2.6940884982822677e-01 3.8287347828503421e+01 12
1 0 1 1 2.7591160622612260e-02 1.9757451328553575e-02 1.0002872682894881e+00 6.2891795665828934e-02 2.6984217774591435e-01 3.8311193196810535e+01 12
1 0 1 1 2.7580393542793021e-02 1.9750731853642869e-02 1.0002886642397117e+00 6.2877417111721526e-02 2.7027627442793067e-01 3.8335080866659482e+01 12
1 0 1 1 2.7569613464772491e-02 1.9744006274109546e-02 1.0002900652952913e+00 6.2863041844892137e-02 2.7071114368234073e-01 3.8359011079174117e+01 12
1 0 1 1 2.7558820355052475e-02 1.9737274569727962e-02 1.0002914714604134e+00 6.2848669864589229e-02 2.7114678935068770e-01 3.8382984077579003e+01 12
1 0 1 1 2.7548014179752726e-02 1.9730536720060435e-02 1.0002928827390662e+00 6.2834301170061432e-02 2.7158321530840318e-01 3.8407000107224853e+01 12
1 0 1 1 2.7537194904605475e-02 1.9723792704452060e-02 1.0002942991350348e+00 6.2819935760557527e-02 2.7202042546485861e-01 3.8431059415595392e+01 12
1 0 1 1 2.7526362494950773e-02 1.9717042502029623e-02 1.0002957206518988e+00 6.2805573635326489e-02 2.7245842376425761e-01 3.8455162252359941e+01 12
1 0 1 1 2.7515516915733871e-02 1.9710286091701140e-02 1.0002971472930278e+00 6.2791214793617448e-02 2.7289721418584156e-01 3.8479308869387530e+01 12
1 0 1 1 2.7504658131498511e-02 1.9703523452149069e-02 1.0002985790615782e+00 6.2776859234679724e-02 2.7333680074409167e-01 3.8503499520762851e+01 12
1 0 1 1 2.7493786106382374e-02 1.9696754561830163e-02 1.0003000159604896e+00 6.2762506957762781e-02 2.7377718748959196e-01 3.8527734462836982e+01 12
1 0 1 1 2.7482900804114706e-02 1.9689979398974249e-02 1.0003014579924805e+00 6.2748157962116288e-02 2.7421837850929670e-01 3.8552013954245318e+01 12
1 0 1 1 2.7472002188008673e-02 1.9683197941578148e-02 1.0003029051600452e+00 6.2733812246990067e-02 2.7466037792670006e-01 3.8576338255921641e+01 12
