# =============================================
# Column 1: Equatorial circumferential radius in kilometers 
# Column 2: Gravitational mass in solar masses 
# Column 3: likelihood 
# =============================================
# =============================================
1.0001705750673051 8.90472531929846 4.0
1.0321452385888503 8.90472531929846 0.0
1.0641199021103955 8.90472531929846 0.0
1.0960945656319407 8.90472531929846 0.0
1.128069229153486 8.90472531929846 0.0
1.1600438926750312 8.90472531929846 0.0
1.1920185561965764 8.90472531929846 0.0
1.2239932197181216 8.90472531929846 0.0
1.2559678832396668 8.90472531929846 0.0
1.287942546761212 8.90472531929846 0.0
1.3199172102827572 8.90472531929846 0.0
1.3518918738043024 8.90472531929846 0.0
1.3838665373258476 8.90472531929846 0.0
1.4158412008473928 8.90472531929846 0.0
1.447815864368938 8.90472531929846 0.0
1.4797905278904833 8.90472531929846 0.0
1.5117651914120285 8.90472531929846 0.0
1.5437398549335737 8.90472531929846 0.0
1.575714518455119 8.90472531929846 0.0
1.607689181976664 8.90472531929846 0.0
1.6396638454982093 8.90472531929846 0.0
1.6716385090197545 8.90472531929846 0.0
1.7036131725412997 8.90472531929846 0.0
1.735587836062845 8.90472531929846 0.0
1.7675624995843902 8.90472531929846 0.0
1.7995371631059354 8.90472531929846 0.0
1.8315118266274806 8.90472531929846 0.0
1.8634864901490258 8.90472531929846 0.0
1.895461153670571 8.90472531929846 0.0
1.9274358171921162 8.90472531929846 0.0
1.9594104807136614 8.90472531929846 0.0
1.9913851442352066 8.90472531929846 0.0
2.023359807756752 8.90472531929846 0.0
2.055334471278297 8.90472531929846 0.0
2.0873091347998423 8.90472531929846 0.0
2.1192837983213875 8.90472531929846 0.0
2.1512584618429327 8.90472531929846 0.0
2.183233125364478 8.90472531929846 0.0
2.215207788886023 8.90472531929846 0.0
2.2471824524075683 8.90472531929846 0.0
1.0001705750673051 9.181576667056866 15.0
1.0321452385888503 9.181576667056866 1.0
1.0641199021103955 9.181576667056866 1.0
1.0960945656319407 9.181576667056866 0.0
1.128069229153486 9.181576667056866 0.0
1.1600438926750312 9.181576667056866 0.0
1.1920185561965764 9.181576667056866 0.0
1.2239932197181216 9.181576667056866 0.0
1.2559678832396668 9.181576667056866 0.0
1.287942546761212 9.181576667056866 0.0
1.3199172102827572 9.181576667056866 0.0
1.3518918738043024 9.181576667056866 0.0
1.3838665373258476 9.181576667056866 0.0
1.4158412008473928 9.181576667056866 0.0
1.447815864368938 9.181576667056866 0.0
1.4797905278904833 9.181576667056866 0.0
1.5117651914120285 9.181576667056866 0.0
1.5437398549335737 9.181576667056866 0.0
1.575714518455119 9.181576667056866 0.0
1.607689181976664 9.181576667056866 0.0
1.6396638454982093 9.181576667056866 0.0
1.6716385090197545 9.181576667056866 0.0
1.7036131725412997 9.181576667056866 0.0
1.735587836062845 9.181576667056866 0.0
1.7675624995843902 9.181576667056866 0.0
1.7995371631059354 9.181576667056866 0.0
1.8315118266274806 9.181576667056866 0.0
1.8634864901490258 9.181576667056866 0.0
1.895461153670571 9.181576667056866 0.0
1.9274358171921162 9.181576667056866 0.0
1.9594104807136614 9.181576667056866 0.0
1.9913851442352066 9.181576667056866 0.0
2.023359807756752 9.181576667056866 0.0
2.055334471278297 9.181576667056866 0.0
2.0873091347998423 9.181576667056866 0.0
2.1192837983213875 9.181576667056866 0.0
2.1512584618429327 9.181576667056866 0.0
2.183233125364478 9.181576667056866 0.0
2.215207788886023 9.181576667056866 0.0
2.2471824524075683 9.181576667056866 0.0
1.0001705750673051 9.458428014815272 18.0
1.0321452385888503 9.458428014815272 41.0
1.0641199021103955 9.458428014815272 39.0
1.0960945656319407 9.458428014815272 318.0
1.128069229153486 9.458428014815272 0.0
1.1600438926750312 9.458428014815272 0.0
1.1920185561965764 9.458428014815272 0.0
1.2239932197181216 9.458428014815272 0.0
1.2559678832396668 9.458428014815272 0.0
1.287942546761212 9.458428014815272 0.0
1.3199172102827572 9.458428014815272 0.0
1.3518918738043024 9.458428014815272 0.0
1.3838665373258476 9.458428014815272 0.0
1.4158412008473928 9.458428014815272 0.0
1.447815864368938 9.458428014815272 0.0
1.4797905278904833 9.458428014815272 0.0
1.5117651914120285 9.458428014815272 0.0
1.5437398549335737 9.458428014815272 0.0
1.575714518455119 9.458428014815272 0.0
1.607689181976664 9.458428014815272 0.0
1.6396638454982093 9.458428014815272 0.0
1.6716385090197545 9.458428014815272 0.0
1.7036131725412997 9.458428014815272 0.0
1.735587836062845 9.458428014815272 0.0
1.7675624995843902 9.458428014815272 0.0
1.7995371631059354 9.458428014815272 0.0
1.8315118266274806 9.458428014815272 0.0
1.8634864901490258 9.458428014815272 0.0
1.895461153670571 9.458428014815272 0.0
1.9274358171921162 9.458428014815272 0.0
1.9594104807136614 9.458428014815272 0.0
1.9913851442352066 9.458428014815272 0.0
2.023359807756752 9.458428014815272 0.0
2.055334471278297 9.458428014815272 0.0
2.0873091347998423 9.458428014815272 0.0
2.1192837983213875 9.458428014815272 0.0
2.1512584618429327 9.458428014815272 0.0
2.183233125364478 9.458428014815272 0.0
2.215207788886023 9.458428014815272 0.0
2.2471824524075683 9.458428014815272 0.0
1.0001705750673051 9.735279362573678 55.0
1.0321452385888503 9.735279362573678 118.0
1.0641199021103955 9.735279362573678 198.0
1.0960945656319407 9.735279362573678 214.0
1.128069229153486 9.735279362573678 150.0
1.1600438926750312 9.735279362573678 5.0
1.1920185561965764 9.735279362573678 0.0
1.2239932197181216 9.735279362573678 0.0
1.2559678832396668 9.735279362573678 0.0
1.287942546761212 9.735279362573678 0.0
1.3199172102827572 9.735279362573678 0.0
1.3518918738043024 9.735279362573678 0.0
1.3838665373258476 9.735279362573678 0.0
1.4158412008473928 9.735279362573678 0.0
1.447815864368938 9.735279362573678 0.0
1.4797905278904833 9.735279362573678 0.0
1.5117651914120285 9.735279362573678 0.0
1.5437398549335737 9.735279362573678 0.0
1.575714518455119 9.735279362573678 0.0
1.607689181976664 9.735279362573678 0.0
1.6396638454982093 9.735279362573678 0.0
1.6716385090197545 9.735279362573678 0.0
1.7036131725412997 9.735279362573678 0.0
1.735587836062845 9.735279362573678 0.0
1.7675624995843902 9.735279362573678 0.0
1.7995371631059354 9.735279362573678 0.0
1.8315118266274806 9.735279362573678 0.0
1.8634864901490258 9.735279362573678 0.0
1.895461153670571 9.735279362573678 0.0
1.9274358171921162 9.735279362573678 0.0
1.9594104807136614 9.735279362573678 0.0
1.9913851442352066 9.735279362573678 0.0
2.023359807756752 9.735279362573678 0.0
2.055334471278297 9.735279362573678 0.0
2.0873091347998423 9.735279362573678 0.0
2.1192837983213875 9.735279362573678 0.0
2.1512584618429327 9.735279362573678 0.0
2.183233125364478 9.735279362573678 0.0
2.215207788886023 9.735279362573678 0.0
2.2471824524075683 9.735279362573678 0.0
1.0001705750673051 10.012130710332084 83.0
1.0321452385888503 10.012130710332084 308.0
1.0641199021103955 10.012130710332084 453.0
1.0960945656319407 10.012130710332084 685.0
1.128069229153486 10.012130710332084 530.0
1.1600438926750312 10.012130710332084 60.0
1.1920185561965764 10.012130710332084 69.0
1.2239932197181216 10.012130710332084 0.0
1.2559678832396668 10.012130710332084 0.0
1.287942546761212 10.012130710332084 0.0
1.3199172102827572 10.012130710332084 0.0
1.3518918738043024 10.012130710332084 0.0
1.3838665373258476 10.012130710332084 0.0
1.4158412008473928 10.012130710332084 0.0
1.447815864368938 10.012130710332084 0.0
1.4797905278904833 10.012130710332084 0.0
1.5117651914120285 10.012130710332084 0.0
1.5437398549335737 10.012130710332084 0.0
1.575714518455119 10.012130710332084 0.0
1.607689181976664 10.012130710332084 0.0
1.6396638454982093 10.012130710332084 0.0
1.6716385090197545 10.012130710332084 0.0
1.7036131725412997 10.012130710332084 0.0
1.735587836062845 10.012130710332084 0.0
1.7675624995843902 10.012130710332084 0.0
1.7995371631059354 10.012130710332084 0.0
1.8315118266274806 10.012130710332084 0.0
1.8634864901490258 10.012130710332084 0.0
1.895461153670571 10.012130710332084 0.0
1.9274358171921162 10.012130710332084 0.0
1.9594104807136614 10.012130710332084 0.0
1.9913851442352066 10.012130710332084 0.0
2.023359807756752 10.012130710332084 0.0
2.055334471278297 10.012130710332084 0.0
2.0873091347998423 10.012130710332084 0.0
2.1192837983213875 10.012130710332084 0.0
2.1512584618429327 10.012130710332084 0.0
2.183233125364478 10.012130710332084 0.0
2.215207788886023 10.012130710332084 0.0
2.2471824524075683 10.012130710332084 0.0
1.0001705750673051 10.28898205809049 194.0
1.0321452385888503 10.28898205809049 702.0
1.0641199021103955 10.28898205809049 686.0
1.0960945656319407 10.28898205809049 513.0
1.128069229153486 10.28898205809049 1004.0
1.1600438926750312 10.28898205809049 1100.0
1.1920185561965764 10.28898205809049 761.0
1.2239932197181216 10.28898205809049 325.0
1.2559678832396668 10.28898205809049 163.0
1.287942546761212 10.28898205809049 178.0
1.3199172102827572 10.28898205809049 5.0
1.3518918738043024 10.28898205809049 0.0
1.3838665373258476 10.28898205809049 0.0
1.4158412008473928 10.28898205809049 0.0
1.447815864368938 10.28898205809049 0.0
1.4797905278904833 10.28898205809049 0.0
1.5117651914120285 10.28898205809049 0.0
1.5437398549335737 10.28898205809049 0.0
1.575714518455119 10.28898205809049 0.0
1.607689181976664 10.28898205809049 0.0
1.6396638454982093 10.28898205809049 0.0
1.6716385090197545 10.28898205809049 0.0
1.7036131725412997 10.28898205809049 0.0
1.735587836062845 10.28898205809049 0.0
1.7675624995843902 10.28898205809049 0.0
1.7995371631059354 10.28898205809049 0.0
1.8315118266274806 10.28898205809049 0.0
1.8634864901490258 10.28898205809049 0.0
1.895461153670571 10.28898205809049 0.0
1.9274358171921162 10.28898205809049 0.0
1.9594104807136614 10.28898205809049 0.0
1.9913851442352066 10.28898205809049 0.0
2.023359807756752 10.28898205809049 0.0
2.055334471278297 10.28898205809049 0.0
2.0873091347998423 10.28898205809049 0.0
2.1192837983213875 10.28898205809049 0.0
2.1512584618429327 10.28898205809049 0.0
2.183233125364478 10.28898205809049 0.0
2.215207788886023 10.28898205809049 0.0
2.2471824524075683 10.28898205809049 0.0
1.0001705750673051 10.565833405848895 28.0
1.0321452385888503 10.565833405848895 397.0
1.0641199021103955 10.565833405848895 725.0
1.0960945656319407 10.565833405848895 989.0
1.128069229153486 10.565833405848895 1065.0
1.1600438926750312 10.565833405848895 1279.0
1.1920185561965764 10.565833405848895 1839.0
1.2239932197181216 10.565833405848895 1376.0
1.2559678832396668 10.565833405848895 1020.0
1.287942546761212 10.565833405848895 694.0
1.3199172102827572 10.565833405848895 186.0
1.3518918738043024 10.565833405848895 4.0
1.3838665373258476 10.565833405848895 0.0
1.4158412008473928 10.565833405848895 0.0
1.447815864368938 10.565833405848895 0.0
1.4797905278904833 10.565833405848895 0.0
1.5117651914120285 10.565833405848895 0.0
1.5437398549335737 10.565833405848895 0.0
1.575714518455119 10.565833405848895 0.0
1.607689181976664 10.565833405848895 0.0
1.6396638454982093 10.565833405848895 0.0
1.6716385090197545 10.565833405848895 0.0
1.7036131725412997 10.565833405848895 0.0
1.735587836062845 10.565833405848895 0.0
1.7675624995843902 10.565833405848895 0.0
1.7995371631059354 10.565833405848895 0.0
1.8315118266274806 10.565833405848895 0.0
1.8634864901490258 10.565833405848895 0.0
1.895461153670571 10.565833405848895 0.0
1.9274358171921162 10.565833405848895 0.0
1.9594104807136614 10.565833405848895 0.0
1.9913851442352066 10.565833405848895 0.0
2.023359807756752 10.565833405848895 0.0
2.055334471278297 10.565833405848895 0.0
2.0873091347998423 10.565833405848895 0.0
2.1192837983213875 10.565833405848895 0.0
2.1512584618429327 10.565833405848895 0.0
2.183233125364478 10.565833405848895 0.0
2.215207788886023 10.565833405848895 0.0
2.2471824524075683 10.565833405848895 0.0
1.0001705750673051 10.842684753607303 95.0
1.0321452385888503 10.842684753607303 218.0
1.0641199021103955 10.842684753607303 666.0
1.0960945656319407 10.842684753607303 1473.0
1.128069229153486 10.842684753607303 2668.0
1.1600438926750312 10.842684753607303 2738.0
1.1920185561965764 10.842684753607303 4085.0
1.2239932197181216 10.842684753607303 2941.0
1.2559678832396668 10.842684753607303 3614.0
1.287942546761212 10.842684753607303 2155.0
1.3199172102827572 10.842684753607303 586.0
1.3518918738043024 10.842684753607303 66.0
1.3838665373258476 10.842684753607303 6.0
1.4158412008473928 10.842684753607303 0.0
1.447815864368938 10.842684753607303 0.0
1.4797905278904833 10.842684753607303 0.0
1.5117651914120285 10.842684753607303 0.0
1.5437398549335737 10.842684753607303 0.0
1.575714518455119 10.842684753607303 0.0
1.607689181976664 10.842684753607303 0.0
1.6396638454982093 10.842684753607303 0.0
1.6716385090197545 10.842684753607303 0.0
1.7036131725412997 10.842684753607303 0.0
1.735587836062845 10.842684753607303 0.0
1.7675624995843902 10.842684753607303 0.0
1.7995371631059354 10.842684753607303 0.0
1.8315118266274806 10.842684753607303 0.0
1.8634864901490258 10.842684753607303 0.0
1.895461153670571 10.842684753607303 0.0
1.9274358171921162 10.842684753607303 0.0
1.9594104807136614 10.842684753607303 0.0
1.9913851442352066 10.842684753607303 0.0
2.023359807756752 10.842684753607303 0.0
2.055334471278297 10.842684753607303 0.0
2.0873091347998423 10.842684753607303 0.0
2.1192837983213875 10.842684753607303 0.0
2.1512584618429327 10.842684753607303 0.0
2.183233125364478 10.842684753607303 0.0
2.215207788886023 10.842684753607303 0.0
2.2471824524075683 10.842684753607303 0.0
1.0001705750673051 11.119536101365709 29.0
1.0321452385888503 11.119536101365709 304.0
1.0641199021103955 11.119536101365709 411.0
1.0960945656319407 11.119536101365709 1246.0
1.128069229153486 11.119536101365709 1639.0
1.1600438926750312 11.119536101365709 3152.0
1.1920185561965764 11.119536101365709 3587.0
1.2239932197181216 11.119536101365709 5450.0
1.2559678832396668 11.119536101365709 5436.0
1.287942546761212 11.119536101365709 2037.0
1.3199172102827572 11.119536101365709 1632.0
1.3518918738043024 11.119536101365709 658.0
1.3838665373258476 11.119536101365709 469.0
1.4158412008473928 11.119536101365709 46.0
1.447815864368938 11.119536101365709 0.0
1.4797905278904833 11.119536101365709 0.0
1.5117651914120285 11.119536101365709 0.0
1.5437398549335737 11.119536101365709 0.0
1.575714518455119 11.119536101365709 0.0
1.607689181976664 11.119536101365709 0.0
1.6396638454982093 11.119536101365709 0.0
1.6716385090197545 11.119536101365709 0.0
1.7036131725412997 11.119536101365709 0.0
1.735587836062845 11.119536101365709 0.0
1.7675624995843902 11.119536101365709 0.0
1.7995371631059354 11.119536101365709 0.0
1.8315118266274806 11.119536101365709 0.0
1.8634864901490258 11.119536101365709 0.0
1.895461153670571 11.119536101365709 0.0
1.9274358171921162 11.119536101365709 0.0
1.9594104807136614 11.119536101365709 0.0
1.9913851442352066 11.119536101365709 0.0
2.023359807756752 11.119536101365709 0.0
2.055334471278297 11.119536101365709 0.0
2.0873091347998423 11.119536101365709 0.0
2.1192837983213875 11.119536101365709 0.0
2.1512584618429327 11.119536101365709 0.0
2.183233125364478 11.119536101365709 0.0
2.215207788886023 11.119536101365709 0.0
2.2471824524075683 11.119536101365709 0.0
1.0001705750673051 11.396387449124115 0.0
1.0321452385888503 11.396387449124115 106.0
1.0641199021103955 11.396387449124115 333.0
1.0960945656319407 11.396387449124115 669.0
1.128069229153486 11.396387449124115 1537.0
1.1600438926750312 11.396387449124115 2510.0
1.1920185561965764 11.396387449124115 4432.0
1.2239932197181216 11.396387449124115 6904.0
1.2559678832396668 11.396387449124115 6571.0
1.287942546761212 11.396387449124115 7559.0
1.3199172102827572 11.396387449124115 4047.0
1.3518918738043024 11.396387449124115 3003.0
1.3838665373258476 11.396387449124115 1279.0
1.4158412008473928 11.396387449124115 208.0
1.447815864368938 11.396387449124115 0.0
1.4797905278904833 11.396387449124115 5.0
1.5117651914120285 11.396387449124115 74.0
1.5437398549335737 11.396387449124115 0.0
1.575714518455119 11.396387449124115 0.0
1.607689181976664 11.396387449124115 0.0
1.6396638454982093 11.396387449124115 0.0
1.6716385090197545 11.396387449124115 0.0
1.7036131725412997 11.396387449124115 0.0
1.735587836062845 11.396387449124115 0.0
1.7675624995843902 11.396387449124115 0.0
1.7995371631059354 11.396387449124115 0.0
1.8315118266274806 11.396387449124115 0.0
1.8634864901490258 11.396387449124115 0.0
1.895461153670571 11.396387449124115 0.0
1.9274358171921162 11.396387449124115 0.0
1.9594104807136614 11.396387449124115 0.0
1.9913851442352066 11.396387449124115 0.0
2.023359807756752 11.396387449124115 0.0
2.055334471278297 11.396387449124115 0.0
2.0873091347998423 11.396387449124115 0.0
2.1192837983213875 11.396387449124115 0.0
2.1512584618429327 11.396387449124115 0.0
2.183233125364478 11.396387449124115 0.0
2.215207788886023 11.396387449124115 0.0
2.2471824524075683 11.396387449124115 0.0
1.0001705750673051 11.67323879688252 1.0
1.0321452385888503 11.67323879688252 46.0
1.0641199021103955 11.67323879688252 273.0
1.0960945656319407 11.67323879688252 202.0
1.128069229153486 11.67323879688252 656.0
1.1600438926750312 11.67323879688252 1759.0
1.1920185561965764 11.67323879688252 3114.0
1.2239932197181216 11.67323879688252 6529.0
1.2559678832396668 11.67323879688252 9679.0
1.287942546761212 11.67323879688252 10146.0
1.3199172102827572 11.67323879688252 7605.0
1.3518918738043024 11.67323879688252 6931.0
1.3838665373258476 11.67323879688252 3357.0
1.4158412008473928 11.67323879688252 1653.0
1.447815864368938 11.67323879688252 919.0
1.4797905278904833 11.67323879688252 479.0
1.5117651914120285 11.67323879688252 281.0
1.5437398549335737 11.67323879688252 17.0
1.575714518455119 11.67323879688252 0.0
1.607689181976664 11.67323879688252 0.0
1.6396638454982093 11.67323879688252 0.0
1.6716385090197545 11.67323879688252 0.0
1.7036131725412997 11.67323879688252 0.0
1.735587836062845 11.67323879688252 0.0
1.7675624995843902 11.67323879688252 0.0
1.7995371631059354 11.67323879688252 0.0
1.8315118266274806 11.67323879688252 0.0
1.8634864901490258 11.67323879688252 0.0
1.895461153670571 11.67323879688252 0.0
1.9274358171921162 11.67323879688252 0.0
1.9594104807136614 11.67323879688252 0.0
1.9913851442352066 11.67323879688252 0.0
2.023359807756752 11.67323879688252 0.0
2.055334471278297 11.67323879688252 0.0
2.0873091347998423 11.67323879688252 0.0
2.1192837983213875 11.67323879688252 0.0
2.1512584618429327 11.67323879688252 0.0
2.183233125364478 11.67323879688252 0.0
2.215207788886023 11.67323879688252 0.0
2.2471824524075683 11.67323879688252 0.0
1.0001705750673051 11.950090144640926 17.0
1.0321452385888503 11.950090144640926 8.0
1.0641199021103955 11.950090144640926 368.0
1.0960945656319407 11.950090144640926 399.0
1.128069229153486 11.950090144640926 611.0
1.1600438926750312 11.950090144640926 1488.0
1.1920185561965764 11.950090144640926 3853.0
1.2239932197181216 11.950090144640926 4355.0
1.2559678832396668 11.950090144640926 8562.0
1.287942546761212 11.950090144640926 13235.0
1.3199172102827572 11.950090144640926 10873.0
1.3518918738043024 11.950090144640926 12500.0
1.3838665373258476 11.950090144640926 8982.0
1.4158412008473928 11.950090144640926 5021.0
1.447815864368938 11.950090144640926 3670.0
1.4797905278904833 11.950090144640926 794.0
1.5117651914120285 11.950090144640926 129.0
1.5437398549335737 11.950090144640926 57.0
1.575714518455119 11.950090144640926 19.0
1.607689181976664 11.950090144640926 0.0
1.6396638454982093 11.950090144640926 0.0
1.6716385090197545 11.950090144640926 0.0
1.7036131725412997 11.950090144640926 0.0
1.735587836062845 11.950090144640926 0.0
1.7675624995843902 11.950090144640926 0.0
1.7995371631059354 11.950090144640926 0.0
1.8315118266274806 11.950090144640926 0.0
1.8634864901490258 11.950090144640926 0.0
1.895461153670571 11.950090144640926 0.0
1.9274358171921162 11.950090144640926 0.0
1.9594104807136614 11.950090144640926 0.0
1.9913851442352066 11.950090144640926 0.0
2.023359807756752 11.950090144640926 0.0
2.055334471278297 11.950090144640926 0.0
2.0873091347998423 11.950090144640926 0.0
2.1192837983213875 11.950090144640926 0.0
2.1512584618429327 11.950090144640926 0.0
2.183233125364478 11.950090144640926 0.0
2.215207788886023 11.950090144640926 0.0
2.2471824524075683 11.950090144640926 0.0
1.0001705750673051 12.226941492399332 0.0
1.0321452385888503 12.226941492399332 18.0
1.0641199021103955 12.226941492399332 63.0
1.0960945656319407 12.226941492399332 142.0
1.128069229153486 12.226941492399332 226.0
1.1600438926750312 12.226941492399332 1016.0
1.1920185561965764 12.226941492399332 2094.0
1.2239932197181216 12.226941492399332 4334.0
1.2559678832396668 12.226941492399332 6722.0
1.287942546761212 12.226941492399332 11259.0
1.3199172102827572 12.226941492399332 12707.0
1.3518918738043024 12.226941492399332 14083.0
1.3838665373258476 12.226941492399332 15195.0
1.4158412008473928 12.226941492399332 10035.0
1.447815864368938 12.226941492399332 7677.0
1.4797905278904833 12.226941492399332 3550.0
1.5117651914120285 12.226941492399332 466.0
1.5437398549335737 12.226941492399332 47.0
1.575714518455119 12.226941492399332 18.0
1.607689181976664 12.226941492399332 6.0
1.6396638454982093 12.226941492399332 0.0
1.6716385090197545 12.226941492399332 0.0
1.7036131725412997 12.226941492399332 0.0
1.735587836062845 12.226941492399332 0.0
1.7675624995843902 12.226941492399332 0.0
1.7995371631059354 12.226941492399332 0.0
1.8315118266274806 12.226941492399332 0.0
1.8634864901490258 12.226941492399332 0.0
1.895461153670571 12.226941492399332 0.0
1.9274358171921162 12.226941492399332 0.0
1.9594104807136614 12.226941492399332 0.0
1.9913851442352066 12.226941492399332 0.0
2.023359807756752 12.226941492399332 0.0
2.055334471278297 12.226941492399332 0.0
2.0873091347998423 12.226941492399332 0.0
2.1192837983213875 12.226941492399332 0.0
2.1512584618429327 12.226941492399332 0.0
2.183233125364478 12.226941492399332 0.0
2.215207788886023 12.226941492399332 0.0
2.2471824524075683 12.226941492399332 0.0
1.0001705750673051 12.503792840157738 0.0
1.0321452385888503 12.503792840157738 0.0
1.0641199021103955 12.503792840157738 60.0
1.0960945656319407 12.503792840157738 28.0
1.128069229153486 12.503792840157738 70.0
1.1600438926750312 12.503792840157738 904.0
1.1920185561965764 12.503792840157738 1518.0
1.2239932197181216 12.503792840157738 1686.0
1.2559678832396668 12.503792840157738 3683.0
1.287942546761212 12.503792840157738 6667.0
1.3199172102827572 12.503792840157738 12047.0
1.3518918738043024 12.503792840157738 14749.0
1.3838665373258476 12.503792840157738 15975.0
1.4158412008473928 12.503792840157738 13000.0
1.447815864368938 12.503792840157738 11975.0
1.4797905278904833 12.503792840157738 6973.0
1.5117651914120285 12.503792840157738 3407.0
1.5437398549335737 12.503792840157738 1085.0
1.575714518455119 12.503792840157738 401.0
1.607689181976664 12.503792840157738 1.0
1.6396638454982093 12.503792840157738 0.0
1.6716385090197545 12.503792840157738 0.0
1.7036131725412997 12.503792840157738 0.0
1.735587836062845 12.503792840157738 0.0
1.7675624995843902 12.503792840157738 0.0
1.7995371631059354 12.503792840157738 0.0
1.8315118266274806 12.503792840157738 0.0
1.8634864901490258 12.503792840157738 0.0
1.895461153670571 12.503792840157738 0.0
1.9274358171921162 12.503792840157738 0.0
1.9594104807136614 12.503792840157738 0.0
1.9913851442352066 12.503792840157738 0.0
2.023359807756752 12.503792840157738 0.0
2.055334471278297 12.503792840157738 0.0
2.0873091347998423 12.503792840157738 0.0
2.1192837983213875 12.503792840157738 0.0
2.1512584618429327 12.503792840157738 0.0
2.183233125364478 12.503792840157738 0.0
2.215207788886023 12.503792840157738 0.0
2.2471824524075683 12.503792840157738 0.0
1.0001705750673051 12.780644187916144 0.0
1.0321452385888503 12.780644187916144 0.0
1.0641199021103955 12.780644187916144 0.0
1.0960945656319407 12.780644187916144 6.0
1.128069229153486 12.780644187916144 12.0
1.1600438926750312 12.780644187916144 39.0
1.1920185561965764 12.780644187916144 727.0
1.2239932197181216 12.780644187916144 691.0
1.2559678832396668 12.780644187916144 1728.0
1.287942546761212 12.780644187916144 4072.0
1.3199172102827572 12.780644187916144 7348.0
1.3518918738043024 12.780644187916144 12023.0
1.3838665373258476 12.780644187916144 14909.0
1.4158412008473928 12.780644187916144 18058.0
1.447815864368938 12.780644187916144 14838.0
1.4797905278904833 12.780644187916144 12333.0
1.5117651914120285 12.780644187916144 7077.0
1.5437398549335737 12.780644187916144 2357.0
1.575714518455119 12.780644187916144 732.0
1.607689181976664 12.780644187916144 25.0
1.6396638454982093 12.780644187916144 10.0
1.6716385090197545 12.780644187916144 0.0
1.7036131725412997 12.780644187916144 0.0
1.735587836062845 12.780644187916144 0.0
1.7675624995843902 12.780644187916144 0.0
1.7995371631059354 12.780644187916144 0.0
1.8315118266274806 12.780644187916144 0.0
1.8634864901490258 12.780644187916144 0.0
1.895461153670571 12.780644187916144 0.0
1.9274358171921162 12.780644187916144 0.0
1.9594104807136614 12.780644187916144 0.0
1.9913851442352066 12.780644187916144 0.0
2.023359807756752 12.780644187916144 0.0
2.055334471278297 12.780644187916144 0.0
2.0873091347998423 12.780644187916144 0.0
2.1192837983213875 12.780644187916144 0.0
2.1512584618429327 12.780644187916144 0.0
2.183233125364478 12.780644187916144 0.0
2.215207788886023 12.780644187916144 0.0
2.2471824524075683 12.780644187916144 0.0
1.0001705750673051 13.057495535674551 0.0
1.0321452385888503 13.057495535674551 0.0
1.0641199021103955 13.057495535674551 0.0
1.0960945656319407 13.057495535674551 1.0
1.128069229153486 13.057495535674551 7.0
1.1600438926750312 13.057495535674551 64.0
1.1920185561965764 13.057495535674551 330.0
1.2239932197181216 13.057495535674551 356.0
1.2559678832396668 13.057495535674551 505.0
1.287942546761212 13.057495535674551 2245.0
1.3199172102827572 13.057495535674551 3462.0
1.3518918738043024 13.057495535674551 6931.0
1.3838665373258476 13.057495535674551 9161.0
1.4158412008473928 13.057495535674551 13468.0
1.447815864368938 13.057495535674551 15929.0
1.4797905278904833 13.057495535674551 15505.0
1.5117651914120285 13.057495535674551 10493.0
1.5437398549335737 13.057495535674551 6060.0
1.575714518455119 13.057495535674551 2173.0
1.607689181976664 13.057495535674551 1980.0
1.6396638454982093 13.057495535674551 674.0
1.6716385090197545 13.057495535674551 65.0
1.7036131725412997 13.057495535674551 2.0
1.735587836062845 13.057495535674551 1.0
1.7675624995843902 13.057495535674551 0.0
1.7995371631059354 13.057495535674551 0.0
1.8315118266274806 13.057495535674551 0.0
1.8634864901490258 13.057495535674551 0.0
1.895461153670571 13.057495535674551 0.0
1.9274358171921162 13.057495535674551 0.0
1.9594104807136614 13.057495535674551 0.0
1.9913851442352066 13.057495535674551 0.0
2.023359807756752 13.057495535674551 0.0
2.055334471278297 13.057495535674551 0.0
2.0873091347998423 13.057495535674551 0.0
2.1192837983213875 13.057495535674551 0.0
2.1512584618429327 13.057495535674551 0.0
2.183233125364478 13.057495535674551 0.0
2.215207788886023 13.057495535674551 0.0
2.2471824524075683 13.057495535674551 0.0
1.0001705750673051 13.334346883432957 0.0
1.0321452385888503 13.334346883432957 0.0
1.0641199021103955 13.334346883432957 0.0
1.0960945656319407 13.334346883432957 0.0
1.128069229153486 13.334346883432957 1.0
1.1600438926750312 13.334346883432957 14.0
1.1920185561965764 13.334346883432957 134.0
1.2239932197181216 13.334346883432957 522.0
1.2559678832396668 13.334346883432957 230.0
1.287942546761212 13.334346883432957 424.0
1.3199172102827572 13.334346883432957 1467.0
1.3518918738043024 13.334346883432957 3350.0
1.3838665373258476 13.334346883432957 6910.0
1.4158412008473928 13.334346883432957 9543.0
1.447815864368938 13.334346883432957 13544.0
1.4797905278904833 13.334346883432957 11811.0
1.5117651914120285 13.334346883432957 12569.0
1.5437398549335737 13.334346883432957 7346.0
1.575714518455119 13.334346883432957 6062.0
1.607689181976664 13.334346883432957 2619.0
1.6396638454982093 13.334346883432957 1556.0
1.6716385090197545 13.334346883432957 282.0
1.7036131725412997 13.334346883432957 280.0
1.735587836062845 13.334346883432957 49.0
1.7675624995843902 13.334346883432957 0.0
1.7995371631059354 13.334346883432957 0.0
1.8315118266274806 13.334346883432957 0.0
1.8634864901490258 13.334346883432957 0.0
1.895461153670571 13.334346883432957 0.0
1.9274358171921162 13.334346883432957 0.0
1.9594104807136614 13.334346883432957 0.0
1.9913851442352066 13.334346883432957 0.0
2.023359807756752 13.334346883432957 0.0
2.055334471278297 13.334346883432957 0.0
2.0873091347998423 13.334346883432957 0.0
2.1192837983213875 13.334346883432957 0.0
2.1512584618429327 13.334346883432957 0.0
2.183233125364478 13.334346883432957 0.0
2.215207788886023 13.334346883432957 0.0
2.2471824524075683 13.334346883432957 0.0
1.0001705750673051 13.611198231191363 0.0
1.0321452385888503 13.611198231191363 0.0
1.0641199021103955 13.611198231191363 0.0
1.0960945656319407 13.611198231191363 0.0
1.128069229153486 13.611198231191363 0.0
1.1600438926750312 13.611198231191363 1.0
1.1920185561965764 13.611198231191363 9.0
1.2239932197181216 13.611198231191363 91.0
1.2559678832396668 13.611198231191363 115.0
1.287942546761212 13.611198231191363 318.0
1.3199172102827572 13.611198231191363 1711.0
1.3518918738043024 13.611198231191363 1390.0
1.3838665373258476 13.611198231191363 3225.0
1.4158412008473928 13.611198231191363 5218.0
1.447815864368938 13.611198231191363 8624.0
1.4797905278904833 13.611198231191363 10859.0
1.5117651914120285 13.611198231191363 9867.0
1.5437398549335737 13.611198231191363 10966.0
1.575714518455119 13.611198231191363 8872.0
1.607689181976664 13.611198231191363 3583.0
1.6396638454982093 13.611198231191363 2278.0
1.6716385090197545 13.611198231191363 964.0
1.7036131725412997 13.611198231191363 260.0
1.735587836062845 13.611198231191363 65.0
1.7675624995843902 13.611198231191363 0.0
1.7995371631059354 13.611198231191363 0.0
1.8315118266274806 13.611198231191363 0.0
1.8634864901490258 13.611198231191363 0.0
1.895461153670571 13.611198231191363 0.0
1.9274358171921162 13.611198231191363 0.0
1.9594104807136614 13.611198231191363 0.0
1.9913851442352066 13.611198231191363 0.0
2.023359807756752 13.611198231191363 0.0
2.055334471278297 13.611198231191363 0.0
2.0873091347998423 13.611198231191363 0.0
2.1192837983213875 13.611198231191363 0.0
2.1512584618429327 13.611198231191363 0.0
2.183233125364478 13.611198231191363 0.0
2.215207788886023 13.611198231191363 0.0
2.2471824524075683 13.611198231191363 0.0
1.0001705750673051 13.888049578949769 0.0
1.0321452385888503 13.888049578949769 0.0
1.0641199021103955 13.888049578949769 0.0
1.0960945656319407 13.888049578949769 0.0
1.128069229153486 13.888049578949769 0.0
1.1600438926750312 13.888049578949769 0.0
1.1920185561965764 13.888049578949769 97.0
1.2239932197181216 13.888049578949769 17.0
1.2559678832396668 13.888049578949769 50.0
1.287942546761212 13.888049578949769 296.0
1.3199172102827572 13.888049578949769 539.0
1.3518918738043024 13.888049578949769 1420.0
1.3838665373258476 13.888049578949769 1853.0
1.4158412008473928 13.888049578949769 3548.0
1.447815864368938 13.888049578949769 7085.0
1.4797905278904833 13.888049578949769 9617.0
1.5117651914120285 13.888049578949769 8485.0
1.5437398549335737 13.888049578949769 8983.0
1.575714518455119 13.888049578949769 9816.0
1.607689181976664 13.888049578949769 7593.0
1.6396638454982093 13.888049578949769 5353.0
1.6716385090197545 13.888049578949769 2481.0
1.7036131725412997 13.888049578949769 442.0
1.735587836062845 13.888049578949769 270.0
1.7675624995843902 13.888049578949769 7.0
1.7995371631059354 13.888049578949769 1.0
1.8315118266274806 13.888049578949769 0.0
1.8634864901490258 13.888049578949769 0.0
1.895461153670571 13.888049578949769 0.0
1.9274358171921162 13.888049578949769 0.0
1.9594104807136614 13.888049578949769 0.0
1.9913851442352066 13.888049578949769 0.0
2.023359807756752 13.888049578949769 0.0
2.055334471278297 13.888049578949769 0.0
2.0873091347998423 13.888049578949769 0.0
2.1192837983213875 13.888049578949769 0.0
2.1512584618429327 13.888049578949769 0.0
2.183233125364478 13.888049578949769 0.0
2.215207788886023 13.888049578949769 0.0
2.2471824524075683 13.888049578949769 0.0
1.0001705750673051 14.164900926708174 0.0
1.0321452385888503 14.164900926708174 0.0
1.0641199021103955 14.164900926708174 0.0
1.0960945656319407 14.164900926708174 0.0
1.128069229153486 14.164900926708174 0.0
1.1600438926750312 14.164900926708174 0.0
1.1920185561965764 14.164900926708174 2.0
1.2239932197181216 14.164900926708174 17.0
1.2559678832396668 14.164900926708174 21.0
1.287942546761212 14.164900926708174 189.0
1.3199172102827572 14.164900926708174 517.0
1.3518918738043024 14.164900926708174 695.0
1.3838665373258476 14.164900926708174 912.0
1.4158412008473928 14.164900926708174 1659.0
1.447815864368938 14.164900926708174 2541.0
1.4797905278904833 14.164900926708174 5680.0
1.5117651914120285 14.164900926708174 5676.0
1.5437398549335737 14.164900926708174 8140.0
1.575714518455119 14.164900926708174 6613.0
1.607689181976664 14.164900926708174 6770.0
1.6396638454982093 14.164900926708174 5645.0
1.6716385090197545 14.164900926708174 4043.0
1.7036131725412997 14.164900926708174 2081.0
1.735587836062845 14.164900926708174 426.0
1.7675624995843902 14.164900926708174 200.0
1.7995371631059354 14.164900926708174 3.0
1.8315118266274806 14.164900926708174 0.0
1.8634864901490258 14.164900926708174 0.0
1.895461153670571 14.164900926708174 1.0
1.9274358171921162 14.164900926708174 0.0
1.9594104807136614 14.164900926708174 0.0
1.9913851442352066 14.164900926708174 0.0
2.023359807756752 14.164900926708174 0.0
2.055334471278297 14.164900926708174 0.0
2.0873091347998423 14.164900926708174 0.0
2.1192837983213875 14.164900926708174 0.0
2.1512584618429327 14.164900926708174 0.0
2.183233125364478 14.164900926708174 0.0
2.215207788886023 14.164900926708174 0.0
2.2471824524075683 14.164900926708174 0.0
1.0001705750673051 14.44175227446658 0.0
1.0321452385888503 14.44175227446658 0.0
1.0641199021103955 14.44175227446658 0.0
1.0960945656319407 14.44175227446658 0.0
1.128069229153486 14.44175227446658 0.0
1.1600438926750312 14.44175227446658 0.0
1.1920185561965764 14.44175227446658 0.0
1.2239932197181216 14.44175227446658 0.0
1.2559678832396668 14.44175227446658 35.0
1.287942546761212 14.44175227446658 333.0
1.3199172102827572 14.44175227446658 114.0
1.3518918738043024 14.44175227446658 252.0
1.3838665373258476 14.44175227446658 256.0
1.4158412008473928 14.44175227446658 766.0
1.447815864368938 14.44175227446658 1031.0
1.4797905278904833 14.44175227446658 1991.0
1.5117651914120285 14.44175227446658 4184.0
1.5437398549335737 14.44175227446658 4595.0
1.575714518455119 14.44175227446658 6760.0
1.607689181976664 14.44175227446658 6484.0
1.6396638454982093 14.44175227446658 5358.0
1.6716385090197545 14.44175227446658 3513.0
1.7036131725412997 14.44175227446658 2407.0
1.735587836062845 14.44175227446658 1314.0
1.7675624995843902 14.44175227446658 618.0
1.7995371631059354 14.44175227446658 127.0
1.8315118266274806 14.44175227446658 142.0
1.8634864901490258 14.44175227446658 0.0
1.895461153670571 14.44175227446658 0.0
1.9274358171921162 14.44175227446658 0.0
1.9594104807136614 14.44175227446658 0.0
1.9913851442352066 14.44175227446658 0.0
2.023359807756752 14.44175227446658 0.0
2.055334471278297 14.44175227446658 0.0
2.0873091347998423 14.44175227446658 0.0
2.1192837983213875 14.44175227446658 0.0
2.1512584618429327 14.44175227446658 0.0
2.183233125364478 14.44175227446658 0.0
2.215207788886023 14.44175227446658 0.0
2.2471824524075683 14.44175227446658 0.0
1.0001705750673051 14.718603622224986 0.0
1.0321452385888503 14.718603622224986 0.0
1.0641199021103955 14.718603622224986 0.0
1.0960945656319407 14.718603622224986 0.0
1.128069229153486 14.718603622224986 0.0
1.1600438926750312 14.718603622224986 0.0
1.1920185561965764 14.718603622224986 0.0
1.2239932197181216 14.718603622224986 0.0
1.2559678832396668 14.718603622224986 4.0
1.287942546761212 14.718603622224986 2.0
1.3199172102827572 14.718603622224986 20.0
1.3518918738043024 14.718603622224986 189.0
1.3838665373258476 14.718603622224986 243.0
1.4158412008473928 14.718603622224986 195.0
1.447815864368938 14.718603622224986 570.0
1.4797905278904833 14.718603622224986 757.0
1.5117651914120285 14.718603622224986 1460.0
1.5437398549335737 14.718603622224986 3404.0
1.575714518455119 14.718603622224986 3588.0
1.607689181976664 14.718603622224986 4708.0
1.6396638454982093 14.718603622224986 6269.0
1.6716385090197545 14.718603622224986 5138.0
1.7036131725412997 14.718603622224986 3419.0
1.735587836062845 14.718603622224986 1408.0
1.7675624995843902 14.718603622224986 542.0
1.7995371631059354 14.718603622224986 171.0
1.8315118266274806 14.718603622224986 65.0
1.8634864901490258 14.718603622224986 5.0
1.895461153670571 14.718603622224986 3.0
1.9274358171921162 14.718603622224986 0.0
1.9594104807136614 14.718603622224986 0.0
1.9913851442352066 14.718603622224986 0.0
2.023359807756752 14.718603622224986 0.0
2.055334471278297 14.718603622224986 0.0
2.0873091347998423 14.718603622224986 0.0
2.1192837983213875 14.718603622224986 0.0
2.1512584618429327 14.718603622224986 0.0
2.183233125364478 14.718603622224986 0.0
2.215207788886023 14.718603622224986 0.0
2.2471824524075683 14.718603622224986 0.0
1.0001705750673051 14.995454969983392 0.0
1.0321452385888503 14.995454969983392 0.0
1.0641199021103955 14.995454969983392 0.0
1.0960945656319407 14.995454969983392 0.0
1.128069229153486 14.995454969983392 0.0
1.1600438926750312 14.995454969983392 0.0
1.1920185561965764 14.995454969983392 0.0
1.2239932197181216 14.995454969983392 0.0
1.2559678832396668 14.995454969983392 0.0
1.287942546761212 14.995454969983392 29.0
1.3199172102827572 14.995454969983392 16.0
1.3518918738043024 14.995454969983392 21.0
1.3838665373258476 14.995454969983392 65.0
1.4158412008473928 14.995454969983392 557.0
1.447815864368938 14.995454969983392 158.0
1.4797905278904833 14.995454969983392 440.0
1.5117651914120285 14.995454969983392 380.0
1.5437398549335737 14.995454969983392 1505.0
1.575714518455119 14.995454969983392 1973.0
1.607689181976664 14.995454969983392 3331.0
1.6396638454982093 14.995454969983392 3751.0
1.6716385090197545 14.995454969983392 2956.0
1.7036131725412997 14.995454969983392 2406.0
1.735587836062845 14.995454969983392 2202.0
1.7675624995843902 14.995454969983392 1333.0
1.7995371631059354 14.995454969983392 405.0
1.8315118266274806 14.995454969983392 103.0
1.8634864901490258 14.995454969983392 66.0
1.895461153670571 14.995454969983392 22.0
1.9274358171921162 14.995454969983392 1.0
1.9594104807136614 14.995454969983392 0.0
1.9913851442352066 14.995454969983392 0.0
2.023359807756752 14.995454969983392 0.0
2.055334471278297 14.995454969983392 0.0
2.0873091347998423 14.995454969983392 0.0
2.1192837983213875 14.995454969983392 0.0
2.1512584618429327 14.995454969983392 0.0
2.183233125364478 14.995454969983392 0.0
2.215207788886023 14.995454969983392 0.0
2.2471824524075683 14.995454969983392 0.0
1.0001705750673051 15.272306317741798 0.0
1.0321452385888503 15.272306317741798 0.0
1.0641199021103955 15.272306317741798 0.0
1.0960945656319407 15.272306317741798 0.0
1.128069229153486 15.272306317741798 0.0
1.1600438926750312 15.272306317741798 0.0
1.1920185561965764 15.272306317741798 0.0
1.2239932197181216 15.272306317741798 0.0
1.2559678832396668 15.272306317741798 0.0
1.287942546761212 15.272306317741798 16.0
1.3199172102827572 15.272306317741798 18.0
1.3518918738043024 15.272306317741798 9.0
1.3838665373258476 15.272306317741798 18.0
1.4158412008473928 15.272306317741798 44.0
1.447815864368938 15.272306317741798 277.0
1.4797905278904833 15.272306317741798 104.0
1.5117651914120285 15.272306317741798 313.0
1.5437398549335737 15.272306317741798 558.0
1.575714518455119 15.272306317741798 1073.0
1.607689181976664 15.272306317741798 1451.0
1.6396638454982093 15.272306317741798 1567.0
1.6716385090197545 15.272306317741798 1826.0
1.7036131725412997 15.272306317741798 1835.0
1.735587836062845 15.272306317741798 1766.0
1.7675624995843902 15.272306317741798 1404.0
1.7995371631059354 15.272306317741798 799.0
1.8315118266274806 15.272306317741798 504.0
1.8634864901490258 15.272306317741798 165.0
1.895461153670571 15.272306317741798 14.0
1.9274358171921162 15.272306317741798 14.0
1.9594104807136614 15.272306317741798 36.0
1.9913851442352066 15.272306317741798 23.0
2.023359807756752 15.272306317741798 0.0
2.055334471278297 15.272306317741798 0.0
2.0873091347998423 15.272306317741798 0.0
2.1192837983213875 15.272306317741798 0.0
2.1512584618429327 15.272306317741798 0.0
2.183233125364478 15.272306317741798 0.0
2.215207788886023 15.272306317741798 0.0
2.2471824524075683 15.272306317741798 0.0
1.0001705750673051 15.549157665500204 0.0
1.0321452385888503 15.549157665500204 0.0
1.0641199021103955 15.549157665500204 0.0
1.0960945656319407 15.549157665500204 0.0
1.128069229153486 15.549157665500204 0.0
1.1600438926750312 15.549157665500204 0.0
1.1920185561965764 15.549157665500204 0.0
1.2239932197181216 15.549157665500204 0.0
1.2559678832396668 15.549157665500204 0.0
1.287942546761212 15.549157665500204 0.0
1.3199172102827572 15.549157665500204 4.0
1.3518918738043024 15.549157665500204 17.0
1.3838665373258476 15.549157665500204 8.0
1.4158412008473928 15.549157665500204 1.0
1.447815864368938 15.549157665500204 20.0
1.4797905278904833 15.549157665500204 53.0
1.5117651914120285 15.549157665500204 98.0
1.5437398549335737 15.549157665500204 191.0
1.575714518455119 15.549157665500204 373.0
1.607689181976664 15.549157665500204 877.0
1.6396638454982093 15.549157665500204 1139.0
1.6716385090197545 15.549157665500204 764.0
1.7036131725412997 15.549157665500204 892.0
1.735587836062845 15.549157665500204 905.0
1.7675624995843902 15.549157665500204 1186.0
1.7995371631059354 15.549157665500204 461.0
1.8315118266274806 15.549157665500204 373.0
1.8634864901490258 15.549157665500204 198.0
1.895461153670571 15.549157665500204 95.0
1.9274358171921162 15.549157665500204 83.0
1.9594104807136614 15.549157665500204 20.0
1.9913851442352066 15.549157665500204 6.0
2.023359807756752 15.549157665500204 3.0
2.055334471278297 15.549157665500204 0.0
2.0873091347998423 15.549157665500204 0.0
2.1192837983213875 15.549157665500204 0.0
2.1512584618429327 15.549157665500204 0.0
2.183233125364478 15.549157665500204 0.0
2.215207788886023 15.549157665500204 0.0
2.2471824524075683 15.549157665500204 0.0
1.0001705750673051 15.82600901325861 0.0
1.0321452385888503 15.82600901325861 0.0
1.0641199021103955 15.82600901325861 0.0
1.0960945656319407 15.82600901325861 0.0
1.128069229153486 15.82600901325861 0.0
1.1600438926750312 15.82600901325861 0.0
1.1920185561965764 15.82600901325861 0.0
1.2239932197181216 15.82600901325861 0.0
1.2559678832396668 15.82600901325861 0.0
1.287942546761212 15.82600901325861 0.0
1.3199172102827572 15.82600901325861 2.0
1.3518918738043024 15.82600901325861 2.0
1.3838665373258476 15.82600901325861 1.0
1.4158412008473928 15.82600901325861 9.0
1.447815864368938 15.82600901325861 1.0
1.4797905278904833 15.82600901325861 15.0
1.5117651914120285 15.82600901325861 111.0
1.5437398549335737 15.82600901325861 69.0
1.575714518455119 15.82600901325861 196.0
1.607689181976664 15.82600901325861 163.0
1.6396638454982093 15.82600901325861 306.0
1.6716385090197545 15.82600901325861 314.0
1.7036131725412997 15.82600901325861 502.0
1.735587836062845 15.82600901325861 432.0
1.7675624995843902 15.82600901325861 979.0
1.7995371631059354 15.82600901325861 597.0
1.8315118266274806 15.82600901325861 383.0
1.8634864901490258 15.82600901325861 195.0
1.895461153670571 15.82600901325861 206.0
1.9274358171921162 15.82600901325861 90.0
1.9594104807136614 15.82600901325861 171.0
1.9913851442352066 15.82600901325861 20.0
2.023359807756752 15.82600901325861 0.0
2.055334471278297 15.82600901325861 0.0
2.0873091347998423 15.82600901325861 0.0
2.1192837983213875 15.82600901325861 0.0
2.1512584618429327 15.82600901325861 0.0
2.183233125364478 15.82600901325861 0.0
2.215207788886023 15.82600901325861 0.0
2.2471824524075683 15.82600901325861 0.0
1.0001705750673051 16.102860361017015 0.0
1.0321452385888503 16.102860361017015 0.0
1.0641199021103955 16.102860361017015 0.0
1.0960945656319407 16.102860361017015 0.0
1.128069229153486 16.102860361017015 0.0
1.1600438926750312 16.102860361017015 0.0
1.1920185561965764 16.102860361017015 0.0
1.2239932197181216 16.102860361017015 0.0
1.2559678832396668 16.102860361017015 0.0
1.287942546761212 16.102860361017015 0.0
1.3199172102827572 16.102860361017015 0.0
1.3518918738043024 16.102860361017015 0.0
1.3838665373258476 16.102860361017015 2.0
1.4158412008473928 16.102860361017015 4.0
1.447815864368938 16.102860361017015 13.0
1.4797905278904833 16.102860361017015 2.0
1.5117651914120285 16.102860361017015 53.0
1.5437398549335737 16.102860361017015 57.0
1.575714518455119 16.102860361017015 95.0
1.607689181976664 16.102860361017015 42.0
1.6396638454982093 16.102860361017015 115.0
1.6716385090197545 16.102860361017015 174.0
1.7036131725412997 16.102860361017015 207.0
1.735587836062845 16.102860361017015 648.0
1.7675624995843902 16.102860361017015 253.0
1.7995371631059354 16.102860361017015 279.0
1.8315118266274806 16.102860361017015 435.0
1.8634864901490258 16.102860361017015 193.0
1.895461153670571 16.102860361017015 497.0
1.9274358171921162 16.102860361017015 342.0
1.9594104807136614 16.102860361017015 21.0
1.9913851442352066 16.102860361017015 6.0
2.023359807756752 16.102860361017015 1.0
2.055334471278297 16.102860361017015 0.0
2.0873091347998423 16.102860361017015 1.0
2.1192837983213875 16.102860361017015 0.0
2.1512584618429327 16.102860361017015 0.0
2.183233125364478 16.102860361017015 0.0
2.215207788886023 16.102860361017015 0.0
2.2471824524075683 16.102860361017015 0.0
1.0001705750673051 16.37971170877542 0.0
1.0321452385888503 16.37971170877542 0.0
1.0641199021103955 16.37971170877542 0.0
1.0960945656319407 16.37971170877542 0.0
1.128069229153486 16.37971170877542 0.0
1.1600438926750312 16.37971170877542 0.0
1.1920185561965764 16.37971170877542 0.0
1.2239932197181216 16.37971170877542 0.0
1.2559678832396668 16.37971170877542 0.0
1.287942546761212 16.37971170877542 0.0
1.3199172102827572 16.37971170877542 0.0
1.3518918738043024 16.37971170877542 0.0
1.3838665373258476 16.37971170877542 0.0
1.4158412008473928 16.37971170877542 2.0
1.447815864368938 16.37971170877542 0.0
1.4797905278904833 16.37971170877542 0.0
1.5117651914120285 16.37971170877542 4.0
1.5437398549335737 16.37971170877542 33.0
1.575714518455119 16.37971170877542 7.0
1.607689181976664 16.37971170877542 4.0
1.6396638454982093 16.37971170877542 49.0
1.6716385090197545 16.37971170877542 36.0
1.7036131725412997 16.37971170877542 127.0
1.735587836062845 16.37971170877542 156.0
1.7675624995843902 16.37971170877542 458.0
1.7995371631059354 16.37971170877542 291.0
1.8315118266274806 16.37971170877542 282.0
1.8634864901490258 16.37971170877542 212.0
1.895461153670571 16.37971170877542 110.0
1.9274358171921162 16.37971170877542 90.0
1.9594104807136614 16.37971170877542 52.0
1.9913851442352066 16.37971170877542 21.0
2.023359807756752 16.37971170877542 19.0
2.055334471278297 16.37971170877542 0.0
2.0873091347998423 16.37971170877542 0.0
2.1192837983213875 16.37971170877542 0.0
2.1512584618429327 16.37971170877542 0.0
2.183233125364478 16.37971170877542 0.0
2.215207788886023 16.37971170877542 0.0
2.2471824524075683 16.37971170877542 0.0
1.0001705750673051 16.656563056533827 0.0
1.0321452385888503 16.656563056533827 0.0
1.0641199021103955 16.656563056533827 0.0
1.0960945656319407 16.656563056533827 0.0
1.128069229153486 16.656563056533827 0.0
1.1600438926750312 16.656563056533827 0.0
1.1920185561965764 16.656563056533827 0.0
1.2239932197181216 16.656563056533827 0.0
1.2559678832396668 16.656563056533827 0.0
1.287942546761212 16.656563056533827 0.0
1.3199172102827572 16.656563056533827 0.0
1.3518918738043024 16.656563056533827 0.0
1.3838665373258476 16.656563056533827 0.0
1.4158412008473928 16.656563056533827 0.0
1.447815864368938 16.656563056533827 0.0
1.4797905278904833 16.656563056533827 0.0
1.5117651914120285 16.656563056533827 14.0
1.5437398549335737 16.656563056533827 16.0
1.575714518455119 16.656563056533827 12.0
1.607689181976664 16.656563056533827 8.0
1.6396638454982093 16.656563056533827 0.0
1.6716385090197545 16.656563056533827 1.0
1.7036131725412997 16.656563056533827 9.0
1.735587836062845 16.656563056533827 97.0
1.7675624995843902 16.656563056533827 193.0
1.7995371631059354 16.656563056533827 253.0
1.8315118266274806 16.656563056533827 437.0
1.8634864901490258 16.656563056533827 171.0
1.895461153670571 16.656563056533827 118.0
1.9274358171921162 16.656563056533827 191.0
1.9594104807136614 16.656563056533827 25.0
1.9913851442352066 16.656563056533827 8.0
2.023359807756752 16.656563056533827 2.0
2.055334471278297 16.656563056533827 0.0
2.0873091347998423 16.656563056533827 0.0
2.1192837983213875 16.656563056533827 0.0
2.1512584618429327 16.656563056533827 0.0
2.183233125364478 16.656563056533827 0.0
2.215207788886023 16.656563056533827 0.0
2.2471824524075683 16.656563056533827 0.0
1.0001705750673051 16.933414404292236 0.0
1.0321452385888503 16.933414404292236 0.0
1.0641199021103955 16.933414404292236 0.0
1.0960945656319407 16.933414404292236 0.0
1.128069229153486 16.933414404292236 0.0
1.1600438926750312 16.933414404292236 0.0
1.1920185561965764 16.933414404292236 0.0
1.2239932197181216 16.933414404292236 0.0
1.2559678832396668 16.933414404292236 0.0
1.287942546761212 16.933414404292236 0.0
1.3199172102827572 16.933414404292236 0.0
1.3518918738043024 16.933414404292236 0.0
1.3838665373258476 16.933414404292236 0.0
1.4158412008473928 16.933414404292236 0.0
1.447815864368938 16.933414404292236 0.0
1.4797905278904833 16.933414404292236 0.0
1.5117651914120285 16.933414404292236 2.0
1.5437398549335737 16.933414404292236 1.0
1.575714518455119 16.933414404292236 0.0
1.607689181976664 16.933414404292236 1.0
1.6396638454982093 16.933414404292236 0.0
1.6716385090197545 16.933414404292236 0.0
1.7036131725412997 16.933414404292236 2.0
1.735587836062845 16.933414404292236 46.0
1.7675624995843902 16.933414404292236 45.0
1.7995371631059354 16.933414404292236 80.0
1.8315118266274806 16.933414404292236 44.0
1.8634864901490258 16.933414404292236 86.0
1.895461153670571 16.933414404292236 62.0
1.9274358171921162 16.933414404292236 104.0
1.9594104807136614 16.933414404292236 51.0
1.9913851442352066 16.933414404292236 7.0
2.023359807756752 16.933414404292236 1.0
2.055334471278297 16.933414404292236 0.0
2.0873091347998423 16.933414404292236 2.0
2.1192837983213875 16.933414404292236 0.0
2.1512584618429327 16.933414404292236 0.0
2.183233125364478 16.933414404292236 0.0
2.215207788886023 16.933414404292236 0.0
2.2471824524075683 16.933414404292236 0.0
1.0001705750673051 17.21026575205064 0.0
1.0321452385888503 17.21026575205064 0.0
1.0641199021103955 17.21026575205064 0.0
1.0960945656319407 17.21026575205064 0.0
1.128069229153486 17.21026575205064 0.0
1.1600438926750312 17.21026575205064 0.0
1.1920185561965764 17.21026575205064 0.0
1.2239932197181216 17.21026575205064 0.0
1.2559678832396668 17.21026575205064 0.0
1.287942546761212 17.21026575205064 0.0
1.3199172102827572 17.21026575205064 0.0
1.3518918738043024 17.21026575205064 0.0
1.3838665373258476 17.21026575205064 0.0
1.4158412008473928 17.21026575205064 0.0
1.447815864368938 17.21026575205064 0.0
1.4797905278904833 17.21026575205064 0.0
1.5117651914120285 17.21026575205064 0.0
1.5437398549335737 17.21026575205064 0.0
1.575714518455119 17.21026575205064 4.0
1.607689181976664 17.21026575205064 0.0
1.6396638454982093 17.21026575205064 0.0
1.6716385090197545 17.21026575205064 0.0
1.7036131725412997 17.21026575205064 0.0
1.735587836062845 17.21026575205064 7.0
1.7675624995843902 17.21026575205064 79.0
1.7995371631059354 17.21026575205064 110.0
1.8315118266274806 17.21026575205064 13.0
1.8634864901490258 17.21026575205064 21.0
1.895461153670571 17.21026575205064 71.0
1.9274358171921162 17.21026575205064 33.0
1.9594104807136614 17.21026575205064 7.0
1.9913851442352066 17.21026575205064 285.0
2.023359807756752 17.21026575205064 48.0
2.055334471278297 17.21026575205064 1.0
2.0873091347998423 17.21026575205064 6.0
2.1192837983213875 17.21026575205064 2.0
2.1512584618429327 17.21026575205064 0.0
2.183233125364478 17.21026575205064 0.0
2.215207788886023 17.21026575205064 0.0
2.2471824524075683 17.21026575205064 0.0
1.0001705750673051 17.487117099809048 0.0
1.0321452385888503 17.487117099809048 0.0
1.0641199021103955 17.487117099809048 0.0
1.0960945656319407 17.487117099809048 0.0
1.128069229153486 17.487117099809048 0.0
1.1600438926750312 17.487117099809048 0.0
1.1920185561965764 17.487117099809048 0.0
1.2239932197181216 17.487117099809048 0.0
1.2559678832396668 17.487117099809048 0.0
1.287942546761212 17.487117099809048 0.0
1.3199172102827572 17.487117099809048 0.0
1.3518918738043024 17.487117099809048 0.0
1.3838665373258476 17.487117099809048 0.0
1.4158412008473928 17.487117099809048 0.0
1.447815864368938 17.487117099809048 0.0
1.4797905278904833 17.487117099809048 0.0
1.5117651914120285 17.487117099809048 0.0
1.5437398549335737 17.487117099809048 13.0
1.575714518455119 17.487117099809048 11.0
1.607689181976664 17.487117099809048 0.0
1.6396638454982093 17.487117099809048 0.0
1.6716385090197545 17.487117099809048 0.0
1.7036131725412997 17.487117099809048 0.0
1.735587836062845 17.487117099809048 0.0
1.7675624995843902 17.487117099809048 9.0
1.7995371631059354 17.487117099809048 43.0
1.8315118266274806 17.487117099809048 0.0
1.8634864901490258 17.487117099809048 8.0
1.895461153670571 17.487117099809048 16.0
1.9274358171921162 17.487117099809048 43.0
1.9594104807136614 17.487117099809048 5.0
1.9913851442352066 17.487117099809048 8.0
2.023359807756752 17.487117099809048 1.0
2.055334471278297 17.487117099809048 15.0
2.0873091347998423 17.487117099809048 0.0
2.1192837983213875 17.487117099809048 4.0
2.1512584618429327 17.487117099809048 0.0
2.183233125364478 17.487117099809048 0.0
2.215207788886023 17.487117099809048 0.0
2.2471824524075683 17.487117099809048 0.0
1.0001705750673051 17.76396844756745 0.0
1.0321452385888503 17.76396844756745 0.0
1.0641199021103955 17.76396844756745 0.0
1.0960945656319407 17.76396844756745 0.0
1.128069229153486 17.76396844756745 0.0
1.1600438926750312 17.76396844756745 0.0
1.1920185561965764 17.76396844756745 0.0
1.2239932197181216 17.76396844756745 0.0
1.2559678832396668 17.76396844756745 0.0
1.287942546761212 17.76396844756745 0.0
1.3199172102827572 17.76396844756745 0.0
1.3518918738043024 17.76396844756745 0.0
1.3838665373258476 17.76396844756745 0.0
1.4158412008473928 17.76396844756745 0.0
1.447815864368938 17.76396844756745 0.0
1.4797905278904833 17.76396844756745 0.0
1.5117651914120285 17.76396844756745 0.0
1.5437398549335737 17.76396844756745 0.0
1.575714518455119 17.76396844756745 4.0
1.607689181976664 17.76396844756745 0.0
1.6396638454982093 17.76396844756745 0.0
1.6716385090197545 17.76396844756745 0.0
1.7036131725412997 17.76396844756745 0.0
1.735587836062845 17.76396844756745 0.0
1.7675624995843902 17.76396844756745 18.0
1.7995371631059354 17.76396844756745 2.0
1.8315118266274806 17.76396844756745 0.0
1.8634864901490258 17.76396844756745 4.0
1.895461153670571 17.76396844756745 17.0
1.9274358171921162 17.76396844756745 5.0
1.9594104807136614 17.76396844756745 1.0
1.9913851442352066 17.76396844756745 1.0
2.023359807756752 17.76396844756745 0.0
2.055334471278297 17.76396844756745 7.0
2.0873091347998423 17.76396844756745 14.0
2.1192837983213875 17.76396844756745 1.0
2.1512584618429327 17.76396844756745 0.0
2.183233125364478 17.76396844756745 0.0
2.215207788886023 17.76396844756745 1.0
2.2471824524075683 17.76396844756745 0.0
1.0001705750673051 18.04081979532586 0.0
1.0321452385888503 18.04081979532586 0.0
1.0641199021103955 18.04081979532586 0.0
1.0960945656319407 18.04081979532586 0.0
1.128069229153486 18.04081979532586 0.0
1.1600438926750312 18.04081979532586 0.0
1.1920185561965764 18.04081979532586 0.0
1.2239932197181216 18.04081979532586 0.0
1.2559678832396668 18.04081979532586 0.0
1.287942546761212 18.04081979532586 0.0
1.3199172102827572 18.04081979532586 0.0
1.3518918738043024 18.04081979532586 0.0
1.3838665373258476 18.04081979532586 0.0
1.4158412008473928 18.04081979532586 0.0
1.447815864368938 18.04081979532586 0.0
1.4797905278904833 18.04081979532586 0.0
1.5117651914120285 18.04081979532586 0.0
1.5437398549335737 18.04081979532586 0.0
1.575714518455119 18.04081979532586 0.0
1.607689181976664 18.04081979532586 0.0
1.6396638454982093 18.04081979532586 0.0
1.6716385090197545 18.04081979532586 0.0
1.7036131725412997 18.04081979532586 0.0
1.735587836062845 18.04081979532586 0.0
1.7675624995843902 18.04081979532586 0.0
1.7995371631059354 18.04081979532586 0.0
1.8315118266274806 18.04081979532586 0.0
1.8634864901490258 18.04081979532586 6.0
1.895461153670571 18.04081979532586 4.0
1.9274358171921162 18.04081979532586 0.0
1.9594104807136614 18.04081979532586 0.0
1.9913851442352066 18.04081979532586 0.0
2.023359807756752 18.04081979532586 0.0
2.055334471278297 18.04081979532586 0.0
2.0873091347998423 18.04081979532586 0.0
2.1192837983213875 18.04081979532586 1.0
2.1512584618429327 18.04081979532586 0.0
2.183233125364478 18.04081979532586 0.0
2.215207788886023 18.04081979532586 0.0
2.2471824524075683 18.04081979532586 0.0
1.0001705750673051 18.31767114308426 0.0
1.0321452385888503 18.31767114308426 0.0
1.0641199021103955 18.31767114308426 0.0
1.0960945656319407 18.31767114308426 0.0
1.128069229153486 18.31767114308426 0.0
1.1600438926750312 18.31767114308426 0.0
1.1920185561965764 18.31767114308426 0.0
1.2239932197181216 18.31767114308426 0.0
1.2559678832396668 18.31767114308426 0.0
1.287942546761212 18.31767114308426 0.0
1.3199172102827572 18.31767114308426 0.0
1.3518918738043024 18.31767114308426 0.0
1.3838665373258476 18.31767114308426 0.0
1.4158412008473928 18.31767114308426 0.0
1.447815864368938 18.31767114308426 0.0
1.4797905278904833 18.31767114308426 0.0
1.5117651914120285 18.31767114308426 0.0
1.5437398549335737 18.31767114308426 0.0
1.575714518455119 18.31767114308426 0.0
1.607689181976664 18.31767114308426 0.0
1.6396638454982093 18.31767114308426 0.0
1.6716385090197545 18.31767114308426 0.0
1.7036131725412997 18.31767114308426 0.0
1.735587836062845 18.31767114308426 0.0
1.7675624995843902 18.31767114308426 0.0
1.7995371631059354 18.31767114308426 0.0
1.8315118266274806 18.31767114308426 0.0
1.8634864901490258 18.31767114308426 0.0
1.895461153670571 18.31767114308426 1.0
1.9274358171921162 18.31767114308426 4.0
1.9594104807136614 18.31767114308426 1.0
1.9913851442352066 18.31767114308426 0.0
2.023359807756752 18.31767114308426 0.0
2.055334471278297 18.31767114308426 0.0
2.0873091347998423 18.31767114308426 0.0
2.1192837983213875 18.31767114308426 0.0
2.1512584618429327 18.31767114308426 0.0
2.183233125364478 18.31767114308426 0.0
2.215207788886023 18.31767114308426 0.0
2.2471824524075683 18.31767114308426 0.0
1.0001705750673051 18.59452249084267 0.0
1.0321452385888503 18.59452249084267 0.0
1.0641199021103955 18.59452249084267 0.0
1.0960945656319407 18.59452249084267 0.0
1.128069229153486 18.59452249084267 0.0
1.1600438926750312 18.59452249084267 0.0
1.1920185561965764 18.59452249084267 0.0
1.2239932197181216 18.59452249084267 0.0
1.2559678832396668 18.59452249084267 0.0
1.287942546761212 18.59452249084267 0.0
1.3199172102827572 18.59452249084267 0.0
1.3518918738043024 18.59452249084267 0.0
1.3838665373258476 18.59452249084267 0.0
1.4158412008473928 18.59452249084267 0.0
1.447815864368938 18.59452249084267 0.0
1.4797905278904833 18.59452249084267 0.0
1.5117651914120285 18.59452249084267 0.0
1.5437398549335737 18.59452249084267 0.0
1.575714518455119 18.59452249084267 0.0
1.607689181976664 18.59452249084267 0.0
1.6396638454982093 18.59452249084267 0.0
1.6716385090197545 18.59452249084267 0.0
1.7036131725412997 18.59452249084267 0.0
1.735587836062845 18.59452249084267 0.0
1.7675624995843902 18.59452249084267 0.0
1.7995371631059354 18.59452249084267 0.0
1.8315118266274806 18.59452249084267 2.0
1.8634864901490258 18.59452249084267 0.0
1.895461153670571 18.59452249084267 0.0
1.9274358171921162 18.59452249084267 0.0
1.9594104807136614 18.59452249084267 0.0
1.9913851442352066 18.59452249084267 0.0
2.023359807756752 18.59452249084267 0.0
2.055334471278297 18.59452249084267 0.0
2.0873091347998423 18.59452249084267 0.0
2.1192837983213875 18.59452249084267 0.0
2.1512584618429327 18.59452249084267 0.0
2.183233125364478 18.59452249084267 0.0
2.215207788886023 18.59452249084267 0.0
2.2471824524075683 18.59452249084267 0.0
1.0001705750673051 18.871373838601073 0.0
1.0321452385888503 18.871373838601073 0.0
1.0641199021103955 18.871373838601073 0.0
1.0960945656319407 18.871373838601073 0.0
1.128069229153486 18.871373838601073 0.0
1.1600438926750312 18.871373838601073 0.0
1.1920185561965764 18.871373838601073 0.0
1.2239932197181216 18.871373838601073 0.0
1.2559678832396668 18.871373838601073 0.0
1.287942546761212 18.871373838601073 0.0
1.3199172102827572 18.871373838601073 0.0
1.3518918738043024 18.871373838601073 0.0
1.3838665373258476 18.871373838601073 0.0
1.4158412008473928 18.871373838601073 0.0
1.447815864368938 18.871373838601073 0.0
1.4797905278904833 18.871373838601073 0.0
1.5117651914120285 18.871373838601073 0.0
1.5437398549335737 18.871373838601073 0.0
1.575714518455119 18.871373838601073 0.0
1.607689181976664 18.871373838601073 0.0
1.6396638454982093 18.871373838601073 0.0
1.6716385090197545 18.871373838601073 0.0
1.7036131725412997 18.871373838601073 0.0
1.735587836062845 18.871373838601073 0.0
1.7675624995843902 18.871373838601073 0.0
1.7995371631059354 18.871373838601073 0.0
1.8315118266274806 18.871373838601073 0.0
1.8634864901490258 18.871373838601073 3.0
1.895461153670571 18.871373838601073 0.0
1.9274358171921162 18.871373838601073 0.0
1.9594104807136614 18.871373838601073 0.0
1.9913851442352066 18.871373838601073 0.0
2.023359807756752 18.871373838601073 0.0
2.055334471278297 18.871373838601073 0.0
2.0873091347998423 18.871373838601073 0.0
2.1192837983213875 18.871373838601073 0.0
2.1512584618429327 18.871373838601073 0.0
2.183233125364478 18.871373838601073 0.0
2.215207788886023 18.871373838601073 1.0
2.2471824524075683 18.871373838601073 1.0
1.0001705750673051 19.148225186359483 0.0
1.0321452385888503 19.148225186359483 0.0
1.0641199021103955 19.148225186359483 0.0
1.0960945656319407 19.148225186359483 0.0
1.128069229153486 19.148225186359483 0.0
1.1600438926750312 19.148225186359483 0.0
1.1920185561965764 19.148225186359483 0.0
1.2239932197181216 19.148225186359483 0.0
1.2559678832396668 19.148225186359483 0.0
1.287942546761212 19.148225186359483 0.0
1.3199172102827572 19.148225186359483 0.0
1.3518918738043024 19.148225186359483 0.0
1.3838665373258476 19.148225186359483 0.0
1.4158412008473928 19.148225186359483 0.0
1.447815864368938 19.148225186359483 0.0
1.4797905278904833 19.148225186359483 0.0
1.5117651914120285 19.148225186359483 0.0
1.5437398549335737 19.148225186359483 0.0
1.575714518455119 19.148225186359483 0.0
1.607689181976664 19.148225186359483 0.0
1.6396638454982093 19.148225186359483 0.0
1.6716385090197545 19.148225186359483 0.0
1.7036131725412997 19.148225186359483 0.0
1.735587836062845 19.148225186359483 0.0
1.7675624995843902 19.148225186359483 0.0
1.7995371631059354 19.148225186359483 0.0
1.8315118266274806 19.148225186359483 0.0
1.8634864901490258 19.148225186359483 0.0
1.895461153670571 19.148225186359483 0.0
1.9274358171921162 19.148225186359483 0.0
1.9594104807136614 19.148225186359483 0.0
1.9913851442352066 19.148225186359483 0.0
2.023359807756752 19.148225186359483 0.0
2.055334471278297 19.148225186359483 0.0
2.0873091347998423 19.148225186359483 0.0
2.1192837983213875 19.148225186359483 0.0
2.1512584618429327 19.148225186359483 0.0
2.183233125364478 19.148225186359483 1.0
2.215207788886023 19.148225186359483 1.0
2.2471824524075683 19.148225186359483 0.0
1.0001705750673051 19.42507653411789 0.0
1.0321452385888503 19.42507653411789 0.0
1.0641199021103955 19.42507653411789 0.0
1.0960945656319407 19.42507653411789 0.0
1.128069229153486 19.42507653411789 0.0
1.1600438926750312 19.42507653411789 0.0
1.1920185561965764 19.42507653411789 0.0
1.2239932197181216 19.42507653411789 0.0
1.2559678832396668 19.42507653411789 0.0
1.287942546761212 19.42507653411789 0.0
1.3199172102827572 19.42507653411789 0.0
1.3518918738043024 19.42507653411789 0.0
1.3838665373258476 19.42507653411789 0.0
1.4158412008473928 19.42507653411789 0.0
1.447815864368938 19.42507653411789 0.0
1.4797905278904833 19.42507653411789 0.0
1.5117651914120285 19.42507653411789 0.0
1.5437398549335737 19.42507653411789 0.0
1.575714518455119 19.42507653411789 0.0
1.607689181976664 19.42507653411789 0.0
1.6396638454982093 19.42507653411789 0.0
1.6716385090197545 19.42507653411789 0.0
1.7036131725412997 19.42507653411789 0.0
1.735587836062845 19.42507653411789 0.0
1.7675624995843902 19.42507653411789 0.0
1.7995371631059354 19.42507653411789 0.0
1.8315118266274806 19.42507653411789 0.0
1.8634864901490258 19.42507653411789 0.0
1.895461153670571 19.42507653411789 1.0
1.9274358171921162 19.42507653411789 0.0
1.9594104807136614 19.42507653411789 0.0
1.9913851442352066 19.42507653411789 0.0
2.023359807756752 19.42507653411789 0.0
2.055334471278297 19.42507653411789 0.0
2.0873091347998423 19.42507653411789 0.0
2.1192837983213875 19.42507653411789 0.0
2.1512584618429327 19.42507653411789 0.0
2.183233125364478 19.42507653411789 0.0
2.215207788886023 19.42507653411789 0.0
2.2471824524075683 19.42507653411789 0.0
1.0001705750673051 19.701927881876294 0.0
1.0321452385888503 19.701927881876294 0.0
1.0641199021103955 19.701927881876294 0.0
1.0960945656319407 19.701927881876294 0.0
1.128069229153486 19.701927881876294 0.0
1.1600438926750312 19.701927881876294 0.0
1.1920185561965764 19.701927881876294 0.0
1.2239932197181216 19.701927881876294 0.0
1.2559678832396668 19.701927881876294 0.0
1.287942546761212 19.701927881876294 0.0
1.3199172102827572 19.701927881876294 0.0
1.3518918738043024 19.701927881876294 0.0
1.3838665373258476 19.701927881876294 0.0
1.4158412008473928 19.701927881876294 0.0
1.447815864368938 19.701927881876294 0.0
1.4797905278904833 19.701927881876294 0.0
1.5117651914120285 19.701927881876294 0.0
1.5437398549335737 19.701927881876294 0.0
1.575714518455119 19.701927881876294 0.0
1.607689181976664 19.701927881876294 0.0
1.6396638454982093 19.701927881876294 0.0
1.6716385090197545 19.701927881876294 0.0
1.7036131725412997 19.701927881876294 0.0
1.735587836062845 19.701927881876294 0.0
1.7675624995843902 19.701927881876294 0.0
1.7995371631059354 19.701927881876294 0.0
1.8315118266274806 19.701927881876294 0.0
1.8634864901490258 19.701927881876294 0.0
1.895461153670571 19.701927881876294 1.0
1.9274358171921162 19.701927881876294 0.0
1.9594104807136614 19.701927881876294 0.0
1.9913851442352066 19.701927881876294 0.0
2.023359807756752 19.701927881876294 0.0
2.055334471278297 19.701927881876294 0.0
2.0873091347998423 19.701927881876294 0.0
2.1192837983213875 19.701927881876294 0.0
2.1512584618429327 19.701927881876294 0.0
2.183233125364478 19.701927881876294 0.0
2.215207788886023 19.701927881876294 0.0
2.2471824524075683 19.701927881876294 0.0
