1 1 1 1 2.7269782024767444e-02 2.0589583700812819e-02 1.0000000003040157e+00 7.1895621965728768e-02 5.2275711430401816e-03 2.5372958860248531e+01 9
1 1 1 1 2.7264766090138795e-02 2.0587666715474195e-02 1.0000000002910501e+00 7.1903676292178337e-02 5.1435496110221494e-03 2.5362962465445932e+01 27
1 1 1 1 2.7259739369491033e-02 2.0585743004115878e-02 1.0000000002783678e+00 7.1911730618627906e-02 5.0585891996045287e-03 2.5352969355735869e+01 27
1 1 1 1 2.7254701843384358e-02 2.0583812552754311e-02 1.0000000002659646e+00 7.1919784945077475e-02 4.9726384136677317e-03 2.5342979642591647e+01 27
1 1 1 1 2.7249653492180875e-02 2.0581875347290859e-02 1.0000000002538370e+00 7.1927839271527044e-02 4.8856415255224515e-03 2.5332993441213031e+01 27
1 1 1 1 2.7244594296050091e-02 2.0579931373517581e-02 1.0000000002419811e+00 7.1935893597976613e-02 4.7975380757157848e-03 2.5323010870702628e+01 27
1 1 1 1 2.7239524234950283e-02 2.0577980617102407e-02 1.0000000002303928e+00 7.1943947924426183e-02 4.7082622955386321e-03 2.5313032054233151e+01 27
1 1 1 1 2.7234443288633930e-02 2.0576023063594698e-02 1.0000000002190690e+00 7.1952002250875752e-02 4.6177424360872134e-03 2.5303057119243768e+01 27
1 1 1 1 2.7229351436633964e-02 2.0574058698418916e-02 1.0000000002080054e+00 7.1960056577325321e-02 4.5258999843384995e-03 2.5293086197630043e+01 27
1 1 1 1 2.7224248658263221e-02 2.0572087506872297e-02 1.0000000001971987e+00 7.1968110903774890e-02 4.4326487424656705e-03 2.5283119425961740e+01 27
1 1 1 1 2.7219134932606144e-02 2.0570109474121311e-02 1.0000000001866451e+00 7.1976165230224459e-02 4.3378937397729987e-03 2.5273156945702514e+01 27
1 1 1 1 2.7214010238510195e-02 2.0568124585197113e-02 1.0000000001763412e+00 7.1984219556674028e-02 4.2415299386800555e-03 2.5263198903445222e+01 27
1 1 1 1 2.7208874554581604e-02 2.0566132824993318e-02 1.0000000001662834e+00 7.1992273883123598e-02 4.1434406850718673e-03 2.5253245451166922e+01 26
1 1 1 1 2.7203727859174028e-02 2.0564134178260703e-02 1.0000000001564679e+00 7.2000328209573167e-02 4.0434958383339095e-03 2.5243296746490891e+01 26
1 1 1 1 2.7198570130385423e-02 2.0562128629604142e-02 1.0000000001468918e+00 7.2008382536022736e-02 3.9415494965438320e-03 2.5233352952977331e+01 26
1 1 1 1 2.7193401346044546e-02 2.0560116163475264e-02 1.0000000001375511e+00 7.2016436862472305e-02 3.8374372040246951e-03 2.5223414240420240e+01 26
1 1 1 1 2.7188221483710542e-02 2.0558096764176165e-02 1.0000000001284426e+00 7.2024491188921874e-02 3.7309724900057863e-03 2.5213480785176287e+01 26
1 1 1 1 2.7183030520652535e-02 2.0556070415842630e-02 1.0000000001195630e+00 7.2032545515371443e-02 3.6219425312614085e-03 2.5203552770501545e+01 26
1 1 1 1 2.7177828433847410e-02 2.0554037102448068e-02 1.0000000001109091e+00 7.2040599841821013e-02 3.5101026520328199e-03 2.5193630386923264e+01 26
1 1 1 1 2.7172615199967949e-02 2.0551996807793859e-02 1.0000000001024771e+00 7.2048654168270582e-02 3.3951692559248603e-03 2.5183713832631323e+01 26
1 1 1 1 2.7167388466275803e-02 2.0549949515505705e-02 1.0000000000942644e+00 7.2056708494720151e-02 3.2768106065985286e-03 2.5173803313897718e+01 26
1 1 1 1 2.7162139573755094e-02 2.0547895209027032e-02 1.0000000000862672e+00 7.2064762821169720e-02 3.1546345989328364e-03 2.5163899045526659e+01 26
1 1 1 1 2.7156879475891210e-02 2.0545833871611584e-02 1.0000000000784826e+00 7.2072817147619289e-02 3.0281722256914195e-03 2.5154001251331955e+01 26
1 1 1 1 2.7151608148098853e-02 2.0543765486318602e-02 1.0000000000709075e+00 7.2080871474068858e-02 2.8968547302658412e-03 2.5144110164659406e+01 25
1 1 1 1 2.7146325565423745e-02 2.0541690036003962e-02 1.0000000000635385e+00 7.2088925800518427e-02 2.7599812230595885e-03 2.5134226028932950e+01 25
1 1 1 1 2.7141031702533156e-02 2.0539607503312362e-02 1.0000000000563727e+00 7.2096980126967997e-02 2.6166713957317808e-03 2.5124349098257827e+01 25
1 1 1 1 2.7135726533701474e-02 2.0537517870674350e-02 1.0000000000494071e+00 7.2105034453417566e-02 2.4657939864316933e-03 2.5114479638057649e+01 25
1 1 1 1 2.7130410032789216e-02 2.0535421120289801e-02 1.0000000000426386e+00 7.2113088779867135e-02 2.3058538169549872e-03 2.5104617925765879e+01 25
1 1 1 1 2.7125082173226931e-02 2.0533317234123175e-02 1.0000000000360640e+00 7.2121143106316704e-02 2.1348036734799201e-03 2.5094764251568431e+01 25
1 1 1 1 2.7119742927998680e-02 2.0531206193894844e-02 1.0000000000296807e+00 7.2129197432766273e-02 1.9497090851430389e-03 2.5084918919210249e+01 24
1 1 1 1 2.7114392269619671e-02 2.0529087981067881e-02 1.0000000000234857e+00 7.2137251759215842e-02 1.7460950110449772e-03 2.5075082246862792e+01 24
1 1 1 1 2.7109030170117957e-02 2.0526962576839405e-02 1.0000000000174760e+00 7.2145306085665412e-02 1.5165031439242900e-03 2.5065254568067747e+01 24
1 1 1 1 2.7103656601009826e-02 2.0524829962127872e-02 1.0000000000116487e+00 7.2153360412114981e-02 1.2466412188282588e-03 2.5055436232755824e+01 23
1 1 1 1 2.7098271533274546e-02 2.0522690117559469e-02 1.0000000000060010e+00 7.2161414738564550e-02 9.0099428536861395e-04 2.5045627608352994e+01 22
1 1 1 1 2.7092874937329731e-02 2.0520543023456909e-02 1.0000000000005305e+00 7.2169469065014119e-02 2.6973051450778521e-04 2.5035829080986659e+01 29
