beta   |   likelihood  |
1.0 1.4613310052995042e-14
4.0 1.8077728530848026e-16
7.0 1.1015507801973487e-16
10.0 1.2530606007117338e-16
13.0 1.406249224662346e-16
16.0 1.5796180772702564e-16
19.0 1.704689968920329e-16
22.0 1.793190151189169e-16
25.0 1.8668353664612045e-16
28.0 1.935519934158068e-16
30.0 1.9746848183446942e-16
33.0 2.0315703905155416e-16
36.0 2.081992619990757e-16
39.0 2.1265087395020437e-16
42.0 2.1802285146308829e-16
45.0 2.261549166677933e-16
48.0 2.2299545595971497e-16
51.0 2.241593183469156e-16
54.0 2.283111265076007e-16
57.0 2.3076657187529777e-16
60.0 2.333825861603279e-16
63.0 2.3583834175630607e-16
66.0 2.3368791124729415e-16
69.0 2.407673843659518e-16
72.0 2.432981283180567e-16
75.0 2.4459194649146287e-16
78.0 2.4874902002098974e-16
93.0 2.568576394010226e-16
102.0 2.6400586095039855e-16
105.0 2.6408183349952607e-16
