isScalarized | massIncreased | isMonotoneInside | isMonotoneOutside | mass_Baryon | mass_ADM | AST(radius) | radius  |  phi_c | rho_c | ctr |
1 1 1 1 3.1403920599275520e-02 2.3385804826133436e-02 1.0000000284283521e+00 7.9143427532098756e-02 1.5662402339555830e-02 2.1460058065248631e+01 17
1 1 1 1 3.1426952303386893e-02 2.3392069779787528e-02 1.0000000310277370e+00 7.9089145345862755e-02 1.6082491062798260e-02 2.1507804713239878e+01 19
1 1 1 1 3.1449603910085736e-02 2.3398117418911790e-02 1.0000000337964450e+00 7.9034900390207150e-02 1.6502407201021165e-02 2.1555506433626451e+01 19
1 1 1 1 3.1471878692754293e-02 2.3403950103935527e-02 1.0000000367422361e+00 7.8980692639596589e-02 1.6922353193148703e-02 2.1603162356842237e+01 18
1 1 1 1 3.1493779862626178e-02 2.3409570150889042e-02 1.0000000398731126e+00 7.8926522068513194e-02 1.7342511768155187e-02 2.1650771741177088e+01 18
1 1 1 1 3.1515310571770448e-02 2.3414979833192729e-02 1.0000000431973219e+00 7.8872388651456599e-02 1.7763048243884041e-02 2.1698333961109224e+01 18
1 1 1 1 3.1536431065831226e-02 2.3420181383340764e-02 1.0000000467233621e+00 7.8818292362943937e-02 1.8184112491684602e-02 2.1745848496950959e+01 18
1 1 1 1 3.1557168034668209e-02 2.3425176994469773e-02 1.0000000504599857e+00 7.8764233177509815e-02 1.8605840624972888e-02 2.1793314925615380e+01 18
1 1 1 1 3.1577543619640144e-02 2.3429968821842770e-02 1.0000000544162047e+00 7.8710211069706312e-02 1.9028356458345681e-02 2.1840732912353271e+01 18
1 1 1 1 3.1597560773868889e-02 2.3434558984232773e-02 1.0000000586012945e+00 7.8656226014102951e-02 1.9451772774899991e-02 2.1888102203338224e+01 18
1 1 1 1 3.1617222403350874e-02 2.3438949565225829e-02 1.0000000630247996e+00 7.8602277985286698e-02 1.9876192432230697e-02 2.1935422618986404e+01 18
1 1 1 1 3.1636531368945377e-02 2.3443142614449332e-02 1.0000000676965370e+00 7.8548366957861951e-02 2.0301709332044584e-02 2.1982694047919736e+01 18
1 1 1 1 3.1655490488236217e-02 2.3447140148726925e-02 1.0000000726266018e+00 7.8494492906450525e-02 2.0728409273862991e-02 2.2029916441494024e+01 18
1 1 1 1 3.1674102537268399e-02 2.3450944153158688e-02 1.0000000778253710e+00 7.8440655805691636e-02 2.1156370709770913e-02 2.2077089808829747e+01 18
1 1 1 1 3.1692370252172627e-02 2.3454556582144123e-02 1.0000000833035085e+00 7.8386855630241919e-02 2.1585665414140479e-02 2.2124214212275394e+01 18
1 1 1 1 3.1710296330691057e-02 2.3457979360347818e-02 1.0000000890719705e+00 7.8333092354775355e-02 2.2016359080206396e-02 2.2171289763272153e+01 18
1 1 1 1 3.1727885189159942e-02 2.3461190944981884e-02 1.0000000951441925e+00 7.8279365953983326e-02 2.2448550690490360e-02 2.2218320832530530e+01 18
1 1 1 1 3.1745138436498795e-02 2.3464205748638067e-02 1.0000001015309030e+00 7.8225676402574565e-02 2.2882274952720019e-02 2.2265305360767524e+01 18
1 1 1 1 3.1762057833563416e-02 2.3467036507954103e-02 1.0000001082430368e+00 7.8172023675275135e-02 2.3317564344334338e-02 2.2312241625804003e+01 18
1 1 1 1 3.1778645938179376e-02 2.3469685043195465e-02 1.0000001152927949e+00 7.8118407746828447e-02 2.3754465055560146e-02 2.2359129899495599e+01 18
1 1 1 1 3.1794905276053116e-02 2.3472153148834426e-02 1.0000001226926944e+00 7.8064828591995233e-02 2.4193019372497647e-02 2.2405970486687707e+01 18
1 1 1 1 3.1810838341788356e-02 2.3474442594233171e-02 1.0000001304555746e+00 7.8011286185553530e-02 2.4633265994899001e-02 2.2452763722697402e+01 18
1 1 1 1 3.1826447599834697e-02 2.3476555124284700e-02 1.0000001385946009e+00 7.7957780502298693e-02 2.5075240324853081e-02 2.2499509970984899e+01 18
1 1 1 1 3.1841735485383292e-02 2.3478492460030198e-02 1.0000001471232709e+00 7.7904311517043343e-02 2.5518974729615226e-02 2.2546209620999836e+01 18
1 1 1 1 3.1856704405187619e-02 2.3480256299221545e-02 1.0000001560554181e+00 7.7850879204617390e-02 2.5964498781277233e-02 2.2592863086178362e+01 18
1 1 1 1 3.1871356738354971e-02 2.3481848316881018e-02 1.0000001654052175e+00 7.7797483539867998e-02 2.6411839475830392e-02 2.2639470802091385e+01 18
1 1 1 1 3.1885694837068483e-02 2.3483270165815424e-02 1.0000001751871910e+00 7.7744124497659578e-02 2.6861021433579331e-02 2.2686033224715846e+01 18
1 1 1 1 3.1899697488110501e-02 2.3484523477105793e-02 1.0000001854162115e+00 7.7690802052873806e-02 2.7312067082916534e-02 2.2732550828835706e+01 18
1 1 1 1 3.1913363893909287e-02 2.3485609860586003e-02 1.0000001961075085e+00 7.7637516180409552e-02 2.7764996828975104e-02 2.2779024106551162e+01 18
1 1 1 1 3.1926723037964178e-02 2.3486530905276987e-02 1.0000002072766729e+00 7.7584266855182937e-02 2.8219829208635631e-02 2.2825453565892587e+01 18
1 1 1 1 3.1939777179203876e-02 2.3487288179820619e-02 1.0000002189396631e+00 7.7531054052127263e-02 2.8676581033146607e-02 2.2871839729530009e+01 18
1 1 1 1 3.1952528552515583e-02 2.3487883232879623e-02 1.0000002311128082e+00 7.7477877746193025e-02 2.9135267519502031e-02 2.2918183133573187e+01 18
1 1 1 1 3.1964979369256095e-02 2.3488317593534411e-02 1.0000002438128153e+00 7.7424737912347899e-02 2.9595902411597968e-02 2.2964484326457569e+01 18
1 1 1 1 3.1977131817715714e-02 2.3488592771643103e-02 1.0000002570567728e+00 7.7371634525576743e-02 3.0058498091953326e-02 2.3010743867899148e+01 18
1 1 1 1 3.1988988063570541e-02 2.3488710258202372e-02 1.0000002708621571e+00 7.7318567560881554e-02 3.0523065684973233e-02 2.3056962327930439e+01 18
1 0 1 1 3.2000550250306924e-02 2.3488671525689470e-02 1.0000002852468368e+00 7.7265536993281494e-02 3.0989615152338879e-02 2.3103140285998805e+01 18
1 0 1 1 3.2011820499617885e-02 2.3488478028385155e-02 1.0000003002290787e+00 7.7212542797812853e-02 3.1458155381226358e-02 2.3149278330127807e+01 18
1 0 1 1 3.2022800911788489e-02 2.3488131202693510e-02 1.0000003158275528e+00 7.7159584949529028e-02 3.1928694265969393e-02 2.3195377056139964e+01 17
1 0 1 1 3.2033493566050786e-02 2.3487632467439765e-02 1.0000003320613373e+00 7.7106663423500546e-02 3.2401238783625080e-02 2.3241437066929858e+01 17
1 0 1 1 3.2043900520926996e-02 2.3486983224165515e-02 1.0000003489499245e+00 7.7053778194815015e-02 3.2875795063964965e-02 2.3287458971787711e+01 17
1 0 1 1 3.2054024781607154e-02 2.3486163137170585e-02 1.0000003665206132e+00 7.7000929238577140e-02 3.3352406847233743e-02 2.3333447075534906e+01 17
1 0 1 1 3.2063867580994797e-02 2.3485190022550683e-02 1.0000003847889516e+00 7.6948116529908711e-02 3.3831050123107560e-02 2.3379399204360872e+01 17
1 0 1 1 3.2073430674335039e-02 2.3484070575118157e-02 1.0000004037740220e+00 7.6895340043948560e-02 3.4311719453361526e-02 2.3425315075596696e+01 17
1 0 1 1 3.2082716040949567e-02 2.3482806133795452e-02 1.0000004234970754e+00 7.6842599755852573e-02 3.4794418175201229e-02 2.3471195317801826e+01 17
1 0 1 1 3.2091725640968120e-02 2.3481398021473133e-02 1.0000004439798047e+00 7.6789895640793693e-02 3.5279149059046000e-02 2.3517040563238627e+01 17
1 0 1 1 3.2100461415579998e-02 2.3479847545243560e-02 1.0000004652443519e+00 7.6737227673961877e-02 3.5765914353072456e-02 2.3562851447433179e+01 17
1 0 1 1 3.2108925287300298e-02 2.3478155996645350e-02 1.0000004873133121e+00 7.6684595830564098e-02 3.6254715824768843e-02 2.3608628608786447e+01 17
1 0 1 1 3.2117119160201012e-02 2.3476324651881778e-02 1.0000005102097405e+00 7.6632000085824339e-02 3.6745554799323059e-02 2.3654372688194204e+01 17
1 0 1 1 3.2125044920158302e-02 2.3474354772052924e-02 1.0000005339571572e+00 7.6579440414983588e-02 3.7238432195497273e-02 2.3700084328714787e+01 17
1 0 1 1 3.2132704435074919e-02 2.3472247603365869e-02 1.0000005585795526e+00 7.6526916793299787e-02 3.7733348558824230e-02 2.3745764175248578e+01 17
1 0 1 1 3.2140099555102934e-02 2.3470004377351233e-02 1.0000005841013948e+00 7.6474429196047869e-02 3.8230304092539955e-02 2.3791412874248351e+01 17
1 0 1 1 3.2147232112859025e-02 2.3467626311067351e-02 1.0000006105476329e+00 7.6421977598519722e-02 3.8729298686313723e-02 2.3837031073449527e+01 17
1 0 1 1 3.2154103923635151e-02 2.3465114607302773e-02 1.0000006379437045e+00 7.6369561976024167e-02 3.9230331943041589e-02 2.3882619421627886e+01 17
1 0 1 1 3.2160716785600375e-02 2.3462470454778481e-02 1.0000006663155416e+00 7.6317182303886982e-02 3.9733403203637635e-02 2.3928178568364107e+01 17
1 0 1 1 3.2167065443373465e-02 2.3459695028333137e-02 1.0000006956895748e+00 7.6264838557450851e-02 4.0238511570254265e-02 2.3973709163841569e+01 17
1 0 1 1 3.2173127842157603e-02 2.3456789489122724e-02 1.0000007260927413e+00 7.6212530712075371e-02 4.0745655927789448e-02 2.4019211858650650e+01 17
1 0 1 1 3.2178936743438830e-02 2.3453754984796189e-02 1.0000007575524885e+00 7.6160258743137046e-02 4.1254834963988053e-02 2.4064687303617035e+01 17
1 0 1 1 3.2184493883542768e-02 2.3450592649686231e-02 1.0000007900967824e+00 7.6108022626029267e-02 4.1766047188044400e-02 2.4110136149633600e+01 17
1 0 1 1 3.2189800982523255e-02 2.3447303604982424e-02 1.0000008237541114e+00 7.6055822336162301e-02 4.2279290948098354e-02 2.4155559047522690e+01 17
1 0 1 1 3.2194859744336980e-02 2.3443888958908025e-02 1.0000008585534934e+00 7.6003657848963291e-02 4.2794564447369038e-02 2.4200956647895300e+01 17
1 0 1 1 3.2199671857024423e-02 2.3440349806893870e-02 1.0000008945244818e+00 7.5951529139876212e-02 4.3311865759312292e-02 2.4246329601034301e+01 17
1 0 1 1 3.2204238992876194e-02 2.3436687231744413e-02 1.0000009316971712e+00 7.5899436184361888e-02 4.3831192841649373e-02 2.4291678556779527e+01 17
1 0 1 1 3.2208562808605193e-02 2.3432902303804064e-02 1.0000009701022037e+00 7.5847378957897990e-02 4.4352543549536542e-02 2.4337004164432116e+01 17
1 0 1 1 3.2212644945515533e-02 2.3428996081124309e-02 1.0000010097707748e+00 7.5795357435978997e-02 4.4875915647787312e-02 2.4382307072662957e+01 17
1 0 1 1 3.2216487029659166e-02 2.3424969609616951e-02 1.0000010507346395e+00 7.5743371594116191e-02 4.5401306822287546e-02 2.4427587929431919e+01 17
1 0 1 1 3.2220090672003265e-02 2.3420823923219331e-02 1.0000010930261192e+00 7.5691421407837647e-02 4.5928714690647514e-02 2.4472847381915731e+01 17
1 0 1 1 3.2223457468583641e-02 2.3416560044040587e-02 1.0000011366781068e+00 7.5639506852688235e-02 4.6458136812147527e-02 2.4518086076444689e+01 17
1 0 1 1 3.2226589000665017e-02 2.3412178982523287e-02 1.0000011817240739e+00 7.5587627904229598e-02 4.6989570697013469e-02 2.4563304658445379e+01 17
1 0 1 1 3.2229486834892698e-02 2.3407681737588486e-02 1.0000012281980766e+00 7.5535784538040135e-02 4.7523013815069633e-02 2.4608503772390499e+01 17
1 0 1 1 3.2232152523441991e-02 2.3403069296781247e-02 1.0000012761347616e+00 7.5483976729715005e-02 4.8058463603837559e-02 2.4653684061756401e+01 16
1 0 1 1 3.2234587604169765e-02 2.3398342636420461e-02 1.0000013255693734e+00 7.5432204454866092e-02 4.8595917476068763e-02 2.4698846168983895e+01 16
1 0 1 1 3.2236793600763827e-02 2.3393502721740116e-02 1.0000013765377591e+00 7.5380467689122016e-02 4.9135372826839364e-02 2.4743990735449824e+01 16
1 0 1 1 3.2238772278443989e-02 2.3388531625555854e-02 1.0000014291009116e+00 7.5328766408128106e-02 4.9676863898739876e-02 2.4789121456216851e+01 16
1 0 1 1 3.2240524848787241e-02 2.3383448856530393e-02 1.0000014832736512e+00 7.5277100587546400e-02 5.0220352165723126e-02 2.4834235969307144e+01 16
1 0 1 1 3.2242052788157019e-02 2.3378255777440089e-02 1.0000015390932071e+00 7.5225470203055630e-02 5.0765834169099897e-02 2.4879334843299837e+01 16
1 0 1 1 3.2243357565481169e-02 2.3372953312468119e-02 1.0000015965979749e+00 7.5173875230351198e-02 5.1313307288132978e-02 2.4924418714853381e+01 16
1 0 1 1 3.2244440636230373e-02 2.3367542375352445e-02 1.0000016558269880e+00 7.5122315645145196e-02 5.1862768913391644e-02 2.4969488219481573e+01 16
1 0 1 1 3.2245303442543713e-02 2.3362023869506077e-02 1.0000017168199233e+00 7.5070791423166361e-02 5.2414216451421899e-02 2.5014543991544578e+01 16
1 0 1 1 3.2245947413372104e-02 2.3356398688158302e-02 1.0000017796171086e+00 7.5019302540160079e-02 5.2967647329178386e-02 2.5059586664248290e+01 16
1 0 1 1 3.2246373964604585e-02 2.3350667714471210e-02 1.0000018442595289e+00 7.4967848971888365e-02 5.3523058998183604e-02 2.5104616869648353e+01 16
1 0 1 1 3.2246584499204964e-02 2.3344831821674128e-02 1.0000019107888329e+00 7.4916430694129871e-02 5.4080448938350074e-02 2.5149635238650607e+01 16
1 0 1 1 3.2246580407334934e-02 2.3338891873177212e-02 1.0000019792473405e+00 7.4865047682679847e-02 5.4639814661650306e-02 2.5194642401022573e+01 16
1 0 1 1 3.2246363066486684e-02 2.3332848722702519e-02 1.0000020496780482e+00 7.4813699913350157e-02 5.5201153715467244e-02 2.5239638985399598e+01 16
1 0 1 1 3.2245933841605762e-02 2.3326703214395693e-02 1.0000021221246369e+00 7.4762387361969260e-02 5.5764463685802096e-02 2.5284625619300023e+01 16
1 0 1 1 3.2245294085215204e-02 2.3320456182945055e-02 1.0000021966314789e+00 7.4711110004382172e-02 5.6329742200231875e-02 2.5329602929138108e+01 16
1 0 1 1 3.2244445137544507e-02 2.3314108453704321e-02 1.0000022732436440e+00 7.4659867816450495e-02 5.6896986930733175e-02 2.5374571540243348e+01 16
1 0 1 1 3.2243388326642405e-02 2.3307660842797586e-02 1.0000023520069061e+00 7.4608660774052385e-02 5.7466195596256847e-02 2.5419532076876166e+01 16
1 0 1 1 3.2242124968503413e-02 2.3301114157236361e-02 1.0000024329677517e+00 7.4557488853082526e-02 5.8037365965237862e-02 2.5464485162253148e+01 16
1 0 1 1 3.2240656367184178e-02 2.3294469195033252e-02 1.0000025161733852e+00 7.4506352029452161e-02 5.8610495857812389e-02 2.5509431418562560e+01 16
1 0 1 1 3.2238983814920498e-02 2.3287726745304778e-02 1.0000026016717369e+00 7.4455250279089030e-02 5.9185583148090727e-02 2.5554371466997949e+01 16
1 0 1 1 3.2237108592245656e-02 2.3280887588386034e-02 1.0000026895114693e+00 7.4404183577937391e-02 5.9762625766103458e-02 2.5599305927777134e+01 16
1 0 1 1 3.2235031968097981e-02 2.3273952495929173e-02 1.0000027797419848e+00 7.4353151901958014e-02 6.0341621699702912e-02 2.5644235420169530e+01 16
1 0 1 1 3.2232755199943869e-02 2.3266922231014859e-02 1.0000028724134327e+00 7.4302155227128144e-02 6.0922568996431122e-02 2.5689160562531072e+01 16
1 0 1 1 3.2230259211356395e-02 2.3259797548252012e-02 1.0000029675767155e+00 7.4251193529441498e-02 6.1505465765090687e-02 2.5734081972325399e+01 16
1 0 1 1 3.2227561377186797e-02 2.3252579193879928e-02 1.0000030652834972e+00 7.4200266784908278e-02 6.2090310177438449e-02 2.5779000266164296e+01 16
1 0 1 1 3.2224667306887493e-02 2.3245267905868398e-02 1.0000031655862103e+00 7.4149374969555121e-02 6.2677100469576585e-02 2.5823916059832555e+01 16
1 0 1 1 3.2221578214977509e-02 2.3237864414012776e-02 1.0000032685380622e+00 7.4098518059425106e-02 6.3265834943387583e-02 2.5868829968324402e+01 16
1 0 1 1 3.2218295304993518e-02 2.3230369440039353e-02 1.0000033741930432e+00 7.4047696030577759e-02 6.3856511967868415e-02 2.5913742605879417e+01 16
1 0 1 1 3.2214819769585359e-02 2.3222783697691887e-02 1.0000034826059339e+00 7.3996908859089022e-02 6.4449129980343342e-02 2.5958654586016078e+01 16
1 0 1 1 3.2211152790626842e-02 2.3215107892831734e-02 1.0000035938323122e+00 7.3946156521051243e-02 6.5043687487639640e-02 2.6003566521568743e+01 16
1 0 1 1 3.2207295539313910e-02 2.3207342723526071e-02 1.0000037079285604e+00 7.3895438992573156e-02 6.5640183067175201e-02 2.6048479024723953e+01 16
1 0 1 1 3.2203249176272396e-02 2.3199488880145041e-02 1.0000038249518739e+00 7.3844756249779903e-02 6.6238615368008097e-02 2.6093392707059330e+01 16
1 0 1 1 3.2199014851656695e-02 2.3191547045448711e-02 1.0000039449602667e+00 7.3794108268812969e-02 6.6838983111844233e-02 2.6138308179584556e+01 16
1 0 1 1 3.2194593705244766e-02 2.3183517894672413e-02 1.0000040680125812e+00 7.3743495025830247e-02 6.7441285093910938e-02 2.6183226052777059e+01 16
1 0 1 1 3.2189986866543889e-02 2.3175402095622341e-02 1.0000041941684934e+00 7.3692916497005947e-02 6.8045520183881492e-02 2.6228146936625706e+01 16
1 0 1 1 3.2185195454879939e-02 2.3167200308752862e-02 1.0000043234885223e+00 7.3642372658530630e-02 6.8651687326645186e-02 2.6273071440667692e+01 16
1 0 1 1 3.2180220579500068e-02 2.3158913187259361e-02 1.0000044560340369e+00 7.3591863486611203e-02 6.9259785543169319e-02 2.6318000174035546e+01 16
1 0 1 1 3.2175063339663766e-02 2.3150541377156261e-02 1.0000045918672631e+00 7.3541388957470866e-02 6.9869813931197039e-02 2.6362933745496115e+01 16
1 0 1 1 3.2169724824734729e-02 2.3142085517361483e-02 1.0000047310512927e+00 7.3490949047349138e-02 7.0481771665952306e-02 2.6407872763492861e+01 16
1 0 1 1 3.2164206114278789e-02 2.3133546239779642e-02 1.0000048736500906e+00 7.3440543732501848e-02 7.1095658000847786e-02 2.6452817836192068e+01 16
1 0 1 1 3.2158508278147271e-02 2.3124924169376358e-02 1.0000050197285020e+00 7.3390172989201086e-02 7.1711472268097223e-02 2.6497769571524600e+01 16
1 0 1 1 3.2152632376573648e-02 2.3116219924264658e-02 1.0000051693522607e+00 7.3339836793735236e-02 7.2329213879322979e-02 2.6542728577229873e+01 16
1 0 1 1 3.2146579460257549e-02 2.3107434115774667e-02 1.0000053225879975e+00 7.3289535122408947e-02 7.2948882326184017e-02 2.6587695460904449e+01 16
1 0 1 1 3.2140350570457332e-02 2.3098567348538386e-02 1.0000054795032469e+00 7.3239267951543091e-02 7.3570477180898347e-02 2.6632670830044390e+01 16
1 0 1 1 3.2133946739070461e-02 2.3089620220557390e-02 1.0000056401664559e+00 7.3189035257474819e-02 7.4193998096768340e-02 2.6677655292090748e+01 16
1 0 1 1 3.2127368988722239e-02 2.3080593323280024e-02 1.0000058046469917e+00 7.3138837016557490e-02 7.4819444808742988e-02 2.6722649454479416e+01 16
1 0 1 1 3.2120618332853221e-02 2.3071487241678460e-02 1.0000059730151500e+00 7.3088673205160673e-02 7.5446817133890190e-02 2.6767653924686130e+01 16
1 0 1 1 3.2113695775794475e-02 2.3062302554312655e-02 1.0000061453421625e+00 7.3038543799670161e-02 7.6076114971847089e-02 2.6812669310272085e+01 16
1 0 1 1 3.2106602312857994e-02 2.3053039833409797e-02 1.0000063217002046e+00 7.2988448776487941e-02 7.6707338305340017e-02 2.6857696218935629e+01 16
1 0 1 1 3.2099338930414216e-02 2.3043699644929142e-02 1.0000065021624056e+00 7.2938388112032182e-02 7.7340487200615024e-02 2.6902735258559488e+01 16
1 0 1 1 3.2091906605966170e-02 2.3034282548627490e-02 1.0000066868028541e+00 7.2888361782737235e-02 7.7975561807804086e-02 2.6947787037254471e+01 16
1 0 1 1 3.2084306086988347e-02 2.3024778788301378e-02 1.0000068757619904e+00 7.2838369765053604e-02 7.8612585613993868e-02 2.6992853788110359e+01 16
1 0 1 1 3.2076538538249190e-02 2.3015199084389541e-02 1.0000070690551155e+00 7.2788412035447947e-02 7.9251536171254341e-02 2.7037934519495376e+01 16
1 0 1 1 3.2068604916875125e-02 2.3005544238796603e-02 1.0000072667577131e+00 7.2738488570403062e-02 7.9892413296145950e-02 2.7083029799509482e+01 16
1 0 1 1 3.2060506166037235e-02 2.2995814787564357e-02 1.0000074689478635e+00 7.2688599346417873e-02 8.0535217474921358e-02 2.7128140237615881e+01 16
1 0 1 1 3.2052243220419399e-02 2.2986011260837543e-02 1.0000076757046492e+00 7.2638744340007430e-02 8.1179949279773331e-02 2.7173266443756617e+01 16
1 0 1 1 3.2043817006307679e-02 2.2976134182940269e-02 1.0000078871081628e+00 7.2588923527702895e-02 8.1826609369367226e-02 2.7218409028413980e+01 16
1 0 1 1 3.2035228441647787e-02 2.2966184072423280e-02 1.0000081032395156e+00 7.2539136886051528e-02 8.2475198489114471e-02 2.7263568602655006e+01 15
1 0 1 1 3.2026478436128276e-02 2.2956161442139366e-02 1.0000083241808466e+00 7.2489384391616646e-02 8.3125717471592211e-02 2.7308745778185791e+01 15
1 0 1 1 3.2017567891244499e-02 2.2946066799292560e-02 1.0000085500153302e+00 7.2439666020977678e-02 8.3778167236926132e-02 2.7353941167405218e+01 15
1 0 1 1 3.2008497700372535e-02 2.2935900645505724e-02 1.0000087808271851e+00 7.2389981750730095e-02 8.4432548793135900e-02 2.7399155383455287e+01 15
1 0 1 1 3.1999268748834069e-02 2.2925663476870767e-02 1.0000090167016833e+00 7.2340331557485427e-02 8.5088863236550238e-02 2.7444389040277994e+01 15
1 0 1 1 3.1989881913969030e-02 2.2915355784016680e-02 1.0000092577251571e+00 7.2290715417871243e-02 8.5747111752125987e-02 2.7489642752664565e+01 15
1 0 1 1 3.1980338065198025e-02 2.2904978052155658e-02 1.0000095039850101e+00 7.2241133308531144e-02 8.6407295613881552e-02 2.7534917136314586e+01 15
1 0 1 1 3.1970638064091332e-02 2.2894530761146979e-02 1.0000097555697232e+00 7.2191585206124745e-02 8.7069416185198520e-02 2.7580212807884934e+01 15
1 0 1 1 3.1960782764430824e-02 2.2884014385545135e-02 1.0000100125688658e+00 7.2142071087327675e-02 8.7733474919262949e-02 2.7625530385049700e+01 15
1 0 1 1 3.1950773012279061e-02 2.2873429394661526e-02 1.0000102750731024e+00 7.2092590928831565e-02 8.8399473359430006e-02 2.7670870486554218e+01 15
1 0 1 1 3.1940609646036899e-02 2.2862776252610028e-02 1.0000105431742030e+00 7.2043144707344020e-02 8.9067413139589033e-02 2.7716233732270116e+01 15
1 0 1 1 3.1930293496510234e-02 2.2852055418366074e-02 1.0000108169650510e+00 7.1993732399588645e-02 8.9737295984554849e-02 2.7761620743251566e+01 15
1 0 1 1 3.1919825386967200e-02 2.2841267345811777e-02 1.0000110965396520e+00 7.1944353982304976e-02 9.0409123710468345e-02 2.7807032141793094e+01 15
1 0 1 1 3.1909206133203930e-02 2.2830412483794513e-02 1.0000113819931431e+00 7.1895009432248524e-02 9.1082898225205405e-02 2.7852468551487235e+01 15
1 0 1 1 3.1898436543600354e-02 2.2819491276169310e-02 1.0000116734218016e+00 7.1845698726190746e-02 9.1758621528778034e-02 2.7897930597282684e+01 15
1 0 1 1 3.1887517419177620e-02 2.2808504161851432e-02 1.0000119709230539e+00 7.1796421840919014e-02 9.2436295713691372e-02 2.7943418905538490e+01 15
1 0 1 1 3.1876449553659307e-02 2.2797451574864746e-02 1.0000122745954845e+00 7.1747178753236635e-02 9.3115922965441078e-02 2.7988934104088603e+01 15
1 0 1 1 3.1865233733529764e-02 2.2786333944391429e-02 1.0000125845388446e+00 7.1697969439962816e-02 9.3797505562909944e-02 2.8034476822299087e+01 15
1 0 1 1 3.1853870738085988e-02 2.2775151694815851e-02 1.0000129008540619e+00 7.1648793877932659e-02 9.4481045878773900e-02 2.8080047691126151e+01 15
1 0 1 1 3.1842361339493280e-02 2.2763905245769000e-02 1.0000132236432495e+00 7.1599652043997181e-02 9.5166546379982384e-02 2.8125647343179377e+01 15
1 0 1 1 3.1830706302841551e-02 2.2752595012178259e-02 1.0000135530097141e+00 7.1550543915023246e-02 9.5854009628151562e-02 2.8171276412778422e+01 15
1 0 1 1 3.1818906386201579e-02 2.2741221404311923e-02 1.0000138890579660e+00 7.1501469467893597e-02 9.6543438280129470e-02 2.8216935536021690e+01 15
1 0 1 1 3.1806962340669799e-02 2.2729784827817331e-02 1.0000142318937280e+00 7.1452428679506838e-02 9.7234835088349181e-02 2.8262625350840683e+01 15
1 0 1 1 3.1794874910429038e-02 2.2718285683771933e-02 1.0000145816239443e+00 7.1403421526777408e-02 9.7928202901392120e-02 2.8308346497067802e+01 15
1 0 1 1 3.1782644832795491e-02 2.2706724368721398e-02 1.0000149383567907e+00 7.1354447986635580e-02 9.8623544664456358e-02 2.8354099616498281e+01 15
1 0 1 1 3.1770272838266264e-02 2.2695101274719073e-02 1.0000153022016820e+00 7.1305508036027462e-02 9.9320863419836439e-02 2.8399885352952513e+01 15
1 0 1 1 3.1757759650575174e-02 2.2683416789374064e-02 1.0000156732692831e+00 7.1256601651914955e-02 1.0002016230746529e-01 2.8445704352341984e+01 15
1 0 1 1 3.1745105986734565e-02 2.2671671295882719e-02 1.0000160516715169e+00 7.1207728811275781e-02 1.0072144456543403e-01 2.8491557262734414e+01 15
1 0 1 1 3.1732312557091261e-02 2.2659865173077807e-02 1.0000164375215745e+00 7.1158889491103439e-02 1.0142471353056903e-01 2.8537444734421513e+01 15
1 0 1 1 3.1719380065366225e-02 2.2647998795461637e-02 1.0000168309339239e+00 7.1110083668407209e-02 1.0212997263888907e-01 2.8583367419979158e+01 15
1 0 1 1 3.1706309208703889e-02 2.2636072533243092e-02 1.0000172320243201e+00 7.1061311320212137e-02 1.0283722542629171e-01 2.8629325974342951e+01 15
1 0 1 1 3.1693100677718425e-02 2.2624086752380996e-02 1.0000176409098132e+00 7.1012572423559045e-02 1.0354647552903430e-01 2.8675321054868789e+01 15
1 0 1 1 3.1679755156536066e-02 2.2612041814615270e-02 1.0000180577087585e+00 7.0963866955504482e-02 1.0425772668438757e-01 2.8721353321405928e+01 15
1 0 1 1 3.1666273322844239e-02 2.2599938077510394e-02 1.0000184825408265e+00 7.0915194893120731e-02 1.0497098273124392e-01 2.8767423436365700e+01 15
1 0 1 1 3.1652655847928896e-02 2.2587775894483880e-02 1.0000189155270112e+00 7.0866556213495815e-02 1.0568624761073134e-01 2.8813532064791321e+01 15
1 0 1 1 3.1638903396718147e-02 2.2575555614844655e-02 1.0000193567896398e+00 7.0817950893733467e-02 1.0640352536680604e-01 2.8859679874425424e+01 15
1 0 1 1 3.1625016627826803e-02 2.2563277583827868e-02 1.0000198064523824e+00 7.0769378910953126e-02 1.0712282014699835e-01 2.8905867535787689e+01 15
1 0 1 1 3.1610996193594858e-02 2.2550942142628826e-02 1.0000202646402616e+00 7.0720840242289917e-02 1.0784413620302155e-01 2.8952095722243008e+01 15
1 0 1 1 3.1596842740129694e-02 2.2538549628435902e-02 1.0000207314796608e+00 7.0672334864894659e-02 1.0856747789151368e-01 2.8998365110078446e+01 15
1 0 1 1 3.1582554260718383e-02 2.2526100374462326e-02 1.0000212070983348e+00 7.0623862755933825e-02 1.0929284967467513e-01 2.9044676378572792e+01 15
1 0 1 1 3.1568129039490883e-02 2.2513594709978341e-02 1.0000216916254188e+00 7.0575423892589570e-02 1.1002025612103287e-01 2.9091030210074393e+01 15
1 0 1 1 3.1553572878204011e-02 2.2501032960344936e-02 1.0000221851914382e+00 7.0527018252059676e-02 1.1074970190618902e-01 2.9137427290077309e+01 15
1 0 1 1 3.1538886398008455e-02 2.2488415447042991e-02 1.0000226879283172e+00 7.0478645811557578e-02 1.1148119181360580e-01 2.9183868307300077e+01 15
1 0 1 1 3.1524070213990348e-02 2.2475742487703454e-02 1.0000231999693887e+00 7.0430306548312338e-02 1.1221473073530505e-01 2.9230353953758144e+01 15
1 0 1 1 3.1509124935209520e-02 2.2463014396135860e-02 1.0000237214494039e+00 7.0382000439568645e-02 1.1295032367273750e-01 2.9276884924847611e+01 15
1 0 1 1 3.1494051164736525e-02 2.2450231482362040e-02 1.0000242525045415e+00 7.0333727462586773e-02 1.1368797573759526e-01 2.9323461919424197e+01 15
1 0 1 1 3.1478849499680980e-02 2.2437394052636919e-02 1.0000247932724171e+00 7.0285487594642607e-02 1.1442769215258433e-01 2.9370085639880443e+01 15
1 0 1 1 3.1463520531232275e-02 2.2424502409483221e-02 1.0000253438920923e+00 7.0237280813027630e-02 1.1516947825236219e-01 2.9416756792232277e+01 15
1 0 1 1 3.1448064844692106e-02 2.2411556851718958e-02 1.0000259045040847e+00 7.0189107095048872e-02 1.1591333948442652e-01 2.9463476086202476e+01 15
1 0 1 1 3.1432483019501523e-02 2.2398557674479333e-02 1.0000264752503765e+00 7.0140966418028944e-02 1.1665928140993717e-01 2.9510244235299968e+01 15
1 0 1 1 3.1416775629274432e-02 2.2385505169243574e-02 1.0000270562744245e+00 7.0092858759306015e-02 1.1740730970468194e-01 2.9557061956907813e+01 15
1 0 1 1 3.1400943241834650e-02 2.2372399623868309e-02 1.0000276477211689e+00 7.0044784096233784e-02 1.1815743016005478e-01 2.9603929972371038e+01 15
1 0 1 1 3.1384986419236968e-02 2.2359241322602832e-02 1.0000282497370425e+00 6.9996742406181492e-02 1.1890964868395143e-01 2.9650849007080247e+01 15
1 0 1 1 3.1368905717801834e-02 2.2346030546118271e-02 1.0000288624699805e+00 6.9948733666533910e-02 1.1966397130184804e-01 2.9697819790565703e+01 15
1 0 1 1 3.1352701688142956e-02 2.2332767571531117e-02 1.0000294860694288e+00 6.9900757854691298e-02 1.2042040415775464e-01 2.9744843056583345e+01 15
1 0 1 1 3.1336374875197380e-02 2.2319452672431104e-02 1.0000301206863538e+00 6.9852814948069428e-02 1.2117895351526081e-01 2.9791919543206021e+01 15
1 0 1 1 3.1319925818247066e-02 2.2306086118892964e-02 1.0000307664732513e+00 6.9804904924099562e-02 1.2193962575865240e-01 2.9839049992920490e+01 15
1 0 1 1 3.1303355050952476e-02 2.2292668177512558e-02 1.0000314235841554e+00 6.9757027760228435e-02 1.2270242739392155e-01 2.9886235152714963e+01 15
1 0 1 1 3.1286663101374068e-02 2.2279199111418211e-02 1.0000320921746479e+00 6.9709183433918270e-02 1.2346736504997174e-01 2.9933475774181154e+01 15
1 0 1 1 3.1269850491998687e-02 2.2265679180298367e-02 1.0000327724018667e+00 6.9661371922646723e-02 1.2423444547970729e-01 2.9980772613606927e+01 15
1 0 1 1 3.1252917739760626e-02 2.2252108640415835e-02 1.0000334644245144e+00 6.9613593203906907e-02 1.2500367556115294e-01 3.0028126432072010e+01 15
1 0 1 1 3.1235865356073964e-02 2.2238487744637957e-02 1.0000341684028677e+00 6.9565847255207383e-02 1.2577506229881308e-01 3.0075537995557102e+01 15
1 0 1 1 3.1218693846846026e-02 2.2224816742446703e-02 1.0000348844987865e+00 6.9518134054072131e-02 1.2654861282474916e-01 3.0123008075036463e+01 15
1 0 1 1 3.1201403712504652e-02 2.2211095879964223e-02 1.0000356128757213e+00 6.9470453578040534e-02 1.2732433439984964e-01 3.0170537446581122e+01 15
1 0 1 1 3.1183995448018510e-02 2.2197325399967056e-02 1.0000363536987225e+00 6.9422805804667392e-02 1.2810223441522262e-01 3.0218126891470657e+01 15
1 0 1 1 3.1166469542917664e-02 2.2183505541907962e-02 1.0000371071344483e+00 6.9375190711522899e-02 1.2888232039337669e-01 3.0265777196290337e+01 15
1 0 1 1 3.1148826481313546e-02 2.2169636541931485e-02 1.0000378733511739e+00 6.9327608276192637e-02 1.2966459998963473e-01 3.0313489153043506e+01 15
1 0 1 1 3.1131066741922689e-02 2.2155718632894769e-02 1.0000386525187990e+00 6.9280058476277551e-02 1.3044908099358091e-01 3.0361263559265133e+01 15
1 0 1 1 3.1113190798074359e-02 2.2141752044375688e-02 1.0000394448088561e+00 6.9232541289393962e-02 1.3123577133026573e-01 3.0409101218120945e+01 15
1 0 1 1 3.1095199117740294e-02 2.2127737002698041e-02 1.0000402503945187e+00 6.9185056693173527e-02 1.3202467906188187e-01 3.0457002938534561e+01 15
1 0 1 1 3.1077092163546639e-02 2.2113673730945364e-02 1.0000410694506088e+00 6.9137604665263253e-02 1.3281581238907750e-01 3.0504969535292219e+01 15
1 0 1 1 3.1058870392787895e-02 2.2099562448968546e-02 1.0000419021536047e+00 6.9090185183325492e-02 1.3360917965256117e-01 3.0553001829166600e+01 15
1 0 1 1 3.1040534257447475e-02 2.2085403373411416e-02 1.0000427486816490e+00 6.9042798225037894e-02 1.3440478933455341e-01 3.0601100647028531e+01 15
1 0 1 1 3.1022084204208673e-02 2.2071196717715513e-02 1.0000436092145557e+00 6.8995443768093426e-02 1.3520265006046428e-01 3.0649266821975033e+01 15
1 0 1 1 3.1003520674471634e-02 2.2056942692140032e-02 1.0000444839338174e+00 6.8948121790200351e-02 1.3600277060045468e-01 3.0697501193447959e+01 15
1 0 1 1 3.0984844104365104e-02 2.2042641503771117e-02 1.0000453730226124e+00 6.8900832269082238e-02 1.3680515987110817e-01 3.0745804607360622e+01 15
1 0 1 1 3.0966054924760292e-02 2.2028293356536315e-02 1.0000462766658123e+00 6.8853575182477936e-02 1.3760982693714846e-01 3.0794177916226300e+01 15
1 0 1 1 3.0947153561278556e-02 2.2013898451212387e-02 1.0000471950499874e+00 6.8806350508141531e-02 1.3841678101306906e-01 3.0842621979281713e+01 15
1 0 1 1 3.0928140434309640e-02 2.1999456985444199e-02 1.0000481283634148e+00 6.8759158223842390e-02 1.3922603146505541e-01 3.0891137662627454e+01 15
1 0 1 1 3.0909015959015924e-02 2.1984969153748538e-02 1.0000490767960839e+00 6.8711998307365130e-02 1.4003758781269246e-01 3.0939725839356175e+01 15
1 0 1 1 3.0889780545344577e-02 2.1970435147528333e-02 1.0000500405397026e+00 6.8664870736509592e-02 1.4085145973085966e-01 3.0988387389691244e+01 15
1 0 1 1 3.0870434598033372e-02 2.1955855155078714e-02 1.0000510197877028e+00 6.8617775489090857e-02 1.4166765705157602e-01 3.1037123201122863e+01 15
1 0 1 1 3.0850978516625594e-02 2.1941229361603195e-02 1.0000520147352476e+00 6.8570712542939213e-02 1.4248618976608315e-01 3.1085934168557628e+01 15
1 0 1 1 3.0831412695469598e-02 2.1926557949215709e-02 1.0000530255792346e+00 6.8523681875900161e-02 1.4330706802668025e-01 3.1134821194453988e+01 15
1 0 1 1 3.0811737523725655e-02 2.1911841096949124e-02 1.0000540525183026e+00 6.8476683465834381e-02 1.4413030214875275e-01 3.1183785188968809e+01 15
1 0 1 1 3.0791953385378983e-02 2.1897078980769379e-02 1.0000550957528362e+00 6.8429717290617753e-02 1.4495590261305363e-01 3.1232827070118759e+01 15
1 0 1 1 3.0772060659233481e-02 2.1882271773573370e-02 1.0000561554849698e+00 6.8382783328141336e-02 1.4578388006755330e-01 3.1281947763916438e+01 15
1 0 1 1 3.0752059718925407e-02 2.1867419645204479e-02 1.0000572319185927e+00 6.8335881556311331e-02 1.4661424532983319e-01 3.1331148204538142e+01 15
1 0 1 1 3.0731950932920721e-02 2.1852522762451983e-02 1.0000583252593527e+00 6.8289011953049109e-02 1.4744700938926064e-01 3.1380429334479540e+01 15
1 0 1 1 3.0711734664516970e-02 2.1837581289059022e-02 1.0000594357146591e+00 6.8242174496291191e-02 1.4828218340915844e-01 3.1429792104709954e+01 15
1 0 1 1 3.0691411271847276e-02 2.1822595385727048e-02 1.0000605634936877e+00 6.8195369163989203e-02 1.4911977872929699e-01 3.1479237474846713e+01 15
1 0 1 1 3.0670981107880319e-02 2.1807565210122361e-02 1.0000617088073818e+00 6.8148595934109921e-02 1.4995980686819840e-01 3.1528766413317410e+01 15
1 0 1 1 3.0650444520416310e-02 2.1792490916875070e-02 1.0000628718684563e+00 6.8101854784635221e-02 1.5080227952555461e-01 3.1578379897530013e+01 15
1 0 1 1 3.0629801852090129e-02 2.1777372657586350e-02 1.0000640528913993e+00 6.8055145693562080e-02 1.5164720858483269e-01 3.1628078914053248e+01 15
1 0 1 1 3.0609053440365835e-02 2.1762210580829069e-02 1.0000652520924735e+00 6.8008468638902572e-02 1.5249460611572252e-01 3.1677864458787880e+01 15
1 0 1 1 3.0588199617536647e-02 2.1747004832153551e-02 1.0000664696897184e+00 6.7961823598683843e-02 1.5334448437682063e-01 3.1727737537151743e+01 15
1 0 1 1 3.0567240710714483e-02 2.1731755554080433e-02 1.0000677059029504e+00 6.7915210550948124e-02 1.5419685581827208e-01 3.1777699164263634e+01 15
1 0 1 1 3.0560232716552019e-02 2.1726663977571403e-02 1.0000681220537337e+00 6.7899683525216317e-02 1.5448147071815546e-01 3.1794369080173499e+01 12
1 0 1 1 3.0553213099313387e-02 2.1721567587280544e-02 1.0000685403048555e+00 6.7884160049330344e-02 1.5476636438689356e-01 3.1811048982272649e+01 12
1 0 1 1 3.0546181870722035e-02 2.1716466388259095e-02 1.0000689606645825e+00 6.7868640122478646e-02 1.5505153729977239e-01 3.1827738908871360e+01 12
1 0 1 1 3.0539139042438435e-02 2.1711360385522217e-02 1.0000693831412046e+00 6.7853123743849816e-02 1.5533698993455172e-01 3.1844438898406899e+01 12
1 0 1 1 3.0532084626055927e-02 2.1706249584045288e-02 1.0000698077430328e+00 6.7837610912632657e-02 1.5562272277137057e-01 3.1861148989438252e+01 12
1 0 1 1 3.0525018633106572e-02 2.1701133988768273e-02 1.0000702344784000e+00 6.7822101628016149e-02 1.5590873629294583e-01 3.1877869220657903e+01 12
1 0 1 1 3.0517941075055992e-02 2.1696013604591797e-02 1.0000706633556615e+00 6.7806595889189442e-02 1.5619503098443743e-01 3.1894599630884073e+01 12
1 0 1 1 3.0510851963308414e-02 2.1690888436383012e-02 1.0000710943831941e+00 6.7791093695341892e-02 1.5648160733350500e-01 3.1911340259063575e+01 12
1 0 1 1 3.0503751309201084e-02 2.1685758488967668e-02 1.0000715275693965e+00 6.7775595045663037e-02 1.5676846583033011e-01 3.1928091144274280e+01 12
1 0 1 1 3.0496639124009170e-02 2.1680623767136677e-02 1.0000719629226900e+00 6.7760099939342580e-02 1.5705560696766507e-01 3.1944852325727272e+01 12
1 0 1 1 3.0489515418941592e-02 2.1675484275642184e-02 1.0000724004515165e+00 6.7744608375570434e-02 1.5734303124071888e-01 3.1961623842760588e+01 12
1 0 1 1 3.0482380205143825e-02 2.1670340019199590e-02 1.0000728401643411e+00 6.7729120353536690e-02 1.5763073914729761e-01 3.1978405734847541e+01 12
1 0 1 1 3.0475233493698052e-02 2.1665191002487972e-02 1.0000732820696496e+00 6.7713635872431635e-02 1.5791873118780533e-01 3.1995198041596758e+01 12
1 0 1 1 3.0468075295620938e-02 2.1660037230147512e-02 1.0000737261759509e+00 6.7698154931445709e-02 1.5820700786519681e-01 3.2012000802749860e+01 12
1 0 1 1 3.0460905621862416e-02 2.1654878706779818e-02 1.0000741724917745e+00 6.7682677529769572e-02 1.5849556968494780e-01 3.2028814058179570e+01 12
1 0 1 1 3.0453724483313311e-02 2.1649715436953945e-02 1.0000746210256726e+00 6.7667203666594039e-02 1.5878441715527236e-01 3.2045637847902306e+01 12
1 0 1 1 3.0446531890794538e-02 2.1644547425195400e-02 1.0000750717862190e+00 6.7651733341110132e-02 1.5907355078690880e-01 3.2062472212066652e+01 12
1 0 1 1 3.0439327855066766e-02 2.1639374675998586e-02 1.0000755247820092e+00 6.7636266552509053e-02 1.5936297109325556e-01 3.2079317190960090e+01 12
1 0 1 1 3.0432112386821263e-02 2.1634197193813893e-02 1.0000759800216605e+00 6.7620803299982185e-02 1.5965267859031768e-01 3.2096172825007592e+01 12
1 0 1 1 3.0424885496689310e-02 2.1629014983059962e-02 1.0000764375138123e+00 6.7605343582721106e-02 1.5994267379682495e-01 3.2113039154777155e+01 12
1 0 1 1 3.0417647195235206e-02 2.1623828048115568e-02 1.0000768972671250e+00 6.7589887399917559e-02 1.6023295723412950e-01 3.2129916220974806e+01 12
1 0 1 1 3.0410397492956699e-02 2.1618636393319849e-02 1.0000773592902819e+00 6.7574434750763482e-02 1.6052352942626924e-01 3.2146804064448560e+01 12
1 0 1 1 3.0403136400290874e-02 2.1613440022979307e-02 1.0000778235919869e+00 6.7558985634451008e-02 1.6081439090001284e-01 3.2163702726190216e+01 12
1 0 1 1 3.0395863927606789e-02 2.1608238941359676e-02 1.0000782901809666e+00 6.7543540050172435e-02 1.6110554218481657e-01 3.2180612247333940e+01 12
1 0 1 1 3.0388580085207794e-02 2.1603033152687714e-02 1.0000787590659683e+00 6.7528097997120271e-02 1.6139698381284803e-01 3.2197532669157624e+01 12
1 0 1 1 3.0381284883335715e-02 2.1597822661157728e-02 1.0000792302557620e+00 6.7512659474487188e-02 1.6168871631903445e-01 3.2214464033084930e+01 12
1 0 1 1 3.0373978332163321e-02 2.1592607470920906e-02 1.0000797037591385e+00 6.7497224481466042e-02 1.6198074024104467e-01 3.2231406380685776e+01 12
1 0 1 1 3.0366660441801797e-02 2.1587387586095224e-02 1.0000801795849108e+00 6.7481793017249880e-02 1.6227305611935913e-01 3.2248359753679352e+01 12
1 0 1 1 3.0359331222293735e-02 2.1582163010757445e-02 1.0000806577419132e+00 6.7466365081031945e-02 1.6256566449717214e-01 3.2265324193929310e+01 12
1 0 1 1 3.0351990683618695e-02 2.1576933748949499e-02 1.0000811382390018e+00 6.7450940672005646e-02 1.6285856592050676e-01 3.2282299743449975e+01 12
1 0 1 1 3.0344638835690382e-02 2.1571699804674112e-02 1.0000816210850543e+00 6.7435519789364587e-02 1.6315176093824013e-01 3.2299286444408594e+01 12
1 0 1 1 3.0337275688356511e-02 2.1566461181896972e-02 1.0000821062889693e+00 6.7420102432302551e-02 1.6344525010199759e-01 3.2316284339118681e+01 12
1 0 1 1 3.0329901251400108e-02 2.1561217884546315e-02 1.0000825938596678e+00 6.7404688600013501e-02 1.6373903396629122e-01 3.2333293470048581e+01 12
1 0 1 1 3.0322515534537204e-02 2.1555969916510688e-02 1.0000830838060917e+00 6.7389278291691598e-02 1.6403311308849303e-01 3.2350313879820199e+01 12
1 0 1 1 3.0315118547419494e-02 2.1550717281643053e-02 1.0000835761372047e+00 6.7373871506531180e-02 1.6432748802883446e-01 3.2367345611208542e+01 12
1 0 1 1 3.0307710299631602e-02 2.1545459983756451e-02 1.0000840708619916e+00 6.7358468243726766e-02 1.6462215935042881e-01 3.2384388707143792e+01 12
1 0 1 1 3.0300290800694931e-02 2.1540198026630146e-02 1.0000845679894590e+00 6.7343068502473055e-02 1.6491712761929950e-01 3.2401443210712131e+01 12
1 0 1 1 3.0292860060060982e-02 2.1534931413999620e-02 1.0000850675286341e+00 6.7327672281964943e-02 1.6521239340437358e-01 3.2418509165156991e+01 12
1 0 1 1 3.0285418087120170e-02 2.1529660149568322e-02 1.0000855694885664e+00 6.7312279581397502e-02 1.6550795727757855e-01 3.2435586613883224e+01 12
1 0 1 1 3.0277964891191070e-02 2.1524384236996066e-02 1.0000860738783262e+00 6.7296890399966003e-02 1.6580381981365552e-01 3.2452675600447634e+01 12
1 0 1 1 3.0270500481531622e-02 2.1519103679909876e-02 1.0000865807070047e+00 6.7281504736865880e-02 1.6609998159045289e-01 3.2469776168575216e+01 12
1 0 1 1 3.0263024867328972e-02 2.1513818481894594e-02 1.0000870899837149e+00 6.7266122591292749e-02 1.6639644318868405e-01 3.2486888362145962e+01 12
1 0 1 1 3.0255538057707462e-02 2.1508528646500193e-02 1.0000876017175908e+00 6.7250743962442433e-02 1.6669320519214537e-01 3.2504012225207077e+01 12
1 0 1 1 3.0248040061723477e-02 2.1503234177236558e-02 1.0000881159177875e+00 6.7235368849510924e-02 1.6699026818763454e-01 3.2521147801968908e+01 12
1 0 1 1 3.0240530888367225e-02 2.1497935077577312e-02 1.0000886325934810e+00 6.7219997251694391e-02 1.6728763276493008e-01 3.2538295136803193e+01 12
1 0 1 1 3.0233010546559847e-02 2.1492631350953466e-02 1.0000891517538688e+00 6.7204629168189201e-02 1.6758529951685971e-01 3.2555454274248305e+01 12
1 0 1 1 3.0225479045160344e-02 2.1487323000763819e-02 1.0000896734081692e+00 6.7189264598191897e-02 1.6788326903937986e-01 3.2572625259012490e+01 12
1 0 1 1 3.0217936392957216e-02 2.1482010030364596e-02 1.0000901975656211e+00 6.7173903540899221e-02 1.6818154193146187e-01 3.2589808135968745e+01 12
1 0 1 1 3.0210382598674611e-02 2.1476692443076699e-02 1.0000907242354848e+00 6.7158545995508065e-02 1.6848011879521349e-01 3.2607002950161068e+01 12
1 0 1 1 3.0202817670966203e-02 2.1471370242178198e-02 1.0000912534270414e+00 6.7143191961215543e-02 1.6877900023580350e-01 3.2624209746801185e+01 12
1 0 1 1 3.0195241618422818e-02 2.1466043430914579e-02 1.0000917851495927e+00 6.7127841437218921e-02 1.6907818686158749e-01 3.2641428571274680e+01 12
1 0 1 1 3.0187654449564765e-02 2.1460712012487813e-02 1.0000923194124614e+00 6.7112494422715677e-02 1.6937767928405562e-01 3.2658659469139550e+01 12
1 0 1 1 3.0180056172846286e-02 2.1455375990063932e-02 1.0000928562249907e+00 6.7097150916903436e-02 1.6967747811782938e-01 3.2675902486125032e+01 12
1 0 1 1 3.0172446796655143e-02 2.1450035366770776e-02 1.0000933955965450e+00 6.7081810918980050e-02 1.6997758398076609e-01 3.2693157668138262e+01 12
1 0 1 1 3.0164826329310109e-02 2.1444690145696506e-02 1.0000939375365083e+00 6.7066474428143522e-02 1.7027799749389347e-01 3.2710425061260665e+01 12
1 0 1 1 3.0157194779061692e-02 2.1439340329889256e-02 1.0000944820542865e+00 6.7051141443592047e-02 1.7057871928143689e-01 3.2727704711749823e+01 12
1 0 1 1 3.0149552154094601e-02 2.1433985922361249e-02 1.0000950291593049e+00 6.7035811964524017e-02 1.7087974997089669e-01 3.2744996666043470e+01 12
1 0 1 1 3.0141898462524526e-02 2.1428626926084757e-02 1.0000955788610100e+00 6.7020485990137976e-02 1.7118109019299516e-01 3.2762300970757153e+01 12
1 0 1 1 3.0134233712400073e-02 2.1423263343993328e-02 1.0000961311688681e+00 6.7005163519632691e-02 1.7148274058178573e-01 3.2779617672690577e+01 12
1 0 1 1 3.0126557911699742e-02 2.1417895178980663e-02 1.0000966860923661e+00 6.6989844552207078e-02 1.7178470177452315e-01 3.2796946818820174e+01 12
1 0 1 1 3.0118871068336717e-02 2.1412522433903555e-02 1.0000972436410116e+00 6.6974529087060253e-02 1.7208697441188531e-01 3.2814288456312006e+01 12
1 0 1 1 3.0111173190151993e-02 2.1407145111576497e-02 1.0000978038243313e+00 6.6959217123391521e-02 1.7238955913774279e-01 3.2831642632508910e+01 12
1 0 1 1 3.0103464284921746e-02 2.1401763214778539e-02 1.0000983666518732e+00 6.6943908660400342e-02 1.7269245659943872e-01 3.2849009394946300e+01 12
1 0 1 1 3.0095744360351683e-02 2.1396376746247787e-02 1.0000989321332050e+00 6.6928603697286398e-02 1.7299566744761768e-01 3.2866388791342850e+01 12
1 0 1 1 3.0088013424078731e-02 2.1390985708683009e-02 1.0000995002779141e+00 6.6913302233249525e-02 1.7329919233631555e-01 3.2883780869605779e+01 12
1 0 1 1 3.0080271483672798e-02 2.1385590104745521e-02 1.0001000710956078e+00 6.6898004267489750e-02 1.7360303192303733e-01 3.2901185677835258e+01 12
1 0 1 1 3.0072518546630688e-02 2.1380189937053141e-02 1.0001006445959140e+00 6.6882709799207282e-02 1.7390718686859741e-01 3.2918603264315948e+01 12
1 0 1 1 3.0064754620384517e-02 2.1374785208189313e-02 1.0001012207884796e+00 6.6867418827602526e-02 1.7421165783734716e-01 3.2936033677529252e+01 12
1 0 1 1 3.0056979712294322e-02 2.1369375920694784e-02 1.0001017996829715e+00 6.6852131351876051e-02 1.7451644549707310e-01 3.2953476966148692e+01 12
1 0 1 1 3.0049193829651218e-02 2.1363962077071051e-02 1.0001023812890764e+00 6.6836847371228622e-02 1.7482155051904280e-01 3.2970933179042142e+01 12
1 0 1 1 3.0041396979678631e-02 2.1358543679783099e-02 1.0001029656165004e+00 6.6821566884861169e-02 1.7512697357804816e-01 3.2988402365274148e+01 12
1 0 1 1 3.0033589169527038e-02 2.1353120731251202e-02 1.0001035526749691e+00 6.6806289891974832e-02 1.7543271535239116e-01 3.3005884574106425e+01 12
1 0 1 1 3.0025770406280267e-02 2.1347693233860782e-02 1.0001041424742274e+00 6.6791016391770902e-02 1.7573877652394004e-01 3.3023379854999810e+01 12
1 0 1 1 3.0017940696950053e-02 2.1342261189954290e-02 1.0001047350240397e+00 6.6775746383450879e-02 1.7604515777810970e-01 3.3040888257614469e+01 12
1 0 1 1 3.0010100048478597e-02 2.1336824601835086e-02 1.0001053303341898e+00 6.6760479866216443e-02 1.7635185980393328e-01 3.3058409831813655e+01 12
1 0 1 1 3.0002248467737420e-02 2.1331383471767291e-02 1.0001059284144800e+00 6.6745216839269428e-02 1.7665888329397866e-01 3.3075944627658842e+01 12
1 0 1 1 2.9994385961526957e-02 2.1325937801972856e-02 1.0001065292747324e+00 6.6729957301811887e-02 1.7696622894450278e-01 3.3093492695419535e+01 12
1 0 1 1 2.9986512536580121e-02 2.1320487594637633e-02 1.0001071329247877e+00 6.6714701253046044e-02 1.7727389745546931e-01 3.3111054085573478e+01 12
1 0 1 1 2.9978628199554991e-02 2.1315032851902470e-02 1.0001077393745053e+00 6.6699448692174285e-02 1.7758188953042575e-01 3.3128628848800787e+01 12
1 0 1 1 2.9970732957041231e-02 2.1309573575871793e-02 1.0001083486337639e+00 6.6684199618399206e-02 1.7789020587661694e-01 3.3146217035989544e+01 12
1 0 1 1 2.9962826815556270e-02 2.1304109768607055e-02 1.0001089607124602e+00 6.6668954030923572e-02 1.7819884720508070e-01 3.3163818698242586e+01 12
1 0 1 1 2.9954909781547204e-02 2.1298641432131241e-02 1.0001095756205105e+00 6.6653711928950338e-02 1.7850781423053402e-01 3.3181433886870174e+01 12
1 0 1 1 2.9946981861389142e-02 2.1293168568426238e-02 1.0001101933678485e+00 6.6638473311682628e-02 1.7881710767147596e-01 3.3199062653396595e+01 12
1 0 1 1 2.9939043061384587e-02 2.1287691179430981e-02 1.0001108139644268e+00 6.6623238178323760e-02 1.7912672825019646e-01 3.3216705049561142e+01 12
1 0 1 1 2.9931093387766460e-02 2.1282209267048248e-02 1.0001114374202162e+00 6.6608006528077232e-02 1.7943667669277558e-01 3.3234361127317094e+01 12
1 0 1 1 2.9923132846693373e-02 2.1276722833135104e-02 1.0001120637452061e+00 6.6592778360146709e-02 1.7974695372915891e-01 3.3252030938837784e+01 12
1 0 1 1 2.9915161444253928e-02 2.1271231879512156e-02 1.0001126929494033e+00 6.6577553673736065e-02 1.8005756009311796e-01 3.3269714536512978e+01 12
1 0 1 1 2.9907179186462473e-02 2.1265736407955583e-02 1.0001133250428329e+00 6.6562332468049337e-02 1.8036849652229800e-01 3.3287411972953059e+01 12
1 0 1 1 2.9899186079261567e-02 2.1260236420201955e-02 1.0001139600355378e+00 6.6547114742290747e-02 1.8067976375825123e-01 3.3305123300990317e+01 12
1 0 1 1 2.9891182128521005e-02 2.1254731917945930e-02 1.0001145979375787e+00 6.6531900495664709e-02 1.8099136254647935e-01 3.3322848573682030e+01 12
1 0 1 1 2.9883167340039905e-02 2.1249222902844030e-02 1.0001152387590340e+00 6.6516689727375802e-02 1.8130329363646339e-01 3.3340587844311642e+01 12
1 0 1 1 2.9875141719539203e-02 2.1243709376505382e-02 1.0001158825099992e+00 6.6501482436628803e-02 1.8161555778152921e-01 3.3358341166382559e+01 12
1 0 1 1 2.9867105272671494e-02 2.1238191340503709e-02 1.0001165292005876e+00 6.6486278622628653e-02 1.8192815573912155e-01 3.3376108593632438e+01 12
1 0 1 1 2.9859058005013595e-02 2.1232668796367163e-02 1.0001171788409295e+00 6.6471078284580501e-02 1.8224108827070556e-01 3.3393890180029196e+01 12
1 0 1 1 2.9850999922069354e-02 2.1227141745584800e-02 1.0001178314411729e+00 6.6455881421689650e-02 1.8255435614172189e-01 3.3411685979767370e+01 12
1 0 1 1 2.9842931029267845e-02 2.1221610189601847e-02 1.0001184870114819e+00 6.6440688033161596e-02 1.8286796012173562e-01 3.3429496047277887e+01 12
1 0 1 1 2.9834851331964781e-02 2.1216074129822571e-02 1.0001191455620380e+00 6.6425498118202031e-02 1.8318190098438378e-01 3.3447320437224619e+01 12
1 0 1 1 2.9826760835441758e-02 2.1210533567609151e-02 1.0001198071030395e+00 6.6410311676016798e-02 1.8349617950749247e-01 3.3465159204511551e+01 12
1 0 1 1 2.9818659544905646e-02 2.1204988504282329e-02 1.0001204716447012e+00 6.6395128705811948e-02 1.8381079647294898e-01 3.3483012404275300e+01 12
1 0 1 1 2.9810547465487395e-02 2.1199438941118580e-02 1.0001211391972542e+00 6.6379949206793701e-02 1.8412575266682715e-01 3.3500880091893137e+01 12
1 0 1 1 2.9802424602245529e-02 2.1193884879354467e-02 1.0001218097709463e+00 6.6364773178168468e-02 1.8444104887950047e-01 3.3518762322989012e+01 12
1 0 1 1 2.9794290960161923e-02 2.1188326320183415e-02 1.0001224833760416e+00 6.6349600619142829e-02 1.8475668590547456e-01 3.3536659153424388e+01 12
1 0 1 1 2.9786146544142637e-02 2.1182763264754694e-02 1.0001231600228193e+00 6.6334431528923543e-02 1.8507266454355054e-01 3.3554570639308196e+01 12
1 0 1 1 2.9777991359019717e-02 2.1177195714177893e-02 1.0001238397215755e+00 6.6319265906717564e-02 1.8538898559678929e-01 3.3572496836994027e+01 12
1 0 1 1 2.9769825409546938e-02 2.1171623669516061e-02 1.0001245224826218e+00 6.6304103751732027e-02 1.8570564987254745e-01 3.3590437803083638e+01 12
1 0 1 1 2.9761648700403813e-02 2.1166047131791512e-02 1.0001252083162853e+00 6.6288945063174246e-02 1.8602265818256883e-01 3.3608393594431462e+01 12
1 0 1 1 2.9753461236195069e-02 2.1160466101985534e-02 1.0001258972329083e+00 6.6273789840251715e-02 1.8634001134296607e-01 3.3626364268143718e+01 12
1 0 1 1 2.9745263021445621e-02 2.1154880581031710e-02 1.0001265892428493e+00 6.6258638082172097e-02 1.8665771017419863e-01 3.3644349881578350e+01 12
1 0 1 1 2.9737054060604701e-02 2.1149290569822777e-02 1.0001272843564806e+00 6.6243489788143248e-02 1.8697575550112433e-01 3.3662350492347109e+01 12
1 0 1 1 2.9728834358046439e-02 2.1143696069209503e-02 1.0001279825841907e+00 6.6228344957373217e-02 1.8729414815312953e-01 3.3680366158323508e+01 12
1 0 1 1 2.9720603918065608e-02 2.1138097079996067e-02 1.0001286839363823e+00 6.6213203589070208e-02 1.8761288896405512e-01 3.3698396937639359e+01 12
1 0 1 1 2.9712362744880049e-02 2.1132493602944870e-02 1.0001293884234728e+00 6.6198065682442617e-02 1.8793197877217974e-01 3.3716442888683197e+01 12
1 0 1 1 2.9704110842630117e-02 2.1126885638773803e-02 1.0001300960558939e+00 6.6182931236699036e-02 1.8825141842040019e-01 3.3734504070111441e+01 12
1 0 1 1 2.9695848215379413e-02 2.1121273188158228e-02 1.0001308068440922e+00 6.6167800251048209e-02 1.8857120875620123e-01 3.3752580540846417e+01 12
1 0 1 1 2.9687574867109549e-02 2.1115656251725866e-02 1.0001315207985277e+00 6.6152672724699088e-02 1.8889135063151521e-01 3.3770672360069199e+01 12
1 0 1 1 2.9679290801728455e-02 2.1110034830065304e-02 1.0001322379296751e+00 6.6137548656860792e-02 1.8921184490305823e-01 3.3788779587237954e+01 12
1 0 1 1 2.9670996023061082e-02 2.1104408923715332e-02 1.0001329582480221e+00 6.6122428046742621e-02 1.8953269243211723e-01 3.3806902282077516e+01 12
1 0 1 1 2.9662690534857487e-02 2.1098778533175690e-02 1.0001336817640705e+00 6.6107310893554067e-02 1.8985389408474226e-01 3.3825040504588891e+01 12
1 0 1 1 2.9654374340783558e-02 2.1093143658896123e-02 1.0001344084883350e+00 6.6092197196504790e-02 1.9017545073154929e-01 3.3843194315039810e+01 12
1 0 1 1 2.9646047444430546e-02 2.1087504301286506e-02 1.0001351384313444e+00 6.6077086954804631e-02 1.9049736324807054e-01 3.3861363773983612e+01 12
1 0 1 1 2.9637709849305530e-02 2.1081860460706790e-02 1.0001358716036395e+00 6.6061980167663611e-02 1.9081963251450668e-01 3.3879548942246643e+01 12
1 0 1 1 2.9629361558839711e-02 2.1076212137477384e-02 1.0001366080157745e+00 6.6046876834291945e-02 1.9114225941595717e-01 3.3897749880940111e+01 12
1 0 1 1 2.9621002576379962e-02 2.1070559331868015e-02 1.0001373476783162e+00 6.6031776953900015e-02 1.9146524484227778e-01 3.3915966651453836e+01 12
1 0 1 1 2.9612632905195311e-02 2.1064902044107697e-02 1.0001380906018433e+00 6.6016680525698396e-02 1.9178858968823065e-01 3.3934199315463488e+01 12
1 0 1 1 2.9604252548471599e-02 2.1059240274375356e-02 1.0001388367969475e+00 6.6001587548897830e-02 1.9211229485351672e-01 3.3952447934934199e+01 12
1 0 1 1 2.9595861509315938e-02 2.1053574022809045e-02 1.0001395862742317e+00 6.5986498022709242e-02 1.9243636124273727e-01 3.3970712572116987e+01 12
1 0 1 1 2.9587459790751138e-02 2.1047903289496218e-02 1.0001403390443109e+00 6.5971411946343733e-02 1.9276078976549357e-01 3.3988993289556348e+01 12
1 0 1 1 2.9579047395720599e-02 2.1042228074482409e-02 1.0001410951178120e+00 6.5956329319012602e-02 1.9308558133638168e-01 3.4007290150088686e+01 12
1 0 1 1 2.9570624327083701e-02 2.1036548377764253e-02 1.0001418545053731e+00 6.5941250139927327e-02 1.9341073687500995e-01 3.4025603216844623e+01 12
1 0 1 1 2.9562190587617599e-02 2.1030864199291861e-02 1.0001426172176426e+00 6.5926174408299537e-02 1.9373625730611080e-01 3.4043932553255424e+01 12
1 0 1 1 2.9553746180019241e-02 2.1025175538972110e-02 1.0001433832652811e+00 6.5911102123341073e-02 1.9406214355956133e-01 3.4062278223053653e+01 12
1 0 1 1 2.9545289591045701e-02 2.1019482396660242e-02 1.0001441526589590e+00 6.5896033284263952e-02 1.9438839657021037e-01 3.4080640290264853e+01 12
1 0 1 1 2.9536821787548646e-02 2.1013784772169405e-02 1.0001449254093571e+00 6.5880967890280348e-02 1.9471501727832025e-01 3.4099018819231709e+01 12
1 0 1 1 2.9528343314139817e-02 2.1008082665262936e-02 1.0001457015271671e+00 6.5865905940602640e-02 1.9504200662919177e-01 3.4117413874593808e+01 12
1 0 1 1 2.9519854173222396e-02 2.1002376075656481e-02 1.0001464810230900e+00 6.5850847434443374e-02 1.9536936557339951e-01 3.4135825521301122e+01 12
1 0 1 1 2.9511354367118454e-02 2.0996665003021615e-02 1.0001472639078370e+00 6.5835792371015292e-02 1.9569709506694066e-01 3.4154253824622202e+01 12
1 0 1 1 2.9502843898060089e-02 2.0990949446977072e-02 1.0001480501921280e+00 6.5820740749531287e-02 1.9602519607092034e-01 3.4172698850127652e+01 12
1 0 1 1 2.9494322768199903e-02 2.0985229407099900e-02 1.0001488398866929e+00 6.5805692569204460e-02 1.9635366955199543e-01 3.4191160663714093e+01 12
1 0 1 1 2.9485790979600680e-02 2.0979504882913936e-02 1.0001496330022703e+00 6.5790647829248081e-02 1.9668251648206403e-01 3.4209639331588406e+01 12
1 0 1 1 2.9477248534242367e-02 2.0973775873898075e-02 1.0001504295496073e+00 6.5775606528875596e-02 1.9701173783860165e-01 3.4228134920285974e+01 12
1 0 1 1 2.9468695434017565e-02 2.0968042379481674e-02 1.0001512295394599e+00 6.5760568667300637e-02 1.9734133460447145e-01 3.4246647496660650e+01 12
1 0 1 1 2.9460131680732683e-02 2.0962304399046078e-02 1.0001520329825915e+00 6.5745534243737011e-02 1.9767130776802899e-01 3.4265177127890780e+01 12
1 0 1 1 2.9451557276106505e-02 2.0956561931922246e-02 1.0001528398897741e+00 6.5730503257398709e-02 1.9800165832322336e-01 3.4283723881485713e+01 12
1 0 1 1 2.9442972221772262e-02 2.0950814977394847e-02 1.0001536502717869e+00 6.5715475707499901e-02 1.9833238726957392e-01 3.4302287825283905e+01 12
1 0 1 1 2.9434376519275347e-02 2.0945063534699004e-02 1.0001544641394171e+00 6.5700451593254924e-02 1.9866349561223179e-01 3.4320869027457263e+01 12
1 0 1 1 2.9425770170071398e-02 2.0939307603017539e-02 1.0001552815034580e+00 6.5685430913878323e-02 1.9899498436198351e-01 3.4339467556512105e+01 12
1 0 1 1 2.9417153175529800e-02 2.0933547181486954e-02 1.0001561023747103e+00 6.5670413668584796e-02 1.9932685453534849e-01 3.4358083481293853e+01 13
1 0 1 1 2.9408525536930814e-02 2.0927782269193153e-02 1.0001569267639812e+00 6.5655399856589233e-02 1.9965910715460583e-01 3.4376716870989675e+01 13
1 0 1 1 2.9399887255466228e-02 2.0922012865172736e-02 1.0001577546820835e+00 6.5640389477106709e-02 1.9999174324781194e-01 3.4395367795129403e+01 13
1 0 1 1 2.9391238332236082e-02 2.0916238968409304e-02 1.0001585861398368e+00 6.5625382529352461e-02 2.0032476384880069e-01 3.4414036323586494e+01 13
1 0 1 1 2.9382578768253020e-02 2.0910460577839438e-02 1.0001594211480653e+00 6.5610379012541908e-02 2.0065816999730651e-01 3.4432722526584193e+01 13
1 0 1 1 2.9373908564439433e-02 2.0904677692348165e-02 1.0001602597175994e+00 6.5595378925890666e-02 2.0099196273905448e-01 3.4451426474701904e+01 13
1 0 1 1 2.9365227721625087e-02 2.0898890310768144e-02 1.0001611018592738e+00 6.5580382268614512e-02 2.0132614312558597e-01 3.4470148238865391e+01 13
1 0 1 1 2.9356536240551432e-02 2.0893098431884010e-02 1.0001619475839278e+00 6.5565389039929409e-02 2.0166071221453341e-01 3.4488887890362136e+01 13
1 0 1 1 2.9347834121865497e-02 2.0887302054425485e-02 1.0001627969024058e+00 6.5550399239051510e-02 2.0199567106948885e-01 3.4507645500835217e+01 13
1 0 1 1 2.9339121366125324e-02 2.0881501177074453e-02 1.0001636498255553e+00 6.5535412865197137e-02 2.0233102076020107e-01 3.4526421142293636e+01 13
1 0 1 1 2.9330397973795413e-02 2.0875695798458837e-02 1.0001645063642282e+00 6.5520429917582779e-02 2.0266676236254963e-01 3.4545214887112166e+01 13
1 0 1 1 2.9321663945247090e-02 2.0869885917154558e-02 1.0001653665292787e+00 6.5505450395425130e-02 2.0300289695852655e-01 3.4564026808030199e+01 13
1 0 1 1 2.9312919280758722e-02 2.0864071531686089e-02 1.0001662303315650e+00 6.5490474297941040e-02 2.0333942563631024e-01 3.4582856978156080e+01 13
1 0 1 1 2.9304163980517162e-02 2.0858252640526605e-02 1.0001670977819479e+00 6.5475501624347551e-02 2.0367634949049510e-01 3.4601705470980669e+01 13
1 0 1 1 2.9295398044611887e-02 2.0852429242094000e-02 1.0001679688912897e+00 6.5460532373861874e-02 2.0401366962180151e-01 3.4620572360361507e+01 13
1 0 1 1 2.9286621473040116e-02 2.0846601334754706e-02 1.0001688436704552e+00 6.5445566545701411e-02 2.0435138713739567e-01 3.4639457720540825e+01 13
1 0 1 1 2.9277834265704756e-02 2.0840768916823359e-02 1.0001697221303107e+00 6.5430604139083734e-02 2.0468950315085277e-01 3.4658361626143744e+01 13
1 0 1 1 2.9269036422411309e-02 2.0834931986558551e-02 1.0001706042817236e+00 6.5415645153226606e-02 2.0502801878214702e-01 3.4677284152178729e+01 13
1 0 1 1 2.9260227942871839e-02 2.0829090542168055e-02 1.0001714901355623e+00 6.5400689587347960e-02 2.0536693515779234e-01 3.4696225374044957e+01 13
1 0 1 1 2.9251408826698719e-02 2.0823244581801230e-02 1.0001723797026953e+00 6.5385737440665892e-02 2.0570625341078100e-01 3.4715185367530538e+01 13
1 0 1 1 2.9242579073412208e-02 2.0817394103559941e-02 1.0001732729939918e+00 6.5370788712398709e-02 2.0604597468075014e-01 3.4734164208820147e+01 13
1 0 1 1 2.9233738682431350e-02 2.0811539105485204e-02 1.0001741700203202e+00 6.5355843401764868e-02 2.0638610011397512e-01 3.4753161974497644e+01 13
1 0 1 1 2.9224887653078558e-02 2.0805679585566141e-02 1.0001750707925481e+00 6.5340901507983024e-02 2.0672663086333423e-01 3.4772178741542419e+01 13
1 0 1 1 2.9216025984580066e-02 2.0799815541738008e-02 1.0001759753215422e+00 6.5325963030272008e-02 2.0706756808860230e-01 3.4791214587347014e+01 13
1 0 1 1 2.9207153676061928e-02 2.0793946971880226e-02 1.0001768836181679e+00 6.5311027967850821e-02 2.0740891295622485e-01 3.4810269589704788e+01 13
1 0 1 1 2.9198270726549826e-02 2.0788073873814140e-02 1.0001777956932885e+00 6.5296096319938643e-02 2.0775066663950886e-01 3.4829343826821543e+01 13
1 0 1 1 2.9189377134971280e-02 2.0782196245308318e-02 1.0001787115577647e+00 6.5281168085754848e-02 2.0809283031861436e-01 3.4848437377314333e+01 13
1 0 1 1 2.9180472900153822e-02 2.0776314084074161e-02 1.0001796312224551e+00 6.5266243264518964e-02 2.0843540518074669e-01 3.4867550320223621e+01 13
1 0 1 1 2.9171558020823891e-02 2.0770427387767673e-02 1.0001805546982145e+00 6.5251321855450711e-02 2.0877839242000656e-01 3.4886682735004591e+01 13
1 0 1 1 2.9162632495605776e-02 2.0764536153985758e-02 1.0001814819958943e+00 6.5236403857769992e-02 2.0912179323761662e-01 3.4905834701541238e+01 13
1 0 1 1 2.9153696323024069e-02 2.0758640380271389e-02 1.0001824131263422e+00 6.5221489270696889e-02 2.0946560884187973e-01 3.4925006300143124e+01 13
1 0 1 1 2.9144749501498354e-02 2.0752740064107662e-02 1.0001833481004005e+00 6.5206578093451650e-02 2.0980984044819170e-01 3.4944197611547693e+01 13
1 0 1 1 2.9135792029347827e-02 2.0746835202922077e-02 1.0001842869289077e+00 6.5191670325254705e-02 2.1015448927924085e-01 3.4963408716931085e+01 13
1 0 1 1 2.9126823904786783e-02 2.0740925794082925e-02 1.0001852296226965e+00 6.5176765965326663e-02 2.1049955656495181e-01 3.4982639697905981e+01 13
1 0 1 1 2.9117845125927147e-02 2.0735011834902679e-02 1.0001861761925932e+00 6.5161865012888315e-02 2.1084504354255537e-01 3.5001890636525182e+01 13
1 0 1 1 2.9108855690773709e-02 2.0729093322631259e-02 1.0001871266494184e+00 6.5146967467160630e-02 2.1119095145666611e-01 3.5021161615287774e+01 13
1 0 1 1 2.9099855597229614e-02 2.0723170254464466e-02 1.0001880810039858e+00 6.5132073327364759e-02 2.1153728155938054e-01 3.5040452717143303e+01 13
1 0 1 1 2.9090844843089939e-02 2.0717242627536239e-02 1.0001890392671016e+00 6.5117182592722020e-02 2.1188403511023346e-01 3.5059764025491191e+01 13
1 0 1 1 2.9081823426044123e-02 2.0711310438921153e-02 1.0001900014495646e+00 6.5102295262453910e-02 2.1223121337632025e-01 3.5079095624187516e+01 13
1 0 1 1 2.9072791343674728e-02 2.0705373685634861e-02 1.0001909675621647e+00 6.5087411335782108e-02 2.1257881763231209e-01 3.5098447597546119e+01 13
1 0 1 1 2.9063748593458151e-02 2.0699432364633768e-02 1.0001919376156843e+00 6.5072530811928472e-02 2.1292684916064794e-01 3.5117820030350046e+01 13
1 0 1 1 2.9054695172760651e-02 2.0693486472811277e-02 1.0001929116208947e+00 6.5057653690115042e-02 2.1327530925138724e-01 3.5137213007844096e+01 13
1 0 1 1 2.9045631078841318e-02 2.0687536007002190e-02 1.0001938895885594e+00 6.5042779969564035e-02 2.1362419920243392e-01 3.5156626615747150e+01 13
1 0 1 1 2.9036556308850422e-02 2.0681580963980543e-02 1.0001948715294300e+00 6.5027909649497839e-02 2.1397352031953845e-01 3.5176060940253024e+01 13
1 0 1 1 2.9027470859826956e-02 2.0675621340457084e-02 1.0001958574542480e+00 6.5013042729139020e-02 2.1432327391634454e-01 3.5195516068034031e+01 13
1 0 1 1 2.9018374728700815e-02 2.0669657133082577e-02 1.0001968473737437e+00 6.4998179207710324e-02 2.1467346131448956e-01 3.5214992086246326e+01 13
1 0 1 1 2.9009267912289718e-02 2.0663688338444286e-02 1.0001978412986352e+00 6.4983319084434665e-02 2.1502408384361682e-01 3.5234489082531745e+01 13
1 0 1 1 2.9000150407301445e-02 2.0657714953069447e-02 1.0001988392396282e+00 6.4968462358535164e-02 2.1537514284152512e-01 3.5254007145025923e+01 13
1 0 1 1 2.8991022210328541e-02 2.0651736973418273e-02 1.0001998412074151e+00 6.4953609029235082e-02 2.1572663965411445e-01 3.5273546362357031e+01 13
1 0 1 1 2.8981883317853920e-02 2.0645754395892956e-02 1.0002008472126758e+00 6.4938759095757886e-02 2.1607857563560759e-01 3.5293106823656892e+01 13
1 0 1 1 2.8972733726243177e-02 2.0639767216827046e-02 1.0002018572660747e+00 6.4923912557327212e-02 2.1643095214836200e-01 3.5312688618552805e+01 13
1 0 1 1 2.8963573431751259e-02 2.0633775432495068e-02 1.0002028713782620e+00 6.4909069413166876e-02 2.1678377056326303e-01 3.5332291837188414e+01 13
1 0 1 1 2.8954402430514038e-02 2.0627779039101544e-02 1.0002038895598733e+00 6.4894229662500857e-02 2.1713703225954251e-01 3.5351916570215941e+01 13
1 0 1 1 2.8945220718555705e-02 2.0621778032792609e-02 1.0002049118215270e+00 6.4879393304553321e-02 2.1749073862493098e-01 3.5371562908802829e+01 13
1 0 1 1 2.8936028291781386e-02 2.0615772409644979e-02 1.0002059381738264e+00 6.4864560338548621e-02 2.1784489105578519e-01 3.5391230944641755e+01 13
1 0 1 1 2.8926825145979614e-02 2.0609762165670984e-02 1.0002069686273565e+00 6.4849730763711269e-02 2.1819949095700647e-01 3.5410920769945221e+01 13
1 0 1 1 2.8917611276821027e-02 2.0603747296816959e-02 1.0002080031926852e+00 6.4834904579265981e-02 2.1855453974226377e-01 3.5430632477459064e+01 13
1 0 1 1 2.8908386679859094e-02 2.0597727798965168e-02 1.0002090418803620e+00 6.4820081784437614e-02 2.1891003883399598e-01 3.5450366160462544e+01 13
1 0 1 1 2.8899151350525419e-02 2.0591703667927438e-02 1.0002100847009170e+00 6.4805262378451231e-02 2.1926598966341818e-01 3.5470121912770402e+01 13
1 0 1 1 2.8889905284133831e-02 2.0585674899451397e-02 1.0002111316648616e+00 6.4790446360532064e-02 2.1962239367082326e-01 3.5489899828749245e+01 13
1 0 1 1 2.8880648475876094e-02 2.0579641489215688e-02 1.0002121827826860e+00 6.4775633729905510e-02 2.1997925230536067e-01 3.5509700003306207e+01 13
1 0 1 1 2.8871380920822302e-02 2.0573603432831416e-02 1.0002132380648596e+00 6.4760824485797161e-02 2.2033656702522031e-01 3.5529522531899609e+01 13
1 0 1 1 2.8862102613921640e-02 2.0567560725842114e-02 1.0002142975218309e+00 6.4746018627432775e-02 2.2069433929791116e-01 3.5549367510555271e+01 13
1 0 1 1 2.8852813549999069e-02 2.0561513363721959e-02 1.0002153611640254e+00 6.4731216154038304e-02 2.2105257059998301e-01 3.5569235035851385e+01 13
1 0 1 1 2.8843513723755838e-02 2.0555461341875844e-02 1.0002164290018460e+00 6.4716417064839854e-02 2.2141126241733952e-01 3.5589125204936821e+01 13
1 0 1 1 2.8834203129768931e-02 2.0549404655639085e-02 1.0002175010456718e+00 6.4701621359063710e-02 2.2177041624532354e-01 3.5609038115536414e+01 13
1 0 1 1 2.8824881762488971e-02 2.0543343300276462e-02 1.0002185773058574e+00 6.4686829035936352e-02 2.2213003358860042e-01 3.5628973865945014e+01 13
1 0 1 1 2.8815549616241744e-02 2.0537277270983773e-02 1.0002196577927327e+00 6.4672040094684427e-02 2.2249011596145180e-01 3.5648932555044254e+01 13
1 0 1 1 2.8806206685224624e-02 2.0531206562883639e-02 1.0002207425166016e+00 6.4657254534534747e-02 2.2285066488776770e-01 3.5668914282303483e+01 13
1 0 1 1 2.8796852963506828e-02 2.0525131171027767e-02 1.0002218314877416e+00 6.4642472354714320e-02 2.2321168190103233e-01 3.5688919147778925e+01 13
1 0 1 1 2.8787488445031047e-02 2.0519051090398283e-02 1.0002229247164030e+00 6.4627693554450319e-02 2.2357316854463483e-01 3.5708947252131452e+01 13
1 0 1 1 2.8778113123608524e-02 2.0512966315902600e-02 1.0002240222128074e+00 6.4612918132970112e-02 2.2393512637174837e-01 3.5728998696621346e+01 13
1 0 1 1 2.8768726992919616e-02 2.0506876842374813e-02 1.0002251239871489e+00 6.4598146089501207e-02 2.2429755694543155e-01 3.5749073583114196e+01 13
1 0 1 1 2.8759330046514417e-02 2.0500782664576937e-02 1.0002262300495910e+00 6.4583377423271332e-02 2.2466046183884975e-01 3.5769172014093684e+01 13
1 0 1 1 2.8749922277811223e-02 2.0494683777197559e-02 1.0002273404102673e+00 6.4568612133508355e-02 2.2502384263526232e-01 3.5789294092661628e+01 13
1 0 1 1 2.8740503680093892e-02 2.0488580174849527e-02 1.0002284550792806e+00 6.4553850219440337e-02 2.2538770092809027e-01 3.5809439922542779e+01 13
1 0 1 1 2.8731074246513100e-02 2.0482471852071835e-02 1.0002295740667013e+00 6.4539091680295521e-02 2.2575203832100538e-01 3.5829609608090003e+01 13
1 0 1 1 2.8721633970084492e-02 2.0476358803327800e-02 1.0002306973825674e+00 6.4524336515302316e-02 2.2611685642811918e-01 3.5849803254295892e+01 13
1 0 1 1 2.8712182843687314e-02 2.0470241023004338e-02 1.0002318250368833e+00 6.4509584723689312e-02 2.2648215687387760e-01 3.5870020966787401e+01 13
1 0 1 1 2.8702720860064816e-02 2.0464118505412642e-02 1.0002329570396191e+00 6.4494836304685263e-02 2.2684794129345406e-01 3.5890262851848583e+01 13
1 0 1 1 2.8693248011823040e-02 2.0457991244787845e-02 1.0002340934007097e+00 6.4480091257519120e-02 2.2721421133256320e-01 3.5910529016410514e+01 13
1 0 1 1 2.8683764291426741e-02 2.0451859235284503e-02 1.0002352341300540e+00 6.4465349581420014e-02 2.2758096864753866e-01 3.5930819568057331e+01 13
1 0 1 1 2.8674269691204787e-02 2.0445722470984053e-02 1.0002363792375140e+00 6.4450611275617214e-02 2.2794821490572087e-01 3.5951134615046982e+01 13
1 0 1 1 2.8664764203341866e-02 2.0439580945883828e-02 1.0002375287329137e+00 6.4435876339340212e-02 2.2831595178527417e-01 3.5971474266303929e+01 13
1 0 1 1 2.8655247819884083e-02 2.0433434653907449e-02 1.0002386826260392e+00 6.4421144771818636e-02 2.2868418097539661e-01 3.5991838631429196e+01 13
1 0 1 1 2.8645720532732427e-02 2.0427283588894642e-02 1.0002398409266362e+00 6.4406416572282327e-02 2.2905290417633350e-01 3.6012227820703941e+01 13
1 0 1 1 2.8636182333645774e-02 2.0421127744607127e-02 1.0002410036444105e+00 6.4391691739961274e-02 2.2942212309965929e-01 3.6032641945104771e+01 13
1 0 1 1 2.8626633214237356e-02 2.0414967114724812e-02 1.0002421707890263e+00 6.4376970274085649e-02 2.2979183946808673e-01 3.6053081116294194e+01 13
1 0 1 1 2.8617073165976260e-02 2.0408801692848012e-02 1.0002433423701058e+00 6.4362252173885817e-02 2.3016205501593803e-01 3.6073545446647493e+01 13
1 0 1 1 2.8607502180182941e-02 2.0402631472492619e-02 1.0002445183972275e+00 6.4347537438592284e-02 2.3053277148885384e-01 3.6094035049237796e+01 13
1 0 1 1 2.8597920248030990e-02 2.0396456447093085e-02 1.0002456988799264e+00 6.4332826067435775e-02 2.3090399064417585e-01 3.6114550037857754e+01 13
1 0 1 1 2.8588327360545101e-02 2.0390276610001538e-02 1.0002468838276919e+00 6.4318118059647156e-02 2.3127571425092247e-01 3.6135090527018889e+01 13
1 0 1 1 2.8578723508600329e-02 2.0384091954485799e-02 1.0002480732499675e+00 6.4303413414457472e-02 2.3164794408995576e-01 3.6155656631962032e+01 13
1 0 1 1 2.8569108682919415e-02 2.0377902473728286e-02 1.0002492671561494e+00 6.4288712131097978e-02 2.3202068195400574e-01 3.6176248468659672e+01 13
1 0 1 1 2.8559482874074119e-02 2.0371708160827704e-02 1.0002504655555859e+00 6.4274014208800065e-02 2.3239392964793484e-01 3.6196866153831060e+01 13
1 0 1 1 2.8549846072482416e-02 2.0365509008796828e-02 1.0002516684575762e+00 6.4259319646795307e-02 2.3276768898860614e-01 3.6217509804935851e+01 13
1 0 1 1 2.8540198268407372e-02 2.0359305010561563e-02 1.0002528758713694e+00 6.4244628444315471e-02 2.3314196180521560e-01 3.6238179540193819e+01 13
1 0 1 1 2.8530539451957503e-02 2.0353096158962219e-02 1.0002540878061632e+00 6.4229940600592492e-02 2.3351674993926957e-01 3.6258875478583825e+01 13
1 0 1 1 2.8520869613082957e-02 2.0346882446749624e-02 1.0002553042711035e+00 6.4215256114858468e-02 2.3389205524479786e-01 3.6279597739857486e+01 13
1 0 1 1 2.8511188741576807e-02 2.0340663866587533e-02 1.0002565252752826e+00 6.4200574986345696e-02 2.3426787958837367e-01 3.6300346444540359e+01 13
1 0 1 1 2.8501496827073629e-02 2.0334440411051837e-02 1.0002577508277386e+00 6.4185897214286636e-02 2.3464422484923639e-01 3.6321121713939625e+01 13
1 0 1 1 2.8491793859045877e-02 2.0328212072626424e-02 1.0002589809374542e+00 6.4171222797913915e-02 2.3502109291950662e-01 3.6341923670158046e+01 13
1 0 1 1 2.8482079826804986e-02 2.0321978843705953e-02 1.0002602156133555e+00 6.4156551736460343e-02 2.3539848570412869e-01 3.6362752436090567e+01 13
1 0 1 1 2.8472354719500759e-02 2.0315740716595924e-02 1.0002614548643110e+00 6.4141884029158908e-02 2.3577640512124165e-01 3.6383608135446046e+01 13
1 0 1 1 2.8462618526116343e-02 2.0309497683506622e-02 1.0002626986991301e+00 6.4127219675242778e-02 2.3615485310199161e-01 3.6404490892738721e+01 13
1 0 1 1 2.8452871235471976e-02 2.0303249736559441e-02 1.0002639471265631e+00 6.4112558673945289e-02 2.3653383159097027e-01 3.6425400833312167e+01 13
1 0 1 1 2.8443112836219451e-02 2.0296996867780387e-02 1.0002652001552983e+00 6.4097901024499943e-02 2.3691334254605673e-01 3.6446338083332606e+01 13
1 0 1 1 2.8433343316842805e-02 2.0290739069102171e-02 1.0002664577939622e+00 6.4083246726140436e-02 2.3729338793870439e-01 3.6467302769805364e+01 13
1 0 1 1 2.8423562665656790e-02 2.0284476332362935e-02 1.0002677200511176e+00 6.4068595778100618e-02 2.3767396975410005e-01 3.6488295020584836e+01 13
1 0 1 1 2.8413770870805818e-02 2.0278208649306000e-02 1.0002689869352632e+00 6.4053948179614545e-02 2.3805508999107403e-01 3.6509314964370155e+01 13
1 0 1 1 2.8403967920261897e-02 2.0271936011578385e-02 1.0002702584548313e+00 6.4039303929916414e-02 2.3843675066257256e-01 3.6530362730733081e+01 13
1 0 1 1 2.8394153801823283e-02 2.0265658410729710e-02 1.0002715346181872e+00 6.4024663028240628e-02 2.3881895379541704e-01 3.6551438450105280e+01 13
1 0 1 1 2.8384328503112805e-02 2.0259375838211198e-02 1.0002728154336282e+00 6.4010025473821730e-02 2.3920170143069158e-01 3.6572542253801259e+01 13
1 0 1 1 2.8374492011578996e-02 2.0253088285378751e-02 1.0002741009093814e+00 6.3995391265894472e-02 2.3958499562377095e-01 3.6593674274019953e+01 13
1 0 1 1 2.8364644314491202e-02 2.0246795743486541e-02 1.0002753910536040e+00 6.3980760403693770e-02 2.3996883844455710e-01 3.6614834643860412e+01 13
1 0 1 1 2.8354785398939066e-02 2.0240498203688014e-02 1.0002766858743797e+00 6.3966132886454696e-02 2.4035323197743239e-01 3.6636023497319648e+01 13
1 0 1 1 2.8344915251832355e-02 2.0234195657037071e-02 1.0002779853797197e+00 6.3951508713412528e-02 2.4073817832158978e-01 3.6657240969311850e+01 13
1 0 1 1 2.8335033859898742e-02 2.0227888094486085e-02 1.0002792895775598e+00 6.3936887883802695e-02 2.4112367959102343e-01 3.6678487195669049e+01 13
1 0 1 1 2.8325141209681888e-02 2.0221575506884231e-02 1.0002805984757606e+00 6.3922270396860811e-02 2.4150973791475863e-01 3.6699762313155340e+01 13
1 0 1 1 2.8315237287540727e-02 2.0215257884977654e-02 1.0002819120821040e+00 6.3907656251822667e-02 2.4189635543709939e-01 3.6721066459481676e+01 13
1 0 1 1 2.8305322079647720e-02 2.0208935219408954e-02 1.0002832304042941e+00 6.3893045447924221e-02 2.4228353431749516e-01 3.6742399773299212e+01 13
1 0 1 1 2.8295395571985602e-02 2.0202607500713562e-02 1.0002845534499536e+00 6.3878437984401598e-02 2.4267127673083588e-01 3.6763762394217771e+01 13
1 0 1 1 2.8285457750348301e-02 2.0196274719322095e-02 1.0002858812266244e+00 6.3863833860491132e-02 2.4305958486777679e-01 3.6785154462824373e+01 13
1 0 1 1 2.8275508600339054e-02 2.0189936865559720e-02 1.0002872137417651e+00 6.3849233075429293e-02 2.4344846093461422e-01 3.6806576120677242e+01 13
1 0 1 1 2.8265548107365715e-02 2.0183593929640493e-02 1.0002885510027495e+00 6.3834635628452749e-02 2.4383790715350459e-01 3.6828027510320510e+01 13
1 0 1 1 2.8255576256643235e-02 2.0177245901672226e-02 1.0002898930168656e+00 6.3820041518798318e-02 2.4422792576273375e-01 3.6849508775298951e+01 13
1 0 1 1 2.8245593017336756e-02 2.0170892630488008e-02 1.0002912398407775e+00 6.3805450745703027e-02 2.4461851958081007e-01 3.6871020084749972e+01 13
1 0 1 1 2.8235598138045877e-02 2.0164532004692527e-02 1.0002925922226513e+00 6.3790863308404055e-02 2.4500969927841706e-01 3.6892561949838189e+01 13
1 0 1 1 2.8225591854681740e-02 2.0158166253494158e-02 1.0002939493891116e+00 6.3776279206138764e-02 2.4540145820114342e-01 3.6914134126902475e+01 13
1 0 1 1 2.8215574151668765e-02 2.0151795366585581e-02 1.0002953113471578e+00 6.3761698438144679e-02 2.4579379865286374e-01 3.6935736763558488e+01 13
1 0 1 1 2.8205545013226731e-02 2.0145419333543246e-02 1.0002966781036955e+00 6.3747121003659507e-02 2.4618672295440730e-01 3.6957370008476261e+01 13
1 0 1 1 2.8195504423372153e-02 2.0139038143832194e-02 1.0002980496655349e+00 6.3732546901921136e-02 2.4658023344353586e-01 3.6979034011378538e+01 13
1 0 1 1 2.8185452365912040e-02 2.0132651786797906e-02 1.0002994260393903e+00 6.3717976132167606e-02 2.4697433247519895e-01 3.7000728923058311e+01 13
1 0 1 1 2.8175388824446878e-02 2.0126260251672828e-02 1.0003008072318775e+00 6.3703408693637165e-02 2.4736902242181799e-01 3.7022454895394084e+01 13
1 0 1 1 2.8165313782366419e-02 2.0119863527571141e-02 1.0003021932495131e+00 6.3688844585568199e-02 2.4776430567338711e-01 3.7044212081357841e+01 13
1 0 1 1 2.8155227222847082e-02 2.0113461603487193e-02 1.0003035840987113e+00 6.3674283807199306e-02 2.4816018463745329e-01 3.7066000635015413e+01 13
1 0 1 1 2.8145129128851021e-02 2.0107054468296220e-02 1.0003049797857839e+00 6.3659726357769217e-02 2.4855666173957935e-01 3.7087820711553356e+01 13
1 0 1 1 2.8135019483124874e-02 2.0100642110752957e-02 1.0003063803169376e+00 6.3645172236516875e-02 2.4895373942348853e-01 3.7109672467288412e+01 13
1 0 1 1 2.8124898268196637e-02 2.0094224519490236e-02 1.0003077856982727e+00 6.3630621442681362e-02 2.4935142015102485e-01 3.7131556059666778e+01 13
1 0 1 1 2.8114765466374213e-02 2.0087801683018030e-02 1.0003091959357813e+00 6.3616073975501966e-02 2.4974970640255212e-01 3.7153471647287816e+01 13
1 0 1 1 2.8104621059742884e-02 2.0081373589721351e-02 1.0003106110353452e+00 6.3601529834218129e-02 2.5014860067711120e-01 3.7175419389914524e+01 13
1 0 1 1 2.8094465030164498e-02 2.0074940227861750e-02 1.0003120310027347e+00 6.3586989018069473e-02 2.5054810549257789e-01 3.7197399448483118e+01 13
1 0 1 1 2.8084297359273799e-02 2.0068501585572347e-02 1.0003134558436062e+00 6.3572451526295801e-02 2.5094822338579453e-01 3.7219411985112878e+01 13
1 0 1 1 2.8074118028477781e-02 2.0062057650860419e-02 1.0003148855635011e+00 6.3557917358137067e-02 2.5134895691283249e-01 3.7241457163121275e+01 13
1 0 1 1 2.8063927018952616e-02 2.0055608411603740e-02 1.0003163201678433e+00 6.3543386512833422e-02 2.5175030864921238e-01 3.7263535147038539e+01 13
1 0 1 1 2.8053724311641812e-02 2.0049153855550342e-02 1.0003177596619377e+00 6.3528858989625181e-02 2.5215228119013933e-01 3.7285646102622017e+01 13
1 0 1 1 2.8043509887254365e-02 2.0042693970317278e-02 1.0003192040509676e+00 6.3514334787752841e-02 2.5255487715050534e-01 3.7307790196857844e+01 13
1 0 1 1 2.8033283726261099e-02 2.0036228743387657e-02 1.0003206533399944e+00 6.3499813906457064e-02 2.5295809916534789e-01 3.7329967597988720e+01 13
1 0 1 1 2.8023045808896016e-02 2.0029758162114934e-02 1.0003221075339539e+00 6.3485296344978681e-02 2.5336194988996608e-01 3.7352178475520375e+01 13
1 0 1 1 2.8012796115148949e-02 2.0023282213713293e-02 1.0003235666376551e+00 6.3470782102558701e-02 2.5376643199997123e-01 3.7374423000228362e+01 13
1 0 1 1 2.8002534624767744e-02 2.0016800885263749e-02 1.0003250306557785e+00 6.3456271178438314e-02 2.5417154819183274e-01 3.7396701344188166e+01 13
1 0 1 1 2.7992261317252996e-02 2.0010314163708388e-02 1.0003264995928738e+00 6.3441763571858878e-02 2.5457730118273647e-01 3.7419013680770178e+01 13
1 0 1 1 2.7981976171857582e-02 2.0003822035851073e-02 1.0003279734533572e+00 6.3427259282061929e-02 2.5498369371111046e-01 3.7441360184670160e+01 13
1 0 1 1 2.7971679167582534e-02 1.9997324488355020e-02 1.0003294522415109e+00 6.3412758308289172e-02 2.5539072853657857e-01 3.7463741031908732e+01 13
1 0 1 1 2.7961370283177248e-02 1.9990821507743978e-02 1.0003309359614796e+00 6.3398260649782476e-02 2.5579840844048291e-01 3.7486156399861578e+01 13
1 0 1 1 2.7951049497132924e-02 1.9984313080395322e-02 1.0003324246172689e+00 6.3383766305783892e-02 2.5620673622585310e-01 3.7508606467260961e+01 13
1 0 1 1 2.7940716787685192e-02 1.9977799192546403e-02 1.0003339182127431e+00 6.3369275275535653e-02 2.5661571471774519e-01 3.7531091414214337e+01 13
1 0 1 1 2.7930372132806580e-02 1.9971279830285484e-02 1.0003354167516239e+00 6.3354787558280154e-02 2.5702534676359229e-01 3.7553611422227895e+01 13
1 0 1 1 2.7920015510208146e-02 1.9964754979556215e-02 1.0003369202374859e+00 6.3340303153259975e-02 2.5743563523310287e-01 3.7576166674201005e+01 13
1 0 1 1 2.7909646897333017e-02 1.9958224626151450e-02 1.0003384286737576e+00 6.3325822059717846e-02 2.5784658301893965e-01 3.7598757354467381e+01 13
1 0 1 1 2.7899266271358046e-02 1.9951688755717276e-02 1.0003399420637160e+00 6.3311344276896692e-02 2.5825819303665137e-01 3.7621383648791571e+01 13
1 0 1 1 2.7888873609186460e-02 1.9945147353744537e-02 1.0003414604104870e+00 6.3296869804039604e-02 2.5867046822508710e-01 3.7644045744395996e+01 13
1 0 1 1 2.7878468887449433e-02 1.9938600405574186e-02 1.0003429837170408e+00 6.3282398640389842e-02 2.5908341154647507e-01 3.7666743829965327e+01 13
1 0 1 1 2.7868052082500327e-02 1.9932047896391320e-02 1.0003445119861918e+00 6.3267930785190857e-02 2.5949702598690738e-01 3.7689478095676812e+01 13
1 0 1 1 2.7857623170413494e-02 1.9925489811225373e-02 1.0003460452205943e+00 6.3253466237686240e-02 2.5991131455648292e-01 3.7712248733209741e+01 13
1 0 1 1 2.7847182126981018e-02 1.9918926134948334e-02 1.0003475834227413e+00 6.3239004997119777e-02 2.6032628028955979e-01 3.7735055935761601e+01 13
1 0 1 1 2.7836728927709137e-02 1.9912356852271898e-02 1.0003491265949616e+00 6.3224547062735434e-02 2.6074192624493508e-01 3.7757899898060558e+01 13
1 0 1 1 2.7826263547816525e-02 1.9905781947748162e-02 1.0003506747394175e+00 6.3210092433777329e-02 2.6115825550630850e-01 3.7780780816392728e+01 13
1 0 1 1 2.7815785962230794e-02 1.9899201405765982e-02 1.0003522278581023e+00 6.3195641109489775e-02 2.6157527118251511e-01 3.7803698888617902e+01 13
1 0 1 1 2.7805296145585277e-02 1.9892615210550635e-02 1.0003537859528382e+00 6.3181193089117238e-02 2.6199297640771924e-01 3.7826654314182093e+01 13
1 0 1 1 2.7794794072216925e-02 1.9886023346161963e-02 1.0003553490252728e+00 6.3166748371904363e-02 2.6241137434173206e-01 3.7849647294137526e+01 13
1 0 1 1 2.7784279716160952e-02 1.9879425796490043e-02 1.0003569170768776e+00 6.3152306957095977e-02 2.6283046817023198e-01 3.7872678031157832e+01 13
1 0 1 1 2.7773753051151619e-02 1.9872822545259024e-02 1.0003584901089448e+00 6.3137868843937059e-02 2.6325026110531385e-01 3.7895746729569431e+01 13
1 0 1 1 2.7763214050614413e-02 1.9866213576018733e-02 1.0003600681225846e+00 6.3123434031672782e-02 2.6367075638540460e-01 3.7918853595350910e+01 13
1 0 1 1 2.7752662687666397e-02 1.9859598872148086e-02 1.0003616511187230e+00 6.3109002519548485e-02 2.6409195727584528e-01 3.7941998836166420e+01 13
1 0 1 1 2.7742098935111734e-02 1.9852978416851189e-02 1.0003632390980988e+00 6.3094574306809675e-02 2.6451386706918995e-01 3.7965182661385199e+01 13
1 0 1 1 2.7731522765438416e-02 1.9846352193155600e-02 1.0003648320612610e+00 6.3080149392702040e-02 2.6493648908528750e-01 3.7988405282088557e+01 13
1 0 1 1 2.7720934150813410e-02 1.9839720183908428e-02 1.0003664300085657e+00 6.3065727776471431e-02 2.6535982667180957e-01 3.8011666911102267e+01 13
1 0 1 1 2.7710333063083108e-02 1.9833082371780570e-02 1.0003680329401743e+00 6.3051309457363869e-02 2.6578388320458723e-01 3.8034967763016112e+01 13
1 0 1 1 2.7699719473765056e-02 1.9826438739256488e-02 1.0003696408560490e+00 6.3036894434625554e-02 2.6620866208769434e-01 3.8058308054193326e+01 13
1 0 1 1 2.7689093354048872e-02 1.9819789268639847e-02 1.0003712537559515e+00 6.3022482707502867e-02 2.6663416675403995e-01 3.8081688002804043e+01 13
1 0 1 1 2.7678454674789237e-02 1.9813133942046236e-02 1.0003728716394396e+00 6.3008074275242354e-02 2.6706040066557363e-01 3.8105107828840843e+01 13
1 0 1 1 2.7667803406503690e-02 1.9806472741402931e-02 1.0003744945058637e+00 6.2993669137090716e-02 2.6748736731357448e-01 3.8128567754136924e+01 13
1 0 1 1 2.7657139519369909e-02 1.9799805648448101e-02 1.0003761223543648e+00 6.2979267292294860e-02 2.6791507021910277e-01 3.8152068002393570e+01 13
1 0 1 1 2.7646462983220658e-02 1.9793132644727780e-02 1.0003777551838706e+00 6.2964868740101834e-02 2.6834351293344111e-01 3.8175608799207772e+01 13
1 0 1 1 2.7635773767539458e-02 1.9786453711591726e-02 1.0003793929930931e+00 6.2950473479758878e-02 2.6877269903806844e-01 3.8199190372074064e+01 13
1 0 1 1 2.7625071841459084e-02 1.9779768830195318e-02 1.0003810357805254e+00 6.2936081510513386e-02 2.6920263214542955e-01 3.8222812950428995e+01 13
1 0 1 1 2.7614357173754978e-02 1.9773077981493793e-02 1.0003826835444380e+00 6.2921692831612946e-02 2.6963331589908207e-01 3.8246476765663260e+01 13
1 0 1 1 2.7603629732843575e-02 1.9766381146242171e-02 1.0003843362828764e+00 6.2907307442305313e-02 2.7006475397403484e-01 3.8270182051142726e+01 13
1 0 1 1 2.7592889486777000e-02 1.9759678304992728e-02 1.0003859939936579e+00 6.2892925341838393e-02 2.7049695007739855e-01 3.8293929042247719e+01 13
1 0 1 1 2.7582136403239275e-02 1.9752969438092079e-02 1.0003876566743677e+00 6.2878546529460289e-02 2.7092990794843402e-01 3.8317717976378901e+01 13
1 0 1 1 2.7571370449541568e-02 1.9746254525677923e-02 1.0003893243223556e+00 6.2864171004419253e-02 2.7136363135903313e-01 3.8341549092987250e+01 13
1 0 1 1 2.7560591592619001e-02 1.9739533547678989e-02 1.0003909969347342e+00 6.2849798765963735e-02 2.7179812411427062e-01 3.8365422633607288e+01 13
1 0 1 1 2.7549799799026352e-02 1.9732806483811666e-02 1.0003926745083731e+00 6.2835429813342350e-02 2.7223339005252767e-01 3.8389338841867293e+01 13
1 0 1 1 2.7538995034933046e-02 1.9726073313577532e-02 1.0003943570398979e+00 6.2821064145803865e-02 2.7266943304627206e-01 3.8413297963535932e+01 13
1 0 1 1 2.7528177266119069e-02 1.9719334016260439e-02 1.0003960445256850e+00 6.2806701762597228e-02 2.7310625700212771e-01 3.8437300246529482e+01 13
1 0 1 1 2.7517346457970590e-02 1.9712588570925102e-02 1.0003977369618593e+00 6.2792342662971581e-02 2.7354386586136742e-01 3.8461345940942230e+01 13
1 0 1 1 2.7506502575475270e-02 1.9705836956413335e-02 1.0003994343442895e+00 6.2777986846176206e-02 2.7398226360042199e-01 3.8485435299078453e+01 13
1 0 1 1 2.7495645583217251e-02 1.9699079151341493e-02 1.0004011366685857e+00 6.2763634311460578e-02 2.7442145423128578e-01 3.8509568575478383e+01 13
1 0 1 1 2.7484775445374358e-02 1.9692315134101385e-02 1.0004028439300954e+00 6.2749285058074325e-02 2.7486144180198058e-01 3.8533746026946403e+01 13
1 0 1 1 2.7473892125709644e-02 1.9685544882850126e-02 1.0004045561238988e+00 6.2734939085267269e-02 2.7530223039690349e-01 3.8557967912576110e+01 13
1 0 1 1 2.7462995587570829e-02 1.9678768375515847e-02 1.0004062732448069e+00 6.2720596392289385e-02 2.7574382413733672e-01 3.8582234493779744e+01 13
1 0 1 1 2.7452085793882478e-02 1.9671985589789612e-02 1.0004079952873564e+00 6.2706256978390829e-02 2.7618622718188218e-01 3.8606546034317532e+01 13
1 0 1 1 2.7441162707142735e-02 1.9665196503125211e-02 1.0004097222458066e+00 6.2691920842821922e-02 2.7662944372707082e-01 3.8630902800334461e+01 13
1 0 1 1 2.7430226289415764e-02 1.9658401092732963e-02 1.0004114541141349e+00 6.2677587984833166e-02 2.7707347800754972e-01 3.8655305060375511e+01 13
1 0 1 1 2.7419276502329691e-02 1.9651599335581006e-02 1.0004131908860330e+00 6.2663258403675232e-02 2.7751833429674500e-01 3.8679753085424942e+01 13
1 0 1 1 2.7408313307070668e-02 1.9644791208391750e-02 1.0004149325549041e+00 6.2648932098598939e-02 2.7796401690744343e-01 3.8704247148942748e+01 13
1 0 1 1 2.7397336664374782e-02 1.9637976687635290e-02 1.0004166791138576e+00 6.2634609068855318e-02 2.7841053019216966e-01 3.8728787526890628e+01 13
1 0 1 1 2.7386346534526075e-02 1.9631155749529505e-02 1.0004184305557047e+00 6.2620289313695537e-02 2.7885787854345206e-01 3.8753374497749832e+01 13
1 0 1 1 2.7375342877350325e-02 1.9624328370038687e-02 1.0004201868729561e+00 6.2605972832370960e-02 2.7930606639495648e-01 3.8778008342587640e+01 13
1 0 1 1 2.7364325652206679e-02 1.9617494524863732e-02 1.0004219480578160e+00 6.2591659624133100e-02 2.7975509822131522e-01 3.8802689345054127e+01 13
1 0 1 1 2.7353294817986866e-02 1.9610654189447983e-02 1.0004237141021792e+00 6.2577349688233669e-02 2.8020497853911608e-01 3.8827417791438513e+01 13
1 0 1 1 2.7342250333105028e-02 1.9603807338966692e-02 1.0004254849976262e+00 6.2563043023924514e-02 2.8065571190723443e-01 3.8852193970694103e+01 13
1 0 1 1 2.7331189470105436e-02 1.9596953948327590e-02 1.0004272607354185e+00 6.2548739630457678e-02 2.8110730292755914e-01 3.8877018174481861e+01 13
1 0 1 1 2.7320112749153368e-02 1.9590093992165551e-02 1.0004290413064949e+00 6.2534439507085371e-02 2.8155975624521967e-01 3.8901890697187973e+01 13
1 0 1 1 2.7309022249150081e-02 1.9583227444841027e-02 1.0004308267014674e+00 6.2520142653059968e-02 2.8201307654956892e-01 3.8926811835982463e+01 13
1 0 1 1 2.7297917926592748e-02 1.9576354280436054e-02 1.0004326169106155e+00 6.2505849067634026e-02 2.8246726857445431e-01 3.8951781890838930e+01 13
1 0 1 1 2.7286799737472240e-02 1.9569474472749919e-02 1.0004344119238826e+00 6.2491558750060267e-02 2.8292233709883402e-01 3.8976801164573708e+01 13
1 0 1 1 2.7275667637266864e-02 1.9562587995295720e-02 1.0004362117308707e+00 6.2477271699591573e-02 2.8337828694753975e-01 3.9001869962892947e+01 13
1 0 1 1 2.7264521580936209e-02 1.9555694821298271e-02 1.0004380163208368e+00 6.2462987915481015e-02 2.8383512299172492e-01 3.9026988594421802e+01 13
1 0 1 1 2.7253361522914268e-02 1.9548794923689355e-02 1.0004398256826872e+00 6.2448707396981822e-02 2.8429285014953243e-01 3.9052157370746812e+01 13
1 0 1 1 2.7242187417103068e-02 1.9541888275104120e-02 1.0004416398049729e+00 6.2434430143347396e-02 2.8475147338670986e-01 3.9077376606454912e+01 13
1 0 1 1 2.7230999216864917e-02 1.9534974847876217e-02 1.0004434586758848e+00 6.2420156153831313e-02 2.8521099771729735e-01 3.9102646619177122e+01 13
1 0 1 1 2.7219796875017133e-02 1.9528054614036408e-02 1.0004452822832490e+00 6.2405885427687317e-02 2.8567142820407659e-01 3.9127967729617815e+01 13
1 0 1 1 2.7208580343823858e-02 1.9521127545307319e-02 1.0004471106145219e+00 6.2391617964169324e-02 2.8613276995954540e-01 3.9153340261614460e+01 13
1 0 1 1 2.7197349574988587e-02 1.9514193613098359e-02 1.0004489436567843e+00 6.2377353762531423e-02 2.8659502814636501e-01 3.9178764542168217e+01 13
1 0 1 1 2.7186104519648389e-02 1.9507252788503873e-02 1.0004507813967374e+00 6.2363092822027871e-02 2.8705820797806314e-01 3.9204240901487630e+01 13
1 0 1 1 2.7174845128365044e-02 1.9500305042297352e-02 1.0004526238206970e+00 6.2348835141913098e-02 2.8752231471976508e-01 3.9229769673035328e+01 13
1 0 1 1 2.7163571351117612e-02 1.9493350344927329e-02 1.0004544709145882e+00 6.2334580721441699e-02 2.8798735368889622e-01 3.9255351193572572e+01 13
1 0 1 1 2.7152283137296614e-02 1.9486388666515385e-02 1.0004563226639402e+00 6.2320329559868437e-02 2.8845333025583575e-01 3.9280985803200593e+01 13
1 0 1 1 2.7140980435694385e-02 1.9479419976849387e-02 1.0004581790538816e+00 6.2306081656448256e-02 2.8892024984479486e-01 3.9306673845415851e+01 13
1 0 1 1 2.7129663194496636e-02 1.9472444245378077e-02 1.0004600400691330e+00 6.2291837010436266e-02 2.8938811793427699e-01 3.9332415667141987e+01 13
1 0 1 1 2.7118331361276060e-02 1.9465461441210408e-02 1.0004619056940041e+00 6.2277595621087742e-02 2.8985694005833817e-01 3.9358211618804432e+01 13
1 0 1 1 2.7106984882984634e-02 1.9458471533108739e-02 1.0004637759123858e+00 6.2263357487658134e-02 2.9032672180664321e-01 3.9384062054340475e+01 13
1 0 1 1 2.7095623705941825e-02 1.9451474489482517e-02 1.0004656507077458e+00 6.2249122609403067e-02 2.9079746882593421e-01 3.9409967331287575e+01 13
1 0 1 1 2.7084247775831228e-02 1.9444470278389223e-02 1.0004675300631227e+00 6.2234890985578328e-02 2.9126918682038216e-01 3.9435927810807350e+01 13
1 0 1 1 2.7072857037686481e-02 1.9437458867521219e-02 1.0004694139611192e+00 6.2220662615439876e-02 2.9174188155255792e-01 3.9461943857748714e+01 13
1 0 1 1 2.7061451435886133e-02 1.9430440224208236e-02 1.0004713023838978e+00 6.2206437498243845e-02 2.9221555884436085e-01 3.9488015840703596e+01 13
1 0 1 1 2.7050030914143961e-02 1.9423414315408508e-02 1.0004731953131731e+00 6.2192215633246534e-02 2.9269022457746130e-01 3.9514144132039505e+01 13
