isScalarized | massIncreased | isMonotoneInside | isMonotoneOutside | mass_Baryon | mass_ADM | AST(radius) | radius  |  phi_c | rho_c | ctr |
1 0 1 1 3.1555949210046993e-02 2.4128990570124870e-02 1.0000000000000004e+00 8.6550699999999814e-02 2.3082175641523967e-03 1.6944063070218316e+01 35
1 1 1 1 3.1556250447982610e-02 2.4129122948217938e-02 1.0000000000000004e+00 8.6550324999999817e-02 2.3096433183565075e-03 1.6944362062262670e+01 37
1 1 1 1 3.1556551664377819e-02 2.4129255311932659e-02 1.0000000000000004e+00 8.6549949999999820e-02 2.3110688494151245e-03 1.6944661053735846e+01 37
1 1 1 1 3.1556852859232806e-02 2.4129387661270048e-02 1.0000000000000004e+00 8.6549574999999823e-02 2.3124941580137362e-03 1.6944960044633859e+01 37
1 1 1 1 3.1557154032546747e-02 2.4129519996229590e-02 1.0000000000000004e+00 8.6549199999999826e-02 2.3139192448344320e-03 1.6945259034952389e+01 37
1 1 1 1 3.1607228504849268e-02 2.4151453866820456e-02 1.0000000000000007e+00 8.6486474421690218e-02 2.5496625996238378e-03 1.6995259973097486e+01 35
1 1 1 1 3.1656734884002162e-02 2.4173002734032688e-02 1.0000000000000007e+00 8.6423711214026366e-02 2.7819279951701555e-03 1.7045261097089146e+01 35
1 1 1 1 3.1705688177104563e-02 2.4194175016395800e-02 1.0000000000000011e+00 8.6360895762509771e-02 3.0126179711481849e-03 1.7095263291950136e+01 35
1 1 1 1 3.1754098633348216e-02 2.4214976922835810e-02 1.0000000000000013e+00 8.6298018670095622e-02 3.2431051089030394e-03 1.7145265576755698e+01 35
1 1 1 1 3.1801972245669510e-02 2.4235413750791534e-02 1.0000000000000018e+00 8.6235072300281934e-02 3.4744210963643563e-03 1.7195267291775536e+01 35
1 1 1 1 3.1849213231238030e-02 2.4255490320717683e-02 1.0000000000000024e+00 8.6172049633202796e-02 3.7073653016678350e-03 1.7245268615222283e+01 35
1 1 1 1 3.1895932249943595e-02 2.4275210768564242e-02 1.0000000000000031e+00 8.6108945050225816e-02 3.9425673260215163e-03 1.7295269660632286e+01 35
1 1 1 1 3.1942134281124329e-02 2.4294578689468913e-02 1.0000000000000040e+00 8.6045754046270462e-02 4.1805309492454878e-03 1.7345270502583503e+01 35
1 1 1 1 3.1987823408519876e-02 2.4313597245713241e-02 1.0000000000000051e+00 8.5982473018993921e-02 4.4216641441841772e-03 1.7395271191419301e+01 35
1 1 1 1 3.2033002991420048e-02 2.4332269250133827e-02 1.0000000000000064e+00 8.5919099109141361e-02 4.6663002977766540e-03 1.7445271762020823e+01 35
1 1 1 1 3.2077679573803801e-02 2.4350575055083767e-02 1.0000000000000080e+00 8.5855630076218159e-02 4.9147337637214274e-03 1.7495276250185686e+01 35
1 1 1 1 3.2121847797372670e-02 2.4368494520908005e-02 1.0000000000000100e+00 8.5792079475926375e-02 5.1671477301999504e-03 1.7545275925434517e+01 35
1 1 1 1 3.2165504999512227e-02 2.4386070505959125e-02 1.0000000000000124e+00 8.5728443261861353e-02 5.4237033467690859e-03 1.7595265829006383e+01 35
1 1 1 1 3.2208676475662640e-02 2.4403314501784418e-02 1.0000000000000153e+00 8.5664685752070979e-02 5.6846980120463511e-03 1.7645273266652715e+01 35
1 1 1 1 3.2251342033747528e-02 2.4420219725744603e-02 1.0000000000000189e+00 8.5600837855175860e-02 5.9501340710411315e-03 1.7695273512757588e+01 35
1 1 1 1 3.2293508989751432e-02 2.4436790420300891e-02 1.0000000000000231e+00 8.5536890139550736e-02 6.2201567599261048e-03 1.7745273722723589e+01 35
1 1 1 1 3.2335145998097906e-02 2.4453028259841074e-02 1.0000000000000280e+00 8.5472842512158365e-02 6.4948560849553624e-03 1.7795273902144519e+01 35
1 1 1 1 3.2376219885092476e-02 2.4468934856336288e-02 1.0000000000000338e+00 8.5408695078248331e-02 6.7743067562535926e-03 1.7845274055663435e+01 35
1 1 1 1 3.2416796805364252e-02 2.4484511773025460e-02 1.0000000000000409e+00 8.5344448113110483e-02 7.0585706075322833e-03 1.7895274187252422e+01 35
1 1 1 1 3.2456877413193606e-02 2.4499760535653843e-02 1.0000000000000491e+00 8.5280102038349292e-02 7.3476985957616090e-03 1.7945274300260127e+01 35
1 1 1 1 3.2496462304500096e-02 2.4514682641781062e-02 1.0000000000000588e+00 8.5215657401659373e-02 7.6417324604750279e-03 1.7995274397542467e+01 35
1 1 1 1 3.2535552033568095e-02 2.4529279568420617e-02 1.0000000000000702e+00 8.5151114859758792e-02 7.9407061036633874e-03 1.8045274481542826e+01 35
1 1 1 1 3.2574147126898184e-02 2.4543552778319204e-02 1.0000000000000835e+00 8.5086475163999198e-02 8.2446467397660414e-03 1.8095274554318063e+01 35
1 1 1 1 3.2612255220766370e-02 2.4557451391023374e-02 1.0000000000000993e+00 8.5021739148129494e-02 8.5536306823110544e-03 1.8145283419897517e+01 35
1 1 1 1 3.2649850418834468e-02 2.4571017433463162e-02 1.0000000000001175e+00 8.4956941909892225e-02 8.8674594525201753e-03 1.8195266682929738e+01 35
1 1 1 1 3.2686970562982400e-02 2.4584270307198886e-02 1.0000000000001388e+00 8.4892019114471307e-02 9.1864569502836581e-03 1.8245274006477221e+01 35
1 1 1 1 3.2723593168196459e-02 2.4597203191044460e-02 1.0000000000001636e+00 8.4827011502296212e-02 9.5104390491959189e-03 1.8295274759962016e+01 35
1 1 1 1 3.2759723154121775e-02 2.4609819136693970e-02 1.0000000000001923e+00 8.4761912554884522e-02 9.8394480198992756e-03 1.8345274797972234e+01 35
1 1 1 1 3.2795361586836630e-02 2.4622119803614680e-02 1.0000000000002256e+00 8.4696722465074037e-02 1.0173491073601335e-02 1.8395274831871554e+01 35
1 1 1 1 3.2830503934020525e-02 2.4634106671998269e-02 1.0000000000002640e+00 8.4631442388825862e-02 1.0512568401341236e-02 1.8445274862267631e+01 35
1 1 1 1 3.2865073085381245e-02 2.4645781230007338e-02 1.0000000000003084e+00 8.4566073518073881e-02 1.0856678036007620e-02 1.8495274889665605e+01 35
1 1 1 1 3.2899151912565795e-02 2.4657144974696982e-02 1.0000000000003593e+00 8.4500617077373441e-02 1.1205816103086909e-02 1.8545274914492673e+01 35
1 1 1 1 3.2932741083019405e-02 2.4668199412740007e-02 1.0000000000004179e+00 8.4435074321030423e-02 1.1559977035785299e-02 1.8595274937103341e+01 35
1 1 1 1 3.2965841294467273e-02 2.4678946060972411e-02 1.0000000000004852e+00 8.4369446530599301e-02 1.1919153760352366e-02 1.8645274957779399e+01 35
1 1 1 1 3.2998453276287081e-02 2.4689386446815474e-02 1.0000000000005624e+00 8.4303735012648984e-02 1.2283337856788208e-02 1.8695274976786500e+01 35
1 1 1 1 3.3030577790540042e-02 2.4699522108560176e-02 1.0000000000006506e+00 8.4237941096925173e-02 1.2652519697628286e-02 1.8745274994318127e+01 35
1 1 1 1 3.3062215632846996e-02 2.4709354595566415e-02 1.0000000000007512e+00 8.4172066134593881e-02 1.3026688569684104e-02 1.8795275010554981e+01 35
1 1 1 1 3.3093371265451997e-02 2.4718850924818847e-02 1.0000000000008660e+00 8.4106111496780100e-02 1.3405874088608136e-02 1.8845280437808956e+01 35
1 1 1 1 3.3124033571226563e-02 2.4728028456040684e-02 1.0000000000009968e+00 8.4040099992719275e-02 1.3789917156572809e-02 1.8895272117648272e+01 35
1 1 1 1 3.3154217232735782e-02 2.4736909012960731e-02 1.0000000000011455e+00 8.3974000017311312e-02 1.4178977041036347e-02 1.8945272619812876e+01 35
1 1 1 1 3.3183918873767856e-02 2.4745492884969369e-02 1.0000000000013145e+00 8.3907822064186566e-02 1.4572987675269353e-02 1.8995275062503961e+01 35
1 1 1 1 3.3213136874512973e-02 2.4753780944948209e-02 1.0000000000015059e+00 8.3841573356439825e-02 1.4971899754798023e-02 1.9045275074078049e+01 35
1 1 1 1 3.3241873695714096e-02 2.4761775247017725e-02 1.0000000000017228e+00 8.3775252129759781e-02 1.5375716917547229e-02 1.9095275084973029e+01 35
1 1 1 1 3.3270130378168859e-02 2.4769477431444926e-02 1.0000000000019682e+00 8.3708859848256822e-02 1.5784423211280665e-02 1.9145275095235490e+01 35
1 1 1 1 3.3297907998035753e-02 2.4776889148871269e-02 1.0000000000022453e+00 8.3642397988910155e-02 1.6198002170674269e-02 1.9195275104920881e+01 35
1 1 1 1 3.3325155094028898e-02 2.4784012060083703e-02 1.0000000000025582e+00 8.3575868040898116e-02 1.6616436858213342e-02 1.9245275114070321e+01 35
1 1 1 1 3.3351901445947851e-02 2.4790847835773590e-02 1.0000000000029106e+00 8.3509271504931704e-02 1.7039709901273573e-02 1.9295275122721893e+01 35
1 1 1 1 3.3378171933804449e-02 2.4797398156273201e-02 1.0000000000033074e+00 8.3442609892648345e-02 1.7467803525436153e-02 1.9345275130901300e+01 35
1 1 1 1 3.3403967794392163e-02 2.4803664711292223e-02 1.0000000000037532e+00 8.3375884726009653e-02 1.7900699584983380e-02 1.9395275138653204e+01 35
1 1 1 1 3.3429290298462450e-02 2.4809649199627883e-02 1.0000000000042542e+00 8.3309097536824528e-02 1.8338379589794403e-02 1.9445275145978833e+01 35
1 1 1 1 3.3454140750418804e-02 2.4815353328882898e-02 1.0000000000048161e+00 8.3242249866131657e-02 1.8780824731028642e-02 1.9495275152919735e+01 35
1 1 1 1 3.3478520487907122e-02 2.4820778815164188e-02 1.0000000000054461e+00 8.3175343263801882e-02 1.9228015903282120e-02 1.9545275159488074e+01 35
1 1 1 1 3.3502430881426633e-02 2.4825927382777349e-02 1.0000000000061509e+00 8.3108379288023559e-02 1.9679933725661722e-02 1.9595275165697110e+01 34
1 1 1 1 3.3525873333925392e-02 2.4830800763930544e-02 1.0000000000069393e+00 8.3041359504846868e-02 2.0136558560947083e-02 1.9645275171571253e+01 34
1 1 1 1 3.3548852374965417e-02 2.4835359016624228e-02 1.0000000000078206e+00 8.2974285487788291e-02 2.0597927067227875e-02 1.9695281273806216e+01 34
1 1 1 1 3.3571358203881060e-02 2.4839642757483068e-02 1.0000000000088041e+00 8.2907183353550629e-02 2.1063794321143033e-02 1.9745269286520678e+01 34
1 1 1 1 3.3593408431085311e-02 2.4843658051834829e-02 1.0000000000099007e+00 8.2840006395763582e-02 2.1534473583680172e-02 1.9795275007719880e+01 34
1 1 1 1 3.3614994164034337e-02 2.4847404706117356e-02 1.0000000000111224e+00 8.2772787418120969e-02 2.2009727226438465e-02 1.9845275189289687e+01 34
1 1 1 1 3.3636119355213240e-02 2.4850884946100209e-02 1.0000000000124822e+00 8.2705520817054123e-02 2.2489584742577510e-02 1.9895275193659000e+01 34
1 1 1 1 3.3656785669637201e-02 2.4854100569273726e-02 1.0000000000139939e+00 8.2638207957306836e-02 2.2974026953188488e-02 1.9945275197745936e+01 34
1 1 1 1 3.3676994724302411e-02 2.4857053364953627e-02 1.0000000000156730e+00 8.2570850446507554e-02 2.3463032847485153e-02 1.9995275201571953e+01 34
1 1 1 1 3.3696748164863885e-02 2.4859745127705869e-02 1.0000000000175369e+00 8.2503449897120801e-02 2.3956581266037277e-02 2.0045275205133745e+01 34
1 1 1 1 3.3716047665142142e-02 2.4862177657036220e-02 1.0000000000196034e+00 8.2436007926055710e-02 2.4454650910693210e-02 2.0095275208440661e+01 34
1 1 1 1 3.3734874215036979e-02 2.4864352757079294e-02 1.0000000000218929e+00 8.2368526154354388e-02 2.4957220353413339e-02 2.0145275211503691e+01 34
1 1 1 1 3.3753207508720580e-02 2.4866272236296179e-02 1.0000000000244276e+00 8.2301006206881688e-02 2.5464268044482211e-02 2.0195275214319235e+01 34
1 1 1 1 3.3771092049482740e-02 2.4867937907174013e-02 1.0000000000272307e+00 8.2233449711968248e-02 2.5975772320722606e-02 2.0245275216904204e+01 34
1 1 1 1 3.3788529635300990e-02 2.4869351585923492e-02 1.0000000000303286e+00 8.2165858301150974e-02 2.6491711412429064e-02 2.0295275219250986e+01 34
1 1 1 1 3.3805522089547319e-02 2.4870515092185800e-02 1.0000000000337492e+00 8.2098233608808968e-02 2.7012063450806492e-02 2.0345275221374493e+01 34
1 1 1 1 3.3822071260454264e-02 2.4871430248739935e-02 1.0000000000375233e+00 8.2030577271913319e-02 2.7536806474165870e-02 2.0395275223276236e+01 34
1 1 1 1 3.3838179020596465e-02 2.4872098881212567e-02 1.0000000000416840e+00 8.1962890929711874e-02 2.8065918434239404e-02 2.0445275224955676e+01 34
1 1 1 1 3.3853847266379661e-02 2.4872522817795371e-02 1.0000000000462672e+00 8.1895176223425459e-02 2.8599377202189438e-02 2.0495275226423729e+01 34
1 1 1 1 3.3869077917512293e-02 2.4872703888959385e-02 1.0000000000513123e+00 8.1827434795992582e-02 2.9137160573963747e-02 2.0545275227683529e+01 34
1 0 1 1 3.3883872916490997e-02 2.4872643927184315e-02 1.0000000000568614e+00 8.1759668291781440e-02 2.9679246275583084e-02 2.0595275228731946e+01 34
1 0 1 1 3.3898234228089942e-02 2.4872344766678794e-02 1.0000000000629603e+00 8.1691878356290909e-02 3.0225611968405067e-02 2.0645275229583007e+01 34
1 0 1 1 3.3912164701437507e-02 2.4871789016779496e-02 1.0000000000696614e+00 8.1624066635925474e-02 3.0776264447463415e-02 2.0695277871054035e+01 34
1 0 1 1 3.3925663996552113e-02 2.4870982567823264e-02 1.0000000000770168e+00 8.1556245522461740e-02 3.1331087721698979e-02 2.0745274696121893e+01 34
1 0 1 1 3.3938736086260454e-02 2.4869942533443681e-02 1.0000000000850844e+00 8.1488403741423659e-02 3.1890141037356802e-02 2.0795273119791265e+01 33
1 0 1 1 3.3951383497312707e-02 2.4868670679424380e-02 1.0000000000939271e+00 8.1420540103065819e-02 3.2453425852139832e-02 2.0845275229734597e+01 33
1 0 1 1 3.3963606811925798e-02 2.4867168988753671e-02 1.0000000001036111e+00 8.1352664119203721e-02 3.3020854471055003e-02 2.0895275229633313e+01 33
1 0 1 1 3.3975408660372838e-02 2.4865439259147522e-02 1.0000000001142102e+00 8.1284774571977247e-02 3.3592427938888086e-02 2.0945275229359133e+01 33
1 0 1 1 3.3986791149023192e-02 2.4863483336900982e-02 1.0000000001258025e+00 8.1216873106125603e-02 3.4168123584648054e-02 2.0995275228898969e+01 33
1 0 1 1 3.3997756402492085e-02 2.4861303067857360e-02 1.0000000001384728e+00 8.1148961365492517e-02 3.4747918705430078e-02 2.1045275228266650e+01 33
1 0 1 1 3.4008306563141973e-02 2.4858900297182480e-02 1.0000000001523122e+00 8.1081040992847686e-02 3.5331790569264054e-02 2.1095275227459680e+01 33
1 0 1 1 3.4018443790593232e-02 2.4856276869121324e-02 1.0000000001674185e+00 8.1013113629623823e-02 3.5919716418577538e-02 2.1145275226481260e+01 33
1 0 1 1 3.4028170261242358e-02 2.4853434626780940e-02 1.0000000001838971e+00 8.0945180915695636e-02 3.6511673473219791e-02 2.1195275225334292e+01 33
1 0 1 1 3.4037488167781613e-02 2.4850375411901129e-02 1.0000000002018614e+00 8.0877244489154398e-02 3.7107638933507214e-02 2.1245275224027473e+01 33
1 0 1 1 3.4046387841682520e-02 2.4847101064644050e-02 1.0000000002214329e+00 8.0809305986110358e-02 3.7707589982824065e-02 2.1295275222552757e+01 33
1 0 1 1 3.4054846437086457e-02 2.4843613423373951e-02 1.0000000002427418e+00 8.0741367040430723e-02 3.8311503790854226e-02 2.1345275220924414e+01 33
1 0 1 1 3.4062903340470851e-02 2.4839914324447904e-02 1.0000000002659284e+00 8.0673429283580678e-02 3.8919357515728489e-02 2.1395275219135510e+01 33
1 0 1 1 3.4070560815930219e-02 2.4836005602016948e-02 1.0000000002911427e+00 8.0605494344367257e-02 3.9531128307060556e-02 2.1445275217195665e+01 33
1 0 1 1 3.4077821141292479e-02 2.4831889087815376e-02 1.0000000003185454e+00 8.0537563848770033e-02 4.0146793308089686e-02 2.1495275215102350e+01 33
1 0 1 1 3.4084686607673519e-02 2.4827566610970644e-02 1.0000000003483087e+00 8.0469639419713052e-02 4.0766329658386453e-02 2.1545275212864802e+01 33
1 0 1 1 3.4091159519016638e-02 2.4823039997809476e-02 1.0000000003806173e+00 8.0401722676897658e-02 4.1389714495827970e-02 2.1595275210474909e+01 32
1 0 1 1 3.4097242191654012e-02 2.4818311071665652e-02 1.0000000004156682e+00 8.0333815236561690e-02 4.2016924959368387e-02 2.1645275207948281e+01 32
1 0 1 1 3.4102936953855689e-02 2.4813381652696545e-02 1.0000000004536724e+00 8.0265918711347833e-02 4.2647938190656619e-02 2.1695275205278268e+01 32
1 0 1 1 3.4108246145399056e-02 2.4808253557704885e-02 1.0000000004948550e+00 8.0198034710070448e-02 4.3282731336573267e-02 2.1745275202468843e+01 32
1 0 1 1 3.4113172117130573e-02 2.4802928599957436e-02 1.0000000005394571e+00 8.0130164837546869e-02 4.3921281551185874e-02 2.1795275199526042e+01 32
1 0 1 1 3.4117717230540162e-02 2.4797408589015382e-02 1.0000000005877356e+00 8.0062310694428485e-02 4.4563565997652800e-02 2.1845275196450405e+01 32
1 0 1 1 3.4121883857332655e-02 2.4791695330562743e-02 1.0000000006399645e+00 7.9994473877014916e-02 4.5209561850207122e-02 2.1895275193240128e+01 32
1 0 1 1 3.4125674379015293e-02 2.4785790626243840e-02 1.0000000006964367e+00 7.9926655977066913e-02 4.5859246296253341e-02 2.1945275189907115e+01 32
1 0 1 1 3.4129091186474295e-02 2.4779696273497336e-02 1.0000000007574634e+00 7.9858858581676351e-02 4.6512596537782114e-02 2.1995275186444648e+01 32
1 0 1 1 3.4132136975507293e-02 2.4773392986423878e-02 1.0000000008234116e+00 7.9791083273057839e-02 4.7169626024816176e-02 2.2045277932615811e+01 32
1 0 1 1 3.4134813453263919e-02 2.4766900950333782e-02 1.0000000008946011e+00 7.9723342809169928e-02 4.7830173374905804e-02 2.2095272920307000e+01 32
1 0 1 1 3.4137123798229176e-02 2.4760223944299484e-02 1.0000000009714238e+00 7.9655618402989237e-02 4.8494407464755779e-02 2.2145274660935275e+01 32
1 0 1 1 3.4139070005201520e-02 2.4753364787057489e-02 1.0000000010542702e+00 7.9587922438220549e-02 4.9162200109150039e-02 2.2195275170618888e+01 32
1 0 1 1 3.4140654552959872e-02 2.4746325167795426e-02 1.0000000011435675e+00 7.9520255502788073e-02 4.9833538001626314e-02 2.2245275166580257e+01 32
1 0 1 1 3.4141879902120267e-02 2.4739106789780203e-02 1.0000000012397703e+00 7.9452618455903623e-02 5.0508405310365087e-02 2.2295275162426591e+01 32
1 0 1 1 3.4142748498052732e-02 2.4731711420448423e-02 1.0000000013433601e+00 7.9385012846524383e-02 5.1186779388716436e-02 2.2345275158163233e+01 32
1 0 1 1 3.4143262792368213e-02 2.4724140821758989e-02 1.0000000014548487e+00 7.9317440217706370e-02 5.1868637617861306e-02 2.2395275153793929e+01 32
1 0 1 1 3.4143425242541631e-02 2.4716396750060210e-02 1.0000000015747792e+00 7.9249902106467179e-02 5.2553957408231267e-02 2.2445275149319077e+01 31
1 0 1 1 3.4143238311545969e-02 2.4708480955966589e-02 1.0000000017037274e+00 7.9182400043643020e-02 5.3242716200970534e-02 2.2495275144739622e+01 31
1 0 1 1 3.4142704467489640e-02 2.4700395184237577e-02 1.0000000018423045e+00 7.9114935553753041e-02 5.3934891469322073e-02 2.2545275140057825e+01 31
1 0 1 1 3.4141826183258728e-02 2.4692141173655469e-02 1.0000000019911579e+00 7.9047510154869938e-02 5.4630460720045404e-02 2.2595275135283014e+01 31
1 0 1 1 3.4140605936160973e-02 2.4683720656915913e-02 1.0000000021509732e+00 7.8980125358520670e-02 5.5329401494335580e-02 2.2645275130403373e+01 31
1 0 1 1 3.4139046207580126e-02 2.4675135360509887e-02 1.0000000023224771e+00 7.8912782669504966e-02 5.6031691369742884e-02 2.2695275125432271e+01 31
1 0 1 1 3.4137149482630774e-02 2.4666387004618328e-02 1.0000000025064384e+00 7.8845483585828657e-02 5.6737307960892346e-02 2.2745275120370504e+01 31
1 0 1 1 3.4134918249818742e-02 2.4657477303005115e-02 1.0000000027036704e+00 7.8778229598570615e-02 5.7446228920830601e-02 2.2795275115215787e+01 31
1 0 1 1 3.4132355000706736e-02 2.4648407962916320e-02 1.0000000029150333e+00 7.8711022191755603e-02 5.8158431942306549e-02 2.2845275109969137e+01 31
1 0 1 1 3.4129457019268013e-02 2.4639180684974820e-02 1.0000000031414367e+00 7.8643862842241619e-02 5.8873894759008588e-02 2.2895275104640561e+01 31
1 0 1 1 3.4126205441314977e-02 2.4629797163089145e-02 1.0000000033838414e+00 7.8576753019640927e-02 5.9592595146352838e-02 2.2945275099224887e+01 31
1 0 1 1 3.4122629657020946e-02 2.4620259084357530e-02 1.0000000036432619e+00 7.8509694186181478e-02 6.0314510922906517e-02 2.2995275093723901e+01 31
1 0 1 1 3.4118732171473300e-02 2.4610568128974126e-02 1.0000000039207697e+00 7.8442687796610233e-02 6.1039619951466666e-02 2.3045275088146383e+01 31
1 0 1 1 3.4114515491044481e-02 2.4600725970145974e-02 1.0000000042174955e+00 7.8375735298118115e-02 6.1767900139788001e-02 2.3095275082485422e+01 31
1 0 1 1 3.4109982123083443e-02 2.4590734274002008e-02 1.0000000045346316e+00 7.8308838130204228e-02 6.2499329442024076e-02 2.3145275076746781e+01 31
1 0 1 1 3.4105134575618562e-02 2.4580594699511626e-02 1.0000000048734352e+00 7.8241997724603440e-02 6.3233885859578204e-02 2.3195275070938276e+01 31
1 0 1 1 3.4099975357059054e-02 2.4570308898409273e-02 1.0000000052352318e+00 7.8175215505213169e-02 6.3971547441753707e-02 2.3245275065046968e+01 31
1 0 1 1 3.4094506975902536e-02 2.4559878515108095e-02 1.0000000056214171e+00 7.8108492887944858e-02 6.4712292287462503e-02 2.3295275059090123e+01 31
1 0 1 1 3.4088731940451124e-02 2.4549305186633581e-02 1.0000000060334617e+00 7.8041831280707602e-02 6.5456098545358776e-02 2.3345275053060728e+01 31
1 0 1 1 3.4082652758523388e-02 2.4538590542543863e-02 1.0000000064729127e+00 7.7975232083277279e-02 6.6202944415256121e-02 2.3395275046961334e+01 30
1 0 1 1 3.4076271937181477e-02 2.4527736204865459e-02 1.0000000069413986e+00 7.7908696687227469e-02 6.6952808148936074e-02 2.3445275040798052e+01 30
1 0 1 1 3.4069591982455308e-02 2.4516743788024483e-02 1.0000000074406321e+00 7.7842226475865528e-02 6.7705668050806980e-02 2.3495275034566340e+01 30
1 0 1 1 3.4062615399069622e-02 2.4505614898776271e-02 1.0000000079724136e+00 7.7775822824129870e-02 6.8461502479094175e-02 2.3545275028273352e+01 30
1 0 1 1 3.4055344690184376e-02 2.4494351136152181e-02 1.0000000085386358e+00 7.7709487098542640e-02 6.9220289846331606e-02 2.3595275021915004e+01 30
1 0 1 1 3.4047782357127736e-02 2.4482954091388207e-02 1.0000000091412862e+00 7.7643220657111600e-02 6.9982008620531777e-02 2.3645275015499678e+01 30
1 0 1 1 3.4039930899149716e-02 2.4471425347880629e-02 1.0000000097824528e+00 7.7577024849291354e-02 7.0746637325640502e-02 2.3695275009025508e+01 30
1 0 1 1 3.4031792813157866e-02 2.4459766481117456e-02 1.0000000104643267e+00 7.7510901015898970e-02 7.1514154542457992e-02 2.3745275002490018e+01 30
1 0 1 1 3.4023370593475592e-02 2.4447979058629169e-02 1.0000000111892076e+00 7.7444850489038597e-02 7.2284538909599808e-02 2.3795274995903181e+01 30
1 0 1 1 3.4014666731599648e-02 2.4436064639941930e-02 1.0000000119595069e+00 7.7378874592073377e-02 7.3057769123795205e-02 2.3845274989258492e+01 30
1 0 1 1 3.4005683715957365e-02 2.4424024776521090e-02 1.0000000127777537e+00 7.7312974639529131e-02 7.3833823941115428e-02 2.3895274982565898e+01 30
1 0 1 1 3.3996424031676326e-02 2.4411861011734041e-02 1.0000000136465985e+00 7.7247151937076430e-02 7.4612682177140163e-02 2.3945274975816524e+01 30
1 0 1 1 3.3986890160341843e-02 2.4399574880788710e-02 1.0000000145688177e+00 7.7181407781430234e-02 7.5394322708217054e-02 2.3995274969019803e+01 30
1 0 1 1 3.3977084579784572e-02 2.4387167910708683e-02 1.0000000155473201e+00 7.7115743460335340e-02 7.6178724471720430e-02 2.4045274962176386e+01 30
1 0 1 1 3.3967009589122014e-02 2.4374632967589471e-02 1.0000000165854435e+00 7.7050160252505578e-02 7.6965883895740925e-02 2.4095276060420577e+01 30
1 0 1 1 3.3956668420424434e-02 2.4361976523247238e-02 1.0000000176862092e+00 7.6984663775291451e-02 7.7755719406502971e-02 2.4145274420621941e+01 30
1 0 1 1 3.3946062632756971e-02 2.4349203583573922e-02 1.0000000188529079e+00 7.6919248871723744e-02 7.8548277822797441e-02 2.4195274334080562e+01 30
1 0 1 1 3.3935194852812059e-02 2.4336315856426101e-02 1.0000000200890131e+00 7.6853917932296428e-02 7.9343524778485788e-02 2.4245274934255971e+01 30
1 0 1 1 3.3924067817017380e-02 2.4323315160896697e-02 1.0000000213981417e+00 7.6788673889867154e-02 8.0141418952525523e-02 2.4295274927197191e+01 30
1 0 1 1 3.3912683845729354e-02 2.4310202818535583e-02 1.0000000227841199e+00 7.6723517183274609e-02 8.0941949303632202e-02 2.4345274920101964e+01 30
1 0 1 1 3.3901045384455687e-02 2.4296980298202729e-02 1.0000000242509299e+00 7.6658449035967080e-02 8.1745095214758104e-02 2.4395274912964513e+01 29
1 0 1 1 3.3889154873269274e-02 2.4283649060228098e-02 1.0000000258027304e+00 7.6593470662061319e-02 8.2550836135036554e-02 2.4445274905790743e+01 29
1 0 1 1 3.3877014746618077e-02 2.4270210556389692e-02 1.0000000274438616e+00 7.6528583266331329e-02 8.3359151580012503e-02 2.4495274898579027e+01 29
1 0 1 1 3.3864627433134835e-02 2.4256666229886512e-02 1.0000000291788536e+00 7.6463788044160957e-02 8.4170021132362702e-02 2.4545274891332422e+01 29
1 0 1 1 3.3851995355457618e-02 2.4243017515321555e-02 1.0000000310124304e+00 7.6399086181522302e-02 8.4983424442332312e-02 2.4595274884053950e+01 29
1 0 1 1 3.3839120930043369e-02 2.4229265838676829e-02 1.0000000329495193e+00 7.6334478854952426e-02 8.5799341228081707e-02 2.4645274876737435e+01 29
1 0 1 1 3.3826006566994929e-02 2.4215412617295744e-02 1.0000000349952556e+00 7.6269967231498370e-02 8.6617751276638844e-02 2.4695274869396169e+01 29
1 0 1 1 3.3812654669891119e-02 2.4201459259875376e-02 1.0000000371549904e+00 7.6205552468742027e-02 8.7438634443594690e-02 2.4745274862015048e+01 29
1 0 1 1 3.3799067635605570e-02 2.4187407166430808e-02 1.0000000394342983e+00 7.6141235714707267e-02 8.8261970654589225e-02 2.4795274854613893e+01 29
1 0 1 1 3.3785247854157180e-02 2.4173257728304823e-02 1.0000000418389829e+00 7.6077018107919447e-02 8.9087739904627983e-02 2.4845274847178050e+01 29
1 0 1 1 3.3771197708535046e-02 2.4159012328140016e-02 1.0000000443750869e+00 7.6012900777312764e-02 8.9915922259463654e-02 2.4895274839716027e+01 29
1 0 1 1 3.3756919574542535e-02 2.4144672339869205e-02 1.0000000470488968e+00 7.5948884842252706e-02 9.0746497855527256e-02 2.4945274832230034e+01 29
1 0 1 1 3.3742415820646292e-02 2.4130239128714020e-02 1.0000000498669528e+00 7.5884971412515517e-02 9.1579446900351510e-02 2.4995274824716226e+01 29
1 0 1 1 3.3727688807821787e-02 2.4115714051169967e-02 1.0000000528360553e+00 7.5821161588255803e-02 9.2414749673216737e-02 2.5045274817179944e+01 29
1 0 1 1 3.3712740889400523e-02 2.4101098454998127e-02 1.0000000559632740e+00 7.5757456460012307e-02 9.3252386525270028e-02 2.5095274809619557e+01 29
1 0 1 1 3.3697574410933677e-02 2.4086393679228241e-02 1.0000000592559548e+00 7.5693857108682372e-02 9.4092337880091970e-02 2.5145274802037491e+01 29
1 0 1 1 3.3682191710041089e-02 2.4071601054143431e-02 1.0000000627217294e+00 7.5630364605518974e-02 9.4934584233930655e-02 2.5195274794432969e+01 29
1 0 1 1 3.3666595116280326e-02 2.4056721901286250e-02 1.0000000663685227e+00 7.5566980012113760e-02 9.5779106156244548e-02 2.5245274786812693e+01 29
1 0 1 1 3.3650786951008024e-02 2.4041757533454403e-02 1.0000000702045617e+00 7.5503704380411735e-02 9.6625884289618505e-02 2.5295274779165766e+01 29
1 0 1 1 3.3634769527244403e-02 2.4026709254694571e-02 1.0000000742383850e+00 7.5440538752658381e-02 9.7474899350852101e-02 2.5345274771508322e+01 29
1 0 1 1 3.3618545149553446e-02 2.4011578360313413e-02 1.0000000784788499e+00 7.5377484161458286e-02 9.8326132130338820e-02 2.5395274763827864e+01 28
1 0 1 1 3.3602116113907170e-02 2.3996366136870641e-02 1.0000000829351432e+00 7.5314541629711407e-02 9.9179563493210138e-02 2.5445274756132051e+01 28
1 0 1 1 3.3585484707571361e-02 2.3981073862186977e-02 1.0000000876167889e+00 7.5251712170646412e-02 1.0003517437923554e-01 2.5495274748425334e+01 28
1 0 1 1 3.3568653208982474e-02 2.3965702805347124e-02 1.0000000925336585e+00 7.5188996787826090e-02 1.0089294580291797e-01 2.5545274740697430e+01 28
1 0 1 1 3.3551623887629889e-02 2.3950254226704021e-02 1.0000000976959793e+00 7.5126396475107243e-02 1.0175285885439612e-01 2.5595274732959201e+01 28
1 0 1 1 3.3534399003944969e-02 2.3934729377885426e-02 1.0000001031143451e+00 7.5063912216686179e-02 1.0261489469909980e-01 2.5645274725207109e+01 28
1 0 1 1 3.3516980809189849e-02 2.3919129501802569e-02 1.0000001087997243e+00 7.5001544987077173e-02 1.0347903457835549e-01 2.5695274717442803e+01 28
1 0 1 1 3.3499371545351257e-02 2.3903455832657048e-02 1.0000001147634712e+00 7.4939295751124069e-02 1.0434525980958556e-01 2.5745274709670220e+01 28
1 0 1 1 3.3481573445037084e-02 2.3887709595953845e-02 1.0000001210173344e+00 7.4877165464016349e-02 1.0521355178631779e-01 2.5795274701881780e+01 28
1 0 1 1 3.3463588731366282e-02 2.3871892008502264e-02 1.0000001275734673e+00 7.4815155071264516e-02 1.0608389197890636e-01 2.5845274694086608e+01 28
1 0 1 1 3.3445419617882409e-02 2.3856004278439490e-02 1.0000001344444387e+00 7.4753265508742978e-02 1.0695626193427499e-01 2.5895274686282441e+01 28
1 0 1 1 3.3427068308451970e-02 2.3840047605235951e-02 1.0000001416432414e+00 7.4691497702680854e-02 1.0783064327639089e-01 2.5945274678470650e+01 28
1 0 1 1 3.3408536997169162e-02 2.3824023179708491e-02 1.0000001491833039e+00 7.4629852569677940e-02 1.0870701770633182e-01 2.5995274670648005e+01 28
1 0 1 1 3.3389827868266442e-02 2.3807932184032491e-02 1.0000001570785000e+00 7.4568331016701184e-02 1.0958536700282399e-01 2.6045274662826134e+01 28
1 0 1 1 3.3370943096037074e-02 2.3791775791770123e-02 1.0000001653431589e+00 7.4506933941137776e-02 1.1046567302167232e-01 2.6095274654987655e+01 28
1 0 1 1 3.3351879493735609e-02 2.3775555167861371e-02 1.0000001739920763e+00 7.4445662230737480e-02 1.1134791769713066e-01 2.6145274647154395e+01 28
1 0 1 1 3.3332641732334564e-02 2.3759271468668991e-02 1.0000001830405241e+00 7.4384516763713715e-02 1.1223208304070190e-01 2.6195274639308728e+01 28
1 0 1 1 3.3313235055706950e-02 2.3742925841970734e-02 1.0000001925042614e+00 7.4323498408678523e-02 1.1311815114255690e-01 2.6245274631465040e+01 28
1 0 1 1 3.3293661595815149e-02 2.3726519426997265e-02 1.0000002023995453e+00 7.4262608024721982e-02 1.1400610417071584e-01 2.6295274623614034e+01 28
1 0 1 1 3.3273923474224469e-02 2.3710053354437384e-02 1.0000002127431415e+00 7.4201846461383281e-02 1.1489592437186220e-01 2.6345274615760403e+01 28
1 0 1 1 3.3254022802041490e-02 2.3693528746463906e-02 1.0000002235523342e+00 7.4141214558690771e-02 1.1578759407127606e-01 2.6395274607911045e+01 28
1 0 1 1 3.3233961679846859e-02 2.3676946716758244e-02 1.0000002348449382e+00 7.4080713147198746e-02 1.1668109567250980e-01 2.6445274600049039e+01 28
1 0 1 1 3.3213742197616365e-02 2.3660308370516740e-02 1.0000002466393081e+00 7.4020343047943360e-02 1.1757641165869331e-01 2.6495274592199912e+01 27
1 0 1 1 3.3193366434682368e-02 2.3643614804495242e-02 1.0000002589543509e+00 7.3960105072561427e-02 1.1847352459099843e-01 2.6545274584338866e+01 27
1 0 1 1 3.3172836459644188e-02 2.3626867107006934e-02 1.0000002718095347e+00 7.3900000023206208e-02 1.1937241711047297e-01 2.6595274576486915e+01 27
1 0 1 1 3.3152154330332605e-02 2.3610066357964275e-02 1.0000002852249017e+00 7.3840028692660042e-02 1.2027307193667487e-01 2.6645274568629013e+01 27
1 0 1 1 3.3131322093740069e-02 2.3593213628892246e-02 1.0000002992210775e+00 7.3780191864286832e-02 1.2117547186897312e-01 2.6695274560780732e+01 27
1 0 1 1 3.3110341785978652e-02 2.3576309982961011e-02 1.0000003138192819e+00 7.3720490312120274e-02 1.2207959978554331e-01 2.6745274552927746e+01 27
1 0 1 1 3.3089215432213617e-02 2.3559356475001660e-02 1.0000003290413408e+00 7.3660924800826755e-02 1.2298543864444633e-01 2.6795274545080556e+01 27
1 0 1 1 3.3067945046627661e-02 2.3542354151539588e-02 1.0000003449096961e+00 7.3601496085775875e-02 1.2389297148303853e-01 2.6845274537237962e+01 27
1 0 1 1 3.3046532632366732e-02 2.3525304050817077e-02 1.0000003614474164e+00 7.3542204913052134e-02 1.2480218141823600e-01 2.6895274529397646e+01 27
1 0 1 1 3.3024980181497111e-02 2.3508207202820840e-02 1.0000003786782083e+00 7.3483052019475331e-02 1.2571305164669749e-01 2.6945274521562723e+01 27
1 0 1 1 3.3003289674961862e-02 2.3491064629309718e-02 1.0000003966264259e+00 7.3424038132638786e-02 1.2662556544471074e-01 2.6995274513732348e+01 27
1 0 1 1 3.2981463082542663e-02 2.3473877343844419e-02 1.0000004153170829e+00 7.3365163970930986e-02 1.2753970616835716e-01 2.7045274505907901e+01 27
1 0 1 1 3.2959502362814301e-02 2.3456646351809052e-02 1.0000004347758618e+00 7.3306430243568810e-02 1.2845545725344307e-01 2.7095274498087210e+01 27
1 0 1 1 3.2937409463114624e-02 2.3439372650447033e-02 1.0000004550291250e+00 7.3247837650617348e-02 1.2937280221581779e-01 2.7145274490279412e+01 27
1 0 1 1 3.2915186319513207e-02 2.3422057228892550e-02 1.0000004761039252e+00 7.3189386883051155e-02 1.3029172465076175e-01 2.7195274482470083e+01 27
1 0 1 1 3.2892834856763135e-02 2.3404701068187653e-02 1.0000004980280148e+00 7.3131078622730217e-02 1.3121220823399346e-01 2.7245274474674780e+01 27
1 0 1 1 3.2870356988290120e-02 2.3387305141328724e-02 1.0000005208298575e+00 7.3072913542492068e-02 1.3213423672067509e-01 2.7295274466883789e+01 27
1 0 1 1 3.2847754616149423e-02 2.3369870413285747e-02 1.0000005445386368e+00 7.3014892306138335e-02 1.3305779394622053e-01 2.7345274459105401e+01 27
1 0 1 1 3.2825029631007217e-02 2.3352397841039568e-02 1.0000005691842668e+00 7.2957015568502342e-02 1.3398286382562993e-01 2.7395274451329524e+01 27
1 0 1 1 3.2802183912104245e-02 2.3334888373605148e-02 1.0000005947974018e+00 7.2899283975441598e-02 1.3490943035422451e-01 2.7445274443567342e+01 27
1 0 1 1 3.2779219327250898e-02 2.3317342952078705e-02 1.0000006214094457e+00 7.2841698163913782e-02 1.3583747760700712e-01 2.7495274435816761e+01 27
1 0 1 1 3.2756137732791686e-02 2.3299762509656929e-02 1.0000006490525617e+00 7.2784258761995013e-02 1.3676698973879264e-01 2.7545274428070559e+01 27
1 0 1 1 3.2732940973585589e-02 2.3282147971671333e-02 1.0000006777596817e+00 7.2726966388893505e-02 1.3769795098464885e-01 2.7595274420340601e+01 26
1 0 1 1 3.2709630882998893e-02 2.3264500255629796e-02 1.0000007075645150e+00 7.2669821655026501e-02 1.3863034565910087e-01 2.7645274412616292e+01 26
1 0 1 1 3.2686209282874114e-02 2.3246820271236857e-02 1.0000007385015572e+00 7.2612825162011840e-02 1.3956415815692752e-01 2.7695274404909053e+01 26
1 0 1 1 3.2662677983534123e-02 2.3229108920444337e-02 1.0000007706061000e+00 7.2555977502748670e-02 1.4049937295233156e-01 2.7745274397209130e+01 26
1 0 1 1 3.2639038783748540e-02 2.3211367097466743e-02 1.0000008039142383e+00 7.2499279261413224e-02 1.4143597459958565e-01 2.7795274389522849e+01 26
1 0 1 1 3.2615293470739971e-02 2.3193595688831219e-02 1.0000008384628791e+00 7.2442731013523082e-02 1.4237394773260209e-01 2.7845274381851358e+01 26
1 0 1 1 3.2591443820168105e-02 2.3175795573406956e-02 1.0000008742897502e+00 7.2386333325972274e-02 1.4331327706482325e-01 2.7895274374187654e+01 26
1 0 1 1 3.2567491596115175e-02 2.3157967622434408e-02 1.0000009114334067e+00 7.2330086757046164e-02 1.4425394738967651e-01 2.7945274366543725e+01 26
1 0 1 1 3.2543438551094962e-02 2.3140112699573449e-02 1.0000009499332405e+00 7.2273991856501851e-02 1.4519594357968343e-01 2.7995274358906165e+01 26
1 0 1 1 3.2519286426027201e-02 2.3122231660922195e-02 1.0000009898294855e+00 7.2218049165554854e-02 1.4613925058738095e-01 2.8045274351288729e+01 26
1 0 1 1 3.2495036950257759e-02 2.3104325355071505e-02 1.0000010311632264e+00 7.2162259216970642e-02 1.4708385344435804e-01 2.8095274343684643e+01 26
1 0 1 1 3.2470691841539556e-02 2.3086394623128455e-02 1.0000010739764043e+00 7.2106622535072273e-02 1.4802973726164056e-01 2.8145274336091006e+01 26
1 0 1 1 3.2446252806034047e-02 2.3068440298751967e-02 1.0000011183118243e+00 7.2051139635776473e-02 1.4897688722979296e-01 2.8195274328518593e+01 26
1 0 1 1 3.2421721538326106e-02 2.3050463208204110e-02 1.0000011642131610e+00 7.1995811026667828e-02 1.4992528861817161e-01 2.8245274320956113e+01 26
1 0 1 1 3.2397099721404643e-02 2.3032464170365516e-02 1.0000012117249641e+00 7.1940637206996061e-02 1.5087492677561018e-01 2.8295274313411994e+01 26
1 0 1 1 3.2372389026686731e-02 2.3014443996791322e-02 1.0000012608926654e+00 7.1885618667750756e-02 1.5182578712980144e-01 2.8345274305885916e+01 26
1 0 1 1 3.2347591114013238e-02 2.2996403491740303e-02 1.0000013117625823e+00 7.1830755891694575e-02 1.5277785518721043e-01 2.8395274298369724e+01 26
1 0 1 1 3.2322707631648011e-02 2.2978343452205129e-02 1.0000013643819237e+00 7.1776049353380056e-02 1.5373111653354027e-01 2.8445274290877485e+01 26
1 0 1 1 3.2297740216307096e-02 2.2960264667968779e-02 1.0000014187987945e+00 7.1721499519239063e-02 1.5468555683274710e-01 2.8495274283398800e+01 26
1 0 1 1 3.2272690493146718e-02 2.2942167921625272e-02 1.0000014750621997e+00 7.1667106847582845e-02 1.5564116182760168e-01 2.8545274275934510e+01 26
1 0 1 1 3.2247560075779981e-02 2.2924053988622625e-02 1.0000015332220482e+00 7.1612871788654386e-02 1.5659791733949713e-01 2.8595274268492442e+01 26
1 0 1 1 3.2222350566299067e-02 2.2905923637308454e-02 1.0000015933291566e+00 7.1558794784692070e-02 1.5755580926796428e-01 2.8645274261068458e+01 26
1 0 1 1 3.2197063555275504e-02 2.2887777628958397e-02 1.0000016554352515e+00 7.1504876269955275e-02 1.5851482359075481e-01 2.8695274253657377e+01 25
1 0 1 1 3.2171700621773970e-02 2.2869616717816992e-02 1.0000017195929727e+00 7.1451116670755099e-02 1.5947494636403090e-01 2.8745274246269140e+01 25
1 0 1 1 3.2146263333377854e-02 2.2851441651140843e-02 1.0000017858558756e+00 7.1397516405529465e-02 1.6043616372160061e-01 2.8795274238896280e+01 25
1 0 1 1 3.2120753246194206e-02 2.2833253169230919e-02 1.0000018542784328e+00 7.1344075884856278e-02 1.6139846187541068e-01 2.8845274231546458e+01 25
1 0 1 1 3.2095171904883008e-02 2.2815052005479175e-02 1.0000019249160355e+00 7.1290795511526034e-02 1.6236182711480115e-01 2.8895274224211022e+01 25
1 0 1 1 3.2069520842664991e-02 2.2796838886400970e-02 1.0000019978249945e+00 7.1237675680553808e-02 1.6332624580705357e-01 2.8945274216900746e+01 25
1 0 1 1 3.2043801581349528e-02 2.2778614531677285e-02 1.0000020730625412e+00 7.1184716779261831e-02 1.6429170439638688e-01 2.8995274209602140e+01 25
1 0 1 1 3.2018015631342170e-02 2.2760379654187979e-02 1.0000021506868266e+00 7.1131919187275128e-02 1.6525818940483633e-01 2.9045274202329967e+01 25
1 0 1 1 3.1992164491688575e-02 2.2742134960063914e-02 1.0000022307569219e+00 7.1079283276618471e-02 1.6622568743113336e-01 2.9095274195077945e+01 25
1 0 1 1 3.1966249650080637e-02 2.2723881148716863e-02 1.0000023133328173e+00 7.1026809411732006e-02 1.6719418515098658e-01 2.9145274187841139e+01 25
1 0 1 1 3.1940272582876683e-02 2.2705618912874207e-02 1.0000023984754209e+00 7.0974497949506998e-02 1.6816366931713703e-01 2.9195274180627646e+01 25
1 0 1 1 3.1914234755140672e-02 2.2687348938630111e-02 1.0000024862465564e+00 7.0922349239355642e-02 1.6913412675880324e-01 2.9245274173438236e+01 25
1 0 1 1 3.1888137620664267e-02 2.2669071905482254e-02 1.0000025767089611e+00 7.0870363623252719e-02 1.7010554438150635e-01 2.9295274166266232e+01 25
1 0 1 1 3.1861982621985044e-02 2.2650788486365224e-02 1.0000026699262834e+00 7.0818541435762494e-02 1.7107790916723536e-01 2.9345274159114958e+01 25
1 0 1 1 3.1835771190418014e-02 2.2632499347692504e-02 1.0000027659630786e+00 7.0766883004097336e-02 1.7205120817405978e-01 2.9395274151987142e+01 25
1 0 1 1 3.1809504746090289e-02 2.2614205149402270e-02 1.0000028648848058e+00 7.0715388648167482e-02 1.7302542853585173e-01 2.9445274144879523e+01 25
1 0 1 1 3.1783184697961417e-02 2.2595906544988564e-02 1.0000029667578234e+00 7.0664058680615538e-02 1.7400055746233739e-01 2.9495274137795413e+01 25
1 0 1 1 3.1756812443862387e-02 2.2577604181549488e-02 1.0000030716493837e+00 7.0612893406874072e-02 1.7497658223869167e-01 2.9545274130733105e+01 25
1 0 1 1 3.1730389370518641e-02 2.2559298699818976e-02 1.0000031796276285e+00 7.0561893125204111e-02 1.7595349022542919e-01 2.9595274123690540e+01 25
1 0 1 1 3.1703916853583737e-02 2.2540990734210585e-02 1.0000032907615815e+00 7.0511058126736137e-02 1.7693126885840943e-01 2.9645274116675047e+01 25
1 0 1 1 3.1677396257681158e-02 2.2522680912861168e-02 1.0000034051211428e+00 7.0460388695537668e-02 1.7790990564815309e-01 2.9695274109678813e+01 25
1 0 1 1 3.1650828936421807e-02 2.2504369857662028e-02 1.0000035227770825e+00 7.0409885108632664e-02 1.7888938818014674e-01 2.9745274102704510e+01 25
1 0 1 1 3.1624216232448460e-02 2.2486058184303794e-02 1.0000036438010309e+00 7.0359547636060005e-02 1.7986970411449071e-01 2.9795274095757840e+01 25
1 0 1 1 3.1597559477474842e-02 2.2467746502320543e-02 1.0000037682654721e+00 7.0309376540933194e-02 1.8085084118536407e-01 2.9845274088830710e+01 24
1 0 1 1 3.1570859992308083e-02 2.2449435415119727e-02 1.0000038962437343e+00 7.0259372079460897e-02 1.8183278720134388e-01 2.9895274081928331e+01 24
1 0 1 1 3.1544119086895368e-02 2.2431125520029020e-02 1.0000040278099804e+00 7.0209534501013221e-02 1.8281553004479464e-01 2.9945274075048939e+01 24
1 0 1 1 3.1517338060358578e-02 2.2412817408336443e-02 1.0000041630391983e+00 7.0159864048158771e-02 1.8379905767188706e-01 2.9995274068195325e+01 24
1 0 1 1 3.1490518201032554e-02 2.2394511665327802e-02 1.0000043020071891e+00 7.0110360956720352e-02 1.8478335811209359e-01 3.0045274061360853e+01 24
1 0 1 1 3.1463660786495061e-02 2.2376208870321521e-02 1.0000044447905583e+00 7.0061025455800952e-02 1.8576841946855296e-01 3.0095274054559216e+01 24
1 0 1 1 3.1436767083628289e-02 2.2357909596725744e-02 1.0000045914667008e+00 7.0011857767872526e-02 1.8675422991679116e-01 3.0145274047770208e+01 24
1 0 1 1 3.1409834307594330e-02 2.2339614412048847e-02 1.0000047421137912e+00 6.9962858108757575e-02 1.8774077770600939e-01 3.0195274041017740e+01 24
1 0 1 1 3.1382865819090083e-02 2.2321323877974506e-02 1.0000048968107684e+00 6.9914026687754566e-02 1.8872805115709215e-01 3.0245274034279205e+01 24
1 0 1 1 3.1355864700895117e-02 2.2303038550367443e-02 1.0000050556373237e+00 6.9865363707606098e-02 1.8971603866412862e-01 3.0295274027575427e+01 24
1 0 1 1 3.1328832179524008e-02 2.2284758979341644e-02 1.0000052186738850e+00 6.9816869364618173e-02 1.9070472869256552e-01 3.0345274020888418e+01 24
1 0 1 1 3.1301769470952277e-02 2.2266485709277906e-02 1.0000053860016032e+00 6.9768543848643616e-02 1.9169410978040027e-01 3.0395274014233884e+01 24
1 0 1 1 3.1274677780683817e-02 2.2248219278878548e-02 1.0000055577023348e+00 6.9720387343183893e-02 1.9268417053660200e-01 3.0445274007593856e+01 24
1 0 1 1 3.1247558303767773e-02 2.2229960221191277e-02 1.0000057338586275e+00 6.9672400025375475e-02 1.9367489964242199e-01 3.0495274000994769e+01 24
1 0 1 1 3.1220412224881530e-02 2.2211709063674083e-02 1.0000059145537012e+00 6.9624582066119600e-02 1.9466628584912118e-01 3.0545273994405331e+01 24
1 0 1 1 3.1193240718322406e-02 2.2193466328200122e-02 1.0000060998714326e+00 6.9576933630028176e-02 1.9565831798003358e-01 3.0595273987852980e+01 24
1 0 1 1 3.1166044948100564e-02 2.2175232531127451e-02 1.0000062898963349e+00 6.9529454875563917e-02 1.9665098492824473e-01 3.0645273981319935e+01 24
1 0 1 1 3.1138826067951757e-02 2.2157008183320101e-02 1.0000064847135401e+00 6.9482145955020336e-02 1.9764427565785320e-01 3.0695273974818612e+01 24
1 0 1 1 3.1111585221402990e-02 2.2138793790196769e-02 1.0000066844087787e+00 6.9435007014614442e-02 1.9863817920263202e-01 3.0745273968338054e+01 24
1 0 1 1 3.1084323541802142e-02 2.2120589851763222e-02 1.0000068890683598e+00 6.9388038194495572e-02 1.9963268466666348e-01 3.0795273961887791e+01 24
1 0 1 1 3.1057042152376420e-02 2.2102396862654489e-02 1.0000070987791505e+00 6.9341239628824103e-02 2.0062778122334074e-01 3.0845273955461835e+01 24
1 0 1 1 3.1029742166271624e-02 2.2084215312172892e-02 1.0000073136285532e+00 6.9294611445795712e-02 2.0162345811557383e-01 3.0895273949061171e+01 24
1 0 1 1 3.1002424686600322e-02 2.2066045684325325e-02 1.0000075337044838e+00 6.9248153767694054e-02 2.0261970465546436e-01 3.0945273942691191e+01 23
1 0 1 1 3.0975090806496075e-02 2.2047888457866292e-02 1.0000077590953493e+00 6.9201866710950133e-02 2.0361651022375138e-01 3.0995273936347360e+01 23
1 0 1 1 3.0947741609155931e-02 2.2029744106334202e-02 1.0000079898900229e+00 6.9155750386174553e-02 2.0461386426981557e-01 3.1045273930028397e+01 23
1 0 1 1 3.0920378167885326e-02 2.2011613098086850e-02 1.0000082261778205e+00 6.9109804898203731e-02 2.0561175631138368e-01 3.1095273923735231e+01 23
1 0 1 1 3.0893001546147821e-02 2.1993495896338672e-02 1.0000084680484751e+00 6.9064030346147998e-02 2.0661017593432213e-01 3.1145273917474888e+01 23
1 0 1 1 3.0865612797626861e-02 2.1975392959210860e-02 1.0000087155921114e+00 6.9018426823454909e-02 2.0760911279190092e-01 3.1195273911236360e+01 23
1 0 1 1 3.0838212966253872e-02 2.1957304739753127e-02 1.0000089688992191e+00 6.8972994417923705e-02 2.0860855660527547e-01 3.1245273905029254e+01 23
1 0 1 1 3.0810803086275439e-02 2.1939231685992905e-02 1.0000092280606254e+00 6.8927733211782721e-02 2.0960849716245039e-01 3.1295273898845881e+01 23
1 0 1 1 3.0783384182291887e-02 2.1921174240968459e-02 1.0000094931674675e+00 6.8882643281708927e-02 2.1060892431877071e-01 3.1345273892699325e+01 23
1 0 1 1 3.0755957269324747e-02 2.1903132842774821e-02 1.0000097643111638e+00 6.8837724698912917e-02 2.1160982799545683e-01 3.1395273886564926e+01 23
1 0 1 1 3.0728523352827688e-02 2.1885107924576659e-02 1.0000100415833848e+00 6.8792977529114396e-02 2.1261119818119562e-01 3.1445273880473909e+01 23
1 0 1 1 3.0701083428795014e-02 2.1867099914685162e-02 1.0000103250760222e+00 6.8748401832680106e-02 2.1361302492968767e-01 3.1495273874404578e+01 23
1 0 1 1 3.0673638483765440e-02 2.1849109236562626e-02 1.0000106148811594e+00 6.8703997664596811e-02 2.1461529836097215e-01 3.1545273868363385e+01 23
1 0 1 1 3.0646189494891170e-02 2.1831136308870683e-02 1.0000109110910389e+00 6.8659765074547907e-02 2.1561800866042816e-01 3.1595273862349821e+01 23
1 0 1 1 3.0618737429988531e-02 2.1813181545510024e-02 1.0000112137980310e+00 6.8615704106951836e-02 2.1662114607872063e-01 3.1645273856367325e+01 23
1 0 1 1 3.0591283247592041e-02 2.1795245355655128e-02 1.0000115230946003e+00 6.8571814801016373e-02 2.1762470093131348e-01 3.1695273850414711e+01 23
1 0 1 1 3.0563827897005034e-02 2.1777328143792636e-02 1.0000118390732715e+00 6.8528097190779957e-02 2.1862866359817912e-01 3.1745273844485713e+01 23
1 0 1 1 3.0536372318343729e-02 2.1759430309753997e-02 1.0000121618265965e+00 6.8484551305142638e-02 2.1963302452389624e-01 3.1795273838588312e+01 23
1 0 1 1 3.0508917442600942e-02 2.1741552248755566e-02 1.0000124914471182e+00 6.8441177167933048e-02 2.2063777421692188e-01 3.1845273832724473e+01 23
1 0 1 1 3.0481464191698626e-02 2.1723694351437589e-02 1.0000128280273348e+00 6.8397974797953898e-02 2.2164290324913341e-01 3.1895273826881549e+01 23
1 0 1 1 3.0454013478524371e-02 2.1705857003890976e-02 1.0000131716596634e+00 6.8354944208996349e-02 2.2264840225636706e-01 3.1945273821073844e+01 23
1 0 1 1 3.0426566207006390e-02 2.1688040587705182e-02 1.0000135224364028e+00 6.8312085409925893e-02 2.2365426193712279e-01 3.1995273815293903e+01 23
1 0 1 1 3.0399123272151669e-02 2.1670245479996627e-02 1.0000138804496954e+00 6.8269398404700588e-02 2.2466047305286913e-01 3.2045273809542458e+01 23
1 0 1 1 3.0371685560102713e-02 2.1652472053445535e-02 1.0000142457914882e+00 6.8226883192422760e-02 2.2566702642767802e-01 3.2095273803825741e+01 22
1 0 1 1 3.0344253948201137e-02 2.1634720676339852e-02 1.0000146185534937e+00 6.8184539767397856e-02 2.2667391294745837e-01 3.2145273798132266e+01 22
1 0 1 1 3.0316829305018479e-02 2.1616991712594472e-02 1.0000149988271492e+00 6.8142368119148811e-02 2.2768112356035805e-01 3.2195273792468761e+01 22
1 0 1 1 3.0289412490428241e-02 2.1599285521800803e-02 1.0000153867035766e+00 6.8100368232481723e-02 2.2868864927611265e-01 3.2245273786842510e+01 22
1 0 1 1 3.0262004355663133e-02 2.1581602459261717e-02 1.0000157822735398e+00 6.8058540087542890e-02 2.2969648116534735e-01 3.2295273781243118e+01 22
1 0 1 1 3.0234605743354369e-02 2.1563942876019718e-02 1.0000161856274032e+00 6.8016883659836824e-02 2.3070461035977091e-01 3.2345273775666854e+01 22
1 0 1 1 3.0207217487581702e-02 2.1546307118887633e-02 1.0000165968550878e+00 6.7975398920267105e-02 2.3171302805215663e-01 3.2395273770132043e+01 22
1 0 1 1 3.0179840413957090e-02 2.1528695530503832e-02 1.0000170160460278e+00 6.7934085835223340e-02 2.3272172549487602e-01 3.2445273764621561e+01 22
1 0 1 1 3.0152475339645129e-02 2.1511108449345194e-02 1.0000174432891258e+00 6.7892944366576002e-02 2.3373069400073793e-01 3.2495273759140233e+01 22
1 0 1 1 3.0125123073432399e-02 2.1493546209770589e-02 1.0000178786727074e+00 6.7851974471741405e-02 2.3473992494234561e-01 3.2545273753699099e+01 22
1 0 1 1 3.0097784415794106e-02 2.1476009142064260e-02 1.0000183222844756e+00 6.7811176103747262e-02 2.3574940975096795e-01 3.2595273748275019e+01 22
1 0 1 1 3.0070460158912505e-02 2.1458497572447249e-02 1.0000187742114632e+00 6.7770549211218001e-02 2.3675913991792857e-01 3.2645273742895370e+01 22
1 0 1 1 3.0043151086776687e-02 2.1441011823138172e-02 1.0000192345399863e+00 6.7730093738492952e-02 2.3776910699223727e-01 3.2695273737537534e+01 22
1 0 1 1 3.0015857975197090e-02 2.1423552212365679e-02 1.0000197033555949e+00 6.7689809625602865e-02 2.3877930258211991e-01 3.2745273732219431e+01 22
1 0 1 1 2.9988581591891366e-02 2.1406119054418263e-02 1.0000201807430251e+00 6.7649696808367521e-02 2.3978971835304735e-01 3.2795273726919298e+01 22
1 0 1 1 2.9961322696502628e-02 2.1388712659658374e-02 1.0000206667861491e+00 6.7609755218378476e-02 2.4080034602928926e-01 3.2845273721667702e+01 22
1 0 1 1 2.9934082040704794e-02 2.1371333334586025e-02 1.0000211615679238e+00 6.7569984783122122e-02 2.4181117739129471e-01 3.2895273716434858e+01 22
1 0 1 1 2.9906859831005217e-02 2.1353976324735499e-02 1.0000216654509044e+00 6.7530385425940420e-02 2.4282222462673447e-01 3.2945274689489089e+01 22
1 0 1 1 2.9879658809896299e-02 2.1336646764007410e-02 1.0000221782901908e+00 6.7490959388695981e-02 2.4383340474068729e-01 3.2995272957217225e+01 22
1 0 1 1 2.9852477020311314e-02 2.1319344398248438e-02 1.0000227001517596e+00 6.7451702500564703e-02 2.4484480938785574e-01 3.3045273456311733e+01 22
1 0 1 1 2.9825316537881168e-02 2.1302070383086399e-02 1.0000232310894324e+00 6.7412616638623912e-02 2.4585638019704001e-01 3.3095273695651969e+01 22
1 0 1 1 2.9798178066393448e-02 2.1284825000998445e-02 1.0000237711813533e+00 6.7373701695472910e-02 2.4686810953994423e-01 3.3145273690573234e+01 22
1 0 1 1 2.9771062177764141e-02 2.1267608451967585e-02 1.0000243205069899e+00 6.7334957382873317e-02 2.4787999448176051e-01 3.3195273685551349e+01 21
1 0 1 1 2.9743969569163423e-02 2.1250421016856688e-02 1.0000248791419557e+00 6.7296383600292498e-02 2.4889202719622319e-01 3.3245273680542404e+01 21
1 0 1 1 2.9716900930159374e-02 2.1233262972874620e-02 1.0000254471605281e+00 6.7257980243334708e-02 2.4990419991339702e-01 3.3295273675580596e+01 21
1 0 1 1 2.9689856942843207e-02 2.1216134593654644e-02 1.0000260246355921e+00 6.7219747203881242e-02 2.5091650491658446e-01 3.3345273670641248e+01 21
1 0 1 1 2.9662838281828658e-02 2.1199036149248781e-02 1.0000266116385823e+00 6.7181684370059724e-02 2.5192893454408055e-01 3.3395273665745563e+01 21
1 0 1 1 2.9635845614350224e-02 2.1181967906189227e-02 1.0000272082394248e+00 6.7143791626345234e-02 2.5294148118693255e-01 3.3445273660865766e+01 21
1 0 1 1 2.9608879600268308e-02 2.1164930127489615e-02 1.0000278145064800e+00 6.7106068853530265e-02 2.5395413729103894e-01 3.3495273656045612e+01 21
1 0 1 1 2.9581940892195499e-02 2.1147923072719815e-02 1.0000284305064806e+00 6.7068515928873307e-02 2.5496689535332129e-01 3.3545273651228747e+01 21
1 0 1 1 2.9555030135454480e-02 2.1130946997978555e-02 1.0000290563044751e+00 6.7031132725999198e-02 2.5597974792574241e-01 3.3595273646473245e+01 21
1 0 1 1 2.9528147968235871e-02 2.1114002155988507e-02 1.0000296919637637e+00 6.6993919115090894e-02 2.5699268761050703e-01 3.3645273641732395e+01 21
1 0 1 1 2.9501295021563689e-02 2.1097088796072871e-02 1.0000303375458401e+00 6.6956874962802698e-02 2.5800570706339904e-01 3.3695273637035548e+01 21
1 0 1 1 2.9474471919408583e-02 2.1080207164222410e-02 1.0000309931103284e+00 6.6920000132387358e-02 2.5901879899088220e-01 3.3745273632362569e+01 21
1 0 1 1 2.9447679278701705e-02 2.1063357503102020e-02 1.0000316587149207e+00 6.6883294483677525e-02 2.6003195615179114e-01 3.3795273627743931e+01 21
1 0 1 1 2.9420917709438069e-02 2.1046540052110166e-02 1.0000323344153144e+00 6.6846757873200935e-02 2.6104517135433253e-01 3.3845273623130460e+01 21
1 0 1 1 2.9394187814650977e-02 2.1029755047363052e-02 1.0000330202651495e+00 6.6810390154104893e-02 2.6205843745949581e-01 3.3895273618577527e+01 21
1 0 1 1 2.9367490190560508e-02 2.1013002721780839e-02 1.0000337163159434e+00 6.6774191176332709e-02 2.6307174737674321e-01 3.3945273614050727e+01 21
1 0 1 1 2.9340825426557499e-02 2.0996283305075730e-02 1.0000344226170272e+00 6.6738160786566747e-02 2.6408509406608227e-01 3.3995273609544505e+01 21
1 0 1 1 2.9314194105263345e-02 2.0979597023786625e-02 1.0000351392154816e+00 6.6702298828275441e-02 2.6509847053813418e-01 3.4045273605102594e+01 21
1 0 1 1 2.9287596802644381e-02 2.0962944101344999e-02 1.0000358661560689e+00 6.6666605141841251e-02 2.6611186985068569e-01 3.4095273600665742e+01 21
1 0 1 1 2.9261034087966757e-02 2.0946324758044383e-02 1.0000366034811699e+00 6.6631079564462514e-02 2.6712528511262518e-01 3.4145273596282394e+01 21
1 0 1 1 2.9234506523939715e-02 2.0929739211126536e-02 1.0000373512307157e+00 6.6595721930317819e-02 2.6813870948000601e-01 3.4195273591931851e+01 21
1 0 1 1 2.9208014666718046e-02 2.0913187674776131e-02 1.0000381094421222e+00 6.6560532070539302e-02 2.6915213615737993e-01 3.4245273587608033e+01 21
1 0 1 1 2.9181559065958793e-02 2.0896670360156907e-02 1.0000388781502221e+00 6.6525509813252004e-02 2.7016555839769207e-01 3.4295273583329951e+01 20
1 0 1 1 2.9155140264897308e-02 2.0880187475450836e-02 1.0000396573871975e+00 6.6490654983651143e-02 2.7117896950071951e-01 3.4345273579083610e+01 20
1 0 1 1 2.9128758800376919e-02 2.0863739225875297e-02 1.0000404471825128e+00 6.6455967404005278e-02 2.7219236281368936e-01 3.4395273574868376e+01 20
1 0 1 1 2.9102415202902934e-02 2.0847325813711709e-02 1.0000412475628462e+00 6.6421446893700720e-02 2.7320573173097923e-01 3.4445273570700202e+01 20
1 0 1 1 2.9076109996717815e-02 2.0830947438347895e-02 1.0000420585520204e+00 6.6387093269310360e-02 2.7421906969269194e-01 3.4495273566558389e+01 20
1 0 1 1 2.9049843699817231e-02 2.0814604296282881e-02 1.0000428801709353e+00 6.6352906344585627e-02 2.7523237018564090e-01 3.4545273562451825e+01 20
1 0 1 1 2.9023616824023126e-02 2.0798296581170973e-02 1.0000437124374990e+00 6.6318885930520738e-02 2.7624562674254954e-01 3.4595273558395888e+01 20
1 0 1 1 2.8997429875052660e-02 2.0782024483857561e-02 1.0000445553665571e+00 6.6285031835415120e-02 2.7725883294052389e-01 3.4645273554354894e+01 20
1 0 1 1 2.8971283352512738e-02 2.0765788192372531e-02 1.0000454089698263e+00 6.6251343864837886e-02 2.7827198240328710e-01 3.4695273550369670e+01 20
1 0 1 1 2.8945177750024250e-02 2.0749587892003492e-02 1.0000462732558222e+00 6.6217821821758172e-02 2.7928506879785842e-01 3.4745273546410189e+01 20
1 0 1 1 2.8919112529204122e-02 2.0733423765282189e-02 1.0000471482297921e+00 6.6184465506506945e-02 2.8029808583648541e-01 3.4795273542489390e+01 20
1 0 1 1 2.8893079169531839e-02 2.0717295992035003e-02 1.0000480338936453e+00 6.6151274716853309e-02 2.8131102727512647e-01 3.4845273538604182e+01 20
1 0 1 1 2.8867088219921282e-02 2.0701204749402662e-02 1.0000489302458824e+00 6.6118249248027949e-02 2.8232388691367261e-01 3.4895273534763703e+01 20
1 0 1 1 2.8841140150958105e-02 2.0685150211871551e-02 1.0000498372815272e+00 6.6085388892779262e-02 2.8333665859479756e-01 3.4945273530950779e+01 20
1 0 1 1 2.8815235427427071e-02 2.0669132551287193e-02 1.0000507549920576e+00 6.6052693441375154e-02 2.8434933620482478e-01 3.4995273527180778e+01 20
1 0 1 1 2.8789374508390652e-02 2.0653151936897384e-02 1.0000516833653361e+00 6.6020162681674988e-02 2.8536191367213054e-01 3.5045273523439910e+01 20
1 0 1 1 2.8763557847211175e-02 2.0637208535361891e-02 1.0000526223855413e+00 6.5987796399132520e-02 2.8637438496812295e-01 3.5095273519750627e+01 20
1 0 1 1 2.8737785891638022e-02 2.0621302510799300e-02 1.0000535720330985e+00 6.5955594376879423e-02 2.8738674410505172e-01 3.5145273516080877e+01 20
1 0 1 1 2.8712059083802772e-02 2.0605434024780857e-02 1.0000545322846135e+00 6.5923556395693528e-02 2.8839898513813816e-01 3.5195273512465988e+01 20
1 0 1 1 2.8686377860333241e-02 2.0589603236396553e-02 1.0000555031128018e+00 6.5891682234112015e-02 2.8941110216241944e-01 3.5245273508868856e+01 20
1 0 1 1 2.8660742652331234e-02 2.0573810302235009e-02 1.0000564844864248e+00 6.5859971668383976e-02 2.9042308931545746e-01 3.5295273505331885e+01 20
1 0 1 1 2.8635153885499899e-02 2.0558055376458197e-02 1.0000574763702192e+00 6.5828424472597624e-02 2.9143494077371879e-01 3.5345273501813651e+01 19
1 0 1 1 2.8609611980113796e-02 2.0542338610776142e-02 1.0000584787248332e+00 6.5797040418623776e-02 2.9244665075521054e-01 3.5395273498337104e+01 19
1 0 1 1 2.8584117351118959e-02 2.0526660154507669e-02 1.0000594915067604e+00 6.5765819276208615e-02 2.9345821351743723e-01 3.5445273494903269e+01 19
1 0 1 1 2.8558670408168181e-02 2.0511020154592507e-02 1.0000605146682733e+00 6.5734760812998172e-02 2.9446962335730165e-01 3.5495273491504854e+01 19
1 0 1 1 2.8533271555662196e-02 2.0495418755614534e-02 1.0000615481573609e+00 6.5703864794561417e-02 2.9548087461098949e-01 3.5545273488135678e+01 19
1 0 1 1 2.8507921192789418e-02 2.0479856099819983e-02 1.0000625919176642e+00 6.5673130984415906e-02 2.9649196165412456e-01 3.5595273484815124e+01 19
1 0 1 1 2.8482619713601783e-02 2.0464332327160779e-02 1.0000636458884138e+00 6.5642559144095863e-02 2.9750287890022536e-01 3.5645273481527560e+01 19
1 0 1 1 2.8457367507032479e-02 2.0448847575298166e-02 1.0000647100043687e+00 6.5612149033151768e-02 2.9851362080136112e-01 3.5695273478271517e+01 19
1 0 1 1 2.8432164956948180e-02 2.0433401979631501e-02 1.0000657841957556e+00 6.5581900409187710e-02 2.9952418184780855e-01 3.5745273475057964e+01 19
1 0 1 1 2.8407012442205899e-02 2.0417995673326833e-02 1.0000668683882097e+00 6.5551813027911299e-02 3.0053455656717465e-01 3.5795273471883668e+01 19
1 0 1 1 2.8381910336694738e-02 2.0402628787338655e-02 1.0000679625027165e+00 6.5521886643156751e-02 3.0154473952423277e-01 3.5845273468737851e+01 19
1 0 1 1 2.8356859009366128e-02 2.0387301450423032e-02 1.0000690664555549e+00 6.5492121006900994e-02 3.0255472532127103e-01 3.5895273465635434e+01 19
1 0 1 1 2.8331858824303103e-02 2.0372013789175237e-02 1.0000701801582428e+00 6.5462515869323668e-02 3.0356450859673656e-01 3.5945273462565218e+01 19
1 0 1 1 2.8306910140743335e-02 2.0356765928038183e-02 1.0000713035174815e+00 6.5433070978813512e-02 3.0457408402583763e-01 3.5995273459535341e+01 19
1 0 1 1 2.8282013313141049e-02 2.0341557989336508e-02 1.0000724364351050e+00 6.5403786082017912e-02 3.0558344631939893e-01 3.6045273456530985e+01 19
1 0 1 1 2.8257168691183998e-02 2.0326390093280775e-02 1.0000735788080295e+00 6.5374660923845002e-02 3.0659259022490326e-01 3.6095273453581839e+01 19
1 0 1 1 2.8232376619887378e-02 2.0311262358021123e-02 1.0000747305282025e+00 6.5345695247548519e-02 3.0760151052389301e-01 3.6145273450647039e+01 19
1 0 1 1 2.8207637439567824e-02 2.0296174899625201e-02 1.0000758914825589e+00 6.5316888794680283e-02 3.0861020203452971e-01 3.6195273447757579e+01 19
1 0 1 1 2.8182951485944085e-02 2.0281127832135655e-02 1.0000770615529737e+00 6.5288241305185124e-02 3.0961865960898804e-01 3.6245273444901009e+01 19
1 0 1 1 2.8158319090149927e-02 2.0266121267573715e-02 1.0000782406162203e+00 6.5259752517396213e-02 3.1062687813457035e-01 3.6295273442090668e+01 19
1 0 1 1 2.8133740578802944e-02 2.0251155315973768e-02 1.0000794285439292e+00 6.5231422168092634e-02 3.1163485253173695e-01 3.6345273439282550e+01 19
1 0 1 1 2.8109216273977694e-02 2.0236230085365507e-02 1.0000806252025516e+00 6.5203249992451640e-02 3.1264257775737103e-01 3.6395273436550433e+01 19
1 0 1 1 2.8084745721556094e-02 2.0221339890878202e-02 1.0000818318715232e+00 6.5175235724208747e-02 3.1365007908515075e-01 3.6445274798097145e+01 18
1 0 1 1 2.8060331788178114e-02 2.0206490146068769e-02 1.0000830473629616e+00 6.5147381386474579e-02 3.1465724725214900e-01 3.6495272439959180e+01 18
1 0 1 1 2.8035971566582156e-02 2.0191680597889138e-02 1.0000842712802249e+00 6.5119682772669524e-02 3.1566421039151454e-01 3.6545273009069255e+01 18
1 0 1 1 2.8011666866197268e-02 2.0176912262319695e-02 1.0000855033945844e+00 6.5092141331053233e-02 3.1667090155240341e-01 3.6595273425899535e+01 18
1 0 1 1 2.7987418116128267e-02 2.0162185316116535e-02 1.0000867435399194e+00 6.5064756933870538e-02 3.1767731048369241e-01 3.6645273423321783e+01 18
1 0 1 1 2.7963225408212822e-02 2.0147499731918383e-02 1.0000879915617615e+00 6.5037529075844480e-02 3.1868344078598798e-01 3.6695273420755086e+01 18
1 0 1 1 2.7939089034168269e-02 2.0132855604564980e-02 1.0000892472899452e+00 6.5010457482003098e-02 3.1968928764732518e-01 3.6745273418238334e+01 18
1 0 1 1 2.7915009281566688e-02 2.0118253027087463e-02 1.0000905105488911e+00 6.4983541876071804e-02 3.2069484628632938e-01 3.6795273415742045e+01 18
1 0 1 1 2.7890986433822710e-02 2.0103692090697393e-02 1.0000917811575951e+00 6.4956781980438638e-02 3.2170011195402964e-01 3.6845273413269162e+01 18
1 0 1 1 2.7867020770243174e-02 2.0089172884811411e-02 1.0000930589296164e+00 6.4930177516193760e-02 3.2270507993326375e-01 3.6895273410837277e+01 18
1 0 1 1 2.7843112566087996e-02 2.0074695497084988e-02 1.0000943436730705e+00 6.4903728203175637e-02 3.2370974553737714e-01 3.6945273408423645e+01 18
1 0 1 1 2.7819262092567694e-02 2.0060260013404670e-02 1.0000956351906278e+00 6.4877433759954584e-02 3.2471410411153112e-01 3.6995273406042180e+01 18
1 0 1 1 2.7795469616912032e-02 2.0045866517928612e-02 1.0000969332795129e+00 6.4851293903883694e-02 3.2571815103128188e-01 3.7045273403680440e+01 18
1 0 1 1 2.7771735402377002e-02 2.0031515093081480e-02 1.0000982377315104e+00 6.4825308351095956e-02 3.2672188170327321e-01 3.7095273401346809e+01 18
1 0 1 1 2.7748059708300535e-02 2.0017205819588591e-02 1.0000995483329724e+00 6.4799476816541274e-02 3.2772529156443175e-01 3.7145273399037094e+01 18
1 0 1 1 2.7724442790125231e-02 2.0002938776483882e-02 1.0001008648648317e+00 6.4773799013996936e-02 3.2872837608217387e-01 3.7195273396754935e+01 18
1 0 1 1 2.7700884899440521e-02 1.9988714041128633e-02 1.0001021871026186e+00 6.4748274656094673e-02 3.2973113075365684e-01 3.7245273394483725e+01 18
1 0 1 1 2.7677386283995204e-02 1.9974531689219678e-02 1.0001035148164832e+00 6.4722903454314140e-02 3.3073355110674285e-01 3.7295273392240851e+01 18
1 0 1 1 2.7653947187753158e-02 1.9960391794814385e-02 1.0001048477712191e+00 6.4697685119030540e-02 3.3173563269859407e-01 3.7345273390017795e+01 18
1 0 1 1 2.7630567850913786e-02 1.9946294430342824e-02 1.0001061857262954e+00 6.4672619359513517e-02 3.3273737111633478e-01 3.7395273387818200e+01 18
1 0 1 1 2.7607248509949313e-02 1.9932239666623022e-02 1.0001075284358898e+00 6.4647705883953521e-02 3.3373876197623115e-01 3.7445273385625775e+01 18
1 0 1 1 2.7583989397616367e-02 1.9918227572865019e-02 1.0001088756489303e+00 6.4622944399453847e-02 3.3473980092449146e-01 3.7495273383449927e+01 17
1 0 1 1 2.7560790743001867e-02 1.9904258216696825e-02 1.0001102271091387e+00 6.4598334612062991e-02 3.3574048363677467e-01 3.7545273381306501e+01 17
1 0 1 1 2.7537652771569957e-02 1.9890331664184871e-02 1.0001115825550777e+00 6.4573876226807880e-02 3.3674080581678528e-01 3.7595273379154996e+01 17
1 0 1 1 2.7514575705137805e-02 1.9876447979818440e-02 1.0001129417202101e+00 6.4549568947648739e-02 3.3774076319881019e-01 3.7645273377029049e+01 17
1 0 1 1 2.7491559761960677e-02 1.9862607226557732e-02 1.0001143043329535e+00 6.4525412477550670e-02 3.3874035154512167e-01 3.7695273374911004e+01 17
1 0 1 1 2.7468605156723294e-02 1.9848809465821897e-02 1.0001156701167473e+00 6.4501406518460175e-02 3.3973956664725097e-01 3.7745273372801556e+01 17
1 0 1 1 2.7445712100579327e-02 1.9835054757511673e-02 1.0001170387901226e+00 6.4477550771324887e-02 3.4073840432554814e-01 3.7795273370699832e+01 17
1 0 1 1 2.7422880801173534e-02 1.9821343160018476e-02 1.0001184100667764e+00 6.4453844936102400e-02 3.4173686042934148e-01 3.7845273368615437e+01 17
1 0 1 1 2.7400108557950484e-02 1.9807674730245233e-02 1.0001197836556524e+00 6.4430288711784273e-02 3.4273493083576306e-01 3.7895273366512605e+01 17
1 0 1 1 2.7377389952265990e-02 1.9794049523592962e-02 1.0001211592610286e+00 6.4406881796355092e-02 3.4373261145233197e-01 3.7945273364440396e+01 17
1 0 1 1 2.7354733779144744e-02 1.9780467594009997e-02 1.0001225365826054e+00 6.4383623886876185e-02 3.4472989821314065e-01 3.7995273362345962e+01 17
1 0 1 1 2.7332140232357024e-02 1.9766928993960670e-02 1.0001239153156067e+00 6.4360514679408842e-02 3.4572678708288995e-01 3.8045273360275552e+01 17
1 0 1 1 2.7309609502319612e-02 1.9753433774479318e-02 1.0001252951508783e+00 6.4337553869099451e-02 3.4672327405310949e-01 3.8095273358187072e+01 17
1 0 1 1 2.7287141776052102e-02 1.9739981985140098e-02 1.0001266757749998e+00 6.4314741150116789e-02 3.4771935514495356e-01 3.8145273356091003e+01 17
1 0 1 1 2.7264737237224165e-02 1.9726573674085712e-02 1.0001280568703967e+00 6.4292076215683946e-02 3.4871502640866053e-01 3.8195273354021772e+01 17
1 0 1 1 2.7242396066223574e-02 1.9713208888060225e-02 1.0001294381154573e+00 6.4269558758123180e-02 3.4971028392065551e-01 3.8245273351892806e+01 17
1 0 1 1 2.7220118440053547e-02 1.9699887672348679e-02 1.0001308191846645e+00 6.4247188468741112e-02 3.5070512378997554e-01 3.8295273349817208e+01 17
1 0 1 1 2.7197904532528364e-02 1.9686610070888136e-02 1.0001321997487174e+00 6.4224965037999987e-02 3.5169954214970445e-01 3.8345273347676013e+01 17
1 0 1 1 2.7175754514107479e-02 1.9673376126166032e-02 1.0001335794746762e+00 6.4202888155337146e-02 3.5269353516573160e-01 3.8395273345556511e+01 17
1 0 1 1 2.7153668552064494e-02 1.9660185879320051e-02 1.0001349580260974e+00 6.4180957509312075e-02 3.5368709903013540e-01 3.8445273343415593e+01 17
1 0 1 1 2.7131646810424376e-02 1.9647039370094443e-02 1.0001363350631851e+00 6.4159172787525975e-02 3.5468022996444903e-01 3.8495273341242488e+01 17
1 0 1 1 2.7109689449983692e-02 1.9633936636851427e-02 1.0001377102429434e+00 6.4137533676623976e-02 3.5567292422018348e-01 3.8545273339080396e+01 17
1 0 1 1 2.7087796628386000e-02 1.9620877716613444e-02 1.0001390832193313e+00 6.4116039862348512e-02 3.5666517807597636e-01 3.8595273336878570e+01 17
1 0 1 1 2.7065968500068698e-02 1.9607862645027375e-02 1.0001404536434311e+00 6.4094691029466022e-02 3.5765698784079303e-01 3.8645273334649076e+01 16
1 0 1 1 2.7044205216306051e-02 1.9594891456387438e-02 1.0001418211636153e+00 6.4073486861794177e-02 3.5864834985294669e-01 3.8695273332413009e+01 16
1 0 1 1 2.7022506925250444e-02 1.9581964183659106e-02 1.0001431854257197e+00 6.4052427042218224e-02 3.5963926047909478e-01 3.8745273330142687e+01 16
1 0 1 1 2.7000873771910600e-02 1.9569080858460774e-02 1.0001445460732248e+00 6.4031511252650997e-02 3.6062971611579220e-01 3.8795273327835211e+01 16
1 0 1 1 2.6979305898170533e-02 1.9556241511074299e-02 1.0001459027474395e+00 6.4010739174033437e-02 3.6161971318969433e-01 3.8845273325515727e+01 16
1 0 1 1 2.6957803442837342e-02 1.9543446170470265e-02 1.0001472550876886e+00 6.3990110486358609e-02 3.6260924815610029e-01 3.8895273323156708e+01 16
1 0 1 1 2.6936366541619034e-02 1.9530694864291900e-02 1.0001486027315099e+00 6.3969624868628783e-02 3.6359831750041161e-01 3.8945273320744413e+01 16
1 0 1 1 2.6914995327126226e-02 1.9517987618854090e-02 1.0001499453148512e+00 6.3949281998840951e-02 3.6458691773929403e-01 3.8995273318329907e+01 16
1 0 1 1 2.6893689928953472e-02 1.9505324459189718e-02 1.0001512824722725e+00 6.3929081554040146e-02 3.6557504541744262e-01 3.9045273315856683e+01 16
1 0 1 1 2.6872450473613502e-02 1.9492705409006095e-02 1.0001526138371548e+00 6.3909023210236060e-02 3.6656269711105588e-01 3.9095273313328669e+01 16
1 0 1 1 2.6851277084566794e-02 1.9480130490703029e-02 1.0001539390419136e+00 6.3889106642414761e-02 3.6754986942783013e-01 3.9145273310800142e+01 16
1 0 1 1 2.6830169882300817e-02 1.9467599725415830e-02 1.0001552577182085e+00 6.3869331524587708e-02 3.6853655900347032e-01 3.9195273308189961e+01 16
1 0 1 1 2.6809128984231483e-02 1.9455113132955084e-02 1.0001565694971688e+00 6.3849697529680421e-02 3.6952276250720223e-01 3.9245273305550974e+01 16
1 0 1 1 2.6788154294894187e-02 1.9442669323409656e-02 1.0001578747777833e+00 6.3830204329603124e-02 3.7050848513037410e-01 3.9295273657322532e+01 16
1 0 1 1 2.6767245674334195e-02 1.9430263886372142e-02 1.0001591757747532e+00 6.3810852009272445e-02 3.7149373078719777e-01 3.9345274468823540e+01 16
1 0 1 1 2.6746405178552791e-02 1.9417903599900529e-02 1.0001604687352850e+00 6.3791641181748709e-02 3.7247841022572725e-01 3.9395271702989142e+01 16
1 0 1 1 2.6725629606883509e-02 1.9405586517831287e-02 1.0001617534945453e+00 6.3772568470039759e-02 3.7346267651433945e-01 3.9445273295393832e+01 16
1 0 1 1 2.6704921541155502e-02 1.9393314123741470e-02 1.0001630295295714e+00 6.3753635824446514e-02 3.7444640924149064e-01 3.9495273292508251e+01 16
1 0 1 1 2.6684280417146083e-02 1.9381086036043119e-02 1.0001642965129849e+00 6.3734842300939482e-02 3.7542963667229257e-01 3.9545273289572442e+01 16
1 0 1 1 2.6663706331579363e-02 1.9368902265553056e-02 1.0001655540773222e+00 6.3716187565099086e-02 3.7641235569398651e-01 3.9595273286568194e+01 16
1 0 1 1 2.6643199378227976e-02 1.9356762821813287e-02 1.0001668018563987e+00 6.3697671281365192e-02 3.7739456322689263e-01 3.9645273283507343e+01 16
1 0 1 1 2.6622759647943663e-02 1.9344667713107645e-02 1.0001680394855528e+00 6.3679293113040603e-02 3.7837625622362020e-01 3.9695273280378970e+01 16
1 0 1 1 2.6602387228646770e-02 1.9332616946454752e-02 1.0001692666018893e+00 6.3661052722262523e-02 3.7935743167034502e-01 3.9745273277202166e+01 16
1 0 1 1 2.6582082205361447e-02 1.9320610527625168e-02 1.0001704828445248e+00 6.3642949770012058e-02 3.8033808658559937e-01 3.9795273273953050e+01 16
1 0 1 1 2.6561844660195941e-02 1.9308648461127200e-02 1.0001716878548350e+00 6.3624983916072658e-02 3.8131821802161753e-01 3.9845273270621163e+01 16
1 0 1 1 2.6541674672343109e-02 1.9296730750208563e-02 1.0001728812767028e+00 6.3607154819011025e-02 3.8229782306539811e-01 3.9895273267249792e+01 16
1 0 1 1 2.6521572318137933e-02 1.9284857396884382e-02 1.0001740627567606e+00 6.3589462136207198e-02 3.8327689883604055e-01 3.9945273263790249e+01 15
1 0 1 1 2.6501537671002141e-02 1.9273028401904296e-02 1.0001752319446418e+00 6.3571905523782779e-02 3.8425544248825316e-01 3.9995273260267318e+01 15
1 0 1 1 2.6481570801490762e-02 1.9261243764778165e-02 1.0001763884932240e+00 6.3554484636623693e-02 3.8523345121081481e-01 4.0045273256688915e+01 15
1 0 1 1 2.6461671777310885e-02 1.9249503483784351e-02 1.0001775320588742e+00 6.3537199128367416e-02 3.8621092222579095e-01 4.0095273252993131e+01 15
1 0 1 1 2.6441840663244953e-02 1.9237807555922224e-02 1.0001786623016973e+00 6.3520048651326710e-02 3.8718785279336454e-01 4.0145273249285175e+01 15
1 0 1 1 2.6422077521302288e-02 1.9226155977000933e-02 1.0001797788857700e+00 6.3503032856589953e-02 3.8816424020476398e-01 4.0195273245461202e+01 15
1 0 1 1 2.6402382410577845e-02 1.9214548741552741e-02 1.0001808814793913e+00 6.3486151393884582e-02 3.8914008178982873e-01 4.0245273241585657e+01 15
1 0 1 1 2.6382755387365099e-02 1.9202985842897438e-02 1.0001819697553138e+00 6.3469403911650180e-02 3.9011537491202658e-01 4.0295273237623917e+01 15
1 0 1 1 2.6363196505103031e-02 1.9191467273110090e-02 1.0001830433909835e+00 6.3452790056974906e-02 3.9109011697173951e-01 4.0345273233599201e+01 15
1 0 1 1 2.6343705814424866e-02 1.9179993023045433e-02 1.0001841020687716e+00 6.3436309475612934e-02 3.9206430540411141e-01 4.0395273229471734e+01 15
1 0 1 1 2.6324283363106486e-02 1.9168563082308916e-02 1.0001851454762065e+00 6.3419961811927578e-02 3.9303793768288353e-01 4.0445273225323724e+01 15
1 0 1 1 2.6304929196183810e-02 1.9157177439319380e-02 1.0001861733061954e+00 6.3403746708963316e-02 3.9401101131437660e-01 4.0495273221041245e+01 15
1 0 1 1 2.6285643355809619e-02 1.9145836081226282e-02 1.0001871852572555e+00 6.3387663808312067e-02 3.9498352384592372e-01 4.0545273216735922e+01 15
1 0 1 1 2.6266425881418483e-02 1.9134538994001804e-02 1.0001881810337232e+00 6.3371712750227349e-02 3.9595547285766564e-01 4.0595273212314510e+01 15
1 0 1 1 2.6247276809598413e-02 1.9123286162365478e-02 1.0001891603459769e+00 6.3355893173502625e-02 3.9692685597008492e-01 4.0645273207855958e+01 15
1 0 1 1 2.6228185706726841e-02 1.9112077569854492e-02 1.0001901229106400e+00 6.3340204715552295e-02 3.9789767083791555e-01 4.0695273203289211e+01 15
1 0 1 1 2.6209162780612527e-02 1.9100913198763857e-02 1.0001910684507904e+00 6.3324647012319324e-02 3.9886791515595960e-01 4.0745273198685076e+01 15
1 0 1 1 2.6190208428139232e-02 1.9089793030210037e-02 1.0001919966961557e+00 6.3309219698343078e-02 3.9983758665368546e-01 4.0795273193969045e+01 15
1 0 1 1 2.6171322674481284e-02 1.9078717044072029e-02 1.0001929073833105e+00 6.3293922406668701e-02 4.0080668310174605e-01 4.0845273189249170e+01 15
1 0 1 1 2.6152505542166152e-02 1.9067685219078648e-02 1.0001938002558588e+00 6.3278754768948176e-02 4.0177520230329306e-01 4.0895273184362217e+01 15
1 0 1 1 2.6133757050865368e-02 1.9056697532689397e-02 1.0001946750646251e+00 6.3263716415269455e-02 4.0274314210660417e-01 4.0945273179517152e+01 15
1 0 1 1 2.6115077217679500e-02 1.9045753961252253e-02 1.0001955315678162e+00 6.3248806974358668e-02 4.0371050038994738e-01 4.0995273174510281e+01 15
1 0 1 1 2.6096466056876110e-02 1.9034854479854924e-02 1.0001963695312033e+00 6.3234026073358762e-02 4.0467727507676821e-01 4.1045273169500248e+01 15
1 0 1 1 2.6077923580117113e-02 1.9023999062448532e-02 1.0001971887282735e+00 6.3219373337997931e-02 4.0564346412393709e-01 4.1095273164400659e+01 15
1 0 1 1 2.6059449796343313e-02 1.9013187681782263e-02 1.0001979889403902e+00 6.3204848392477642e-02 4.0660906552883058e-01 4.1145273159237867e+01 15
1 0 1 1 2.6041044711831187e-02 1.9002420309431091e-02 1.0001987699569381e+00 6.3190450859509029e-02 4.0757407732700501e-01 4.1195273154029863e+01 15
1 0 1 1 2.6022708330215884e-02 1.8991696915808386e-02 1.0001995315754624e+00 6.3176180360315803e-02 4.0853849759186656e-01 4.1245273148764802e+01 15
1 0 1 1 2.6004440652491228e-02 1.8981017470161371e-02 1.0002002736018019e+00 6.3162036514619463e-02 4.0950232443518830e-01 4.1295273143426407e+01 15
1 0 1 1 2.5986241677007769e-02 1.8970381940568354e-02 1.0002009958502134e+00 6.3148018940626521e-02 4.1046555600813667e-01 4.1345273138045158e+01 15
1 0 1 1 2.5968111399513907e-02 1.8959790293959784e-02 1.0002016981434867e+00 6.3134127255052130e-02 4.1142819050008222e-01 4.1395273132636284e+01 15
1 0 1 1 2.5950049813189505e-02 1.8949242496133639e-02 1.0002023803130526e+00 6.3120361073125658e-02 4.1239022613708148e-01 4.1445273127120402e+01 15
1 0 1 1 2.5932056908561828e-02 1.8938738511706195e-02 1.0002030421990851e+00 6.3106720008527017e-02 4.1335166118782446e-01 4.1495273121633176e+01 15
1 0 1 1 2.5914132673684389e-02 1.8928278304210084e-02 1.0002036836505868e+00 6.3093203673505183e-02 4.1431249395448089e-01 4.1545273116051582e+01 15
1 0 1 1 2.5896277093988937e-02 1.8917861836007108e-02 1.0002043045254783e+00 6.3079811678761977e-02 4.1527272278172628e-01 4.1595273110465023e+01 15
1 0 1 1 2.5878490152430943e-02 1.8907489068369629e-02 1.0002049046906674e+00 6.3066543633546801e-02 4.1623234604957371e-01 4.1645273104804559e+01 15
1 0 1 1 2.5860771829403516e-02 1.8897159961426702e-02 1.0002054840221177e+00 6.3053399145589939e-02 4.1719136217911174e-01 4.1695273099146384e+01 15
1 0 1 1 2.5843122102846245e-02 1.8886874474224682e-02 1.0002060424049020e+00 6.3040377821176219e-02 4.1814976962746836e-01 4.1745273093453925e+01 15
1 0 1 1 2.5825540948211413e-02 1.8876632564703941e-02 1.0002065797332529e+00 6.3027479265110486e-02 4.1910756689049328e-01 4.1795273087722343e+01 15
1 0 1 1 2.5808028338486808e-02 1.8866434189710405e-02 1.0002070959106009e+00 6.3014703080728818e-02 4.2006475250257841e-01 4.1845273081974483e+01 15
1 0 1 1 2.5790584244232438e-02 1.8856279305010507e-02 1.0002075908496044e+00 6.3002048869921362e-02 4.2102132503528428e-01 4.1895273076198244e+01 15
1 0 1 1 2.5773208633574039e-02 1.8846167865288099e-02 1.0002080644721720e+00 6.2989516233127263e-02 4.2197728309931781e-01 4.1945273070455201e+01 15
1 0 1 1 2.5755901472296769e-02 1.8836099824192615e-02 1.0002085167094730e+00 6.2977104769391112e-02 4.2293262533975962e-01 4.1995273064640330e+01 15
1 0 1 1 2.5738661598987220e-02 1.8826068296175200e-02 1.0002089528413913e+00 6.2964814076290732e-02 4.2388739980137125e-01 4.2045275095753290e+01 15
1 0 1 1 2.5721492184603113e-02 1.8816081102258905e-02 1.0002093676144508e+00 6.2952645249599898e-02 4.2484143962504195e-01 4.2095271017835096e+01 15
1 0 1 1 2.5704389033663719e-02 1.8806136001565048e-02 1.0002097608927178e+00 6.2940594910742276e-02 4.2579497487551088e-01 4.2145272972455750e+01 15
1 0 1 1 2.5687354818953748e-02 1.8796234523282208e-02 1.0002101325771067e+00 6.2928664576196003e-02 4.2674785330674203e-01 4.2195273043501842e+01 15
1 0 1 1 2.5670388875228899e-02 1.8786376255395199e-02 1.0002104826573919e+00 6.2916853400252937e-02 4.2770010821424581e-01 4.2245273037678039e+01 15
1 0 1 1 2.5653491128251760e-02 1.8776561129936038e-02 1.0002108111184160e+00 6.2905160955544714e-02 4.2865173992893724e-01 4.2295273031932872e+01 15
1 0 1 1 2.5636661527851146e-02 1.8766789093231265e-02 1.0002111179535667e+00 6.2893586831850284e-02 4.2960274734878745e-01 4.2345273026155041e+01 15
1 0 1 1 2.5619900021576339e-02 1.8757060090581378e-02 1.0002114031653140e+00 6.2882130617597787e-02 4.3055312941148283e-01 4.2395273020438381e+01 15
1 0 1 1 2.5603206554838529e-02 1.8747374066338932e-02 1.0002116667651462e+00 6.2870791899961531e-02 4.3150288508750023e-01 4.2445273014732493e+01 15
1 0 1 1 2.5586581070866154e-02 1.8737730963880411e-02 1.0002119087735037e+00 6.2859570264832493e-02 4.3245201338364125e-01 4.2495273009043174e+01 15
1 0 1 1 2.5570023510734813e-02 1.8728130725617246e-02 1.0002121292196999e+00 6.2848465296849537e-02 4.3340051334271157e-01 4.2545273003434460e+01 15
1 0 1 1 2.5553533813458811e-02 1.8718573293048577e-02 1.0002123281418374e+00 6.2837476579457485e-02 4.3434838403936932e-01 4.2595272997823237e+01 15
1 0 1 1 2.5537111915916927e-02 1.8709058606712039e-02 1.0002125055867177e+00 6.2826603694868088e-02 4.3529562458553411e-01 4.2645272992284610e+01 15
1 0 1 1 2.5520757752960053e-02 1.8699586606243816e-02 1.0002126616097395e+00 6.2815846224140215e-02 4.3624223412567548e-01 4.2695272986820967e+01 16
1 0 1 1 2.5504471257434755e-02 1.8690157230387819e-02 1.0002127962747960e+00 6.2805203747192506e-02 4.3718821183622025e-01 4.2745272981348357e+01 16
1 0 1 1 2.5488252360123847e-02 1.8680770416956750e-02 1.0002129096541612e+00 6.2794675842777259e-02 4.3813355693038142e-01 4.2795272975972551e+01 16
1 0 1 1 2.5472100989871571e-02 1.8671426102904284e-02 1.0002130018283695e+00 6.2784262088576237e-02 4.3907826865266669e-01 4.2845272970717332e+01 16
1 0 1 1 2.5456017073628680e-02 1.8662124224342241e-02 1.0002130728860923e+00 6.2773962061224292e-02 4.4002234627648446e-01 4.2895272965419657e+01 16
1 0 1 1 2.5440000536309914e-02 1.8652864716459171e-02 1.0002131229240061e+00 6.2763775336239780e-02 4.4096578911472556e-01 4.2945272960309488e+01 16
1 0 1 1 2.5424051301067258e-02 1.8643647513672010e-02 1.0002131520466540e+00 6.2753701488202973e-02 4.4190859650453679e-01 4.2995272955225843e+01 16
1 0 1 1 2.5408169289127449e-02 1.8634472549528373e-02 1.0002131603663056e+00 6.2743740090658973e-02 4.4285076781800164e-01 4.3045272950204129e+01 16
1 0 1 1 2.5392354419869152e-02 1.8625339756748426e-02 1.0002131480028058e+00 6.2733890716188623e-02 4.4379230245934764e-01 4.3095272945351901e+01 16
1 0 1 1 2.5376606610947872e-02 1.8616249067293710e-02 1.0002131150834241e+00 6.2724152936487754e-02 4.4473319985862947e-01 4.3145272940534284e+01 16
1 0 1 1 2.5360925778176772e-02 1.8607200412292014e-02 1.0002130617426952e+00 6.2714526322309616e-02 4.4567345947995934e-01 4.3195272935837096e+01 16
1 0 1 1 2.5345311835660196e-02 1.8598193722114083e-02 1.0002129881222570e+00 6.2705010443558362e-02 4.4661308081521300e-01 4.3245272931253510e+01 16
1 0 1 1 2.5329764695792619e-02 1.8589228926367003e-02 1.0002128943706845e+00 6.2695604869300842e-02 4.4755206338506959e-01 4.3295272926765179e+01 16
1 0 1 1 2.5314284269266490e-02 1.8580305953895867e-02 1.0002127806433174e+00 6.2686309167788501e-02 4.4849040674028740e-01 4.3345272922434162e+01 16
1 0 1 1 2.5298861761002461e-02 1.8571424732836607e-02 1.0002126471020882e+00 6.2677122906522359e-02 4.4942811045653958e-01 4.3395272918152067e+01 16
1 0 1 1 2.5283504751643912e-02 1.8562585190557913e-02 1.0002124939153412e+00 6.2668045652219118e-02 4.5036517414203781e-01 4.3445272914072234e+01 16
1 0 1 1 2.5268214249280663e-02 1.8553787253764654e-02 1.0002123212576532e+00 6.2659076970932842e-02 4.5130159742732134e-01 4.3495272910090222e+01 16
1 0 1 1 2.5252990157737645e-02 1.8545030848440901e-02 1.0002121293096495e+00 6.2650216428014105e-02 4.5223737997219832e-01 4.3545272906239681e+01 16
1 0 1 1 2.5237832379312392e-02 1.8536315899890878e-02 1.0002119182578166e+00 6.2641463588172464e-02 4.5317252146267817e-01 4.3595272902554065e+01 16
1 0 1 1 2.5222740814830193e-02 1.8527642332766103e-02 1.0002116882943139e+00 6.2632818015518565e-02 4.5410702160858762e-01 4.3645272898965054e+01 16
1 0 1 1 2.5207715363586819e-02 1.8519010071028824e-02 1.0002114396167803e+00 6.2624279273558153e-02 4.5504088014896776e-01 4.3695272895619041e+01 16
1 0 1 1 2.5192755923537424e-02 1.8510419038058157e-02 1.0002111724281453e+00 6.2615846925302809e-02 4.5597409684131757e-01 4.3745272892324721e+01 16
1 0 1 1 2.5177862391118362e-02 1.8501869156541641e-02 1.0002108869364299e+00 6.2607520533194294e-02 4.5690667147405101e-01 4.3795272889250072e+01 16
1 0 1 1 2.5163034661449618e-02 1.8493360348592183e-02 1.0002105833545525e+00 6.2599299659236940e-02 4.5783860385582020e-01 4.3845272886373721e+01 16
1 0 1 1 2.5148272628329679e-02 1.8484892535737121e-02 1.0002102619001350e+00 6.2591183864999567e-02 4.5876989381620209e-01 4.3895272883549715e+01 16
1 0 1 1 2.5133576184125438e-02 1.8476465638854446e-02 1.0002099227952981e+00 6.2583172711585311e-02 4.5970054121482729e-01 4.3945272881024067e+01 17
1 0 1 1 2.5118945220031920e-02 1.8468079578318718e-02 1.0002095662664694e+00 6.2575265759788085e-02 4.6063054592623998e-01 4.3995272878647619e+01 17
1 0 1 1 2.5104379625944220e-02 1.8459734273921405e-02 1.0002091925441827e+00 6.2567462570032095e-02 4.6155990784873935e-01 4.4045272876378448e+01 17
1 0 1 1 2.5089879290454923e-02 1.8451429644869243e-02 1.0002088018628752e+00 6.2559762702403987e-02 4.6248862690678638e-01 4.4095272874438180e+01 17
1 0 1 1 2.5075444101098784e-02 1.8443165609918610e-02 1.0002083944606983e+00 6.2552165716782432e-02 4.6341670303589672e-01 4.4145272872524274e+01 17
1 0 1 1 2.5061073944058418e-02 1.8434942087206502e-02 1.0002079705793068e+00 6.2544671172717586e-02 4.6434413620359477e-01 4.4195272870965574e+01 17
1 0 1 1 2.5046768704535090e-02 1.8426758994456914e-02 1.0002075304636735e+00 6.2537278629633791e-02 4.6527092638635781e-01 4.4245272869506984e+01 17
1 0 1 1 2.5032528266497527e-02 1.8418616248834924e-02 1.0002070743618838e+00 6.2529987646719520e-02 4.6619707358734563e-01 4.4295272868290944e+01 17
1 0 1 1 2.5018352512874337e-02 1.8410513767054534e-02 1.0002066025249439e+00 6.2522797783045647e-02 4.6712257782533617e-01 4.4345272867286475e+01 17
1 0 1 1 2.5004241325520944e-02 1.8402451465354991e-02 1.0002061152065849e+00 6.2515708597566666e-02 4.6804743913807484e-01 4.4395272866497038e+01 17
1 0 1 1 2.4990194585260413e-02 1.8394429259523764e-02 1.0002056126630712e+00 6.2508719649157884e-02 4.6897165758103504e-01 4.4445272865917083e+01 17
1 0 1 1 2.4976212171897078e-02 1.8386447064897126e-02 1.0002050951530062e+00 6.2501830496643263e-02 4.6989523322761606e-01 4.4495272865572133e+01 17
1 0 1 1 2.4962293964264238e-02 1.8378504796389063e-02 1.0002045629371452e+00 6.2495040698835547e-02 4.7081816616757760e-01 4.4545272865455715e+01 17
1 0 1 1 2.4948439840240026e-02 1.8370602368494700e-02 1.0002040162782075e+00 6.2488349814561389e-02 4.7174045650699731e-01 4.4595272865554207e+01 17
1 0 1 1 2.4934649676750610e-02 1.8362739695289947e-02 1.0002034554406876e+00 6.2481757402686605e-02 4.7266210436966333e-01 4.4645272865947554e+01 17
1 0 1 1 2.4920923349877271e-02 1.8354916690489512e-02 1.0002028806906775e+00 6.2475263022176625e-02 4.7358310989071839e-01 4.4695272866488352e+01 17
1 0 1 1 2.4907260347618306e-02 1.8347131572824520e-02 1.0002022935069643e+00 6.2468866232064379e-02 4.7450349542263814e-01 4.4745273941946039e+01 17
1 0 1 1 2.4893660678254201e-02 1.8339381513677273e-02 1.0002016964890623e+00 6.2462567002929265e-02 4.7542324483063286e-01 4.4795274958446278e+01 18
1 0 1 1 2.4880126205222265e-02 1.8331671889571754e-02 1.0002010863749606e+00 6.2456365274803360e-02 4.7634223466478448e-01 4.4845269576571887e+01 18
1 0 1 1 2.4866652723788542e-02 1.8324000290108257e-02 1.0002004632498727e+00 6.2450258743622755e-02 4.7726074222826159e-01 4.4895272873899138e+01 18
1 0 1 1 2.4853243342717681e-02 1.8316368470493585e-02 1.0001998275318187e+00 6.2444248447204004e-02 4.7817854766227785e-01 4.4945272875699956e+01 18
1 0 1 1 2.4839897043034288e-02 1.8308775835125406e-02 1.0001991794516243e+00 6.2438333540024538e-02 4.7909571174874815e-01 4.4995272877746210e+01 18
1 0 1 1 2.4826613695129320e-02 1.8301222295005325e-02 1.0001985192811982e+00 6.2432513582482363e-02 4.8001223472381865e-01 4.5045272880181848e+01 18
1 0 1 1 2.4813393168781502e-02 1.8293707760887443e-02 1.0001978472927300e+00 6.2426788135313799e-02 4.8092811682863673e-01 4.5095272882757378e+01 18
1 0 1 1 2.4800235332954793e-02 1.8286232143159466e-02 1.0001971637585219e+00 6.2421156759528695e-02 4.8184335832448505e-01 4.5145272885680150e+01 18
1 0 1 1 2.4787140056012597e-02 1.8278795351964038e-02 1.0001964689508422e+00 6.2415619016520291e-02 4.8275795947935363e-01 4.5195272888901428e+01 18
1 0 1 1 2.4774107205669801e-02 1.8271397297168649e-02 1.0001957631417748e+00 6.2410174468056245e-02 4.8367192057213437e-01 4.5245272892366174e+01 18
1 0 1 1 2.4761136648969277e-02 1.8264037888349332e-02 1.0001950466030656e+00 6.2404822676291410e-02 4.8458524189551655e-01 4.5295272896194113e+01 18
1 0 1 1 2.4748228252403998e-02 1.8256717034858115e-02 1.0001943196059877e+00 6.2399563203830943e-02 4.8549792374836365e-01 4.5345272900282296e+01 18
1 0 1 1 2.4735381881844803e-02 1.8249434645781021e-02 1.0001935824211956e+00 6.2394395613714182e-02 4.8640996644200363e-01 4.5395272904667920e+01 18
1 0 1 1 2.4722597402588045e-02 1.8242190629961037e-02 1.0001928353185907e+00 6.2389319469455640e-02 4.8732137029777606e-01 4.5445272909416886e+01 19
1 0 1 1 2.4709874679419406e-02 1.8234984896034770e-02 1.0001920785671921e+00 6.2384334335081920e-02 4.8823213564374301e-01 4.5495272914459598e+01 19
1 0 1 1 2.4697213576571987e-02 1.8227817352404602e-02 1.0001913124350046e+00 6.2379439775129886e-02 4.8914226281847950e-01 4.5545272919819546e+01 19
1 0 1 1 2.4684613957775964e-02 1.8220687907266032e-02 1.0001905371888973e+00 6.2374635354679214e-02 4.9005175216854358e-01 4.5595272925491756e+01 19
1 0 1 1 2.4672075686248528e-02 1.8213596468599290e-02 1.0001897530944794e+00 6.2369920639367998e-02 4.9096060405027198e-01 4.5645272931561173e+01 19
1 0 1 1 2.4659598624779143e-02 1.8206542944215909e-02 1.0001889604159895e+00 6.2365295195435128e-02 4.9186881882448719e-01 4.5695272937928216e+01 19
1 0 1 1 2.4647182635653277e-02 1.8199527241716109e-02 1.0001881594161761e+00 6.2360758589708659e-02 4.9277639686333974e-01 4.5745272944700993e+01 19
1 0 1 1 2.4634827580779898e-02 1.8192549268554931e-02 1.0001873503561980e+00 6.2356310389659220e-02 4.9368333854116392e-01 4.5795272951711254e+01 19
1 0 1 1 2.4622533321531158e-02 1.8185608931953347e-02 1.0001865334955042e+00 6.2351950163367392e-02 4.9458964424809765e-01 4.5845272959280067e+01 19
1 0 1 1 2.4610299719036440e-02 1.8178706139061175e-02 1.0001857090917554e+00 6.2347677479630520e-02 4.9549531436862293e-01 4.5895272967050332e+01 19
1 0 1 1 2.4598126633882465e-02 1.8171840796788078e-02 1.0001848774007043e+00 6.2343491907874166e-02 4.9640034930502552e-01 4.5945272975295339e+01 19
1 0 1 1 2.4586013926372857e-02 1.8165012811944551e-02 1.0001840386761185e+00 6.2339393018255196e-02 4.9730474945867620e-01 4.5995272983904343e+01 19
1 0 1 1 2.4573961456413031e-02 1.8158222091179253e-02 1.0001831931696834e+00 6.2335380381633304e-02 4.9820851523974446e-01 4.6045272992930137e+01 20
1 0 1 1 2.4561969083580666e-02 1.8151468541016437e-02 1.0001823411309207e+00 6.2331453569606038e-02 4.9911164706261724e-01 4.6095273002351014e+01 20
1 0 1 1 2.4550036667110035e-02 1.8144752067844442e-02 1.0001814828071054e+00 6.2327612154514961e-02 5.0001414534787514e-01 4.6145273012194671e+01 20
1 0 1 1 2.4538157170574018e-02 1.8138072577923731e-02 1.0001806184431861e+00 6.2323855709466580e-02 5.0091601052217138e-01 4.6195273022545351e+01 20
1 0 1 1 2.4526335738449281e-02 1.8131429977439672e-02 1.0001797482817205e+00 6.2320183808362350e-02 5.0181724301133201e-01 4.6245273033172204e+01 20
1 0 1 1 2.4514573898707610e-02 1.8124824172385992e-02 1.0001788725627860e+00 6.2316596025858956e-02 5.0271784325696922e-01 4.6295273044466569e+01 20
1 0 1 1 2.4502871509075558e-02 1.8118255068755938e-02 1.0001779915239402e+00 6.2313091937471088e-02 5.0361781169097797e-01 4.6345273056035857e+01 20
1 0 1 1 2.4491228426829395e-02 1.8111722572340085e-02 1.0001771054001281e+00 6.2309671119484822e-02 5.0451714876398768e-01 4.6395273068297321e+01 20
1 0 1 1 2.4479644509180696e-02 1.8105226588940555e-02 1.0001762144236535e+00 6.2306333149070636e-02 5.0541585491590313e-01 4.6445273080851990e+01 20
1 0 1 1 2.4468119612928364e-02 1.8098767024175823e-02 1.0001753188240938e+00 6.2303077604196760e-02 5.0631393060386143e-01 4.6495273094049693e+01 20
1 0 1 1 2.4456653594751004e-02 1.8092343783643532e-02 1.0001744188282704e+00 6.2299904063722766e-02 5.0721137628024060e-01 4.6545273107776829e+01 20
1 0 1 1 2.4445246311072876e-02 1.8085956772844070e-02 1.0001735146601876e+00 6.2296812107370481e-02 5.0810819240370364e-01 4.6595273122081430e+01 21
1 0 1 1 2.4433897618147959e-02 1.8079605897225650e-02 1.0001726065409948e+00 6.2293801315748965e-02 5.0900437943296895e-01 4.6645273136835755e+01 21
1 0 1 1 2.4422607371933393e-02 1.8073291062113701e-02 1.0001716946889310e+00 6.2290871270337778e-02 5.0989993783785637e-01 4.6695273152362589e+01 21
1 0 1 1 2.4411375428325464e-02 1.8067012172841890e-02 1.0001707793193053e+00 6.2288021553552481e-02 5.1079486808117069e-01 4.6745273168432611e+01 21
1 0 1 1 2.4400201642993145e-02 1.8060769134656578e-02 1.0001698606444476e+00 6.2285251748701725e-02 5.1168917063193997e-01 4.6795273185012462e+01 21
1 0 1 1 2.4389085871335876e-02 1.8054561852694644e-02 1.0001689388736696e+00 6.2282561439998108e-02 5.1258284597024462e-01 4.6845273202543922e+01 21
1 0 1 1 2.4378027968791519e-02 1.8048390232152964e-02 1.0001680142132614e+00 6.2279950212630442e-02 5.1347589456259579e-01 4.6895273220574708e+01 21
1 0 1 1 2.4367027790449365e-02 1.8042254178072738e-02 1.0001670868664301e+00 6.2277417652686157e-02 5.1436831689397056e-01 4.6945273239559242e+01 21
1 0 1 1 2.4356085191468139e-02 1.8036153595569458e-02 1.0001661570333125e+00 6.2274963347240642e-02 5.1526011343384415e-01 4.6995273258963941e+01 22
1 0 1 1 2.4345200026593784e-02 1.8030088389565983e-02 1.0001652249109105e+00 6.2272586884267872e-02 5.1615128467673266e-01 4.7045273279546102e+01 22
1 0 1 1 2.4334372150722667e-02 1.8024058465104426e-02 1.0001642906931216e+00 6.2270287852764367e-02 5.1704183109632218e-01 4.7095273300789131e+01 22
1 0 1 1 2.4323601418430450e-02 1.8018063727084022e-02 1.0001633545706807e+00 6.2268065842657427e-02 5.1793175318487994e-01 4.7145273323119483e+01 22
1 0 1 1 2.4312887684360924e-02 1.8012104080473854e-02 1.0001624167311813e+00 6.2265920444881800e-02 5.1882105142104640e-01 4.7195273346106156e+01 22
1 0 1 1 2.4302230802803644e-02 1.8006179430081402e-02 1.0001614773590259e+00 6.2263851251312508e-02 5.1970972630618217e-01 4.7245273370507348e+01 22
1 0 1 1 2.4291630628232384e-02 1.8000289680848582e-02 1.0001605366354658e+00 6.2261857854868569e-02 5.2059777831960286e-01 4.7295273395760354e+01 22
1 0 1 1 2.4281087014869092e-02 1.7994434737608249e-02 1.0001595947385566e+00 6.2259939849426155e-02 5.2148520795497910e-01 4.7345273422033792e+01 22
1 0 1 1 2.4270599816759317e-02 1.7988614505128009e-02 1.0001586518431584e+00 6.2258096829854226e-02 5.2237201571542258e-01 4.7395273449957813e+01 23
1 0 1 1 2.4260168888106060e-02 1.7982828888293684e-02 1.0001577081209658e+00 6.2256328392071264e-02 5.2325820208541074e-01 4.7445273479046364e+01 23
1 0 1 1 2.4249794082962125e-02 1.7977077791936226e-02 1.0001567637404813e+00 6.2254634132979436e-02 5.2414376755633418e-01 4.7495273509140347e+01 23
1 0 1 1 2.4239475254975284e-02 1.7971361120693547e-02 1.0001558188669906e+00 6.2253013650459904e-02 5.2502871265043516e-01 4.7545273541767337e+01 23
1 0 1 1 2.4229212258461599e-02 1.7965678779601185e-02 1.0001548736626702e+00 6.2251466543511103e-02 5.2591303782750476e-01 4.7595273574872515e+01 23
1 0 1 1 2.4219004946735474e-02 1.7960030673170427e-02 1.0001539282864358e+00 6.2249992412025973e-02 5.2679674363031104e-01 4.7645273611042704e+01 23
1 0 1 1 2.4208848054267561e-02 1.7954408860719525e-02 1.0001529853508742e+00 6.2248590857054559e-02 5.2768026432713500e-01 4.7695297886367378e+01 24
1 0 1 1 2.4198761784624680e-02 1.7948829543802603e-02 1.0001520439124192e+00 6.2247263500155997e-02 5.2856183668365242e-01 4.7745246824738793e+01 24
1 0 1 1 2.4188715021520816e-02 1.7943275502686925e-02 1.0001511012262634e+00 6.2246005872934634e-02 5.2944416842836561e-01 4.7795273818061126e+01 24
1 0 1 1 2.4178728783019271e-02 1.7937758347334184e-02 1.0001501594177744e+00 6.2244820328212019e-02 5.3032540784009330e-01 4.7845273901628985e+01 24
1 0 1 1 2.4168797510635855e-02 1.7932274989510694e-02 1.0001492181244669e+00 6.2243705776064168e-02 5.3120602957398877e-01 4.7895273949784105e+01 24
1 0 1 1 2.4158921050108528e-02 1.7926825329496500e-02 1.0001482774865140e+00 6.2242661821674622e-02 5.3208603481904293e-01 4.7945274001471638e+01 25
1 0 1 1 2.4149099254991400e-02 1.7921409271917956e-02 1.0001473376417576e+00 6.2241688072214751e-02 5.3296542407410119e-01 4.7995274056461220e+01 25
1 0 1 1 2.4139331978244683e-02 1.7916026721101316e-02 1.0001463987249293e+00 6.2240784135863730e-02 5.3384419789063486e-01 4.8045274117492077e+01 25
1 0 1 1 2.4129619073865242e-02 1.7910677581968942e-02 1.0001454608678320e+00 6.2239949621932633e-02 5.3472235672522939e-01 4.8095274181880718e+01 25
1 0 1 1 2.4125789823153769e-02 1.7908569672462935e-02 1.0001450899978175e+00 6.2239638422184523e-02 5.3506975042655125e-01 4.8115063535960729e+01 20
