isScalarized | massIncreased | isMonotoneInside | isMonotoneOutside | mass_Baryon | mass_ADM | AST(radius) | radius  |  phi_c | rho_c | ctr |
1 1 1 1 3.3560252409969710e-02 2.4884307706549265e-02 1.0000000135801739e+00 8.3469299999985619e-02 2.9956488616757143e-03 1.9574730337111525e+01 31
1 1 1 1 3.3560113285577502e-02 2.4884221684735620e-02 1.0000000152278763e+00 8.3469049999985626e-02 3.1721379678554648e-03 1.9574444002854904e+01 21
1 1 1 1 3.3559974160305810e-02 2.4884135662430303e-02 1.0000000168756022e+00 8.3468799999985632e-02 3.3393058030280203e-03 1.9574157687028073e+01 20
1 1 1 1 3.3559835034154190e-02 2.4884049639633830e-02 1.0000000185233513e+00 8.3468549999985639e-02 3.4984888129855267e-03 1.9573871389632163e+01 19
1 1 1 1 3.3557512372275930e-02 2.4882613527294609e-02 1.0000000460338416e+00 8.3464376572485635e-02 5.5139356912351405e-03 1.9569094745912636e+01 22
1 1 1 1 3.3555189579758928e-02 2.4881177349081445e-02 1.0000000735494718e+00 8.3460203353657017e-02 6.9681125285502203e-03 1.9564323477064463e+01 22
1 1 1 1 3.3552866655152364e-02 2.4879741104323533e-02 1.0000001010702650e+00 8.3456030343489335e-02 8.1665622577918942e-03 1.9559557582501228e+01 21
1 1 1 1 3.3536542127574835e-02 2.4869648231704105e-02 1.0000002945766129e+00 8.3426716992725858e-02 1.3919930307077725e-02 1.9526224263049574e+01 35
1 1 1 1 3.3520079093111603e-02 2.4859470570704426e-02 1.0000004899066521e+00 8.3397178236381930e-02 1.7922353811988822e-02 1.9492890996302101e+01 29
1 1 1 1 3.3503473807379239e-02 2.4849205906280612e-02 1.0000006871110727e+00 8.3367408830591516e-02 2.1190552598507682e-02 1.9459557793233966e+01 25
1 1 1 1 3.3486722393357995e-02 2.4838851944837436e-02 1.0000008862423175e+00 8.3337403346655015e-02 2.4026214075822807e-02 1.9426224629681148e+01 20
1 1 1 1 3.3469820848630781e-02 2.4828406318861140e-02 1.0000010873545051e+00 8.3307156186554432e-02 2.6568357818291827e-02 1.9392891471353227e+01 15
1 1 1 1 3.3452765063100146e-02 2.4817866598034338e-02 1.0000012905032249e+00 8.3276661617221748e-02 2.8894709187400277e-02 1.9359558318460742e+01 13
1 1 1 1 3.3435550796671411e-02 2.4807230275614333e-02 1.0000014957458114e+00 8.3245913733230231e-02 3.1053947636399657e-02 1.9326225171218958e+01 12
1 1 1 1 3.3418173673769321e-02 2.4796494765222735e-02 1.0000017031414170e+00 8.3214906449845416e-02 3.3078954295987201e-02 1.9292892029846033e+01 12
1 1 1 1 3.3400629177583865e-02 2.4785657397482345e-02 1.0000019127510889e+00 8.3183633495739429e-02 3.4993176877466087e-02 1.9259558894562456e+01 12
1 1 1 1 3.3382912644026069e-02 2.4774715416486990e-02 1.0000021246378510e+00 8.3152088405355762e-02 3.6814034816157484e-02 1.9226225765636645e+01 12
1 1 1 1 3.3365019255296419e-02 2.4763665976033078e-02 1.0000023388667887e+00 8.3120264510781194e-02 3.8554890797867170e-02 1.9192892643300830e+01 12
1 1 1 1 3.3346944033205615e-02 2.4752506135723273e-02 1.0000025555051388e+00 8.3088154933348063e-02 4.0226263791320382e-02 1.9159559527834443e+01 12
1 1 1 1 3.3328681832055444e-02 2.4741232856801344e-02 1.0000027746223843e+00 8.3055752574672570e-02 4.1836612383579365e-02 1.9126226419516559e+01 12
1 1 1 1 3.3310227331170943e-02 2.4729842997792205e-02 1.0000029962903538e+00 8.3023050107283836e-02 4.3392860972992810e-02 1.9092893318640183e+01 12
1 1 1 1 3.3291575027009288e-02 2.4718333309885748e-02 1.0000032205833271e+00 8.2990039964743495e-02 4.4900765023898788e-02 1.9059560225525882e+01 12
1 1 1 1 3.3272719224818254e-02 2.4706700432069600e-02 1.0000034475781459e+00 8.2956714331198278e-02 4.6365171744684006e-02 1.9026227140482558e+01 12
1 1 1 1 3.3253654029862439e-02 2.4694940886000345e-02 1.0000036773543299e+00 8.2923065130451029e-02 4.7790210605410298e-02 1.8992894063876097e+01 12
1 1 1 1 3.3234373338083545e-02 2.4683051070549751e-02 1.0000039099942022e+00 8.2889084014298842e-02 4.9179435491994744e-02 1.8959560996045568e+01 12
1 1 1 1 3.3214870826310597e-02 2.4671027256090113e-02 1.0000041455830173e+00 8.2854762350380751e-02 5.0535932698935818e-02 1.8926227937395009e+01 12
1 1 1 1 3.3195139941804709e-02 2.4658865578386892e-02 1.0000043842091013e+00 8.2820091209177410e-02 5.1862404304175373e-02 1.8892894888306621e+01 12
1 1 1 1 3.3175173891279275e-02 2.4646562032189113e-02 1.0000046259639961e+00 8.2785061350430594e-02 5.3161233450482626e-02 1.8859561849211179e+01 12
1 1 1 1 3.3154965629210317e-02 2.4634112464409358e-02 1.0000048709426141e+00 8.2749663208673885e-02 5.4434536125320947e-02 1.8826228820563223e+01 12
1 1 1 1 3.3134507845445610e-02 2.4621512566887379e-02 1.0000051192434021e+00 8.2713886877943232e-02 5.5684202705831118e-02 1.8792895802816968e+01 12
1 1 1 1 3.3113792952114786e-02 2.4608757868756444e-02 1.0000053709685133e+00 8.2677722095664236e-02 5.6911931640560715e-02 1.8759562796482484e+01 12
1 1 1 1 3.3092813069660935e-02 2.4595843728286403e-02 1.0000056262239914e+00 8.2641158225478073e-02 5.8119257024961742e-02 1.8726229802084323e+01 12
1 1 1 1 3.3071560012056724e-02 2.4582765324266689e-02 1.0000058851199647e+00 8.2604184239101541e-02 5.9307571373015379e-02 1.8692896820172290e+01 12
1 1 1 1 3.3050025271077692e-02 2.4569517646826335e-02 1.0000061477708522e+00 8.2566788697088389e-02 6.0478144576965633e-02 1.8659563851334838e+01 12
1 1 1 1 3.3028199999572870e-02 2.4556095487680528e-02 1.0000064142955836e+00 8.2528959728388751e-02 6.1632139813643218e-02 1.8626230896201751e+01 12
1 1 1 1 3.3006074993644004e-02 2.4542493429736328e-02 1.0000066848178313e+00 8.2490685008621917e-02 6.2770626984500824e-02 1.8592897955421076e+01 12
1 1 1 1 3.2983640673700659e-02 2.4528705836045026e-02 1.0000069594662579e+00 8.2451951737047058e-02 6.3894594144908626e-02 1.8559565029696042e+01 12
1 1 1 1 3.2960887064232773e-02 2.4514726838012174e-02 1.0000072383747802e+00 8.2412746612004095e-02 6.5004957288399792e-02 1.8526232119765915e+01 12
1 1 1 1 3.2937803772248295e-02 2.4500550322823524e-02 1.0000075216828492e+00 8.2373055804808248e-02 6.6102568770630560e-02 1.8492899226417073e+01 12
1 1 1 1 3.2914379964251214e-02 2.4486169920031099e-02 1.0000078095357492e+00 8.2332864931930094e-02 6.7188224605418248e-02 1.8459566350477594e+01 12
1 1 1 1 3.2890604341655187e-02 2.4471578987220504e-02 1.0000081020849159e+00 8.2292159025365963e-02 6.8262670817959170e-02 1.8426233492838247e+01 12
1 1 1 1 3.2866465114472387e-02 2.4456770594680172e-02 1.0000083994882762e+00 8.2250922500988088e-02 6.9326609008888859e-02 1.8392900654443178e+01 12
1 1 1 1 3.2841949973164614e-02 2.4441737508996912e-02 1.0000087019106121e+00 8.2209139124769737e-02 7.0380701252600347e-02 1.8359567836281030e+01 12
1 1 1 1 3.2817046058526630e-02 2.4426472175514809e-02 1.0000090095239473e+00 8.2166791976749087e-02 7.1425574430641264e-02 1.8326235039434927e+01 12
1 1 1 1 3.2791739929331112e-02 2.4410966699486357e-02 1.0000093225079629e+00 8.2123863412373876e-02 7.2461824090622934e-02 1.8292902265028598e+01 12
1 1 1 1 3.2766017527681116e-02 2.4395212825886484e-02 1.0000096410504409e+00 8.2080335021257916e-02 7.3490017895110366e-02 1.8259569514282809e+01 12
1 1 1 1 3.2739864141750050e-02 2.4379201917719241e-02 1.0000099653477390e+00 8.2036187582889941e-02 7.4510698726674540e-02 1.8226236788483320e+01 12
1 1 1 1 3.2713264365765514e-02 2.4362924932713099e-02 1.0000102956053016e+00 8.1991401019224835e-02 7.5524387495019787e-02 1.8192904089014593e+01 12
1 1 1 1 3.2686202056915505e-02 2.4346372398226013e-02 1.0000106320382061e+00 8.1945954343745769e-02 7.6531585692591983e-02 1.8159571417356435e+01 12
1 1 1 1 3.2658660288944576e-02 2.4329534384231653e-02 1.0000109748717501e+00 8.1899825606752352e-02 7.7532777734511921e-02 1.8126238775083142e+01 12
1 1 1 1 3.2630621302129473e-02 2.4312400474196003e-02 1.0000113243420823e+00 8.1852991836559030e-02 7.8528433114227011e-02 1.8092906163886866e+01 12
1 1 1 1 3.2602066449274769e-02 2.4294959733646763e-02 1.0000116806968826e+00 8.1805428976169187e-02 7.9519008404116798e-02 1.8059573585581447e+01 12
1 1 1 1 3.2572976137349809e-02 2.4277200676198363e-02 1.0000120441960934e+00 8.1757111815045747e-02 8.0504949124763983e-02 1.8026241042113028e+01 12
1 1 1 1 3.2543329764362333e-02 2.4259111226818356e-02 1.0000124151127061e+00 8.1708013915510413e-02 8.1486691505006037e-02 1.7992908535565125e+01 12
1 1 1 1 3.2513105651001094e-02 2.4240678682048010e-02 1.0000127937336141e+00 8.1658107533290586e-02 8.2464664151538067e-02 1.7959576068182137e+01 12
1 1 1 1 3.2482280966501596e-02 2.4221889666866277e-02 1.0000131803605292e+00 8.1607363531601085e-02 8.3439289646770082e-02 1.7926243642376232e+01 12
1 1 1 1 3.2450831648179995e-02 2.4202730087875404e-02 1.0000135753109762e+00 8.1555751288170358e-02 8.4410986090130799e-02 1.7892911260752385e+01 12
1 1 1 1 3.2418732313940345e-02 2.4183185082399552e-02 1.0000139789193663e+00 8.1503238594459598e-02 8.5380168599486744e-02 1.7859578926098305e+01 12
1 1 1 1 3.2385956167114184e-02 2.4163238963130655e-02 1.0000143915381616e+00 8.1449791546421235e-02 8.6347250783647883e-02 1.7826246641452556e+01 12
1 1 1 1 3.2352474892655823e-02 2.4142875157748496e-02 1.0000148135391389e+00 8.1395374425680012e-02 8.7312646205164199e-02 1.7792914410063045e+01 12
1 1 1 1 3.2318258543973126e-02 2.4122076143097804e-02 1.0000152453147588e+00 8.1339949570483600e-02 8.8276769839872232e-02 1.7759582235474834e+01 12
1 1 1 1 3.2283275419140459e-02 2.4100823373199447e-02 1.0000156872796588e+00 8.1283477234966817e-02 8.9240039553838302e-02 1.7726250121495614e+01 12
1 1 1 1 3.2247491925522870e-02 2.4079097200523477e-02 1.0000161398722722e+00 8.1225915435842788e-02 9.0202877604135659e-02 1.7692918072281920e+01 12
1 1 1 1 3.2210872431289020e-02 2.4056876789642259e-02 1.0000166035565989e+00 8.1167219784792771e-02 9.1165712184017866e-02 1.7659586092315440e+01 12
1 1 1 1 3.2173378828973732e-02 2.4034140022510260e-02 1.0000170788241309e+00 8.1107343305317880e-02 9.2128979020567908e-02 1.7626254186490616e+01 12
1 1 1 1 3.2134957696225902e-02 2.4010863394255191e-02 1.0000175661959605e+00 8.1046236231965552e-02 9.3093123046041532e-02 1.7592922360112055e+01 12
1 1 1 1 3.2095579319743515e-02 2.3987021898467187e-02 1.0000180662250835e+00 8.0983845790195186e-02 9.4058600154481600e-02 1.7559590618972056e+01 12
1 1 1 1 3.2055198091335134e-02 2.3962588900594953e-02 1.0000185794989227e+00 8.0920115954390415e-02 9.5025879065337382e-02 1.7526258969379228e+01 12
1 1 1 1 3.2013765364763844e-02 2.3937535998059995e-02 1.0000191066420947e+00 8.0854987181580656e-02 9.5995443311301040e-02 1.7492927418226287e+01 12
1 1 1 1 3.1971229189216098e-02 2.3911832865356572e-02 1.0000196483194490e+00 8.0788396117837225e-02 9.6967793373530412e-02 1.7459595973055904e+01 12
1 1 1 1 3.1927534013597970e-02 2.3885447082200584e-02 1.0000202052394094e+00 8.0720275273977515e-02 9.7943448988991544e-02 1.7426264642120429e+01 12
1 1 1 1 3.1882620357880254e-02 2.3858343942532792e-02 1.0000207781576547e+00 8.0650552666790554e-02 9.8922951656577399e-02 1.7392933434474585e+01 12
1 1 1 1 3.1836424447003513e-02 2.3830486241764065e-02 1.0000213678811758e+00 8.0579151421285911e-02 9.9906867374370614e-02 1.7359602360073350e+01 12
1 1 1 1 3.1788877802215093e-02 2.3801834039282144e-02 1.0000219752727597e+00 8.0505989328856609e-02 1.0089578964497690e-01 1.7326271429848521e+01 12
1 1 1 1 3.1739906783989955e-02 2.3772344392821082e-02 1.0000226012559450e+00 8.0430978355664429e-02 1.0189034278741592e-01 1.7292940655866282e+01 12
1 1 1 1 3.1689432079448243e-02 2.3741971060564457e-02 1.0000232468205152e+00 8.0354024094201559e-02 1.0289118560771142e-01 1.7259610051426279e+01 12
1 1 1 1 3.1637368126357583e-02 2.3710664166391966e-02 1.0000239130285888e+00 8.0275025150450069e-02 1.0389901547989933e-01 1.7226279631237968e+01 12
1 1 1 1 3.1583622464125799e-02 2.3678369822669697e-02 1.0000246010213882e+00 8.0193872457322457e-02 1.0491457290524248e-01 1.7192949411582415e+01 12
1 1 1 1 3.1528095000756116e-02 2.3645029704184160e-02 1.0000253120267679e+00 8.0110448503880161e-02 1.0593864662420319e-01 1.7159619410516129e+01 12
1 1 1 1 3.1470677182620851e-02 2.3610580565555390e-02 1.0000260473676057e+00 8.0024626467872118e-02 1.0697207937159994e-01 1.7126289648094289e+01 12
1 1 1 1 3.1411251051595451e-02 2.3574953693135638e-02 1.0000268084711610e+00 7.9936269237101676e-02 1.0801577438016723e-01 1.7092960146641705e+01 12
1 1 1 1 3.1349688171110050e-02 2.3538074280650381e-02 1.0000275968795349e+00 7.9845228302463739e-02 1.0907070276004779e-01 1.7059630931021815e+01 12
1 1 1 1 3.1285848399381415e-02 2.3499860715919425e-02 1.0000284142613671e+00 7.9751342502772216e-02 1.1013791190088737e-01 1.7026302029016268e+01 13
1 1 1 1 3.1219578483421256e-02 2.3460223763261387e-02 1.0000292624249378e+00 7.9654436597280665e-02 1.1121853508084795e-01 1.6992973471675214e+01 13
1 1 1 1 3.1150710442680488e-02 2.3419065623448299e-02 1.0000301433328529e+00 7.9554319638106635e-02 1.1231380249440252e-01 1.6959645293783765e+01 13
1 1 1 1 3.1079059704314974e-02 2.3376278849015317e-02 1.0000310591185186e+00 7.9450783108867939e-02 1.1342505396295705e-01 1.6926317534367939e+01 13
1 1 1 1 3.1004422944354439e-02 2.3331745088265819e-02 1.0000320121046313e+00 7.9343598789709868e-02 1.1455375364532100e-01 1.6892990237264506e+01 13
1 1 1 1 3.0926575579205480e-02 2.3285333625531455e-02 1.0000330048239254e+00 7.9232516301125516e-02 1.1570150713466727e-01 1.6859663451790272e+01 13
1 1 1 1 3.0845268839557682e-02 2.3236899678012093e-02 1.0000340400424530e+00 7.9117260269321171e-02 1.1687008141879719e-01 1.6826337233480331e+01 13
1 1 1 1 3.0760223584292062e-02 2.3186260481558883e-02 1.0000351211293717e+00 7.8997527044544658e-02 1.1806146752457528e-01 1.6793010548242233e+01 13
1 1 1 1 3.0671142338419409e-02 2.3133258129678373e-02 1.0000362510596383e+00 7.8872992782449219e-02 1.1927768363731305e-01 1.6759687501481142e+01 13
1 1 1 1 3.0577666500045304e-02 2.3077687787231547e-02 1.0000374335926616e+00 7.8743264606359498e-02 1.2052133306783580e-01 1.6726362840594742e+01 13
1 1 1 1 3.0479416901415451e-02 2.3019328811476635e-02 1.0000386726334376e+00 7.8607938771702690e-02 1.2179500891089823e-01 1.6693039405426536e+01 13
1 1 1 1 3.0375957929424633e-02 2.2957927592296427e-02 1.0000399725815627e+00 7.8466552988509880e-02 1.2310174025119688e-01 1.6659717137553663e+01 13
1 1 1 1 3.0266796917169585e-02 2.2893197285540547e-02 1.0000413382794715e+00 7.8318589732208344e-02 1.2444494479249853e-01 1.6626395953467647e+01 13
1 1 1 1 3.0151375215309108e-02 2.2824812607760259e-02 1.0000427750484051e+00 7.8163468851329992e-02 1.2582848726337528e-01 1.6593075979363402e+01 13
1 1 1 1 3.0029055888830068e-02 2.2752402643691449e-02 1.0000442887426271e+00 7.8000536805825749e-02 1.2725676955958518e-01 1.6559757355224203e+01 13
1 1 1 1 2.9899109442978550e-02 2.2675542502291739e-02 1.0000458857954333e+00 7.7829054844757967e-02 1.2873483224278992e-01 1.6526440234248675e+01 13
1 1 1 1 2.9760680717710510e-02 2.2593743111500000e-02 1.0000475732596978e+00 7.7648184992083175e-02 1.3026847990697046e-01 1.6493124781069497e+01 13
1 1 1 1 2.9612755933235382e-02 2.2506438671351450e-02 1.0000493588355259e+00 7.7456973437624671e-02 1.3186443716238042e-01 1.6459811167441355e+01 13
1 1 1 1 2.9454260737856518e-02 2.2412971151483298e-02 1.0000512508726016e+00 7.7254330896796203e-02 1.3353054418377427e-01 1.6426499563644075e+01 13
1 1 1 1 2.9283875373202539e-02 2.2312571049208418e-02 1.0000532583267170e+00 7.7039009507155642e-02 1.3527600378725491e-01 1.6393190122785011e+01 14
1 1 1 1 2.9100048621289513e-02 2.2204333412911833e-02 1.0000553906367426e+00 7.6809575920521150e-02 1.3711169616786653e-01 1.6359882953237378e+01 14
1 1 1 1 2.8900946711399887e-02 2.2087186372078630e-02 1.0000576575052491e+00 7.6564380519832276e-02 1.3905058537931736e-01 1.6326578034854926e+01 14
1 1 1 1 2.8684379256951161e-02 2.1959778881865316e-02 1.0000600704218141e+00 7.6301524129907511e-02 1.4110834358377980e-01 1.6293273564106233e+01 14
1 1 1 1 2.8447787698519994e-02 2.1820682887267920e-02 1.0000626355070110e+00 7.6018862054139213e-02 1.4330340067245606e-01 1.6259975692891473e+01 14
1 1 1 1 2.8187977254882209e-02 2.1668027541267811e-02 1.0000653592245434e+00 7.5713808629414792e-02 1.4565943810597357e-01 1.6226673837260545e+01 14
1 1 1 1 2.7901099203832509e-02 2.1499629494319588e-02 1.0000682416857567e+00 7.5383573714539021e-02 1.4820448973757044e-01 1.6193372219562857e+01 15
1 1 1 1 2.7582670761743224e-02 2.1312810055489653e-02 1.0000712741871880e+00 7.5024974647418918e-02 1.5097410328351588e-01 1.6160065928596168e+01 15
1 1 1 1 2.7227225678090744e-02 2.1104258702244090e-02 1.0000744340075003e+00 7.4634596179131457e-02 1.5401302953398499e-01 1.6126747650769836e+01 15
1 1 1 1 2.6878030302343797e-02 2.0899344848679009e-02 1.0000772831175271e+00 7.4261423198235796e-02 1.5695971904283554e-01 1.6097362956140152e+01 20
1 1 1 1 2.6520220690091759e-02 2.0689470654822774e-02 1.0000799108924074e+00 7.3890116082244620e-02 1.5995276928237984e-01 1.6070161100607397e+01 20
1 1 1 1 2.6152642082010378e-02 2.0473857602484408e-02 1.0000822757697798e+00 7.3520665501833393e-02 1.6301559875294122e-01 1.6044789378505879e+01 20
1 1 1 1 2.5773622515920726e-02 2.0251342275503893e-02 1.0000843314284933e+00 7.3153062174324227e-02 1.6617738612327868e-01 1.6020917026026403e+01 21
1 1 1 1 2.5380626009295984e-02 2.0020656108860602e-02 1.0000860068267026e+00 7.2787296863452602e-02 1.6947585502326667e-01 1.5998224745916298e+01 22
1 1 1 1 2.4970216923503860e-02 1.9779637221027099e-02 1.0000872179251135e+00 7.2423360379135340e-02 1.7296432461545203e-01 1.5976375419230259e+01 23
1 1 1 1 2.4536905195306876e-02 1.9525035002803851e-02 1.0000878412787615e+00 7.2061243577239670e-02 1.7672348155013334e-01 1.5954978424755611e+01 24
1 1 1 1 2.4071228392343297e-02 1.9251415689426944e-02 1.0000876782346027e+00 7.1700937359353470e-02 1.8088922650394867e-01 1.5933505079210367e+01 26
1 1 1 1 2.3554558581095016e-02 1.8947860872743250e-02 1.0000863663493751e+00 7.1342432672556702e-02 1.8573163138252174e-01 1.5911053924057486e+01 30
1 1 1 1 2.3498856170442773e-02 1.8915158561543161e-02 1.0000861467635038e+00 7.1306761456220419e-02 1.8627148236707500e-01 1.5908699218870618e+01 34
1 1 1 1 2.2864111468851749e-02 1.8542744049944788e-02 1.0000824456065374e+00 7.0950227648939324e-02 1.9276032621829048e-01 1.5882418312810083e+01 33
1 1 0 0 2.2860770035928794e-02 1.8540787561518928e-02 1.0000824197594540e+00 7.0948627648939319e-02 -1.9279646331410008e-01 1.5882281594147972e+01 52
1 1 1 1 2.2855535250532237e-02 1.8537722560512303e-02 1.0000823791214870e+00 7.0946127648939317e-02 1.9285312699639304e-01 1.5882067416175309e+01 58
1 1 0 0 2.2851335177132361e-02 1.8535263470403900e-02 1.0000823463876864e+00 7.0944127648939315e-02 -1.9289863502894514e-01 1.5881895580668454e+01 54
1 1 0 0 2.2850704219311270e-02 1.8534894058749779e-02 1.0000823414603495e+00 7.0943827648939320e-02 -1.9290547492929927e-01 1.5881869767183762e+01 52
1 1 0 0 2.2845225480846217e-02 1.8531686448813051e-02 1.0000822985665194e+00 7.0941227648939315e-02 -1.9296490507218222e-01 1.5881645629338506e+01 50
1 1 0 0 2.2840786559773060e-02 1.8529087706319277e-02 1.0000822636703564e+00 7.0939127648939310e-02 -1.9301310584111880e-01 1.5881464038435332e+01 52
1 1 0 0 2.2840574872617730e-02 1.8528963777250895e-02 1.0000822620029906e+00 7.0939027648939307e-02 -1.9301540560221409e-01 1.5881455378728148e+01 58
1 1 0 0 2.2837184019273978e-02 1.8526978678459555e-02 1.0000822352549055e+00 7.0937427648939302e-02 -1.9305225764191047e-01 1.5881316667435298e+01 55
1 1 0 0 2.2835273457038611e-02 1.8525860203925035e-02 1.0000822201507513e+00 7.0936527648939304e-02 -1.9307303334846007e-01 1.5881238512641559e+01 60
1 1 0 0 2.2834636087168830e-02 1.8525487080527099e-02 1.0000822151066513e+00 7.0936227648939310e-02 -1.9307996605249264e-01 1.5881212440177295e+01 52
1 1 0 0 2.2830380325115876e-02 1.8522995753933034e-02 1.0000821813587688e+00 7.0934227648939308e-02 -1.9312628008729588e-01 1.5881038355413139e+01 50
1 1 0 0 2.2828034710498549e-02 1.8521622661878102e-02 1.0000821627075411e+00 7.0933127648939304e-02 -1.9315182443614448e-01 1.5880942408515134e+01 50
1 1 1 1 2.2821619537857579e-02 1.8517867423295399e-02 1.0000821115128338e+00 7.0930127648939301e-02 1.9322175222659152e-01 1.5880680003815645e+01 53
1 1 0 0 2.2817327919439006e-02 1.8515355344312930e-02 1.0000820771137067e+00 7.0928127648939299e-02 -1.9326858575864495e-01 1.5880504465360282e+01 57
1 1 1 1 2.2814316638654901e-02 1.8513592752443978e-02 1.0000820529046561e+00 7.0926727648939300e-02 1.9330147284313193e-01 1.5880381298131290e+01 53
1 1 0 0 2.2808060034131151e-02 1.8509930702347112e-02 1.0000820024137973e+00 7.0923827648939300e-02 -1.9336987087485344e-01 1.5880125395550451e+01 54
1 1 1 1 2.2804813716820554e-02 1.8508030669414345e-02 1.0000819761140951e+00 7.0922327648939298e-02 1.9340539626510359e-01 1.5879992619435400e+01 52
1 1 0 0 2.2804163615968865e-02 1.8507650178282081e-02 1.0000819708389923e+00 7.0922027648939304e-02 -1.9341251349031785e-01 1.5879966030113454e+01 55
1 1 0 0 2.2803296378777475e-02 1.8507142604457582e-02 1.0000819637976284e+00 7.0921627648939306e-02 -1.9342200944994797e-01 1.5879930559921798e+01 52
1 1 0 0 2.2802428642174688e-02 1.8506634741660838e-02 1.0000819567472252e+00 7.0921227648939308e-02 -1.9343151265506003e-01 1.5879895069383599e+01 54
1 1 1 1 2.2802211629854116e-02 1.8506507730731203e-02 1.0000819549832098e+00 7.0921127648939306e-02 1.9343388959047816e-01 1.5879886193563870e+01 58
1 1 0 0 2.2801126098310850e-02 1.8505872404167716e-02 1.0000819461546280e+00 7.0920627648939305e-02 -1.9344578108603261e-01 1.5879841795313697e+01 51
1 1 1 1 2.2797429406148564e-02 1.8503708888808420e-02 1.0000819160309822e+00 7.0918927648939312e-02 1.9348629756508320e-01 1.5879690601349942e+01 52
1 1 0 0 2.2789132935023656e-02 1.8498853542362550e-02 1.0000818480941380e+00 7.0915127648939313e-02 -1.9357734680832445e-01 1.5879351280505906e+01 52
1 1 0 0 2.2786064589865668e-02 1.8497057932269936e-02 1.0000818228524895e+00 7.0913727648939315e-02 -1.9361106186989208e-01 1.5879225787576209e+01 52
1 1 1 1 2.2785406255088000e-02 1.8496672677206654e-02 1.0000818174285386e+00 7.0913427648939320e-02 1.9361829861198537e-01 1.5879198862210110e+01 58
1 1 0 0 2.2784747625399688e-02 1.8496287251532729e-02 1.0000818119992643e+00 7.0913127648939325e-02 -1.9362553963720139e-01 1.5879171924783801e+01 59
1 1 1 1 2.2783429479145318e-02 1.8495515887118879e-02 1.0000818011247086e+00 7.0912527648939322e-02 1.9364003456886805e-01 1.5879118013655946e+01 54
1 1 1 1 2.2777262377295139e-02 1.8491907073727349e-02 1.0000817500925832e+00 7.0909727648939325e-02 1.9370790641556251e-01 1.5878865783712834e+01 55
1 1 0 0 2.2775716513986716e-02 1.8491002505667351e-02 1.0000817372608350e+00 7.0909027648939318e-02 -1.9372493377017533e-01 1.5878802558827568e+01 53
1 1 0 0 2.2775495541910846e-02 1.8490873203879297e-02 1.0000817354253044e+00 7.0908927648939316e-02 -1.9372736820330813e-01 1.5878793521191895e+01 56
1 1 0 0 2.2775274536153488e-02 1.8490743882608268e-02 1.0000817335891665e+00 7.0908827648939313e-02 -1.9372980312590218e-01 1.5878784482175947e+01 52
1 1 0 0 2.2775053496700805e-02 1.8490614541845606e-02 1.0000817317524215e+00 7.0908727648939310e-02 -1.9373223853815255e-01 1.5878775441779229e+01 52
1 1 1 1 2.2773062621794033e-02 1.8489449595839404e-02 1.0000817151943264e+00 7.0907827648939312e-02 1.9375417933596306e-01 1.5878694015915276e+01 52
1 1 0 0 2.2766406450664866e-02 1.8485554919341098e-02 1.0000816596418232e+00 7.0904827648939309e-02 -1.9382760489453180e-01 1.5878421779355234e+01 56
1 1 1 1 2.2764626244962331e-02 1.8484513315755201e-02 1.0000816447337200e+00 7.0904027648939313e-02 1.9384726103157915e-01 1.5878348968430139e+01 50
1 1 1 1 2.2762174447678300e-02 1.8483078077016400e-02 1.0000816241956823e+00 7.0902927648939310e-02 1.9387434526576799e-01 1.5878248688554640e+01 60
1 1 0 0 2.2761951313678631e-02 1.8482947397103374e-02 1.0000816223271121e+00 7.0902827648939307e-02 -1.9387681089006886e-01 1.5878239562207717e+01 52
1 1 0 0 2.2761728144665889e-02 1.8482816696924746e-02 1.0000816204579124e+00 7.0902727648939304e-02 -1.9387927702356086e-01 1.5878230434421999e+01 53
1 1 0 0 2.2758823751640657e-02 1.8481115744795776e-02 1.0000815961008871e+00 7.0901427648939308e-02 -1.9391138323855586e-01 1.5878111641856993e+01 52
1 1 0 0 2.2755689266750739e-02 1.8479280085542057e-02 1.0000815697502921e+00 7.0900027648939309e-02 -1.9394605628275693e-01 1.5877983436858916e+01 52
1 1 0 0 2.2754568118368412e-02 1.8478623515097999e-02 1.0000815603090245e+00 7.0899527648939309e-02 -1.9395846409071774e-01 1.5877937579858424e+01 52
1 1 0 0 2.2753446076229800e-02 1.8477966427370266e-02 1.0000815508517109e+00 7.0899027648939308e-02 -1.9397088490193415e-01 1.5877891686078101e+01 54
1 1 0 0 2.2750299579031227e-02 1.8476123815697930e-02 1.0000815242854504e+00 7.0897627648939310e-02 -1.9400573271335256e-01 1.5877762986748998e+01 64
1 1 1 1 2.2748047742064816e-02 1.8474805153321467e-02 1.0000815052316956e+00 7.0896627648939309e-02 1.9403068714941710e-01 1.5877670879958877e+01 53
1 1 0 0 2.2745792262748483e-02 1.8473484382985902e-02 1.0000814861126104e+00 7.0895627648939308e-02 -1.9405569459807284e-01 1.5877578623085142e+01 53
1 1 1 1 2.2741496732231813e-02 1.8470969062823011e-02 1.0000814496049155e+00 7.0893727648939309e-02 1.9410335606438417e-01 1.5877402917795209e+01 58
1 1 0 0 2.2741043794523290e-02 1.8470703842856755e-02 1.0000814457480818e+00 7.0893527648939303e-02 -1.9410838436732589e-01 1.5877384390468341e+01 52
1 1 0 0 2.2738096066921371e-02 1.8468977810986546e-02 1.0000814206135846e+00 7.0892227648939307e-02 -1.9414112122952881e-01 1.5877263812936121e+01 50
1 1 0 0 2.2731725526288868e-02 1.8465247711037247e-02 1.0000813660911561e+00 7.0889427648939310e-02 -1.9421194581058759e-01 1.5877003215975209e+01 53
1 1 0 0 2.2731497456528700e-02 1.8465114174662515e-02 1.0000813641340742e+00 7.0889327648939307e-02 -1.9421448327805385e-01 1.5876993886196070e+01 52
1 1 0 0 2.2729443105941757e-02 1.8463911350444579e-02 1.0000813464895169e+00 7.0888427648939309e-02 -1.9423734558369229e-01 1.5876909846960459e+01 53
1 1 1 1 2.2718663798385646e-02 1.8457600407349260e-02 1.0000812534332943e+00 7.0883727648939313e-02 1.9435748129247482e-01 1.5876468863792800e+01 55
1 1 1 1 2.2718433508672191e-02 1.8457465586507703e-02 1.0000812514365298e+00 7.0883627648939310e-02 1.9436005111293794e-01 1.5876459442131118e+01 51
1 1 0 0 2.2714512483975449e-02 1.8455170103271565e-02 1.0000812173826272e+00 7.0881927648939316e-02 -1.9440382699404377e-01 1.5876299021047764e+01 52
1 1 0 0 2.2712894576301709e-02 1.8454222955704029e-02 1.0000812033003121e+00 7.0881227648939310e-02 -1.9442190146980670e-01 1.5876232825645351e+01 52
1 1 1 1 2.2709884633376542e-02 1.8452460925907344e-02 1.0000811770536395e+00 7.0879927648939314e-02 1.9445554502599935e-01 1.5876109673211428e+01 52
1 1 0 0 2.2707100113205682e-02 1.8450830901392271e-02 1.0000811527169406e+00 7.0878727648939308e-02 -1.9448668975735300e-01 1.5875995740375000e+01 53
1 1 0 0 2.2702679167004611e-02 1.8448243016411427e-02 1.0000811139677233e+00 7.0876827648939308e-02 -1.9453617910552964e-01 1.5875814843216562e+01 55
1 1 0 0 2.2702212933091027e-02 1.8447970103522567e-02 1.0000811098733340e+00 7.0876627648939303e-02 -1.9454140122174735e-01 1.5875795765210553e+01 52
1 1 0 0 2.2701513269332424e-02 1.8447560553192670e-02 1.0000811037261756e+00 7.0876327648939308e-02 -1.9454923896192974e-01 1.5875767135195456e+01 55
1 1 1 1 2.2698944610982558e-02 1.8446057003368512e-02 1.0000810811291578e+00 7.0875227648939304e-02 1.9457802440090763e-01 1.5875662024403267e+01 55
1 1 0 0 2.2697541378685692e-02 1.8445235643971287e-02 1.0000810687652963e+00 7.0874627648939301e-02 -1.9459375686909297e-01 1.5875604601995740e+01 54
1 1 0 0 2.2694964825586323e-02 1.8443727527474106e-02 1.0000810460277083e+00 7.0873527648939297e-02 -1.9462265753859886e-01 1.5875499162797837e+01 55
1 1 0 0 2.2693557260755982e-02 1.8442903661997526e-02 1.0000810335867261e+00 7.0872927648939293e-02 -1.9463845325081439e-01 1.5875441560099803e+01 52
1 1 0 0 2.2690031588460887e-02 1.8440840088106349e-02 1.0000810023639948e+00 7.0871427648939292e-02 -1.9467804123221294e-01 1.5875297271865531e+01 55
1 1 0 0 2.2689325288366924e-02 1.8440426699122610e-02 1.0000809960987156e+00 7.0871127648939297e-02 -1.9468597584883959e-01 1.5875268365666059e+01 52
1 1 0 0 2.2686496174169967e-02 1.8438770879476502e-02 1.0000809709680083e+00 7.0869927648939290e-02 -1.9471777147158489e-01 1.5875152577774886e+01 55
1 1 0 0 2.2683897283376043e-02 1.8437249842840286e-02 1.0000809478331194e+00 7.0868827648939287e-02 -1.9474699831602180e-01 1.5875046208093009e+01 53
1 1 0 0 2.2682240666335313e-02 1.8436280304063534e-02 1.0000809330615639e+00 7.0868127648939280e-02 -1.9476563778792369e-01 1.5874978402463890e+01 56
1 1 0 0 2.2682003829584241e-02 1.8436141696055154e-02 1.0000809309481939e+00 7.0868027648939277e-02 -1.9476830315786919e-01 1.5874968708554485e+01 52
1 1 0 0 2.2679870297304835e-02 1.8434893066402443e-02 1.0000809118923142e+00 7.0867127648939279e-02 -1.9479232072871144e-01 1.5874881379855532e+01 52
1 1 0 0 2.2677733145241817e-02 1.8433642343290594e-02 1.0000808927721527e+00 7.0866227648939281e-02 -1.9481639118747801e-01 1.5874793900077922e+01 52
1 1 0 0 2.2677257728543846e-02 1.8433364119116540e-02 1.0000808885144570e+00 7.0866027648939275e-02 -1.9482174739693198e-01 1.5874774439502785e+01 59
1 1 0 0 2.2673924750170330e-02 1.8431413622748888e-02 1.0000808586207497e+00 7.0864627648939277e-02 -1.9485931483005087e-01 1.5874638004091242e+01 61
1 1 0 0 2.2672254920215934e-02 1.8430436442574603e-02 1.0000808436146154e+00 7.0863927648939271e-02 -1.9487814737244480e-01 1.5874569646817974e+01 52
1 1 1 1 2.2670343796025769e-02 1.8429318076600792e-02 1.0000808264160175e+00 7.0863127648939275e-02 1.9489971043241161e-01 1.5874491409407213e+01 72
1 1 1 1 2.2670104698639094e-02 1.8429178161228042e-02 1.0000808242625239e+00 7.0863027648939272e-02 1.9490240883883975e-01 1.5874481621083270e+01 52
1 1 0 0 2.2666512687780041e-02 1.8427076221168279e-02 1.0000807918617141e+00 7.0861527648939271e-02 -1.9494296607471703e-01 1.5874334564133289e+01 59
1 1 1 1 2.2662188418864339e-02 1.8424545880785834e-02 1.0000807527351638e+00 7.0859727648939275e-02 1.9499183735523196e-01 1.5874157516094391e+01 52
1 1 0 0 2.2660502634625591e-02 1.8423559474794009e-02 1.0000807374462217e+00 7.0859027648939268e-02 -1.9501090316546854e-01 1.5874088491439300e+01 53
1 1 1 1 2.2655431259457921e-02 1.8420592148739475e-02 1.0000806913311082e+00 7.0856927648939264e-02 1.9506830570659139e-01 1.5873880830099033e+01 65
1 1 0 0 2.2654462878567611e-02 1.8420025553381708e-02 1.0000806825047148e+00 7.0856527648939266e-02 -1.9507927470265549e-01 1.5873841174785833e+01 61
1 1 0 0 2.2653736084225367e-02 1.8419600312750476e-02 1.0000806758759189e+00 7.0856227648939271e-02 -1.9508750889218926e-01 1.5873811411975694e+01 54
1 1 0 0 2.2653493722350832e-02 1.8419458509734667e-02 1.0000806736646026e+00 7.0856127648939268e-02 -1.9509025504267485e-01 1.5873801486968052e+01 58
1 1 0 0 2.2648879566792221e-02 1.8416758886963557e-02 1.0000806314854467e+00 7.0854227648939269e-02 -1.9514256769662369e-01 1.5873612522609049e+01 56
1 1 0 0 2.2646443925470085e-02 1.8415333905696035e-02 1.0000806091596708e+00 7.0853227648939268e-02 -1.9517020514332623e-01 1.5873512768164076e+01 54
1 1 0 0 2.2644003309925432e-02 1.8413906048591409e-02 1.0000805867459803e+00 7.0852227648939267e-02 -1.9519791540061451e-01 1.5873412804893356e+01 54
1 1 0 0 2.2642781124335341e-02 1.8413191034403406e-02 1.0000805755059559e+00 7.0851727648939267e-02 -1.9521179801898966e-01 1.5873362744396980e+01 53
1 1 0 0 2.2641802469904736e-02 1.8412618499293477e-02 1.0000805664979326e+00 7.0851327648939269e-02 -1.9522291737730324e-01 1.5873322657943071e+01 52
1 1 0 0 2.2640578015155000e-02 1.8411902173249100e-02 1.0000805552178267e+00 7.0850827648939269e-02 -1.9523683321815108e-01 1.5873272502116443e+01 55
1 1 0 0 2.2638616248405633e-02 1.8410754525848907e-02 1.0000805371230528e+00 7.0850027648939273e-02 -1.9525913720703555e-01 1.5873192141883113e+01 51
1 1 0 0 2.2638125297123397e-02 1.8410467319398858e-02 1.0000805325903621e+00 7.0849827648939268e-02 -1.9526472066644984e-01 1.5873172030404492e+01 53
1 1 0 0 2.2637634141346397e-02 1.8410179994729846e-02 1.0000805280540614e+00 7.0849627648939262e-02 -1.9527030712051952e-01 1.5873151910328794e+01 54
1 1 0 0 2.2634929114166528e-02 1.8408597587209478e-02 1.0000805030396234e+00 7.0848527648939258e-02 -1.9530108637146562e-01 1.5873041095573427e+01 71
1 1 1 1 2.2624542823456158e-02 1.8402522136635940e-02 1.0000804065067948e+00 7.0844327648939262e-02 1.9541945684745404e-01 1.5872615543743745e+01 61
1 1 0 0 2.2623797372893353e-02 1.8402086110731769e-02 1.0000803995486149e+00 7.0844027648939267e-02 -1.9542796422913283e-01 1.5872584996726117e+01 51
1 1 0 0 2.2622056108777339e-02 1.8401067630587110e-02 1.0000803832797509e+00 7.0843327648939261e-02 -1.9544784233127549e-01 1.5872513641143749e+01 55
1 1 1 1 2.2618815306321077e-02 1.8399172106233479e-02 1.0000803529423965e+00 7.0842027648939265e-02 1.9548486179141908e-01 1.5872380827428394e+01 68
1 1 0 0 2.2614813958798285e-02 1.8396831831426440e-02 1.0000803153810984e+00 7.0840427648939261e-02 -1.9553060990421567e-01 1.5872216830104362e+01 54
1 1 0 0 2.2598156546536432e-02 1.8387090434355206e-02 1.0000801577702803e+00 7.0833827648939265e-02 -1.9572154791250274e-01 1.5871533927958454e+01 52
1 1 0 0 2.2594080504792339e-02 1.8384706991928991e-02 1.0000801188961821e+00 7.0832227648939261e-02 -1.9576839171054308e-01 1.5871366773977487e+01 55
1 1 0 0 2.2588451054651539e-02 1.8381415374221818e-02 1.0000800650075585e+00 7.0830027648939267e-02 -1.9583316732871581e-01 1.5871135883107016e+01 53
1 1 1 1 2.2585882546165011e-02 1.8379913598160526e-02 1.0000800403432093e+00 7.0829027648939266e-02 1.9586275272937625e-01 1.5871030523052474e+01 59
1 1 0 0 2.2582792252590366e-02 1.8378106796213441e-02 1.0000800106043197e+00 7.0827827648939259e-02 -1.9589837391319778e-01 1.5870903748253751e+01 48
1 1 0 0 2.2582276339990558e-02 1.8377805163526283e-02 1.0000800056327057e+00 7.0827627648939254e-02 -1.9590432346135164e-01 1.5870882582489555e+01 53
1 1 0 0 2.2580985472558195e-02 1.8377050454367508e-02 1.0000799931846476e+00 7.0827127648939253e-02 -1.9591921328151773e-01 1.5870829622009385e+01 51
1 1 0 0 2.2574507632402253e-02 1.8373263329105449e-02 1.0000799305328010e+00 7.0824627648939251e-02 -1.9599400763458438e-01 1.5870563822090995e+01 59
1 1 0 0 2.2573467504016568e-02 1.8372655266395789e-02 1.0000799204441970e+00 7.0824227648939253e-02 -1.9600602870867800e-01 1.5870521138102760e+01 64
1 1 0 0 2.2572947056046247e-02 1.8372351013314928e-02 1.0000799153931799e+00 7.0824027648939247e-02 -1.9601204488493768e-01 1.5870499779806270e+01 52
1 1 1 1 2.2570862694272654e-02 1.8371132516264866e-02 1.0000798951441514e+00 7.0823227648939252e-02 1.9603614735422342e-01 1.5870414237434185e+01 52
1 1 1 1 2.2570079994147469e-02 1.8370674964897773e-02 1.0000798875321462e+00 7.0822927648939257e-02 1.9604520142322737e-01 1.5870382113811500e+01 52
1 1 0 0 2.2563009246081969e-02 1.8366541723795187e-02 1.0000798185616924e+00 7.0820227648939263e-02 -1.9612707676737698e-01 1.5870091876805628e+01 52
1 1 0 0 2.2562746443160683e-02 1.8366388107363761e-02 1.0000798159910926e+00 7.0820127648939260e-02 -1.9613012276120867e-01 1.5870081088013682e+01 56
1 1 0 0 2.2559060182376762e-02 1.8364233422072912e-02 1.0000797798800622e+00 7.0818727648939261e-02 -1.9617286988838398e-01 1.5869929746185825e+01 56
1 1 0 0 2.2557476317386988e-02 1.8363307652341607e-02 1.0000797643333657e+00 7.0818127648939258e-02 -1.9619124947590363e-01 1.5869864713472589e+01 58
1 1 0 0 2.2557212102662001e-02 1.8363153220349919e-02 1.0000797617381074e+00 7.0818027648939255e-02 -1.9619431622909417e-01 1.5869853864585989e+01 52
1 1 1 1 2.2554036205958940e-02 1.8361296963336687e-02 1.0000797305021367e+00 7.0816827648939248e-02 1.9623119550874821e-01 1.5869723451365447e+01 52
1 1 0 0 2.2553505930231223e-02 1.8360987032853143e-02 1.0000797252793927e+00 7.0816627648939243e-02 -1.9623735616931148e-01 1.5869701674950434e+01 53
1 1 0 0 2.2553240689040938e-02 1.8360832007926403e-02 1.0000797226662175e+00 7.0816527648939240e-02 -1.9624043801942570e-01 1.5869690782340470e+01 52
1 1 0 0 2.2552709999658156e-02 1.8360521838501134e-02 1.0000797174362550e+00 7.0816327648939234e-02 -1.9624660476451211e-01 1.5869668988300152e+01 51
1 1 1 1 2.2551116270570510e-02 1.8359590370813916e-02 1.0000797017173872e+00 7.0815727648939231e-02 1.9626512943204835e-01 1.5869603535398335e+01 60
1 1 0 0 2.2550052394840179e-02 1.8358968589645298e-02 1.0000796912138987e+00 7.0815327648939233e-02 -1.9627749965345870e-01 1.5869559840900299e+01 55
1 1 0 0 2.2548987402151530e-02 1.8358346163300589e-02 1.0000796806909271e+00 7.0814927648939235e-02 -1.9628988630714400e-01 1.5869516098786846e+01 50
1 1 1 1 2.2548187921927716e-02 1.8357878918586808e-02 1.0000796727858674e+00 7.0814627648939241e-02 1.9629918712139041e-01 1.5869483260834436e+01 55
1 1 1 1 2.2535038762414486e-02 1.8350194704588613e-02 1.0000795420841642e+00 7.0809727648939239e-02 1.9645243932618769e-01 1.5868943025656767e+01 56
1 1 1 1 2.2533687180415651e-02 1.8349404923107698e-02 1.0000795285760260e+00 7.0809227648939238e-02 1.9646822201738251e-01 1.5868887479846123e+01 52
1 1 0 0 2.2533146027924927e-02 1.8349088710376448e-02 1.0000795231637249e+00 7.0809027648939232e-02 -1.9647454274553744e-01 1.5868865239315681e+01 64
1 1 1 1 2.2532875340008956e-02 1.8348930539517631e-02 1.0000795204556308e+00 7.0808927648939229e-02 1.9647770475385945e-01 1.5868854114278347e+01 58
1 1 1 1 2.2530978432709330e-02 1.8347822135386823e-02 1.0000795014625687e+00 7.0808227648939223e-02 1.9649986961450364e-01 1.5868776149610882e+01 53
1 1 1 1 2.2524719678700646e-02 1.8344165186984406e-02 1.0000794386034806e+00 7.0805927648939226e-02 1.9657308077234545e-01 1.5868518865810573e+01 51
1 1 0 0 2.2520616008781240e-02 1.8341767588734910e-02 1.0000793972281101e+00 7.0804427648939225e-02 -1.9662114937540692e-01 1.5868350136231927e+01 57
1 1 0 0 2.2520341808165225e-02 1.8341607389306156e-02 1.0000793944589317e+00 7.0804327648939222e-02 -1.9662436312160267e-01 1.5868338860943322e+01 51
1 1 0 0 2.2515392723637954e-02 1.8338716019287132e-02 1.0000793443796625e+00 7.0802527648939226e-02 -1.9668240907843257e-01 1.5868135328793262e+01 54
1 1 0 0 2.2511248741569206e-02 1.8336295142773840e-02 1.0000793023040706e+00 7.0801027648939224e-02 -1.9673107168739964e-01 1.5867964872786224e+01 50
1 1 0 0 2.2510971829862912e-02 1.8336133377855668e-02 1.0000792994878138e+00 7.0800927648939221e-02 -1.9673432538624158e-01 1.5867953481355450e+01 54
1 1 0 0 2.2509863369246003e-02 1.8335485848290194e-02 1.0000792882086647e+00 7.0800527648939224e-02 -1.9674735217725409e-01 1.5867907880745088e+01 60
1 1 0 0 2.2499266995597782e-02 1.8329296210826764e-02 1.0000791799120197e+00 7.0796727648939226e-02 -1.9687207971687370e-01 1.5867471844061733e+01 52
1 1 0 0 2.2497020672147122e-02 1.8327984175463555e-02 1.0000791568439007e+00 7.0795927648939230e-02 -1.9689856683621082e-01 1.5867379381249057e+01 52
1 1 1 1 2.2489965186622638e-02 1.8323863439845114e-02 1.0000790841372693e+00 7.0793427648939228e-02 1.9698186607253904e-01 1.5867088900239056e+01 56
1 1 0 0 2.2489398377403321e-02 1.8323532412536096e-02 1.0000790782797004e+00 7.0793227648939222e-02 -1.9698856498325942e-01 1.5867065559882709e+01 56
1 1 1 1 2.2487979798659082e-02 1.8322703946155993e-02 1.0000790636088546e+00 7.0792727648939222e-02 1.9700533521563440e-01 1.5867007142103345e+01 52
1 1 0 0 2.2486843328537280e-02 1.8322040245263668e-02 1.0000790518443676e+00 7.0792327648939224e-02 -1.9701877511718882e-01 1.5866960338770323e+01 55
1 1 0 0 2.2485420720817391e-02 1.8321209452983510e-02 1.0000790371038091e+00 7.0791827648939223e-02 -1.9703560480527640e-01 1.5866901747721963e+01 52
1 1 0 0 2.2484566073666373e-02 1.8320710352693788e-02 1.0000790282407475e+00 7.0791527648939229e-02 -1.9704571859426337e-01 1.5866866546527335e+01 64
1 1 0 0 2.2472802903067687e-02 1.8313841406905954e-02 1.0000789056773920e+00 7.0787427648939222e-02 -1.9718516548509132e-01 1.5866381891295319e+01 50
1 1 1 1 2.2461757618180325e-02 1.8307392620128034e-02 1.0000787896150729e+00 7.0783627648939224e-02 1.9731651819719101e-01 1.5865926544305344e+01 68
1 1 0 0 2.2459120754058818e-02 1.8305853226949352e-02 1.0000787617664419e+00 7.0782727648939225e-02 -1.9734793644580903e-01 1.5865817798509962e+01 52
1 1 1 1 2.2457946192158948e-02 1.8305167538738211e-02 1.0000787493440551e+00 7.0782327648939228e-02 1.9736193885996950e-01 1.5865769353863231e+01 58
1 1 1 1 2.2451452753334294e-02 1.8301379352182401e-02 1.0000786805161608e+00 7.0780127648939234e-02 1.9743938493369337e-01 1.5865501643774271e+01 60
1 1 0 0 2.2449375584936284e-02 1.8300167935150203e-02 1.0000786584347137e+00 7.0779427648939228e-02 -1.9746418271197053e-01 1.5865416007827719e+01 61
1 1 0 0 2.2447591037841774e-02 1.8299127203530687e-02 1.0000786394369070e+00 7.0778827648939224e-02 -1.9748549876829033e-01 1.5865342427797703e+01 52
1 1 0 0 2.2440714498222665e-02 1.8295117102239404e-02 1.0000785659965652e+00 7.0776527648939228e-02 -1.9756773889188650e-01 1.5865058825388660e+01 52
1 1 0 0 2.2440414213514108e-02 1.8294941997659259e-02 1.0000785627810709e+00 7.0776427648939225e-02 -1.9757133382893602e-01 1.5865046438460045e+01 52
1 1 0 0 2.2439512699020333e-02 1.8294416303136454e-02 1.0000785531232361e+00 7.0776127648939230e-02 -1.9758212839931411e-01 1.5865009249124219e+01 52
1 1 0 0 2.2435896662969471e-02 1.8292307771548475e-02 1.0000785143204034e+00 7.0774927648939223e-02 -1.9762545415249422e-01 1.5864860060309905e+01 55
1 1 0 0 2.2434687738817665e-02 1.8291602864132887e-02 1.0000785013246305e+00 7.0774527648939226e-02 -1.9763994896796228e-01 1.5864810175914887e+01 59
1 1 0 0 2.2433174042815956e-02 1.8290720264847279e-02 1.0000784850362661e+00 7.0774027648939225e-02 -1.9765810504627199e-01 1.5864747710497685e+01 55
1 1 1 1 2.2423724924574995e-02 1.8285211131484159e-02 1.0000783829460014e+00 7.0770927648939219e-02 1.9777162197340489e-01 1.5864357645922839e+01 53
1 1 1 1 2.2423418240994142e-02 1.8285032337434996e-02 1.0000783796206154e+00 7.0770827648939216e-02 1.9777531151141159e-01 1.5864344982072740e+01 21
1 1 1 1 2.2423111438491700e-02 1.8284853474822175e-02 1.0000783762931891e+00 7.0770727648939213e-02 1.9777900280823310e-01 1.5864332313070866e+01 19
1 1 1 1 2.2422804516891260e-02 1.8284674543545154e-02 1.0000783729637195e+00 7.0770627648939211e-02 1.9778269586650946e-01 1.5864319638909324e+01 23
1 1 1 1 2.2421883035782568e-02 1.8284137336737019e-02 1.0000783629630228e+00 7.0770327648939216e-02 1.9779378563570457e-01 1.5864281585390421e+01 58
1 1 0 0 2.2417877432654162e-02 1.8281802223420528e-02 1.0000783194119662e+00 7.0769027648939220e-02 -1.9784202646604396e-01 1.5864116144334725e+01 54
1 1 1 1 2.2415402216678433e-02 1.8280359333190006e-02 1.0000782924359199e+00 7.0768227648939225e-02 1.9787186445546734e-01 1.5864013891038796e+01 52
1 1 0 0 2.2415092260769910e-02 1.8280178652578766e-02 1.0000782890544191e+00 7.0768127648939222e-02 -1.9787560239901228e-01 1.5864001085360032e+01 54
1 1 1 1 2.2398165996229017e-02 1.8270313150730130e-02 1.0000781032221344e+00 7.0762727648939219e-02 1.9808024309320091e-01 1.5863301393009070e+01 52
1 1 0 0 2.2397214463292070e-02 1.8269758619831735e-02 1.0000780927066695e+00 7.0762427648939225e-02 -1.9809177758905294e-01 1.5863262035537231e+01 50
1 1 0 0 2.2394352557658887e-02 1.8268090815409480e-02 1.0000780610353037e+00 7.0761527648939226e-02 -1.9812648927090831e-01 1.5863143645593553e+01 49
1 1 0 0 2.2393715079252367e-02 1.8267719327958162e-02 1.0000780539715823e+00 7.0761327648939221e-02 -1.9813422518113563e-01 1.5863117271548784e+01 54
1 1 0 0 2.2386666197062172e-02 1.8263611858876976e-02 1.0000779756446823e+00 7.0759127648939227e-02 -1.9821986255083474e-01 1.5862825564797621e+01 53
1 1 1 1 2.2379873555926140e-02 1.8259654111872022e-02 1.0000778997819162e+00 7.0757027648939222e-02 1.9830255779453107e-01 1.5862544326085716e+01 53
1 1 0 0 2.2379548495900389e-02 1.8259464725049208e-02 1.0000778961420671e+00 7.0756927648939219e-02 -1.9830651938357213e-01 1.5862530864082547e+01 52
1 1 0 0 2.2376942689098813e-02 1.8257946560605514e-02 1.0000778669323531e+00 7.0756127648939224e-02 -1.9833829102899039e-01 1.5862422936123579e+01 60
1 1 0 0 2.2370386064315344e-02 1.8254126882264264e-02 1.0000777931895717e+00 7.0754127648939222e-02 -1.9841834420866752e-01 1.5862151282111302e+01 58
1 1 1 1 2.2368407119612053e-02 1.8252974087846076e-02 1.0000777708627904e+00 7.0753527648939218e-02 1.9844253740545795e-01 1.5862069264867637e+01 52
1 1 0 0 2.2365759773877385e-02 1.8251431984576894e-02 1.0000777409445192e+00 7.0752727648939223e-02 -1.9847492476455170e-01 1.5861959526985267e+01 51
1 1 0 0 2.2364100046979481e-02 1.8250465210426198e-02 1.0000777221580575e+00 7.0752227648939223e-02 -1.9849524301100394e-01 1.5861890716874896e+01 55
1 1 1 1 2.2362103101914665e-02 1.8249302042955128e-02 1.0000776995244469e+00 7.0751627648939219e-02 1.9851970309155142e-01 1.5861807914784691e+01 51
1 1 0 0 2.2354393777401820e-02 1.8244811904966778e-02 1.0000776118361321e+00 7.0749327648939223e-02 -1.9861427303629289e-01 1.5861488134691630e+01 52
1 1 0 0 2.2351691606846056e-02 1.8243238209402029e-02 1.0000775809839635e+00 7.0748527648939227e-02 -1.9864747347258249e-01 1.5861376004772033e+01 53
1 1 0 0 2.2349657821101179e-02 1.8242053813358621e-02 1.0000775577230152e+00 7.0747927648939224e-02 -1.9867247998946594e-01 1.5861291594767239e+01 52
1 1 0 0 2.2340427911613173e-02 1.8236679161683117e-02 1.0000774517240454e+00 7.0745227648939230e-02 -1.9878616482944156e-01 1.5860908347550367e+01 52
1 1 0 0 2.2340083563417993e-02 1.8236478660270582e-02 1.0000774477556529e+00 7.0745127648939227e-02 -1.9879041247625784e-01 1.5860894043957330e+01 52
1 1 0 0 2.2328615925749452e-02 1.8229802110807731e-02 1.0000773150290923e+00 7.0741827648939229e-02 -1.9893213087982220e-01 1.5860417470287784e+01 52
1 1 1 1 2.2325804599437286e-02 1.8228165525083297e-02 1.0000772823215152e+00 7.0741027648939234e-02 1.9896695148996313e-01 1.5860300567944941e+01 52
1 1 1 1 2.2325099804928705e-02 1.8227755247824065e-02 1.0000772741113020e+00 7.0740827648939228e-02 1.9897568579367261e-01 1.5860271256421978e+01 58
1 1 0 0 2.2324747111051473e-02 1.8227549938313985e-02 1.0000772700011611e+00 7.0740727648939225e-02 -1.9898005735085181e-01 1.5860256587672678e+01 52
1 1 0 0 2.2319076765719963e-02 1.8224249291939915e-02 1.0000772037766472e+00 7.0739127648939221e-02 -1.9905040690900078e-01 1.5860020694555244e+01 53
1 1 0 0 2.2318720645376235e-02 1.8224042008539911e-02 1.0000771996083730e+00 7.0739027648939218e-02 -1.9905482936148469e-01 1.5860005875727097e+01 51
1 1 1 1 2.2318364319719522e-02 1.8223834606867551e-02 1.0000771954366163e+00 7.0738927648939215e-02 1.9905925486398135e-01 1.5859991047903502e+01 62
1 1 0 0 2.2311554546364940e-02 1.8219871171766940e-02 1.0000771155020165e+00 7.0737027648939216e-02 -1.9914392753662102e-01 1.5859707584438842e+01 55
1 1 0 0 2.2299909017591185e-02 1.8213094281501727e-02 1.0000769778855274e+00 7.0733827648939221e-02 -1.9928915610666925e-01 1.5859222435428251e+01 56
1 1 0 0 2.2295852379894326e-02 1.8210733917480175e-02 1.0000769296741747e+00 7.0732727648939217e-02 -1.9933987351400378e-01 1.5859053318349069e+01 51
1 1 1 1 2.2293256097107798e-02 1.8209223351421059e-02 1.0000768987440045e+00 7.0732027648939211e-02 1.9937236807422071e-01 1.5858945049184909e+01 52
1 1 0 0 2.2277425385296781e-02 1.8200014235694791e-02 1.0000767088844598e+00 7.0727827648939215e-02 -1.9957109847342328e-01 1.5858284317513473e+01 52
1 1 1 1 2.2277042964352636e-02 1.8199791803993986e-02 1.0000767042710579e+00 7.0727727648939212e-02 1.9957591195794722e-01 1.5858268344051213e+01 53
1 1 0 0 2.2273974003837970e-02 1.8198006825994113e-02 1.0000766672018198e+00 7.0726927648939217e-02 -1.9961456257631721e-01 1.5858140134389888e+01 53
1 1 0 0 2.2263486492244307e-02 1.8191907795858223e-02 1.0000765399023419e+00 7.0724227648939222e-02 -1.9974693971067270e-01 1.5857701716285865e+01 51
1 1 0 0 2.2262308449475212e-02 1.8191222775977088e-02 1.0000765255425752e+00 7.0723927648939228e-02 -1.9976183827122809e-01 1.5857652441259159e+01 64
1 1 0 0 2.2260339198681225e-02 1.8190077709808718e-02 1.0000765015110211e+00 7.0723427648939227e-02 -1.9978675624140238e-01 1.5857570058744701e+01 53
1 1 0 0 2.2251183885965680e-02 1.8184754690895203e-02 1.0000763893344238e+00 7.0721127648939230e-02 -1.9990281963671810e-01 1.5857186836344193e+01 65
1 1 0 0 2.2247152000004485e-02 1.8182410788206496e-02 1.0000763396971666e+00 7.0720127648939229e-02 -1.9995404620083693e-01 1.5857017956194220e+01 53
1 1 0 0 2.2232779363013200e-02 1.8174056836871441e-02 1.0000761615711315e+00 7.0716627648939226e-02 -2.0013722797166494e-01 1.5856415361743169e+01 55
1 1 0 0 2.2232362479224149e-02 1.8173814561725041e-02 1.0000761563768483e+00 7.0716527648939223e-02 -2.0014255467335409e-01 1.5856397869513007e+01 53
1 1 0 0 2.2216244247682912e-02 1.8164448843301505e-02 1.0000759543423412e+00 7.0712727648939225e-02 -2.0034909310082841e-01 1.5855720946011296e+01 53
1 1 0 0 2.2208848244032617e-02 1.8160152295468763e-02 1.0000758608462681e+00 7.0711027648939231e-02 -2.0044425349394718e-01 1.5855409926249843e+01 58
1 1 0 0 2.2196844062013988e-02 1.8153180094782232e-02 1.0000757080284908e+00 7.0708327648939237e-02 -2.0059923283048722e-01 1.5854904559463289e+01 51
1 1 1 1 2.2195037245601634e-02 1.8152130818400735e-02 1.0000756849120376e+00 7.0707927648939239e-02 2.0062261673654189e-01 1.5854828432557031e+01 52
1 1 0 0 2.2194584351325975e-02 1.8151867814272405e-02 1.0000756791129646e+00 7.0707827648939237e-02 -2.0062848047282283e-01 1.5854809348138508e+01 51
1 1 0 0 2.2189111703421006e-02 1.8148689941261571e-02 1.0000756088883420e+00 7.0706627648939230e-02 -2.0069941114774545e-01 1.5854578656139905e+01 52
1 1 0 0 2.2187732384627162e-02 1.8147889051627807e-02 1.0000755911451567e+00 7.0706327648939235e-02 -2.0071731032575674e-01 1.5854520489021700e+01 66
1 1 0 0 2.2173679136811762e-02 1.8139730482355065e-02 1.0000754093561446e+00 7.0703327648939232e-02 -2.0090018422502293e-01 1.5853927294493753e+01 50
1 1 0 0 2.2156118067393704e-02 1.8129529849449627e-02 1.0000751799229286e+00 7.0699727648939226e-02 -2.0113002345033967e-01 1.5853184567644984e+01 52
1 1 0 0 2.2148551516429266e-02 1.8125135018624290e-02 1.0000750801966949e+00 7.0698227648939224e-02 -2.0122951385910262e-01 1.5852864029940470e+01 55
1 1 0 0 2.2138733691651275e-02 1.8119433714605376e-02 1.0000749499798882e+00 7.0696327648939225e-02 -2.0135902457921062e-01 1.5852447643682478e+01 52
1 1 1 1 2.2135575444695337e-02 1.8117599962739296e-02 1.0000749078933817e+00 7.0695727648939222e-02 2.0140078777842196e-01 1.5852313581467365e+01 55
1 1 0 0 2.2129708604843916e-02 1.8114193894163678e-02 1.0000748294557107e+00 7.0694627648939218e-02 -2.0147850049176136e-01 1.5852064390550007e+01 58
1 1 1 1 2.2126464922487064e-02 1.8112310932943406e-02 1.0000747859450363e+00 7.0694027648939214e-02 2.0152154088926089e-01 1.5851926530296089e+01 52
1 1 0 0 2.2124831118792172e-02 1.8111362562321483e-02 1.0000747639903651e+00 7.0693727648939220e-02 -2.0154323994708082e-01 1.5851857068198973e+01 57
1 1 0 0 2.2108020286480876e-02 1.8101606551715110e-02 1.0000745365691717e+00 7.0690727648939217e-02 -2.0176730100823784e-01 1.5851141413267289e+01 51
1 1 0 0 2.2098666403381751e-02 1.8096179828447596e-02 1.0000744088177986e+00 7.0689127648939212e-02 -2.0189260568198811e-01 1.5850742455353190e+01 48
1 1 0 0 2.2091450612705066e-02 1.8091994390339174e-02 1.0000743096712501e+00 7.0687927648939206e-02 -2.0198958239320811e-01 1.5850434312385852e+01 55
1 1 1 1 2.2076436536185413e-02 1.8083288078010195e-02 1.0000741016953127e+00 7.0685527648939206e-02 2.0219225386785739e-01 1.5849792068797736e+01 65
1 1 0 0 2.1648764083622745e-02 1.7837310963859269e-02 1.0000670735820856e+00 7.0684927648939203e-02 -2.0861103937023678e-01 1.5830600737489386e+01 66
1 1 0 0 2.1100081684510091e-02 1.7536654758384423e-02 1.0000521188371485e+00 7.1094927648939196e-02 -2.2148018395610969e-01 1.5829310000847949e+01 52
1 1 0 0 2.1094486671014479e-02 1.7533884225451490e-02 1.0000518793505666e+00 7.1105927648939193e-02 -2.2169117398992194e-01 1.5829004658501823e+01 49
1 1 0 0 2.1079190742232953e-02 1.7526394034124895e-02 1.0000512001346142e+00 7.1137927648939198e-02 -2.2229203671003095e-01 1.5828149925389530e+01 60
1 1 1 1 2.1071189129281697e-02 1.7522530927161509e-02 1.0000508288257279e+00 7.1155927648939202e-02 2.2262214210432535e-01 1.5827689684022381e+01 48
1 1 1 1 2.0980576828995512e-02 1.7484604358272125e-02 1.0000449763272545e+00 7.1489927648939203e-02 2.2802582576386671e-01 1.5821095814581046e+01 45
1 1 0 0 2.0979727999182476e-02 1.7484379123618624e-02 1.0000448851665300e+00 7.1495927648939209e-02 -2.2811371429239424e-01 1.5821003214845268e+01 51
1 1 0 0 2.0978496119109676e-02 1.7484065582279242e-02 1.0000447491650188e+00 7.1504927648939204e-02 -2.2824509122179240e-01 1.5820865670857280e+01 57
1 1 1 1 2.0973275895077685e-02 1.7482958836678171e-02 1.0000441112639371e+00 7.1547927648939205e-02 2.2886552732879506e-01 1.5820230289157216e+01 62
1 1 1 1 2.0973167249876717e-02 1.7482940602441890e-02 1.0000440966565709e+00 7.1548927648939206e-02 2.2887981845330743e-01 1.5820215929601162e+01 53
1 1 0 0 2.0971112400025117e-02 1.7482645409323646e-02 1.0000438066120818e+00 7.1568927648939212e-02 -2.2916438328543806e-01 1.5819932589269564e+01 49
1 1 0 0 2.0970728099371616e-02 1.7482602072825353e-02 1.0000437490779364e+00 7.1572927648939216e-02 -2.2922101355695393e-01 1.5819876790578467e+01 53
1 1 0 0 2.0970352573485847e-02 1.7482563903929299e-02 1.0000436916998823e+00 7.1576927648939220e-02 -2.2927755134287506e-01 1.5819821277730805e+01 54
1 1 1 1 2.0965990529640668e-02 1.7482557094946862e-02 1.0000429043058987e+00 7.1632927648939221e-02 2.3005976582183416e-01 1.5819073219653415e+01 51
1 0 0 0 2.0964986075116116e-02 1.7482743552384106e-02 1.0000426709405055e+00 7.1649927648939224e-02 -2.3029395072940906e-01 1.5818856512490880e+01 54
1 0 0 0 2.0963684160997330e-02 1.7483212828953015e-02 1.0000423054828267e+00 7.1676927648939223e-02 -2.3066295288193914e-01 1.5818521836662370e+01 51
1 0 0 0 2.0962821004289482e-02 1.7483803613579065e-02 1.0000419858131315e+00 7.1700927648939219e-02 -2.3098805353127827e-01 1.5818233863243821e+01 59
1 0 1 1 2.0962647503083506e-02 1.7483976289903985e-02 1.0000419066391872e+00 7.1706927648939225e-02 2.3106891694273390e-01 1.5818163236735895e+01 64
1 0 0 0 2.0962395348696809e-02 1.7484285955641138e-02 1.0000417753323745e+00 7.1716927648939222e-02 -2.3120333223473372e-01 1.5818046721423610e+01 60
1 0 1 1 2.0962350432163136e-02 1.7484351147692232e-02 1.0000417491677440e+00 7.1718927648939224e-02 2.3123016232312849e-01 1.5818023596415067e+01 56
1 0 0 0 2.0961813898252593e-02 1.7486144148010547e-02 1.0000411560711742e+00 7.1764927648939228e-02 -2.3184254960644499e-01 1.5817507739204466e+01 53
1 0 0 0 2.0961811831075490e-02 1.7486372311642365e-02 1.0000410925864032e+00 7.1769927648939233e-02 -2.3190858726714103e-01 1.5817453480891675e+01 62
1 0 0 0 2.0961840073071610e-02 1.7486847798018741e-02 1.0000409661806917e+00 7.1779927648939229e-02 -2.3204036430842331e-01 1.5817346006893855e+01 51
1 0 0 0 2.0961845258328848e-02 1.7486896744007937e-02 1.0000409535812085e+00 7.1780927648939230e-02 -2.3205352034764756e-01 1.5817335335511352e+01 70
1 0 1 1 2.0961863377333308e-02 1.7487045099137923e-02 1.0000409158273362e+00 7.1783927648939233e-02 2.3209296502836468e-01 1.5817303403874815e+01 46
1 0 1 1 2.0962066717340255e-02 1.7488037124162040e-02 1.0000406782584714e+00 7.1802927648939238e-02 2.3234197605957799e-01 1.5817104020936423e+01 47
1 0 0 0 2.0962588957145905e-02 1.7489539119746898e-02 1.0000403573933592e+00 7.1828927648939236e-02 -2.3268053725148596e-01 1.5816839028082562e+01 50
1 0 0 0 2.0962953796480357e-02 1.7490351565529295e-02 1.0000401987535528e+00 7.1841927648939236e-02 -2.3284890063895847e-01 1.5816709865223309e+01 54
1 0 0 0 2.0963422717599458e-02 1.7491271559891598e-02 1.0000400292211082e+00 7.1855927648939236e-02 -2.3302955232239447e-01 1.5816573208620042e+01 55
1 0 0 0 2.0965239952987581e-02 1.7494229074524508e-02 1.0000395403594993e+00 7.1896927648939235e-02 -2.3355480434193626e-01 1.5816187252554521e+01 61
1 0 0 0 2.0967106258061259e-02 1.7496803154767791e-02 1.0000391664678094e+00 7.1928927648939239e-02 -2.3396101633078931e-01 1.5815900390339175e+01 48
1 0 0 0 2.0971971555033286e-02 1.7502623907509916e-02 1.0000384378975076e+00 7.1992927648939234e-02 -2.3476435540758803e-01 1.5815362977923609e+01 49
1 0 0 0 2.0972864260979843e-02 1.7503612132262064e-02 1.0000383262914785e+00 7.2002927648939230e-02 -2.3488884875079682e-01 1.5815283253662674e+01 51
1 0 0 0 2.0977739802404194e-02 1.7508752505396942e-02 1.0000377878036111e+00 7.2051927648939224e-02 -2.3549512791694052e-01 1.5814908668325376e+01 58
1 0 0 0 2.0980541477990850e-02 1.7511562034258403e-02 1.0000375182882562e+00 7.2076927648939221e-02 -2.3580217685083346e-01 1.5814727621759516e+01 54
1 0 1 1 2.0984939115208465e-02 1.7515823964369917e-02 1.0000371361792779e+00 7.2112927648939215e-02 2.3624179484141297e-01 1.5814478560254042e+01 46
1 0 0 0 2.0987028826735230e-02 1.7517798668426725e-02 1.0000369685715829e+00 7.2128927648939217e-02 -2.3643626427273812e-01 1.5814372203020204e+01 52
1 0 1 1 2.0988787102033436e-02 1.7519439085102513e-02 1.0000368333763889e+00 7.2141927648939216e-02 2.3659387143547470e-01 1.5814287725502700e+01 51
1 0 0 0 2.0989062378760109e-02 1.7519694300381250e-02 1.0000368126548853e+00 7.2143927648939218e-02 -2.3661808751234845e-01 1.5814274882159465e+01 48
1 0 0 0 2.0990882515317340e-02 1.7521371574196892e-02 1.0000366784664383e+00 7.2156927648939218e-02 -2.3677529276950751e-01 1.5814192390501612e+01 52
1 0 0 0 2.0993048673586676e-02 1.7523346221672072e-02 1.0000365247041141e+00 7.2171927648939219e-02 -2.3695626209075574e-01 1.5814099327427842e+01 49
1 0 0 0 2.0994083571614027e-02 1.7524282042752089e-02 1.0000364533369657e+00 7.2178927648939212e-02 -2.3704056322753453e-01 1.5814056669801305e+01 50
1 0 0 0 2.0994832092669790e-02 1.7524956034933162e-02 1.0000364025106767e+00 7.2183927648939217e-02 -2.3710072038531937e-01 1.5814026499192590e+01 52
1 0 0 0 2.0999484738752638e-02 1.7529096286772995e-02 1.0000361001514129e+00 7.2213927648939219e-02 -2.3746067541195556e-01 1.5813850668634245e+01 61
1 0 0 0 2.1000448225523802e-02 1.7529943990044327e-02 1.0000360402080244e+00 7.2219927648939225e-02 -2.3753246833411307e-01 1.5813816562699614e+01 55
1 0 0 0 2.1002407849374460e-02 1.7531658870215270e-02 1.0000359208427392e+00 7.2231927648939223e-02 -2.3767586201865759e-01 1.5813749401801003e+01 53
1 0 1 1 2.1004410758374666e-02 1.7533399570121750e-02 1.0000358021670968e+00 7.2243927648939221e-02 2.3781900433392947e-01 1.5813683634796831e+01 77
1 0 0 0 2.1010139585418395e-02 1.7538318248841844e-02 1.0000354793107062e+00 7.2276927648939227e-02 -2.3821139612568068e-01 1.5813509893011837e+01 57
1 0 0 0 2.1011938898248466e-02 1.7539846535486958e-02 1.0000353824745651e+00 7.2286927648939223e-02 -2.3832995364553239e-01 1.5813459286220509e+01 56
1 0 0 0 2.1014692507475893e-02 1.7542171579666702e-02 1.0000352380784134e+00 7.2301927648939224e-02 -2.3850749697509793e-01 1.5813385140566178e+01 59
1 0 0 0 2.1015064586138364e-02 1.7542484528981345e-02 1.0000352189028425e+00 7.2303927648939226e-02 -2.3853114333456790e-01 1.5813375413793107e+01 52
1 0 0 0 2.1017131657420196e-02 1.7544218071677015e-02 1.0000351137597472e+00 7.2314927648939223e-02 -2.3866109065888655e-01 1.5813322583744283e+01 57
1 0 0 0 2.1020200350493567e-02 1.7546776632834285e-02 1.0000349617914741e+00 7.2330927648939225e-02 -2.3884978608526686e-01 1.5813247746960863e+01 54
1 0 0 0 2.1021565895644967e-02 1.7547909732680968e-02 1.0000348956626610e+00 7.2337927648939218e-02 -2.3893222424733637e-01 1.5813215750111691e+01 55
1 0 1 1 2.1023939203581459e-02 1.7549871523138302e-02 1.0000347828004887e+00 7.2349927648939216e-02 2.3907338637209125e-01 1.5813161947084177e+01 56
1 0 0 0 2.1030258010719428e-02 1.7555051631783732e-02 1.0000344941352861e+00 7.2380927648939219e-02 -2.3943714967557106e-01 1.5813029045264051e+01 48
1 0 0 0 2.1032142799656952e-02 1.7556585581145659e-02 1.0000344111011317e+00 7.2389927648939215e-02 -2.3954252281186528e-01 1.5812992094064022e+01 58
1 0 0 0 2.1033411811252026e-02 1.7557615673902838e-02 1.0000343559358114e+00 7.2395927648939221e-02 -2.3961271463668588e-01 1.5812967865821085e+01 52
1 0 1 1 2.1035333989699558e-02 1.7559171963296493e-02 1.0000342734723269e+00 7.2404927648939216e-02 2.3971791848683224e-01 1.5812932130476950e+01 50
1 0 1 1 2.1045277849289133e-02 1.7567152395163179e-02 1.0000338662020736e+00 7.2449927648939219e-02 2.4024249469801912e-01 1.5812764302281742e+01 64
1 0 0 0 2.1048022393455944e-02 1.7569336006784328e-02 1.0000337589950701e+00 7.2461927648939217e-02 -2.4038199587749920e-01 1.5812722578869440e+01 55
1 0 0 0 2.1050805660848878e-02 1.7571542767545981e-02 1.0000336523673088e+00 7.2473927648939215e-02 -2.4052134342414294e-01 1.5812682122063990e+01 53
1 0 1 1 2.1061339320254696e-02 1.7579830541047444e-02 1.0000332662769871e+00 7.2517927648939218e-02 2.4103104252897595e-01 1.5812544543490306e+01 47
1 0 1 1 2.1062815389795046e-02 1.7580984408489084e-02 1.0000332142138280e+00 7.2523927648939224e-02 2.4110040367445573e-01 1.5812527085526055e+01 52
1 0 0 0 2.1066296276893957e-02 1.7583698729010205e-02 1.0000330932717074e+00 7.2537927648939224e-02 -2.4126212014326667e-01 1.5812487559228321e+01 56
1 0 0 0 2.1080729404065718e-02 1.7594860801140047e-02 1.0000326169170153e+00 7.2593927648939224e-02 -2.4190734139957842e-01 1.5812346275467366e+01 50
1 0 1 1 2.1082057388344042e-02 1.7595880930854235e-02 1.0000325749527272e+00 7.2598927648939229e-02 2.4196483172853187e-01 1.5812334962263559e+01 52
1 0 0 0 2.1083927312983617e-02 1.7597315541571790e-02 1.0000325163566852e+00 7.2605927648939222e-02 -2.4204528777169268e-01 1.5812319480500703e+01 52
1 0 0 0 2.1088248368615753e-02 1.7600622735580950e-02 1.0000323830933304e+00 7.2621927648939225e-02 -2.4222905809248294e-01 1.5812285653593275e+01 55
1 0 1 1 2.1088793080848843e-02 1.7601038875124219e-02 1.0000323665006494e+00 7.2623927648939227e-02 2.4225201709493749e-01 1.5812281577599563e+01 44
1 0 0 0 2.1090433309627038e-02 1.7602290938620150e-02 1.0000323168091472e+00 7.2629927648939233e-02 -2.4232087816730946e-01 1.5812269552485352e+01 50
1 0 0 0 2.1092358442013175e-02 1.7603758579105514e-02 1.0000322589992745e+00 7.2636927648939226e-02 -2.4240118640392233e-01 1.5812255907453009e+01 49
1 0 0 0 2.1093464084198817e-02 1.7604600561353184e-02 1.0000322260438559e+00 7.2640927648939230e-02 -2.4244706276254147e-01 1.5812248295912331e+01 58
1 0 0 0 2.1098208104509009e-02 1.7608205935306338e-02 1.0000320866188845e+00 7.2657927648939233e-02 -2.4264192703326401e-01 1.5812217450629301e+01 51
1 0 0 0 2.1099617248014627e-02 1.7609274622524453e-02 1.0000320458063086e+00 7.2662927648939238e-02 -2.4269920717673255e-01 1.5812208841203175e+01 53
1 0 0 0 2.1108203607917174e-02 1.7615765430328011e-02 1.0000318027700823e+00 7.2692927648939240e-02 -2.4304259493670144e-01 1.5812161590347891e+01 53
1 0 1 1 2.1109365427703111e-02 1.7616641026972704e-02 1.0000317706015733e+00 7.2696927648939244e-02 2.4308834400621651e-01 1.5812155859879876e+01 49
1 0 0 0 2.1109656504665505e-02 1.7616860298343761e-02 1.0000317625680724e+00 7.2697927648939245e-02 -2.4309978001693780e-01 1.5812154448174805e+01 51
1 0 0 0 2.1149915099395955e-02 1.7646857978947401e-02 1.0000307392193306e+00 7.2828927648939251e-02 -2.4459441580781555e-01 1.5812041528201654e+01 48
1 0 0 0 2.1152509025347724e-02 1.7648770914750467e-02 1.0000306785419122e+00 7.2836927648939245e-02 -2.4468552375294239e-01 1.5812039248921533e+01 54
1 0 1 1 2.1170082414637220e-02 1.7661676657899299e-02 1.0000302816476601e+00 7.2889927648939243e-02 2.4528884775628965e-01 1.5812037545163784e+01 45
1 1 0 0 2.1167386686261922e-02 1.7659702807824477e-02 1.0000303409945577e+00 7.2881927648939249e-02 -2.4519780291955023e-01 1.5812036310490690e+01 50
1 1 0 0 2.1166044561034270e-02 1.7658719316548985e-02 1.0000303707423346e+00 7.2877927648939245e-02 -2.4515227813155724e-01 1.5812035892104332e+01 49
1 1 0 0 2.1161709113425371e-02 1.7655538801547171e-02 1.0000304677663912e+00 7.2864927648939246e-02 -2.4500430973015783e-01 1.5812035448203041e+01 51
