isScalarized | massIncreased | isMonotoneInside | isMonotoneOutside | mass_Baryon | mass_ADM | AST(radius) | radius  |  phi_c | rho_c | ctr |
1 0 1 1 3.2093028468433316e-02 2.4357931706040552e-02 1.0000000000024294e+00 8.5850099999999790e-02 4.2805560025459119e-03 1.7519352043361266e+01 38
1 1 1 1 3.2093291506241836e-02 2.4358038779941620e-02 1.0000000000024332e+00 8.5849724999999794e-02 4.2825714273730065e-03 1.7519642943050258e+01 39
1 0 1 1 3.2093291506241836e-02 2.4358038779941620e-02 1.0000000000024332e+00 8.5849724999999794e-02 4.2825714273730083e-03 1.7519642943050261e+01 39
1 1 1 1 3.2093554523673948e-02 2.4358145840726857e-02 1.0000000000024369e+00 8.5849349999999797e-02 4.2845865056899361e-03 1.7519933843210129e+01 39
1 1 1 1 3.2093817520732260e-02 2.4358252888399826e-02 1.0000000000024407e+00 8.5848974999999800e-02 4.2866012381565536e-03 1.7520224743838046e+01 39
1 1 1 1 3.2123787212650246e-02 2.4370419711057266e-02 1.0000000000028975e+00 8.5806050512499801e-02 4.5150929394610307e-03 1.7553525216744525e+01 38
1 1 1 1 3.2168285782160008e-02 2.4388367208317233e-02 1.0000000000036926e+00 8.5741604306051489e-02 4.8515231313559608e-03 1.7603525719422642e+01 38
1 1 1 1 3.2212196944449475e-02 2.4405937000594360e-02 1.0000000000046352e+00 8.5677150945434100e-02 5.1820565865327234e-03 1.7653527064684273e+01 38
1 1 1 1 3.2255532790015966e-02 2.4423136080367041e-02 1.0000000000057456e+00 8.5612680062082225e-02 5.5084973620306132e-03 1.7703528785623803e+01 38
1 1 1 1 3.2298303436319654e-02 2.4439970519578153e-02 1.0000000000070461e+00 8.5548183390367682e-02 5.8322379489610726e-03 1.7753530279771535e+01 38
1 1 1 1 3.2340484742427580e-02 2.4456445862449879e-02 1.0000000000085618e+00 8.5483653524539349e-02 6.1543821241721803e-03 1.7803531468002074e+01 38
1 1 1 1 3.2382051553464179e-02 2.4472567121473963e-02 1.0000000000103200e+00 8.5419084096932385e-02 6.4758203237295321e-03 1.7853532428627812e+01 39
1 1 1 1 3.2423076427491641e-02 2.4488338817325508e-02 1.0000000000123512e+00 8.5354469788686327e-02 6.7972813871370000e-03 1.7903533216798632e+01 39
1 1 1 1 3.2463565483681539e-02 2.4503765062105342e-02 1.0000000000146887e+00 8.5289806148824088e-02 7.1193696760219081e-03 1.7953533872117621e+01 39
1 1 1 1 3.2503524127978821e-02 2.4518849625327469e-02 1.0000000000173688e+00 8.5225089454107950e-02 7.4425917560964365e-03 1.8003534423488372e+01 39
1 1 1 1 3.2542957165297932e-02 2.4533595987114087e-02 1.0000000000204321e+00 8.5160316598566044e-02 7.7673760240151999e-03 1.8053534892328344e+01 39
1 1 1 1 3.2581868890949432e-02 2.4548007381682134e-02 1.0000000000239226e+00 8.5095485005082239e-02 8.0940874436720069e-03 1.8103535294743690e+01 39
1 1 1 1 3.2620270814357762e-02 2.4562030959961699e-02 1.0000000000278906e+00 8.5030592553675621e-02 8.4231007619562995e-03 1.8153545024020985e+01 39
1 1 1 1 3.2658137603788127e-02 2.4575716356491709e-02 1.0000000000323845e+00 8.4965674045981432e-02 8.7544388829583659e-03 1.8203526831885622e+01 39
1 1 1 1 3.2695514328140655e-02 2.4589082531137098e-02 1.0000000000374669e+00 8.4900656043571554e-02 9.0887013532133763e-03 1.8253536030835338e+01 39
1 1 1 1 3.2732376556111803e-02 2.4602122201236257e-02 1.0000000000431972e+00 8.4835584485957238e-02 9.4258498681384119e-03 1.8303536442429802e+01 39
1 1 1 1 3.2768733413321233e-02 2.4614840148278510e-02 1.0000000000496445e+00 8.4770447429496021e-02 9.7661170818126967e-03 1.8353536650008671e+01 39
1 1 1 1 3.2804587495483928e-02 2.4627238777975662e-02 1.0000000000568827e+00 8.4705244089061105e-02 1.0109657041413507e-02 1.8403536834375291e+01 39
1 1 1 1 3.2839928244592441e-02 2.4639320364782984e-02 1.0000000000649927e+00 8.4639974125189255e-02 1.0456602946572514e-02 1.8453536998572098e+01 39
1 1 1 1 3.2874695229018744e-02 2.4651087110558800e-02 1.0000000000740614e+00 8.4574637390681384e-02 1.0807070909528907e-02 1.8503537145148165e+01 39
1 1 1 1 3.2908965378994633e-02 2.4662541154887870e-02 1.0000000000841838e+00 8.4509233910430248e-02 1.1161162128071339e-02 1.8553537276221366e+01 39
1 1 1 1 3.2942740634422617e-02 2.4673684584062019e-02 1.0000000000954623e+00 8.4443763863496668e-02 1.1518964736648369e-02 1.8603537393599030e+01 39
1 1 1 1 3.2976022846809609e-02 2.4684519438873846e-02 1.0000000001080076e+00 8.4378227567269204e-02 1.1880555392797958e-02 1.8653537498814774e+01 39
1 1 1 1 3.3008813793953803e-02 2.4695047721399237e-02 1.0000000001219389e+00 8.4312625463292767e-02 1.2246000645200894e-02 1.8703537593214655e+01 39
1 1 1 1 3.3041115192752477e-02 2.4705271400881704e-02 1.0000000001373857e+00 8.4246958104702563e-02 1.2615358118241530e-02 1.8753537677963042e+01 39
1 1 1 1 3.3072928710430702e-02 2.4715192418837777e-02 1.0000000001544866e+00 8.4181226144932175e-02 1.2988677542562839e-02 1.8803537754091064e+01 39
1 1 1 1 3.3104260225753669e-02 2.4724772581787190e-02 1.0000000001734011e+00 8.4115430327644125e-02 1.3366049477091696e-02 1.8853544125960603e+01 39
1 1 1 1 3.3135096470242306e-02 2.4734040046919401e-02 1.0000000001942773e+00 8.4049596362991807e-02 1.3747331275168291e-02 1.8903533227456702e+01 39
1 1 1 1 3.3165458276476503e-02 2.4743013002825196e-02 1.0000000002172995e+00 8.3983681849106429e-02 1.4132792183950573e-02 1.8953536345655792e+01 39
1 1 1 1 3.3195337608397560e-02 2.4751690439698385e-02 1.0000000002426481e+00 8.3917708149264469e-02 1.4522340390045432e-02 1.9003537986192171e+01 39
1 1 1 1 3.3224735981994942e-02 2.4760074235685246e-02 1.0000000002705227e+00 8.3851676445927781e-02 1.4915996315953566e-02 1.9053538031024029e+01 39
1 1 1 1 3.3253655891150070e-02 2.4768166534110413e-02 1.0000000003011380e+00 8.3785585714959865e-02 1.5313790104567441e-02 1.9103538071399562e+01 39
1 1 1 1 3.3282098868854387e-02 2.4775969190378697e-02 1.0000000003347236e+00 8.3719437078338232e-02 1.5715736079793107e-02 1.9153538107797441e+01 39
1 1 1 1 3.3310066449038583e-02 2.4783484054232700e-02 1.0000000003715253e+00 8.3653231701617814e-02 1.6121845440654169e-02 1.9203538140614956e+01 39
1 1 1 1 3.3337497816647847e-02 2.4790712971022390e-02 1.0000000004118057e+00 8.3586970789639503e-02 1.6532126586293466e-02 1.9253538170237068e+01 39
1 1 1 1 3.3364442468913007e-02 2.4797657782772844e-02 1.0000000004558456e+00 8.3520655582816905e-02 1.6946585402765543e-02 1.9303538196980600e+01 39
1 1 1 1 3.3390916118264030e-02 2.4804320329085597e-02 1.0000000005039447e+00 8.3454287353672330e-02 1.7365225518061050e-02 1.9353538221149936e+01 39
1 1 1 1 3.3416920350123412e-02 2.4810702447872934e-02 1.0000000005564234e+00 8.3387867403828864e-02 1.7788048527673184e-02 1.9403538243002473e+01 39
1 1 1 1 3.3442456762410012e-02 2.4816805975979017e-02 1.0000000006136223e+00 8.3321397061231206e-02 1.8215054195410342e-02 1.9453538262774615e+01 39
1 1 1 1 3.3467526966908988e-02 2.4822632749669060e-02 1.0000000006759053e+00 8.3254877677682637e-02 1.8646240631701595e-02 1.9503538280673403e+01 39
1 1 1 1 3.3492132590425605e-02 2.4828184605032177e-02 1.0000000007436596e+00 8.3188310626603978e-02 1.9081604452430113e-02 1.9553538296878937e+01 39
1 1 1 1 3.3516275275750171e-02 2.4833463378295791e-02 1.0000000008172969e+00 8.3121697300995862e-02 1.9521140920698198e-02 1.9603538311565103e+01 39
1 1 1 1 3.3539957064638352e-02 2.4838465934402205e-02 1.0000000008972612e+00 8.3055039111649243e-02 1.9964850600224498e-02 1.9653539056975276e+01 39
1 1 1 1 3.3563181096027288e-02 2.4843160836338769e-02 1.0000000009840573e+00 8.2988340413792883e-02 2.0412750645346540e-02 1.9703543205642774e+01 39
1 1 1 1 3.3585940563313231e-02 2.4847586852367411e-02 1.0000000010781154e+00 8.2921619204292640e-02 2.0864670451062977e-02 1.9753532769689205e+01 39
1 1 1 1 3.3608251094179399e-02 2.4851748530337968e-02 1.0000000011800192e+00 8.2854836083798511e-02 2.1320877873476512e-02 1.9803538355346291e+01 39
1 1 1 1 3.3630104640762978e-02 2.4855645839621767e-02 1.0000000012902848e+00 8.2788021349046115e-02 2.1781167314979689e-02 1.9853538364307756e+01 39
1 1 1 1 3.3651505466327433e-02 2.4859281109806054e-02 1.0000000014095141e+00 8.2721169031078290e-02 2.2245578795753007e-02 1.9903538372402227e+01 39
1 1 1 1 3.3672455339931434e-02 2.4862656192284727e-02 1.0000000015383335e+00 8.2654280614969045e-02 2.2714100998068257e-02 1.9953538379709663e+01 39
1 1 1 1 3.3692956049544892e-02 2.4865772939011127e-02 1.0000000016774055e+00 8.2587357594628569e-02 2.3186721963204544e-02 2.0003538386285737e+01 39
1 1 1 1 3.3713009402065161e-02 2.4868633202432523e-02 1.0000000018274324e+00 8.2520401471869953e-02 2.3663429145745454e-02 2.0053538392198167e+01 39
1 1 1 1 3.3732617223237532e-02 2.4871238835388818e-02 1.0000000019891555e+00 8.2453413755630450e-02 2.4144209462100299e-02 2.0103538397489260e+01 39
1 1 1 1 3.3751749745528963e-02 2.4873591691002558e-02 1.0000000021633593e+00 8.2386395961164260e-02 2.4629049335122638e-02 2.0153538402204710e+01 39
1 1 1 1 3.3770408318458602e-02 2.4875693622554367e-02 1.0000000023508717e+00 8.2319349609338954e-02 2.5117934734403026e-02 2.0203538406392362e+01 39
1 1 1 1 3.3788626942276398e-02 2.4877546483347408e-02 1.0000000025525677e+00 8.2252276225996734e-02 2.5610851212768626e-02 2.0253538410082591e+01 39
1 1 1 1 3.3806407533006080e-02 2.4879152126566103e-02 1.0000000027693696e+00 8.2185177341305787e-02 2.6107783939930809e-02 2.0303538413308342e+01 39
1 1 1 1 3.3823752024464672e-02 2.4880512405114394e-02 1.0000000030022509e+00 8.2118054489185910e-02 2.6608717733053854e-02 2.0353538416106613e+01 39
1 1 1 1 3.3840662368003177e-02 2.4881629171465726e-02 1.0000000032522371e+00 8.2050909206790701e-02 2.7113637084451057e-02 2.0403538418493561e+01 39
1 1 1 1 3.3857140532240690e-02 2.4882504277493254e-02 1.0000000035204089e+00 8.1983743033949674e-02 2.7622526187590684e-02 2.0453538420505076e+01 38
1 1 1 1 3.3873188502755509e-02 2.4883139574303360e-02 1.0000000038079040e+00 8.1916557512739130e-02 2.8135368960134358e-02 2.0503538422152364e+01 38
1 1 1 1 3.3888808281790750e-02 2.4883536912062666e-02 1.0000000041159200e+00 8.1849354186975143e-02 2.8652149065930943e-02 2.0553538423463088e+01 38
1 1 1 1 3.3904001887927734e-02 2.4883698139826157e-02 1.0000000044457162e+00 8.1782134601820655e-02 2.9172849934619955e-02 2.0603538424456808e+01 38
1 0 1 1 3.3918771355749423e-02 2.4883625105359058e-02 1.0000000047986171e+00 8.1714900303374832e-02 2.9697454779878375e-02 2.0653538425141090e+01 38
1 0 1 1 3.3933119974032505e-02 2.4883292950766901e-02 1.0000000051761873e+00 8.1647652838251150e-02 3.0225985889902059e-02 2.0703542127473707e+01 38
1 0 1 1 3.3947045819216239e-02 2.4882722349589145e-02 1.0000000055797056e+00 8.1580408689425954e-02 3.0758280639935884e-02 2.0753535839185229e+01 38
1 0 1 1 3.3960555883946579e-02 2.4881923039466774e-02 1.0000000060108103e+00 8.1513144029256357e-02 3.1294510363736663e-02 2.0803537304872158e+01 38
1 0 1 1 3.3973649981666604e-02 2.4880896947518313e-02 1.0000000064710515e+00 8.1445871297711719e-02 3.1834571548417873e-02 2.0853538423730782e+01 38
1 0 1 1 3.3986330037693677e-02 2.4879645945702685e-02 1.0000000069621129e+00 8.1378593078456407e-02 3.2378438043111836e-02 2.0903538423128545e+01 38
1 0 1 1 3.3998598472957386e-02 2.4878171857176137e-02 1.0000000074857789e+00 8.1311309408345744e-02 3.2926104125517622e-02 2.0953538422300177e+01 38
1 0 1 1 3.4010457424144325e-02 2.4876476522870620e-02 1.0000000080439087e+00 8.1244021828571961e-02 3.3477551906340268e-02 2.1003538421250486e+01 38
1 0 1 1 3.4021909041082328e-02 2.4874561780896101e-02 1.0000000086384502e+00 8.1176731878623232e-02 3.4032763385297544e-02 2.1053538419997501e+01 38
1 0 1 1 3.4032955486353454e-02 2.4872429466365947e-02 1.0000000092714423e+00 8.1109441096052115e-02 3.4591720460004562e-02 2.1103538418539532e+01 38
1 0 1 1 3.4043598934931120e-02 2.4870081411228654e-02 1.0000000099450193e+00 8.1042151016170821e-02 3.5154404935071784e-02 2.1153538416897891e+01 38
1 0 1 1 3.4053841573790773e-02 2.4867519444108064e-02 1.0000000106614138e+00 8.0974863171863698e-02 3.5720798529529134e-02 2.1203538415061104e+01 38
1 0 1 1 3.4063685601559167e-02 2.4864745390140830e-02 1.0000000114229601e+00 8.0907579093265403e-02 3.6290882885183798e-02 2.1253538413059623e+01 38
1 0 1 1 3.4073106991440429e-02 2.4861761070815443e-02 1.0000000122320982e+00 8.0840300307637031e-02 3.6864639572640696e-02 2.1303538410876719e+01 38
1 0 1 1 3.4082111179093474e-02 2.4858568303816220e-02 1.0000000130913775e+00 8.0773028339036268e-02 3.7442050098870472e-02 2.1353538408535506e+01 38
1 0 1 1 3.4090723605944506e-02 2.4855168902870563e-02 1.0000000140034599e+00 8.0705764708189520e-02 3.8023095912617794e-02 2.1403538406032844e+01 38
1 0 1 1 3.4098946524215280e-02 2.4851564677599781e-02 1.0000000149711248e+00 8.0638510932235924e-02 3.8607758410640618e-02 2.1453538403379540e+01 38
1 0 1 1 3.4106782195704399e-02 2.4847757433367958e-02 1.0000000159972720e+00 8.0571268524558676e-02 3.9196018942851629e-02 2.1503538400576133e+01 37
1 0 1 1 3.4114232891427884e-02 2.4843748971140400e-02 1.0000000170849261e+00 8.0504038994570815e-02 3.9787858817594883e-02 2.1553538397628564e+01 37
1 0 1 1 3.4121300891257839e-02 2.4839541087338865e-02 1.0000000182372413e+00 8.0436823847537642e-02 4.0383259306427478e-02 2.1603538394547744e+01 37
1 0 1 1 3.4127988483560405e-02 2.4835135573707683e-02 1.0000000194575043e+00 8.0369624584420041e-02 4.0982201648394015e-02 2.1653538391330120e+01 37
1 0 1 1 3.4134297964839647e-02 2.4830534217169138e-02 1.0000000207491397e+00 8.0302442701667504e-02 4.1584667054555963e-02 2.1703538387982196e+01 37
1 0 1 1 3.4140231639391241e-02 2.4825738799702377e-02 1.0000000221157137e+00 8.0235279691066808e-02 4.2190636711892368e-02 2.1753538384512282e+01 37
1 0 1 1 3.4145791818943040e-02 2.4820751098204145e-02 1.0000000235609392e+00 8.0168137039593051e-02 4.2800091786918903e-02 2.1803538380918457e+01 37
1 0 1 1 3.4150980822318322e-02 2.4815572884368420e-02 1.0000000250886794e+00 8.0101016229228716e-02 4.3413013429499825e-02 2.1853538377209617e+01 37
1 0 1 1 3.4155800975085429e-02 2.4810205924559420e-02 1.0000000267029530e+00 8.0033918736837656e-02 4.4029382775941060e-02 2.1903538373383899e+01 37
1 0 1 1 3.4160254609227156e-02 2.4804651979693674e-02 1.0000000284079396e+00 7.9966846033993400e-02 4.4649180952479516e-02 2.1953538369454400e+01 37
1 0 1 1 3.4164344182493311e-02 2.4798905738703525e-02 1.0000000302082481e+00 7.9899799586879761e-02 4.5272400735137032e-02 2.2003539298038937e+01 37
1 0 1 1 3.4168071996840320e-02 2.4792958103262493e-02 1.0000000321087805e+00 7.9832784607558827e-02 4.5899006835552730e-02 2.2053539838548595e+01 37
1 0 1 1 3.4171440027536477e-02 2.4786829460744484e-02 1.0000000341134980e+00 7.9765804740235313e-02 4.6528928914044559e-02 2.2103535924651876e+01 37
1 0 1 1 3.4174451335857906e-02 2.4780520219642162e-02 1.0000000362277157e+00 7.9698846971939241e-02 4.7162284292854732e-02 2.2153538351944956e+01 37
1 0 1 1 3.4177107710698831e-02 2.4774033201795196e-02 1.0000000384561374e+00 7.9631924496299217e-02 4.7798943359854233e-02 2.2203538347523349e+01 37
1 0 1 1 3.4179411670704742e-02 2.4767369834473672e-02 1.0000000408041148e+00 7.9565035492668079e-02 4.8438917956082184e-02 2.2253538343009232e+01 37
1 0 1 1 3.4181365583561066e-02 2.4760531841086585e-02 1.0000000432770957e+00 7.9498181391158385e-02 4.9082189211591014e-02 2.2303538338406181e+01 37
1 0 1 1 3.4182971820795188e-02 2.4753520938630324e-02 1.0000000458807288e+00 7.9431363615619088e-02 4.9728738266204900e-02 2.2353538333717765e+01 37
1 0 1 1 3.4184232757465960e-02 2.4746338837591846e-02 1.0000000486208696e+00 7.9364583583529852e-02 5.0378546271422936e-02 2.2403538328942791e+01 37
1 0 1 1 3.4185150771872855e-02 2.4738987241863887e-02 1.0000000515035845e+00 7.9297842705881583e-02 5.1031594392506020e-02 2.2453538324092168e+01 37
1 0 1 1 3.4185728245247120e-02 2.4731467848649036e-02 1.0000000545351582e+00 7.9231142387110154e-02 5.1687863809816596e-02 2.2503538319155492e+01 37
1 0 1 1 3.4185967561473303e-02 2.4723782348385803e-02 1.0000000577220978e+00 7.9164484024943638e-02 5.2347335721101569e-02 2.2553538314145943e+01 37
1 0 1 1 3.4185871106794073e-02 2.4715932424660182e-02 1.0000000610711395e+00 7.9097869010358618e-02 5.3009991342619023e-02 2.2603538309063545e+01 37
1 0 1 1 3.4185441269527120e-02 2.4707919754128994e-02 1.0000000645892535e+00 7.9031298727470251e-02 5.3675811910815059e-02 2.2653538303905787e+01 37
1 0 1 1 3.4184680439787826e-02 2.4699746006441915e-02 1.0000000682836505e+00 7.8964774553430317e-02 5.4344778683941206e-02 2.2703538298679174e+01 37
1 0 1 1 3.4183591009214774e-02 2.4691412844174025e-02 1.0000000721617870e+00 7.8898297858361333e-02 5.5016872943265932e-02 2.2753538293385013e+01 36
1 0 1 1 3.4182175370693901e-02 2.4682921922745061e-02 1.0000000762313710e+00 7.8831870005267007e-02 5.5692075994469042e-02 2.2803538288024292e+01 36
1 0 1 1 3.4180435918094866e-02 2.4674274890357246e-02 1.0000000805003690e+00 7.8765492349950172e-02 5.6370369168950205e-02 2.2853538282599963e+01 36
1 0 1 1 3.4178345354204644e-02 2.4665473387925949e-02 1.0000000849770112e+00 7.8699166240940505e-02 5.7051733824999673e-02 2.2903538277113690e+01 36
1 0 1 1 3.4175933013579914e-02 2.4656519049021219e-02 1.0000000896697969e+00 7.8632893019418892e-02 5.7736151348977582e-02 2.2953538271566799e+01 36
1 0 1 1 3.4173204353096460e-02 2.4647413499798983e-02 1.0000000945875021e+00 7.8566674019144689e-02 5.8423603156432045e-02 2.3003538265960838e+01 36
1 0 1 1 3.4170161772602313e-02 2.4638158358946848e-02 1.0000000997391847e+00 7.8500510566386100e-02 5.9114070693200939e-02 2.3053538260300211e+01 36
1 0 1 1 3.4166807671488837e-02 2.4628755237625852e-02 1.0000001051341907e+00 7.8434403979863954e-02 5.9807535436315611e-02 2.3103538254583842e+01 36
1 0 1 1 3.4163144448449832e-02 2.4619205739416679e-02 1.0000001107821601e+00 7.8368355570676174e-02 6.0503978895076971e-02 2.3153538248812364e+01 36
1 0 1 1 3.4159174501243852e-02 2.4609511460266405e-02 1.0000001166930346e+00 7.8302366642235249e-02 6.1203382612058432e-02 2.3203538242992998e+01 36
1 0 1 1 3.4154900226459728e-02 2.4599673988440422e-02 1.0000001228770614e+00 7.8236438490230459e-02 6.1905728163738807e-02 2.3253538237120743e+01 36
1 0 1 1 3.4150324019285208e-02 2.4589694904470358e-02 1.0000001293448020e+00 7.8170572402542965e-02 6.2610997161659868e-02 2.3303538231199713e+01 36
1 0 1 1 3.4145448273282739e-02 2.4579575781113000e-02 1.0000001361071367e+00 7.8104769659206652e-02 6.3319171253135076e-02 2.3353538225234754e+01 36
1 0 1 1 3.4140275380165584e-02 2.4569318183304458e-02 1.0000001431752716e+00 7.8039031532365577e-02 6.4030232121895250e-02 2.3403538219221332e+01 36
1 0 1 1 3.4134807729579816e-02 2.4558923668116892e-02 1.0000001505607452e+00 7.7973359286199889e-02 6.4744161489133964e-02 2.3453538213165746e+01 36
1 0 1 1 3.4129047708887791e-02 2.4548393784721439e-02 1.0000001582754339e+00 7.7907754176901378e-02 6.5460941113971716e-02 2.3503538207066345e+01 36
1 0 1 1 3.4122997702959512e-02 2.4537730074349041e-02 1.0000001663315594e+00 7.7842217452611773e-02 6.6180552794348729e-02 2.3553538200927154e+01 36
1 0 1 1 3.4116660093961561e-02 2.4526934070253081e-02 1.0000001747416940e+00 7.7776750353392099e-02 6.6902978367545579e-02 2.3603538194747241e+01 36
1 0 1 1 3.4110037261157217e-02 2.4516007297677896e-02 1.0000001835187675e+00 7.7711354111170361e-02 6.7628199710961664e-02 2.3653538188529843e+01 36
1 0 1 1 3.4103131580701725e-02 2.4504951273825060e-02 1.0000001926760735e+00 7.7646029949711537e-02 6.8356198742589358e-02 2.3703538182272059e+01 36
1 0 1 1 3.4095945425450948e-02 2.4493767507823280e-02 1.0000002022272760e+00 7.7580779084562235e-02 6.9086957421898826e-02 2.3753538175984655e+01 36
1 0 1 1 3.4088481164764720e-02 2.4482457500700969e-02 1.0000002121864149e+00 7.7515602723053495e-02 6.9820457749892637e-02 2.3803538169656349e+01 36
1 0 1 1 3.4080741164316496e-02 2.4471022745355373e-02 1.0000002225679125e+00 7.7450502064213694e-02 7.0556681770287344e-02 2.3853538163296616e+01 36
1 0 1 1 3.4072727785909189e-02 2.4459464726530069e-02 1.0000002333865807e+00 7.7385478298776955e-02 7.1295611569616446e-02 2.3903538156906375e+01 36
1 0 1 1 3.4064443387292573e-02 2.4447784920792172e-02 1.0000002446576259e+00 7.7320532609143650e-02 7.2037229277805107e-02 2.3953538150482153e+01 36
1 0 1 1 3.4055890278475297e-02 2.4435982169754584e-02 1.0000002563975119e+00 7.7255666169336379e-02 7.2781522134815563e-02 2.4003538483544617e+01 36
1 0 1 1 3.4047070833221803e-02 2.4424049399429500e-02 1.0000002686251233e+00 7.7190881466107086e-02 7.3528474178388439e-02 2.4053539273348562e+01 36
1 0 1 1 3.4037988037714365e-02 2.4412000249745151e-02 1.0000002813526487e+00 7.7126182750664213e-02 7.4278009254442695e-02 2.4103536626072625e+01 36
1 0 1 1 3.4028642848678986e-02 2.4399834335156079e-02 1.0000002945988953e+00 7.7061561361072783e-02 7.5030223402376917e-02 2.4153538124353698e+01 36
1 0 1 1 3.4019038636344957e-02 2.4387554457274835e-02 1.0000003083796987e+00 7.6997025746513126e-02 7.5785014180228302e-02 2.4203538117800857e+01 35
1 0 1 1 3.4009177453200784e-02 2.4375161679312994e-02 1.0000003227131731e+00 7.6932575092580946e-02 7.6542386587390709e-02 2.4253538111225360e+01 35
1 0 1 1 3.3999061623819361e-02 2.4362657420522345e-02 1.0000003376174802e+00 7.6868210522435754e-02 7.7302323070886303e-02 2.4303538104620266e+01 35
1 0 1 1 3.3988693467381058e-02 2.4350043091780901e-02 1.0000003531112247e+00 7.6803933150704717e-02 7.8064806125002009e-02 2.4353538097998925e+01 35
1 0 1 1 3.3978075297519054e-02 2.4337320095582076e-02 1.0000003692134607e+00 7.6739744083516942e-02 7.8829818290992476e-02 2.4403538091351439e+01 35
1 0 1 1 3.3967209422169659e-02 2.4324489826026224e-02 1.0000003859436970e+00 7.6675644418439104e-02 7.9597342158068449e-02 2.4453538084685825e+01 35
1 0 1 1 3.3956098143428488e-02 2.4311553668819864e-02 1.0000004033219034e+00 7.6611635244497933e-02 8.0367360363256854e-02 2.4503538077996161e+01 35
1 0 1 1 3.3944743757399594e-02 2.4298513001260184e-02 1.0000004213685152e+00 7.6547717642136193e-02 8.1139855592157945e-02 2.4553538071290415e+01 35
1 0 1 1 3.3933148554062584e-02 2.4285369192240495e-02 1.0000004401044384e+00 7.6483892683232801e-02 8.1914810578882544e-02 2.4603538064565349e+01 35
1 0 1 1 3.3921314817129934e-02 2.4272123602240684e-02 1.0000004595510565e+00 7.6420161431072442e-02 8.2692208106631915e-02 2.4653538057824008e+01 35
1 0 1 1 3.3909244823915691e-02 2.4258777583331260e-02 1.0000004797302338e+00 7.6356524940349557e-02 8.3472031007803635e-02 2.4703538051063074e+01 35
1 0 1 1 3.3896940845198335e-02 2.4245332479165174e-02 1.0000005006643213e+00 7.6292984257144147e-02 8.4254262164535756e-02 2.4753538044289286e+01 35
1 0 1 1 3.3884405145098537e-02 2.4231789624988443e-02 1.0000005223761614e+00 7.6229540418940062e-02 8.5038884508636503e-02 2.4803538037496736e+01 35
1 0 1 1 3.3871639980944522e-02 2.4218150347628815e-02 1.0000005448890930e+00 7.6166194454590830e-02 8.5825881022294367e-02 2.4853538030695294e+01 35
1 0 1 1 3.3858647603159056e-02 2.4204415965513097e-02 1.0000005682269555e+00 7.6102947384354663e-02 8.6615234737787677e-02 2.4903538023875068e+01 35
1 0 1 1 3.3845430255128657e-02 2.4190587788656192e-02 1.0000005924140938e+00 7.6039800219846881e-02 8.7406928738350820e-02 2.4953538017045734e+01 35
1 0 1 1 3.3831990173094267e-02 2.4176667118680176e-02 1.0000006174753622e+00 7.5976753964079269e-02 8.8200946157876395e-02 2.5003538010201648e+01 35
1 0 1 1 3.3818329586028706e-02 2.4162655248807584e-02 1.0000006434361293e+00 7.5913809611429017e-02 8.8997270181544047e-02 2.5053538003347150e+01 35
1 0 1 1 3.3804450715528268e-02 2.4148553463874067e-02 1.0000006703222808e+00 7.5850968147657849e-02 8.9795884045834745e-02 2.5103537996482856e+01 35
1 0 1 1 3.3790355775704897e-02 2.4134363040338218e-02 1.0000006981602250e+00 7.5788230549910185e-02 9.0596771038793059e-02 2.5153537989608225e+01 35
1 0 1 1 3.3776046973074084e-02 2.4120085246284079e-02 1.0000007269768947e+00 7.5725597786712701e-02 9.1399914500292681e-02 2.5203537982725010e+01 35
1 0 1 1 3.3761526506452255e-02 2.4105721341435789e-02 1.0000007567997524e+00 7.5663070817983180e-02 9.2205297822094259e-02 2.5253537975827761e+01 35
1 0 1 1 3.3746796566855190e-02 2.4091272577163234e-02 1.0000007876567922e+00 7.5600650595011976e-02 9.3012904448508613e-02 2.5303537968932908e+01 35
1 0 1 1 3.3731859337401013e-02 2.4076740196501235e-02 1.0000008195765442e+00 7.5538338060527788e-02 9.3822717875637521e-02 2.5353537962019590e+01 35
1 0 1 1 3.3716716993205532e-02 2.4062125434149761e-02 1.0000008525880761e+00 7.5476134148617091e-02 9.4634721652831627e-02 2.5403537955108462e+01 35
1 0 1 1 3.3701371701297979e-02 2.4047429516499848e-02 1.0000008867209977e+00 7.5414039784819725e-02 9.5448899381616853e-02 2.5453537948184252e+01 35
1 0 1 1 3.3685825620517987e-02 2.4032653661634557e-02 1.0000009220054618e+00 7.5352055886064195e-02 9.6265234716915671e-02 2.5503537941260436e+01 35
1 0 1 1 3.3670080901436077e-02 2.4017799079354522e-02 1.0000009584721670e+00 7.5290183360736174e-02 9.7083711366378056e-02 2.5553537934327743e+01 35
1 0 1 1 3.3654139686257599e-02 2.4002866971185411e-02 1.0000009961523606e+00 7.5228423108643250e-02 9.7904313091135300e-02 2.5603537927390420e+01 35
1 0 1 1 3.3638004108743930e-02 2.3987858530397664e-02 1.0000010350778401e+00 7.5166776021046988e-02 9.8727023705759434e-02 2.5653537920454294e+01 35
1 0 1 1 3.3621676294126886e-02 2.3972774942022733e-02 1.0000010752809541e+00 7.5105242980689602e-02 9.9551827078083757e-02 2.5703537913506771e+01 35
1 0 1 1 3.3605158359025646e-02 2.3957617382865844e-02 1.0000011167946048e+00 7.5043824861757646e-02 1.0037870713015583e-01 2.5753537906565732e+01 35
1 0 1 1 3.3588452411378832e-02 2.3942387021535221e-02 1.0000011596522487e+00 7.4982522529965678e-02 1.0120764783731441e-01 2.5803537899615254e+01 35
1 0 1 1 3.3571556437273581e-02 2.3927085018447949e-02 1.0000012038878980e+00 7.4921336842499853e-02 1.0203863322929996e-01 2.5853537892664427e+01 35
1 0 1 1 3.3554470204552010e-02 2.3911712525853918e-02 1.0000012495361204e+00 7.4860268648075934e-02 1.0287164738986861e-01 2.5903537885716595e+01 34
1 0 1 1 3.3537202506407439e-02 2.3896270687863749e-02 1.0000012966320406e+00 7.4799318786956198e-02 1.0370667445681372e-01 2.5953537878762727e+01 34
1 0 1 1 3.3519755414066356e-02 2.3880760640452345e-02 1.0000013452113403e+00 7.4738488090932753e-02 1.0454369862255772e-01 2.6003537871810053e+01 34
1 0 1 1 3.3502130989662468e-02 2.3865183511497579e-02 1.0000013953102576e+00 7.4677777383374389e-02 1.0538270413393548e-01 2.6053537864861852e+01 34
1 0 1 1 3.3484331286164702e-02 2.3849540420794450e-02 1.0000014469655871e+00 7.4617187479247893e-02 1.0622367529215239e-01 2.6103537857908588e+01 34
1 0 1 1 3.3466358347308128e-02 2.3833832480071086e-02 1.0000015002146796e+00 7.4556719185101733e-02 1.0706659645341006e-01 2.6153537850958777e+01 34
1 0 1 1 3.3448214207545394e-02 2.3818060793022060e-02 1.0000015550954402e+00 7.4496373299119623e-02 1.0791145202854799e-01 2.6203537844011404e+01 34
1 0 1 1 3.3429900891986143e-02 2.3802226455328104e-02 1.0000016116463286e+00 7.4436150611127627e-02 1.0875822648329270e-01 2.6253537837065039e+01 34
1 0 1 1 3.3411420416337066e-02 2.3786330554677531e-02 1.0000016699063567e+00 7.4376051902610485e-02 1.0960690433841121e-01 2.6303537830121289e+01 34
1 0 1 1 3.3392774786851993e-02 2.3770374170792662e-02 1.0000017299150870e+00 7.4316077946737696e-02 1.1045747016977298e-01 2.6353537823183181e+01 34
1 0 1 1 3.3373966000279677e-02 2.3754358375456194e-02 1.0000017917126303e+00 7.4256229508393168e-02 1.1130990860821857e-01 2.6403537816242263e+01 34
1 0 1 1 3.3354996043807622e-02 2.3738284232530361e-02 1.0000018553396444e+00 7.4196507344165441e-02 1.1216420434018774e-01 2.6453537809310689e+01 34
1 0 1 1 3.3335866895026163e-02 2.3722152797993248e-02 1.0000019208373303e+00 7.4136912202415806e-02 1.1302034210711506e-01 2.6503537802381121e+01 34
1 0 1 1 3.3316580521870261e-02 2.3705965119955121e-02 1.0000019882474305e+00 7.4077444823266336e-02 1.1387830670599464e-01 2.6553537795455529e+01 34
1 0 1 1 3.3297138882577737e-02 2.3689722238686407e-02 1.0000020576122242e+00 7.4018105938635920e-02 1.1473808298930817e-01 2.6603537788536869e+01 34
1 0 1 1 3.3277543925653824e-02 2.3673425186654586e-02 1.0000021289745251e+00 7.3958896272271146e-02 1.1559965586494186e-01 2.6653537781619786e+01 34
1 0 1 1 3.3257797589815945e-02 2.3657074988534778e-02 1.0000022023776769e+00 7.3899816539749918e-02 1.1646301029658750e-01 2.6703537774710963e+01 34
1 0 1 1 3.3237901803969246e-02 2.3640672661253723e-02 1.0000022778655493e+00 7.3840867448531466e-02 1.1732813130348284e-01 2.6753537767809927e+01 34
1 0 1 1 3.3217858487162306e-02 2.3624219214011664e-02 1.0000023554825328e+00 7.3782049697974583e-02 1.1819500396047070e-01 2.6803537760909350e+01 34
1 0 1 1 3.3197669548544237e-02 2.3607715648304099e-02 1.0000024352735351e+00 7.3723363979339845e-02 1.1906361339853369e-01 2.6853537754022920e+01 34
1 0 1 1 3.3177336887347038e-02 2.3591162957965765e-02 1.0000025172839748e+00 7.3664810975865413e-02 1.1993394480399541e-01 2.6903537747136177e+01 34
1 0 1 1 3.3156862392834517e-02 2.3574562129184688e-02 1.0000026015597765e+00 7.3606391362734919e-02 1.2080598341953579e-01 2.6953537740262242e+01 34
1 0 1 1 3.3136247944283069e-02 2.3557914140541057e-02 1.0000026881473643e+00 7.3548105807158481e-02 1.2167971454336220e-01 2.7003537733391784e+01 34
1 0 1 1 3.3115495410949332e-02 2.3541219963035216e-02 1.0000027770936566e+00 7.3489954968358279e-02 1.2255512352996881e-01 2.7053537726533889e+01 34
1 0 1 1 3.3094606652041537e-02 2.3524480560116492e-02 1.0000028684460585e+00 7.3431939497633575e-02 1.2343219578955256e-01 2.7103537719680894e+01 34
1 0 1 1 3.3073583516692179e-02 2.3507696887715448e-02 1.0000029622524553e+00 7.3374060038356781e-02 1.2431091678854693e-01 2.7153537712836343e+01 34
1 0 1 1 3.3052427843933439e-02 2.3490869894271803e-02 1.0000030585612052e+00 7.3316317226018973e-02 1.2519127204943958e-01 2.7203537706003143e+01 34
1 0 1 1 3.3031141462676807e-02 2.3474000520770411e-02 1.0000031574211321e+00 7.3258711688264422e-02 1.2607324715070925e-01 2.7253537699178125e+01 34
1 0 1 1 3.3009726191688266e-02 2.3457089700769908e-02 1.0000032588815169e+00 7.3201244044908076e-02 1.2695682772700695e-01 2.7303537692360774e+01 34
1 0 1 1 3.2988183839563347e-02 2.3440138360428873e-02 1.0000033629920897e+00 7.3143914907965901e-02 1.2784199946921190e-01 2.7353537685555430e+01 34
1 0 1 1 3.2966516204719278e-02 2.3423147418549936e-02 1.0000034698030211e+00 7.3086724881698178e-02 1.2872874812427329e-01 2.7403537678760564e+01 34
1 0 1 1 3.2944725075369483e-02 2.3406117786604227e-02 1.0000035793649129e+00 7.3029674562631874e-02 1.2961705949526828e-01 2.7453537671971397e+01 34
1 0 1 1 3.2922812229502274e-02 2.3389050368757991e-02 1.0000036917287891e+00 7.2972764539577045e-02 1.3050691944176546e-01 2.7503537665199680e+01 34
1 0 1 1 3.2900779434882878e-02 2.3371946061921292e-02 1.0000038069460853e+00 7.2915995393698030e-02 1.3139831387915429e-01 2.7553537658434880e+01 34
1 0 1 1 3.2878628449021792e-02 2.3354805755766286e-02 1.0000039250686399e+00 7.2859367698503014e-02 1.3229122877926000e-01 2.7603537651678291e+01 34
1 0 1 1 3.2856361019166967e-02 2.3337630332761254e-02 1.0000040461486823e+00 7.2802882019887577e-02 1.3318565017029790e-01 2.7653537644940325e+01 34
1 0 1 1 3.2833978882308018e-02 2.3320420668220040e-02 1.0000041702388232e+00 7.2746538916196923e-02 1.3408156413630662e-01 2.7703537638207905e+01 34
1 0 1 1 3.2811483765139739e-02 2.3303177630309209e-02 1.0000042973920424e+00 7.2690338938210003e-02 1.3497895681794572e-01 2.7753537631489841e+01 34
1 0 1 1 3.2788877384077916e-02 2.3285902080105714e-02 1.0000044276616777e+00 7.2634282629209845e-02 1.3587781441190216e-01 2.7803537624782763e+01 34
1 0 1 1 3.2766161445237287e-02 2.3268594871615488e-02 1.0000045611014132e+00 7.2578370524997632e-02 1.3677812317120838e-01 2.7853537618089721e+01 33
1 0 1 1 3.2743337644430853e-02 2.3251256851812705e-02 1.0000046977652661e+00 7.2522603153938270e-02 1.3767986940498705e-01 2.7903537611406104e+01 33
1 0 1 1 3.2720407667165760e-02 2.3233888860675889e-02 1.0000048377075756e+00 7.2466981036976602e-02 1.3858303947880399e-01 2.7953537604739264e+01 33
1 0 1 1 3.2697373188640098e-02 2.3216491731219462e-02 1.0000049809829878e+00 7.2411504687696943e-02 1.3948761981417671e-01 2.8003537598082517e+01 33
1 0 1 1 3.2674235873732284e-02 2.3199066289524062e-02 1.0000051276464443e+00 7.2356174612330681e-02 1.4039359688897898e-01 2.8053537591437909e+01 33
1 0 1 1 3.2650997377009987e-02 2.3181613354778842e-02 1.0000052777531669e+00 7.2300991309801138e-02 1.4130095723735489e-01 2.8103537584812081e+01 33
1 0 1 1 3.2627659342729057e-02 2.3164133739313586e-02 1.0000054313586444e+00 7.2245955271776241e-02 1.4220968744928306e-01 2.8153537578193752e+01 33
1 0 1 1 3.2604223404824266e-02 2.3146628248628853e-02 1.0000055885186176e+00 7.2191066982663921e-02 1.4311977417125848e-01 2.8203537571591713e+01 33
1 0 1 1 3.2580691186922556e-02 2.3129097681436565e-02 1.0000057492890648e+00 7.2136326919681526e-02 1.4403120410573236e-01 2.8253537565005757e+01 33
1 0 1 1 3.2557064302341246e-02 2.3111542829691665e-02 1.0000059137261863e+00 7.2081735552882609e-02 1.4494396401117485e-01 2.8303537558431426e+01 33
1 0 1 1 3.2533344354090103e-02 2.3093964478627455e-02 1.0000060818863892e+00 7.2027293345179877e-02 1.4585804070223354e-01 2.8353537551869827e+01 33
1 0 1 1 3.2509532934877926e-02 2.3076363406791103e-02 1.0000062538262711e+00 7.1973000752385885e-02 1.4677342104969149e-01 2.8403537545327112e+01 33
1 0 1 1 3.2485631627123049e-02 2.3058740386080297e-02 1.0000064296026039e+00 7.1918858223265492e-02 1.4769009198012756e-01 2.8453537538797807e+01 33
1 0 1 1 3.2461642002956384e-02 2.3041096181778863e-02 1.0000066092723172e+00 7.1864866199551264e-02 1.4860804047618953e-01 2.8503537532281147e+01 33
1 0 1 1 3.2437565624223036e-02 2.3023431552584250e-02 1.0000067928924816e+00 7.1811025115981086e-02 1.4952725357653532e-01 2.8553537525780246e+01 33
1 0 1 1 3.2413404042501551e-02 2.3005747250652440e-02 1.0000069805202911e+00 7.1757335400342404e-02 1.5044771837570861e-01 2.8603537519297063e+01 33
1 0 1 1 3.2389158799113534e-02 2.2988044021633135e-02 1.0000071722130450e+00 7.1703797473511743e-02 1.5136942202399911e-01 2.8653537512826965e+01 33
1 0 1 1 3.2364831425125348e-02 2.2970322604697807e-02 1.0000073680281312e+00 7.1650411749476339e-02 1.5229235172764974e-01 2.8703537506372445e+01 33
1 0 1 1 3.2340423441366964e-02 2.2952583732580231e-02 1.0000075680230063e+00 7.1597178635380621e-02 1.5321649474871732e-01 2.8753537499937966e+01 33
1 0 1 1 3.2315936358448066e-02 2.2934828131617013e-02 1.0000077722551777e+00 7.1544098531573952e-02 1.5414183840466641e-01 2.8803537493510063e+01 33
1 0 1 1 3.2291371676750918e-02 2.2917056521763894e-02 1.0000079807821849e+00 7.1491171831604083e-02 1.5506837006926535e-01 2.8853537487109211e+01 33
1 0 1 1 3.2266730886481028e-02 2.2899269616663224e-02 1.0000081936615797e+00 7.1438398922323065e-02 1.5599607717120900e-01 2.8903537480717031e+01 33
1 0 1 1 3.2242015467642986e-02 2.2881468123646699e-02 1.0000084109509064e+00 7.1385780183855385e-02 1.5692494719528188e-01 2.8953537474342909e+01 33
1 0 1 1 3.2217226890084168e-02 2.2863652743793841e-02 1.0000086327076823e+00 7.1333315989676127e-02 1.5785496768167981e-01 2.9003537467989638e+01 33
1 0 1 1 3.2192366613503325e-02 2.2845824171960238e-02 1.0000088589893767e+00 7.1281006706648220e-02 1.5878612622580138e-01 2.9053537461645639e+01 33
1 0 1 1 3.2167436087456529e-02 2.2827983096805973e-02 1.0000090898533913e+00 7.1228852695024492e-02 1.5971841047892918e-01 2.9103537455324510e+01 33
1 0 1 1 3.2142436751398343e-02 2.2810130200848017e-02 1.0000093253570386e+00 7.1176854308531823e-02 1.6065180814729751e-01 2.9153537449018032e+01 33
1 0 1 1 3.2117370034679189e-02 2.2792266160478254e-02 1.0000095655575205e+00 7.1125011894374618e-02 1.6158630699261825e-01 2.9203537442728269e+01 33
1 0 1 1 3.2092237356578152e-02 2.2774391646012963e-02 1.0000098105119075e+00 7.1073325793284681e-02 1.6252189483179430e-01 2.9253537436454664e+01 33
1 0 1 1 3.2067040126314568e-02 2.2756507321716191e-02 1.0000100602771163e+00 7.1021796339554244e-02 1.6345855953699964e-01 2.9303537430203040e+01 33
1 0 1 1 3.2041779743085544e-02 2.2738613845853566e-02 1.0000103149098878e+00 7.0970423861090648e-02 1.6439628903523845e-01 2.9353537423964312e+01 33
1 0 1 1 3.2016457596064578e-02 2.2720711870705439e-02 1.0000105744667653e+00 7.0919208679424472e-02 1.6533507130882050e-01 2.9403537417744815e+01 33
1 0 1 1 3.1991075064441168e-02 2.2702802042618892e-02 1.0000108390040714e+00 7.0868151109771182e-02 1.6627489439482027e-01 2.9453537411540438e+01 33
1 0 1 1 3.1965633517436677e-02 2.2684885002037004e-02 1.0000111085778844e+00 7.0817251461051306e-02 1.6721574638543427e-01 2.9503537405359626e+01 33
1 0 1 1 3.1940134314337232e-02 2.2666961383539699e-02 1.0000113832440172e+00 7.0766510035955299e-02 1.6815761542729574e-01 2.9553537399191239e+01 33
1 0 1 1 3.1914578804503886e-02 2.2649031815870760e-02 1.0000116630579912e+00 7.0715927130944239e-02 1.6910048972216785e-01 2.9603537393045062e+01 33
1 0 1 1 3.1888968327413496e-02 2.2631096921983878e-02 1.0000119480750149e+00 7.0665503036322963e-02 1.7004435752612529e-01 2.9653537386912639e+01 33
1 0 1 1 3.1863304212667011e-02 2.2613157319064624e-02 1.0000122383499586e+00 7.0615238036246364e-02 1.7098920715011370e-01 2.9703537380801450e+01 33
1 0 1 1 3.1837587780032955e-02 2.2595213618580360e-02 1.0000125339373311e+00 7.0565132408783843e-02 1.7193502695938293e-01 2.9753537374708625e+01 33
1 0 1 1 3.1811820339467049e-02 2.2577266426309490e-02 1.0000128348912547e+00 7.0515186425943649e-02 1.7288180537365103e-01 2.9803537368634299e+01 33
1 0 1 1 3.1786003191137384e-02 2.2559316342374309e-02 1.0000131412654409e+00 7.0465400353713931e-02 1.7382953086687858e-01 2.9853537362574304e+01 33
1 0 1 1 3.1760137625451219e-02 2.2541363961276581e-02 1.0000134531131661e+00 7.0415774452087854e-02 1.7477819196760661e-01 2.9903537356542333e+01 33
1 0 1 1 3.1734224923100476e-02 2.2523409871944348e-02 1.0000137704872456e+00 7.0366308975142206e-02 1.7572777725786190e-01 2.9953537350516847e+01 33
1 0 1 1 3.1708266355059848e-02 2.2505454657745574e-02 1.0000140934400088e+00 7.0317004171006697e-02 1.7667827537462572e-01 3.0003537344523192e+01 32
1 0 1 1 3.1682263182653429e-02 2.2487498896548067e-02 1.0000144220232741e+00 7.0267860281986227e-02 1.7762967500785889e-01 3.0053537338534642e+01 32
1 0 1 1 3.1656216657544776e-02 2.2469543160728127e-02 1.0000147562883233e+00 7.0218877544507230e-02 1.7858196490241371e-01 3.0103537332577471e+01 32
1 0 1 1 3.1630128021812205e-02 2.2451588017236190e-02 1.0000150962858756e+00 7.0170056189245600e-02 1.7953513385610267e-01 3.0153537326634392e+01 32
1 0 1 1 3.1603998507941988e-02 2.2433634027604836e-02 1.0000154420660619e+00 7.0121396441099770e-02 1.8048917072076329e-01 3.0203537320705802e+01 32
1 0 1 1 3.1577829338872113e-02 2.2415681747992810e-02 1.0000157936783984e+00 7.0072898519241672e-02 1.8144406440205360e-01 3.0253537314803800e+01 32
1 0 1 1 3.1551621728038722e-02 2.2397731729228976e-02 1.0000161511717607e+00 7.0024562637184595e-02 1.8239980385874138e-01 3.0303537308920294e+01 32
1 0 1 1 3.1525376879392102e-02 2.2379784516836549e-02 1.0000165145943578e+00 6.9976389002792683e-02 1.8335637810302560e-01 3.0353537303048839e+01 32
1 0 1 1 3.1499095987427242e-02 2.2361840651065966e-02 1.0000168839937051e+00 6.9928377818306964e-02 1.8431377620090797e-01 3.0403537297209382e+01 32
1 0 1 1 3.1472780237241586e-02 2.2343900666944718e-02 1.0000172594165979e+00 6.9880529280439724e-02 1.8527198727070729e-01 3.0453537291376321e+01 32
1 0 1 1 3.1446430804530988e-02 2.2325965094288532e-02 1.0000176409090851e+00 6.9832843580331094e-02 1.8623100048471178e-01 3.0503537285569561e+01 32
1 0 1 1 3.1420048855658828e-02 2.2308034457757062e-02 1.0000180285164417e+00 6.9785320903655718e-02 1.8719080506774355e-01 3.0553537279785665e+01 32
1 0 1 1 3.1393635547678496e-02 2.2290109276882013e-02 1.0000184222831432e+00 6.9737961430637652e-02 1.8815139029733069e-01 3.0603537274011885e+01 32
1 0 1 1 3.1367192028350255e-02 2.2272190066087119e-02 1.0000188222528372e+00 6.9690765336057725e-02 1.8911274550434512e-01 3.0653537268265453e+01 32
1 0 1 1 3.1340719436210501e-02 2.2254277334747097e-02 1.0000192284683178e+00 6.9643732789342994e-02 1.9007486007188842e-01 3.0703537262540777e+01 32
1 0 1 1 3.1314218900586409e-02 2.2236371587206327e-02 1.0000196409714972e+00 6.9596863954578730e-02 1.9103772343545783e-01 3.0753537256824050e+01 32
1 0 1 1 3.1287691541619096e-02 2.2218473322804105e-02 1.0000200598033802e+00 6.9550158990513811e-02 1.9200132508379797e-01 3.0803537251143347e+01 32
1 0 1 1 3.1261138470344001e-02 2.2200583035938658e-02 1.0000204850040348e+00 6.9503618050678589e-02 1.9296565455687795e-01 3.0853537245469063e+01 32
1 0 1 1 3.1234560788673309e-02 2.2182701216063857e-02 1.0000209166125684e+00 6.9457241283327725e-02 1.9393070144786775e-01 3.0903537239822718e+01 32
1 0 1 1 3.1207956792788961e-02 2.2164828347752526e-02 1.0000213546670971e+00 6.9411028831552396e-02 1.9489645540139663e-01 3.0953537234192346e+01 32
1 0 1 1 3.1181326236439818e-02 2.2146964910712257e-02 1.0000217992047209e+00 6.9364980833271250e-02 1.9586290611448670e-01 3.1003537228586907e+01 32
1 0 1 1 3.1154674263884026e-02 2.2129111379831281e-02 1.0000222502614959e+00 6.9319097421299464e-02 1.9683004333562970e-01 3.1053537222994386e+01 32
1 0 1 1 3.1128001942864574e-02 2.2111268225194922e-02 1.0000227078724075e+00 6.9273378723348461e-02 1.9779785686555057e-01 3.1103537217427828e+01 32
1 0 1 1 3.1101310332210502e-02 2.2093435912140122e-02 1.0000231720713428e+00 6.9227824862102993e-02 1.9876633655623591e-01 3.1153537211880423e+01 32
1 0 1 1 3.1074600481854710e-02 2.2075614901270222e-02 1.0000236428910638e+00 6.9182435955232213e-02 1.9973547231129349e-01 3.1203537206351321e+01 32
1 0 1 1 3.1047873432879496e-02 2.2057805648496798e-02 1.0000241203631810e+00 6.9137212115429281e-02 2.0070525408577633e-01 3.1253537200841670e+01 32
1 0 1 1 3.1021130217554621e-02 2.2040008605069532e-02 1.0000246045181260e+00 6.9092153450449695e-02 2.0167567188611263e-01 3.1303537195357983e+01 32
1 0 1 1 3.0994371859386274e-02 2.2022224217616480e-02 1.0000250953851251e+00 6.9047260063163474e-02 2.0264671576953813e-01 3.1353537189888680e+01 32
1 0 1 1 3.0967599373133294e-02 2.2004452928158752e-02 1.0000255929921722e+00 6.9002532051559429e-02 2.0361837584470946e-01 3.1403537184442953e+01 32
1 0 1 1 3.0940813764873183e-02 2.1986695174165669e-02 1.0000260973660031e+00 6.8957969508811279e-02 2.0459064227094442e-01 3.1453537179016411e+01 32
1 0 1 1 3.0914016032022883e-02 2.1968951388568563e-02 1.0000266085320682e+00 6.8913572523296523e-02 2.0556350525842190e-01 3.1503537173609466e+01 32
1 0 1 1 3.0887207163386086e-02 2.1951221999802342e-02 1.0000271265145071e+00 6.8869341178636162e-02 2.0653695506800329e-01 3.1553537168223404e+01 32
1 0 1 1 3.0860388139193080e-02 2.1933507431834399e-02 1.0000276513361219e+00 6.8825275553732801e-02 2.0751098201109708e-01 3.1603537162860576e+01 32
1 0 1 1 3.0833559931143423e-02 2.1915808104199498e-02 1.0000281830183519e+00 6.8781375722811844e-02 2.0848557644926460e-01 3.1653537157510385e+01 32
1 0 1 1 3.0806723502431459e-02 2.1898124432020990e-02 1.0000287215812476e+00 6.8737641755429568e-02 2.0946072879487698e-01 3.1703537152189643e+01 32
1 0 1 1 3.0779879807817268e-02 2.1880456826063693e-02 1.0000292670434445e+00 6.8694073716555254e-02 2.1043642950994379e-01 3.1753537146888753e+01 32
1 0 1 1 3.0753029793641608e-02 2.1862805692745992e-02 1.0000298194221393e+00 6.8650671666574292e-02 2.1141266910644343e-01 3.1803537141595807e+01 32
1 0 1 1 3.0726174397858397e-02 2.1845171434166939e-02 1.0000303787330642e+00 6.8607435661300287e-02 2.1238943814707908e-01 3.1853537136341675e+01 32
1 0 1 1 3.0699314550123775e-02 2.1827554448169768e-02 1.0000309449904612e+00 6.8564365752089962e-02 2.1336672724307262e-01 3.1903537131093316e+01 32
1 0 1 1 3.0672451171776246e-02 2.1809955128331539e-02 1.0000315182070592e+00 6.8521461985781462e-02 2.1434452705633586e-01 3.1953537125872092e+01 32
1 0 1 1 3.0645585175921940e-02 2.1792373864022087e-02 1.0000320983940485e+00 6.8478724404800573e-02 2.1532282829769483e-01 3.2003537120669726e+01 32
1 0 1 1 3.0618717467458152e-02 2.1774811040425449e-02 1.0000326855610575e+00 6.8436153047161219e-02 2.1630162172756229e-01 3.2053537115488759e+01 32
1 0 1 1 3.0591848943119622e-02 2.1757267038571580e-02 1.0000332797161289e+00 6.8393747946512290e-02 2.1728089815549287e-01 3.2103537110327082e+01 32
1 0 1 1 3.0564980491515185e-02 2.1739742235362972e-02 1.0000338808656959e+00 6.8351509132165311e-02 2.1826064844010312e-01 3.2153537105180753e+01 32
1 0 1 1 3.0538112993169327e-02 2.1722237003608501e-02 1.0000344890145603e+00 6.8309436629119480e-02 2.1924086348941293e-01 3.2203537100067216e+01 32
1 0 1 1 3.0511247320583915e-02 2.1704751712061009e-02 1.0000351041658688e+00 6.8267530458138936e-02 2.2022153425939384e-01 3.2253537094959427e+01 32
1 0 1 1 3.0484384338240585e-02 2.1687286725426275e-02 1.0000357263210915e+00 6.8225790635714156e-02 2.2120265175583950e-01 3.2303537089886952e+01 32
1 0 1 1 3.0457524902691404e-02 2.1669842404421307e-02 1.0000363554799994e+00 6.8184217174180717e-02 2.2218420703191083e-01 3.2353537084818292e+01 32
1 0 1 1 3.0430669862548675e-02 2.1652419105772341e-02 1.0000369916406437e+00 6.8142810081661787e-02 2.2316619119045777e-01 3.2403537079785458e+01 31
1 0 1 1 3.0403820058581492e-02 2.1635017182278483e-02 1.0000376347993338e+00 6.8101569362194081e-02 2.2414859538139872e-01 3.2453537074757648e+01 31
1 0 1 1 3.0376976323701933e-02 2.1617636982804764e-02 1.0000382849506178e+00 6.8060495015670824e-02 2.2513141080401725e-01 3.2503537069765173e+01 31
1 0 1 1 3.0350139483063605e-02 2.1600278852347398e-02 1.0000389420872613e+00 6.8019587037962959e-02 2.2611462870449250e-01 3.2553537064780464e+01 31
1 0 1 1 3.0323310354052509e-02 2.1582943132031150e-02 1.0000396062002281e+00 6.7978845420871487e-02 2.2709824037778148e-01 3.2603537059820461e+01 31
1 0 1 1 3.0296489746363720e-02 2.1565630159158782e-02 1.0000402772786618e+00 6.7938270152214597e-02 2.2808223716618722e-01 3.2653537054880992e+01 31
1 0 1 1 3.0269678462032979e-02 2.1548340267234897e-02 1.0000409553098657e+00 6.7897861215839850e-02 2.2906661045980403e-01 3.2703537049965782e+01 31
1 0 1 1 3.0242877295482605e-02 2.1531073785993202e-02 1.0000416402792851e+00 6.7857618591669472e-02 2.3005135169579161e-01 3.2753537045057328e+01 31
1 0 1 1 3.0216087033541551e-02 2.1513831041415233e-02 1.0000423321704903e+00 6.7817542255690838e-02 2.3103645235954501e-01 3.2803537040182029e+01 31
1 0 1 1 3.0189308455528512e-02 2.1496612355780466e-02 1.0000430309651585e+00 6.7777632180055669e-02 2.3202190398275890e-01 3.2853537035319789e+01 31
1 0 1 1 3.0162542333257651e-02 2.1479418047674149e-02 1.0000437366430581e+00 6.7737888333053053e-02 2.3300769814481087e-01 3.2903537030480265e+01 31
1 0 1 1 3.0135789431101363e-02 2.1462248432026317e-02 1.0000444491820315e+00 6.7698310679175117e-02 2.3399382647160813e-01 3.2953537025651734e+01 31
1 0 1 1 3.0109050506012255e-02 2.1445103820126824e-02 1.0000451685579819e+00 6.7658899179115300e-02 2.3498028063660134e-01 3.3003537020859262e+01 31
1 0 1 1 3.0082326307607658e-02 2.1427984519681951e-02 1.0000458947448554e+00 6.7619653789861622e-02 2.3596705235878898e-01 3.3053537016069718e+01 31
1 0 1 1 3.0055617578151526e-02 2.1410890834799582e-02 1.0000466277146296e+00 6.7580574464642718e-02 2.3695413340488600e-01 3.3103537011309641e+01 31
1 0 1 1 3.0028925052650944e-02 2.1393823066054755e-02 1.0000473674372987e+00 6.7541661153034338e-02 2.3794151558721757e-01 3.3153537006564235e+01 31
1 0 1 1 3.0002249458864160e-02 2.1376781510492288e-02 1.0000481138808612e+00 6.7502913800942310e-02 2.3892919076475361e-01 3.3203537001837233e+01 31
1 0 1 1 2.9975591517354669e-02 2.1359766461662509e-02 1.0000488670113070e+00 6.7464332350649803e-02 2.3991715084271517e-01 3.3253536997137594e+01 31
1 0 1 1 2.9948951941545614e-02 2.1342778209656275e-02 1.0000496267926062e+00 6.7425916740864900e-02 2.4090538777171444e-01 3.3303536992442396e+01 31
1 0 1 1 2.9922331437724242e-02 2.1325817041105859e-02 1.0000503931866993e+00 6.7387666906697286e-02 2.4189389354931046e-01 3.3353536987782910e+01 31
1 0 1 1 2.9895730705139987e-02 2.1308883239249898e-02 1.0000511661534850e+00 6.7349582779766631e-02 2.4288266021761157e-01 3.3403536983129193e+01 31
1 0 1 1 2.9869150435987861e-02 2.1291977083919174e-02 1.0000519456508128e+00 6.7311664288152384e-02 2.4387167986524924e-01 3.3453536978497532e+01 31
1 0 1 1 2.9842590813282537e-02 2.1275094233030194e-02 1.0000527320241503e+00 6.7273911356473537e-02 2.4486096343353631e-01 3.3503537880982186e+01 31
1 0 1 1 2.9816054269392933e-02 2.1258238689646779e-02 1.0000535249621838e+00 6.7236325959096843e-02 2.4585043764348807e-01 3.3553536407437996e+01 31
1 0 1 1 2.9789539336309505e-02 2.1241411055247388e-02 1.0000543243356905e+00 6.7198904700454865e-02 2.4684017442926529e-01 3.3603536602644603e+01 31
1 0 1 1 2.9763047478691785e-02 2.1224612105550808e-02 1.0000551300707059e+00 6.7161648631416576e-02 2.4783013625134273e-01 3.3653536960038636e+01 31
1 0 1 1 2.9736579631774996e-02 2.1207842280323380e-02 1.0000559421064266e+00 6.7124558052400973e-02 2.4882030504608224e-01 3.3703536955503843e+01 31
1 0 1 1 2.9710136254602018e-02 2.1191101718457596e-02 1.0000567603942483e+00 6.7087632600672187e-02 2.4981068033870876e-01 3.3753536950996995e+01 31
1 0 1 1 2.9683717991350351e-02 2.1174390677344244e-02 1.0000575848776589e+00 6.7050872180506815e-02 2.5080125453282054e-01 3.3803536946483028e+01 31
1 0 1 1 2.9657325479463301e-02 2.1157709411153785e-02 1.0000584154980459e+00 6.7014276692853814e-02 2.5179202007825352e-01 3.3853536942011488e+01 31
1 0 1 1 2.9630959349775759e-02 2.1141058170916431e-02 1.0000592521946914e+00 6.6977846035479072e-02 2.5278296946758499e-01 3.3903536937545958e+01 31
1 0 1 1 2.9604620226482047e-02 2.1124437204497359e-02 1.0000600949047729e+00 6.6941580102894332e-02 2.5377409523863909e-01 3.3953536933097837e+01 31
1 0 1 1 2.9578308727209689e-02 2.1107846756644268e-02 1.0000609435633627e+00 6.6905478786427885e-02 2.5476538997334175e-01 3.4003536928674400e+01 31
1 0 1 1 2.9552025463064464e-02 2.1091287069012629e-02 1.0000617981034259e+00 6.6869541974259039e-02 2.5575684629704759e-01 3.4053536924251489e+01 31
1 0 1 1 2.9525771038636243e-02 2.1074758380170634e-02 1.0000626584558252e+00 6.6833769551392863e-02 2.5674845688038961e-01 3.4103536919872553e+01 31
1 0 1 1 2.9499546052106671e-02 2.1058260925661557e-02 1.0000635245493184e+00 6.6798161399785644e-02 2.5774021443585748e-01 3.4153536915483457e+01 31
1 0 1 1 2.9473351095200679e-02 2.1041794937974638e-02 1.0000643963105662e+00 6.6762717398243243e-02 2.5873211172149702e-01 3.4203536911124189e+01 31
1 0 1 1 2.9447186753300970e-02 2.1025360646614304e-02 1.0000652736641329e+00 6.6727437422552494e-02 2.5972414153797652e-01 3.4253536906787915e+01 31
1 0 1 1 2.9421053605464643e-02 2.1008958278108451e-02 1.0000661565324915e+00 6.6692321345472982e-02 2.6071629672911495e-01 3.4303536902453409e+01 31
1 0 1 1 2.9394952224435542e-02 2.0992588056014012e-02 1.0000670448360318e+00 6.6657369036727532e-02 2.6170857018296623e-01 3.4353536898146302e+01 31
1 0 1 1 2.9368883176730965e-02 2.0976250200971842e-02 1.0000679384930640e+00 6.6622580363086381e-02 2.6270095482988443e-01 3.4403536893846656e+01 31
1 0 1 1 2.9342847022636679e-02 2.0959944930696452e-02 1.0000688374198288e+00 6.6587955188340431e-02 2.6369344364402597e-01 3.4453536889572668e+01 31
1 0 1 1 2.9316844316288719e-02 2.0943672460031957e-02 1.0000697415305053e+00 6.6553493373372130e-02 2.6468602964181093e-01 3.4503536885306588e+01 31
1 0 1 1 2.9290875605673526e-02 2.0927433000944479e-02 1.0000706507372208e+00 6.6519194776137380e-02 2.6567870588309972e-01 3.4553536881062264e+01 31
1 0 1 1 2.9264941432698536e-02 2.0911226762566730e-02 1.0000715649500604e+00 6.6485059251725764e-02 2.6667146547000870e-01 3.4603536876830084e+01 31
1 0 1 1 2.9239042333210289e-02 2.0895053951206399e-02 1.0000724840770807e+00 6.6451086652359770e-02 2.6766430154738985e-01 3.4653536872607511e+01 31
1 0 1 1 2.9213178837033570e-02 2.0878914770368288e-02 1.0000734080243208e+00 6.6417276827418159e-02 2.6865720730305687e-01 3.4703536868416329e+01 31
1 0 1 1 2.9187351468042234e-02 2.0862809420796831e-02 1.0000743366958162e+00 6.6383629623502083e-02 2.6965017596610102e-01 3.4753536864223356e+01 31
1 0 1 1 2.9161560744143864e-02 2.0846738100463311e-02 1.0000752699936144e+00 6.6350144884387730e-02 2.7064320080897231e-01 3.4803536860051217e+01 31
1 0 1 1 2.9135807177360935e-02 2.0830701004613560e-02 1.0000762078177892e+00 6.6316822451106927e-02 2.7163627514575228e-01 3.4853536855897339e+01 30
1 0 1 1 2.9110091273858860e-02 2.0814698325784819e-02 1.0000771500664578e+00 6.6283662161953749e-02 2.7262939233240147e-01 3.4903536851751319e+01 30
1 0 1 1 2.9084413533969247e-02 2.0798730253816303e-02 1.0000780966357998e+00 6.6250663852491010e-02 2.7362254576733658e-01 3.4953536847630211e+01 30
1 0 1 1 2.9058774452256169e-02 2.0782796975886975e-02 1.0000790474200736e+00 6.6217827355609438e-02 2.7461572888981706e-01 3.5003536843502943e+01 30
1 0 1 1 2.9033174517505297e-02 2.0766898676508876e-02 1.0000800023116379e+00 6.6185152501484601e-02 2.7560893518229440e-01 3.5053536839413376e+01 30
1 0 1 1 2.9007614212831139e-02 2.0751035537588145e-02 1.0000809612009709e+00 6.6152639117692813e-02 2.7660215816723194e-01 3.5103536835326715e+01 30
1 0 1 1 2.8982094015653045e-02 2.0735207738408284e-02 1.0000819239766936e+00 6.6120287029151681e-02 2.7759539140925465e-01 3.5153536831242533e+01 30
1 0 1 1 2.8956614397745647e-02 2.0719415455661229e-02 1.0000828905255923e+00 6.6088096058157131e-02 2.7858862851506760e-01 3.5203536827195506e+01 30
1 0 1 1 2.8931175825320028e-02 2.0703658863490269e-02 1.0000838607326403e+00 6.6056066024465399e-02 2.7958186313098615e-01 3.5253536823137757e+01 30
1 0 1 1 2.8905778758984660e-02 2.0687938133466869e-02 1.0000848344810256e+00 6.6024196745215036e-02 2.8057508894631833e-01 3.5303536819113376e+01 30
1 0 1 1 2.8880415520858505e-02 2.0672253434658071e-02 1.0000858116521740e+00 6.5992488035048480e-02 2.8156829968971631e-01 3.5353536815080183e+01 30
1 0 1 1 2.8855091771908946e-02 2.0656604933597840e-02 1.0000867921257786e+00 6.5960939706037253e-02 2.8256148913247686e-01 3.5403536811081544e+01 30
1 0 1 1 2.8829810925821039e-02 2.0640992794356723e-02 1.0000877757798241e+00 6.5929551567798422e-02 2.8355465108512956e-01 3.5453536807078969e+01 30
1 0 1 1 2.8804573421810243e-02 2.0625417178516927e-02 1.0000887624906190e+00 6.5898323427428629e-02 2.8454777940010362e-01 3.5503536803091883e+01 30
1 0 1 1 2.8779379693708321e-02 2.0609878245216210e-02 1.0000897521328231e+00 6.5867255089575305e-02 2.8554086797024758e-01 3.5553536799128324e+01 30
1 0 1 1 2.8754230170003232e-02 2.0594376151169706e-02 1.0000907445794784e+00 6.5836346356461517e-02 2.8653391072805429e-01 3.5603536795150724e+01 30
1 0 1 1 2.8729125273821231e-02 2.0578911050656526e-02 1.0000917397020428e+00 6.5805597027838281e-02 2.8752690164832573e-01 3.5653536791214883e+01 30
1 0 1 1 2.8704065423051473e-02 2.0563483095592042e-02 1.0000927373704183e+00 6.5775006901115152e-02 2.8851983474405452e-01 3.5703536787267872e+01 30
1 0 1 1 2.8679051030290809e-02 2.0548092435492504e-02 1.0000937374529901e+00 6.5744575771266134e-02 2.8951270407028529e-01 3.5753536783346725e+01 30
1 0 1 1 2.8654082502948298e-02 2.0532739217533524e-02 1.0000947398166562e+00 6.5714303430935872e-02 2.9050550372077910e-01 3.5803536779416049e+01 30
1 0 1 1 2.8629160243216951e-02 2.0517423586531285e-02 1.0000957443268665e+00 6.5684189670380477e-02 2.9149822783096591e-01 3.5853536775521121e+01 30
1 0 1 1 2.8604284648184781e-02 2.0502145685007970e-02 1.0000967508476564e+00 6.5654234277577855e-02 2.9249087057460421e-01 3.5903536771624054e+01 30
1 0 1 1 2.8579456109802309e-02 2.0486905653166437e-02 1.0000977592416849e+00 6.5624437038165395e-02 2.9348342616606399e-01 3.5953536767723996e+01 30
1 0 1 1 2.8554675014927082e-02 2.0471703628914931e-02 1.0000987693702748e+00 6.5594797735472443e-02 2.9447588886033199e-01 3.6003536763862307e+01 30
1 0 1 1 2.8529941745417356e-02 2.0456539747923545e-02 1.0000997810934471e+00 6.5565316150604791e-02 2.9546825295026141e-01 3.6053536759987217e+01 30
1 0 1 1 2.8505256678078923e-02 2.0441414143584802e-02 1.0001007942699658e+00 6.5535992062362824e-02 2.9646051276999369e-01 3.6103536756132442e+01 30
1 0 1 1 2.8480620184765298e-02 2.0426326947072609e-02 1.0001018087573750e+00 6.5506825247336142e-02 2.9745266269209392e-01 3.6153536752276729e+01 30
1 0 1 1 2.8456032632368976e-02 2.0411278287335927e-02 1.0001028244120422e+00 6.5477815479870194e-02 2.9844469712964200e-01 3.6203536748453182e+01 30
1 0 1 1 2.8431494382908512e-02 2.0396268291144052e-02 1.0001038410891991e+00 6.5448962532148047e-02 2.9943661053315063e-01 3.6253536744599671e+01 30
1 0 1 1 2.8407005793466847e-02 2.0381297083050885e-02 1.0001048586429877e+00 6.5420266174093661e-02 3.0042839739530441e-01 3.6303536740800475e+01 30
1 0 1 1 2.8382567216358488e-02 2.0366364785488499e-02 1.0001058769264992e+00 6.5391726173548326e-02 3.0142005224459550e-01 3.6353536736971535e+01 30
1 0 1 1 2.8358178999021575e-02 2.0351471518701036e-02 1.0001068957918242e+00 6.5363342296120286e-02 3.0241156965135207e-01 3.6403536733167606e+01 30
1 0 1 1 2.8333841484152616e-02 2.0336617400821762e-02 1.0001079150900931e+00 6.5335114305321629e-02 3.0340294422348046e-01 3.6453536729372466e+01 30
1 0 1 1 2.8309555009697916e-02 2.0321802547866471e-02 1.0001089346715257e+00 6.5307041962535201e-02 3.0439417060811330e-01 3.6503536725585661e+01 30
1 0 1 1 2.8285319908892517e-02 2.0307027073750945e-02 1.0001099543854755e+00 6.5279125027039753e-02 3.0538524349102936e-01 3.6553536721798402e+01 30
1 0 1 1 2.8261136510280862e-02 2.0292291090301055e-02 1.0001109740804783e+00 6.5251363256011996e-02 3.0637615759715636e-01 3.6603536718022873e+01 30
1 0 1 1 2.8237005137766769e-02 2.0277594707280449e-02 1.0001119936043001e+00 6.5223756404563182e-02 3.0736690768988700e-01 3.6653536714261776e+01 30
1 0 1 1 2.8212926110647102e-02 2.0262938032406495e-02 1.0001130128039850e+00 6.5196304225754953e-02 3.0835748857069178e-01 3.6703536710492934e+01 30
1 0 1 1 2.8188899743611821e-02 2.0248321171347408e-02 1.0001140315259052e+00 6.5169006470580604e-02 3.0934789508040350e-01 3.6753536706738501e+01 30
1 0 1 1 2.8164926346811482e-02 2.0233744227758452e-02 1.0001150496158104e+00 6.5141862888021096e-02 3.1033812209775935e-01 3.6803536702995814e+01 30
1 0 1 1 2.8141006225879558e-02 2.0219207303294937e-02 1.0001160669188773e+00 6.5114873225047776e-02 3.1132816453968792e-01 3.6853536699254889e+01 30
1 0 1 1 2.8117139681949253e-02 2.0204710497613323e-02 1.0001170832797619e+00 6.5088037226625373e-02 3.1231801736152426e-01 3.6903536695515562e+01 30
1 0 1 1 2.8093326406507260e-02 2.0190249486692752e-02 1.0001180994570957e+00 6.5061354635729707e-02 3.1330769974324635e-01 3.6953537815789169e+01 30
1 0 1 1 2.8069568486429802e-02 2.0175826697316292e-02 1.0001191149703381e+00 6.5034826991084732e-02 3.1429713230958101e-01 3.7003536327924678e+01 30
1 0 1 1 2.8045864523022410e-02 2.0161444047824335e-02 1.0001201291167281e+00 6.5008451668266964e-02 3.1528638096201778e-01 3.7053535879034094e+01 30
1 0 1 1 2.8022214703143040e-02 2.0147101572042990e-02 1.0001211417433213e+00 6.4982228303213180e-02 3.1627544498306259e-01 3.7103536680874619e+01 30
1 0 1 1 2.7998620279288393e-02 2.0132799950386287e-02 1.0001221526510380e+00 6.4956157711608231e-02 3.1726427883950409e-01 3.7153536677169157e+01 30
1 0 1 1 2.7975081144856317e-02 2.0118539039590846e-02 1.0001231616985740e+00 6.4930239203049078e-02 3.1825289365039960e-01 3.7203536673482731e+01 30
1 0 1 1 2.7951597570445640e-02 2.0104318925907624e-02 1.0001241687281328e+00 6.4904472508962863e-02 3.1924128463514762e-01 3.7253536669777063e+01 30
1 0 1 1 2.7928169822371052e-02 2.0090139693689914e-02 1.0001251735818093e+00 6.4878857358854014e-02 3.2022944705242234e-01 3.7303536666099809e+01 30
1 0 1 1 2.7904798162768640e-02 2.0076001425451212e-02 1.0001261761016396e+00 6.4853393480399035e-02 3.2121737619665669e-01 3.7353536662411059e+01 30
1 0 1 1 2.7881482849555619e-02 2.0061904201838694e-02 1.0001271761296595e+00 6.4828080599385940e-02 3.2220506740110383e-01 3.7403536658742269e+01 30
1 0 1 1 2.7858224136515480e-02 2.0047848101679748e-02 1.0001281735079559e+00 6.4802918439788193e-02 3.2319251603523774e-01 3.7453536655069108e+01 29
1 0 1 1 2.7835022273287869e-02 2.0033833201972863e-02 1.0001291680787234e+00 6.4777906723732653e-02 3.2417971750632602e-01 3.7503536651394583e+01 29
1 0 1 1 2.7811877505406129e-02 2.0019859577906769e-02 1.0001301596843184e+00 6.4753045171525414e-02 3.2516666725911469e-01 3.7553536647737680e+01 29
1 0 1 1 2.7788790074351376e-02 2.0005927302889259e-02 1.0001311481673132e+00 6.4728333501688912e-02 3.2615336077454748e-01 3.7603536644072186e+01 29
1 0 1 1 2.7765760217540212e-02 1.9992036448536293e-02 1.0001321333705526e+00 6.4703771430933060e-02 3.2713979357157968e-01 3.7653536640422956e+01 29
1 0 1 1 2.7742788168395201e-02 1.9978187084710466e-02 1.0001331151372073e+00 6.4679358674211818e-02 3.2812596120514037e-01 3.7703536636766820e+01 29
1 0 1 1 2.7719874156333674e-02 1.9964379279510273e-02 1.0001340933108291e+00 6.4655094944695513e-02 3.2911185926792796e-01 3.7753536633128029e+01 29
1 0 1 1 2.7697018406839420e-02 1.9950613099310819e-02 1.0001350677354062e+00 6.4630979953825163e-02 3.3009748338821687e-01 3.7803536629470308e+01 29
1 0 1 1 2.7674221141429894e-02 1.9936888608738622e-02 1.0001360382554183e+00 6.4607013411267150e-02 3.3108282923270926e-01 3.7853536625847170e+01 29
1 0 1 1 2.7651482577770684e-02 1.9923205870738772e-02 1.0001370047158895e+00 6.4583195025009754e-02 3.3206789250238883e-01 3.7903536622194139e+01 29
1 0 1 1 2.7628802929599797e-02 1.9909564946524575e-02 1.0001379669624455e+00 6.4559524501271948e-02 3.3305266893727259e-01 3.7953536618575249e+01 29
1 0 1 1 2.7606182406856968e-02 1.9895965895650968e-02 1.0001389248413646e+00 6.4536001544622301e-02 3.3403715431166359e-01 3.8003536614946725e+01 29
1 0 1 1 2.7583621215642153e-02 1.9882408775987320e-02 1.0001398781996349e+00 6.4512625857912925e-02 3.3502134443705478e-01 3.8053536611307223e+01 29
1 0 1 1 2.7561119558248273e-02 1.9868893643731816e-02 1.0001408268850069e+00 6.4489397142304783e-02 3.3600523516199671e-01 3.8103536607697208e+01 29
1 0 1 1 2.7538677633241811e-02 1.9855420553458812e-02 1.0001417707460465e+00 6.4466315097330307e-02 3.3698882236965966e-01 3.8153536604077878e+01 29
1 0 1 1 2.7516295635427700e-02 1.9841989558090297e-02 1.0001427096321884e+00 6.4443379420844521e-02 3.3797210198039029e-01 3.8203536600467288e+01 29
1 0 1 1 2.7493973755917438e-02 1.9828600708936172e-02 1.0001436433937898e+00 6.4420589809074558e-02 3.3895506994974173e-01 3.8253536596843020e+01 29
1 0 1 1 2.7471712182115644e-02 1.9815254055680420e-02 1.0001445718821833e+00 6.4397945956594899e-02 3.3993772227036956e-01 3.8303536593244381e+01 29
1 0 1 1 2.7449511097803764e-02 1.9801949646429232e-02 1.0001454949497264e+00 6.4375447556395626e-02 3.4092005496939704e-01 3.8353536589642218e+01 29
1 0 1 1 2.7427370397281856e-02 1.9788687527693905e-02 1.0001464124498556e+00 6.4353094299846703e-02 3.4190206411027402e-01 3.8403536586038562e+01 29
1 0 1 1 2.7405279471937195e-02 1.9775467744412054e-02 1.0001473242371370e+00 6.4330885876723032e-02 3.4288374579210296e-01 3.8453536582436634e+01 29
1 0 1 1 2.7383249639122118e-02 1.9762290339960506e-02 1.0001482301673172e+00 6.4308821975217451e-02 3.4386509614972183e-01 3.8503536578849648e+01 29
1 0 1 1 2.7361281068150157e-02 1.9749155356173463e-02 1.0001491300973719e+00 6.4286902281967956e-02 3.4484611135277732e-01 3.8553536575259443e+01 29
1 0 1 1 2.7339373924798165e-02 1.9736062833343521e-02 1.0001500238855570e+00 6.4265126482044632e-02 3.4582678760654562e-01 3.8603536571662026e+01 29
1 0 1 1 2.7317528371327032e-02 1.9723012810231158e-02 1.0001509113914575e+00 6.4243494258961420e-02 3.4680712115252832e-01 3.8653536568103171e+01 29
1 0 1 1 2.7295744566571349e-02 1.9710005324113024e-02 1.0001517924760337e+00 6.4222005294744394e-02 3.4778710826487358e-01 3.8703536564500723e+01 29
1 0 1 1 2.7274022665847063e-02 1.9697040410722198e-02 1.0001526670016727e+00 6.4200659269832400e-02 3.4876674525596985e-01 3.8753536560935913e+01 29
1 0 1 1 2.7252362821101574e-02 1.9684118104337435e-02 1.0001535348322312e+00 6.4179455863208695e-02 3.4974602847091385e-01 3.8803536557374557e+01 29
1 0 1 1 2.7230765180877001e-02 1.9671238437753227e-02 1.0001543958330839e+00 6.4158394752348219e-02 3.5072495428965011e-01 3.8853536553782725e+01 29
1 0 1 1 2.7209229890300727e-02 1.9658401442273942e-02 1.0001552498711699e+00 6.4137475613201100e-02 3.5170351912925130e-01 3.8903536550247608e+01 29
1 0 1 1 2.7187757091228566e-02 1.9645607147793127e-02 1.0001560968150338e+00 6.4116698120314064e-02 3.5268171943785692e-01 3.8953536546673696e+01 29
1 0 1 1 2.7166346922129020e-02 1.9632855582720606e-02 1.0001569365348737e+00 6.4096061946707555e-02 3.5365955170124119e-01 3.9003536543123971e+01 29
1 0 1 1 2.7144999518215942e-02 1.9620146774060789e-02 1.0001577689025818e+00 6.4075566763988290e-02 3.5463701243798407e-01 3.9053536539576818e+01 29
1 0 1 1 2.7123715011422689e-02 1.9607480747389005e-02 1.0001585937917870e+00 6.4055212242315862e-02 3.5561409820132955e-01 3.9103536536029132e+01 29
1 0 1 1 2.7102493530436530e-02 1.9594857526872018e-02 1.0001594110778966e+00 6.4034998050419040e-02 3.5659080557902695e-01 3.9153536532491422e+01 29
1 0 1 1 2.7081335200732137e-02 1.9582277135282000e-02 1.0001602206381366e+00 6.4014923855619410e-02 3.5756713119268135e-01 3.9203536528961777e+01 29
1 0 1 1 2.7060240144595134e-02 1.9569739594007783e-02 1.0001610223515907e+00 6.3994989323838569e-02 3.5854307169777655e-01 3.9253536525431784e+01 29
1 0 1 1 2.7039208481138409e-02 1.9557244923060178e-02 1.0001618160992400e+00 6.3975194119601925e-02 3.5951862378377464e-01 3.9303536521897868e+01 29
1 0 1 1 2.7018240326319224e-02 1.9544793141078536e-02 1.0001626017639995e+00 6.3955537906047466e-02 3.6049378417474931e-01 3.9353536518399977e+01 29
1 0 1 1 2.6997335793019186e-02 1.9532384265375260e-02 1.0001633792307545e+00 6.3936020344982664e-02 3.6146854962633312e-01 3.9403536514869934e+01 29
1 0 1 1 2.6976494990973304e-02 1.9520018311888421e-02 1.0001641483863979e+00 6.3916641096812166e-02 3.6244291693028979e-01 3.9453536511373180e+01 29
1 0 1 1 2.6955718026890070e-02 1.9507695295251013e-02 1.0001649091198623e+00 6.3897399820638301e-02 3.6341688290996671e-01 3.9503536507880945e+01 29
1 0 1 1 2.6935005004427488e-02 1.9495415228770907e-02 1.0001656613221555e+00 6.3878296174224386e-02 3.6439044442218910e-01 3.9553536504373966e+01 29
1 0 1 1 2.6914356024201915e-02 1.9483178124435355e-02 1.0001664048863925e+00 6.3859329813995225e-02 3.6536359835822979e-01 3.9603536500897718e+01 30
1 0 1 1 2.6893771183867838e-02 1.9470983992951694e-02 1.0001671397078262e+00 6.3840500395100308e-02 3.6633634164093143e-01 3.9653536497422159e+01 30
1 0 1 1 2.6873250578097831e-02 1.9458832843732971e-02 1.0001678656838779e+00 6.3821807571383282e-02 3.6730867122652938e-01 3.9703536493941222e+01 30
1 0 1 1 2.6852794298606510e-02 1.9446724684907934e-02 1.0001685827141678e+00 6.3803250995396382e-02 3.6828058410477443e-01 3.9753536490486056e+01 30
1 0 1 1 2.6832402434212428e-02 1.9434659523355300e-02 1.0001692907005406e+00 6.3784830318444841e-02 3.6925207729698756e-01 3.9803536487030826e+01 30
1 0 1 1 2.6812074098246878e-02 1.9422631453326591e-02 1.0001699913896407e+00 6.3766545190565266e-02 3.7022319122631142e-01 3.9853538517590430e+01 30
1 0 1 1 2.6791812573759899e-02 1.9410646278831795e-02 1.0001706832745088e+00 6.3748397489223285e-02 3.7119377210507692e-01 3.9903534955297431e+01 30
1 0 1 1 2.6771613885402022e-02 1.9398703076671932e-02 1.0001713659051263e+00 6.3730382985956679e-02 3.7216401210890648e-01 3.9953535902045630e+01 30
1 0 1 1 2.6751480091542136e-02 1.9386803020564843e-02 1.0001720391240860e+00 6.3712503103526941e-02 3.7313381356505648e-01 4.0003536473921194e+01 30
1 0 1 1 2.6731411345641047e-02 1.9374946157571765e-02 1.0001727028417289e+00 6.3694757555006920e-02 3.7410316978144564e-01 4.0053536470554846e+01 30
1 0 1 1 2.6711407487558663e-02 1.9363132349947125e-02 1.0001733569809972e+00 6.3677145778000599e-02 3.7507208913047313e-01 4.0103536467124485e+01 30
1 0 1 1 2.6691468586335657e-02 1.9351361595861323e-02 1.0001740014594245e+00 6.3659667415347843e-02 3.7604056886012421e-01 4.0153536463754918e+01 30
1 0 1 1 2.6671594708366813e-02 1.9339633892352215e-02 1.0001746361969512e+00 6.3642322108789617e-02 3.7700860624590049e-01 4.0203536460359906e+01 30
1 0 1 1 2.6651785917281835e-02 1.9327949235248738e-02 1.0001752611159462e+00 6.3625109498863408e-02 3.7797619859780729e-01 4.0253536457012409e+01 30
1 0 1 1 2.6632042274082359e-02 1.9316307619247984e-02 1.0001758761412198e+00 6.3608029225009355e-02 3.7894334325446533e-01 4.0303536453647162e+01 30
1 0 1 1 2.6612363837071350e-02 1.9304709037873097e-02 1.0001764812000429e+00 6.3591080925502697e-02 3.7991003758774605e-01 4.0353536450306649e+01 30
1 0 1 1 2.6592750661940417e-02 1.9293153483516307e-02 1.0001770762221580e+00 6.3574264237522493e-02 3.8087627899925741e-01 4.0403536446969341e+01 30
1 0 1 1 2.6573202801752845e-02 1.9281640947429058e-02 1.0001776611397946e+00 6.3557578797132197e-02 3.8184206492241096e-01 4.0453536443663054e+01 30
1 0 1 1 2.6553720307009723e-02 1.9270171419757620e-02 1.0001782358876792e+00 6.3541024239324728e-02 3.8280739282017923e-01 4.0503536440355745e+01 30
1 0 1 1 2.6534303225628216e-02 1.9258744889523286e-02 1.0001788004030472e+00 6.3524600197999798e-02 3.8377226018674909e-01 4.0553536437051356e+01 30
1 0 1 1 2.6514951602974176e-02 1.9247361344641622e-02 1.0001793546256528e+00 6.3508306305986806e-02 3.8473666454742855e-01 4.0603536433791291e+01 30
1 0 1 1 2.6495665481929578e-02 1.9236020771958001e-02 1.0001798984977748e+00 6.3492142195093526e-02 3.8570060345614987e-01 4.0653536430533116e+01 30
1 0 1 1 2.6476444902862651e-02 1.9224723157223803e-02 1.0001804319642260e+00 6.3476107496073797e-02 3.8666407449748780e-01 4.0703536427264773e+01 30
1 0 1 1 2.6457289903646011e-02 1.9213468485108454e-02 1.0001809549723590e+00 6.3460201838638763e-02 3.8762707528745199e-01 4.0753536424051504e+01 30
1 0 1 1 2.6438200519749131e-02 1.9202256739245561e-02 1.0001814674720686e+00 6.3444424851528181e-02 3.8858960346929650e-01 4.0803536420829282e+01 30
1 0 1 1 2.6419176784175196e-02 1.9191087902195012e-02 1.0001819694157976e+00 6.3428776162454070e-02 3.8955165671798564e-01 4.0853536417643866e+01 30
1 0 1 1 2.6400218727557774e-02 1.9179961955495997e-02 1.0001824607585381e+00 6.3413255398169610e-02 3.9051323273598193e-01 4.0903536414439962e+01 30
1 0 1 1 2.6381326378099923e-02 1.9168878879627319e-02 1.0001829414578334e+00 6.3397862184422560e-02 3.9147432925774417e-01 4.0953536411304846e+01 30
1 0 1 1 2.6362499761713017e-02 1.9157838654085206e-02 1.0001834114737758e+00 6.3382596146055847e-02 3.9243494404317025e-01 4.1003536408135204e+01 30
1 0 1 1 2.6343738901900102e-02 1.9146841257313148e-02 1.0001838707690089e+00 6.3367456906914060e-02 3.9339507488496511e-01 4.1053536405029064e+01 30
1 0 1 1 2.6325043819913529e-02 1.9135886666788674e-02 1.0001843193087219e+00 6.3352444089962406e-02 3.9435471960114737e-01 4.1103536401905231e+01 30
1 0 1 1 2.6306414534660351e-02 1.9124974858966172e-02 1.0001847570606486e+00 6.3337557317209831e-02 3.9531387604122786e-01 4.1153536398833424e+01 30
1 0 1 1 2.6287847753360936e-02 1.9114105809344209e-02 1.0001851839950613e+00 6.3322796209798776e-02 3.9627254208066931e-01 4.1203536395754448e+01 30
1 0 1 1 2.6269339424422361e-02 1.9103279492423443e-02 1.0001856000847660e+00 6.3308160387954504e-02 3.9723071562553935e-01 4.1253536392732514e+01 30
1 0 1 1 2.6250897011836638e-02 1.9092495881769912e-02 1.0001860053050950e+00 6.3293649471064695e-02 3.9818839460711358e-01 4.1303536389682151e+01 30
1 0 1 1 2.6232520525191188e-02 1.9081754949960471e-02 1.0001863996339004e+00 6.3279263077609504e-02 3.9914557698804581e-01 4.1353536386698899e+01 30
1 0 1 1 2.6214209971947084e-02 1.9071056668658156e-02 1.0001867830515436e+00 6.3265000825269063e-02 4.0010226075555028e-01 4.1403536383714766e+01 30
1 0 1 1 2.6195965357370541e-02 1.9060401008574174e-02 1.0001871555408861e+00 6.3250862330863300e-02 4.0105844392630896e-01 4.1453536380760362e+01 30
1 0 1 1 2.6177786684596339e-02 1.9049787939496791e-02 1.0001875170872785e+00 6.3236847210404762e-02 4.0201412454393048e-01 4.1503536377845073e+01 31
1 0 1 1 2.6159673954660054e-02 1.9039217430309410e-02 1.0001878676785485e+00 6.3222955079113130e-02 4.0296930067809994e-01 4.1553536374919574e+01 31
1 0 1 1 2.6141627166460953e-02 1.9028689448965942e-02 1.0001882073049890e+00 6.3209185551389213e-02 4.0392397042767925e-01 4.1603536372048055e+01 31
1 0 1 1 2.6123646316856364e-02 1.9018203962540992e-02 1.0001885359593417e+00 6.3195538240886251e-02 4.0487813191668626e-01 4.1653536369208361e+01 31
1 0 1 1 2.6105731400651973e-02 1.9007760937222350e-02 1.0001888536367840e+00 6.3182012760495176e-02 4.0583178329557656e-01 4.1703536366367217e+01 31
1 0 1 1 2.6087882410591599e-02 1.8997360338300975e-02 1.0001891603349136e+00 6.3168608722339037e-02 4.0678492274285927e-01 4.1753536363575627e+01 31
1 0 1 1 2.6070099337436564e-02 1.8987002130215612e-02 1.0001894560537301e+00 6.3155325737829782e-02 4.0773754846186755e-01 4.1803536360808245e+01 31
1 0 1 1 2.6052382169948905e-02 1.8976686276536245e-02 1.0001897407956182e+00 6.3142163417653635e-02 4.0868965868227103e-01 4.1853536358054434e+01 31
1 0 1 1 2.6034730894908646e-02 1.8966412739976932e-02 1.0001900145653297e+00 6.3129121371782559e-02 4.0964125166066195e-01 4.1903536355355371e+01 31
1 0 1 1 2.6017145497171299e-02 1.8956181482420079e-02 1.0001902773699629e+00 6.3116199209519219e-02 4.1059232567788762e-01 4.1953536352677929e+01 31
1 0 1 1 2.5999625959653726e-02 1.8945992464908808e-02 1.0001905292189428e+00 6.3103396539480716e-02 4.1154287904100034e-01 4.2003536350024099e+01 31
1 0 1 1 2.5982172263364741e-02 1.8935845647659967e-02 1.0001907701240003e+00 6.3090712969620488e-02 4.1249291008230238e-01 4.2053536347391891e+01 31
1 0 1 1 2.5964784387412242e-02 1.8925740990066931e-02 1.0001910000991503e+00 6.3078148107238524e-02 4.1344241716032376e-01 4.2103536344836463e+01 31
1 0 1 1 2.5947462309088086e-02 1.8915678450744083e-02 1.0001912191606683e+00 6.3065701559034792e-02 4.1439139865564673e-01 4.2153536342260381e+01 31
1 0 1 1 2.5930206003776522e-02 1.8905657987472072e-02 1.0001914273270682e+00 6.3053372931047208e-02 4.1533985297709375e-01 4.2203536339749313e+01 31
1 0 1 1 2.5913015445075366e-02 1.8895679557263779e-02 1.0001916246190767e+00 6.3041161828740921e-02 4.1628777855605942e-01 4.2253536337284658e+01 31
1 0 1 1 2.5895890604786902e-02 1.8885743116356466e-02 1.0001918110596093e+00 6.3029067856994303e-02 4.1723517384754094e-01 4.2303536334806779e+01 31
1 0 1 1 2.5878831452877706e-02 1.8875848620186986e-02 1.0001919866737452e+00 6.3017090620077099e-02 4.1818203733386089e-01 4.2353536332421356e+01 31
1 0 1 1 2.5861837957612547e-02 1.8865996023464095e-02 1.0001921514886991e+00 6.3005229721743772e-02 4.1912836751766597e-01 4.2403536330041618e+01 31
1 0 1 1 2.5844910085472888e-02 1.8856185280120688e-02 1.0001923055337969e+00 6.2993484765172802e-02 4.2007416292759453e-01 4.2453536327695588e+01 31
1 0 1 1 2.5828047801213599e-02 1.8846416343342453e-02 1.0001924488404463e+00 6.2981855353014232e-02 4.2101942211607846e-01 4.2503536325422218e+01 31
1 0 1 1 2.5811251067918692e-02 1.8836689165595825e-02 1.0001925814421093e+00 6.2970341087423082e-02 4.2196414365684931e-01 4.2553536323149729e+01 31
1 0 1 1 2.5794518354070737e-02 1.8826996510608377e-02 1.0001927059002560e+00 6.2958941570022187e-02 4.2290840462400725e-01 4.2603540193662596e+01 31
1 0 1 1 2.5777855019229873e-02 1.8817347795669431e-02 1.0001928196976873e+00 6.2947659046132615e-02 4.2385190409576901e-01 4.2653532352027142e+01 31
1 0 1 1 2.5761253188642846e-02 1.8807738462061688e-02 1.0001929229162585e+00 6.2936487808887498e-02 4.2479508425387175e-01 4.2703536300791079e+01 31
1 0 1 1 2.5744718054860557e-02 1.8798171490768859e-02 1.0001930155619543e+00 6.2925430998400367e-02 4.2573764704081329e-01 4.2753536315540224e+01 31
1 0 1 1 2.5728248269541624e-02 1.8788646076025341e-02 1.0001930976861424e+00 6.2914487334836899e-02 4.2667966505468174e-01 4.2803536313541350e+01 31
1 0 1 1 2.5711843780416663e-02 1.8779162162630713e-02 1.0001931693335957e+00 6.2903656413927311e-02 4.2762113732099327e-01 4.2853536311493770e+01 31
1 0 1 1 2.5695504539130408e-02 1.8769719697879474e-02 1.0001932305509056e+00 6.2892937834666512e-02 4.2856206257524065e-01 4.2903536309547221e+01 31
1 0 1 1 2.5679230495845019e-02 1.8760318628436284e-02 1.0001932813864831e+00 6.2882331195692864e-02 4.2950243957083212e-01 4.2953536307641272e+01 31
1 0 1 1 2.5663021599168605e-02 1.8750958900289830e-02 1.0001933218905266e+00 6.2871836095242051e-02 4.3044226708389638e-01 4.3003536305772016e+01 31
1 0 1 1 2.5646877796183135e-02 1.8741640458769165e-02 1.0001933521149888e+00 6.2861452131170226e-02 4.3138154391285100e-01 4.3053536303978255e+01 31
1 0 1 1 2.5630799032507805e-02 1.8732363248573993e-02 1.0001933721135441e+00 6.2851178900990678e-02 4.3232026887503494e-01 4.3103536302174042e+01 31
1 0 1 1 2.5614785252215201e-02 1.8723127213727094e-02 1.0001933819415545e+00 6.2841016001831673e-02 4.3325844081311049e-01 4.3153536300499113e+01 32
1 0 1 1 2.5598836398003533e-02 1.8713932297669229e-02 1.0001933816560367e+00 6.2830963030541531e-02 4.3419605858542853e-01 4.3203536298816147e+01 32
1 0 1 1 2.5582952411055591e-02 1.8704778443176098e-02 1.0001933713156266e+00 6.2821019583605808e-02 4.3513312107541641e-01 4.3253536297221373e+01 32
1 0 1 1 2.5567133231182027e-02 1.8695665592437703e-02 1.0001933509805472e+00 6.2811185257234947e-02 4.3606962718360592e-01 4.3303536295629897e+01 32
1 0 1 1 2.5551378796717816e-02 1.8686593686997661e-02 1.0001933207125717e+00 6.2801459647315011e-02 4.3700557583541072e-01 4.3353536294201433e+01 32
1 0 1 1 2.5535689044733162e-02 1.8677562667869338e-02 1.0001932805749909e+00 6.2791842349521898e-02 4.3794096596826404e-01 4.3403536292663382e+01 32
1 0 1 1 2.5520063910740524e-02 1.8668572475368458e-02 1.0001932306325760e+00 6.2782332959165965e-02 4.3887579655124831e-01 4.3453536291370149e+01 32
1 0 1 1 2.5504503329110702e-02 1.8659623049346374e-02 1.0001931709515466e+00 6.2772931071430893e-02 4.3981006655995702e-01 4.3503536289969780e+01 32
1 0 1 1 2.5489007232683217e-02 1.8650714328967172e-02 1.0001931015995311e+00 6.2763636281153612e-02 4.4074377500142675e-01 4.3553536288747239e+01 32
1 0 1 1 2.5473575553123337e-02 1.8641846252907133e-02 1.0001930226455364e+00 6.2754448183034606e-02 4.4167692089311267e-01 4.3603536287510330e+01 32
1 0 1 1 2.5458208220699864e-02 1.8633018759227075e-02 1.0001929341599078e+00 6.2745366371512012e-02 4.4260950327722237e-01 4.3653536286366737e+01 32
1 0 1 1 2.5442905164434735e-02 1.8624231785455903e-02 1.0001928362142964e+00 6.2736390440856660e-02 4.4354152121276408e-01 4.3703536285308473e+01 32
1 0 1 1 2.5427666312094865e-02 1.8615485268581700e-02 1.0001927288816226e+00 6.2727519985166319e-02 4.4447297377644668e-01 4.3753536284270872e+01 32
1 0 1 1 2.5412491590158379e-02 1.8606779145031623e-02 1.0001926122360396e+00 6.2718754598349691e-02 4.4540386006569760e-01 4.3803536283303693e+01 32
1 0 1 1 2.5397380923873437e-02 1.8598113350703289e-02 1.0001924863528990e+00 6.2710093874170064e-02 4.4633417919610185e-01 4.3853536282444779e+01 32
1 0 1 1 2.5382334237307614e-02 1.8589487820990125e-02 1.0001923513087143e+00 6.2701537406269880e-02 4.4726393029880318e-01 4.3903536281589808e+01 32
1 0 1 1 2.5367346001801589e-02 1.8580902490727143e-02 1.0001922071811249e+00 6.2693084788130266e-02 4.4819311252756533e-01 4.3953536280882190e+01 32
1 0 1 1 2.5352417409418224e-02 1.8572357294283866e-02 1.0001920540488616e+00 6.2684735613164261e-02 4.4912172504872450e-01 4.4003536280182942e+01 32
1 0 1 1 2.5337552631213824e-02 1.8563852165487147e-02 1.0001918919917097e+00 6.2676489474647712e-02 4.5004976705003569e-01 4.4053536279556987e+01 32
1 0 1 1 2.5322751586063286e-02 1.8555387037671980e-02 1.0001917210904741e+00 6.2668345965777972e-02 4.5097723773653492e-01 4.4103536279059213e+01 32
1 0 1 1 2.5308014191744811e-02 1.8546961843704877e-02 1.0001915414269436e+00 6.2660304679702628e-02 4.5190413632777549e-01 4.4153536278597109e+01 32
1 0 1 1 2.5293340364879006e-02 1.8538576515947959e-02 1.0001913530838560e+00 6.2652365209486638e-02 4.5283046206245325e-01 4.4203536278188629e+01 32
1 0 1 1 2.5278730020963536e-02 1.8530230986277180e-02 1.0001911561448615e+00 6.2644527148142726e-02 4.5375621419724504e-01 4.4253536277910378e+01 32
1 0 1 1 2.5264183074450317e-02 1.8521925186123944e-02 1.0001909506944895e+00 6.2636790088673289e-02 4.5468139200251190e-01 4.4303536277675050e+01 32
1 0 1 1 2.5249699438673067e-02 1.8513659046431607e-02 1.0001907368181120e+00 6.2629153624037648e-02 4.5560599476779057e-01 4.4353536277537984e+01 32
1 0 1 1 2.5235279025925993e-02 1.8505432497699228e-02 1.0001905146019097e+00 6.2621617347198122e-02 4.5653002179760044e-01 4.4403536277479674e+01 32
1 0 1 1 2.5220921747450099e-02 1.8497245469970475e-02 1.0001902841328369e+00 6.2614180851116974e-02 4.5745347241289064e-01 4.4453536277494663e+01 32
1 0 1 1 2.5206627513440525e-02 1.8489097892836592e-02 1.0001900454985873e+00 6.2606843728768485e-02 4.5837634595166238e-01 4.4503536277634595e+01 32
1 0 1 1 2.5192396233109069e-02 1.8480989695469970e-02 1.0001897987875594e+00 6.2599605573172873e-02 4.5929864176544727e-01 4.4553536277827021e+01 32
1 0 1 1 2.5178227814641262e-02 1.8472920806597203e-02 1.0001895440888240e+00 6.2592465977374195e-02 4.6022035922264848e-01 4.4603536278065420e+01 32
1 0 1 1 2.5164122165188346e-02 1.8464891154493904e-02 1.0001892814920870e+00 6.2585424534455369e-02 4.6114149771052387e-01 4.4653536278527440e+01 33
1 0 1 1 2.5150079191043010e-02 1.8456900667082599e-02 1.0001890110876608e+00 6.2578480837619632e-02 4.6206205662395811e-01 4.4703536278973743e+01 33
1 0 1 1 2.5136098797435141e-02 1.8448949271812520e-02 1.0001887329664270e+00 6.2571634480094340e-02 4.6298203537936533e-01 4.4753536279513447e+01 33
1 0 1 1 2.5122180888656895e-02 1.8441036895732732e-02 1.0001884472198037e+00 6.2564885055207187e-02 4.6390143340799528e-01 4.4803536280248856e+01 33
1 0 1 1 2.5108325368150778e-02 1.8433163465536417e-02 1.0001881539397168e+00 6.2558232156423171e-02 4.6482025015010991e-01 4.4853536280969053e+01 33
1 0 1 1 2.5094532138332338e-02 1.8425328907460969e-02 1.0001878532185624e+00 6.2551675377270161e-02 4.6573848506778970e-01 4.4903536281854883e+01 33
1 0 1 1 2.5080801100778257e-02 1.8417533147392074e-02 1.0001875451491777e+00 6.2545214311435449e-02 4.6665613763326186e-01 4.4953536282853740e+01 33
1 0 1 1 2.5067132156169365e-02 1.8409776110831066e-02 1.0001872298248098e+00 6.2538848552739668e-02 4.6757320733335911e-01 4.5003536283929719e+01 33
1 0 1 1 2.5053525204285346e-02 1.8402057722886788e-02 1.0001869073390814e+00 6.2532577695142144e-02 4.6848969367031662e-01 4.5053536285119065e+01 33
1 0 1 1 2.5039980144053980e-02 1.8394377908306066e-02 1.0001865777859629e+00 6.2526401332766601e-02 4.6940559615962235e-01 4.5103536286418283e+01 33
1 0 1 1 2.5026496873537613e-02 1.8386736591460850e-02 1.0001862412597393e+00 6.2520319059906460e-02 4.7032091433136303e-01 4.5153536287870381e+01 33
1 0 1 1 2.5013075289992279e-02 1.8379133696382610e-02 1.0001858978549818e+00 6.2514330471051260e-02 4.7123564772716209e-01 4.5203536289403210e+01 33
1 0 1 1 2.4999715289821606e-02 1.8371569146733286e-02 1.0001855476665165e+00 6.2508435160870290e-02 4.7214979590370082e-01 4.5253536291031843e+01 33
1 0 1 1 2.4986416768592618e-02 1.8364042865811767e-02 1.0001851907893935e+00 6.2502632724233231e-02 4.7306335843260960e-01 4.5303536292863249e+01 33
1 0 1 1 2.4973178503037857e-02 1.8356551170035665e-02 1.0001848284250956e+00 6.2496922756253126e-02 4.7397640862466267e-01 4.5353540199890034e+01 33
1 0 1 1 2.4960003596086539e-02 1.8349096055268660e-02 1.0001844606522170e+00 6.2491306186403861e-02 4.7488872463759874e-01 4.5403535893128193e+01 33
1 0 1 1 2.4952606428263285e-02 1.8344911843003561e-02 1.0001842505740921e+00 6.2488181621094541e-02 4.7540255994954195e-01 4.5431708669975734e+01 33
1 0 1 1 2.4939525192583814e-02 1.8337515144467846e-02 1.0001838727419907e+00 6.2482707363090972e-02 4.7631409055743840e-01 4.5481711620108499e+01 32
1 0 1 1 2.4931988299442695e-02 1.8333255040073451e-02 1.0001836513747455e+00 6.2479583227722818e-02 4.7684095083787753e-01 4.5510627791134127e+01 43
