isScalarized | massIncreased | isMonotoneInside | isMonotoneOutside | mass_Baryon | mass_ADM | AST(radius) | radius  |  phi_c | rho_c | ctr |
1 1 1 1 3.1938795014726747e-02 2.4206001094733590e-02 1.0000000013066883e+00 8.4767999999995389e-02 3.1780108650237796e-02 1.6213591698608031e+01 24
1 1 1 1 3.1938769409221218e-02 2.4205967168544867e-02 1.0000000013071855e+00 8.4767699999995394e-02 3.1782507753592842e-02 1.6213482833822759e+01 40
1 1 1 1 3.1938743788643649e-02 2.4205933234596279e-02 1.0000000013076829e+00 8.4767399999995399e-02 3.1784906425985242e-02 1.6213373998248326e+01 40
1 1 1 1 3.1938718152995579e-02 2.4205899292887134e-02 1.0000000013081805e+00 8.4767099999995404e-02 3.1787304667612010e-02 1.6213265191874342e+01 40
1 1 1 1 3.1938692502279160e-02 2.4205865343420428e-02 1.0000000013086781e+00 8.4766799999995410e-02 3.1789702478632054e-02 1.6213156414692158e+01 40
1 1 1 1 3.1927647278968130e-02 2.4192150470662477e-02 1.0000000015099022e+00 8.4650685312226415e-02 3.2687033243829752e-02 1.6173159074422244e+01 24
1 1 1 1 3.1912804049394998e-02 2.4175594845077662e-02 1.0000000017544008e+00 8.4521594433661584e-02 3.3619738877124300e-02 1.6133218811771581e+01 23
1 1 1 1 3.1893052241912946e-02 2.4155453274930540e-02 1.0000000020559485e+00 8.4376764556677475e-02 3.4596793862411802e-02 1.6093366217443243e+01 18
1 1 1 1 3.1866895384660289e-02 2.4130677486145478e-02 1.0000000024348537e+00 8.4212359164087758e-02 3.5630821871452077e-02 1.6053598420247081e+01 25
1 1 1 1 3.1832095549172386e-02 2.4099755479226017e-02 1.0000000029220162e+00 8.4022994784833327e-02 3.6739224812801660e-02 1.6013895338080459e+01 28
1 1 1 1 3.1785348132280226e-02 2.4060493161806584e-02 1.0000000035654038e+00 8.3801249162581359e-02 3.7944659893455177e-02 1.5974281576319978e+01 31
1 1 1 1 3.1721549215705587e-02 2.4009548345917529e-02 1.0000000044436776e+00 8.3536284902001212e-02 3.9279260005920746e-02 1.5934792800949605e+01 35
1 1 1 1 3.1632458020754324e-02 2.3941602609928662e-02 1.0000000056932419e+00 8.3211652458694829e-02 4.0790326127874942e-02 1.5895480697100762e+01 38
1 1 1 1 3.1504058334598087e-02 2.3847748645838534e-02 1.0000000075670890e+00 8.2801246088128388e-02 4.2550469128268868e-02 1.5856418537327004e+01 40
1 1 1 1 3.1502392040709870e-02 2.3846553854124156e-02 1.0000000075920450e+00 8.2796246088128383e-02 4.2571055132767939e-02 1.5856001503143489e+01 54
1 1 1 1 3.1303376554221093e-02 2.3706880822249400e-02 1.0000000106981004e+00 8.2241476183213535e-02 4.4752056332053980e-02 1.5816476551212572e+01 39
1 1 1 1 3.1301077342396337e-02 2.3705296454719336e-02 1.0000000107354605e+00 8.2235476183213529e-02 4.4774654251471674e-02 1.5816111932260442e+01 55
1 1 0 0 3.1300693847308762e-02 2.3705032246250049e-02 1.0000000107416953e+00 8.2234476183213528e-02 -4.4778418742442830e-02 1.5816051274699207e+01 56
1 1 1 1 3.0972044904984720e-02 2.3483266007894150e-02 1.0000000164307630e+00 8.1442515007438487e-02 4.7618170283175283e-02 1.5776341290048254e+01 39
1 1 0 0 3.0968929132153121e-02 2.3481199898835150e-02 1.0000000164879712e+00 8.1435515007438494e-02 -4.7642182246184467e-02 1.5776051416609844e+01 55
1 1 1 1 3.0967147112354983e-02 2.3480018471643275e-02 1.0000000165207179e+00 8.1431515007438490e-02 4.7655895985544032e-02 1.5775886169099898e+01 67
1 1 1 1 3.0961794175664605e-02 2.3476470732347463e-02 1.0000000166192033e+00 8.1419515007438492e-02 4.7697005116894578e-02 1.5775392138834874e+01 54
1 1 1 1 3.0958666871723675e-02 2.3474398825718404e-02 1.0000000166768233e+00 8.1412515007438499e-02 4.7720963304450630e-02 1.5775105134423358e+01 54
1 1 1 1 3.0958219828185651e-02 2.3474102695340011e-02 1.0000000166850649e+00 8.1411515007438498e-02 4.7724384575564910e-02 1.5775064204443026e+01 39
1 1 1 1 3.0957772713227215e-02 2.3473806529050983e-02 1.0000000166933092e+00 8.1410515007438497e-02 4.7727805515418970e-02 1.5775023292089026e+01 37
1 1 1 1 3.0957325526859945e-02 2.3473510326856052e-02 1.0000000167015559e+00 8.1409515007438496e-02 4.7731226124177448e-02 1.5774982397349424e+01 32
1 1 1 1 3.0956878269098105e-02 2.3473214088763711e-02 1.0000000167098053e+00 8.1408515007438495e-02 4.7734646402014379e-02 1.5774941520212183e+01 33
1 1 1 1 3.0956430939953379e-02 2.3472917814778869e-02 1.0000000167180574e+00 8.1407515007438494e-02 4.7738066349098676e-02 1.5774900660665331e+01 37
1 1 1 1 3.0955983539437300e-02 2.3472621504906307e-02 1.0000000167263117e+00 8.1406515007438493e-02 4.7741485965599073e-02 1.5774859818696918e+01 39
1 1 0 0 3.0943427399267042e-02 2.3464310283517704e-02 1.0000000169584786e+00 8.1378515007438493e-02 -4.7837101697986481e-02 1.5773723332124117e+01 54
1 1 0 0 3.0942977934430897e-02 2.3464012935603389e-02 1.0000000169668075e+00 8.1377515007438492e-02 -4.7840511801072169e-02 1.5773682994766368e+01 66
1 1 0 0 3.0942528398597572e-02 2.3463715551985963e-02 1.0000000169751391e+00 8.1376515007438491e-02 -4.7843921578631245e-02 1.5773642674632399e+01 57
1 1 1 1 3.0931718271438736e-02 2.3456567649877347e-02 1.0000000171758663e+00 8.1352515007438495e-02 4.7925659012486035e-02 1.5772680128375551e+01 60
1 1 1 1 3.0930364139125116e-02 2.3455672720527634e-02 1.0000000172010615e+00 8.1349515007438492e-02 4.7935863128490401e-02 1.5772560499219676e+01 55
1 1 0 0 3.0928105839033476e-02 2.3454180460996656e-02 1.0000000172431052e+00 8.1344515007438487e-02 -4.7952863572611581e-02 1.5772361455156728e+01 61
1 1 0 0 3.0923131368860619e-02 2.3450894366653791e-02 1.0000000173358281e+00 8.1333515007438489e-02 -4.7990236410749371e-02 1.5771925038485843e+01 64
1 1 1 1 3.0919508216609198e-02 2.3448501786017303e-02 1.0000000174034593e+00 8.1325515007438495e-02 4.8017392453739524e-02 1.5771608916086603e+01 54
1 1 1 1 3.0918601724690697e-02 2.3447903286821944e-02 1.0000000174203929e+00 8.1323515007438493e-02 4.8024178291229951e-02 1.5771530052008412e+01 54
1 1 0 0 3.0917241459313016e-02 2.3447005272692018e-02 1.0000000174458128e+00 8.1320515007438490e-02 -4.8034354672756296e-02 1.5771411880419015e+01 54
1 1 0 0 3.0912248408896139e-02 2.3443709832527977e-02 1.0000000175392179e+00 8.1309515007438493e-02 -4.8071643757406635e-02 1.5770979858507214e+01 84
1 1 0 0 3.0911339668888274e-02 2.3443110202491773e-02 1.0000000175562342e+00 8.1307515007438491e-02 -4.8078419497080117e-02 1.5770901523376832e+01 55
1 1 1 1 3.0905426024046771e-02 2.3439209168991362e-02 1.0000000176670936e+00 8.1294515007438492e-02 4.8122431235486922e-02 1.5770393943028813e+01 58
1 1 0 0 3.0903148394336107e-02 2.3437707186355985e-02 1.0000000177098483e+00 8.1289515007438487e-02 -4.8139344765814197e-02 1.5770199454071431e+01 64
1 1 1 1 3.0901780977266043e-02 2.3436805574561490e-02 1.0000000177355322e+00 8.1286515007438484e-02 4.8149489147594558e-02 1.5770082955582538e+01 79
1 1 0 0 3.0898587891727013e-02 2.3434700583271569e-02 1.0000000177955524e+00 8.1279515007438491e-02 -4.8173148501433116e-02 1.5769811692295050e+01 54
1 1 0 0 3.0898131457315341e-02 2.3434399729694737e-02 1.0000000178041371e+00 8.1278515007438490e-02 -4.8176527169106524e-02 1.5769773004983580e+01 55
1 1 0 0 3.0897674953104685e-02 2.3434098841000145e-02 1.0000000178127244e+00 8.1277515007438489e-02 -4.8179905527243591e-02 1.5769734333786502e+01 55
1 1 0 0 3.0897218379108648e-02 2.3433797917195912e-02 1.0000000178213142e+00 8.1276515007438488e-02 -4.8183283576004612e-02 1.5769695678693020e+01 55
1 1 1 1 3.0894934462747863e-02 2.3432292771712368e-02 1.0000000178643027e+00 8.1271515007438483e-02 4.8200169184606075e-02 1.5769502644404335e+01 55
1 1 1 1 3.0894477470283153e-02 2.3431991637364976e-02 1.0000000178729080e+00 8.1270515007438482e-02 4.8203545380374621e-02 1.5769464085707376e+01 57
1 1 1 1 3.0893106074715949e-02 2.3431088023922349e-02 1.0000000178987400e+00 8.1267515007438479e-02 4.8213672118609177e-02 1.5769348505745294e+01 55
1 1 0 0 3.0891734052138076e-02 2.3430184095002457e-02 1.0000000179245956e+00 8.1264515007438476e-02 -4.8223796086474750e-02 1.5769233069752719e+01 63
1 1 1 1 3.0888988127225774e-02 2.3428375291353411e-02 1.0000000179763766e+00 8.1258515007438470e-02 4.8244035727887033e-02 1.5769002628526938e+01 54
1 1 0 0 3.0884406022024011e-02 2.3425357819119117e-02 1.0000000180628865e+00 8.1248515007438474e-02 -4.8277743966190244e-02 1.5768619830775782e+01 60
1 1 1 1 3.0883488767277693e-02 2.3424753905161834e-02 1.0000000180802195e+00 8.1246515007438472e-02 4.8284481950343794e-02 1.5768543461110131e+01 65
1 1 1 1 3.0221297362431617e-02 2.2997474211558584e-02 1.0000000318810427e+00 7.9926186794182286e-02 5.2515915689014682e-02 1.5728748904173480e+01 46
1 1 1 1 3.0212079157480212e-02 2.2991621880069053e-02 1.0000000320903457e+00 7.9909186794182283e-02 5.2568121424388693e-02 1.5728342438121080e+01 54
1 1 0 0 3.0211536393459242e-02 2.2991277361943868e-02 1.0000000321026832e+00 7.9908186794182282e-02 -5.2571190913476985e-02 1.5728318592386026e+01 54
1 1 0 0 3.0202844371960139e-02 2.2985761097330169e-02 1.0000000323004696e+00 7.9892186794182279e-02 -5.2620281151541139e-02 1.5727938022391436e+01 53
1 1 1 1 3.0196860102604035e-02 2.2981964329633866e-02 1.0000000324368699e+00 7.9881186794182282e-02 5.2654007226335418e-02 1.5727677425473489e+01 54
1 1 0 0 3.0194682288618317e-02 2.2980582811844452e-02 1.0000000324865552e+00 7.9877186794182278e-02 -5.2666266537340092e-02 1.5727582872900708e+01 55
1 1 0 0 3.0174494208674969e-02 2.2967781688363179e-02 1.0000000329483025e+00 7.9840186794182283e-02 -5.2779546933524164e-02 1.5726713521089078e+01 91
1 1 1 1 3.0155874292791131e-02 2.2955983439654472e-02 1.0000000333760461e+00 7.9806186794182277e-02 5.2883456592530555e-02 1.5725922916859016e+01 60
1 1 1 1 3.0141041185554975e-02 2.2946590403075246e-02 1.0000000337180706e+00 7.9779186794182277e-02 5.2965848323812403e-02 1.5725300623179013e+01 53
1 1 1 1 3.0126718504211770e-02 2.2937525367696131e-02 1.0000000340493915e+00 7.9753186794182279e-02 5.3045085614627827e-02 1.5724705941894936e+01 53
1 1 1 1 3.0117333066356940e-02 2.2931587702212174e-02 1.0000000342670670e+00 7.9736186794182276e-02 5.3096840658983985e-02 1.5724319503871767e+01 52
1 1 0 0 3.0102947429460274e-02 2.2922490502034168e-02 1.0000000346015772e+00 7.9710186794182278e-02 -5.3175913857107265e-02 1.5723732095967890e+01 50
1 1 1 1 3.0101839269892974e-02 2.2921789913875210e-02 1.0000000346273887e+00 7.9708186794182276e-02 5.3181992355286041e-02 1.5723687090412794e+01 54
1 1 1 1 3.0095185602998991e-02 2.2917583977343448e-02 1.0000000347824973e+00 7.9696186794182278e-02 5.3218451258870030e-02 1.5723417592382313e+01 54
1 1 1 1 3.0088523870298763e-02 2.2913373916892105e-02 1.0000000349380171e+00 7.9684186794182280e-02 5.3254889534358495e-02 1.5723149007917844e+01 56
1 1 1 1 3.0056212124542903e-02 2.2892967302408706e-02 1.0000000356954954e+00 7.9626186794182277e-02 5.3430721034175642e-02 1.5721863549084212e+01 82
1 1 1 1 3.0053417856683574e-02 2.2891203622653317e-02 1.0000000357612453e+00 7.9621186794182272e-02 5.3445856947266390e-02 1.5721753706427315e+01 54
1 1 1 1 3.0045026721329939e-02 2.2885908318347154e-02 1.0000000359589238e+00 7.9606186794182271e-02 5.3491244032637275e-02 1.5721425092662766e+01 54
1 1 0 0 3.0044466868272949e-02 2.2885555070734746e-02 1.0000000359721253e+00 7.9605186794182270e-02 -5.3494268740703683e-02 1.5721403233662809e+01 52
1 1 0 0 3.0028768482584841e-02 2.2875652615864162e-02 1.0000000363429269e+00 7.9577186794182270e-02 -5.3578905276495011e-02 1.5720793629044023e+01 57
1 1 0 0 3.0024275259468290e-02 2.2872819260987526e-02 1.0000000364492820e+00 7.9569186794182276e-02 -5.3603067656680096e-02 1.5720620318928491e+01 56
1 1 0 0 3.0023713357834061e-02 2.2872464964203056e-02 1.0000000364625894e+00 7.9568186794182275e-02 -5.3606087349058716e-02 1.5720598681953563e+01 64
1 1 0 0 3.0013589684887029e-02 2.2866082783709274e-02 1.0000000367026094e+00 7.9550186794182270e-02 -5.3660418922386252e-02 1.5720210229795164e+01 53
1 1 0 0 3.0008521144996237e-02 2.2862888258475295e-02 1.0000000368229669e+00 7.9541186794182275e-02 -5.3687568523153997e-02 1.5720016720380423e+01 75
1 1 0 0 3.0006830639620955e-02 2.2861822908285194e-02 1.0000000368631377e+00 7.9538186794182272e-02 -5.3696616004468137e-02 1.5719952322881561e+01 54
1 1 1 1 3.0002884199288503e-02 2.2859336103071982e-02 1.0000000369569695e+00 7.9531186794182279e-02 5.3717722170635945e-02 1.5719802266808228e+01 53
1 1 1 1 3.0000063661788767e-02 2.2857558967052095e-02 1.0000000370240780e+00 7.9526186794182274e-02 5.3732794050752597e-02 1.5719695258965251e+01 53
1 1 0 0 2.9993288761105342e-02 2.2853290964203892e-02 1.0000000371854303e+00 7.9514186794182276e-02 -5.3768953178694505e-02 1.5719439032986626e+01 55
1 1 0 0 2.9988767763837805e-02 2.2850443374576632e-02 1.0000000372932276e+00 7.9506186794182282e-02 -5.3793048811582346e-02 1.5719268678708231e+01 61
1 1 0 0 2.9967812484873072e-02 2.2837249850492292e-02 1.0000000377941722e+00 7.9469186794182287e-02 -5.3904383408506111e-02 1.5718485563236541e+01 61
1 1 0 0 2.9957590928843515e-02 2.2830817477203880e-02 1.0000000380392922e+00 7.9451186794182282e-02 -5.3958482840144137e-02 1.5718107396681230e+01 61
1 1 0 0 2.9924534607747726e-02 2.2810029233712673e-02 1.0000000388354324e+00 7.9393186794182280e-02 -5.4132526686674509e-02 1.5716901134155101e+01 54
1 1 0 0 2.9913666043611023e-02 2.2803198863938511e-02 1.0000000390983315e+00 7.9374186794182275e-02 -5.4189450785243891e-02 1.5716509989886745e+01 52
1 1 0 0 2.9913093471620498e-02 2.2802839092112431e-02 1.0000000391121968e+00 7.9373186794182274e-02 -5.4192445573385456e-02 1.5716489457478069e+01 56
1 1 0 0 2.9906218382124570e-02 2.2798519658315825e-02 1.0000000392788051e+00 7.9361186794182276e-02 -5.4228373591874657e-02 1.5716243488605365e+01 49
1 1 1 1 2.9903351460408692e-02 2.2796718711397441e-02 1.0000000393483468e+00 7.9356186794182271e-02 5.4243338472860114e-02 1.5716141229769152e+01 53
1 1 1 1 2.9897039472257907e-02 2.2792754180798146e-02 1.0000000395015907e+00 7.9345186794182274e-02 5.4276250648532955e-02 1.5715916730680263e+01 91
1 1 0 0 2.9886696660702157e-02 2.2786259514771191e-02 1.0000000397531006e+00 7.9327186794182269e-02 -5.4330075798134772e-02 1.5715550755884697e+01 56
1 1 1 1 2.9884971158324992e-02 2.2785176195875591e-02 1.0000000397951090e+00 7.9324186794182266e-02 5.4339042919854266e-02 1.5715489926658444e+01 62
1 1 1 1 2.9875184145407102e-02 2.2779032673550456e-02 1.0000000400336437e+00 7.9307186794182263e-02 5.4389836581214393e-02 1.5715146121170486e+01 52
1 1 0 0 2.9874031708377845e-02 2.2778309379514205e-02 1.0000000400617610e+00 7.9305186794182261e-02 -5.4395810076457420e-02 1.5715105772969538e+01 52
1 1 1 1 2.9873455409092062e-02 2.2777947690935725e-02 1.0000000400758240e+00 7.9304186794182260e-02 5.4398796648688040e-02 1.5715085606699313e+01 53
1 1 0 0 2.9864804461679963e-02 2.2772519038899586e-02 1.0000000402871114e+00 7.9289186794182259e-02 -5.4443581246549147e-02 1.5714783737253219e+01 54
1 1 0 0 2.9844571901279225e-02 2.2759827982250836e-02 1.0000000407826197e+00 7.9254186794182266e-02 -5.4547977599493827e-02 1.5714083892534562e+01 53
1 1 1 1 2.9843992862442704e-02 2.2759464883395458e-02 1.0000000407968288e+00 7.9253186794182265e-02 5.4550958293043739e-02 1.5714063989141987e+01 53
1 1 0 0 2.9842255424420192e-02 2.2758375421240665e-02 1.0000000408394725e+00 7.9250186794182262e-02 -5.4559899692114305e-02 1.5714004309496497e+01 58
1 1 1 1 2.9837619899468155e-02 2.2755468974880302e-02 1.0000000409533152e+00 7.9242186794182268e-02 5.4583738435594401e-02 1.5713845387250498e+01 55
1 1 1 1 2.9814972696358178e-02 2.2741274793557181e-02 1.0000000415109203e+00 7.9203186794182270e-02 5.4699849372941992e-02 1.5713075259314452e+01 78
1 1 0 0 2.9808570340876001e-02 2.2737263739095754e-02 1.0000000416689800e+00 7.9192186794182273e-02 -5.4732568053290152e-02 1.5712859416688410e+01 60
1 1 1 1 2.9793995560026161e-02 2.2728135345180114e-02 1.0000000420294930e+00 7.9167186794182276e-02 5.4806879376563346e-02 1.5712371085363159e+01 53
1 1 0 0 2.9791660508882944e-02 2.2726673210443773e-02 1.0000000420873409e+00 7.9163186794182272e-02 -5.4818762879497454e-02 1.5712293236695444e+01 56
1 1 1 1 2.9773535046386797e-02 2.2715326798913086e-02 1.0000000425372120e+00 7.9132186794182269e-02 5.4910801677596148e-02 1.5711692544127262e+01 53
1 1 1 1 2.9761814152883703e-02 2.2707992574307365e-02 1.0000000428289084e+00 7.9112186794182263e-02 5.4970127258335770e-02 1.5711307456041144e+01 60
1 1 0 0 2.9758293755047006e-02 2.2705790174754516e-02 1.0000000429166402e+00 7.9106186794182257e-02 -5.4987916718729456e-02 1.5711192301824797e+01 53
1 1 0 0 2.9753596929164933e-02 2.2702852112392022e-02 1.0000000430337757e+00 7.9098186794182263e-02 -5.5011630140174059e-02 1.5711039028681899e+01 53
1 1 1 1 2.9735953719698081e-02 2.2691818824277340e-02 1.0000000434746603e+00 7.9068186794182260e-02 5.5100496332375119e-02 1.5710466941530962e+01 53
1 1 1 1 2.9735364794769206e-02 2.2691450625403155e-02 1.0000000434894007e+00 7.9067186794182259e-02 5.5103456942621108e-02 1.5710447944588845e+01 52
1 1 1 1 2.9728293584447778e-02 2.2687030114238040e-02 1.0000000436665080e+00 7.9055186794182261e-02 5.5138976299637321e-02 1.5710220344342867e+01 52
1 1 1 1 2.9727703974456440e-02 2.2686661561304663e-02 1.0000000436812855e+00 7.9054186794182260e-02 5.5141935584016935e-02 1.5710201407845174e+01 54
1 1 1 1 2.9727114311799942e-02 2.2686292981150217e-02 1.0000000436960657e+00 7.9053186794182259e-02 5.5144894766819802e-02 1.5710182475981965e+01 54
1 1 1 1 2.9726524596480574e-02 2.2685924373772898e-02 1.0000000437108489e+00 7.9052186794182258e-02 5.5147853848105437e-02 1.5710163548751083e+01 54
1 1 1 1 2.9725934828504642e-02 2.2685555739177552e-02 1.0000000437256349e+00 7.9051186794182257e-02 5.5150812827934666e-02 1.5710144626150376e+01 54
1 1 1 1 2.9725345007875711e-02 2.2685187077364621e-02 1.0000000437404237e+00 7.9050186794182256e-02 5.5153771706360800e-02 1.5710125708177728e+01 54
1 1 1 1 2.9724755134597151e-02 2.2684818388334867e-02 1.0000000437552157e+00 7.9049186794182255e-02 5.5156730483446846e-02 1.5710106794830967e+01 54
1 1 1 1 2.9724165208674984e-02 2.2684449672092061e-02 1.0000000437700101e+00 7.9048186794182254e-02 5.5159689159253962e-02 1.5710087886107935e+01 54
1 1 1 1 2.9723575230112861e-02 2.2684080928636906e-02 1.0000000437848076e+00 7.9047186794182253e-02 5.5162647733838478e-02 1.5710068982006511e+01 54
1 1 1 1 2.9717672550250276e-02 2.2680391997784835e-02 1.0000000439329388e+00 7.9037186794182257e-02 5.5192227925383065e-02 1.5709880194710163e+01 75
1 1 1 1 2.9711764611181374e-02 2.2676700347611746e-02 1.0000000440813550e+00 7.9027186794182261e-02 5.5221798059386790e-02 1.5709691867227258e+01 55
1 1 1 1 2.9704668148240368e-02 2.2672266780325061e-02 1.0000000442598307e+00 7.9015186794182263e-02 5.5257269026856369e-02 1.5709466478216468e+01 52
1 1 1 1 2.9694601886957911e-02 2.2665979200216121e-02 1.0000000445133737e+00 7.8998186794182260e-02 5.5307495114014019e-02 1.5709148298241425e+01 54
1 1 0 0 2.9691045470487509e-02 2.2663758182127371e-02 1.0000000446030559e+00 7.8992186794182254e-02 -5.5325215171223296e-02 1.5709036311568424e+01 54
1 1 0 0 2.9685113918226359e-02 2.2660054316161408e-02 1.0000000447527542e+00 7.8982186794182258e-02 -5.5354740770413781e-02 1.5708850027191099e+01 70
1 1 0 0 2.9683926979356155e-02 2.2659313217714930e-02 1.0000000447827280e+00 7.8980186794182256e-02 -5.5360644720007963e-02 1.5708812824178702e+01 97
1 1 0 0 2.9664312281713304e-02 2.2647069454842510e-02 1.0000000452789395e+00 7.8947186794182250e-02 -5.5458004071554684e-02 1.5708201548898872e+01 54
1 1 0 0 2.9635082578922937e-02 2.2628835010054235e-02 1.0000000460214509e+00 7.8898186794182257e-02 -5.5602377018917799e-02 1.5707302740085709e+01 52
1 1 0 0 2.9634484752461745e-02 2.2628462203767723e-02 1.0000000460366751e+00 7.8897186794182256e-02 -5.5605321069153384e-02 1.5707284505705370e+01 56
1 1 0 0 2.9623116172732594e-02 2.2621373762962849e-02 1.0000000463264764e+00 7.8878186794182251e-02 -5.5661240515326886e-02 1.5706938869700172e+01 53
1 1 1 1 2.9620720397721140e-02 2.2619880220286586e-02 1.0000000463876177e+00 7.8874186794182247e-02 5.5673008812298919e-02 1.5706866301365411e+01 82
1 1 1 1 2.9609329126931306e-02 2.2612780010317687e-02 1.0000000466786592e+00 7.8855186794182242e-02 5.5728888360262407e-02 1.5706522532297125e+01 57
1 1 1 1 2.9606928579023657e-02 2.2611283991523404e-02 1.0000000467400614e+00 7.8851186794182238e-02 5.5740648317347000e-02 1.5706450354969038e+01 55
1 1 1 1 2.9588898055297796e-02 2.2600050141063050e-02 1.0000000472020236e+00 7.8821186794182235e-02 5.5828802399091763e-02 1.5705911171066772e+01 73
1 1 1 1 2.9588296235746787e-02 2.2599675262985265e-02 1.0000000472174662e+00 7.8820186794182234e-02 5.5831739492841752e-02 1.5705893263153195e+01 55
1 1 1 1 2.9574440122607865e-02 2.2591045659835513e-02 1.0000000475734283e+00 7.8797186794182239e-02 5.5899268431140542e-02 1.5705482527216269e+01 56
1 1 1 1 2.9571424309116447e-02 2.2589167781439969e-02 1.0000000476510094e+00 7.8792186794182234e-02 5.5913942530557696e-02 1.5705393526215810e+01 54
1 1 0 0 2.9567200003084711e-02 2.2586537625754972e-02 1.0000000477597417e+00 7.8785186794182241e-02 -5.5934482634214959e-02 1.5705269097566877e+01 74
1 1 1 1 2.9561765039249403e-02 2.2583154067551462e-02 1.0000000478997439e+00 7.8776186794182246e-02 5.5960885134527662e-02 1.5705109413100761e+01 54
1 1 0 0 2.9555721294217591e-02 2.2579392013763203e-02 1.0000000480555706e+00 7.8766186794182250e-02 -5.5990213105185184e-02 1.5704932373953215e+01 54
1 1 0 0 2.9554511927038410e-02 2.2578639281688132e-02 1.0000000480867699e+00 7.8764186794182248e-02 -5.5996077675647390e-02 1.5704897014986859e+01 59
1 1 0 0 2.9543618356466791e-02 2.2571859875734915e-02 1.0000000483680711e+00 7.8746186794182244e-02 -5.6048843553943524e-02 1.5704579513998294e+01 53
1 1 1 1 2.9541801140711959e-02 2.2570729132046146e-02 1.0000000484150435e+00 7.8743186794182241e-02 5.6057635210511735e-02 1.5704526724433427e+01 58
1 1 1 1 2.9541195299280953e-02 2.2570352163997796e-02 1.0000000484307066e+00 7.8742186794182240e-02 5.6060565594839872e-02 1.5704509135966067e+01 69
1 1 0 0 2.9526032562483803e-02 2.2560919275728366e-02 1.0000000488232017e+00 7.8717186794182242e-02 -5.6133798098163303e-02 1.5704070727531345e+01 53
1 1 0 0 2.9509620776966235e-02 2.2550713008648138e-02 1.0000000492490748e+00 7.8690186794182243e-02 -5.6212831333156257e-02 1.5703600039650516e+01 55
1 1 0 0 2.9507186223325845e-02 2.2549199314798343e-02 1.0000000493123418e+00 7.8686186794182239e-02 -5.6224534912749431e-02 1.5703530552791735e+01 54
1 1 0 0 2.9489511215899471e-02 2.2538212279238558e-02 1.0000000497723729e+00 7.8657186794182238e-02 -5.6309347426512217e-02 1.5703028644972147e+01 52
1 1 1 1 2.9488900965651675e-02 2.2537833016308330e-02 1.0000000497882782e+00 7.8656186794182237e-02 5.6312270800188378e-02 1.5703011396196583e+01 54
1 1 0 0 2.9480963062357635e-02 2.2532900175367424e-02 1.0000000499953028e+00 7.8643186794182238e-02 -5.6350267474127996e-02 1.5702787514142193e+01 71
1 1 0 0 2.9471181488004951e-02 2.2526822812422530e-02 1.0000000502507538e+00 7.8627186794182236e-02 -5.6397014421257954e-02 1.5702512860582351e+01 67
1 1 0 0 2.9447897932649479e-02 2.2512361798406658e-02 1.0000000508603273e+00 7.8589186794182239e-02 -5.6507959206474230e-02 1.5701864472096725e+01 53
1 1 1 1 2.9446670445227006e-02 2.2511599629848979e-02 1.0000000508925222e+00 7.8587186794182237e-02 5.6513795357360910e-02 1.5701830497740231e+01 78
1 1 1 1 2.9427618379853443e-02 2.2499772443634231e-02 1.0000000513929737e+00 7.8556186794182234e-02 5.6604217360339396e-02 1.5701305810981269e+01 53
1 1 1 1 2.9426387537502440e-02 2.2499008524078767e-02 1.0000000514253531e+00 7.8554186794182232e-02 5.6610048585115549e-02 1.5701272083201731e+01 95
1 1 0 0 2.9418998219102748e-02 2.2494422780147329e-02 1.0000000516198644e+00 7.8542186794182234e-02 -5.6645029756974601e-02 1.5701070027550848e+01 68
1 1 1 1 2.9406666454977505e-02 2.2486771395243205e-02 1.0000000519449430e+00 7.8522186794182228e-02 5.6703308370931071e-02 1.5700734447260714e+01 63
1 1 1 1 2.9406049334474386e-02 2.2486388547926936e-02 1.0000000519612262e+00 7.8521186794182227e-02 5.6706221541901969e-02 1.5700717706754652e+01 54
1 1 1 1 2.9405432163298006e-02 2.2486005674133596e-02 1.0000000519775123e+00 7.8520186794182226e-02 5.6709134640908029e-02 1.5700700969904565e+01 54
1 1 1 1 2.9404197668943144e-02 2.2485239847128132e-02 1.0000000520100927e+00 7.8518186794182224e-02 5.6714960623228734e-02 1.5700667507166086e+01 81
1 1 1 1 2.9403580345769308e-02 2.2484856893915779e-02 1.0000000520263870e+00 7.8517186794182223e-02 5.6717873506643944e-02 1.5700650781274611e+01 54
1 1 1 1 2.9402962971936685e-02 2.2484473914233367e-02 1.0000000520426842e+00 7.8516186794182222e-02 5.6720786318301172e-02 1.5700634059032886e+01 54
1 1 1 1 2.9401728072303793e-02 2.2483707875458742e-02 1.0000000520752867e+00 7.8514186794182220e-02 5.6726611726554924e-02 1.5700600625492454e+01 51
1 1 1 1 2.9400492970070177e-02 2.2482941730813506e-02 1.0000000521079007e+00 7.8512186794182218e-02 5.6732436848411130e-02 1.5700567206532344e+01 54
1 1 0 0 2.9399875342984595e-02 2.2482558618790355e-02 1.0000000521242116e+00 7.8511186794182217e-02 -5.6735349302068402e-02 1.5700550502516041e+01 54
1 1 0 0 2.9399257665259224e-02 2.2482175480304182e-02 1.0000000521405257e+00 7.8510186794182216e-02 -5.6738261684280346e-02 1.5700533802140182e+01 50
1 1 1 1 2.9388130810070360e-02 2.2475274463249970e-02 1.0000000524346515e+00 7.8492186794182212e-02 5.6790672407296343e-02 1.5700233816122877e+01 54
1 1 0 0 2.9375748416898276e-02 2.2467596617610039e-02 1.0000000527625155e+00 7.8472186794182205e-02 -5.6848879787606464e-02 1.5699901870165643e+01 55
1 1 0 0 2.9367689022757902e-02 2.2462600349271764e-02 1.0000000529762230e+00 7.8459186794182206e-02 -5.6886699672190774e-02 1.5699686874091633e+01 55
1 1 0 0 2.9367068715892886e-02 2.2462215836024382e-02 1.0000000529926816e+00 7.8458186794182205e-02 -5.6889608411560502e-02 1.5699670360900823e+01 54
1 1 0 0 2.9360862871296127e-02 2.2458369251099404e-02 1.0000000531574191e+00 7.8448186794182209e-02 -5.6918692036958110e-02 1.5699505424512607e+01 62
1 1 0 0 2.9330381360275323e-02 2.2439482839294637e-02 1.0000000539686396e+00 7.8399186794182216e-02 -5.7061104264382351e-02 1.5698702331730129e+01 63
1 1 0 0 2.9317905194304571e-02 2.2431755908062023e-02 1.0000000543016587e+00 7.8379186794182210e-02 -5.7119186085952144e-02 1.5698376944287993e+01 56
1 1 1 1 2.9314158423703128e-02 2.2429435773993610e-02 1.0000000544017797e+00 7.8373186794182204e-02 5.7136605576183178e-02 1.5698279597144980e+01 60
1 1 0 0 2.9303532754287705e-02 2.2422856913325320e-02 1.0000000546859953e+00 7.8356186794182200e-02 -5.7185948269537122e-02 1.5698004450660713e+01 59
1 1 1 1 2.9292892579835680e-02 2.2416270446631480e-02 1.0000000549710073e+00 7.8339186794182197e-02 5.7235272639462736e-02 1.5697730289740889e+01 53
1 1 1 1 2.9282865059645433e-02 2.2410064474762025e-02 1.0000000552399801e+00 7.8323186794182195e-02 5.7281679062731211e-02 1.5697473150019368e+01 52
1 1 1 1 2.9247037857006747e-02 2.2387901023393615e-02 1.0000000562039062e+00 7.8266186794182194e-02 5.7446874993589088e-02 1.5696564048804337e+01 55
1 1 0 0 2.9245777812120996e-02 2.2387121809020988e-02 1.0000000562378897e+00 7.8264186794182192e-02 -5.7452667816834210e-02 1.5696532345835758e+01 53
1 1 0 0 2.9233166377775812e-02 2.2379323892120422e-02 1.0000000565783267e+00 7.8244186794182186e-02 -5.7510583197968292e-02 1.5696216036596606e+01 53
1 1 1 1 2.9226853174479806e-02 2.2375420998554160e-02 1.0000000567489544e+00 7.8234186794182189e-02 5.7539532207098100e-02 1.5696058371045439e+01 60
1 1 0 0 2.9205984230771309e-02 2.2362522846988062e-02 1.0000000573139600e+00 7.8201186794182184e-02 -5.7635023625106391e-02 1.5695540368221755e+01 54
1 1 0 0 2.9202817536951701e-02 2.2360566091757579e-02 1.0000000573998253e+00 7.8196186794182179e-02 -5.7649486700552761e-02 1.5695462188036890e+01 57
1 1 1 1 2.9197748238234872e-02 2.2357433921047887e-02 1.0000000575373513e+00 7.8188186794182185e-02 5.7672624748638240e-02 1.5695337265696935e+01 68
1 1 0 0 2.9190771534814208e-02 2.2353124449073114e-02 1.0000000577267329e+00 7.8177186794182188e-02 -5.7704433833783056e-02 1.5695165829903319e+01 59
1 1 1 1 2.9184422452239088e-02 2.2349203997561486e-02 1.0000000578991830e+00 7.8167186794182192e-02 5.7733345476340334e-02 1.5695010311886755e+01 54
1 1 1 1 2.9178704024432390e-02 2.2345673352671035e-02 1.0000000580546198e+00 7.8158186794182197e-02 5.7759361349817184e-02 1.5694870615491320e+01 58
1 1 1 1 2.9173617596009872e-02 2.2342533221671099e-02 1.0000000581929700e+00 7.8150186794182203e-02 5.7782482938941580e-02 1.5694746654729464e+01 50
1 1 1 1 2.9153877647433483e-02 2.2330349396115785e-02 1.0000000587307105e+00 7.8119186794182199e-02 5.7872047294130702e-02 1.5694268195249219e+01 54
1 1 1 1 2.9148775720768027e-02 2.2327201102397099e-02 1.0000000588699032e+00 7.8111186794182205e-02 5.7895152590688823e-02 1.5694145206109932e+01 53
1 1 0 0 2.9148137756614373e-02 2.2326807448003833e-02 1.0000000588873144e+00 7.8110186794182204e-02 -5.7898040522507639e-02 1.5694129846362058e+01 56
1 1 1 1 2.9121298482283311e-02 2.2310250357251486e-02 1.0000000596210152e+00 7.8068186794182204e-02 5.8019288217359813e-02 1.5693487506156215e+01 54
1 1 0 0 2.9117457164271086e-02 2.2307881295308331e-02 1.0000000597262162e+00 7.8062186794182198e-02 -5.8036602186668035e-02 1.5693396181987257e+01 61
1 1 0 0 2.9113614063627696e-02 2.2305511292864105e-02 1.0000000598315140e+00 7.8056186794182192e-02 -5.8053914405548142e-02 1.5693304966709198e+01 54
1 1 0 0 2.9108487157224080e-02 2.2302349826775945e-02 1.0000000599720607e+00 7.8048186794182198e-02 -5.8076994659610810e-02 1.5693183515273770e+01 65
1 1 0 0 2.9104639898835875e-02 2.2299977630217026e-02 1.0000000600775831e+00 7.8042186794182192e-02 -5.8094302835650653e-02 1.5693092553061962e+01 53
1 1 0 0 2.9067357969950317e-02 2.2276997939409595e-02 1.0000000611025888e+00 7.7984186794182189e-02 -5.8261528376953010e-02 1.5692218782787272e+01 54
1 1 1 1 2.9046717522859415e-02 2.2264281911434123e-02 1.0000000616719387e+00 7.7952186794182185e-02 5.8353725643931535e-02 1.5691740939921635e+01 53
1 1 1 1 2.9003338139448540e-02 2.2237571241481395e-02 1.0000000628727808e+00 7.7885186794182187e-02 5.8546622238367714e-02 1.5690750016021932e+01 53
1 1 1 1 2.9001390610548985e-02 2.2236372504239241e-02 1.0000000629268260e+00 7.7882186794182184e-02 5.8555255095846727e-02 1.5690705944934956e+01 58
1 1 0 0 2.8973427410160835e-02 2.2219164832202119e-02 1.0000000637040669e+00 7.7839186794182183e-02 -5.8678953998795476e-02 1.5690077031138914e+01 55
1 1 0 0 2.8958433064704543e-02 2.2209940953943151e-02 1.0000000641217821e+00 7.7816186794182188e-02 -5.8745089660159740e-02 1.5689742743638458e+01 56
1 1 0 0 2.8941451673445012e-02 2.2199497368439493e-02 1.0000000645956382e+00 7.7790186794182190e-02 -5.8819828431542161e-02 1.5689366601868636e+01 81
1 1 0 0 2.8930330530570602e-02 2.2192659350728554e-02 1.0000000649064149e+00 7.7773186794182186e-02 -5.8868683121023176e-02 1.5689121657755287e+01 58
1 1 1 1 2.8922471783017191e-02 2.2187827983204341e-02 1.0000000651262364e+00 7.7761186794182188e-02 5.8903162764558287e-02 1.5688949226246125e+01 53
1 1 1 1 2.8878464166200012e-02 2.2160783931093560e-02 1.0000000663603841e+00 7.7694186794182191e-02 5.9095586639103900e-02 1.5687993548349763e+01 52
1 1 0 0 2.8827617100072228e-02 2.2129559088320153e-02 1.0000000677928884e+00 7.7617186794182197e-02 -5.9316561152279373e-02 1.5686909740914279e+01 56
1 1 1 1 2.8805072987330170e-02 2.2115722353054468e-02 1.0000000684301960e+00 7.7583186794182191e-02 5.9414082059220746e-02 1.5686436004819694e+01 54
1 1 1 1 2.8804409071170000e-02 2.2115314934439061e-02 1.0000000684489843e+00 7.7582186794182190e-02 5.9416949867952040e-02 1.5686422115553448e+01 51
1 1 1 1 2.8803745106220566e-02 2.2114907489775539e-02 1.0000000684677750e+00 7.7581186794182189e-02 5.9419817651356406e-02 1.5686408228798598e+01 51
1 1 1 1 2.8801088758545260e-02 2.2113277450634326e-02 1.0000000685429635e+00 7.7577186794182185e-02 5.9431288532699807e-02 1.5686352706874061e+01 51
1 1 1 1 2.8797102773510698e-02 2.2110831610449650e-02 1.0000000686558215e+00 7.7571186794182179e-02 5.9448494103159971e-02 1.5686269499168205e+01 66
1 1 1 1 2.8787795313038531e-02 2.2105121002955364e-02 1.0000000689195068e+00 7.7557186794182179e-02 5.9488636980667114e-02 1.5686075697646549e+01 67
1 1 0 0 2.8787130128657412e-02 2.2104712907033162e-02 1.0000000689383601e+00 7.7556186794182178e-02 -5.9491504146565517e-02 1.5686061873370388e+01 54
1 1 0 0 2.8771817430431484e-02 2.2095319509869968e-02 1.0000000693726774e+00 7.7533186794182182e-02 -5.9557442413998275e-02 1.5685744599540914e+01 52
1 1 0 0 2.8751137778180863e-02 2.2082637033549526e-02 1.0000000699601423e+00 7.7502186794182179e-02 -5.9646296608094167e-02 1.5685319031306145e+01 52
1 1 1 1 2.8747129856148294e-02 2.2080179467750156e-02 1.0000000700741203e+00 7.7496186794182173e-02 5.9663491764399959e-02 1.5685236934641249e+01 63
1 1 1 1 2.8745125237456867e-02 2.2078950332956222e-02 1.0000000701311427e+00 7.7493186794182170e-02 5.9672089055676079e-02 1.5685195919150718e+01 71
1 1 0 0 2.8729741930259487e-02 2.2069519171550811e-02 1.0000000705690513e+00 7.7470186794182175e-02 -5.9737995421105472e-02 1.5684882191563501e+01 55
1 1 1 1 2.8719695459400955e-02 2.2063360983277776e-02 1.0000000708553449e+00 7.7455186794182174e-02 5.9780972109183136e-02 1.5684678273700630e+01 49
1 1 0 0 2.8710979656879479e-02 2.2058019140505789e-02 1.0000000711039125e+00 7.7442186794182175e-02 -5.9818215064904957e-02 1.5684501980895662e+01 52
1 1 0 0 2.8706954204027000e-02 2.2055552187929019e-02 1.0000000712187755e+00 7.7436186794182169e-02 -5.9835403053890394e-02 1.5684420750965625e+01 54
1 1 0 0 2.8701584207784490e-02 2.2052261457053340e-02 1.0000000713720631e+00 7.7428186794182174e-02 -5.9858319347887677e-02 1.5684312577542221e+01 58
1 1 1 1 2.8661884307676050e-02 2.2027940741365763e-02 1.0000000725073637e+00 7.7369186794182171e-02 6.0027293154435335e-02 1.5683519456050625e+01 54
1 1 0 0 2.8661209968549702e-02 2.2027527742743899e-02 1.0000000725266787e+00 7.7368186794182170e-02 -6.0030156635855640e-02 1.5683506083418459e+01 58
1 1 0 0 2.8542451884711374e-02 2.1954850408740345e-02 1.0000000759434704e+00 7.7193186794182175e-02 -6.0531076565626778e-02 1.5681200845801040e+01 65
1 1 1 1 2.8532886933532033e-02 2.1949001589422031e-02 1.0000000762199199e+00 7.7179186794182175e-02 6.0571137915648804e-02 1.5681019362863868e+01 75
1 1 1 1 2.8528100885966315e-02 2.1946075252661089e-02 1.0000000763583148e+00 7.7172186794182182e-02 6.0591168141108605e-02 1.5680928780677311e+01 56
1 1 0 0 2.8525364932477055e-02 2.1944402483277642e-02 1.0000000764374481e+00 7.7168186794182178e-02 -6.0602613858492478e-02 1.5680877066961095e+01 53
1 1 0 0 2.8466353844959068e-02 2.1908336357089150e-02 1.0000000781476794e+00 7.7082186794182175e-02 -6.0848680692894209e-02 1.5679773487206775e+01 54
1 1 1 1 2.8458091158901810e-02 2.1903288424063815e-02 1.0000000783876513e+00 7.7070186794182177e-02 6.0883014119920732e-02 1.5679620739911757e+01 53
1 1 0 0 2.8448442510473858e-02 2.1897394380986993e-02 1.0000000786680274e+00 7.7056186794182177e-02 -6.0923069654939918e-02 1.5679442913619489e+01 56
1 1 1 1 2.8377162996729197e-02 2.1853872315419708e-02 1.0000000807441860e+00 7.6953186794182171e-02 6.1217772207123967e-02 1.5678146973992360e+01 74
1 1 0 0 2.8357696809615689e-02 2.1841992669724135e-02 1.0000000813125995e+00 7.6925186794182171e-02 -6.1297892343418786e-02 1.5677798375999993e+01 62
1 1 1 1 2.8287162214994842e-02 2.1798968620262097e-02 1.0000000833769076e+00 7.6824186794182167e-02 6.1586945942140939e-02 1.5676553709132969e+01 51
1 1 1 1 2.8258387450677241e-02 2.1781426151878617e-02 1.0000000842210222e+00 7.6783186794182168e-02 6.1704314445740795e-02 1.5676054044812409e+01 51
1 1 1 1 2.8223890471264553e-02 2.1760402065199202e-02 1.0000000852343873e+00 7.6734186794182174e-02 6.1844613707129799e-02 1.5675461030720932e+01 70
1 1 1 1 2.8218247174426562e-02 2.1756963481957322e-02 1.0000000854002995e+00 7.6726186794182180e-02 6.1867523137628735e-02 1.5675364635908885e+01 54
1 1 0 0 2.8213306723959185e-02 2.1753953320250805e-02 1.0000000855455788e+00 7.6719186794182187e-02 -6.1887569734506709e-02 1.5675280387314974e+01 53
1 1 0 0 2.8195642702999946e-02 2.1743192058144702e-02 1.0000000860652387e+00 7.6694186794182190e-02 -6.1959171428814790e-02 1.5674980234102586e+01 60
1 1 0 0 2.8189983760917525e-02 2.1739744925852549e-02 1.0000000862317944e+00 7.6686186794182196e-02 -6.1982086271659027e-02 1.5674884426380977e+01 54
1 1 1 1 2.8157383383076922e-02 2.1719885580892839e-02 1.0000000871924353e+00 7.6640186794182191e-02 6.2113872774685212e-02 1.5674335769925275e+01 61
1 1 0 0 2.8154543604012771e-02 2.1718155500492671e-02 1.0000000872762140e+00 7.6636186794182187e-02 -6.2125334725224482e-02 1.5674288239443374e+01 58
1 1 0 0 2.8146730169059022e-02 2.1713395565088590e-02 1.0000000875067685e+00 7.6625186794182190e-02 -6.2156856800726766e-02 1.5674157678039185e+01 55
1 1 1 1 2.8124678574606758e-02 2.1699963713374699e-02 1.0000000881577851e+00 7.6594186794182187e-02 6.2245705749617401e-02 1.5673790889410418e+01 58
1 1 1 1 2.8118267669920139e-02 2.1696059303242126e-02 1.0000000883471396e+00 7.6585186794182192e-02 6.2271504633757309e-02 1.5673684720465864e+01 54
1 1 1 1 2.8076857545615942e-02 2.1670845198353970e-02 1.0000000895711483e+00 7.6527186794182189e-02 6.2437810807867408e-02 1.5673003915658603e+01 53
1 1 1 1 2.8074711146200530e-02 2.1669538551669098e-02 1.0000000896346328e+00 7.6524186794182186e-02 6.2446415159122970e-02 1.5672968860218415e+01 59
1 1 1 1 2.8071848591806788e-02 2.1667795977830074e-02 1.0000000897193051e+00 7.6520186794182182e-02 6.2457887996038353e-02 1.5672922143718026e+01 53
1 1 1 1 2.8067553284610931e-02 2.1665181306291581e-02 1.0000000898463699e+00 7.6514186794182176e-02 6.2475098047863116e-02 1.5672852120504663e+01 60
1 1 1 1 2.8018029854666684e-02 2.1635042534268335e-02 1.0000000913124185e+00 7.6445186794182177e-02 6.2673085833257230e-02 1.5672051258719128e+01 53
1 1 1 1 2.8000749295779604e-02 2.1624529204270403e-02 1.0000000918243899e+00 7.6421186794182180e-02 6.2741984182109398e-02 1.5671774576705575e+01 53
1 1 1 1 2.7998587226695043e-02 2.1623213936799713e-02 1.0000000918884593e+00 7.6418186794182177e-02 6.2750597741468392e-02 1.5671740058884827e+01 54
1 1 1 1 2.7997145600388490e-02 2.1622336955776852e-02 1.0000000919311811e+00 7.6416186794182175e-02 6.2756340273149191e-02 1.5671717055301636e+01 56
1 1 1 1 2.7963933635657426e-02 2.1602136317600745e-02 1.0000000929157502e+00 7.6370186794182171e-02 6.2888454536266167e-02 1.5671189794331738e+01 64
1 1 0 0 2.7931342342358886e-02 2.1582318922112709e-02 1.0000000938825049e+00 7.6325186794182168e-02 -6.3017766897880467e-02 1.5670677338109371e+01 59
1 1 1 1 2.7923360315296544e-02 2.1577466239695697e-02 1.0000000941193534e+00 7.6314186794182171e-02 6.3049387688163178e-02 1.5670552568038804e+01 69
1 1 0 0 2.7873883470359833e-02 2.1547394089639193e-02 1.0000000955880379e+00 7.6246186794182172e-02 -6.3244964353328104e-02 1.5669785535847604e+01 61
1 1 1 1 2.7840283333898264e-02 2.1526978935417357e-02 1.0000000965858817e+00 7.6200186794182168e-02 6.3377372280071231e-02 1.5669270774309085e+01 62
1 1 0 0 2.7834429057390871e-02 2.1523422503994406e-02 1.0000000967597678e+00 7.6192186794182173e-02 -6.3400408954315882e-02 1.5669181584744319e+01 53
1 1 1 1 2.7829303943681074e-02 2.1520309173056484e-02 1.0000000969120015e+00 7.6185186794182180e-02 6.3420568340117153e-02 1.5669103624539714e+01 54
1 1 0 0 2.7810979975606057e-02 2.1509179047690643e-02 1.0000000974563250e+00 7.6160186794182183e-02 -6.3492583927681576e-02 1.5668825807048311e+01 54
1 1 1 1 2.7808045240080154e-02 2.1507396618479280e-02 1.0000000975435077e+00 7.6156186794182179e-02 6.3504109037754927e-02 1.5668781444601349e+01 74
1 1 1 1 2.7801439157345252e-02 2.1503384527970272e-02 1.0000000977397596e+00 7.6147186794182184e-02 6.3530043214381590e-02 1.5668681717826251e+01 68
1 1 0 0 2.7799236228621529e-02 2.1502046664303665e-02 1.0000000978052048e+00 7.6144186794182181e-02 -6.3538688769451540e-02 1.5668648502820213e+01 55
1 1 1 1 2.7786009188612005e-02 2.1494014226021700e-02 1.0000000981981672e+00 7.6126186794182177e-02 6.3590570913222663e-02 1.5668449497963600e+01 54
1 1 0 0 2.7750657622812216e-02 2.1472550248636851e-02 1.0000000992484703e+00 7.6078186794182170e-02 -6.3728999159630803e-02 1.5667921189857847e+01 58
1 1 1 1 2.7749182129201699e-02 2.1471654520056758e-02 1.0000000992923077e+00 7.6076186794182168e-02 6.3734769460308496e-02 1.5667899251304471e+01 53
1 1 0 0 2.7743278142943865e-02 2.1468070486832583e-02 1.0000000994677163e+00 7.6068186794182174e-02 -6.3757852671445320e-02 1.5667811556129349e+01 58
1 1 1 1 2.7722588821424209e-02 2.1455512255958726e-02 1.0000001000823837e+00 7.6040186794182174e-02 6.3838669571155846e-02 1.5667505363712182e+01 53
1 1 1 1 2.7719629979722996e-02 2.1453716428438428e-02 1.0000001001702861e+00 7.6036186794182170e-02 6.3850218148558263e-02 1.5667461715570274e+01 62
1 1 1 1 2.7714450065436540e-02 2.1450572649439441e-02 1.0000001003241705e+00 7.6029186794182177e-02 6.3870430175727716e-02 1.5667385387399362e+01 47
1 1 1 1 2.7711489004727530e-02 2.1448775586387345e-02 1.0000001004121359e+00 7.6025186794182173e-02 6.3881981064102797e-02 1.5667341803291613e+01 61
1 1 1 1 2.7690738962652717e-02 2.1436183546627539e-02 1.0000001010285293e+00 7.5997186794182173e-02 6.3962861201930371e-02 1.5667037363102995e+01 47
1 1 0 0 2.7678864005733144e-02 2.1428978181463304e-02 1.0000001013812470e+00 7.5981186794182171e-02 -6.4009097534083723e-02 1.5666863904109913e+01 52
1 1 0 0 2.7678121390892069e-02 2.1428527606397949e-02 1.0000001014033038e+00 7.5980186794182170e-02 -6.4011987773513010e-02 1.5666853075099429e+01 53
1 1 0 0 2.7670692458149578e-02 2.1424020303098274e-02 1.0000001016239457e+00 7.5970186794182173e-02 -6.4040893228386575e-02 1.5666744863543897e+01 55
1 1 0 0 2.7669949286364161e-02 2.1423569417444211e-02 1.0000001016460174e+00 7.5969186794182172e-02 -6.4043784081181165e-02 1.5666734050232613e+01 54
1 1 0 0 2.7669206063926054e-02 2.1423118503538160e-02 1.0000001016680906e+00 7.5968186794182171e-02 -6.4046674990077324e-02 1.5666723238345625e+01 54
1 1 0 0 2.7668462790830926e-02 2.1422667561376361e-02 1.0000001016901652e+00 7.5967186794182170e-02 -6.4049565955127730e-02 1.5666712427882459e+01 54
1 1 0 0 2.7663258460490607e-02 2.1419510174888454e-02 1.0000001018447247e+00 7.5960186794182177e-02 -6.4069804287664414e-02 1.5666636794466500e+01 65
1 1 1 1 2.7659539561191521e-02 2.1417254050573580e-02 1.0000001019551650e+00 7.5955186794182172e-02 6.4084261936705647e-02 1.5666582813206178e+01 52
1 1 1 1 2.7637199530084713e-02 2.1403702439673364e-02 1.0000001026185128e+00 7.5925186794182170e-02 6.4171037951376173e-02 1.5666259667755405e+01 53
1 1 0 0 2.7626758537548458e-02 2.1397369619509877e-02 1.0000001029284835e+00 7.5911186794182170e-02 -6.4211551383236629e-02 1.5666109299509989e+01 51
1 1 1 1 2.7591633655281812e-02 2.1376068656963780e-02 1.0000001039709530e+00 7.5864186794182165e-02 6.4347646844846049e-02 1.5665606486301231e+01 55
1 1 1 1 2.7583396668261685e-02 2.1371074227770601e-02 1.0000001042153392e+00 7.5853186794182167e-02 6.4379518573568328e-02 1.5665489246843936e+01 57
1 1 0 0 2.7552640661678163e-02 2.1352428121116675e-02 1.0000001051275442e+00 7.5812186794182168e-02 -6.4498380744377970e-02 1.5665053718112016e+01 53
1 1 0 0 2.7524058155755152e-02 2.1335103269042015e-02 1.0000001059747974e+00 7.5774186794182172e-02 -6.4608643439356059e-02 1.5664652084868518e+01 53
1 1 1 1 2.7523304982816642e-02 2.1334646790393427e-02 1.0000001059971162e+00 7.5773186794182171e-02 6.4611546389957059e-02 1.5664641541674710e+01 53
1 1 1 1 2.7521798482651932e-02 2.1333733746584330e-02 1.0000001060417574e+00 7.5771186794182169e-02 6.4617352493718527e-02 1.5664620459284098e+01 53
1 1 1 1 2.7515016685292350e-02 2.1329623621335152e-02 1.0000001062426991e+00 7.5762186794182174e-02 6.4643483314522215e-02 1.5664525654387667e+01 53
1 1 1 1 2.7505213393882882e-02 2.1323682644425888e-02 1.0000001065331108e+00 7.5749186794182174e-02 6.4681237590864402e-02 1.5664388903729581e+01 53
1 1 0 0 2.7467427175264139e-02 2.1300787129265288e-02 1.0000001076518226e+00 7.5699186794182180e-02 -6.4826556083591433e-02 1.5663865012524324e+01 53
1 1 1 1 2.7466670132932670e-02 2.1300328478810169e-02 1.0000001076742242e+00 7.5698186794182179e-02 6.4829464262977990e-02 1.5663854568017335e+01 52
1 1 1 1 2.7459096861827150e-02 2.1295740374094548e-02 1.0000001078983005e+00 7.5688186794182183e-02 6.4858550027559914e-02 1.5663750194310071e+01 55
1 1 1 1 2.7442417421438887e-02 2.1285636289498616e-02 1.0000001083916361e+00 7.5666186794182189e-02 6.4922564358518106e-02 1.5663521027161480e+01 52
1 1 0 0 2.7418871913962299e-02 2.1271374724925140e-02 1.0000001090876272e+00 7.5635186794182185e-02 -6.5012827286857131e-02 1.5663199164118396e+01 69
1 1 1 1 2.7376974400336231e-02 2.1246002582777850e-02 1.0000001103247531e+00 7.5580186794182186e-02 6.5173151823759698e-02 1.5662631114825759e+01 52
1 1 0 0 2.7346404082875239e-02 2.1227494099897826e-02 1.0000001112262313e+00 7.5540186794182188e-02 -6.5289901586807045e-02 1.5662220362174555e+01 52
1 1 0 0 2.7342576888398185e-02 2.1225177208953408e-02 1.0000001113390151e+00 7.5535186794182183e-02 -6.5304504431120999e-02 1.5662169157060598e+01 50
1 1 1 1 2.7175892845712847e-02 2.1124372798717598e-02 1.0000001162294869e+00 7.5319186794182189e-02 6.5937417166281764e-02 1.5659985709956182e+01 53
1 1 0 0 2.7168115620145383e-02 2.1119671734591731e-02 1.0000001164566412e+00 7.5309186794182192e-02 -6.5966822418325854e-02 1.5659885943343207e+01 54
1 1 1 1 2.7156439675633883e-02 2.1112614400553183e-02 1.0000001167974750e+00 7.5294186794182191e-02 6.6010948523260130e-02 1.5659736506171006e+01 56
1 1 1 1 2.7088478966615662e-02 2.1071545337041010e-02 1.0000001187764891e+00 7.5207186794182188e-02 6.6267322713019633e-02 1.5658874739327411e+01 50
1 1 1 1 2.7049234483162824e-02 2.1047836237516087e-02 1.0000001199152766e+00 7.5157186794182193e-02 6.6415018168747952e-02 1.5658383238330380e+01 54
1 1 1 1 2.7003538816636297e-02 2.1020235601922475e-02 1.0000001212372618e+00 7.5099186794182191e-02 6.6586683137555905e-02 1.5657816463182908e+01 55
1 1 1 1 2.6999590839189038e-02 2.1017851275231120e-02 1.0000001213512666e+00 7.5094186794182186e-02 6.6601499282806953e-02 1.5657767770247196e+01 68
1 1 0 0 2.6874915085856724e-02 2.0942577980613719e-02 1.0000001249328023e+00 7.4937186794182181e-02 -6.7068204106075710e-02 1.5656251942517086e+01 92
1 1 1 1 2.6837321711198851e-02 2.0919889291130353e-02 1.0000001260051015e+00 7.4890186794182176e-02 6.7208500989562645e-02 1.5655802984864097e+01 54
1 1 1 1 2.6778681836992273e-02 2.0884505830064414e-02 1.0000001276700057e+00 7.4817186794182172e-02 6.7426973149982111e-02 1.5655109927143034e+01 53
1 1 1 1 2.6777070954264820e-02 2.0883533943505256e-02 1.0000001277156041e+00 7.4815186794182170e-02 6.7432968597277945e-02 1.5655091011086906e+01 59
1 1 0 0 2.6763369123139629e-02 2.0875267544635766e-02 1.0000001281031492e+00 7.4798186794182167e-02 -6.7483951643013879e-02 1.5654930377484883e+01 80
1 1 1 1 2.6719734499162737e-02 2.0848945622081304e-02 1.0000001293335929e+00 7.4744186794182169e-02 6.7646159778830567e-02 1.5654421927419612e+01 52
1 1 1 1 2.6693796702407058e-02 2.0833301244989711e-02 1.0000001300622396e+00 7.4712186794182164e-02 6.7742475160050553e-02 1.5654121897228679e+01 52
1 1 0 0 2.6604174124047177e-02 2.0779252546256701e-02 1.0000001325639496e+00 7.4602186794182165e-02 -6.8074696766828466e-02 1.5653097580204916e+01 75
1 1 1 1 2.6573864696818668e-02 2.0760968803145183e-02 1.0000001334052862e+00 7.4565186794182170e-02 6.8186859508123629e-02 1.5652755415095795e+01 81
1 1 0 0 2.6570583071318574e-02 2.0758989332122654e-02 1.0000001334961850e+00 7.4561186794182166e-02 -6.8198997925481106e-02 1.5652718495101814e+01 62
1 1 1 1 2.6527833888308830e-02 2.0733205274864528e-02 1.0000001346767755e+00 7.4509186794182169e-02 6.8357027312695801e-02 1.5652239777080709e+01 82
1 1 0 0 2.6497316047104019e-02 2.0714800951152346e-02 1.0000001355154686e+00 7.4472186794182174e-02 -6.8469736151165875e-02 1.5651900537445657e+01 53
1 1 0 0 2.6488227014683639e-02 2.0709320033524162e-02 1.0000001357645762e+00 7.4461186794182177e-02 -6.8503287488736034e-02 1.5651799901703857e+01 57
1 1 1 1 2.6486573664981115e-02 2.0708323040385467e-02 1.0000001358098565e+00 7.4459186794182175e-02 6.8509389885237887e-02 1.5651781615019447e+01 54
1 1 0 0 2.6395258061953763e-02 2.0653267204177133e-02 1.0000001382940660e+00 7.4349186794182176e-02 -6.8846066860280802e-02 1.5650780841455175e+01 56
1 1 0 0 2.6374399078654423e-02 2.0640693293454582e-02 1.0000001388567896e+00 7.4324186794182179e-02 -6.8922878388634909e-02 1.5650554734527601e+01 64
1 1 1 1 2.6358519858385360e-02 2.0631121779424624e-02 1.0000001392839490e+00 7.4305186794182174e-02 6.8981330174090999e-02 1.5650383218226667e+01 53
1 1 1 1 2.6325014974779796e-02 2.0610927631964163e-02 1.0000001401817149e+00 7.4265186794182175e-02 6.9104601811118993e-02 1.5650023037341185e+01 54
1 1 0 0 2.6078986064334498e-02 2.0462701727343418e-02 1.0000001466157669e+00 7.3975186794182177e-02 -7.0007661574579827e-02 1.5647446569416385e+01 59
1 1 1 1 2.6065248209110041e-02 2.0454427985239117e-02 1.0000001469662236e+00 7.3959186794182175e-02 7.0057996025295777e-02 1.5647306105858565e+01 59
1 1 1 1 2.5977253047908998e-02 2.0401438900158254e-02 1.0000001491871164e+00 7.3857186794182170e-02 7.0380233659522048e-02 1.5646414517019412e+01 71
1 1 1 1 2.5939049049121456e-02 2.0378448680784061e-02 1.0000001501375866e+00 7.3813186794182167e-02 7.0519984357682822e-02 1.5646031914140242e+01 72
1 1 1 1 2.5923379601119432e-02 2.0369020271342412e-02 1.0000001505250153e+00 7.3795186794182163e-02 7.0577288844910921e-02 1.5645875732431424e+01 56
1 1 1 1 2.5857839028647130e-02 2.0329587541652608e-02 1.0000001521300876e+00 7.3720186794182158e-02 7.0816915709654066e-02 1.5645227030485612e+01 53
1 1 1 1 2.5813036899350730e-02 2.0302635273861371e-02 1.0000001532125884e+00 7.3669186794182162e-02 7.0980674782559788e-02 1.5644787752893210e+01 64
1 1 0 0 2.5774229044725205e-02 2.0279291016360858e-02 1.0000001541403281e+00 7.3625186794182160e-02 -7.1122503383164212e-02 1.5644409923543044e+01 53
1 1 0 0 2.5757426218053985e-02 2.0269184083212495e-02 1.0000001545391015e+00 7.3606186794182155e-02 -7.1183907454423059e-02 1.5644247092760397e+01 52
1 1 0 0 2.5684593665231376e-02 2.0225378817550002e-02 1.0000001562467391e+00 7.3524186794182156e-02 -7.1450052417409565e-02 1.5643546511697844e+01 52
1 1 1 1 2.5616625155564451e-02 2.0184504147225016e-02 1.0000001578088533e+00 7.3448186794182149e-02 7.1698431163893031e-02 1.5642900200615143e+01 57
1 1 1 1 2.5600460593992326e-02 2.0174783849263495e-02 1.0000001581757605e+00 7.3430186794182145e-02 7.1757506740252136e-02 1.5642747532782126e+01 72
1 1 1 1 2.5586070378774282e-02 2.0166130742257368e-02 1.0000001585008795e+00 7.3414186794182143e-02 7.1810100172809435e-02 1.5642611954872075e+01 72
1 1 1 1 2.5563544487732591e-02 2.0152585902802653e-02 1.0000001590069190e+00 7.3389186794182146e-02 7.1892433357891042e-02 1.5642400349638246e+01 52
1 1 0 0 2.5484757339271292e-02 2.0105214836697791e-02 1.0000001607485645e+00 7.3302186794182142e-02 -7.2180473480398299e-02 1.5641666122316751e+01 52
1 1 1 1 2.5437366143009787e-02 2.0076723356934445e-02 1.0000001617744476e+00 7.3250186794182146e-02 7.2353800846145414e-02 1.5641228800704360e+01 58
1 1 1 1 2.5429140641430932e-02 2.0071778397992089e-02 1.0000001619508061e+00 7.3241186794182150e-02 7.2383890984546922e-02 1.5641153221227269e+01 53
1 1 1 1 2.5377803097487463e-02 2.0040912802097646e-02 1.0000001630407465e+00 7.3185186794182150e-02 7.2571740544127017e-02 1.5640683648254768e+01 55
1 1 0 0 2.5326189739592834e-02 2.0009867080066586e-02 1.0000001641193810e+00 7.3129186794182149e-02 -7.2760695868040903e-02 1.5640215212464993e+01 56
1 1 0 0 2.5098923014858839e-02 1.9873188945371299e-02 1.0000001686124453e+00 7.2886186794182156e-02 -7.3594259843989901e-02 1.5638194326241669e+01 52
1 1 1 1 2.5007579804988390e-02 1.9818264920449566e-02 1.0000001702938617e+00 7.2790186794182157e-02 7.3930205071618335e-02 1.5637400318146357e+01 58
1 1 0 0 2.4930745185490905e-02 1.9772068575110435e-02 1.0000001716497644e+00 7.2710186794182161e-02 -7.4213299002753932e-02 1.5636740090339478e+01 53
1 1 1 1 2.4904662238873287e-02 1.9756387093131409e-02 1.0000001720975822e+00 7.2683186794182161e-02 7.4309516780840482e-02 1.5636517513354516e+01 59
1 1 0 0 2.4868792188494995e-02 1.9734822024134659e-02 1.0000001727029186e+00 7.2646186794182166e-02 -7.4441940911271876e-02 1.5636212677171612e+01 54
1 1 1 1 2.4821039084122296e-02 1.9706125826109193e-02 1.0000001734892943e+00 7.2597186794182172e-02 7.4618354338028894e-02 1.5635809249267625e+01 76
1 1 1 1 2.4675125061552602e-02 1.9618465715983305e-02 1.0000001757520465e+00 7.2449186794182177e-02 7.5158798678215941e-02 1.5634592024293834e+01 57
1 1 0 0 2.4664177593558993e-02 1.9611889163953105e-02 1.0000001759131087e+00 7.2438186794182180e-02 -7.5199445714804219e-02 1.5634501598778062e+01 52
1 1 1 1 2.4654212679122760e-02 1.9605902903421360e-02 1.0000001760586372e+00 7.2428186794182184e-02 7.5236457406056736e-02 1.5634419395629237e+01 57
1 1 0 0 2.0318743017687716e-02 1.7115468917820089e-02 1.0000000301651932e+00 7.2406186794182190e-02 -1.0953618898944360e-01 1.5625972643961280e+01 51
1 1 1 1 2.0130924355610876e-02 1.6965341362525789e-02 1.0000000432147473e+00 7.1543186794182187e-02 1.0531072479426959e-01 1.5622565144993366e+01 55
1 1 1 1 2.0112238876980441e-02 1.6938740395732173e-02 1.0000000516496172e+00 7.1166186794182185e-02 1.0330027399669456e-01 1.5621487789620684e+01 54
1 1 1 1 2.0123240719583099e-02 1.6937733694520632e-02 1.0000000569649061e+00 7.0974186794182187e-02 1.0219339407989503e-01 1.5621041492586931e+01 54
1 0 1 1 2.0211678546607059e-02 1.6974591975979888e-02 1.0000000715125350e+00 7.0577186794182192e-02 9.9577089157646348e-02 1.5620396295682852e+01 51
1 0 0 0 2.0367338743500971e-02 1.7056053143996126e-02 1.0000000868019430e+00 7.0302186794182195e-02 -9.7224663397622396e-02 1.5620301693685652e+01 54
1 1 0 0 2.0334099762144245e-02 1.7038046287951455e-02 1.0000000839229952e+00 7.0345186794182196e-02 -9.7646715683780180e-02 1.5620285135607798e+01 58
1 1 1 1 2.0312737299751624e-02 1.7026601720654257e-02 1.0000000819894681e+00 7.0376186794182199e-02 9.7934863346702553e-02 1.5620282225950845e+01 72
