isScalarized | massIncreased | isMonotoneInside | isMonotoneOutside | mass_Baryon | mass_ADM | AST(radius) | radius  |  phi_c | rho_c | ctr |
1 0 1 1 3.2088032810552752e-02 2.4354719016349835e-02 1.0000000000000024e+00 8.5839799999999786e-02 4.9510866847227468e-03 1.7506856375005118e+01 37
1 1 0 0 3.2088294345779388e-02 2.4354825335082472e-02 1.0000000000000024e+00 8.5839424999999789e-02 4.9525415171075508e-03 1.7507151856401197e+01 43
1 1 0 0 3.2088555861132871e-02 2.4354931640972004e-02 1.0000000000000024e+00 8.5839049999999792e-02 4.9539964898354010e-03 1.7507447335015659e+01 43
1 1 0 0 3.2088817356615167e-02 2.4355037934021780e-02 1.0000000000000024e+00 8.5838674999999795e-02 4.9554516029291420e-03 1.7507742810848267e+01 42
1 1 0 0 3.2089078832227030e-02 2.4355144214231173e-02 1.0000000000000024e+00 8.5838299999999798e-02 4.9569068564154556e-03 1.7508038283899552e+01 42
1 1 1 1 3.2133074850891050e-02 2.4372958595938989e-02 1.0000000000000029e+00 8.5774792081792839e-02 5.2054042435750224e-03 1.7558037815991032e+01 37
1 1 1 1 3.2176574039990989e-02 2.4390435949717914e-02 1.0000000000000036e+00 8.5711181834384198e-02 5.4584408517219987e-03 1.7608037918372823e+01 37
1 1 1 1 3.2219576930359171e-02 2.4407577789326063e-02 1.0000000000000044e+00 8.5647469655681763e-02 5.7161175314575730e-03 1.7658038073857767e+01 37
1 1 1 1 3.2262084320638387e-02 2.4424385726806504e-02 1.0000000000000056e+00 8.5583655553631344e-02 5.9785193017390225e-03 1.7708038255423688e+01 37
1 1 1 1 3.2304096857801813e-02 2.4440861304771251e-02 1.0000000000000069e+00 8.5519739767478342e-02 6.2457158500786123e-03 1.7758038409364904e+01 37
1 1 1 1 3.2345557481081776e-02 2.4457006038578945e-02 1.0000000000000082e+00 8.5455722629945052e-02 6.5177644832670866e-03 1.7808038540131200e+01 37
1 1 1 1 3.2386483317703510e-02 2.4472821407586231e-02 1.0000000000000100e+00 8.5391604617506944e-02 6.7947118752552113e-03 1.7858038651467108e+01 37
1 1 1 1 3.2426915065212614e-02 2.4488308864697373e-02 1.0000000000000122e+00 8.5327386329553501e-02 7.0765957526964353e-03 1.7908038746537201e+01 37
1 1 1 1 3.2466853177118254e-02 2.4503469844135917e-02 1.0000000000000147e+00 8.5263068470970260e-02 7.3634462847803660e-03 1.7958038828011926e+01 37
1 1 1 1 3.2506298082701411e-02 2.4518305767755353e-02 1.0000000000000178e+00 8.5198651837581296e-02 7.6552872319070511e-03 1.8008038898121544e+01 37
1 1 1 1 3.2545250198495808e-02 2.4532818050177044e-02 1.0000000000000213e+00 8.5134137303926605e-02 7.9521368975802188e-03 1.8058038958734599e+01 37
1 1 1 1 3.2583711333814235e-02 2.4546997967207617e-02 1.0000000000000253e+00 8.5069525813050495e-02 8.2540193177535297e-03 1.8108040719559515e+01 37
1 1 1 1 3.2621682926304046e-02 2.4560809142778375e-02 1.0000000000000304e+00 8.5004824991337158e-02 8.5609508325787398e-03 1.8158045182882056e+01 37
1 1 1 1 3.2659149279764883e-02 2.4574295655941228e-02 1.0000000000000362e+00 8.4940053048261965e-02 8.8728064584590316e-03 1.8208031365459121e+01 37
1 1 1 1 3.2696140666747364e-02 2.4587469666056717e-02 1.0000000000000429e+00 8.4875159420963520e-02 9.1898385635969457e-03 1.8258039129971557e+01 37
1 1 1 1 3.2732635661958658e-02 2.4600324760989046e-02 1.0000000000000508e+00 8.4810183253050619e-02 9.5118639633953277e-03 1.8308039161831054e+01 37
1 1 1 1 3.2768640507827546e-02 2.4612864452505333e-02 1.0000000000000600e+00 8.4745115700597229e-02 9.8389295547724777e-03 1.8358039190350027e+01 37
1 1 1 1 3.2804155718361344e-02 2.4625090201074062e-02 1.0000000000000706e+00 8.4679957975399955e-02 1.0171031625906818e-02 1.8408039216027550e+01 37
1 1 1 1 3.2839154636208928e-02 2.4637003477323290e-02 1.0000000000000830e+00 8.4614711319722813e-02 1.0508164701061513e-02 1.8458039239273667e+01 37
1 1 1 1 3.2873604239586851e-02 2.4648605762692809e-02 1.0000000000000975e+00 8.4549377003579063e-02 1.0850321743516260e-02 1.8508039260429737e+01 37
1 1 1 1 3.2907565399419671e-02 2.4659898549916216e-02 1.0000000000001144e+00 8.4483956322388809e-02 1.1197494329871148e-02 1.8558039279777837e+01 37
1 1 1 1 3.2941038779779712e-02 2.4670883343376280e-02 1.0000000000001337e+00 8.4418450594933969e-02 1.1549672800532254e-02 1.8608039297562826e+01 37
1 1 1 1 3.2974025079130505e-02 2.4681561659332434e-02 1.0000000000001559e+00 8.4352861161609005e-02 1.1906846389790022e-02 1.8658039313969720e+01 37
1 1 1 1 3.3006525031098272e-02 2.4691935026070692e-02 1.0000000000001816e+00 8.4287189382801775e-02 1.2269003339458580e-02 1.8708039329174266e+01 37
1 1 1 1 3.3038539405005327e-02 2.4702004983960312e-02 1.0000000000002112e+00 8.4221436637554936e-02 1.2636130997505974e-02 1.8758039343302858e+01 37
1 1 1 1 3.3070069006308288e-02 2.4711773085452533e-02 1.0000000000002451e+00 8.4155604322272759e-02 1.3008215905162776e-02 1.8808039356489111e+01 37
1 1 1 1 3.3101119616218637e-02 2.4721193793904247e-02 1.0000000000002842e+00 8.4089693849684288e-02 1.3385299926622888e-02 1.8858046754153872e+01 37
1 1 1 1 3.3131673936073851e-02 2.4730308500278336e-02 1.0000000000003286e+00 8.4023735855582204e-02 1.3767147402767008e-02 1.8908032533015049e+01 37
1 1 1 1 3.3161758674621802e-02 2.4739129668250259e-02 1.0000000000003797e+00 8.3957675443005308e-02 1.4154065219840825e-02 1.8958038909285996e+01 37
1 1 1 1 3.3191358636434624e-02 2.4747654108289583e-02 1.0000000000004379e+00 8.3891549019622369e-02 1.4545834613785140e-02 1.9008039397998701e+01 37
1 1 1 1 3.3220478102930086e-02 2.4755884423848903e-02 1.0000000000005043e+00 8.3825350912693442e-02 1.4942480514846677e-02 1.9058039407647922e+01 37
1 1 1 1 3.3249118383758103e-02 2.4763822333774051e-02 1.0000000000005798e+00 8.3759081967707927e-02 1.5343989676874470e-02 1.9108039416763095e+01 37
1 1 1 1 3.3277280539160854e-02 2.4771469484667789e-02 1.0000000000006657e+00 8.3692743674057879e-02 1.5750344704655281e-02 1.9158039425373563e+01 37
1 1 1 1 3.3304965665302638e-02 2.4778827533623284e-02 1.0000000000007632e+00 8.3626337531944817e-02 1.6161527813853740e-02 1.9208039433519769e+01 37
1 1 1 1 3.3332103329449768e-02 2.4785898147930245e-02 1.0000000000008737e+00 8.3559865051841431e-02 1.6577520861570445e-02 1.9258039441234729e+01 37
1 1 1 1 3.3358761259439353e-02 2.4792683004779985e-02 1.0000000000009992e+00 8.3493327753961566e-02 1.6998305373984241e-02 1.9308039448529694e+01 37
1 1 1 1 3.3384945424373653e-02 2.4799183790960938e-02 1.0000000000011411e+00 8.3426727167695780e-02 1.7423862571949490e-02 1.9358039455445368e+01 37
1 1 1 1 3.3410657081922659e-02 2.4805402202542653e-02 1.0000000000013014e+00 8.3360064831207226e-02 1.7854173393323278e-02 1.9408039461986849e+01 37
1 1 1 1 3.3435897523752180e-02 2.4811339944563037e-02 1.0000000000014821e+00 8.3293342290899575e-02 1.8289218514279202e-02 1.9458039468179845e+01 37
1 1 1 1 3.3460668075071226e-02 2.4816998730696288e-02 1.0000000000016862e+00 8.3226561101019947e-02 1.8728978368072146e-02 1.9508039474039268e+01 37
1 1 1 1 3.3484970094192115e-02 2.4822380282934271e-02 1.0000000000019160e+00 8.3159722823225202e-02 1.9173433162519373e-02 1.9558039479576561e+01 37
1 1 1 1 3.3508804972063773e-02 2.4827486331253736e-02 1.0000000000021745e+00 8.3092829026167436e-02 1.9622562896000961e-02 1.9608039484801775e+01 37
1 1 1 1 3.3532174844617575e-02 2.4832309184737517e-02 1.0000000000024651e+00 8.3025881285093195e-02 2.0076359975778633e-02 1.9658040871383960e+01 37
1 1 1 1 3.3555081028950953e-02 2.4836826166152855e-02 1.0000000000027915e+00 8.2958886732006409e-02 2.0534798694094747e-02 1.9708043019282869e+01 37
1 1 1 1 3.3577519700481770e-02 2.4841071973201023e-02 1.0000000000031575e+00 8.2891855571487594e-02 2.0997753427096331e-02 1.9758034615487151e+01 37
1 1 1 1 3.3599503038557382e-02 2.4845050378284415e-02 1.0000000000035678e+00 8.2824757423263257e-02 2.1465424629426355e-02 1.9808039500675569e+01 37
1 1 1 1 3.3621024485348705e-02 2.4848761643986375e-02 1.0000000000040268e+00 8.2757618252212228e-02 2.1937622671140921e-02 1.9858039504519894e+01 37
1 1 1 1 3.3642087785435863e-02 2.4852207953493022e-02 1.0000000000045404e+00 8.2690433111646644e-02 2.2414371992609702e-02 1.9908039508109557e+01 37
1 1 1 1 3.3662694544203807e-02 2.4855391094113253e-02 1.0000000000051139e+00 8.2623203606591450e-02 2.2895651480520550e-02 1.9958039511448483e+01 37
1 1 1 1 3.3682846395649953e-02 2.4858312858371156e-02 1.0000000000057543e+00 8.2555931346233125e-02 2.3381439903132562e-02 2.0008039514546120e+01 37
1 1 1 1 3.3702545001849958e-02 2.4860975043689171e-02 1.0000000000064684e+00 8.2488617943617337e-02 2.3871715918197305e-02 2.0058039517400605e+01 37
1 1 1 1 3.3721792052445694e-02 2.4863379452073179e-02 1.0000000000072637e+00 8.2421265015305889e-02 2.4366458080843308e-02 2.0108039520031355e+01 37
1 1 1 1 3.3740552688110471e-02 2.4865527889790899e-02 1.0000000000081493e+00 8.2353874181131770e-02 2.4865644850118634e-02 2.0158039522423039e+01 37
1 1 1 1 3.3758838319889094e-02 2.4867422167072332e-02 1.0000000000091340e+00 8.2286447063810941e-02 2.5369254596393543e-02 2.0208039524600345e+01 37
1 1 1 1 3.3776677628726978e-02 2.4869064097799039e-02 1.0000000000102283e+00 8.2218985288741775e-02 2.5877265606933972e-02 2.0258039526558264e+01 37
1 1 1 1 3.3794072425682595e-02 2.4870455499198623e-02 1.0000000000114431e+00 8.2151490483663103e-02 2.6389656092126446e-02 2.0308039528294355e+01 36
1 1 1 1 3.3811024546519970e-02 2.4871598191554264e-02 1.0000000000127907e+00 8.2083964278356014e-02 2.6906404191258348e-02 2.0358039529828766e+01 36
1 1 1 1 3.3827535851153070e-02 2.4872493997906253e-02 1.0000000000142841e+00 8.2016408304429800e-02 2.7427487977247408e-02 2.0408039531151854e+01 36
1 1 1 1 3.3843608223130532e-02 2.4873144743759203e-02 1.0000000000159381e+00 8.1948824194983755e-02 2.7952885462117282e-02 2.0458039532271954e+01 36
1 1 1 1 3.3859243569108022e-02 2.4873552256807058e-02 1.0000000000177685e+00 8.1881213584368673e-02 2.8482574601503215e-02 2.0508039533194037e+01 36
1 1 1 1 3.3874443818313581e-02 2.4873718366641168e-02 1.0000000000197919e+00 8.1813578107921670e-02 2.9016533299127002e-02 2.0558039533918851e+01 36
1 0 1 1 3.3889210922033557e-02 2.4873644904480099e-02 1.0000000000220277e+00 8.1745919401694900e-02 2.9554739411158260e-02 2.0608039534452367e+01 36
1 0 1 1 3.3903546853083229e-02 2.4873333702892908e-02 1.0000000000244957e+00 8.1678239102211780e-02 3.0097170750170724e-02 2.0658039534796220e+01 36
1 0 1 1 3.3917454863417788e-02 2.4872758547436868e-02 1.0000000000272198e+00 8.1610538846206643e-02 3.0643847447005136e-02 2.0708043394604381e+01 36
1 0 1 1 3.3930932850893311e-02 2.4871943030915528e-02 1.0000000000302223e+00 8.1542835947962522e-02 3.1194587421111281e-02 2.0758036573849630e+01 36
1 0 1 1 3.3943988098064079e-02 2.4870895245432241e-02 1.0000000000335301e+00 8.1475104333713133e-02 3.1749583611464773e-02 2.0808038630850149e+01 36
1 0 1 1 3.3956619940721099e-02 2.4869617190478043e-02 1.0000000000371712e+00 8.1407359224025311e-02 3.2308703298398099e-02 2.0858039532878088e+01 36
1 0 1 1 3.3968830541522978e-02 2.4868110716782049e-02 1.0000000000411757e+00 8.1339601911466941e-02 3.2871926697913015e-02 2.0908039532343999e+01 36
1 0 1 1 3.3980622223456408e-02 2.4866377645940279e-02 1.0000000000455773e+00 8.1271832806160516e-02 3.3439241490008181e-02 2.0958039531632643e+01 36
1 0 1 1 3.3991997095714280e-02 2.4864419819974812e-02 1.0000000000504119e+00 8.1204053539513932e-02 3.4010625281570707e-02 2.1008039530752889e+01 36
1 0 1 1 3.4002957284986729e-02 2.4862239080105888e-02 1.0000000000557181e+00 8.1136265741526048e-02 3.4586055662516421e-02 2.1058039529714527e+01 36
1 0 1 1 3.4013504934964606e-02 2.4859837266523303e-02 1.0000000000615381e+00 8.1068471040586010e-02 3.5165510208267949e-02 2.1108039528506001e+01 36
1 0 1 1 3.4023642205865817e-02 2.4857216218157004e-02 1.0000000000679174e+00 8.1000671063197638e-02 3.5748966482927004e-02 2.1158039527141401e+01 35
1 0 1 1 3.4033371273947649e-02 2.4854377772456117e-02 1.0000000000749052e+00 8.0932867433821720e-02 3.6336402041348581e-02 2.1208039525620777e+01 35
1 0 1 1 3.4042694331035989e-02 2.4851323765174484e-02 1.0000000000825537e+00 8.0865061774645308e-02 3.6927794431767205e-02 2.1258039523946142e+01 35
1 0 1 1 3.4051588670468209e-02 2.4848056030154785e-02 1.0000000000909208e+00 8.0797255705378324e-02 3.7523121198091959e-02 2.1308039522116434e+01 35
1 0 1 1 3.4060057496080584e-02 2.4844576399121139e-02 1.0000000001000677e+00 8.0729450843037787e-02 3.8122359882355766e-02 2.1358039520142501e+01 35
1 0 1 1 3.4068127175741529e-02 2.4840886701475804e-02 1.0000000001100604e+00 8.0661648801783309e-02 3.8725488026577493e-02 2.1408039518019240e+01 35
1 0 1 1 3.4075799969738529e-02 2.4836988764096665e-02 1.0000000001209706e+00 8.0593851192686250e-02 3.9332483175231060e-02 2.1458039515754820e+01 35
1 0 1 1 3.4083078151399791e-02 2.4832884411146037e-02 1.0000000001328750e+00 8.0526059623567625e-02 3.9943322876988180e-02 2.1508039513344990e+01 35
1 0 1 1 3.4089964006654497e-02 2.4828575463878632e-02 1.0000000001458562e+00 8.0458275698778919e-02 4.0557984687062919e-02 2.1558039510802864e+01 35
1 0 1 1 3.4096459833575433e-02 2.4824063740451079e-02 1.0000000001600027e+00 8.0390501019064503e-02 4.1176446168649163e-02 2.1608039508119251e+01 35
1 0 1 1 3.4102567941951573e-02 2.4819351055740613e-02 1.0000000001754099e+00 8.0322737181327708e-02 4.1798684895287916e-02 2.1658039505303950e+01 35
1 0 1 1 3.4108290652851571e-02 2.4814439221172210e-02 1.0000000001921803e+00 8.0254985778492299e-02 4.2424678452329022e-02 2.1708039502357710e+01 35
1 0 1 1 3.4113630298189805e-02 2.4809330044532150e-02 1.0000000002104232e+00 8.0187248399314764e-02 4.3054404438812852e-02 2.1758039499283164e+01 35
1 0 1 1 3.4118589220311579e-02 2.4804025329812202e-02 1.0000000002302569e+00 8.0119526628217752e-02 4.3687840469145464e-02 2.1808039496082674e+01 35
1 0 1 1 3.4123169771560886e-02 2.4798526877029006e-02 1.0000000002518075e+00 8.0051822045123344e-02 4.4324964174682548e-02 2.1858039492753395e+01 35
1 0 1 1 3.4127374313880354e-02 2.4792836482070427e-02 1.0000000002752096e+00 7.9984136225269203e-02 4.4965753205630385e-02 2.1908039489310720e+01 35
1 0 1 1 3.4131205218388333e-02 2.4786955936532590e-02 1.0000000003006086e+00 7.9916470739102186e-02 4.5610185232022489e-02 2.1958039485742940e+01 35
1 0 1 1 3.4134664915763169e-02 2.4780883683220477e-02 1.0000000003281613e+00 7.9848827152057933e-02 4.6258243627366150e-02 2.2008039919196456e+01 35
1 0 1 1 3.4137755967510772e-02 2.4774603334225109e-02 1.0000000003580467e+00 7.9781208798514691e-02 4.6909920404469035e-02 2.2058041876507165e+01 35
1 0 1 1 3.4140480146143910e-02 2.4768139299794829e-02 1.0000000003904246e+00 7.9713625188933546e-02 4.7565078764385427e-02 2.2108036616229708e+01 34
1 0 1 1 3.4142840681120376e-02 2.4761491369787832e-02 1.0000000004254943e+00 7.9646057147840843e-02 4.8223897476193614e-02 2.2158039469532554e+01 34
1 0 1 1 3.4144839408209421e-02 2.4754662745857026e-02 1.0000000004634511e+00 7.9578521047516643e-02 4.8886210343271223e-02 2.2208039465420132e+01 34
1 0 1 1 3.4146478890574046e-02 2.4747654819899198e-02 1.0000000005045129e+00 7.9511014563607069e-02 4.9552032732675867e-02 2.2258039461199274e+01 34
1 0 1 1 3.4147761552568316e-02 2.4740469353070612e-02 1.0000000005489103e+00 7.9443539227722293e-02 5.0221342496070208e-02 2.2308039456879211e+01 34
1 0 1 1 3.4148689824625877e-02 2.4733108100983590e-02 1.0000000005968885e+00 7.9376096565525467e-02 5.0894117516070779e-02 2.2358039452450956e+01 34
1 0 1 1 3.4149266142903797e-02 2.4725572813581630e-02 1.0000000006487102e+00 7.9308688096553198e-02 5.1570335708022587e-02 2.2408039447928680e+01 34
1 0 1 1 3.4149492948915165e-02 2.4717865235018614e-02 1.0000000007046541e+00 7.9241315334142637e-02 5.2249975020620662e-02 2.2458039443307385e+01 34
1 0 1 1 3.4149372689172924e-02 2.4709987103535013e-02 1.0000000007650172e+00 7.9173979785269077e-02 5.2933013437408687e-02 2.2508039438588153e+01 34
1 0 1 1 3.4148907814843706e-02 2.4701940151350250e-02 1.0000000008301160e+00 7.9106682950427609e-02 5.3619428977933023e-02 2.2558039433779452e+01 34
1 0 1 1 3.4148100781397128e-02 2.4693726104547356e-02 1.0000000009002863e+00 7.9039426323538053e-02 5.4309199698567324e-02 2.2608039428876900e+01 34
1 0 1 1 3.4146954048262401e-02 2.4685346682959821e-02 1.0000000009758863e+00 7.8972211391799663e-02 5.5002303693891676e-02 2.2658039423885313e+01 34
1 0 1 1 3.4145470078497712e-02 2.4676803600072354e-02 1.0000000010572958e+00 7.8905039635594865e-02 5.5698719097597819e-02 2.2708039418808134e+01 34
1 0 1 1 3.4143651338453256e-02 2.4668098562918853e-02 1.0000000011449186e+00 7.8837912528381876e-02 5.6398424083433742e-02 2.2758039413641427e+01 34
1 0 1 1 3.4141500297442888e-02 2.4659233271971920e-02 1.0000000012391832e+00 7.8770831536564334e-02 5.7101396866508454e-02 2.2808039408396105e+01 34
1 0 1 1 3.4139019427426760e-02 2.4650209421063041e-02 1.0000000013405446e+00 7.8703798119425350e-02 5.7807615703830639e-02 2.2858039403066158e+01 34
1 0 1 1 3.4136194935676732e-02 2.4641028697275136e-02 1.0000000014494854e+00 7.8636813728988841e-02 5.8517058895651446e-02 2.2908039397656712e+01 34
1 0 1 1 3.4133030006227895e-02 2.4631692780856935e-02 1.0000000015665174e+00 7.8569879809940429e-02 5.9229704786184022e-02 2.2958039392168878e+01 34
1 0 1 1 3.4129542995384635e-02 2.4622203345136307e-02 1.0000000016921826e+00 7.8502997799524576e-02 5.9945531764590131e-02 2.3008039386605205e+01 34
1 0 1 1 3.4125736387073870e-02 2.4612562056433522e-02 1.0000000018270558e+00 7.8436169127454547e-02 6.0664518265882025e-02 2.3058039380970737e+01 34
1 0 1 1 3.4121612666150797e-02 2.4602770573979544e-02 1.0000000019717450e+00 7.8369395215834303e-02 6.1386642771531524e-02 2.3108039375255004e+01 34
1 0 1 1 3.4117174318108207e-02 2.4592830549832037e-02 1.0000000021268940e+00 7.8302677479021809e-02 6.2111883810969590e-02 2.3158039369477400e+01 33
1 0 1 1 3.4112423828790150e-02 2.4582743628808357e-02 1.0000000022931841e+00 7.8236017323619178e-02 6.2840219961539226e-02 2.3208039363626643e+01 33
1 0 1 1 3.4107363684101333e-02 2.4572511448402529e-02 1.0000000024713354e+00 7.8169416148326037e-02 6.3571629849961162e-02 2.3258039357706146e+01 33
1 0 1 1 3.4101996369729791e-02 2.4562135638712356e-02 1.0000000026621094e+00 7.8102875343878359e-02 6.4306092152986785e-02 2.3308039351724830e+01 33
1 0 1 1 3.4096324370872788e-02 2.4551617822379319e-02 1.0000000028663107e+00 7.8036396292994303e-02 6.5043585597863898e-02 2.3358039345675977e+01 33
1 0 1 1 3.4090350171962866e-02 2.4540959614512810e-02 1.0000000030847886e+00 7.7969980370262426e-02 6.5784088963468740e-02 2.3408039339563377e+01 33
1 0 1 1 3.4084076256402383e-02 2.4530162622628221e-02 1.0000000033184402e+00 7.7903628942084302e-02 6.6527581080961282e-02 2.3458039333395721e+01 33
1 0 1 1 3.4077505106302995e-02 2.4519228446590716e-02 1.0000000035682117e+00 7.7837343366627676e-02 6.7274040834131618e-02 2.3508039327161526e+01 33
1 0 1 1 3.4070639202221843e-02 2.4508158678544733e-02 1.0000000038351016e+00 7.7771124993704699e-02 6.8023447160761474e-02 2.3558039320873586e+01 33
1 0 1 1 3.4063481022912873e-02 2.4496954902865249e-02 1.0000000041201624e+00 7.7704975164758994e-02 6.8775779052713981e-02 2.3608039314529037e+01 33
1 0 1 1 3.4056033045075082e-02 2.4485618696099616e-02 1.0000000044245037e+00 7.7638895212775116e-02 6.9531015556872439e-02 2.3658039308127371e+01 33
1 0 1 1 3.4048297743108191e-02 2.4474151626915373e-02 1.0000000047492936e+00 7.7572886462214830e-02 7.0289135775894032e-02 2.3708039301677005e+01 33
1 0 1 1 3.4040277588870009e-02 2.4462555256049807e-02 1.0000000050957634e+00 7.7506950228985294e-02 7.1050118868429796e-02 2.3758039295167720e+01 33
1 0 1 1 3.4031975051438575e-02 2.4450831136255926e-02 1.0000000054652081e+00 7.7441087820333210e-02 7.1813944050456491e-02 2.3808039288617408e+01 33
1 0 1 1 3.4023392596885638e-02 2.4438980812270663e-02 1.0000000058589911e+00 7.7375300534861302e-02 7.2580590594922764e-02 2.3858039282008544e+01 33
1 0 1 1 3.4014532688036468e-02 2.4427005820750386e-02 1.0000000062785457e+00 7.7309589662391931e-02 7.3350037833395096e-02 2.3908039275357435e+01 33
1 0 1 1 3.4005397784256826e-02 2.4414907690246013e-02 1.0000000067253796e+00 7.7243956483987963e-02 7.4122265155821376e-02 2.3958039268660585e+01 33
1 0 1 1 3.3995990341225059e-02 2.4402687941153550e-02 1.0000000072010766e+00 7.7178402271872726e-02 7.4897252011426094e-02 2.4008039261916299e+01 33
1 0 1 1 3.3986312774509253e-02 2.4390346199929417e-02 1.0000000077073323e+00 7.7112928289379157e-02 7.5674981669442531e-02 2.4058039496438465e+01 33
1 0 1 1 3.3976367481040923e-02 2.4377874498225694e-02 1.0000000082460634e+00 7.7047536738693218e-02 7.6455441757307591e-02 2.4108040485042395e+01 33
1 0 1 1 3.3966157752025813e-02 2.4365286833345386e-02 1.0000000088188887e+00 7.6982232769556791e-02 7.7238541515046041e-02 2.4158037733628266e+01 33
1 0 1 1 3.3955684390210863e-02 2.4352582679249085e-02 1.0000000094278276e+00 7.6917007180500790e-02 7.8024385856187956e-02 2.4208039234399418e+01 33
1 0 1 1 3.3944951014562075e-02 2.4339764969409802e-02 1.0000000100748347e+00 7.6851868719302718e-02 7.8812864229753615e-02 2.4258039227462678e+01 33
1 0 1 1 3.3933959742410563e-02 2.4326834793593030e-02 1.0000000107620473e+00 7.6786816636144034e-02 7.9603980106498939e-02 2.4308039220484705e+01 33
1 0 1 1 3.3922712997816573e-02 2.4313793614447039e-02 1.0000000114916865e+00 7.6721852140073987e-02 8.0397713365326418e-02 2.4358039213474143e+01 33
1 0 1 1 3.3911213199531436e-02 2.4300642886150896e-02 1.0000000122660806e+00 7.6656976431020679e-02 8.1194043948279004e-02 2.4408039206428548e+01 32
1 0 1 1 3.3899462760812002e-02 2.4287384054393270e-02 1.0000000130876667e+00 7.6592190699740936e-02 8.1992951861175986e-02 2.4458039199345695e+01 32
1 0 1 1 3.3887464089230303e-02 2.4274018556339757e-02 1.0000000139589975e+00 7.6527496127782646e-02 8.2794417174223048e-02 2.4508039192234484e+01 32
1 0 1 1 3.3875219586507729e-02 2.4260547820631567e-02 1.0000000148827437e+00 7.6462893887487282e-02 8.3598420022028594e-02 2.4558039185088383e+01 32
1 0 1 1 3.3862731648328030e-02 2.4246973267348461e-02 1.0000000158616995e+00 7.6398385141929870e-02 8.4404940604505596e-02 2.4608039177916218e+01 32
1 0 1 1 3.3850002664175524e-02 2.4233296308010351e-02 1.0000000168987873e+00 7.6333971044930282e-02 8.5213959186753258e-02 2.4658039170708616e+01 32
1 0 1 1 3.3837035017154973e-02 2.4219518345541712e-02 1.0000000179970616e+00 7.6269652740986016e-02 8.6025456100108519e-02 2.4708039163479224e+01 32
1 0 1 1 3.3823831083843223e-02 2.4205640774281494e-02 1.0000000191597147e+00 7.6205431365305776e-02 8.6839411741796574e-02 2.4758039156218398e+01 32
1 0 1 1 3.3810393234112709e-02 2.4191664979951091e-02 1.0000000203900816e+00 7.6141308043740974e-02 8.7655806575950762e-02 2.4808039148933300e+01 32
1 0 1 1 3.3796723830983352e-02 2.4177592339655083e-02 1.0000000216916443e+00 7.6077283892799885e-02 8.8474621133579026e-02 2.4858039141622978e+01 32
1 0 1 1 3.3782825230462755e-02 2.4163424221864981e-02 1.0000000230680375e+00 7.6013360019618642e-02 8.9295836013080318e-02 2.4908039134288305e+01 32
1 0 1 1 3.3768699781401991e-02 2.4149161986420645e-02 1.0000000245230549e+00 7.5949537521948551e-02 9.0119431880591780e-02 2.4958039126931510e+01 32
1 0 1 1 3.3754349825339827e-02 2.4134806984511877e-02 1.0000000260606532e+00 7.5885817488147822e-02 9.0945389470217700e-02 2.5008039119550087e+01 32
1 0 1 1 3.3739777696364028e-02 2.4120360558681008e-02 1.0000000276849579e+00 7.5822200997156280e-02 9.1773689584615750e-02 2.5058039112151974e+01 32
1 0 1 1 3.3724985720970747e-02 2.4105824042820113e-02 1.0000000294002698e+00 7.5758689118513134e-02 9.2604313094861918e-02 2.5108039104728110e+01 32
1 0 1 1 3.3709976217920420e-02 2.4091198762158775e-02 1.0000000312110708e+00 7.5695282912306872e-02 9.3437240941366767e-02 2.5158039097289226e+01 32
1 0 1 1 3.3694751498112935e-02 2.4076486033275328e-02 1.0000000331220287e+00 7.5631983429211097e-02 9.4272454133603759e-02 2.5208039089831018e+01 32
1 0 1 1 3.3679313864448286e-02 2.4061687164086232e-02 1.0000000351380045e+00 7.5568791710451721e-02 9.5109933750754730e-02 2.5258039082355683e+01 32
1 0 1 1 3.3663665611702032e-02 2.4046803453852163e-02 1.0000000372640583e+00 7.5505708787812598e-02 9.5949660941827483e-02 2.5308039074861739e+01 32
1 0 1 1 3.3647809026395366e-02 2.4031836193175577e-02 1.0000000395054554e+00 7.5442735683622336e-02 9.6791616926073007e-02 2.5358039067352575e+01 32
1 0 1 1 3.3631746386680345e-02 2.4016786664008534e-02 1.0000000418676722e+00 7.5379873410762216e-02 9.7635782993191214e-02 2.5408039059832863e+01 32
1 0 1 1 3.3615479962219093e-02 2.4001656139659874e-02 1.0000000443564048e+00 7.5317122972677397e-02 9.8482140503298982e-02 2.5458039052291063e+01 32
1 0 1 1 3.3599012014056885e-02 2.3986445884784255e-02 1.0000000469775729e+00 7.5254485363331403e-02 9.9330670887932904e-02 2.5508039044744582e+01 32
1 0 1 1 3.3582344794528166e-02 2.3971157155411635e-02 1.0000000497373291e+00 7.5191961567275756e-02 1.0018135564927803e-01 2.5558039037179274e+01 32
1 0 1 1 3.3565480547126318e-02 2.3955791198933631e-02 1.0000000526420638e+00 7.5129552559586615e-02 1.0103417636134028e-01 2.5608039029605138e+01 32
1 0 1 1 3.3548421506410318e-02 2.3940349254123944e-02 1.0000000556984141e+00 7.5067259305914069e-02 1.0188911466955733e-01 2.5658039022020130e+01 32
1 0 1 1 3.3531169897896444e-02 2.3924832551147548e-02 1.0000000589132694e+00 7.5005082762468811e-02 1.0274615229127684e-01 2.5708039014425047e+01 32
1 0 1 1 3.3513727937952827e-02 2.3909242311563883e-02 1.0000000622937795e+00 7.4943023876032189e-02 1.0360527101587123e-01 2.5758039006818446e+01 31
1 0 1 1 3.3496097833701562e-02 2.3893579748341560e-02 1.0000000658473616e+00 7.4881083583955482e-02 1.0446645270510641e-01 2.5808038999205881e+01 31
1 0 1 1 3.3478281782928665e-02 2.3877846065874047e-02 1.0000000695817082e+00 7.4819262814186355e-02 1.0532967929306944e-01 2.5858038991584522e+01 31
1 0 1 1 3.3460281973980925e-02 2.3862042459984977e-02 1.0000000735047940e+00 7.4757562485262496e-02 1.0619493278656141e-01 2.5908038983955066e+01 31
1 0 1 1 3.3442100585683802e-02 2.3846170117950517e-02 1.0000000776248847e+00 7.4695983506325447e-02 1.0706219526528013e-01 2.5958038976321482e+01 31
1 0 1 1 3.3423739787249218e-02 2.3830230218509982e-02 1.0000000819505435e+00 7.4634526777143273e-02 1.0793144888174867e-01 2.6008038968677109e+01 31
1 0 1 1 3.3405201610727138e-02 2.3814223931872981e-02 1.0000000864906391e+00 7.4573193188095022e-02 1.0880267586197437e-01 2.6058038961033212e+01 31
1 0 1 1 3.3386479663192026e-02 2.3798152419755525e-02 1.0000000912543552e+00 7.4511983620226097e-02 1.0967585850496904e-01 2.6108038953381541e+01 31
1 0 1 1 3.3367585023601536e-02 2.3782016835376455e-02 1.0000000962511966e+00 7.4450898945223942e-02 1.1055097918347373e-01 2.6158038945727839e+01 31
1 0 1 1 3.3348519820291092e-02 2.3765818323490655e-02 1.0000001014909985e+00 7.4389940025458956e-02 1.1142802034368855e-01 2.6208038938067343e+01 31
1 0 1 1 3.3329286171525530e-02 2.3749558020393337e-02 1.0000001069839344e+00 7.4329107713977105e-02 1.1230696450582031e-01 2.6258038930408592e+01 31
1 0 1 1 3.3309886185443081e-02 2.3733237053954637e-02 1.0000001127405240e+00 7.4268402854548332e-02 1.1318779426372676e-01 2.6308038922745229e+01 31
1 0 1 1 3.3290321959972911e-02 2.3716856543628383e-02 1.0000001187716425e+00 7.4207826281654621e-02 1.1407049228549532e-01 2.6358038915081750e+01 31
1 0 1 1 3.3270595582774141e-02 2.3700417600476607e-02 1.0000001250885280e+00 7.4147378820528492e-02 1.1495504131323142e-01 2.6408038907414731e+01 31
1 0 1 1 3.3250709131170141e-02 2.3683921327191642e-02 1.0000001317027907e+00 7.4087061287154976e-02 1.1584142416349433e-01 2.6458038899750786e+01 31
1 0 1 1 3.3230664672090959e-02 2.3667368818118848e-02 1.0000001386264210e+00 7.4026874488315519e-02 1.1672962372703825e-01 2.6508038892086187e+01 31
1 0 1 1 3.3210464262003768e-02 2.3650761159272927e-02 1.0000001458717986e+00 7.3966819221590374e-02 1.1761962296916484e-01 2.6558038884420924e+01 31
1 0 1 1 3.3190109946865332e-02 2.3634099428371261e-02 1.0000001534517009e+00 7.3906896275382689e-02 1.1851140492981252e-01 2.6608038876757867e+01 31
1 0 1 1 3.3169603762060851e-02 2.3617384694849614e-02 1.0000001613793110e+00 7.3847106428948428e-02 1.1940495272353255e-01 2.6658038869096924e+01 31
1 0 1 1 3.3148947732352212e-02 2.3600618019888196e-02 1.0000001696682277e+00 7.3787450452415859e-02 1.2030024953967840e-01 2.6708038861440905e+01 31
1 0 1 1 3.3128143871832383e-02 2.3583800456445054e-02 1.0000001783324735e+00 7.3727929106818885e-02 1.2119727864224178e-01 2.6758038853781336e+01 31
1 0 1 1 3.3107194183862612e-02 2.3566933049264754e-02 1.0000001873865034e+00 7.3668543144090048e-02 1.2209602337050765e-01 2.6808038846131804e+01 31
1 0 1 1 3.3086100661044289e-02 2.3550016834923339e-02 1.0000001968452137e+00 7.3609293307135948e-02 1.2299646713831326e-01 2.6858038838482383e+01 31
1 0 1 1 3.3064865285157466e-02 2.3533052841839378e-02 1.0000002067239511e+00 7.3550180329818388e-02 1.2389859343482451e-01 2.6908038830839697e+01 31
1 0 1 1 3.3043490027131507e-02 2.3516042090314132e-02 1.0000002170385212e+00 7.3491204937010945e-02 1.2480238582409708e-01 2.6958038823199146e+01 31
1 0 1 1 3.3021976846991749e-02 2.3498985592545610e-02 1.0000002278051978e+00 7.3432367844603885e-02 1.2570782794549401e-01 2.7008038815565712e+01 31
1 0 1 1 3.3000327693833563e-02 2.3481884352670526e-02 1.0000002390407310e+00 7.3373669759551036e-02 1.2661490351347296e-01 2.7058038807939162e+01 31
1 0 1 1 3.2978544505780326e-02 2.3464739366785843e-02 1.0000002507623562e+00 7.3315111379892606e-02 1.2752359631770072e-01 2.7108038800318571e+01 31
1 0 1 1 3.2956629209945930e-02 2.3447551622977490e-02 1.0000002629878033e+00 7.3256693394781747e-02 1.2843389022304932e-01 2.7158038792700054e+01 31
1 0 1 1 3.2934583722399810e-02 2.3430322101346181e-02 1.0000002757353053e+00 7.3198416484500484e-02 1.2934576916998200e-01 2.7208038785096559e+01 31
1 0 1 1 3.2912409948151061e-02 2.3413051774051348e-02 1.0000002890236064e+00 7.3140281320533629e-02 1.3025921717379060e-01 2.7258038777494427e+01 31
1 0 1 1 3.2890109781099984e-02 2.3395741605325520e-02 1.0000003028719715e+00 7.3082288565545106e-02 1.3117421832551451e-01 2.7308038769902780e+01 30
1 0 1 1 3.2867685104023450e-02 2.3378392551515366e-02 1.0000003173001943e+00 7.3024438873448894e-02 1.3209075679130733e-01 2.7358038762318131e+01 30
1 0 1 1 3.2845137788544747e-02 2.3361005561107213e-02 1.0000003323286057e+00 7.2966732889420294e-02 1.3300881681285504e-01 2.7408038754746883e+01 30
1 0 1 1 3.2822469695114910e-02 2.3343581574766407e-02 1.0000003479780828e+00 7.2909171249952109e-02 1.3392838270682944e-01 2.7458038747174918e+01 30
1 0 1 1 3.2799682672973111e-02 2.3326121525350078e-02 1.0000003642700570e+00 7.2851754582835937e-02 1.3484943886594342e-01 2.7508038739625729e+01 30
1 0 1 1 3.2776778560160875e-02 2.3308626337973124e-02 1.0000003812265219e+00 7.2794483507280405e-02 1.3577196975736142e-01 2.7558038732073349e+01 30
1 0 1 1 3.2753759183460567e-02 2.3291096930001268e-02 1.0000003988700426e+00 7.2737358633843063e-02 1.3669595992450428e-01 2.7608038724541760e+01 30
1 0 1 1 3.2730626358417315e-02 2.3273534211116925e-02 1.0000004172237624e+00 7.2680380564561109e-02 1.3762139398538764e-01 2.7658038717015291e+01 30
1 0 1 1 3.2707381889296783e-02 2.3255939083332743e-02 1.0000004363114123e+00 7.2623549892915973e-02 1.3854825663371953e-01 2.7708038709498808e+01 30
1 0 1 1 3.2684027569081786e-02 2.3238312441030130e-02 1.0000004561573177e+00 7.2566867203896046e-02 1.3947653263854179e-01 2.7758038702000157e+01 30
1 0 1 1 3.2660565179467853e-02 2.3220655171001709e-02 1.0000004767864064e+00 7.2510333074051553e-02 1.4040620684375954e-01 2.7808038694505829e+01 30
1 0 1 1 3.2636996490834354e-02 2.3202968152470600e-02 1.0000004982242163e+00 7.2453948071482172e-02 1.4133726416898368e-01 2.7858038687028348e+01 30
1 0 1 1 3.2613323262251026e-02 2.3185252257135334e-02 1.0000005204969034e+00 7.2397712755921939e-02 1.4226968960862996e-01 2.7908038679559990e+01 30
1 0 1 1 3.2589547241461389e-02 2.3167508349200217e-02 1.0000005436312482e+00 7.2341627678740389e-02 1.4320346823254754e-01 2.7958038672108323e+01 30
1 0 1 1 3.2565670164886221e-02 2.3149737285416399e-02 1.0000005676546637e+00 7.2285693383009497e-02 1.4413858518539308e-01 2.8008038664665339e+01 30
1 0 1 1 3.2541693757604212e-02 2.3131939915105249e-02 1.0000005925952014e+00 7.2229910403509234e-02 1.4507502568715666e-01 2.8058038657238455e+01 30
1 0 1 1 3.2517619733364735e-02 2.3114117080205939e-02 1.0000006184815586e+00 7.2174279266793762e-02 1.4601277503268001e-01 2.8108038649827503e+01 30
1 0 1 1 3.2493449794577120e-02 2.3096269615305476e-02 1.0000006453430854e+00 7.2118800491222990e-02 1.4695181859156789e-01 2.8158038642423140e+01 30
1 0 1 1 3.2469185632303943e-02 2.3078398347669421e-02 1.0000006732097904e+00 7.2063474586971821e-02 1.4789214180873481e-01 2.8208038635039244e+01 30
1 0 1 1 3.2444828926281935e-02 2.3060504097292638e-02 1.0000007021123472e+00 7.2008302056116691e-02 1.4883373020357549e-01 2.8258038627672313e+01 30
1 0 1 1 3.2420381344907899e-02 2.3042587676922320e-02 1.0000007320821001e+00 7.1953283392653805e-02 1.4977656937003958e-01 2.8308038620309603e+01 30
1 0 1 1 3.2395844545236953e-02 2.3024649892093831e-02 1.0000007631510699e+00 7.1898419082502218e-02 1.5072064497739285e-01 2.8358038612972717e+01 30
1 0 1 1 3.2371220173012305e-02 2.3006691541181939e-02 1.0000007953519598e+00 7.1843709603616412e-02 1.5166594276879602e-01 2.8408038605647114e+01 30
1 0 1 1 3.2346509862644965e-02 2.2988713415419540e-02 1.0000008287181601e+00 7.1789155425965590e-02 1.5261244856223344e-01 2.8458038598335555e+01 30
1 0 1 1 3.2321715237233435e-02 2.2970716298945031e-02 1.0000008632837531e+00 7.1734757011593819e-02 1.5356014825013517e-01 2.8508038591042265e+01 30
1 0 1 1 3.2296837908576050e-02 2.2952700968841222e-02 1.0000008990835183e+00 7.1680514814668889e-02 1.5450902779914616e-01 2.8558038583765729e+01 30
1 0 1 1 3.2271879477173075e-02 2.2934668195165923e-02 1.0000009361529363e+00 7.1626429281515358e-02 1.5545907325011479e-01 2.8608038576503287e+01 30
1 0 1 1 3.2246841532236899e-02 2.2916618740990598e-02 1.0000009745281930e+00 7.1572500850648452e-02 1.5641027071814056e-01 2.8658038569258444e+01 30
1 0 1 1 3.2221725651710324e-02 2.2898553362440805e-02 1.0000010142461839e+00 7.1518729952826210e-02 1.5736260639229185e-01 2.8708038562031575e+01 30
1 0 1 1 3.2196533402277204e-02 2.2880472808733548e-02 1.0000010553445173e+00 7.1465117011088708e-02 1.5831606653549266e-01 2.8758038554819244e+01 30
1 0 1 1 3.2171266339374061e-02 2.2862377822212836e-02 1.0000010978615173e+00 7.1411662440788670e-02 1.5927063748469975e-01 2.8808038547629231e+01 30
1 0 1 1 3.2145926007214352e-02 2.2844269138392406e-02 1.0000011418362267e+00 7.1358366649658500e-02 1.6022630565023185e-01 2.8858038540451510e+01 30
1 0 1 1 3.2120513938787613e-02 2.2826147485981711e-02 1.0000011873084096e+00 7.1305230037816386e-02 1.6118305751634163e-01 2.8908038533294231e+01 30
1 0 1 1 3.2095031655897679e-02 2.2808013586941265e-02 1.0000012343185545e+00 7.1252252997838994e-02 1.6214087964057661e-01 2.8958038526155885e+01 29
1 0 1 1 3.2069480669168732e-02 2.2789868156509543e-02 1.0000012829078742e+00 7.1199435914792220e-02 1.6309975865380963e-01 2.9008038519033910e+01 29
1 0 1 1 3.2043862478065017e-02 2.2771711903240493e-02 1.0000013331183091e+00 7.1146779166267549e-02 1.6405968126026410e-01 2.9058038511932654e+01 29
1 0 1 1 3.2018178570918057e-02 2.2753545529049155e-02 1.0000013849925278e+00 7.1094283122438429e-02 1.6502063423707550e-01 2.9108038504846718e+01 29
1 0 1 1 3.1992430424937490e-02 2.2735369729240538e-02 1.0000014385739269e+00 7.1041948146083084e-02 1.6598260443460092e-01 2.9158038497784439e+01 29
1 0 1 1 3.1966619506250675e-02 2.2717185192562168e-02 1.0000014939066324e+00 7.0989774592655264e-02 1.6694557877572422e-01 2.9208038490738296e+01 29
1 0 1 1 3.1940747269908164e-02 2.2698992601227860e-02 1.0000015510354998e+00 7.0937762810299343e-02 1.6790954425623794e-01 2.9258038483712465e+01 29
1 0 1 1 3.1914815159915851e-02 2.2680792630961726e-02 1.0000016100061129e+00 7.0885913139910689e-02 1.6887448794434773e-01 2.9308038476704546e+01 29
1 0 1 1 3.1888824609261436e-02 2.2662585951040266e-02 1.0000016708647828e+00 7.0834225915167720e-02 1.6984039698085532e-01 2.9358038469721851e+01 29
1 0 1 1 3.1862777039943252e-02 2.2644373224330151e-02 1.0000017336585474e+00 7.0782701462598185e-02 1.7080725857839321e-01 2.9408038462750262e+01 29
1 0 1 1 3.1836673862981668e-02 2.2626155107317986e-02 1.0000017984351695e+00 7.0731340101576501e-02 1.7177506002229592e-01 2.9458038455806570e+01 29
1 0 1 1 3.1810516478471294e-02 2.2607932250165018e-02 1.0000018652431342e+00 7.0680142144424252e-02 1.7274378866935050e-01 2.9508038448882143e+01 29
1 0 1 1 3.1784306275589751e-02 2.2589705296731377e-02 1.0000019341316464e+00 7.0629107896417520e-02 1.7371343194820965e-01 2.9558038441972634e+01 29
1 0 1 1 3.1758044632629899e-02 2.2571474884618789e-02 1.0000020051506280e+00 7.0578237655824605e-02 1.7468397735951197e-01 2.9608038435091871e+01 29
1 0 1 1 3.1731732917045716e-02 2.2553241645219862e-02 1.0000020783507146e+00 7.0527531713990538e-02 1.7565541247479829e-01 2.9658038428224600e+01 29
1 0 1 1 3.1705372485456677e-02 2.2535006203735348e-02 1.0000021537832506e+00 7.0476990355328173e-02 1.7662772493746823e-01 2.9708038421385030e+01 29
1 0 1 1 3.1678964683707567e-02 2.2516769179237301e-02 1.0000022315002863e+00 7.0426613857412890e-02 1.7760090246151591e-01 2.9758038414559344e+01 29
1 0 1 1 3.1652510846874704e-02 2.2498531184685696e-02 1.0000023115545709e+00 7.0376402490976653e-02 1.7857493283250483e-01 2.9808038407765522e+01 29
1 0 1 1 3.1626012299328980e-02 2.2480292826990607e-02 1.0000023939995486e+00 7.0326356520012734e-02 1.7954980390597977e-01 2.9858038400980210e+01 29
1 0 1 1 3.1599470354730305e-02 2.2462054707021221e-02 1.0000024788893529e+00 7.0276476201741489e-02 1.8052550360905048e-01 2.9908038394229621e+01 29
1 0 1 1 3.1572886316107981e-02 2.2443817419678831e-02 1.0000025662787988e+00 7.0226761786743308e-02 1.8150201993829965e-01 2.9958038387490983e+01 29
1 0 1 1 3.1546261475853703e-02 2.2425581553905016e-02 1.0000026562233766e+00 7.0177213518921089e-02 1.8247934096130944e-01 3.0008038380780377e+01 29
1 0 1 1 3.1519597115785225e-02 2.2407347692738017e-02 1.0000027487792451e+00 7.0127831635604931e-02 1.8345745481519524e-01 3.0058038374087594e+01 29
1 0 1 1 3.1492894507169314e-02 2.2389116413346243e-02 1.0000028440032227e+00 7.0078616367555746e-02 1.8443634970736517e-01 3.0108038367423628e+01 29
1 0 1 1 3.1466154910771475e-02 2.2370888287071271e-02 1.0000029419527789e+00 7.0029567939047577e-02 1.8541601391443152e-01 3.0158038360775734e+01 29
1 0 1 1 3.1439379576873726e-02 2.2352663879455635e-02 1.0000030426860262e+00 6.9980686567869432e-02 1.8639643578291498e-01 3.0208038354152777e+01 29
1 0 1 1 3.1412569745331582e-02 2.2334443750292574e-02 1.0000031462617101e+00 6.9931972465401809e-02 1.8737760372845860e-01 3.0258038347555281e+01 29
1 0 1 1 3.1385726645605551e-02 2.2316228453660297e-02 1.0000032527391978e+00 6.9883425836655744e-02 1.8835950623559319e-01 3.0308038340973606e+01 29
1 0 1 1 3.1358845850476498e-02 2.2298018537953379e-02 1.0000033621784701e+00 6.9835046880290796e-02 1.8934213185830626e-01 3.0358038334427263e+01 29
1 0 1 1 3.1331933677739232e-02 2.2279814545943143e-02 1.0000034746401074e+00 6.9786835788718443e-02 1.9032546921837734e-01 3.0408038327889990e+01 29
1 0 1 1 3.1304991790119703e-02 2.2261617014781902e-02 1.0000035901852806e+00 6.9738792748062967e-02 1.9130950700709781e-01 3.0458038321388592e+01 29
1 0 1 1 3.1278021377927546e-02 2.2243426476078708e-02 1.0000037088757363e+00 6.9690917938294850e-02 1.9229423398308007e-01 3.0508038314901182e+01 29
1 0 1 1 3.1251023621239334e-02 2.2225243455902276e-02 1.0000038307737860e+00 6.9643211533197774e-02 1.9327963897376041e-01 3.0558038308445347e+01 29
1 0 1 1 3.1223999689980745e-02 2.2207068474850742e-02 1.0000039559422913e+00 6.9595673700475258e-02 1.9426571087378502e-01 3.0608038302005713e+01 29
1 0 1 1 3.1196950743932625e-02 2.2188902048060694e-02 1.0000040844446505e+00 6.9548304601741384e-02 1.9525243864600098e-01 3.0658038295596441e+01 29
1 0 1 1 3.1169877932807170e-02 2.2170744685272182e-02 1.0000042163447838e+00 6.9501104392612728e-02 1.9623981132026561e-01 3.0708038289210631e+01 29
1 0 1 1 3.1142782396267558e-02 2.2152596890845963e-02 1.0000043517071184e+00 6.9454073222725565e-02 1.9722781799363512e-01 3.0758038282842350e+01 29
1 0 1 1 3.1115665263975283e-02 2.2134459163809173e-02 1.0000044905965724e+00 6.9407211235769151e-02 1.9821644783060383e-01 3.0808038276508416e+01 28
1 0 1 1 3.1088527655649945e-02 2.2116331997898232e-02 1.0000046330785384e+00 6.9360518569576535e-02 1.9920569006167607e-01 3.0858038270189077e+01 28
1 0 1 1 3.1061370681087420e-02 2.2098215881583092e-02 1.0000047792188669e+00 6.9313995356106634e-02 2.0019553398465256e-01 3.0908038263903222e+01 28
1 0 1 1 3.1034195440235262e-02 2.2080111298122731e-02 1.0000049290838484e+00 6.9267641721550366e-02 2.0118596896297583e-01 3.0958038257636971e+01 28
1 0 1 1 3.1007003023209675e-02 2.2062018725584897e-02 1.0000050827401958e+00 6.9221457786326324e-02 2.0217698442647075e-01 3.1008038251392453e+01 28
1 0 1 1 3.0979794510352095e-02 2.2043938636889394e-02 1.0000052402550252e+00 6.9175443665138808e-02 2.0316856987104073e-01 3.1058038245184498e+01 28
1 0 1 1 3.0952570972295201e-02 2.2025871499861734e-02 1.0000054016958364e+00 6.9129599467057962e-02 2.0416071485743059e-01 3.1108038238989288e+01 28
1 0 1 1 3.0925333469965552e-02 2.2007817777236344e-02 1.0000055671304939e+00 6.9083925295494841e-02 2.0515340901256288e-01 3.1158038232824868e+01 28
1 0 1 1 3.0898083054672062e-02 2.1989777926726777e-02 1.0000057366272053e+00 6.9038421248305559e-02 2.0614664202807362e-01 3.1208038226687989e+01 28
1 0 1 1 3.0870820768134178e-02 2.1971752401045673e-02 1.0000059102545003e+00 6.8993087417814458e-02 2.0714040366036471e-01 3.1258038220569972e+01 28
1 0 1 1 3.0843547642521674e-02 2.1953741647938920e-02 1.0000060880812098e+00 6.8947923890839147e-02 2.0813468373095317e-01 3.1308038214485951e+01 28
1 0 1 1 3.0816264700528340e-02 2.1935746110240097e-02 1.0000062701764429e+00 6.8902930748777125e-02 2.0912947212511945e-01 3.1358038208418879e+01 28
1 0 1 1 3.0788972955385088e-02 2.1917766225882023e-02 1.0000064566095639e+00 6.8858108067597013e-02 2.1012475879293224e-01 3.1408038202384091e+01 28
1 0 1 1 3.0761673410941499e-02 2.1899802427957277e-02 1.0000066474501683e+00 6.8813455917931005e-02 2.1112053374793102e-01 3.1458038196374922e+01 28
1 0 1 1 3.0734367061694284e-02 2.1881855144739351e-02 1.0000068427680600e+00 6.8768974365092356e-02 2.1211678706729359e-01 3.1508038190384113e+01 28
1 0 1 1 3.0707054892831522e-02 2.1863924799718399e-02 1.0000070426332250e+00 6.8724663469105135e-02 2.1311350889213729e-01 3.1558038184431101e+01 28
1 0 1 1 3.0679737880310080e-02 2.1846011811653750e-02 1.0000072471158066e+00 6.8680523284798900e-02 2.1411068942593545e-01 3.1608038178495665e+01 28
1 0 1 1 3.0652416990870120e-02 2.1828116594589317e-02 1.0000074562860799e+00 6.8636553861791266e-02 2.1510831893572507e-01 3.1658038172590690e+01 28
1 0 1 1 3.0625093182107595e-02 2.1810239557901772e-02 1.0000076702144236e+00 6.8592755244575365e-02 2.1610638775073943e-01 3.1708038166707290e+01 28
1 0 1 1 3.0597767402509638e-02 2.1792381106329896e-02 1.0000078889712947e+00 6.8549127472531807e-02 2.1710488626307622e-01 3.1758038160860423e+01 28
1 0 1 1 3.0570440591527484e-02 2.1774541640023924e-02 1.0000081126271989e+00 6.8505670580014277e-02 2.1810380492625792e-01 3.1808038155030058e+01 28
1 0 1 1 3.0543113679591040e-02 2.1756721554557438e-02 1.0000083412526635e+00 6.8462384596335690e-02 2.1910313425628961e-01 3.1858038149227276e+01 28
1 0 1 1 3.0515787588183432e-02 2.1738921240979051e-02 1.0000085749182070e+00 6.8419269545848510e-02 2.2010286483072380e-01 3.1908038143460754e+01 28
1 0 1 1 3.0488463229900394e-02 2.1721141085853768e-02 1.0000088136943106e+00 6.8376325448000930e-02 2.2110298728790365e-01 3.1958038137711622e+01 28
1 0 1 1 3.0461141508470221e-02 2.1703381471278656e-02 1.0000090576513869e+00 6.8333552317331264e-02 2.2210349232789683e-01 3.2008038131993594e+01 28
1 0 1 1 3.0433823318827914e-02 2.1685642774930493e-02 1.0000093068597495e+00 6.8290950163553910e-02 2.2310437071113198e-01 3.2058038126298797e+01 28
1 0 1 1 3.0406509547155770e-02 2.1667925370097596e-02 1.0000095613895819e+00 6.8248518991573137e-02 2.2410561325904491e-01 3.2108038120642348e+01 28
1 0 1 1 3.0379201070951937e-02 2.1650229625721624e-02 1.0000098213109041e+00 6.8206258801567277e-02 2.2510721085251353e-01 3.2158038114998917e+01 28
1 0 1 1 3.0351898759045103e-02 2.1632555906413005e-02 1.0000100866935409e+00 6.8164169588963153e-02 2.2610915443337010e-01 3.2208038109390486e+01 28
1 0 1 1 3.0324603471683829e-02 2.1614904572506095e-02 1.0000103576070885e+00 6.8122251344543305e-02 2.2711143500261879e-01 3.2258038103812119e+01 28
1 0 1 1 3.0297316060573572e-02 2.1597275980086601e-02 1.0000106341208801e+00 6.8080504054463031e-02 2.2811404362067453e-01 3.2308038098256695e+01 28
1 0 1 1 3.0270037368917684e-02 2.1579670481016951e-02 1.0000109163039517e+00 6.8038927700280694e-02 2.2911697140732121e-01 3.2358038092727320e+01 28
1 0 1 1 3.0242768231479401e-02 2.1562088422978735e-02 1.0000112042250071e+00 6.7997522259009346e-02 2.3012020954139653e-01 3.2408038087234729e+01 28
1 0 1 1 3.0215509474645977e-02 2.1544530149514220e-02 1.0000114979523820e+00 6.7956287703180907e-02 2.3112374925982720e-01 3.2458038081763149e+01 28
1 0 1 1 3.0188261916452006e-02 2.1526996000040002e-02 1.0000117975540077e+00 6.7915224000847013e-02 2.3212758185826271e-01 3.2508038076316318e+01 28
1 0 1 1 3.0161026366645114e-02 2.1509486309891121e-02 1.0000121030973745e+00 6.7874331115637232e-02 2.3313169869063133e-01 3.2558038070908808e+01 28
1 0 1 1 3.0133803626755863e-02 2.1492001410365631e-02 1.0000124146494942e+00 6.7833609006830220e-02 2.3413609116795020e-01 3.2608038065520887e+01 28
1 0 1 1 3.0106594490116104e-02 2.1474541628735730e-02 1.0000127322768617e+00 6.7793057629343623e-02 2.3514075075935242e-01 3.2658038060163776e+01 28
1 0 1 1 3.0079399741934704e-02 2.1457107288296317e-02 1.0000130560454177e+00 6.7752676933811790e-02 2.3614566899096359e-01 3.2708038054837978e+01 28
1 0 1 1 3.0052220159346187e-02 2.1439698708395911e-02 1.0000133860205076e+00 6.7712466866620635e-02 2.3715083744564808e-01 3.2758038049534413e+01 27
1 0 1 1 3.0025056511447962e-02 2.1422316204458985e-02 1.0000137222668437e+00 6.7672427369928456e-02 2.3815624776331348e-01 3.2808038044264393e+01 27
1 0 1 1 2.9997909559374772e-02 2.1404960088034667e-02 1.0000140648484648e+00 6.7632558381736096e-02 2.3916189163996324e-01 3.2858038039025956e+01 27
1 0 1 1 2.9970780056340126e-02 2.1387630666819826e-02 1.0000144138286937e+00 6.7592859835917729e-02 2.4016776082742911e-01 3.2908038033805781e+01 27
1 0 1 1 2.9943668747671993e-02 2.1370328244681717e-02 1.0000147692700987e+00 6.7553331662233262e-02 2.4117384713408829e-01 3.2958038028628863e+01 27
1 0 1 1 2.9916576370908561e-02 2.1353053121720263e-02 1.0000151312344492e+00 6.7513973786430342e-02 2.4218014242279215e-01 3.3008038023469183e+01 27
1 0 1 1 2.9889503054537789e-02 2.1335799961893092e-02 1.0000155000148676e+00 6.7474786130214265e-02 2.4318666152866891e-01 3.3058039133332485e+01 27
1 0 1 1 2.9862451864089232e-02 2.1318575159699503e-02 1.0000158754549588e+00 6.7435771231010772e-02 2.4419330873960199e-01 3.3108037022058525e+01 27
1 0 1 1 2.9835420169897004e-02 2.1301377518598587e-02 1.0000162576338449e+00 6.7396924071911779e-02 2.4520020044802396e-01 3.3158037869369537e+01 27
1 0 1 1 2.9808410665465263e-02 2.1284208589446924e-02 1.0000166465824432e+00 6.7358247427264428e-02 2.4620725479832159e-01 3.3208038002953082e+01 27
1 0 1 1 2.9781423738739057e-02 2.1267068456265317e-02 1.0000170423625792e+00 6.7319740753754409e-02 2.4721447550709644e-01 3.3258037997954588e+01 27
1 0 1 1 2.9754460006496293e-02 2.1249957350053469e-02 1.0000174450317920e+00 6.7281403846049526e-02 2.4822185755654808e-01 3.3308037992972807e+01 27
1 0 1 1 2.9727520152948918e-02 2.1232875545853503e-02 1.0000178546454526e+00 6.7243236602481826e-02 2.4922939319134030e-01 3.3358037988023781e+01 27
1 0 1 1 2.9700604854920359e-02 2.1215823315171786e-02 1.0000182712577870e+00 6.7205238917667887e-02 2.5023707470912526e-01 3.3408037983114781e+01 27
1 0 1 1 2.9673714781897498e-02 2.1198800926004929e-02 1.0000186949218295e+00 6.7167410682554496e-02 2.5124489445979920e-01 3.3458037978223516e+01 27
1 0 1 1 2.9646850596048390e-02 2.1181808642850141e-02 1.0000191256893769e+00 6.7129751784408997e-02 2.5225284484645683e-01 3.3508037973359947e+01 27
1 0 1 1 2.9620012952298550e-02 2.1164846726752735e-02 1.0000195636109415e+00 6.7092262106888567e-02 2.5326091832471254e-01 3.3558037968546842e+01 27
1 0 1 1 2.9593202498408328e-02 2.1147915435349579e-02 1.0000200087357025e+00 6.7054941530120760e-02 2.5426910740077974e-01 3.3608037963740280e+01 27
1 0 1 1 2.9566419874955459e-02 2.1131015022857528e-02 1.0000204611114603e+00 6.7017789930641586e-02 2.5527740463408993e-01 3.3658037958973672e+01 27
1 0 1 1 2.9539665715451430e-02 2.1114145740144641e-02 1.0000209207845865e+00 6.6980807181523883e-02 2.5628580263476652e-01 3.3708037954247388e+01 27
1 0 1 1 2.9512940646378567e-02 2.1097307834748877e-02 1.0000213877999762e+00 6.6943993152398629e-02 2.5729429406338494e-01 3.3758037949532124e+01 27
1 0 1 1 2.9486245287199821e-02 2.1080501550881925e-02 1.0000218622009993e+00 6.6907347709435183e-02 2.5830287163256771e-01 3.3808037944863059e+01 27
1 0 1 1 2.9459580250473294e-02 2.1063727129499266e-02 1.0000223440294513e+00 6.6870870715464270e-02 2.5931152810413949e-01 3.3858037940213123e+01 27
1 0 1 1 2.9432946141849041e-02 2.1046984808295276e-02 1.0000228333255037e+00 6.6834562029941619e-02 2.6032025629116318e-01 3.3908037935609080e+01 27
1 0 1 1 2.9406343560170162e-02 2.1030274821762614e-02 1.0000233301276538e+00 6.6798421509055572e-02 2.6132904905538729e-01 3.3958037931020172e+01 27
1 0 1 1 2.9379773097468656e-02 2.1013597401186333e-02 1.0000238344726760e+00 6.6762449005688979e-02 2.6233789930915274e-01 3.4008037926467608e+01 27
1 0 1 1 2.9353235339059223e-02 2.0996952774701108e-02 1.0000243463955705e+00 6.6726644369513727e-02 2.6334680001367805e-01 3.4058037921954231e+01 27
1 0 1 1 2.9326730863583634e-02 2.0980341167313402e-02 1.0000248659295128e+00 6.6691007447022277e-02 2.6435574417850610e-01 3.4108037917452606e+01 27
1 0 1 1 2.9300260243024359e-02 2.0963762800909409e-02 1.0000253931058043e+00 6.6655538081509758e-02 2.6536472486336199e-01 3.4158037913011327e+01 27
1 0 1 1 2.9273824042832165e-02 2.0947217894328803e-02 1.0000259279538195e+00 6.6620236113220432e-02 2.6637373517404139e-01 3.4208037908567064e+01 27
1 0 1 1 2.9247422821868707e-02 2.0930706663327046e-02 1.0000264705009572e+00 6.6585101379235623e-02 2.6738276826688878e-01 3.4258037904180966e+01 27
1 0 1 1 2.9221057132567410e-02 2.0914229320671579e-02 1.0000270207725876e+00 6.6550133713660531e-02 2.6839181734395212e-01 3.4308037899813748e+01 27
1 0 1 1 2.9194727520903626e-02 2.0897786076119852e-02 1.0000275787920023e+00 6.6515332947553296e-02 2.6940087565585918e-01 3.4358037895483236e+01 27
1 0 1 1 2.9168434526488114e-02 2.0881377136474810e-02 1.0000281445803620e+00 6.6480698909017477e-02 2.7040993649977096e-01 3.4408037891177386e+01 27
1 0 1 1 2.9142178682588001e-02 2.0865002705591749e-02 1.0000287181566467e+00 6.6446231423204077e-02 2.7141899322021484e-01 3.4458037886911711e+01 27
1 0 1 1 2.9115960516206574e-02 2.0848662984427353e-02 1.0000292995376019e+00 6.6411930312383127e-02 2.7242803920751774e-01 3.4508037882665292e+01 27
1 0 1 1 2.9089780548093976e-02 2.0832358171039348e-02 1.0000298887376904e+00 6.6377795395931360e-02 2.7343706789924865e-01 3.4558037878468440e+01 27
1 0 1 1 2.9063639292851655e-02 2.0816088460651947e-02 1.0000304857690379e+00 6.6343826490435742e-02 2.7444607277760036e-01 3.4608037874286211e+01 27
1 0 1 1 2.9037537258914902e-02 2.0799854045635544e-02 1.0000310906413845e+00 6.6310023409648589e-02 2.7545504737150051e-01 3.4658037870140056e+01 27
1 0 1 1 2.9011474948649297e-02 2.0783655115566631e-02 1.0000317033620316e+00 6.6276385964578632e-02 2.7646398525490634e-01 3.4708037866036584e+01 27
1 0 1 1 2.8985452858399621e-02 2.0767491857254176e-02 1.0000323239357920e+00 6.6242913963527439e-02 2.7747288004609733e-01 3.4758037861947514e+01 27
1 0 1 1 2.8959471478494543e-02 2.0751364454735209e-02 1.0000329523649385e+00 6.6209607212069865e-02 2.7848172540928878e-01 3.4808037857905461e+01 26
1 0 1 1 2.8933531293353146e-02 2.0735273089339971e-02 1.0000335886491540e+00 6.6176465513161309e-02 2.7949051505183364e-01 3.4858037853879047e+01 26
1 0 1 1 2.8907629654574146e-02 2.0719217939681019e-02 1.0000342327854810e+00 6.6143488667097516e-02 2.8049924272660309e-01 3.4908037849905853e+01 26
1 0 1 1 2.8881762250802055e-02 2.0703199181718378e-02 1.0000348847682705e+00 6.6110676471633434e-02 2.8150790222870681e-01 3.4958037845944801e+01 26
1 0 1 1 2.8855937505214639e-02 2.0687216988741271e-02 1.0000355445891342e+00 6.6078028721924864e-02 2.8251648739818214e-01 3.5008037842023889e+01 26
1 0 1 1 2.8830155879485762e-02 2.0671271531424836e-02 1.0000362122368938e+00 6.6045545210631218e-02 2.8352499211750970e-01 3.5058037838132122e+01 26
1 0 1 1 2.8804417829567597e-02 2.0655362977843088e-02 1.0000368876975325e+00 6.6013225727914238e-02 2.8453341031256546e-01 3.5108037834280118e+01 26
1 0 1 1 2.8778723805755514e-02 2.0639491493499560e-02 1.0000375709541462e+00 6.5981070061497116e-02 2.8554173595121529e-01 3.5158037830446553e+01 26
1 0 1 1 2.8753074252703594e-02 2.0623657241337415e-02 1.0000382619868968e+00 6.5949077996654337e-02 2.8654996304460661e-01 3.5208037826655023e+01 26
1 0 1 1 2.8727469609508872e-02 2.0607860381782205e-02 1.0000389607729632e+00 6.5917249316294863e-02 2.8755808564517993e-01 3.5258037822891438e+01 26
1 0 1 1 2.8701910309732428e-02 2.0592101072755244e-02 1.0000396672864951e+00 6.5885583800958769e-02 2.8856609784757364e-01 3.5308037819161527e+01 26
1 0 1 1 2.8676396781457596e-02 2.0576379469701110e-02 1.0000403814985674e+00 6.5854081228866990e-02 2.8957399378767740e-01 3.5358037815459312e+01 26
1 0 1 1 2.8650929447325436e-02 2.0560695725607064e-02 1.0000411033771348e+00 6.5822741375939464e-02 2.9058176764286153e-01 3.5408037811792184e+01 26
1 0 1 1 2.8625508724592588e-02 2.0545049991032682e-02 1.0000418328869853e+00 6.5791564015841908e-02 2.9158941363105523e-01 3.5458037808149534e+01 26
1 0 1 1 2.8600135025159051e-02 2.0529442414124365e-02 1.0000425699896993e+00 6.5760548919994888e-02 2.9259692601148235e-01 3.5508037804552735e+01 26
1 0 1 1 2.8574808755646997e-02 2.0513873140656062e-02 1.0000433146436036e+00 6.5729695857647152e-02 2.9360429908262908e-01 3.5558037800969146e+01 26
1 0 1 1 2.8549530317393931e-02 2.0498342314024628e-02 1.0000440668037318e+00 6.5699004595841215e-02 2.9461152718434913e-01 3.5608037797429020e+01 26
1 0 1 1 2.8524300106549303e-02 2.0482850075301175e-02 1.0000448264217809e+00 6.5668474899509000e-02 2.9561860469535184e-01 3.5658037793915689e+01 26
1 0 1 1 2.8499118514084258e-02 2.0467396563233514e-02 1.0000455934460730e+00 6.5638106531460072e-02 2.9662552603429665e-01 3.5708037790433252e+01 26
1 0 1 1 2.8473985925850858e-02 2.0451981914279372e-02 1.0000463678215157e+00 6.5607899252426827e-02 2.9763228565904271e-01 3.5758037786981944e+01 26
1 0 1 1 2.8448902722620066e-02 2.0436606262622128e-02 1.0000471494895633e+00 6.5577852821092186e-02 2.9863887806638972e-01 3.5808037783560131e+01 26
1 0 1 1 2.8423869280126062e-02 2.0421269740195452e-02 1.0000479383881815e+00 6.5547966994115914e-02 2.9964529779195198e-01 3.5858037780170214e+01 26
1 0 1 1 2.8398885969111377e-02 2.0405972476706183e-02 1.0000487344518114e+00 6.5518241526168142e-02 3.0065153940969186e-01 3.5908037776808932e+01 26
1 0 1 1 2.8373953155366737e-02 2.0390714599653314e-02 1.0000495376113352e+00 6.5488676169951771e-02 3.0165759753178056e-01 3.5958037773473208e+01 26
1 0 1 1 2.8349071199766714e-02 2.0375496234346424e-02 1.0000503477940439e+00 6.5459270676226450e-02 3.0266346680886541e-01 3.6008037770186569e+01 26
1 0 1 1 2.8324240458349109e-02 2.0360317503947414e-02 1.0000511649236050e+00 6.5430024793877384e-02 3.0366914192770161e-01 3.6058037766894294e+01 26
1 0 1 1 2.8299461282271756e-02 2.0345178529442259e-02 1.0000519889200357e+00 6.5400938269844056e-02 3.0467461761506515e-01 3.6108037763669891e+01 26
1 0 1 1 2.8274734017973816e-02 2.0330079429732219e-02 1.0000528196996705e+00 6.5372010849288120e-02 3.0567988863200729e-01 3.6158037760442589e+01 26
1 0 1 1 2.8250059007093598e-02 2.0315020321581497e-02 1.0000536571751391e+00 6.5343242275476165e-02 3.0668494977904531e-01 3.6208037757267164e+01 26
1 0 1 1 2.8225436586612408e-02 2.0300001319699355e-02 1.0000545012553381e+00 6.5314632289924429e-02 3.0768979589154061e-01 3.6258037754106027e+01 26
1 0 1 1 2.8200867088819363e-02 2.0285022536712105e-02 1.0000553518454109e+00 6.5286180632341595e-02 3.0869442184241463e-01 3.6308037750977597e+01 26
1 0 1 1 2.8176350841396271e-02 2.0270084083214988e-02 1.0000562088467244e+00 6.5257887040699986e-02 3.0969882254035824e-01 3.6358037747876573e+01 26
1 0 1 1 2.8151888167437543e-02 2.0255186067774766e-02 1.0000570721568520e+00 6.5229751251244167e-02 3.1070299293012665e-01 3.6408037744802563e+01 26
1 0 1 1 2.8127479385494928e-02 2.0240328596955653e-02 1.0000579416695543e+00 6.5201772998518426e-02 3.1170692799229516e-01 3.6458037741757771e+01 26
1 0 1 1 2.8103124809620003e-02 2.0225511775339471e-02 1.0000588172747658e+00 6.5173952015394998e-02 3.1271062274264755e-01 3.6508037738728049e+01 26
1 0 1 1 2.8078823771559989e-02 2.0210728487909314e-02 1.0000597001730902e+00 6.5146288033074901e-02 3.1371411153191775e-01 3.6558039564565682e+01 26
1 0 1 1 2.8054580191237383e-02 2.0195987407377648e-02 1.0000605889298690e+00 6.5118783813727044e-02 3.1471724096401177e-01 3.6608035939524896e+01 26
1 0 1 1 2.8030389142757378e-02 2.0181285739123350e-02 1.0000614835614421e+00 6.5091433107563573e-02 3.1572022246363540e-01 3.6658037649655732e+01 26
1 0 1 1 2.8006254299780153e-02 2.0166625633385359e-02 1.0000623838186480e+00 6.5064239469773633e-02 3.1672291138832775e-01 3.6708037726956832e+01 26
1 0 1 1 2.7982175202079976e-02 2.0152006727848445e-02 1.0000632896001356e+00 6.5037201772683073e-02 3.1772533407827463e-01 3.6758037724046773e+01 26
1 0 1 1 2.7958152098655188e-02 2.0137429092095427e-02 1.0000642007744474e+00 6.5010319695763014e-02 3.1872748736883005e-01 3.6808037721200364e+01 26
1 0 1 1 2.7934185273082331e-02 2.0122892817430880e-02 1.0000651172047983e+00 6.4983592960785846e-02 3.1972936651788031e-01 3.6858037718343603e+01 26
1 0 1 1 2.7910275004671505e-02 2.0108397993279108e-02 1.0000660387505258e+00 6.4957021287964489e-02 3.2073096681989732e-01 3.6908037715538129e+01 26
1 0 1 1 2.7886421568611895e-02 2.0093944707266720e-02 1.0000669652670906e+00 6.4930604396094216e-02 3.2173228360067013e-01 3.6958037712727766e+01 25
1 0 1 1 2.7862625235909474e-02 2.0079533045180849e-02 1.0000678966060894e+00 6.4904342002465809e-02 3.2273331222145824e-01 3.7008037709954877e+01 25
1 0 1 1 2.7838886273494928e-02 2.0065163091030111e-02 1.0000688326152645e+00 6.4878233822968590e-02 3.2373404807575940e-01 3.7058037707208094e+01 25
1 0 1 1 2.7815204944233233e-02 2.0050834927046950e-02 1.0000697731385189e+00 6.4852279572077787e-02 3.2473448658998127e-01 3.7108037704463307e+01 25
1 0 1 1 2.7791581506928370e-02 2.0036548633684481e-02 1.0000707180159349e+00 6.4826478962844825e-02 3.2573462322446417e-01 3.7158037701744185e+01 25
1 0 1 1 2.7768016216394666e-02 2.0022304289658458e-02 1.0000716670837946e+00 6.4800831706956163e-02 3.2673445347203461e-01 3.7208037699056511e+01 25
1 0 1 1 2.7744509323489350e-02 2.0008101971960294e-02 1.0000726201746017e+00 6.4775337514751091e-02 3.2773397285751871e-01 3.7258037696372533e+01 25
1 0 1 1 2.7721061075111866e-02 1.9993941755853718e-02 1.0000735771171114e+00 6.4749996095200157e-02 3.2873317693900361e-01 3.7308037693700456e+01 25
1 0 1 1 2.7697671714248293e-02 1.9979823714896067e-02 1.0000745377363587e+00 6.4724807155941977e-02 3.2973206130735877e-01 3.7358037691069214e+01 25
1 0 1 1 2.7674341480045987e-02 1.9965747920983389e-02 1.0000755018536915e+00 6.4699770403336798e-02 3.3073062158418531e-01 3.7408037688429658e+01 25
1 0 1 1 2.7651070607766257e-02 1.9951714444312516e-02 1.0000764692868087e+00 6.4674885542406080e-02 3.3172885342486802e-01 3.7458037685817104e+01 25
1 0 1 1 2.7627859328882433e-02 1.9937723353439501e-02 1.0000774398497987e+00 6.4650152276914064e-02 3.3272675251555883e-01 3.7508037683204364e+01 25
1 0 1 1 2.7604707871057826e-02 1.9923774715262726e-02 1.0000784133531844e+00 6.4625570309330665e-02 3.3372431457573254e-01 3.7558037680636019e+01 25
1 0 1 1 2.7581616458247273e-02 1.9909868595077897e-02 1.0000793896039666e+00 6.4601139340918518e-02 3.3472153535417587e-01 3.7608037678033604e+01 25
1 0 1 1 2.7558585310610097e-02 1.9896005056524366e-02 1.0000803684056803e+00 6.4576859071625053e-02 3.3571841063469399e-01 3.7658037675485907e+01 25
1 0 1 1 2.7535614644677586e-02 1.9882184161680680e-02 1.0000813495584413e+00 6.4552729200242132e-02 3.3671493622949117e-01 3.7708037672922813e+01 25
1 0 1 1 2.7512704673266070e-02 1.9868405971008120e-02 1.0000823328590089e+00 6.4528749424294429e-02 3.3771110798409948e-01 3.7758037670366740e+01 25
1 0 1 1 2.7489855605553469e-02 1.9854670543393644e-02 1.0000833181008453e+00 6.4504919440106501e-02 3.3870692177532152e-01 3.7808037667834249e+01 25
1 0 1 1 2.7467067647120754e-02 1.9840977936172385e-02 1.0000843050741777e+00 6.4481238942826480e-02 3.3970237351066418e-01 3.7858037665310583e+01 25
1 0 1 1 2.7444340999961112e-02 1.9827328205127580e-02 1.0000852935660693e+00 6.4457707626415672e-02 3.4069745912862420e-01 3.7908037662768152e+01 25
1 0 1 1 2.7421675862471861e-02 1.9813721404481680e-02 1.0000862833604904e+00 6.4434325183628266e-02 3.4169217460029039e-01 3.7958037660251350e+01 25
1 0 1 1 2.7399067808937951e-02 1.9800157586950754e-02 1.0000872742383919e+00 6.4411091306085688e-02 3.4268651592661115e-01 3.8008037657740566e+01 25
1 0 1 1 2.7376514884141556e-02 1.9786636803732997e-02 1.0000882659777859e+00 6.4388005684247296e-02 3.4368047913959460e-01 3.8058037655215735e+01 25
1 0 1 1 2.7354024116545687e-02 1.9773159104506707e-02 1.0000892583538274e+00 6.4365068007402076e-02 3.4467406030313014e-01 3.8108037652701256e+01 25
1 0 1 1 2.7331595690487619e-02 1.9759724537467702e-02 1.0000902511389012e+00 6.4342277963712752e-02 3.4566725551148958e-01 3.8158037650190863e+01 25
1 0 1 1 2.7309229786857146e-02 1.9746333149327659e-02 1.0000912441027101e+00 6.4319635240207784e-02 3.4666006089005602e-01 3.8208037647687220e+01 25
1 0 1 1 2.7286926583136278e-02 1.9732984985333660e-02 1.0000922370123693e+00 6.4297139522797253e-02 3.4765247259426563e-01 3.8258037645149287e+01 25
1 0 1 1 2.7264686253364014e-02 1.9719680089244605e-02 1.0000932296325045e+00 6.4274790496226447e-02 3.4864448681252896e-01 3.8308037642641189e+01 25
1 0 1 1 2.7242508968251575e-02 1.9706418503396203e-02 1.0000942217253488e+00 6.4252587844172926e-02 3.4963609976202931e-01 3.8358037640121232e+01 25
1 0 1 1 2.7220394895139232e-02 1.9693200268672443e-02 1.0000952130508496e+00 6.4230531249182349e-02 3.5062730769153266e-01 3.8408037637583206e+01 25
1 0 1 1 2.7198344198020970e-02 1.9680025424516839e-02 1.0000962033667757e+00 6.4208620392681104e-02 3.5161810688139261e-01 3.8458037635057792e+01 25
1 0 1 1 2.7176357037610965e-02 1.9666894008967251e-02 1.0000971924288258e+00 6.4186854955019051e-02 3.5260849364123736e-01 3.8508037632495352e+01 25
1 0 1 1 2.7154433571290083e-02 1.9653806058624098e-02 1.0000981799907465e+00 6.4165234615403854e-02 3.5359846431376518e-01 3.8558037629956459e+01 25
1 0 1 1 2.7132573953216846e-02 1.9640761608709700e-02 1.0000991658044449e+00 6.4143759051993043e-02 3.5458801527042177e-01 3.8608037627394310e+01 25
1 0 1 1 2.7110778334279065e-02 1.9627760693038197e-02 1.0001001496201134e+00 6.4122427941824600e-02 3.5557714291440717e-01 3.8658037624804273e+01 25
1 0 1 1 2.7089046862118972e-02 1.9614803344027154e-02 1.0001011311863521e+00 6.4101240960828920e-02 3.5656584368079031e-01 3.8708037622228993e+01 25
1 0 1 1 2.7067379681208863e-02 1.9601889592739782e-02 1.0001021102502945e+00 6.4080197783880799e-02 3.5755411403366283e-01 3.8758037619612345e+01 25
1 0 1 1 2.7045776932786206e-02 1.9589019468842471e-02 1.0001030865577398e+00 6.4059298084723854e-02 3.5854195047023174e-01 3.8808037617005525e+01 25
1 0 1 1 2.7024238754955788e-02 1.9576193000663000e-02 1.0001040598532835e+00 6.4038541536049154e-02 3.5952934951697352e-01 3.8858037614369799e+01 25
1 0 1 1 2.7002765282648895e-02 1.9563410215162599e-02 1.0001050298804544e+00 6.4017927809436576e-02 3.6051630773226490e-01 3.8908037611707250e+01 25
1 0 1 1 2.6981356647652686e-02 1.9550671137951291e-02 1.0001059963818528e+00 6.3997456575369566e-02 3.6150282170607134e-01 3.8958037609042798e+01 25
1 0 1 1 2.6960012978660599e-02 1.9537975793314899e-02 1.0001069590992908e+00 6.3977127503261622e-02 3.6248888805844909e-01 3.9008037606344629e+01 25
1 0 1 1 2.6938734401242503e-02 1.9525324204193253e-02 1.0001079177739371e+00 6.3956940261413936e-02 3.6347450344168442e-01 3.9058037603630851e+01 25
1 0 1 1 2.6917521037895905e-02 1.9512716392209122e-02 1.0001088721464613e+00 6.3936894517044790e-02 3.6445966453902240e-01 3.9108037600900616e+01 25
1 0 1 1 2.6896373008055544e-02 1.9500152377669697e-02 1.0001098219571825e+00 6.3916989936282642e-02 3.6544436806480879e-01 3.9158037598138947e+01 25
1 0 1 1 2.6875290428099070e-02 1.9487632179568452e-02 1.0001107669462201e+00 6.3897226184149836e-02 3.6642861076513827e-01 3.9208037595344571e+01 25
1 0 1 1 2.6854273411361325e-02 1.9475155815588650e-02 1.0001117068536454e+00 6.3877602924562626e-02 3.6741238941790266e-01 3.9258037592530336e+01 25
1 0 1 1 2.6833322068164044e-02 1.9462723302120639e-02 1.0001126414196355e+00 6.3858119820342063e-02 3.6839570083263706e-01 3.9308037589710075e+01 26
1 0 1 1 2.6812436505852091e-02 1.9450334654278662e-02 1.0001135703846284e+00 6.3838776533225200e-02 3.6937854184900931e-01 3.9358037586818128e+01 26
1 0 1 1 2.6791616497259356e-02 1.9437987779790618e-02 1.0001144943179450e+00 6.3819572723789131e-02 3.7036092359766321e-01 3.9408038226756737e+01 26
1 0 1 1 2.6770862425518637e-02 1.9425679844330124e-02 1.0001154142713682e+00 6.3800508791319988e-02 3.7134282743905306e-01 3.9458038583958007e+01 26
1 0 1 1 2.6750175708952759e-02 1.9413416609108891e-02 1.0001163278328740e+00 6.3781584803817848e-02 3.7232419122492394e-01 3.9508035861077566e+01 26
1 0 1 1 2.6729553335272004e-02 1.9401196241895177e-02 1.0001172348817671e+00 6.3762797578866381e-02 3.7330515946348186e-01 3.9558037575862564e+01 26
1 0 1 1 2.6708997941199995e-02 1.9389020259315996e-02 1.0001181350490720e+00 6.3744149096849001e-02 3.7428560835259489e-01 3.9608037572874629e+01 26
1 0 1 1 2.6688508906863209e-02 1.9376888248213129e-02 1.0001190281104790e+00 6.3725638365164122e-02 3.7526556863077842e-01 3.9658037569816834e+01 26
1 0 1 1 2.6668086319045239e-02 1.9364800214724871e-02 1.0001199138117565e+00 6.3707265037836441e-02 3.7624503736239295e-01 3.9708037566739605e+01 26
1 0 1 1 2.6647730261672508e-02 1.9352756163760483e-02 1.0001207919001858e+00 6.3689028767784372e-02 3.7722401164290620e-01 3.9758037563629941e+01 26
1 0 1 1 2.6627440815804961e-02 1.9340756098993005e-02 1.0001216621247273e+00 6.3670929206788462e-02 3.7820248860006062e-01 3.9808037560464506e+01 26
1 0 1 1 2.6607218059617875e-02 1.9328800022843783e-02 1.0001225242361842e+00 6.3652966005467715e-02 3.7918046539562977e-01 3.9858037557297074e+01 26
1 0 1 1 2.6587062068496130e-02 1.9316887936536777e-02 1.0001233779873633e+00 6.3635138813335101e-02 3.8015793922127300e-01 3.9908037554039488e+01 26
1 0 1 1 2.6566972914918534e-02 1.9305019840028640e-02 1.0001242231332426e+00 6.3617447278691674e-02 3.8113490730561056e-01 3.9958037550819860e+01 26
1 0 1 1 2.6546950668656071e-02 1.9293195732120329e-02 1.0001250594311264e+00 6.3599891048771673e-02 3.8211136690437697e-01 4.0008037547473883e+01 26
1 0 1 1 2.6526995396556310e-02 1.9281415610329623e-02 1.0001258866408158e+00 6.3582469769545402e-02 3.8308731531244850e-01 4.0058037544155432e+01 26
1 0 1 1 2.6507107162773776e-02 1.9269679471024447e-02 1.0001267045247604e+00 6.3565183085904364e-02 3.8406274985320105e-01 4.0108037540787208e+01 26
1 0 1 1 2.6487286028662162e-02 1.9257987309353700e-02 1.0001275128482225e+00 6.3548030641544850e-02 3.8503766788399313e-01 4.0158037537337684e+01 26
1 0 1 1 2.6467532052770092e-02 1.9246339119246714e-02 1.0001283113794350e+00 6.3531012078955146e-02 3.8601206679797379e-01 4.0208037533907842e+01 26
1 0 1 1 2.6447845290976307e-02 1.9234734893486413e-02 1.0001290998897538e+00 6.3514127039511592e-02 3.8698594401742387e-01 4.0258037530386993e+01 26
1 0 1 1 2.6428225796351720e-02 1.9223174623626976e-02 1.0001298781538164e+00 6.3497375163347192e-02 3.8795929700167775e-01 4.0308037526854569e+01 26
1 0 1 1 2.6408673619289350e-02 1.9211658300067682e-02 1.0001306459496908e+00 6.3480756089448809e-02 3.8893212324153081e-01 4.0358037523289312e+01 26
1 0 1 1 2.6389188807478942e-02 1.9200185912035567e-02 1.0001314030590271e+00 6.3464269455614397e-02 3.8990442026091521e-01 4.0408037519650627e+01 26
1 0 1 1 2.6369771405875729e-02 1.9188757447562526e-02 1.0001321492672055e+00 6.3447914898418889e-02 3.9087618561940896e-01 4.0458037516006137e+01 26
1 0 1 1 2.6350421456803243e-02 1.9177372893546405e-02 1.0001328843634794e+00 6.3431692053280142e-02 3.9184741690788405e-01 4.0508037512301819e+01 26
1 0 1 1 2.6331138999883062e-02 1.9166032235703886e-02 1.0001336081411196e+00 6.3415600554391549e-02 3.9281811175276193e-01 4.0558037508580497e+01 26
1 0 1 1 2.6311924072119311e-02 1.9154735458618559e-02 1.0001343203975519e+00 6.3399640034772164e-02 3.9378826781232301e-01 4.0608037504787561e+01 26
1 0 1 1 2.6292776707838014e-02 1.9143482545703572e-02 1.0001350209344948e+00 6.3383810126204726e-02 3.9475788278079160e-01 4.0658037500978551e+01 26
1 0 1 1 2.6273696938769166e-02 1.9132273479245808e-02 1.0001357095580907e+00 6.3368110459293803e-02 3.9572695438487565e-01 4.0708037497140012e+01 26
1 0 1 1 2.6254684794038658e-02 1.9121108240398241e-02 1.0001363860790347e+00 6.3352540663440093e-02 3.9669548038481778e-01 4.0758037493240764e+01 26
1 0 1 1 2.6235729638485347e-02 1.9109986809167270e-02 1.0001370503127018e+00 6.3337100366816723e-02 3.9766345857633434e-01 4.0808037489330580e+01 26
1 0 1 1 2.6216842095325373e-02 1.9098909164456217e-02 1.0001377020792674e+00 6.3321789196416622e-02 3.9863088678702840e-01 4.0858037485353293e+01 26
1 0 1 1 2.6198022325578881e-02 1.9087875284024385e-02 1.0001383412038254e+00 6.3306606777992325e-02 3.9959776288084142e-01 4.0908037481376304e+01 26
1 0 1 1 2.6179270347731032e-02 1.9076885144543941e-02 1.0001389675165002e+00 6.3291552736125023e-02 4.0056408475325439e-01 4.0958037477342302e+01 26
1 0 1 1 2.6160586177697533e-02 1.9065938721561496e-02 1.0001395808525579e+00 6.3276626694162202e-02 4.0152985033550753e-01 4.1008037473286343e+01 27
1 0 1 1 2.6141969828892626e-02 1.9055035989534452e-02 1.0001401810525099e+00 6.3261828274260301e-02 4.0249505759179233e-01 4.1058037469191099e+01 27
1 0 1 1 2.6123421312209728e-02 1.9044176921817063e-02 1.0001407679622125e+00 6.3247157097362589e-02 4.0345970452125057e-01 4.1108037465091314e+01 27
1 0 1 1 2.6104940636090875e-02 1.9033361490696756e-02 1.0001413414329627e+00 6.3232612783234055e-02 4.0442378915467325e-01 4.1158037460903230e+01 27
1 0 1 1 2.6086527806428447e-02 1.9022589667336578e-02 1.0001419013215913e+00 6.3218194950386969e-02 4.0538730956120944e-01 4.1208037456773965e+01 27
1 0 1 1 2.6068182826768472e-02 1.9011861421887596e-02 1.0001424474905425e+00 6.3203903216218549e-02 4.0635026383790968e-01 4.1258037452541089e+01 27
1 0 1 1 2.6049905698113746e-02 1.9001176723373439e-02 1.0001429798079613e+00 6.3189737196855472e-02 4.0731265012118256e-01 4.1308037448329301e+01 27
1 0 1 1 2.6031696419116405e-02 1.8990535539799000e-02 1.0001434981477648e+00 6.3175696507288825e-02 4.0827446657745736e-01 4.1358037444067634e+01 27
1 0 1 1 2.6013554985974872e-02 1.8979937838086911e-02 1.0001440023897141e+00 6.3161780761294584e-02 4.0923571140959036e-01 4.1408037439827091e+01 27
1 0 1 1 2.5995481392556523e-02 1.8969383584147025e-02 1.0001444924194776e+00 6.3147989571510438e-02 4.1019638285112281e-01 4.1458037435523515e+01 27
1 0 1 1 2.5977475630306956e-02 1.8958872742817923e-02 1.0001449681286938e+00 6.3134322549362298e-02 4.1115647917170328e-01 4.1508037431206027e+01 27
1 0 1 1 2.5959537688329655e-02 1.8948405277914571e-02 1.0001454294150232e+00 6.3120779305121943e-02 4.1211599867443655e-01 4.1558037426921359e+01 27
1 0 1 1 2.5941667553445073e-02 1.8937981152255038e-02 1.0001458761821962e+00 6.3107359447938216e-02 4.1307493969277781e-01 4.1608037422559086e+01 27
1 0 1 1 2.5923865210085821e-02 1.8927600327600033e-02 1.0001463083400601e+00 6.3094062585754396e-02 4.1403330059762677e-01 4.1658037418224623e+01 27
1 0 1 1 2.5906130640437227e-02 1.8917262764729229e-02 1.0001467258046133e+00 6.3080888325412837e-02 4.1499107979057576e-01 4.1708037413895553e+01 27
1 0 1 1 2.5888463824420012e-02 1.8906968423428677e-02 1.0001471284980383e+00 6.3067836272626465e-02 4.1594827570536874e-01 4.1758037409502244e+01 27
1 0 1 1 2.5870864739631152e-02 1.8896717262455356e-02 1.0001475163487306e+00 6.3054906031942165e-02 4.1690488681281368e-01 4.1808037405191477e+01 27
1 0 1 1 2.5853333361536380e-02 1.8886509239640869e-02 1.0001478892913154e+00 6.3042097206867542e-02 4.1786091161027378e-01 4.1858037400786678e+01 27
1 0 1 1 2.5835869663272389e-02 1.8876344311779085e-02 1.0001482472666685e+00 6.3029409399727732e-02 4.1881634863417339e-01 4.1908037396446431e+01 27
1 0 1 1 2.5818473615860947e-02 1.8866222434743538e-02 1.0001485902219212e+00 6.3016842211819496e-02 4.1977119644898447e-01 4.1958037392099612e+01 27
1 0 1 1 2.5801145188125409e-02 1.8856143563437521e-02 1.0001489181104677e+00 6.3004395243342753e-02 4.2072545365263914e-01 4.2008037387735449e+01 27
1 0 1 1 2.5783884346713047e-02 1.8846107651802751e-02 1.0001492308919633e+00 6.2992068093419729e-02 4.2167911887645620e-01 4.2058037383410465e+01 27
1 0 1 1 2.5766691056178681e-02 1.8836114652864420e-02 1.0001495285323170e+00 6.2979860360145634e-02 4.2263219078124292e-01 4.2108037379052988e+01 27
1 0 1 1 2.5749564064173742e-02 1.8826157989053318e-02 1.0001498145513921e+00 6.2967771640541598e-02 4.2358472736301150e-01 4.2158040120852121e+01 27
1 0 1 1 2.5732507267427398e-02 1.8816245184678032e-02 1.0001500856813583e+00 6.2955803519061410e-02 4.2453651547480847e-01 4.2208034813586998e+01 27
1 0 1 1 2.5715515319272020e-02 1.8806373688417460e-02 1.0001503416382911e+00 6.2943951782149399e-02 4.2548785069142875e-01 4.2258037084629180e+01 27
1 0 1 1 2.5698591439582200e-02 1.8796545346022243e-02 1.0001505823598655e+00 6.2932218312284183e-02 4.2643854961309219e-01 4.2308037363594131e+01 27
1 0 1 1 2.5681734999644160e-02 1.8786759766953452e-02 1.0001508078507191e+00 6.2920602293684791e-02 4.2738864358955736e-01 4.2358037359397642e+01 27
1 0 1 1 2.5664945855743890e-02 1.8777016842845492e-02 1.0001510181137496e+00 6.2909103251904325e-02 4.2833813685218092e-01 4.2408037355157823e+01 27
1 0 1 1 2.5648223958165281e-02 1.8767316520208306e-02 1.0001512131565258e+00 6.2897720778297805e-02 4.2928702828034832e-01 4.2458037351005188e+01 27
1 0 1 1 2.5631569255302800e-02 1.8757658744727408e-02 1.0001513929926464e+00 6.2886454463339403e-02 4.3023531677975718e-01 4.2508037346867205e+01 27
1 0 1 1 2.5614981693590527e-02 1.8748043461219253e-02 1.0001515576416902e+00 6.2875303896571699e-02 4.3118300128731107e-01 4.2558037342739091e+01 28
1 0 1 1 2.5598461217522690e-02 1.8738470613640357e-02 1.0001517071291568e+00 6.2864268666631973e-02 4.3213008077142173e-01 4.2608037338714993e+01 28
1 0 1 1 2.5582007769771223e-02 1.8728940145151453e-02 1.0001518414864075e+00 6.2853348361327110e-02 4.3307655422597047e-01 4.2658037334683129e+01 28
1 0 1 1 2.5565621291086721e-02 1.8719451998057191e-02 1.0001519607505984e+00 6.2842542567570547e-02 4.3402242067711899e-01 4.2708037330699767e+01 28
1 0 1 1 2.5549301720386441e-02 1.8710006113854177e-02 1.0001520649646118e+00 6.2831850871451184e-02 4.3496767917959483e-01 4.2758037326808896e+01 28
1 0 1 1 2.5533048994810129e-02 1.8700602433258922e-02 1.0001521541769800e+00 6.2821272858268273e-02 4.3591232881417596e-01 4.2808037322924591e+01 28
1 0 1 1 2.5516863049644727e-02 1.8691240896162732e-02 1.0001522284418081e+00 6.2810808112495203e-02 4.3685636869367367e-01 4.2858037319163252e+01 28
1 0 1 1 2.5500743818491992e-02 1.8681921441723228e-02 1.0001522878186919e+00 6.2800456217881301e-02 4.3779979795352919e-01 4.2908037315361739e+01 28
1 0 1 1 2.5484691233095397e-02 1.8672644008262497e-02 1.0001523323726313e+00 6.2790216757358797e-02 4.3874261576374729e-01 4.2958037311726784e+01 28
1 0 1 1 2.5468705223592417e-02 1.8663408533409077e-02 1.0001523621739405e+00 6.2780089313204668e-02 4.3968482131485109e-01 4.3008037308107070e+01 28
1 0 1 1 2.5452785718363919e-02 1.8654214954007205e-02 1.0001523772981555e+00 6.2770073466946297e-02 4.4062641382766743e-01 4.3058037304528561e+01 28
1 0 1 1 2.5436932644089000e-02 1.8645063206146947e-02 1.0001523778259354e+00 6.2760168799419647e-02 4.4156739255201033e-01 4.3108037301143604e+01 28
1 0 1 1 2.5421145925929797e-02 1.8635953225265310e-02 1.0001523638429657e+00 6.2750374890869987e-02 4.4250775675573600e-01 4.3158037297665388e+01 28
1 0 1 1 2.5405425487234380e-02 1.8626884945973247e-02 1.0001523354398520e+00 6.2740691320797126e-02 4.4344750574455216e-01 4.3208037294440850e+01 28
1 0 1 1 2.5389771249952512e-02 1.8617858302291380e-02 1.0001522927120172e+00 6.2731117668204245e-02 4.4438663883768087e-01 4.3258037291172869e+01 28
1 0 1 1 2.5374183134314596e-02 1.8608873227462120e-02 1.0001522357595913e+00 6.2721653511412873e-02 4.4532515538836015e-01 4.3308037288029489e+01 28
1 0 1 1 2.5358661059050488e-02 1.8599929654073026e-02 1.0001521646873004e+00 6.2712298428215796e-02 4.4626305477232803e-01 4.3358037285050990e+01 28
1 0 1 1 2.5343204941433280e-02 1.8591027514076930e-02 1.0001520796043546e+00 6.2703051995896208e-02 4.4720033638545842e-01 4.3408037282041363e+01 28
1 0 1 1 2.5327814697110998e-02 1.8582166738694565e-02 1.0001519806243302e+00 6.2693913791147582e-02 4.4813699965582915e-01 4.3458037279230375e+01 28
1 0 1 1 2.5312482877533116e-02 1.8573347258563820e-02 1.0001518678650543e+00 6.2684883390237645e-02 4.4907304402807158e-01 4.3508037276458822e+01 28
1 0 1 1 2.5297214404027844e-02 1.8564569003638575e-02 1.0001517414484835e+00 6.2675960368919842e-02 4.5000846897541574e-01 4.3558037273839844e+01 28
1 0 1 1 2.5282011613102621e-02 1.8555831903276102e-02 1.0001516015005838e+00 6.2667144302536282e-02 4.5094327399088069e-01 4.3608037271308660e+01 28
1 0 1 1 2.5266874414282509e-02 1.8547135886203742e-02 1.0001514481512066e+00 6.2658434765994281e-02 4.5187745859168088e-01 4.3658037268876683e+01 28
1 0 1 1 2.5251802715711105e-02 1.8538480880540699e-02 1.0001512815339653e+00 6.2649831333804334e-02 4.5281102231814851e-01 4.3708037266592989e+01 28
1 0 1 1 2.5236796424218232e-02 1.8529866813830231e-02 1.0001511017861098e+00 6.2641333580124914e-02 4.5374396473006329e-01 4.3758037264369626e+01 28
1 0 1 1 2.5221855445244235e-02 1.8521293612997800e-02 1.0001509090483984e+00 6.2632941078738208e-02 4.5467628541334082e-01 4.3808037262357118e+01 28
1 0 1 1 2.5206979683019607e-02 1.8512761204447045e-02 1.0001507034649735e+00 6.2624653403155761e-02 4.5560798396923918e-01 4.3858037260387860e+01 28
1 0 1 1 2.5192169040411157e-02 1.8504269513972230e-02 1.0001504851832297e+00 6.2616470126547308e-02 4.5653906002562211e-01 4.3908037258597730e+01 29
1 0 1 1 2.5177423419098524e-02 1.8495818466852838e-02 1.0001502543536880e+00 6.2608390821846771e-02 4.5746951322660534e-01 4.3958037256892382e+01 29
1 0 1 1 2.5162742719469000e-02 1.8487407987794354e-02 1.0001500111298638e+00 6.2600415061715653e-02 4.5839934324090481e-01 4.4008037255414173e+01 29
1 0 1 1 2.5148126840803312e-02 1.8479038001027424e-02 1.0001497556681407e+00 6.2592542418643204e-02 4.5932854975041948e-01 4.4058037253949450e+01 29
1 0 1 1 2.5133575681076322e-02 1.8470708430195427e-02 1.0001494881276365e+00 6.2584772464860022e-02 4.6025713246478706e-01 4.4108037252729105e+01 29
1 0 1 1 2.5119089137213980e-02 1.8462419198495773e-02 1.0001492086700785e+00 6.2577104772485126e-02 4.6118509110565076e-01 4.4158037251603815e+01 29
1 0 1 1 2.5104667104943010e-02 1.8454170228590555e-02 1.0001489174596687e+00 6.2569538913458927e-02 4.6211242541747061e-01 4.4208037250646150e+01 29
1 0 1 1 2.5090309478908574e-02 1.8445961442675150e-02 1.0001486146629595e+00 6.2562074459616035e-02 4.6303913516137701e-01 4.4258037249835809e+01 29
1 0 1 1 2.5076016152652765e-02 1.8437792762458341e-02 1.0001483004487202e+00 6.2554710982690886e-02 4.6396522011735530e-01 4.4308037249201384e+01 29
1 0 1 1 2.5061787018677437e-02 1.8429664109199023e-02 1.0001479749878130e+00 6.2547448054356164e-02 4.6489068008128059e-01 4.4358037248676425e+01 29
1 0 1 1 2.5047621968392528e-02 1.8421575403672355e-02 1.0001476384530614e+00 6.2540285246215493e-02 4.6581551486963840e-01 4.4408037248375706e+01 29
1 0 1 1 2.5033520892250881e-02 1.8413526566244783e-02 1.0001472910191267e+00 6.2533222129878663e-02 4.6673972431157240e-01 4.4458037248183601e+01 29
1 0 1 1 2.5019483679643028e-02 1.8405517516810403e-02 1.0001469328623793e+00 6.2526258276927038e-02 4.6766330825690605e-01 4.4508037248208765e+01 29
1 0 1 1 2.5005510219036398e-02 1.8397548174870704e-02 1.0001465641607763e+00 6.2519393258990696e-02 4.6858626656828301e-01 4.4558037248374831e+01 29
1 0 1 1 2.4991600397898925e-02 1.8389618459484742e-02 1.0001461850937350e+00 6.2512626647730163e-02 4.6950859912707854e-01 4.4608037248763381e+01 29
1 0 1 1 2.4977754102821246e-02 1.8381728289338199e-02 1.0001457958420135e+00 6.2505958014898222e-02 4.7043030582622913e-01 4.4658037249241104e+01 29
1 0 1 1 2.4963971219389924e-02 1.8373877582670020e-02 1.0001453965875855e+00 6.2499386932303169e-02 4.7135138658017295e-01 4.4708037250018251e+01 29
1 0 1 1 2.4950251632413489e-02 1.8366066257396493e-02 1.0001449875135258e+00 6.2492912971920250e-02 4.7227184131039307e-01 4.4758037250882978e+01 29
1 0 1 1 2.4936595225725670e-02 1.8358294230997878e-02 1.0001445688038866e+00 6.2486535705816831e-02 4.7319166995983009e-01 4.4808037252002087e+01 29
1 0 1 1 2.4923001817195180e-02 1.8350561176404739e-02 1.0001441407622718e+00 6.2480254706253624e-02 4.7411087652291833e-01 4.4858037460139798e+01 29
1 0 1 1 2.4909469755991506e-02 1.8342860784904044e-02 1.0001437066328729e+00 6.2474069623411982e-02 4.7502955561788823e-01 4.4908042692329481e+01 29
1 0 1 1 2.4896004977079982e-02 1.8335202015534964e-02 1.0001432635236278e+00 6.2467981965427438e-02 4.7594730521489331e-01 4.4958031409851927e+01 29
1 0 1 1 2.4882598298839351e-02 1.8327579629618784e-02 1.0001428113225652e+00 6.2461987209291719e-02 4.7686474305044563e-01 4.5008037261040116e+01 29
1 0 1 1 2.4869255784062572e-02 1.8319997059144263e-02 1.0001423504213947e+00 6.2456087715554442e-02 4.7778144726339444e-01 4.5058037263124575e+01 30
1 0 1 1 2.4855975739961053e-02 1.8312453325430543e-02 1.0001418809549802e+00 6.2450282350916986e-02 4.7869752522408615e-01 4.5108037265377426e+01 30
1 0 1 1 2.4842758044853922e-02 1.8304948343352091e-02 1.0001414031107949e+00 6.2444570689119600e-02 4.7961297696568639e-01 4.5158037267878747e+01 30
1 0 1 1 2.4829602576358994e-02 1.8297482027486739e-02 1.0001409170764426e+00 6.2438952304218392e-02 4.8052780253241711e-01 4.5208037270657265e+01 30
1 0 1 1 2.4816509211442055e-02 1.8290054292140815e-02 1.0001404230395592e+00 6.2433426770607731e-02 4.8144200197638626e-01 4.5258037273532750e+01 30
1 0 1 1 2.4803477826281711e-02 1.8282665051272181e-02 1.0001399211877058e+00 6.2427993662981407e-02 4.8235557536853146e-01 4.5308037276729848e+01 30
1 0 1 1 2.4790508296464269e-02 1.8275314218598265e-02 1.0001394117082796e+00 6.2422652556431313e-02 4.8326852278584764e-01 4.5358037280197095e+01 30
1 0 1 1 2.4777600496944815e-02 1.8268001707571181e-02 1.0001388947884162e+00 6.2417403026432589e-02 4.8418084431483094e-01 4.5408037283809257e+01 30
1 0 1 1 2.4764754301973269e-02 1.8260727431335007e-02 1.0001383706148945e+00 6.2412244648830828e-02 4.8509254005765223e-01 4.5458037287721652e+01 30
1 0 1 1 2.4751969585251474e-02 1.8253491302812085e-02 1.0001378393740523e+00 6.2407176999911523e-02 4.8600361012192683e-01 4.5508037291823904e+01 30
1 0 1 1 2.4739246219808761e-02 1.8246293234631415e-02 1.0001373012516910e+00 6.2402199656371782e-02 4.8691405463064269e-01 4.5558037296300782e+01 30
1 0 1 1 2.4726584078185870e-02 1.8239133139232182e-02 1.0001367564329990e+00 6.2397312195397847e-02 4.8782387370993902e-01 4.5608037300973741e+01 30
1 0 1 1 2.4713983032315270e-02 1.8232010928790707e-02 1.0001362051024640e+00 6.2392514194620552e-02 4.8873306749783557e-01 4.5658037305796050e+01 30
1 0 1 1 2.4701442953485146e-02 1.8224926515202987e-02 1.0001356474437879e+00 6.2387805232129806e-02 4.8964163614874745e-01 4.5708037311114538e+01 30
1 0 1 1 2.4688963712618035e-02 1.8217879810237488e-02 1.0001350836398215e+00 6.2383184886581844e-02 4.9054957981360392e-01 4.5758037316590610e+01 30
1 0 1 1 2.4676545180019639e-02 1.8210870725391719e-02 1.0001345138724784e+00 6.2378652737105744e-02 4.9145689865852565e-01 4.5808037322239656e+01 30
1 0 1 1 2.4664187225397576e-02 1.8203899171903945e-02 1.0001339383226602e+00 6.2374208363344424e-02 4.9236359286542597e-01 4.5858037328479604e+01 30
1 0 1 1 2.4651889718213211e-02 1.8196965060946667e-02 1.0001333571702022e+00 6.2369851345569050e-02 4.9326966260585120e-01 4.5908037334700893e+01 30
1 0 1 1 2.4639652527179350e-02 1.8190068303344117e-02 1.0001327705937828e+00 6.2365581264519354e-02 4.9417510807924969e-01 4.5958037341389229e+01 30
1 0 1 1 2.4627475520702918e-02 1.8183208809819752e-02 1.0001321787708755e+00 6.2361397701571286e-02 4.9507992948121787e-01 4.6008037348386736e+01 30
1 0 1 1 2.4615358566697311e-02 1.8176386490889256e-02 1.0001315818776779e+00 6.2357300238679442e-02 4.9598412701798827e-01 4.6058037355703270e+01 31
1 0 1 1 2.4603301532647809e-02 1.8169601256895148e-02 1.0001309800890532e+00 6.2353288458405376e-02 4.9688770090217232e-01 4.6108037363293271e+01 31
1 0 1 1 2.4591304285572359e-02 1.8162853017985453e-02 1.0001303735784699e+00 6.2349361943917631e-02 4.9779065135682893e-01 4.6158037371291073e+01 31
1 0 1 1 2.4579366692127104e-02 1.8156141684169604e-02 1.0001297625179493e+00 6.2345520279034672e-02 4.9869297860797085e-01 4.6208037379609301e+01 31
1 0 1 1 2.4567488618547309e-02 1.8149467165283151e-02 1.0001291470780103e+00 6.2341763048209792e-02 4.9959468288953235e-01 4.6258037388224601e+01 31
1 0 1 1 2.4555665703927070e-02 1.8142829370975201e-02 1.0001285274276148e+00 6.2338089836541766e-02 5.0049576444696231e-01 4.6308037397385846e+01 31
1 0 1 1 2.4543897768559822e-02 1.8136228210823929e-02 1.0001279037341311e+00 6.2334500229837442e-02 5.0139622352063318e-01 4.6358037406705897e+01 31
1 0 1 1 2.4532189009373092e-02 1.8129663594152107e-02 1.0001272761632680e+00 6.2330993814531110e-02 5.0229606037240593e-01 4.6408037416646167e+01 31
1 0 1 1 2.4520539290801939e-02 1.8123135430260683e-02 1.0001266448790547e+00 6.2327570177805741e-02 5.0319527525367125e-01 4.6458037426749996e+01 31
1 0 1 1 2.4508948476719462e-02 1.8116643628191292e-02 1.0001260100437741e+00 6.2324228907488760e-02 5.0409386843873760e-01 4.6508037437510367e+01 31
1 0 1 1 2.4497416430855026e-02 1.8110188096962136e-02 1.0001253718179457e+00 6.2320969592177450e-02 5.0499184019330923e-01 4.6558037448623395e+01 31
1 0 1 1 2.4486168131909656e-02 1.8103894664551368e-02 1.0001247430077795e+00 6.2317853543697843e-02 5.0587154607205109e-01 4.6607053969738026e+01 31
