isScalarized | massIncreased | isMonotoneInside | isMonotoneOutside | mass_Baryon | mass_ADM_surface | mass_ADM | AST(radius) | radius  |  phi_c | rho_c | ctr |
1 0 1 1 3.0165430507060956e-03 2.9316409224568987e-03 2.9316409417497209e-03 9.9999999605490708e-01 9.0990194693889262e-02 5.0609172301493693e-05 3.6541368497377129e+00 51
1 0 1 1 3.0165419623042278e-03 2.9316397387826971e-03 2.9316398715837889e-03 9.9999997284413988e-01 9.0990104613685688e-02 1.3277984985849973e-04 3.6541428758528247e+00 13
1 0 1 1 3.0165408739082399e-03 2.9316385551139751e-03 2.9316388014235389e-03 9.9999994963328509e-01 9.0990014533571306e-02 1.8083062436095691e-04 3.6541489019619795e+00 14
1 0 1 1 3.0165299903108672e-03 2.9316267187735642e-03 2.9316281001738605e-03 9.9999971752095684e-01 9.0989113741345273e-02 4.2824377418878797e-04 3.6542091624499173e+00 17
1 0 1 1 3.0164211905942366e-03 2.9315083900651713e-03 2.9315211229756781e-03 9.9999739601936399e-01 9.0980106710780911e-02 1.3001532138696749e-03 3.6548117070201727e+00 21
1 0 1 1 3.0163124479673275e-03 2.9313901148356747e-03 2.9314142012712438e-03 9.9999507364193574e-01 9.0971100571824295e-02 1.7882010832478644e-03 3.6554141906213462e+00 22
1 0 1 1 3.0162037624015502e-03 2.9312718930585248e-03 2.9313073350331503e-03 9.9999275038865265e-01 9.0962095324387177e-02 2.1691442122540971e-03 3.6560166130767127e+00 23
1 0 1 1 3.0160969080494961e-03 2.9311534438152425e-03 2.9312002744528807e-03 9.9999041989524151e-01 9.0953090968381306e-02 2.4934116148070916e-03 3.6566214430273525e+00 23
1 0 1 1 3.0159904679280800e-03 2.9310349922595982e-03 2.9310932198434473e-03 9.9998808724174515e-01 9.0944087503718435e-02 2.7803073519875980e-03 3.6572267084370003e+00 23
1 0 1 1 3.0158840870558525e-03 2.9309165946397476e-03 2.9309862212285602e-03 9.9998575370115916e-01 9.0935084930310328e-02 3.0402930979481634e-03 3.6578319151889849e+00 24
1 0 1 1 3.0157777654048622e-03 2.9307982509301812e-03 2.9308792785818641e-03 9.9998341927345902e-01 9.0926083248068765e-02 3.2797744756474603e-03 3.6584370631052971e+00 24
1 0 1 1 3.0156715029475778e-03 2.9306799611052976e-03 2.9307723918769049e-03 9.9998108395862106e-01 9.0917082456905537e-02 3.5029593374775541e-03 3.6590421520080953e+00 24
1 0 1 1 3.0155652996561341e-03 2.9305617251395590e-03 2.9306655610872902e-03 9.9997874775662243e-01 9.0908082556732425e-02 3.7127876760267207e-03 3.6596471817191412e+00 24
1 0 1 1 3.0144884744789380e-03 2.9293828459159761e-03 2.9296007956554279e-03 9.9995534738018588e-01 9.0818172565892197e-02 5.3789598522886234e-03 3.6656914933044860e+00 25
1 0 1 1 3.0134288321712536e-03 2.9282061751657222e-03 2.9285387965305378e-03 9.9993178588443543e-01 9.0728351497909268e-02 6.6449110052327828e-03 3.6717576784421313e+00 25
1 0 1 1 3.0123609938756154e-03 2.9270336885694266e-03 2.9274813235355508e-03 9.9990810716814160e-01 9.0638619264837073e-02 7.7084932414349487e-03 3.6778284577035794e+00 25
1 0 1 1 3.0113027813052635e-03 2.9258641898672983e-03 2.9264273174641918e-03 9.9988428279064123e-01 9.0548975778816043e-02 8.6457789799426008e-03 3.6839145203423835e+00 25
1 0 1 1 3.0102512156416901e-03 2.9246978916265946e-03 2.9253769691994494e-03 9.9986031684804721e-01 9.0459420952073488e-02 9.4940913189783781e-03 3.6900139822437126e+00 25
1 0 1 1 3.0091930570423429e-03 2.9235357940395517e-03 2.9243311720020325e-03 9.9983623100278007e-01 9.0369954696923535e-02 1.0274788653234473e-02 3.6961182114166640e+00 25
1 0 1 1 3.0081534414596266e-03 2.9223757009801368e-03 2.9232879777125595e-03 9.9981197386924514e-01 9.0280576925767020e-02 1.1003782453234363e-02 3.7022466433696866e+00 25
1 0 1 1 2.9979520832087978e-03 2.9110157237990119e-03 2.9131162610326147e-03 9.9956274268188205e-01 8.9395560873123101e-02 1.6693677192940945e-02 3.7638937296922124e+00 25
1 0 1 1 2.9881606245342994e-03 2.8999913468622904e-03 2.9033282073065428e-03 9.9929844979966809e-01 8.8519220589289141e-02 2.1034637578768275e-02 3.8268507663306908e+00 25
1 0 1 1 2.9787897233674722e-03 2.8893080314023665e-03 2.8939327785876042e-03 9.9901797742539045e-01 8.7651471026130454e-02 2.4754811165969164e-02 3.8911949940840955e+00 26
1 0 1 1 2.9698552659510715e-03 2.8789721812264284e-03 2.8849402942395250e-03 9.9872008283864444e-01 8.6792227969235025e-02 2.8109526804723492e-02 3.9570153175491805e+00 26
1 0 1 1 2.9613732254642768e-03 2.8689922066314267e-03 2.8763634436843499e-03 9.9840340432924202e-01 8.5941408029740596e-02 3.1224355006808223e-02 4.0244052139972890e+00 26
1 0 1 1 2.9533572942266302e-03 2.8593789563814641e-03 2.8682177426453195e-03 9.9806645116709947e-01 8.5098928636241800e-02 3.4172397698650582e-02 4.0934611762363140e+00 27
1 0 1 1 2.9458189801363438e-03 2.8501449087003357e-03 2.8605209240749898e-03 9.9770755440864645e-01 8.4264708026776713e-02 3.7001259495471034e-02 4.1642937704929617e+00 27
1 0 1 1 2.9414982669437365e-03 2.8447314663482548e-03 2.8560769048239288e-03 9.9747825168674753e-01 8.3762438769854480e-02 3.8674638896684183e-02 4.2082040927858788e+00 27
1 0 1 1 2.9374364647820703e-03 2.8395528705680486e-03 2.8518801945032111e-03 9.9724375956718159e-01 8.3271417685043980e-02 4.0295306239551798e-02 4.2520978136830498e+00 27
1 0 1 1 2.9336225896309303e-03 2.8346018834275199e-03 2.8479243637753756e-03 9.9700388087228631e-01 8.2791090711037768e-02 4.1870395876012607e-02 4.2960032455925576e+00 27
1 0 1 1 2.9300658339035611e-03 2.8298757301339576e-03 2.8442066195077565e-03 9.9675861783136621e-01 8.2321386446211453e-02 4.3404630317759353e-02 4.3399147932904087e+00 28
1 0 1 1 2.9267673996858012e-03 2.8253730039364284e-03 2.8407252286476357e-03 9.9650805019131539e-01 8.1862327465031665e-02 4.4901512384552984e-02 4.3838122161671897e+00 28
1 0 1 1 2.9236999927916819e-03 2.8210896177217402e-03 2.8374764769554970e-03 9.9625208469563853e-01 8.1413519329199324e-02 4.6364919959126297e-02 4.4276994734084534e+00 28
1 0 1 1 2.9208857191472502e-03 2.8170170832172475e-03 2.8344532736359744e-03 9.9599037961079495e-01 8.0974360124831668e-02 4.7799660463163585e-02 4.4716355765744034e+00 28
1 0 1 1 2.9183080777918954e-03 2.8131629928921042e-03 2.8316607051628701e-03 9.9572355985174488e-01 8.0545667985231773e-02 4.9204705493399406e-02 4.5155026472108135e+00 28
1 0 1 1 2.9159715246576913e-03 2.8095126996746100e-03 2.8290874153756910e-03 9.9545080644857520e-01 8.0126058087032798e-02 5.0586545872550626e-02 4.5594347228939007e+00 28
1 0 1 1 2.9138637443701966e-03 2.8060734797577705e-03 2.8267380339899659e-03 9.9517279023727845e-01 7.9716372567952137e-02 5.1943523818003066e-02 4.6033112054142311e+00 28
1 0 1 1 2.9120004512814364e-03 2.8028335841306417e-03 2.8246036742489425e-03 9.9488879452415779e-01 7.9315527439878880e-02 5.3280845467393423e-02 4.6472486096568435e+00 28
1 0 1 1 2.9103570979416896e-03 2.7998006012075450e-03 2.8226888331454709e-03 9.9459961573252287e-01 7.8924408052983591e-02 5.4596084705222966e-02 4.6911087108606075e+00 28
1 0 1 1 2.9089433735079639e-03 2.7969615000914320e-03 2.8209844556816304e-03 9.9430423858382844e-01 7.8541566021032405e-02 5.5895159321395681e-02 4.7350446650241649e+00 28
1 0 1 1 2.9077654282137180e-03 2.7943214779299454e-03 2.8194929478115812e-03 9.9400340122038833e-01 7.8167885144733718e-02 5.7175920006871564e-02 4.7789437853120207e+00 28
1 0 1 1 2.9068089742852032e-03 2.7918768425862317e-03 2.8182114465555210e-03 9.9369689768578406e-01 7.7802903470865742e-02 5.8440241430736471e-02 4.8228267155249620e+00 29
1 0 1 1 2.9060696814077495e-03 2.7896227855513153e-03 2.8171366805455900e-03 9.9338433588558706e-01 7.7446054780162255e-02 5.9690605356343046e-02 4.8667447757366107e+00 29
1 0 1 1 2.9055533851176482e-03 2.7875600567899960e-03 2.8162682210434533e-03 9.9306604259619757e-01 7.7097612146882571e-02 6.0926479758313404e-02 4.9106472879769827e+00 29
1 0 1 1 2.9052582706997543e-03 2.7856859423795758e-03 2.8156039455930568e-03 9.9274187802005176e-01 7.6757304001824067e-02 6.2149148757545493e-02 4.9545497516035315e+00 29
1 0 1 1 2.9051836486277574e-03 2.7839985801532776e-03 2.8151422002735292e-03 9.9241180512783467e-01 7.6424986012766566e-02 6.3359410407351296e-02 4.9984535724446246e+00 29
1 0 1 1 2.9053273144147790e-03 2.7824965053884865e-03 2.8148815680854910e-03 9.9207583001550825e-01 7.6100545110974915e-02 6.4557825853064799e-02 5.0423529224447927e+00 29
1 0 1 1 2.9056867215476816e-03 2.7811779270421927e-03 2.8148206824337631e-03 9.9173385725841778e-01 7.5783768714424216e-02 6.5745253225122091e-02 5.0862545736203923e+00 29
1 1 1 1 2.9062637197214492e-03 2.7800411068521027e-03 2.8149581554534572e-03 9.9138581527982905e-01 7.5474506594952917e-02 6.6922441090797979e-02 5.1301655252547205e+00 29
1 1 1 1 2.9070558629210605e-03 2.7790852962264155e-03 2.8152927315084086e-03 9.9103186501242857e-01 7.5172781660171273e-02 6.8089277707842982e-02 5.1740600168452691e+00 29
1 1 1 1 2.9080627258011946e-03 2.7783085597014828e-03 2.8158234915163253e-03 9.9067175204005309e-01 7.4878267295360290e-02 6.9247001937056865e-02 5.2179649412197042e+00 29
1 1 1 1 2.9092832901852594e-03 2.7777099522095202e-03 2.8165493578413106e-03 9.9030553762752294e-01 7.4590911908647722e-02 7.0395764708903852e-02 5.2618676672988629e+00 29
1 1 1 1 2.9107069414593947e-03 2.7772883085891357e-03 2.8174694778780331e-03 9.8993316162703804e-01 7.4310564010307001e-02 7.1536077349030891e-02 5.3057702889891152e+00 29
1 1 1 1 2.9123415814305328e-03 2.7770426001884020e-03 2.8185830911409294e-03 9.8955457676793368e-01 7.4037086812607011e-02 7.2668372358484723e-02 5.3496729850144362e+00 29
1 1 1 1 2.9141996810575178e-03 2.7769712392326012e-03 2.8198893569290162e-03 9.8916961619293708e-01 7.3770346698720402e-02 7.3793539784560477e-02 5.3936015772948176e+00 29
1 1 1 1 2.9162625620956176e-03 2.7770737050594367e-03 2.8213851380459514e-03 9.8877903287058599e-01 7.3510680780882354e-02 7.4909552877905530e-02 5.4374564063123634e+00 29
1 1 1 1 2.9185278303233498e-03 2.7773495910943858e-03 2.8230748348292544e-03 9.8838150866713692e-01 7.3257107511055047e-02 7.6020377768980574e-02 5.4813785458370079e+00 29
1 1 1 1 2.9210203182772725e-03 2.7777974295810338e-03 2.8249553255574851e-03 9.8797755748255522e-01 7.3009995013061768e-02 7.7124906574844637e-02 5.5253208195583223e+00 30
1 1 1 1 2.9237049160871138e-03 2.7784155396985361e-03 2.8270213700734553e-03 9.8756820350073349e-01 7.2769752415992400e-02 7.8220423802337014e-02 5.5691539654082565e+00 30
1 1 1 1 2.9266129644821438e-03 2.7792061466532449e-03 2.8292829942228198e-03 9.8715128873889491e-01 7.2535095181704923e-02 7.9312978436399909e-02 5.6131139574257816e+00 30
1 1 1 1 2.9297223955584636e-03 2.7801652410562924e-03 2.8317294246180736e-03 9.8672876249791985e-01 7.2307027477470670e-02 8.0397550656000100e-02 5.6569863391199302e+00 30
1 1 1 1 2.9330482319916539e-03 2.7812948036544942e-03 2.8343673642480718e-03 9.8629932860525371e-01 7.2084776485367735e-02 8.1477688089312966e-02 5.7009058842241878e+00 30
1 1 1 1 2.9365749693907699e-03 2.7825926116795958e-03 2.8371921962741346e-03 9.8586370292066272e-01 7.1868609950089590e-02 8.2551657460471287e-02 5.7447898489122347e+00 30
1 1 1 1 2.9403299452414335e-03 2.7840603536640179e-03 2.8402087361648187e-03 9.8542104971230016e-01 7.1658104712114812e-02 8.3621759632341780e-02 5.7887288827306334e+00 30
1 1 1 1 2.9442700577785082e-03 2.7856934294505221e-03 2.8434078735557248e-03 9.8497268492418799e-01 7.1453723079763887e-02 8.4684791035703796e-02 5.8325750759319526e+00 30
1 1 1 1 2.9484432536841815e-03 2.7874987538789118e-03 2.8468040481997190e-03 9.8451651699989062e-01 7.1254524102842692e-02 8.5745951401363846e-02 5.8765417751986524e+00 30
1 1 1 1 2.9528223614319286e-03 2.7894671590430963e-03 2.8503803406492419e-03 9.8405480980680504e-01 7.1061404019452629e-02 8.6800011331747168e-02 5.9204020357375837e+00 30
1 1 1 1 2.9574044574273745e-03 2.7916051440935101e-03 2.8541491603089456e-03 9.8358590965126236e-01 7.0873561337886415e-02 8.7850817582058871e-02 5.9643054378055744e+00 30
1 1 1 1 2.9622033525630678e-03 2.7939115146052625e-03 2.8581086548601694e-03 9.8311005842313470e-01 7.0691061881396150e-02 8.8897894518169318e-02 6.0082266736917607e+00 30
1 1 1 1 2.9672253797308414e-03 2.7963846046826406e-03 2.8622564786936204e-03 9.8262751952088268e-01 7.0514003833858474e-02 8.9940853473907012e-02 6.0521482351104172e+00 30
1 1 1 1 2.9724526012944062e-03 2.7990207157298952e-03 2.8665868315716683e-03 9.8213893767196148e-01 7.0342484159403029e-02 9.0978287865269264e-02 6.0959981417949338e+00 30
1 1 1 1 2.9779014664265244e-03 2.8018292262559216e-03 2.8711154182756767e-03 9.8164254516672633e-01 7.0175833559581180e-02 9.2014012415607846e-02 6.1399319411010556e+00 30
1 1 1 1 2.9835585319002134e-03 2.8048030886860392e-03 2.8758310369393358e-03 9.8113959849929433e-01 7.0014435482254361e-02 9.3045434348024883e-02 6.1838343133664040e+00 30
1 1 1 1 2.9894333735652127e-03 2.8079443619081299e-03 2.8807373134434543e-03 9.8062970541278693e-01 6.9858105349027588e-02 9.4073432258294537e-02 6.2277370752426240e+00 30
1 1 1 1 2.9955269498326540e-03 2.8112531525742892e-03 2.8858346741336169e-03 9.8011283501591939e-01 6.9706783555608998e-02 9.5098117299040844e-02 6.2716397125229397e+00 30
1 1 1 1 3.0018403929726618e-03 2.8147296747551591e-03 2.8911236912169519e-03 9.7958894684914499e-01 6.9560408819924480e-02 9.6119612609986291e-02 6.3155423830885384e+00 30
1 1 1 1 3.0083749005998155e-03 2.8183741915227818e-03 2.8966049912255831e-03 9.7905800045618729e-01 6.9418921269748246e-02 9.7138033855455982e-02 6.3594450722721936e+00 30
1 1 1 1 3.0151317622015756e-03 2.8221870289365921e-03 2.9022792772190331e-03 9.7851995301934569e-01 6.9282261803309930e-02 9.8153493964282884e-02 6.4033477814104494e+00 31
1 1 1 1 3.0221123589135724e-03 2.8261685756183247e-03 2.9081473284336954e-03 9.7797475935142064e-01 6.9150372178994446e-02 9.9166103094993074e-02 6.4472505137730280e+00 31
1 1 1 1 3.0293181648814475e-03 2.8303192831764918e-03 2.9142100012572122e-03 9.7742237175518853e-01 6.9023195065895881e-02 1.0017596885614705e-01 6.4911532724731735e+00 31
1 1 1 1 3.0367507490082759e-03 2.8346396668499393e-03 2.9204682305198535e-03 9.7686273985991368e-01 6.8900674090207614e-02 1.0118319656008262e-01 6.5350560608759620e+00 31
1 1 1 1 3.0444117766556321e-03 2.8391303061223198e-03 2.9269230307315884e-03 9.7629581047097258e-01 6.8782753886685422e-02 1.0218788944390997e-01 6.5789588826087684e+00 31
1 1 1 1 3.0522949160301095e-03 2.8437918453340797e-03 2.9335754973051609e-03 9.7572152742906015e-01 6.8669380153550452e-02 1.0319014886814006e-01 6.6228617415753472e+00 31
1 1 1 1 3.0604080489502932e-03 2.8486249942849366e-03 2.9404268077563179e-03 9.7513983147994598e-01 6.8560499710468126e-02 1.0419007449449354e-01 6.6667646420030939e+00 31
1 1 1 1 3.0687551771974831e-03 2.8536308369642273e-03 2.9474786476868364e-03 9.7455062878665166e-01 6.8456060559411752e-02 1.0518783041134704e-01 6.7106710919042962e+00 31
1 1 1 1 3.0773540323108264e-03 2.8588128405139012e-03 2.9547359129324931e-03 9.7395361390217394e-01 6.8356036768861317e-02 1.0618406294114073e-01 6.7546123860403808e+00 31
1 1 1 1 3.0861658908888832e-03 2.8641535453728297e-03 2.9621745249074714e-03 9.7335074556789614e-01 6.8260638115272443e-02 1.0717539182476855e-01 6.7984283603865956e+00 31
1 1 1 1 3.0952287115382270e-03 2.8696852841677343e-03 2.9698396647812185e-03 9.7273841396550431e-01 6.8169256580054960e-02 1.0816772502793849e-01 6.8423759359138030e+00 31
1 1 1 1 3.1045291885814287e-03 2.8753890595258872e-03 2.9777049889191287e-03 9.7211882312669939e-01 6.8082222809597970e-02 1.0915746271831932e-01 6.8862940674778939e+00 31
1 1 1 1 3.1140914359408904e-03 2.8812712910268692e-03 2.9857793542400666e-03 9.7149139177078792e-01 6.7999483720053683e-02 1.1014568692064781e-01 6.9302344672058016e+00 31
1 1 1 1 3.1238519346695449e-03 2.8873094075751063e-03 2.9940322899975409e-03 9.7085842851271176e-01 6.7921200773908064e-02 1.1112859927034824e-01 6.9740147300648525e+00 31
1 1 1 1 3.1339067995427689e-03 2.8935565929396000e-03 3.0025365009845643e-03 9.7021445971422404e-01 6.7846701797842940e-02 1.1211470403981710e-01 7.0180129999915186e+00 31
1 1 1 1 3.1442169474058430e-03 2.8999750155262148e-03 3.0112402327312619e-03 9.6956359283070881e-01 6.7776531316422972e-02 1.1309779553641450e-01 7.0619576754937743e+00 31
1 1 1 1 3.1547092411603086e-03 2.9065439887426469e-03 3.0201161730196257e-03 9.6890775122080530e-01 6.7710718507157375e-02 1.1407480224684141e-01 7.1056955380380344e+00 31
1 1 1 1 3.1655629290738528e-03 2.9133506645385599e-03 3.0292817101563634e-03 9.6823849613744439e-01 6.7648520367454640e-02 1.1505844906691487e-01 7.1498052253997786e+00 31
1 1 1 1 3.1765735238207470e-03 2.9202812916133895e-03 3.0385840324816298e-03 9.6756697942732162e-01 6.7590881304239736e-02 1.1603216666110658e-01 7.1935333414119187e+00 31
1 1 1 1 3.1879172254554249e-03 2.9274408128392056e-03 3.0481641289071184e-03 9.6688310944581990e-01 6.7536923102955199e-02 1.1701067417236997e-01 7.2375409228272085e+00 31
1 1 1 1 3.1994944348275826e-03 2.9347649235631993e-03 3.0579359135693616e-03 9.6619315849683640e-01 6.7487148594313429e-02 1.1798492188415594e-01 7.2814193020083415e+00 31
1 1 1 1 3.2113337414675538e-03 2.9422754074790837e-03 3.0679287715564187e-03 9.6549507779443977e-01 6.7441350463101069e-02 1.1895778919659518e-01 7.3252931273726523e+00 31
1 1 1 1 3.2234680838535562e-03 2.9499885184353092e-03 3.0781643112010653e-03 9.6478748929038782e-01 6.7399449827032110e-02 1.1993118288734755e-01 7.3692481849649480e+00 31
1 1 1 1 3.2358540842656719e-03 2.9578768094400297e-03 3.0886062451384753e-03 9.6407298697625921e-01 6.7361578418207280e-02 1.2090150066475337e-01 7.4131189499171617e+00 31
1 1 1 1 3.2485067806298359e-03 2.9659555838514647e-03 3.0992751765575250e-03 9.6335018446734966e-01 6.7327603375367501e-02 1.2187056067653609e-01 7.4569816388323442e+00 32
1 1 1 1 3.2615249018007162e-03 2.9742706292914169e-03 3.1102311541984524e-03 9.6261528094594784e-01 6.7297437219435902e-02 1.2284352050361806e-01 7.5010764186624224e+00 32
1 1 1 1 3.2746304769342665e-03 2.9826707996299965e-03 3.1212759766398282e-03 9.6188140682314216e-01 6.7271444152394833e-02 1.2380283567555271e-01 7.5445924320472768e+00 32
1 1 1 1 3.2883412205680835e-03 2.9914576756281549e-03 3.1328053427763292e-03 9.6112267683430486e-01 6.7248877932980344e-02 1.2478246134800432e-01 7.5890832221636870e+00 32
1 1 1 1 3.3019525507854692e-03 3.0001966821799997e-03 3.1442498167107312e-03 9.6037645786301629e-01 6.7230712141515492e-02 1.2573401282398852e-01 7.6323385278278160e+00 32
1 1 1 1 3.3161338203111022e-03 3.0093214867933610e-03 3.1561778451478666e-03 9.5960566903121436e-01 6.7215965428360780e-02 1.2670480742361817e-01 7.6765038410361806e+00 32
1 1 1 1 3.3308451872228126e-03 3.0187817352206135e-03 3.1685218157312804e-03 9.5881540820198130e-01 6.7205075575202222e-02 1.2768811981155800e-01 7.7212898176923526e+00 32
1 1 1 1 3.3447114427688526e-03 3.0277122539912925e-03 3.1801556497833665e-03 9.5807698738242064e-01 6.7198512107999375e-02 1.2859597335090364e-01 7.7626686328596293e+00 40
1 1 1 1 3.3466832566881929e-03 3.0289871747815333e-03 3.1818151255301025e-03 9.5797212905301876e-01 6.7197846842729503e-02 1.2872402955092696e-01 7.7685063931631380e+00 41
1 1 1 1 3.3488461299805575e-03 3.0303857943549646e-03 3.1836352988367359e-03 9.5785722787113414e-01 6.7197181584045765e-02 1.2886407973052905e-01 7.7748898980607617e+00 43
1 1 1 1 3.3788599359162504e-03 3.0497396107083134e-03 3.2087789550127284e-03 9.5628524944082482e-01 6.7196516331948078e-02 1.3075701792794472e-01 7.8612873310866540e+00 36
1 1 1 1 3.4623664473189915e-03 3.1037182448483756e-03 3.2785651368307431e-03 9.5205001861337368e-01 6.7263040883116701e-02 1.3564865498636575e-01 8.0850548373689186e+00 32
1 1 1 1 3.7323624485774681e-03 3.2782209795283214e-03 3.5020431004633905e-03 9.3946573910611164e-01 6.7928944987859563e-02 1.4871844523957781e-01 8.6850230540742377e+00 32
1 1 1 1 3.9132553683224221e-03 3.3944453723222796e-03 3.6499237177957428e-03 9.3175810747967136e-01 6.8601441543239369e-02 1.5587443515753865e-01 9.0136583357769702e+00 33
1 1 1 1 4.0726250515486107e-03 3.4961454593941273e-03 3.7790176549279374e-03 9.2534630371743232e-01 6.9280595814517440e-02 1.6143992799136817e-01 9.2687692629681599e+00 33
1 1 1 1 4.6383092072697658e-03 3.8510870166215262e-03 4.2288124799459833e-03 9.0482578692661608e-01 7.2035274439418373e-02 1.7741464544162200e-01 9.9958251306633397e+00 35
1 1 1 1 5.5902699135091712e-03 4.4269415072944246e-03 4.9594698107991528e-03 8.7596801601071450e-01 7.7084482771447416e-02 1.9650661527878666e-01 1.0847023505131673e+01 36
1 1 1 1 6.7793068166369305e-03 5.1129366021820735e-03 5.8338382468508558e-03 8.4660933034668262e-01 8.3401327384533097e-02 2.1323711427937853e-01 1.1568296909710325e+01 37
1 1 1 1 8.2466380905940710e-03 5.9178180118679572e-03 6.8656334873488725e-03 8.1717175460973557e-01 9.0881970850770211e-02 2.2814183698306903e-01 1.2184619714954453e+01 38
1 1 1 1 9.9245025888957186e-03 6.7931054667725249e-03 7.9941517445727799e-03 7.8971177697853578e-01 9.8948964768075465e-02 2.4081277043915014e-01 1.2684509769357257e+01 39
1 1 1 1 1.1731494980770456e-02 7.6925786156154773e-03 9.1597668068096657e-03 7.6524795297168002e-01 1.0710861783469855e-01 2.5133165917438183e-01 1.3079913793911373e+01 39
1 1 1 1 1.3629508938262133e-02 8.5981099156465096e-03 1.0338263920929914e-02 7.4361555496398524e-01 1.1517484679226564e-01 2.6014755391299421e-01 1.3395960401352847e+01 40
1 1 1 1 1.5601868984592411e-02 9.5038229119669589e-03 1.1521237468272156e-02 7.2437773257214089e-01 1.2309512514354104e-01 2.6766831592068452e-01 1.3653466109060744e+01 40
1 1 1 1 1.7640839432867750e-02 1.0408134570074046e-02 1.2705880982265823e-02 7.0712742236314963e-01 1.3086195714100313e-01 2.7419389860941856e-01 1.3867299033962887e+01 41
1 1 1 1 1.9740956584717619e-02 1.1310489443193619e-02 1.3890942472172235e-02 6.9153075428018573e-01 1.3848019654912830e-01 2.7993881798908615e-01 1.4047714973425455e+01 41
1 1 1 1 2.1899058172576567e-02 1.2211143973080129e-02 1.5076299775619549e-02 6.7732083746678740e-01 1.4596135707162622e-01 2.8505952488465025e-01 1.4202067347474522e+01 42
1 1 1 1 2.4112109331408949e-02 1.3110153144399629e-02 1.6261666557589222e-02 6.6429046171014039e-01 1.5331489906645268e-01 2.8967014536538160e-01 1.4335630051519715e+01 42
1 1 1 1 2.6378513216767960e-02 1.4007898830220328e-02 1.7447161620467614e-02 6.5227527928617313e-01 1.6055098290396452e-01 2.9385676914559350e-01 1.4452389783174320e+01 43
1 1 1 1 2.8695873817683501e-02 1.4904366198855023e-02 1.8632484024509930e-02 6.4114403427263278e-01 1.6767640217111462e-01 2.9768504331248324e-01 1.4555307918136101e+01 43
1 1 1 1 3.1060733109624011e-02 1.5799460186762503e-02 1.9817521506749716e-02 6.3077733635259892e-01 1.7470003307379461e-01 3.0121026279742985e-01 1.4646609621156559e+01 44
1 1 1 1 3.3476863124062360e-02 1.6694764107226173e-02 2.1003727492095805e-02 6.2109064962866267e-01 1.8163394345549511e-01 3.0447281824001859e-01 1.4728362963618983e+01 44
1 1 1 1 3.5933308217448744e-02 1.7587534519566173e-02 2.2187810483129965e-02 6.1201422303636788e-01 1.8846887921385425e-01 3.0750396537035329e-01 1.4801641307495025e+01 44
1 1 1 1 3.8440309394878677e-02 1.8481590527819263e-02 2.3374296538029703e-02 6.0346380747552941e-01 1.9523344307219526e-01 3.1033867345961647e-01 1.4868011388015246e+01 45
1 1 1 1 4.0986685848933328e-02 1.9373615064056948e-02 2.4558828475063053e-02 5.9541022282041567e-01 2.0190890438759168e-01 3.1299152132593688e-01 1.4928134975862918e+01 45
1 1 1 1 4.3575593855231146e-02 2.0265498791048012e-02 2.5744025588237001e-02 5.8778159466914515e-01 2.0851624530294943e-01 3.1549019916956789e-01 1.4982901041181295e+01 45
1 1 1 1 4.6209342150763583e-02 2.1158016011425546e-02 2.6930310481788955e-02 5.8055057980162628e-01 2.1505772378939869e-01 3.1784688358376528e-01 1.5033091533317432e+01 45
1 1 1 1 4.8878948262407927e-02 2.2048572928856605e-02 2.8114436494649484e-02 5.7369236007161994e-01 2.2152133901807836e-01 3.2007222110216010e-01 1.5079065138497597e+01 46
1 1 1 1 5.1589230643685660e-02 2.2939690016746773e-02 2.9299846610843030e-02 5.6715154014002322e-01 2.2793055498906167e-01 3.2218635374063487e-01 1.5121402271095183e+01 46
1 1 1 1 5.4337827684993095e-02 2.3830465138910462e-02 3.0485295934945745e-02 5.6090840131480635e-01 2.3428172638235445e-01 3.2419740741501646e-01 1.5160456553378980e+01 46
1 1 1 1 5.7127365865000182e-02 2.4721979999329929e-02 3.1671516635369976e-02 5.5495036963477273e-01 2.4057643188830069e-01 3.2611052458983847e-01 1.5196699166179792e+01 46
1 1 1 1 5.9947596350372973e-02 2.5611299002493360e-02 3.2855044323894175e-02 5.4926073597525116e-01 2.4680282064462233e-01 3.2793247592942698e-01 1.5230244223024506e+01 46
1 1 1 1 6.2808818761857454e-02 2.6502164272339080e-02 3.4040889722571896e-02 5.4379471482392705e-01 2.5299024157718597e-01 3.2967864471139630e-01 1.5261484442409621e+01 47
1 1 1 1 6.5703333112095877e-02 2.7392462583072874e-02 3.5226209553556306e-02 5.3854891188331433e-01 2.5912601045853179e-01 3.3135094891141825e-01 1.5290566742725334e+01 47
1 1 1 1 6.8632245791030957e-02 2.8282532270496361e-02 3.6411426704028735e-02 5.3350598162515972e-01 2.6521445818874867e-01 3.3295563167036885e-01 1.5317702531197146e+01 47
1 1 1 1 7.1598110510316532e-02 2.9173355418012095e-02 3.7597359290899197e-02 5.2865721747733030e-01 2.7125805745432974e-01 3.3449566327386304e-01 1.5343138472932722e+01 47
1 1 1 1 7.4594315546395312e-02 3.0063154848208352e-02 3.8781708763963647e-02 5.2399684225658283e-01 2.7724766203017548e-01 3.3597342774560179e-01 1.5366964420351218e+01 47
1 1 1 1 7.7625066607510215e-02 3.0953367041357639e-02 3.9966636177457535e-02 5.1949966608428366e-01 2.8319806225939803e-01 3.3739757478702215e-01 1.5389330163772090e+01 48
1 1 1 1 8.0689908341530114e-02 3.1844104556329564e-02 4.1152271174316114e-02 5.1515513389021683e-01 2.8911140900022847e-01 3.3877181144963647e-01 1.5410358221363806e+01 48
1 1 1 1 8.3784407235451913e-02 3.2734526465180248e-02 4.2337476196040960e-02 5.1095804354951091e-01 2.9498348393924068e-01 3.4009809717268541e-01 1.5430137398082115e+01 48
1 1 1 1 8.6910317130185280e-02 3.3624966902666788e-02 4.3522679568232726e-02 5.0689818015947130e-01 3.0081780978092654e-01 3.4137993013675688e-01 1.5448773634423279e+01 48
1 1 1 1 9.0067171501680851e-02 3.4515437133795575e-02 4.4707881462246787e-02 5.0296764282672723e-01 3.0661568415562268e-01 3.4262003624821075e-01 1.5466355139691441e+01 48
1 1 1 1 9.3255067433516914e-02 3.5406107263366481e-02 4.5893213546716931e-02 4.9915990072028710e-01 3.1237832909977437e-01 3.4382058868108095e-01 1.5482969912817570e+01 48
1 1 1 1 9.6477006934367004e-02 3.6298006409469709e-02 4.7079365540695514e-02 4.9547518023635795e-01 3.1810498115791042e-01 3.4498096629663783e-01 1.5498750055017497e+01 49
1 1 1 1 9.9720229374609171e-02 3.7187679363856842e-02 4.8262391111502670e-02 4.9190959774346327e-01 3.2378295084273390e-01 3.4610323692239886e-01 1.5513653586543866e+01 49
1 1 1 1 1.0300185762985091e-01 3.8079938838117180e-02 4.9448677751522882e-02 4.8843819349275430e-01 3.2944390413905911e-01 3.4719538331118410e-01 1.5527819851246718e+01 49
1 1 1 1 1.0630955719606831e-01 3.8971520721606950e-02 5.0633874151594448e-02 4.8506868296781686e-01 3.3506794745975799e-01 3.4825508609718953e-01 1.5541248459102187e+01 49
1 1 0 1 1.0964581167625177e-01 3.9863252019689675e-02 5.1819069755838339e-02 4.8179291082710540e-01 3.4066120500997732e-01 3.4928500509885019e-01 1.5554001756163260e+01 49
1 1 0 1 1.1300897408536560e-01 4.0755139810197523e-02 5.3004264638180532e-02 4.7860630336511850e-01 3.4622454140446823e-01 3.5028665976716888e-01 1.5566124519511011e+01 49
1 1 0 1 1.1640002136198251e-01 4.1647190588106793e-02 5.4189458858487624e-02 4.7550460245402743e-01 3.5175877823830404e-01 3.5126145880005422e-01 1.5577657755500690e+01 49
