isScalarized | massIncreased | isMonotoneInside | isMonotoneOutside | mass_Baryon | mass_ADM | AST(radius) | radius  |  phi_c | rho_c | ctr |
1 0 1 1 3.3193824105888253e-02 2.4770125410824018e-02 1.0000000142225922e+00 8.4150599999995107e-02 4.9983656028710320e-03 1.8977893292962236e+01 75
1 1 1 1 3.3193722965528104e-02 2.4770057246980969e-02 1.0000000147039541e+00 8.4150349999995114e-02 5.0821164234224414e-03 1.8977593375375086e+01 23
1 1 1 1 3.3193621822602527e-02 2.4769989081842862e-02 1.0000000151853370e+00 8.4150099999995120e-02 5.1645044918133222e-03 1.8977293484594945e+01 23
1 1 1 1 3.3193520677111760e-02 2.4769920915410418e-02 1.0000000156667410e+00 8.4149849999995127e-02 5.2455940201887969e-03 1.8976993620617652e+01 23
1 1 1 1 3.3193419529055246e-02 2.4769852747682942e-02 1.0000000161481659e+00 8.4149599999995134e-02 5.3254443265163005e-03 1.8976693783443626e+01 23
1 1 1 1 3.3191716830039679e-02 2.4768705295821952e-02 1.0000000242536802e+00 8.4145392519995130e-02 6.5237338856594758e-03 1.8971651568415730e+01 22
1 1 1 1 3.3180376855276673e-02 2.4761066420997575e-02 1.0000000783005765e+00 8.4117416695320912e-02 1.1688145985990061e-02 1.8938318245497594e+01 31
1 1 1 1 3.3168888320125364e-02 2.4753333107687736e-02 1.0000001331690112e+00 8.4089156328567505e-02 1.5198628783709494e-02 1.8904985025257140e+01 35
1 1 1 1 3.3157246623114714e-02 2.4745502539133660e-02 1.0000001888850047e+00 8.4060603888596264e-02 1.8047826975039014e-02 1.8871651926651367e+01 28
1 1 1 1 3.3145446964617922e-02 2.4737571777163611e-02 1.0000002454757153e+00 8.4031751518517328e-02 2.0513379952370601e-02 1.8838318899476384e+01 22
1 1 1 1 3.3133484357844370e-02 2.4729537770259435e-02 1.0000003029693976e+00 8.4002591071795807e-02 2.2720729287096623e-02 1.8804985883267744e+01 18
1 1 1 1 3.3121353645474784e-02 2.4721397365390127e-02 1.0000003613953334e+00 8.3973114161722262e-02 2.4739274328210301e-02 1.8771652878516534e+01 15
1 1 1 1 3.3109049468832814e-02 2.4713147287985338e-02 1.0000004207839925e+00 8.3943312095479783e-02 2.6612193862474466e-02 1.8738319885755782e+01 13
1 1 1 1 3.3096566257582456e-02 2.4704784135777653e-02 1.0000004811670933e+00 8.3913175859262279e-02 2.8368522201854589e-02 1.8704986905542818e+01 12
1 1 1 1 3.3083898218779960e-02 2.4696304372247443e-02 1.0000005425776701e+00 8.3882696102514254e-02 3.0028897074091836e-02 1.8671653938456533e+01 12
1 1 1 1 3.3071039325245397e-02 2.4687704319681470e-02 1.0000006050501433e+00 8.3851863121227332e-02 3.1608614131492650e-02 1.8638320985138744e+01 12
1 1 1 1 3.3057983303142767e-02 2.4678980151742129e-02 1.0000006686203944e+00 8.3820666840120295e-02 3.3119386547004324e-02 1.8604988046226893e+01 12
1 1 1 1 3.3044723618805318e-02 2.4670127885601297e-02 1.0000007333258463e+00 8.3789096793826512e-02 3.4570423375844442e-02 1.8571655122445158e+01 12
1 1 1 1 3.3031253464626160e-02 2.4661143373512606e-02 1.0000007992055486e+00 8.3757142106732574e-02 3.5969123715148349e-02 1.8538322214510938e+01 12
1 1 1 1 3.3017565744076188e-02 2.4652022293868724e-02 1.0000008663002689e+00 8.3724791471684601e-02 3.7321541775704938e-02 1.8504989323230163e+01 12
1 1 1 1 3.3003653055643109e-02 2.4642760141618678e-02 1.0000009346525898e+00 8.3692033127156118e-02 3.8632709017888435e-02 1.8471656449425367e+01 12
1 1 1 1 3.2989507675714486e-02 2.4633352218051147e-02 1.0000010043070142e+00 8.3658854833030372e-02 3.9906863634927285e-02 1.8438323593988187e+01 12
1 1 1 1 3.2975121540252554e-02 2.4623793619871326e-02 1.0000010753100759e+00 8.3625243844695607e-02 4.1147618024773298e-02 1.8404990757868035e+01 12
1 1 1 1 3.2960486225182176e-02 2.4614079227509782e-02 1.0000011477104593e+00 8.3591186885396351e-02 4.2358083588138279e-02 1.8371657942052330e+01 12
1 1 1 1 3.2945592925400398e-02 2.4604203692608805e-02 1.0000012215591279e+00 8.3556670116756215e-02 4.3540965443659915e-02 1.8338325147629870e+01 12
1 1 1 1 3.2930432432238810e-02 2.4594161424603984e-02 1.0000012969094609e+00 8.3521679107134539e-02 4.4698635494005760e-02 1.8304992375718253e+01 12
1 1 1 1 3.2914995109324177e-02 2.4583946576342677e-02 1.0000013738174018e+00 8.3486198797906752e-02 4.5833189604872850e-02 1.8271659627550736e+01 12
1 1 1 1 3.2899270866599349e-02 2.4573553028623105e-02 1.0000014523416167e+00 8.3450213467190726e-02 4.6946492947194385e-02 1.8238326904409778e+01 12
1 1 1 1 3.2883249132445461e-02 2.4562974373605224e-02 1.0000015325436642e+00 8.3413706691082223e-02 4.8040216373118047e-02 1.8204994207678009e+01 12
1 1 1 1 3.2866918823652023e-02 2.4552203896944576e-02 1.0000016144881798e+00 8.3376661301990396e-02 4.9115865920172176e-02 1.8171661538843534e+01 12
1 1 1 1 3.2850268313069225e-02 2.4541234558559361e-02 1.0000016982430742e+00 8.3339059343860433e-02 5.0174806980827713e-02 1.8138328899486442e+01 12
1 1 1 1 3.2833285394739058e-02 2.4530058971901733e-02 1.0000017838797466e+00 8.3300882024064216e-02 5.1218284284971993e-02 1.8104996291286952e+01 12
1 1 1 1 3.2815957246279795e-02 2.4518669381610157e-02 1.0000018714733148e+00 8.3262109661646155e-02 5.2247438563673775e-02 1.8071663716080167e+01 12
1 1 1 1 3.2798270388178077e-02 2.4507057639322767e-02 1.0000019611028661e+00 8.3222721631442814e-02 5.3263320564370047e-02 1.8038331175801044e+01 12
1 1 1 1 3.2780210639823212e-02 2.4495215177575098e-02 1.0000020528517264e+00 8.3182696303939541e-02 5.4266902925373943e-02 1.8004998672542964e+01 12
1 1 1 1 3.2761763071856333e-02 2.4483132981517951e-02 1.0000021468077525e+00 8.3142010980248038e-02 5.5259090317808686e-02 1.7971666208554300e+01 12
1 1 1 1 3.2742911954508611e-02 2.4470801558258558e-02 1.0000022430636502e+00 8.3100641821834742e-02 5.6240728170233324e-02 1.7938333786257520e+01 12
1 1 1 1 3.2723640701521638e-02 2.4458210903599311e-02 1.0000023417173187e+00 8.3058563774449340e-02 5.7212610230759034e-02 1.7905001408242047e+01 12
1 1 1 1 3.2703931809223936e-02 2.4445350465918256e-02 1.0000024428722247e+00 8.3015750485766399e-02 5.8175485167296252e-02 1.7871669077335280e+01 12
1 1 1 1 3.2683766790165492e-02 2.4432209106830371e-02 1.0000025466378111e+00 8.2972174215891425e-02 5.9130062376950066e-02 1.7838336796554529e+01 12
1 1 1 1 3.2663126100865740e-02 2.4418775058378403e-02 1.0000026531299413e+00 8.2927805740292515e-02 6.0077017132972976e-02 1.7805004569172791e+01 12
1 1 1 1 3.2641989062941482e-02 2.4405035876321975e-02 1.0000027624713841e+00 8.2882614244142117e-02 6.1016995185583144e-02 1.7771672398739021e+01 12
1 1 1 1 3.2620333776910711e-02 2.4390978389102026e-02 1.0000028747923444e+00 8.2836567207217771e-02 6.1950616908798682e-02 1.7738340289082437e+01 12
1 1 1 1 3.2598137027897829e-02 2.4376588642034035e-02 1.0000029902310437e+00 8.2789630278421900e-02 6.2878481069752870e-02 1.7705008244367257e+01 12
1 1 1 1 3.2575374182262577e-02 2.4361851836151506e-02 1.0000031089343560e+00 8.2741767138663380e-02 6.3801168289823240e-02 1.7671676269102630e+01 12
1 1 1 1 3.2552019074164606e-02 2.4346752261119084e-02 1.0000032310585056e+00 8.2692939350924088e-02 6.4719244252386593e-02 1.7638344368200347e+01 12
1 1 1 1 3.2528043880830186e-02 2.4331273221491076e-02 1.0000033567698354e+00 8.2643106195947613e-02 6.5633262709348328e-02 1.7605012547007465e+01 12
1 1 1 1 3.2503418985205444e-02 2.4315396955545927e-02 1.0000034862456513e+00 8.2592224491947280e-02 6.6543768330128927e-02 1.7571680811339885e+01 12
1 1 1 1 3.2478112824463806e-02 2.4299104545787775e-02 1.0000036196751538e+00 8.2540248396500149e-02 6.7451299431918577e-02 1.7538349167562501e+01 12
1 1 1 1 3.2452091722577972e-02 2.4282375820076144e-02 1.0000037572604679e+00 8.2487129188361152e-02 6.8356390630671046e-02 1.7505017622618976e+01 12
1 1 1 1 3.2425319704995473e-02 2.4265189242224872e-02 1.0000038992177811e+00 8.2432815026908801e-02 6.9259575444266558e-02 1.7471686184125435e+01 12
1 1 1 1 3.2397758293052990e-02 2.4247521790686753e-02 1.0000040457786068e+00 8.2377250686281794e-02 7.0161388884069184e-02 1.7438354860416112e+01 12
1 1 1 1 3.2369366275538276e-02 2.4229348823797077e-02 1.0000041971911862e+00 8.2320377261171113e-02 7.1062370064203240e-02 1.7405023660661737e+01 12
1 1 1 1 3.2340099454264269e-02 2.4210643929754003e-02 1.0000043537220473e+00 8.2262131840409564e-02 7.1963064864716306e-02 1.7371692594936526e+01 11
1 1 1 1 3.2309910360161086e-02 2.4191378759263381e-02 1.0000045156577451e+00 8.2202447144300028e-02 7.2864028679220441e-02 1.7338361674351773e+01 11
1 1 1 1 3.2278747935728720e-02 2.4171522838431561e-02 1.0000046833068044e+00 8.2141251120645908e-02 7.3765829285081005e-02 1.7305030911163680e+01 11
1 1 1 1 3.2246557179085637e-02 2.4151043359102415e-02 1.0000048570018945e+00 8.2078466493935215e-02 7.4669049872094773e-02 1.7271700318938478e+01 11
1 1 1 1 3.2213278743973041e-02 2.4129904943341395e-02 1.0000050371022697e+00 8.2014010260965720e-02 7.5574292273613161e-02 1.7238369912694868e+01 11
1 1 1 1 3.2178848489208572e-02 2.4108069378249330e-02 1.0000052239965147e+00 8.1947793125381946e-02 7.6482180444146855e-02 1.7205039709112111e+01 11
1 1 1 1 3.2143196969836349e-02 2.4085495316568541e-02 1.0000054181056366e+00 8.1879718862036516e-02 7.7393364237381787e-02 1.7171709726744812e+01 11
1 1 1 1 3.2106248860903512e-02 2.4062137937774598e-02 1.0000056198865612e+00 8.1809683600704008e-02 7.8308523543594244e-02 1.7138379986270461e+01 11
1 1 1 1 3.2067922303118120e-02 2.4037948563357520e-02 1.0000058298360930e+00 8.1737575016798902e-02 7.9228372854760837e-02 1.7105050510788647e+01 11
1 1 1 1 3.2028128157604981e-02 2.4012874218819431e-02 1.0000060484954121e+00 8.1663271414451455e-02 8.0153666337761414e-02 1.7071721326159135e+01 11
1 1 1 1 3.1986769154531698e-02 2.3986857133470030e-02 1.0000062764551967e+00 8.1586640684658263e-02 8.1085203508947740e-02 1.7038392461401312e+01 11
1 1 1 1 3.1943738917373898e-02 2.3959834167366422e-02 1.0000065143614734e+00 8.1507539117900263e-02 8.2023835621191435e-02 1.7005063949148433e+01 11
1 1 1 1 3.1898920840924716e-02 2.3931736152582355e-02 1.0000067629223186e+00 8.1425810046714536e-02 8.2970472894325367e-02 1.6971735826194031e+01 11
1 1 1 1 3.1852186796581271e-02 2.3902487133338781e-02 1.0000070229155582e+00 8.1341282288728112e-02 8.3926092746982733e-02 1.6938408134128235e+01 11
1 1 1 1 3.1803395632815770e-02 2.3872003486230597e-02 1.0000072951976431e+00 8.1253768354705880e-02 8.4891749219864879e-02 1.6905080920071377e+01 11
1 1 1 1 3.1752391431777841e-02 2.3840192897719326e-02 1.0000075807139110e+00 8.1163062378863948e-02 8.5868583819248778e-02 1.6871754237562307e+01 11
1 1 1 1 3.1699001474132231e-02 2.3806953170911360e-02 1.0000078805104948e+00 8.1068937719364687e-02 8.6857838061601647e-02 1.6838428147598957e+01 11
1 1 1 1 3.1643032812887988e-02 2.3772160534442845e-02 1.0000081957930751e+00 8.0971144165562281e-02 8.7860887505813320e-02 1.6805102076405781e+01 11
1 1 1 1 3.1584275747651033e-02 2.3735699695702377e-02 1.0000085277986888e+00 8.0869410373790640e-02 8.8879145411573657e-02 1.6771778555062223e+01 12
1 1 1 1 3.1522484940369688e-02 2.3697425903725689e-02 1.0000088780028833e+00 8.0763417985822733e-02 8.9914357370731543e-02 1.6738454199726561e+01 12
1 1 1 1 3.1457395715579539e-02 2.3657182987381890e-02 1.0000092479989793e+00 8.0652830735265080e-02 9.0968272442936746e-02 1.6705131264055950e+01 12
1 1 1 1 3.1388704762698096e-02 2.3614791935559185e-02 1.0000096396054130e+00 8.0537263811696180e-02 9.2042923130605331e-02 1.6671809412698611e+01 12
1 1 1 1 3.1316069878447261e-02 2.3570050935135214e-02 1.0000100548665183e+00 8.0416286857185215e-02 9.3140565856808633e-02 1.6638488764190207e+01 12
1 1 1 1 3.1239102375155477e-02 2.3522730901902458e-02 1.0000104960940888e+00 8.0289415085531002e-02 9.4263734115146491e-02 1.6605169482703250e+01 12
1 1 1 1 3.1157358698833657e-02 2.3472570574419871e-02 1.0000109659123602e+00 8.0156100053862089e-02 9.5415288255488992e-02 1.6571851759554182e+01 12
1 1 1 1 3.1070330224902791e-02 2.3419270544277369e-02 1.0000114673117024e+00 8.0015718592943985e-02 9.6598475319438867e-02 1.6538535817965048e+01 12
1 1 1 1 3.0977430688363412e-02 2.3362485903899895e-02 1.0000120037132758e+00 7.9867559348184874e-02 9.7817002498677155e-02 1.6505221918892385e+01 12
1 1 1 1 3.0877980590050286e-02 2.3301817127085414e-02 1.0000125790471199e+00 7.9710806319580885e-02 9.9075128006355775e-02 1.6471910367718063e+01 12
1 1 1 1 3.0771187708846830e-02 2.3236798673581364e-02 1.0000131978466746e+00 7.9544518613442194e-02 1.0037777437464013e-01 1.6438601521851133e+01 13
1 1 1 1 3.0656122559562564e-02 2.3166884639087587e-02 1.0000138653633135e+00 7.9367605387321766e-02 1.0173067089298621e-01 1.6405295798994597e+01 13
1 1 1 1 3.0531687238373184e-02 2.3091430538911696e-02 1.0000145877050093e+00 7.9178794668868235e-02 1.0314053425470129e-01 1.6371993685562686e+01 13
1 1 1 1 3.0396575548290169e-02 2.3009669991106214e-02 1.0000153720036051e+00 7.8976594340216866e-02 1.0461529978094332e-01 1.6338695744035562e+01 13
1 1 1 1 3.0249216987313209e-02 2.2920684617655743e-02 1.0000162266148926e+00 7.8759243086079345e-02 1.0616442025679930e-01 1.6305402616822583e+01 13
1 1 1 1 3.0087657814209301e-02 2.2823364860802293e-02 1.0000171613540081e+00 7.8524648499167682e-02 1.0779925606741061e-01 1.6272115021989290e+01 13
1 1 1 1 2.9909649409791718e-02 2.2716358550285826e-02 1.0000181877638297e+00 7.8270308846158487e-02 1.0953358989127600e-01 1.6238833732112077e+01 13
1 1 1 1 2.9712352866831031e-02 2.2598002874910823e-02 1.0000193194025930e+00 7.7993214329953681e-02 1.1138431306884840e-01 1.6205559520071809e+01 14
1 1 1 1 2.9492243990116813e-02 2.2466233824731400e-02 1.0000205721117306e+00 7.7689723347651451e-02 1.1337235095435867e-01 1.6172293042097223e+01 14
1 1 1 1 2.9244907162909849e-02 2.2318465135910615e-02 1.0000219641714003e+00 7.7355410002389269e-02 1.1552392408373731e-01 1.6139034603795860e+01 14
1 1 1 1 2.8964747852134376e-02 2.2151336274846160e-02 1.0000235172467553e+00 7.6984882769570911e-02 1.1787239130924111e-01 1.6105782273658541e+01 13
1 1 1 1 2.8644701180123799e-02 2.1960773424727721e-02 1.0000252523447906e+00 7.6571633657382288e-02 1.2046005994051816e-01 1.6072539143755392e+01 13
1 1 1 1 2.8275536802009178e-02 2.1741391753608799e-02 1.0000271905725853e+00 7.6107672022279749e-02 1.2334301390530283e-01 1.6039292846085900e+01 11
1 1 1 1 2.7845461338102985e-02 2.1486333789128214e-02 1.0000293452322904e+00 7.5583734877921555e-02 1.2659412512340287e-01 1.6006036054483509e+01 14
1 1 1 1 2.7339643233188760e-02 2.1186676767418016e-02 1.0000317109324048e+00 7.4989375846337358e-02 1.3031131799782839e-01 1.5972744396105650e+01 17
1 1 1 1 2.7009864671974044e-02 2.0991425202191043e-02 1.0000331384487600e+00 7.4614428967105670e-02 1.3269143497775887e-01 1.5953708066073450e+01 23
1 1 1 1 2.6672554089403427e-02 2.0791895456406223e-02 1.0000344901451641e+00 7.4241356822270135e-02 1.3510165573931263e-01 1.5936005792663122e+01 24
1 1 1 1 2.6327003465788281e-02 2.0587580130868810e-02 1.0000357492188647e+00 7.3870150038158791e-02 1.3755615923127570e-01 1.5919421181519665e+01 25
1 1 1 1 2.5972157122478988e-02 2.0377667845901837e-02 1.0000368988192747e+00 7.3500799287968002e-02 1.4007200890861538e-01 1.5903758035864817e+01 26
1 1 1 1 2.5606493861334519e-02 2.0161404534256057e-02 1.0000379128203150e+00 7.3133295291528164e-02 1.4267004244649989e-01 1.5888835980797046e+01 28
1 1 1 1 2.5227914772169905e-02 1.9937575208560373e-02 1.0000387616246715e+00 7.2767628815070526e-02 1.4537773045170305e-01 1.5874477675775934e+01 30
1 1 1 1 2.4833604030334692e-02 1.9704249267012950e-02 1.0000394107551567e+00 7.2403790670995172e-02 1.4823336633331502e-01 1.5860495774155963e+01 32
1 1 1 1 2.0802344757301399e-02 1.7412914122320964e-02 1.0000139860061059e+00 7.2367588775659672e-02 2.0708774206415137e-01 1.5705609103069692e+01 44
