isScalarized | massIncreased | isMonotoneInside | isMonotoneOutside | mass_Baryon | mass_ADM | AST(radius) | radius  |  phi_c | rho_c | ctr |
1 0 1 1 3.1831981205229037e-02 2.4248535166790066e-02 1.0000000000000449e+00 8.6200599999999808e-02 3.2796925050994066e-03 1.7230954662062519e+01 39
1 1 1 1 3.1832262688887988e-02 2.4248654772511313e-02 1.0000000000000451e+00 8.6200224999999811e-02 3.2813476951825283e-03 1.7231249950200226e+01 39
1 1 1 1 3.1832544151666801e-02 2.4248774364557191e-02 1.0000000000000451e+00 8.6199849999999814e-02 3.2830026639708064e-03 1.7231545238017659e+01 39
1 1 1 1 3.1832825593567156e-02 2.4248893942928618e-02 1.0000000000000451e+00 8.6199474999999817e-02 3.2846574120067250e-03 1.7231840525512538e+01 39
1 1 1 1 3.1833107014590578e-02 2.4249013507626507e-02 1.0000000000000453e+00 8.6199099999999820e-02 3.2863119398318110e-03 1.7232135812682642e+01 39
1 1 1 1 3.1880465087755994e-02 2.4269065173509682e-02 1.0000000000000604e+00 8.6135594203369692e-02 3.5637360814655453e-03 1.7282135651035993e+01 39
1 1 1 1 3.1927249526264981e-02 2.4288737451348651e-02 1.0000000000000790e+00 8.6072061289015123e-02 3.8371441631564157e-03 1.7332136508409047e+01 39
1 1 1 1 3.1973472527360158e-02 2.4308037424574758e-02 1.0000000000001019e+00 8.6008490272884097e-02 4.1082181430683370e-03 1.7382138094594769e+01 39
1 1 1 1 3.2019143845056032e-02 2.4326971025188989e-02 1.0000000000001299e+00 8.5944872748175138e-02 4.3782281859865210e-03 1.7432139802390815e+01 39
1 1 1 1 3.2064271841733410e-02 2.4345542346408885e-02 1.0000000000001636e+00 8.5881201867334001e-02 4.6481619854736355e-03 1.7482141326239351e+01 39
1 1 1 1 3.2108873597375402e-02 2.4363695482458415e-02 1.0000000000002041e+00 8.5817472103324077e-02 4.9188611139006086e-03 1.7532153080098858e+01 39
1 1 1 1 3.2152916727292050e-02 2.4381484279695314e-02 1.0000000000002525e+00 8.5753719220194868e-02 5.1907257252301990e-03 1.7582132086863954e+01 39
1 1 1 1 3.2196464142102248e-02 2.4398935768610158e-02 1.0000000000003100e+00 8.5689855652004099e-02 5.4646300065182589e-03 1.7632143740601979e+01 39
1 1 1 1 3.2239481978257593e-02 2.4416037865195795e-02 1.0000000000003781e+00 8.5625933776637131e-02 5.7407645106085908e-03 1.7682144326295884e+01 39
1 1 1 1 3.2281983777867333e-02 2.4432797538289822e-02 1.0000000000004585e+00 8.5561936818149165e-02 6.0195467506011496e-03 1.7732144819948150e+01 39
1 1 1 1 3.2323971879691535e-02 2.4449217646235290e-02 1.0000000000005531e+00 8.5497862523924051e-02 6.3012771260769502e-03 1.7782145240031564e+01 39
1 1 1 1 3.2365352916589381e-02 2.4465300837454497e-02 1.0000000000006635e+00 8.5433709109850819e-02 6.5862091688081645e-03 1.7832145600264916e+01 39
1 1 1 1 3.2406226153485297e-02 2.4481049584643116e-02 1.0000000000007925e+00 8.5369475195522349e-02 6.8745576722822202e-03 1.7882145911122986e+01 39
1 1 1 1 3.2446593935841476e-02 2.4496466213287913e-02 1.0000000000009426e+00 8.5305159750518944e-02 7.1665051008847460e-03 1.7932146180690772e+01 39
1 1 1 1 3.2486458353595787e-02 2.4511552925675500e-02 1.0000000000011164e+00 8.5240762048993890e-02 7.4622067234050475e-03 1.7982146415328366e+01 39
1 1 1 1 3.2525821283528121e-02 2.4526311821190812e-02 1.0000000000013174e+00 8.5176281630980011e-02 7.7617947807892317e-03 1.8032146620149636e+01 39
1 1 1 1 3.2564684425331482e-02 2.4540744913527587e-02 1.0000000000015494e+00 8.5111718269209768e-02 8.0653819093292750e-03 1.8082146799323823e+01 39
1 1 1 1 3.2603054132791597e-02 2.4554819187744534e-02 1.0000000000018161e+00 8.5047071940409724e-02 8.3731004692447573e-03 1.8132152846212055e+01 39
1 1 1 1 3.2640916603008142e-02 2.4568544709386651e-02 1.0000000000021223e+00 8.4982365648031799e-02 8.6849088120046977e-03 1.8182144918008671e+01 39
1 1 1 1 3.2678288671810544e-02 2.4581951630665552e-02 1.0000000000024731e+00 8.4917568388790110e-02 9.0010034527436087e-03 1.8232143595825377e+01 39
1 1 1 1 3.2715170254575335e-02 2.4595041232266072e-02 1.0000000000028739e+00 8.4852682608772212e-02 9.3214343928271284e-03 1.8282147318271452e+01 39
1 1 1 1 3.2751556127417196e-02 2.4607813010121438e-02 1.0000000000033307e+00 8.4787720132412037e-02 9.6461953656896016e-03 1.8332147411852471e+01 39
1 1 1 1 3.2787450124205191e-02 2.4620269677817875e-02 1.0000000000038507e+00 8.4722676948600084e-02 9.9753504945030210e-03 1.8382147494285938e+01 39
1 1 1 1 3.2822853358521274e-02 2.4632412971153442e-02 1.0000000000044413e+00 8.4657553830587373e-02 1.0308933905977792e-02 1.8432147566991965e+01 39
1 1 1 1 3.2857700367113024e-02 2.4644244610801603e-02 1.0000000000051106e+00 8.4592351635644381e-02 1.0646973646440435e-02 1.8482147631206171e+01 39
1 1 1 1 3.2892036983597148e-02 2.4655766306143280e-02 1.0000000000058682e+00 8.4527071295441902e-02 1.0989492454696013e-02 1.8532147688007282e+01 39
1 1 1 1 3.2925885544303278e-02 2.4666979758488403e-02 1.0000000000067240e+00 8.4461713807649552e-02 1.1336508426873521e-02 1.8582147738354490e+01 39
1 1 1 1 3.2959247133847021e-02 2.4677886663741367e-02 1.0000000000076892e+00 8.4396280228661302e-02 1.1688035588695040e-02 1.8632147783058116e+01 39
1 1 1 1 3.2992122839427880e-02 2.4688488714651919e-02 1.0000000000087761e+00 8.4330771667132154e-02 1.2044084389811815e-02 1.8682147822849274e+01 39
1 1 1 1 3.3024513755239487e-02 2.4698787602643262e-02 1.0000000000099980e+00 8.4265189278445674e-02 1.2404662130225967e-02 1.8732147858343616e+01 39
1 1 1 1 3.3056420986233702e-02 2.4708785019346199e-02 1.0000000000113698e+00 8.4199534259777997e-02 1.2769773329828385e-02 1.8782147890084801e+01 39
1 1 1 1 3.3087847743408824e-02 2.4718463000749331e-02 1.0000000000129077e+00 8.4133807845827413e-02 1.3139443045064661e-02 1.8832151010198928e+01 39
1 1 1 1 3.3118790524115010e-02 2.4727810533617087e-02 1.0000000000146299e+00 8.4068023498736211e-02 1.3513615207541796e-02 1.8882149676588760e+01 39
1 1 1 1 3.3149249935857245e-02 2.4736860622634752e-02 1.0000000000165548e+00 8.4002177155637736e-02 1.3892281287778106e-02 1.8932143199725118e+01 39
1 1 1 1 3.3179237059920867e-02 2.4745617899680238e-02 1.0000000000187044e+00 8.3936248519884571e-02 1.4275562587777391e-02 1.8982147985459541e+01 39
1 1 1 1 3.3208743386212949e-02 2.4754081220819617e-02 1.0000000000211009e+00 8.3870260061293389e-02 1.4663331788615411e-02 1.9032148004322469e+01 39
1 1 1 1 3.3237773014261632e-02 2.4762253160004851e-02 1.0000000000237697e+00 8.3804206872038434e-02 1.5055618478189712e-02 1.9082148021447857e+01 39
1 1 1 1 3.3266327187497689e-02 2.4770135447675496e-02 1.0000000000267379e+00 8.3738090344031901e-02 1.5452414696389631e-02 1.9132148037013383e+01 39
1 1 1 1 3.3294407174317218e-02 2.4777729819457573e-02 1.0000000000300353e+00 8.3671911887966133e-02 1.5853711367213776e-02 1.9182148051207406e+01 39
1 1 1 1 3.3321983980639888e-02 2.4785038016275865e-02 1.0000000000336942e+00 8.3605672931776676e-02 1.6259498408438985e-02 1.9232148064156807e+01 39
1 1 1 1 3.3349042983039673e-02 2.4792061784427062e-02 1.0000000000377494e+00 8.3539374919093468e-02 1.6669764829720862e-02 1.9282148075995750e+01 39
1 1 1 1 3.3375631507134296e-02 2.4798802875584173e-02 1.0000000000422389e+00 8.3473019307967744e-02 1.7084498818882892e-02 1.9332148086834071e+01 39
1 1 1 1 3.3401750946614010e-02 2.4805263046763396e-02 1.0000000000472040e+00 8.3406607569668167e-02 1.7503687818904698e-02 1.9382148096760165e+01 39
1 1 1 1 3.3427402721691382e-02 2.4811444060251816e-02 1.0000000000526892e+00 8.3340141187567551e-02 1.7927318596729112e-02 1.9432148105863124e+01 39
1 1 1 1 3.3452588279128871e-02 2.4817347683506161e-02 1.0000000000587426e+00 8.3273621656176577e-02 1.8355377304409400e-02 1.9482148114210396e+01 39
1 1 1 1 3.3477309092212276e-02 2.4822975689019509e-02 1.0000000000654163e+00 8.3207050480206768e-02 1.8787849534195072e-02 1.9532148121864246e+01 39
1 1 1 1 3.3501566660658150e-02 2.4828329854167153e-02 1.0000000000727667e+00 8.3140429173730046e-02 1.9224720367892720e-02 1.9582148128883521e+01 39
1 1 1 1 3.3525362510466290e-02 2.4833411961034620e-02 1.0000000000808547e+00 8.3073759259412738e-02 1.9665974421229551e-02 1.9632148135318065e+01 39
1 1 1 1 3.3548700427081107e-02 2.4838194307530065e-02 1.0000000000897498e+00 8.3007042267795816e-02 2.0111634738261396e-02 1.9682152479573464e+01 39
1 1 1 1 3.3571574780814677e-02 2.4842693518011227e-02 1.0000000000995188e+00 8.2940297103771821e-02 2.0561547364149321e-02 1.9732145803123856e+01 39
1 1 1 1 3.3593995392884796e-02 2.4846926679693810e-02 1.0000000001102403e+00 8.2873498550543823e-02 2.1015857864621304e-02 1.9782146178162389e+01 39
1 1 1 1 3.3615961329184568e-02 2.4850895071721994e-02 1.0000000001219953e+00 8.2806655426769404e-02 2.1474500953800095e-02 1.9832148153963999e+01 39
1 1 1 1 3.3637472679028169e-02 2.4854600226858942e-02 1.0000000001348712e+00 8.2739774062229987e-02 2.1937426629851174e-02 1.9882148158029207e+01 39
1 1 1 1 3.3658531995647424e-02 2.4858044123334831e-02 1.0000000001489633e+00 8.2672853380860778e-02 2.2404635429989068e-02 1.9932148161703296e+01 39
1 1 1 1 3.3679140981588404e-02 2.4861228580751259e-02 1.0000000001643734e+00 8.2605894945481706e-02 2.2876109641635976e-02 1.9982148165013101e+01 39
1 1 1 1 3.3699301363288033e-02 2.4864155421496073e-02 1.0000000001812110e+00 8.2538900322896291e-02 2.3351831319736744e-02 2.0032148167965424e+01 39
1 1 1 1 3.3719014890701907e-02 2.4866826470501195e-02 1.0000000001995937e+00 8.2471871083396542e-02 2.3831782306059330e-02 2.0082148170593236e+01 39
1 1 1 1 3.3738279758259958e-02 2.4869243554988981e-02 1.0000000002196467e+00 8.2404808800408569e-02 2.4315944245999654e-02 2.0132148172902802e+01 39
1 1 1 1 3.3757041289704200e-02 2.4871408504229628e-02 1.0000000002415050e+00 8.2337715050039534e-02 2.4804298604857330e-02 2.0182148174912427e+01 39
1 1 1 1 3.3775361340991780e-02 2.4873323149290090e-02 1.0000000002653127e+00 8.2270591410716715e-02 2.5296826682281691e-02 2.0232148176632304e+01 39
1 1 1 1 3.3793241768349844e-02 2.4874989322781982e-02 1.0000000002912239e+00 8.2203439462802175e-02 2.5793509625923979e-02 2.0282148178080398e+01 39
1 1 1 1 3.3810684449191726e-02 2.4876408858620282e-02 1.0000000003194038e+00 8.2136260788262749e-02 2.6294328443715487e-02 2.0332148179264028e+01 39
1 1 1 1 3.3827691281675003e-02 2.4877583591774582e-02 1.0000000003500287e+00 8.2069056970310694e-02 2.6799264015536010e-02 2.0382148180194935e+01 38
1 1 1 1 3.3844264184247227e-02 2.4878515358021741e-02 1.0000000003832863e+00 8.2001829593086051e-02 2.7308297103794330e-02 2.0432148180880734e+01 38
1 1 1 1 3.3860405095203085e-02 2.4879205993709234e-02 1.0000000004193779e+00 8.1934580241331934e-02 2.7821408363426402e-02 2.0482148181335731e+01 38
1 1 1 1 3.3876115972222447e-02 2.4879657335515126e-02 1.0000000004585172e+00 8.1867310500112089e-02 2.8338578350859255e-02 2.0532148181559847e+01 38
1 1 1 1 3.3891398791924765e-02 2.4879871220204908e-02 1.0000000005009326e+00 8.1800021954481050e-02 2.8859787532881664e-02 2.0582148181571572e+01 38
1 0 1 1 3.3906255549409750e-02 2.4879849484410719e-02 1.0000000005468677e+00 8.1732716189247906e-02 2.9385016294197590e-02 2.0632148181370312e+01 38
1 0 1 1 3.3920688766913482e-02 2.4879583038125690e-02 1.0000000005965912e+00 8.1665394788663137e-02 2.9914261015852046e-02 2.0682149693581533e+01 38
1 0 1 1 3.3934699764355002e-02 2.4879060930645562e-02 1.0000000006503893e+00 8.1598065446131962e-02 3.0447472772314129e-02 2.0732149959520310e+01 38
1 0 1 1 3.3948289350852159e-02 2.4878308901007635e-02 1.0000000007085335e+00 8.1530730821167519e-02 3.0984587284028729e-02 2.0782144883436573e+01 38
1 0 1 1 3.3961463279896763e-02 2.4877328563548323e-02 1.0000000007713519e+00 8.1463374024563551e-02 3.1525732348645100e-02 2.0832148177235876e+01 38
1 0 1 1 3.3974220495303568e-02 2.4876121952274621e-02 1.0000000008391625e+00 8.1396012345686719e-02 3.2070762403726277e-02 2.0882148176094507e+01 38
1 0 1 1 3.3986563975273117e-02 2.4874690848494415e-02 1.0000000009123211e+00 8.1328642922824823e-02 3.2619693008986692e-02 2.0932148174776046e+01 38
1 0 1 1 3.3998495831549999e-02 2.4873037088786153e-02 1.0000000009912018e+00 8.1261267330110548e-02 3.3172504158098720e-02 2.0982148173290156e+01 38
1 0 1 1 3.4010018190769917e-02 2.4871162507704259e-02 1.0000000010762007e+00 8.1193887139461490e-02 3.3729175810106739e-02 2.1032148171638781e+01 38
1 0 1 1 3.4021133194019573e-02 2.4869068937572798e-02 1.0000000011677384e+00 8.1126503920349174e-02 3.4289687893907794e-02 2.1082148169825238e+01 38
1 0 1 1 3.4031842996402252e-02 2.4866758208291380e-02 1.0000000012662598e+00 8.1059119239586919e-02 3.4854020312420249e-02 2.1132148167858038e+01 38
1 0 1 1 3.4042149766603032e-02 2.4864232147139034e-02 1.0000000013722365e+00 8.0991734661141124e-02 3.5422152946330082e-02 2.1182148165738806e+01 38
1 0 1 1 3.4052055686462364e-02 2.4861492578591247e-02 1.0000000014861683e+00 8.0924351745919609e-02 3.5994065657839414e-02 2.1232148163469841e+01 38
1 0 1 1 3.4061560065321093e-02 2.4858541324124097e-02 1.0000000016085830e+00 8.0856972051573994e-02 3.6569738294189233e-02 2.1282148161060174e+01 38
1 0 1 1 3.4070621656812565e-02 2.4855380202046366e-02 1.0000000017400397e+00 8.0789597132331747e-02 3.7149150690715685e-02 2.1332148158507223e+01 37
1 0 1 1 3.4079289203912441e-02 2.4852011027309884e-02 1.0000000018811284e+00 8.0722228538784302e-02 3.7732282674187316e-02 2.1382148155818857e+01 37
1 0 1 1 3.4087564947748242e-02 2.4848435611344047e-02 1.0000000020324731e+00 8.0654867817729597e-02 3.8319114065564895e-02 2.1432148152999538e+01 37
1 0 1 1 3.4095451140305821e-02 2.4844655761885524e-02 1.0000000021947328e+00 8.0587516511997720e-02 3.8909624682731750e-02 2.1482148150047376e+01 37
1 0 1 1 3.4102950044029141e-02 2.4840673282809266e-02 1.0000000023686029e+00 8.0520176160261747e-02 3.9503794343304310e-02 2.1532148146970506e+01 37
1 0 1 1 3.4110063931417127e-02 2.4836489973968541e-02 1.0000000025548168e+00 8.0452848296895030e-02 4.0101602866930215e-02 2.1582148143771171e+01 37
1 0 1 1 3.4116795084627900e-02 2.4832107631041506e-02 1.0000000027541482e+00 8.0385534451802354e-02 4.0703030077673369e-02 2.1632148140447875e+01 37
1 0 1 1 3.4123145795091701e-02 2.4827528045370764e-02 1.0000000029674128e+00 8.0318236150247246e-02 4.1308055806464357e-02 2.1682148137013066e+01 37
1 0 1 1 3.4129118363116905e-02 2.4822753003817411e-02 1.0000000031954694e+00 8.0250954912738648e-02 4.1916659892840651e-02 2.1732148133460623e+01 37
1 0 1 1 3.4134715097511599e-02 2.4817784288611193e-02 1.0000000034392231e+00 8.0183692254840677e-02 4.2528822187329257e-02 2.1782148129795385e+01 37
1 0 1 1 3.4139938315211178e-02 2.4812623677214183e-02 1.0000000036996262e+00 8.0116449687043845e-02 4.3144522553302929e-02 2.1832148126026944e+01 37
1 0 1 1 3.4144790340893447e-02 2.4807272942174923e-02 1.0000000039776806e+00 8.0049228714647203e-02 4.3763740868525892e-02 2.1882148122145971e+01 37
1 0 1 1 3.4149273506622654e-02 2.4801733850995589e-02 1.0000000042744406e+00 7.9982030837571161e-02 4.4386457027430604e-02 2.1932148118166737e+01 37
1 0 1 1 3.4153390151478696e-02 2.4796008166003823e-02 1.0000000045910138e+00 7.9914857550278412e-02 4.5012650942252784e-02 2.1982148114083646e+01 37
1 0 1 1 3.4157142934226524e-02 2.4790078085726395e-02 1.0000000049287141e+00 7.9847710341602374e-02 4.5642335091113623e-02 2.2032150687261005e+01 37
1 0 1 1 3.4160533441639128e-02 2.4783960282327138e-02 1.0000000052886253e+00 7.9780601077220042e-02 4.6275368424347950e-02 2.2082146265216174e+01 37
1 0 1 1 3.4163564856884612e-02 2.4777660651506699e-02 1.0000000056720866e+00 7.9713513444366058e-02 4.6911888952079345e-02 2.2132147341332971e+01 37
1 0 1 1 3.4166239134966511e-02 2.4771181642753149e-02 1.0000000060804064e+00 7.9646456726193554e-02 4.7551803120759066e-02 2.2182148096053375e+01 37
1 0 1 1 3.4168558632978088e-02 2.4764525057143914e-02 1.0000000065149968e+00 7.9579432973268888e-02 4.8195085241207664e-02 2.2232148091517029e+01 37
1 0 1 1 3.4170525768056764e-02 2.4757692530143770e-02 1.0000000069773485e+00 7.9512442625335467e-02 4.8841725055383041e-02 2.2282148086895262e+01 37
1 0 1 1 3.4172142918641561e-02 2.4750685788112934e-02 1.0000000074690185e+00 7.9445487134205572e-02 4.9491702642978412e-02 2.2332148082194450e+01 37
1 0 1 1 3.4173412467448323e-02 2.4743506551189679e-02 1.0000000079916376e+00 7.9378567945304512e-02 5.0144998112446465e-02 2.2382148077400331e+01 37
1 0 1 1 3.4174336801161116e-02 2.4736156533187906e-02 1.0000000085469143e+00 7.9311686497502809e-02 5.0801591602918375e-02 2.2432148072539061e+01 36
1 0 1 1 3.4174918310100631e-02 2.4728637441503377e-02 1.0000000091366368e+00 7.9244844223119337e-02 5.1461463284112954e-02 2.2482148067587563e+01 36
1 0 1 1 3.4175159387923822e-02 2.4720950977012896e-02 1.0000000097626773e+00 7.9178042547708216e-02 5.2124593358607439e-02 2.2532148062567689e+01 36
1 0 1 1 3.4175062431310750e-02 2.4713098833987517e-02 1.0000000104269942e+00 7.9111282890061196e-02 5.2790962061873663e-02 2.2582148057473422e+01 36
1 0 1 1 3.4174629839661783e-02 2.4705082700004509e-02 1.0000000111316349e+00 7.9044566662067495e-02 5.3460549663627774e-02 2.2632148052300465e+01 36
1 0 1 1 3.4173864014799923e-02 2.4696904255853108e-02 1.0000000118787404e+00 7.8977895268610265e-02 5.4133336469006886e-02 2.2682148047065617e+01 36
1 0 1 1 3.4172767360679229e-02 2.4688565175466078e-02 1.0000000126705473e+00 7.8911270107539622e-02 5.4809302818781734e-02 2.2732148041756382e+01 36
1 0 1 1 3.4171342283089087e-02 2.4680067125823196e-02 1.0000000135093925e+00 7.8844692569523089e-02 5.5488429090885048e-02 2.2782148036381507e+01 36
1 0 1 1 3.4169591189374203e-02 2.4671411766884189e-02 1.0000000143977155e+00 7.8778164038003473e-02 5.6170695700864047e-02 2.2832148030943518e+01 36
1 0 1 1 3.4167505377102850e-02 2.4662600751511870e-02 1.0000000153380630e+00 7.8711685889115701e-02 5.6856083102700759e-02 2.2882148025441097e+01 36
1 0 1 1 3.4165077042106695e-02 2.4653635725397628e-02 1.0000000163330918e+00 7.8645259491600117e-02 5.7544571789656211e-02 2.2932148019875147e+01 36
1 0 1 1 3.4162330228541038e-02 2.4644518326993110e-02 1.0000000173855730e+00 7.8578886206728371e-02 5.8236142295096105e-02 2.2982148014255440e+01 36
1 0 1 1 3.4159267351892418e-02 2.4635250187447406e-02 1.0000000184983961e+00 7.8512567388262955e-02 5.8930775192765079e-02 2.3032148008569074e+01 36
1 0 1 1 3.4155890827674146e-02 2.4625832930528956e-02 1.0000000196745724e+00 7.8446304382328302e-02 5.9628451098194500e-02 2.3082148002833112e+01 36
1 0 1 1 3.4152203071178264e-02 2.4616268172583909e-02 1.0000000209172395e+00 7.8380098527414122e-02 6.0329150668600076e-02 2.3132147997039347e+01 36
1 0 1 1 3.4148206497211057e-02 2.4606557522458477e-02 1.0000000222296648e+00 7.8313951154261485e-02 6.1032854604016980e-02 2.3182147991190472e+01 36
1 0 1 1 3.4143903519846829e-02 2.4596702581446740e-02 1.0000000236152500e+00 7.8247863585814925e-02 6.1739543647818786e-02 2.3232147985292979e+01 36
1 0 1 1 3.4139296552188732e-02 2.4586704943242235e-02 1.0000000250775360e+00 7.8181837137179244e-02 6.2449198587107686e-02 2.3282147979342717e+01 36
1 0 1 1 3.4134388006120051e-02 2.4576566193875871e-02 1.0000000266202065e+00 7.8115873115537915e-02 6.3161800253554543e-02 2.3332147973343787e+01 36
1 0 1 1 3.4129180292072528e-02 2.4566287911671963e-02 1.0000000282470922e+00 7.8049972820112834e-02 6.3877329523808368e-02 2.3382147967298138e+01 36
1 0 1 1 3.4123675818790951e-02 2.4555871667196090e-02 1.0000000299621761e+00 7.7984137542110588e-02 6.4595767320033706e-02 2.3432147961205764e+01 36
1 0 1 1 3.4117876993103181e-02 2.4545319023209316e-02 1.0000000317695981e+00 7.7918368564666551e-02 6.5317094610445353e-02 2.3482147955065649e+01 36
1 0 1 1 3.4111786219698403e-02 2.4534631534622573e-02 1.0000000336736585e+00 7.7852667162788047e-02 6.6041292409997621e-02 2.3532147948888873e+01 36
1 0 1 1 3.4105405900906514e-02 2.4523810748463413e-02 1.0000000356788243e+00 7.7787034603344990e-02 6.6768341780351931e-02 2.3582147942662406e+01 36
1 0 1 1 3.4098738436475269e-02 2.4512858203818776e-02 1.0000000377897333e+00 7.7721472144964998e-02 6.7498223831079784e-02 2.3632147936400077e+01 36
1 0 1 1 3.4091786223365748e-02 2.4501775431815715e-02 1.0000000400111988e+00 7.7655981038048882e-02 6.8230919719456828e-02 2.3682147930096480e+01 36
1 0 1 1 3.4084551655534652e-02 2.4490563955570890e-02 1.0000000423482149e+00 7.7590562524693596e-02 6.8966410651266949e-02 2.3732147923752244e+01 36
1 0 1 1 3.4077037123735131e-02 2.4479225290163577e-02 1.0000000448059621e+00 7.7525217838657234e-02 6.9704677881252203e-02 2.3782147917375195e+01 35
1 0 1 1 3.4069245015311903e-02 2.4467760942601110e-02 1.0000000473898110e+00 7.7459948205345658e-02 7.0445702713209282e-02 2.3832147910958923e+01 35
1 0 1 1 3.4061177714001523e-02 2.4456172411786419e-02 1.0000000501053290e+00 7.7394754841744295e-02 7.1189466500763035e-02 2.3882147904507764e+01 35
1 0 1 1 3.4052837599742328e-02 2.4444461188491889e-02 1.0000000529582853e+00 7.7329638956402436e-02 7.1935950647573202e-02 2.3932147898024496e+01 35
1 0 1 1 3.4044227048481847e-02 2.4432628755331892e-02 1.0000000559546549e+00 7.7264601749403361e-02 7.2685136607701026e-02 2.3982147891509499e+01 35
1 0 1 1 3.4035348317500151e-02 2.4420669990867287e-02 1.0000000591012472e+00 7.7199644412330848e-02 7.3437018713863628e-02 2.4032148736382982e+01 35
1 0 1 1 3.4026204222372007e-02 2.4408586341479077e-02 1.0000000624044638e+00 7.7134771445872330e-02 7.4191541283903165e-02 2.4082147960340297e+01 35
1 0 1 1 3.4016796850759444e-02 2.4396386151422540e-02 1.0000000658704180e+00 7.7069981028671575e-02 7.4948706074179902e-02 2.4132146908695624e+01 35
1 0 1 1 3.4007128117517986e-02 2.4384070307776382e-02 1.0000000695061420e+00 7.7005271371588857e-02 7.5708529463026544e-02 2.4182147865027815e+01 35
1 0 1 1 3.3997200942264529e-02 2.4371640980726902e-02 1.0000000733185257e+00 7.6940647479296520e-02 7.6470948096958896e-02 2.4232147858374862e+01 35
1 0 1 1 3.3987017489514867e-02 2.4359099367837703e-02 1.0000000773149791e+00 7.6876109253264824e-02 7.7235958348057812e-02 2.4282147851695839e+01 35
1 0 1 1 3.3976580102260109e-02 2.4346446894390705e-02 1.0000000815030898e+00 7.6811657833364549e-02 7.8003542033118684e-02 2.4332147844988935e+01 35
1 0 1 1 3.3965891118094532e-02 2.4333684977281143e-02 1.0000000858906977e+00 7.6747294350800743e-02 7.8773681022112726e-02 2.4382147838258245e+01 35
1 0 1 1 3.3954952869065649e-02 2.4320815025014146e-02 1.0000000904859008e+00 7.6683019928106888e-02 7.9546357238386614e-02 2.4432147831507873e+01 35
1 0 1 1 3.3943767681513567e-02 2.4307838437694813e-02 1.0000000952970620e+00 7.6618835679137354e-02 8.0321552658734544e-02 2.4482147824728258e+01 35
1 0 1 1 3.3932337875912544e-02 2.4294756607008305e-02 1.0000001003328132e+00 7.6554742709012358e-02 8.1099249314230223e-02 2.4532147817932618e+01 35
1 0 1 1 3.3920665766726948e-02 2.4281570916220324e-02 1.0000001056020631e+00 7.6490742114156407e-02 8.1879429289845554e-02 2.4582147811115256e+01 35
1 0 1 1 3.3908753662264896e-02 2.4268282740173144e-02 1.0000001111140024e+00 7.6426834982251834e-02 8.2662074725067411e-02 2.4632147804274418e+01 35
1 0 1 1 3.3896603864525400e-02 2.4254893445268128e-02 1.0000001168781101e+00 7.6363022392224589e-02 8.3447167814222054e-02 2.4682147797417393e+01 35
1 0 1 1 3.3884218669068988e-02 2.4241404389473718e-02 1.0000001229041595e+00 7.6299305414257779e-02 8.4234690806456583e-02 2.4732147790543749e+01 35
1 0 1 1 3.3871600364871551e-02 2.4227816922315404e-02 1.0000001292022243e+00 7.6235685109773493e-02 8.5024626006038134e-02 2.4782147783649396e+01 35
1 0 1 1 3.3858751234192422e-02 2.4214132384876599e-02 1.0000001357826847e+00 7.6172162531410181e-02 8.5816955772766185e-02 2.4832147776738175e+01 35
1 0 1 1 3.3845673552443216e-02 2.4200352109797013e-02 1.0000001426562342e+00 7.6108738723029978e-02 8.6611662522110014e-02 2.4882147769816562e+01 35
1 0 1 1 3.3832369588058138e-02 2.4186477421274610e-02 1.0000001498338849e+00 7.6045414719731086e-02 8.7408728725070009e-02 2.4932147762871445e+01 35
1 0 1 1 3.3818841602363099e-02 2.4172509635061533e-02 1.0000001573269739e+00 7.5982191547790567e-02 8.8208136909177559e-02 2.4982147755919591e+01 35
1 0 1 1 3.3805091849464258e-02 2.4158450058477412e-02 1.0000001651471704e+00 7.5919070224729102e-02 8.9009869657783541e-02 2.5032147748950504e+01 35
1 0 1 1 3.3791122576113761e-02 2.4144299990400849e-02 1.0000001733064805e+00 7.5856051759256027e-02 8.9813909610937506e-02 2.5082147741969020e+01 35
1 0 1 1 3.3776936021602789e-02 2.4130060721283805e-02 1.0000001818172544e+00 7.5793137151293877e-02 9.0620239465270189e-02 2.5132147734975938e+01 35
1 0 1 1 3.3762534417639496e-02 2.4115733533150146e-02 1.0000001906921918e+00 7.5730327391974356e-02 9.1428841974231248e-02 2.5182147727971444e+01 35
1 0 1 1 3.3747919988242149e-02 2.4101319699608468e-02 1.0000001999443493e+00 7.5667623463638367e-02 9.2239699948271095e-02 2.5232147720954970e+01 35
1 0 1 1 3.3733094949625980e-02 2.4086820485854529e-02 1.0000002095871452e+00 7.5605026339834458e-02 9.3052796255097533e-02 2.5282147713930463e+01 35
1 0 1 1 3.3718061510097652e-02 2.4072237148681903e-02 1.0000002196343660e+00 7.5542536985334585e-02 9.3868113819677385e-02 2.5332147706895956e+01 34
1 0 1 1 3.3702821869955053e-02 2.4057570936495749e-02 1.0000002301001736e+00 7.5480156356127093e-02 9.4685635624531236e-02 2.5382147699851437e+01 34
1 0 1 1 3.3687378221376123e-02 2.4042823089311723e-02 1.0000002409991091e+00 7.5417885399422235e-02 9.5505344709930051e-02 2.5432147692801539e+01 34
1 0 1 1 3.3671732748331074e-02 2.4027994838781215e-02 1.0000002523461018e+00 7.5355725053672662e-02 9.6327224173804946e-02 2.5482147685740024e+01 34
1 0 1 1 3.3655887626475429e-02 2.4013087408190713e-02 1.0000002641564720e+00 7.5293676248553543e-02 9.7151257172312627e-02 2.5532147678675585e+01 34
1 0 1 1 3.3639845023066828e-02 2.3998102012485631e-02 1.0000002764459395e+00 7.5231739905004397e-02 9.7977426919521243e-02 2.5582147671603682e+01 34
1 0 1 1 3.3623607096864475e-02 2.3983039858276257e-02 1.0000002892306281e+00 7.5169916935213826e-02 9.8805716687830433e-02 2.5632147664523643e+01 34
1 0 1 1 3.3607175998043311e-02 2.3967902143853342e-02 1.0000003025270716e+00 7.5108208242629704e-02 9.9636109808187989e-02 2.5682147657443512e+01 34
1 0 1 1 3.3590553868111869e-02 2.3952690059209338e-02 1.0000003163522204e+00 7.5046614721996086e-02 1.0046858966979540e-01 2.5732147650354328e+01 34
1 0 1 1 3.3573742839818226e-02 2.3937404786044614e-02 1.0000003307234460e+00 7.4985137259326484e-02 1.0130313972076753e-01 2.5782147643262270e+01 34
1 0 1 1 3.3556745037077916e-02 2.3922047497792618e-02 1.0000003456585467e+00 7.4923776731943392e-02 1.0213974346792475e-01 2.5832147636168703e+01 34
1 0 1 1 3.3539562574889339e-02 2.3906619359633421e-02 1.0000003611757542e+00 7.4862534008488912e-02 1.0297838447689936e-01 2.5882147629069578e+01 34
1 0 1 1 3.3522187339424026e-02 2.3891121528510861e-02 1.0000003772937383e+00 7.4801409948923203e-02 1.0381904637250544e-01 2.5932147621970650e+01 34
1 0 1 1 3.3504631885894011e-02 2.3875555153154000e-02 1.0000003940316116e+00 7.4740405404560784e-02 1.0466171283850871e-01 2.5982147614867198e+01 34
1 0 1 1 3.3486898337383837e-02 2.3859921374093911e-02 1.0000004114089363e+00 7.4679521218063594e-02 1.0550636761809414e-01 2.6032147607765552e+01 34
1 0 1 1 3.3468988771143335e-02 2.3844221323686823e-02 1.0000004294457276e+00 7.4618758223481768e-02 1.0635299451355293e-01 2.6082147600658345e+01 34
1 0 1 1 3.3450905255087628e-02 2.3828456126130944e-02 1.0000004481624598e+00 7.4558117246238648e-02 1.0720157738693263e-01 2.6132147593557271e+01 34
1 0 1 1 3.3432649847737458e-02 2.3812626897492653e-02 1.0000004675800711e+00 7.4497599103193146e-02 1.0805210015937439e-01 2.6182147586448373e+01 34
1 0 1 1 3.3414224598145796e-02 2.3796734745718581e-02 1.0000004877199680e+00 7.4437204602599838e-02 1.0890454681213545e-01 2.6232147579346954e+01 34
1 0 1 1 3.3395631545852719e-02 2.3780780770672548e-02 1.0000005086040298e+00 7.4376934544189699e-02 1.0975890138573736e-01 2.6282147572242224e+01 34
1 0 1 1 3.3376872720814271e-02 2.3764766064145609e-02 1.0000005302546138e+00 7.4316789719139242e-02 1.1061514798081935e-01 2.6332147565142684e+01 34
1 0 1 1 3.3357950143351717e-02 2.3748691709887283e-02 1.0000005526945588e+00 7.4256770910128306e-02 1.1147327075759673e-01 2.6382147558039588e+01 34
1 0 1 1 3.3338865824093636e-02 2.3732558783624010e-02 1.0000005759471899e+00 7.4196878891322482e-02 1.1233325393660555e-01 2.6432147550946041e+01 34
1 0 1 1 3.3319621763929975e-02 2.3716368353091457e-02 1.0000006000363224e+00 7.4137114428444756e-02 1.1319508179790287e-01 2.6482147543846143e+01 34
1 0 1 1 3.3300219953945803e-02 2.3700121478043668e-02 1.0000006249862650e+00 7.4077478278732373e-02 1.1405873868225094e-01 2.6532147536760018e+01 34
1 0 1 1 3.3280662375399298e-02 2.3683819210304959e-02 1.0000006508218249e+00 7.4017971191038701e-02 1.1492420898986616e-01 2.6582147529666873e+01 34
1 0 1 1 3.3260950999641943e-02 2.3667462593763556e-02 1.0000006775683097e+00 7.3958593905769671e-02 1.1579147718188265e-01 2.6632147522586866e+01 34
1 0 1 1 3.3241087788104272e-02 2.3651052664428251e-02 1.0000007052515323e+00 7.3899347154990747e-02 1.1666052777907984e-01 2.6682147515503424e+01 34
1 0 1 1 3.3221074692228715e-02 2.3634590450431391e-02 1.0000007338978123e+00 7.3840231662378131e-02 1.1753134536311177e-01 2.6732147508431478e+01 34
1 0 1 1 3.3200913653445921e-02 2.3618076972073413e-02 1.0000007635339809e+00 7.3781248143306111e-02 1.1840391457555487e-01 2.6782147501359329e+01 34
1 0 1 1 3.3180606603122144e-02 2.3601513241839209e-02 1.0000007941873819e+00 7.3722397304820220e-02 1.1927822011877143e-01 2.6832147494295423e+01 34
1 0 1 1 3.3160155462530018e-02 2.3584900264431292e-02 1.0000008258858752e+00 7.3663679845699520e-02 1.2015424675541246e-01 2.6882147487237450e+01 34
1 0 1 1 3.3139562142807694e-02 2.3568239036797636e-02 1.0000008586578391e+00 7.3605096456467178e-02 1.2103197930865661e-01 2.6932147480183200e+01 34
1 0 1 1 3.3118828544924782e-02 2.3551530548157489e-02 1.0000008925321722e+00 7.3546647819411448e-02 1.2191140266240953e-01 2.6982147473140028e+01 34
1 0 1 1 3.3097956559656194e-02 2.3534775780038077e-02 1.0000009275382948e+00 7.3488334608637629e-02 1.2279250176088706e-01 2.7032147466098721e+01 34
1 0 1 1 3.3076948067536985e-02 2.3517975706292181e-02 1.0000009637061515e+00 7.3430157490059156e-02 1.2367526160922615e-01 2.7082147459066494e+01 34
1 0 1 1 3.3055804938848792e-02 2.3501131293141138e-02 1.0000010010662121e+00 7.3372117121454972e-02 1.2455966727310776e-01 2.7132147452043597e+01 34
1 0 1 1 3.3034529033580659e-02 2.3484243499193577e-02 1.0000010396494725e+00 7.3314214152491786e-02 1.2544570387883439e-01 2.7182147445026697e+01 33
1 0 1 1 3.3013122201410582e-02 2.3467313275486089e-02 1.0000010794874561e+00 7.3256449224742337e-02 1.2633335661356512e-01 2.7232147438020000e+01 33
1 0 1 1 3.2991586281675013e-02 2.3450341565505517e-02 1.0000011206122139e+00 7.3198822971730304e-02 1.2722261072502383e-01 2.7282147431018320e+01 33
1 0 1 1 3.2969923103344817e-02 2.3433329305222576e-02 1.0000011630563257e+00 7.3141336018938796e-02 1.2811345152188497e-01 2.7332147424027159e+01 33
1 0 1 1 3.2948134485009245e-02 2.3416277423124830e-02 1.0000012068528994e+00 7.3083988983860676e-02 1.2900586437351910e-01 2.7382147417047889e+01 33
1 0 1 1 3.2926222234857132e-02 2.3399186840251832e-02 1.0000012520355710e+00 7.3026782476028673e-02 1.2989983470993691e-01 2.7432147410073640e+01 33
1 0 1 1 3.2904188150647370e-02 2.3382058470217501e-02 1.0000012986385045e+00 7.2969717097023351e-02 1.3079534802219048e-01 2.7482147403111256e+01 33
1 0 1 1 3.2882034019701474e-02 2.3364893219248287e-02 1.0000013466963913e+00 7.2912793440530144e-02 1.3169238986199958e-01 2.7532147396160319e+01 33
1 0 1 1 3.2859761618887678e-02 2.3347691986219405e-02 1.0000013962444481e+00 7.2856012092363337e-02 1.3259094584180209e-01 2.7582147389215102e+01 33
1 0 1 1 3.2837372714595213e-02 2.3330455662675047e-02 1.0000014473184171e+00 7.2799373630479614e-02 1.3349100163510799e-01 2.7632147382284742e+01 33
1 0 1 1 3.2814869062738374e-02 2.3313185132875749e-02 1.0000014999545632e+00 7.2742878625042140e-02 1.3439254297599845e-01 2.7682147375365208e+01 33
1 0 1 1 3.2792252408733742e-02 2.3295881273823427e-02 1.0000015541896727e+00 7.2686527638433196e-02 1.3529555565939108e-01 2.7732147368454257e+01 33
1 0 1 1 3.2769524487490591e-02 2.3278544955295809e-02 1.0000016100610507e+00 7.2630321225283401e-02 1.3620002554108382e-01 2.7782147361554031e+01 33
1 0 1 1 3.2746687023401111e-02 2.3261177039876950e-02 1.0000016676065187e+00 7.2574259932511154e-02 1.3710593853769124e-01 2.7832147354668567e+01 33
1 0 1 1 3.2723741730342155e-02 2.3243778383000190e-02 1.0000017268644121e+00 7.2518344299365878e-02 1.3801328062650214e-01 2.7882147347796064e+01 33
1 0 1 1 3.2700690311658072e-02 2.3226349832973229e-02 1.0000017878735763e+00 7.2462574857453999e-02 1.3892203784543197e-01 2.7932147340927393e+01 33
1 0 1 1 3.2677534460153021e-02 2.3208892231010997e-02 1.0000018506733639e+00 7.2406952130744995e-02 1.3983219629366467e-01 2.7982147334082118e+01 33
1 0 1 1 3.2654275858105701e-02 2.3191406411282239e-02 1.0000019153036297e+00 7.2351476635671375e-02 1.4074374213039217e-01 2.8032147327240640e+01 33
1 0 1 1 3.2630916177240961e-02 2.3173893200926540e-02 1.0000019818047281e+00 7.2296148881087596e-02 1.4165666157611964e-01 2.8082147320416745e+01 33
1 0 1 1 3.2607457078750825e-02 2.3156353420105604e-02 1.0000020502175073e+00 7.2240969368362218e-02 1.4257094091166292e-01 2.8132147313604090e+01 33
1 0 1 1 3.2583900213280878e-02 2.3138787882026682e-02 1.0000021205833047e+00 7.2185938591381060e-02 1.4348656647867541e-01 2.8182147306806673e+01 33
1 0 1 1 3.2560247220934917e-02 2.3121197392980308e-02 1.0000021929439424e+00 7.2131057036600221e-02 1.4440352467927317e-01 2.8232147300020184e+01 33
1 0 1 1 3.2536499731275328e-02 2.3103582752376461e-02 1.0000022673417202e+00 7.2076325183064394e-02 1.4532180197628780e-01 2.8282147293247029e+01 33
1 0 1 1 3.2512659363328221e-02 2.3085944752778954e-02 1.0000023438194108e+00 7.2021743502451829e-02 1.4624138489316005e-01 2.8332147286492891e+01 33
1 0 1 1 3.2488727725589590e-02 2.3068284179942573e-02 1.0000024224202531e+00 7.1967312459125077e-02 1.4716226001349195e-01 2.8382147279744373e+01 33
1 0 1 1 3.2464706416020055e-02 2.3050601812841624e-02 1.0000025031879454e+00 7.1913032510122071e-02 1.4808441398197000e-01 2.8432147273021126e+01 33
1 0 1 1 3.2440597022070902e-02 2.3032898423717994e-02 1.0000025861666388e+00 7.1858904105261412e-02 1.4900783350291905e-01 2.8482147266300043e+01 33
1 0 1 1 3.2416401120662457e-02 2.3015174778097912e-02 1.0000026714009291e+00 7.1804927687093678e-02 1.4993250534193553e-01 2.8532147259605861e+01 33
1 0 1 1 3.2392120278226674e-02 2.2997431634850220e-02 1.0000027589358496e+00 7.1751103691029272e-02 1.5085841632406527e-01 2.8582147252915426e+01 33
1 0 1 1 3.2367756050683018e-02 2.2979669746200262e-02 1.0000028488168622e+00 7.1697432545286099e-02 1.5178555333546950e-01 2.8632147246250018e+01 33
1 0 1 1 3.2343309983478841e-02 2.2961889857784985e-02 1.0000029410898503e+00 7.1643914671007614e-02 1.5271390332182352e-01 2.8682147239592233e+01 33
1 0 1 1 3.2318783611573809e-02 2.2944092708670608e-02 1.0000030358011083e+00 7.1590550482231147e-02 1.5364345328954568e-01 2.8732147232954912e+01 33
1 0 1 1 3.2294178459472370e-02 2.2926279031402538e-02 1.0000031329973325e+00 7.1537340385976561e-02 1.5457419030480077e-01 2.8782147226330704e+01 33
1 0 1 1 3.2269496041224956e-02 2.2908449552033500e-02 1.0000032327256130e+00 7.1484284782251079e-02 1.5550610149402208e-01 2.8832147219723197e+01 33
1 0 1 1 3.2244737860450179e-02 2.2890604990165497e-02 1.0000033350334212e+00 7.1431384064102710e-02 1.5643917404357377e-01 2.8882147213131990e+01 33
1 0 1 1 3.2219905410341386e-02 2.2872746058978342e-02 1.0000034399686015e+00 7.1378638617653228e-02 1.5737339519973886e-01 2.8932147206555936e+01 33
1 0 1 1 3.2195000173689120e-02 2.2854873465272495e-02 1.0000035475793592e+00 7.1326048822132671e-02 1.5830875226874677e-01 2.8982147199997662e+01 33
1 0 1 1 3.2170023622897108e-02 2.2836987909503090e-02 1.0000036579142493e+00 7.1273615049925326e-02 1.5924523261657614e-01 2.9032147193457007e+01 33
1 0 1 1 3.2144977219997435e-02 2.2819090085815227e-02 1.0000037710221659e+00 7.1221337666605322e-02 1.6018282366883060e-01 2.9082147186928140e+01 33
1 0 1 1 3.2119862416663168e-02 2.2801180682074752e-02 1.0000038869523287e+00 7.1169217030957355e-02 1.6112151291108784e-01 2.9132147180422251e+01 33
1 0 1 1 3.2094680654247067e-02 2.2783260379922201e-02 1.0000040057542716e+00 7.1117253495050547e-02 1.6206128788811244e-01 2.9182147173928801e+01 33
1 0 1 1 3.2069433363774880e-02 2.2765329854784359e-02 1.0000041274778297e+00 7.1065447404238091e-02 1.6300213620448120e-01 2.9232147167454272e+01 32
1 0 1 1 3.2044121965989346e-02 2.2747389775932301e-02 1.0000042521731261e+00 7.1013799097221775e-02 1.6394404552409025e-01 2.9282147160998900e+01 32
1 0 1 1 3.2018747871359068e-02 2.2729440806504325e-02 1.0000043798905578e+00 7.0962308906085847e-02 1.6488700357007532e-01 2.9332147154557902e+01 32
1 0 1 1 3.1993312480104404e-02 2.2711483603549097e-02 1.0000045106807824e+00 7.0910977156321997e-02 1.6583099812503208e-01 2.9382147148136550e+01 32
1 0 1 1 3.1967817182218410e-02 2.2693518818055831e-02 1.0000046445947040e+00 7.0859804166885698e-02 1.6677601703055800e-01 2.9432147141731587e+01 32
1 0 1 1 3.1942263357492839e-02 2.2675547094995741e-02 1.0000047816834567e+00 7.0808790250221104e-02 1.6772204818745065e-01 2.9482147135345514e+01 32
1 0 1 1 3.1916652375543947e-02 2.2657569073358190e-02 1.0000049219983917e+00 7.0757935712309206e-02 1.6866907955545477e-01 2.9532147128978274e+01 32
1 0 1 1 3.1890985595835010e-02 2.2639585386184696e-02 1.0000050655910606e+00 7.0707240852704467e-02 1.6961709915315223e-01 2.9582147122626431e+01 32
1 0 1 1 3.1865264367698487e-02 2.2621596660601602e-02 1.0000052125131988e+00 7.0656705964563749e-02 1.7056609505813825e-01 2.9632147116297645e+01 32
1 0 1 1 3.1839490030374430e-02 2.2603603517867225e-02 1.0000053628167109e+00 7.0606331334708838e-02 1.7151605540635803e-01 2.9682147109980274e+01 32
1 0 1 1 3.1813663913019756e-02 2.2585606573393313e-02 1.0000055165536528e+00 7.0556117243626926e-02 1.7246696839288952e-01 2.9732147103690178e+01 32
1 0 1 1 3.1787787334759371e-02 2.2567606436799007e-02 1.0000056737762142e+00 7.0506063965561833e-02 1.7341882227072145e-01 2.9782147097411531e+01 32
1 0 1 1 3.1761861604688982e-02 2.2549603711927317e-02 1.0000058345367029e+00 7.0456171768497888e-02 1.7437160535179380e-01 2.9832147091157207e+01 32
1 0 1 1 3.1735888021926291e-02 2.2531598996898609e-02 1.0000059988875254e+00 7.0406440914246110e-02 1.7532530600589405e-01 2.9882147084915907e+01 32
1 0 1 1 3.1709867875619462e-02 2.2513592884130039e-02 1.0000061668811691e+00 7.0356871658441622e-02 1.7627991266145415e-01 2.9932147078700066e+01 32
1 0 1 1 3.1683802445002886e-02 2.2495585960392646e-02 1.0000063385701836e+00 7.0307464250624951e-02 1.7723541380453431e-01 2.9982147072497337e+01 32
1 0 1 1 3.1657692999397996e-02 2.2477578806821361e-02 1.0000065140071626e+00 7.0258218934238115e-02 1.7819179797963991e-01 3.0032147066320551e+01 32
1 0 1 1 3.1631540798275397e-02 2.2459571998977437e-02 1.0000066932447231e+00 7.0209135946707801e-02 1.7914905378868784e-01 3.0082147060158196e+01 32
1 0 1 1 3.1605347091260484e-02 2.2441566106862876e-02 1.0000068763354877e+00 7.0160215519444236e-02 1.8010716989170278e-01 3.0132147054017572e+01 32
1 0 1 1 3.1579113118181124e-02 2.2423561694968164e-02 1.0000070633320619e+00 7.0111457877907929e-02 1.8106613500611152e-01 3.0182147047893697e+01 32
1 0 1 1 3.1552840109092345e-02 2.2405559322302170e-02 1.0000072542870162e+00 7.0062863241628970e-02 1.8202593790712593e-01 3.0232147041795432e+01 32
1 0 1 1 3.1526529284320801e-02 2.2387559542435011e-02 1.0000074492528643e+00 7.0014431824273859e-02 1.8298656742695485e-01 3.0282147035710803e+01 32
1 0 1 1 3.1500181854481328e-02 2.2369562903522558e-02 1.0000076482820419e+00 6.9966163833646566e-02 1.8394801245551207e-01 3.0332147029649978e+01 32
1 0 1 1 3.1473799020528111e-02 2.2351569948352377e-02 1.0000078514268851e+00 6.9918059471762661e-02 1.8491026193960425e-01 3.0382147023609683e+01 32
1 0 1 1 3.1447381973783280e-02 2.2333581214377059e-02 1.0000080587396094e+00 6.9870118934872577e-02 1.8587330488309348e-01 3.0432147017587678e+01 32
1 0 1 1 3.1420931895966134e-02 2.2315597233742768e-02 1.0000082702722868e+00 6.9822342413497718e-02 1.8683713034677293e-01 3.0482147011583464e+01 32
1 0 1 1 3.1394449959233364e-02 2.2297618533330048e-02 1.0000084860768244e+00 6.9774730092468373e-02 1.8780172744840543e-01 3.0532147005606451e+01 32
1 0 1 1 3.1367937326223325e-02 2.2279645634792265e-02 1.0000087062049399e+00 6.9727282150987613e-02 1.8876708536195505e-01 3.0582146999643300e+01 32
1 0 1 1 3.1341395150076071e-02 2.2261679054582331e-02 1.0000089307081401e+00 6.9679998762629536e-02 1.8973319331838151e-01 3.0632146993705376e+01 32
1 0 1 1 3.1314824574485228e-02 2.2243719303995210e-02 1.0000091596376974e+00 6.9632880095416821e-02 1.9070004060465162e-01 3.0682146987785035e+01 32
1 0 1 1 3.1288226733724021e-02 2.2225766889197283e-02 1.0000093930446252e+00 6.9585926311831414e-02 1.9166761656419176e-01 3.0732146981885496e+01 32
1 0 1 1 3.1261602752689910e-02 2.2207822311265453e-02 1.0000096309796547e+00 6.9539137568866843e-02 1.9263591059654961e-01 3.0782146976010576e+01 32
1 0 1 1 3.1234950184525861e-02 2.2189886066220754e-02 1.0000098734932099e+00 6.9492514018074519e-02 1.9360491215702968e-01 3.0832146970153438e+01 32
1 0 1 1 3.1208270493294762e-02 2.2171958645062849e-02 1.0000101206353842e+00 6.9446055805583301e-02 1.9457461075696281e-01 3.0882146964316703e+01 32
1 0 1 1 3.1181567920209419e-02 2.2154040533800042e-02 1.0000103724559144e+00 6.9399763072149179e-02 1.9554499596333111e-01 3.0932146958501569e+01 32
1 0 1 1 3.1154843554912836e-02 2.2136132213492098e-02 1.0000106290041562e+00 6.9353635953194132e-02 1.9651605739867492e-01 3.0982146952709314e+01 32
1 0 1 1 3.1128098477845846e-02 2.2118234160279488e-02 1.0000108903290585e+00 6.9307674578847650e-02 1.9748778474088258e-01 3.1032146946938681e+01 32
1 0 1 1 3.1101333760287665e-02 2.2100346845421059e-02 1.0000111564791385e+00 6.9261879073981958e-02 1.9846016772305480e-01 3.1082146941185691e+01 32
1 0 1 1 3.1074550464385418e-02 2.2082470735318601e-02 1.0000114275024550e+00 6.9216249558241072e-02 1.9943319613352495e-01 3.1132146935452955e+01 32
1 0 1 1 3.1047749643207098e-02 2.2064606291562462e-02 1.0000117034465823e+00 6.9170786146086738e-02 2.0040685981578868e-01 3.1182146929752783e+01 32
1 0 1 1 3.1020932340789620e-02 2.2046753970966216e-02 1.0000119843585851e+00 6.9125488946866875e-02 2.0138114866740034e-01 3.1232146924059368e+01 32
1 0 1 1 3.0994099592145725e-02 2.2028914225583167e-02 1.0000122702849898e+00 6.9080358064782355e-02 2.0235605264156659e-01 3.1282146918397004e+01 32
1 0 1 1 3.0967252423346376e-02 2.2011087502763885e-02 1.0000125612717601e+00 6.9035393599001377e-02 2.0333156174529035e-01 3.1332146912753458e+01 32
1 0 1 1 3.0940391851532217e-02 2.1993274245169777e-02 1.0000128573642684e+00 6.8990595643650926e-02 2.0430766604022696e-01 3.1382146907132000e+01 32
1 0 1 1 3.0913518884971503e-02 2.1975474890820679e-02 1.0000131586072689e+00 6.8945964287872197e-02 2.0528435564217354e-01 3.1432146901532111e+01 32
1 0 1 1 3.0886634523092930e-02 2.1957689873118455e-02 1.0000134650448709e+00 6.8901499615854539e-02 2.0626162072097323e-01 3.1482146895953726e+01 31
1 0 1 1 3.0859739756531557e-02 2.1939919620885245e-02 1.0000137767205108e+00 6.8857201706873317e-02 2.0723945150038087e-01 3.1532146890397573e+01 31
1 0 1 1 3.0832835567169696e-02 2.1922164558394623e-02 1.0000140936769244e+00 6.8813070635329349e-02 2.0821783825780846e-01 3.1582146884860720e+01 31
1 0 1 1 3.0805922928178336e-02 2.1904425105405023e-02 1.0000144159561195e+00 6.8769106470778663e-02 2.0919677132451850e-01 3.1632146879354107e+01 31
1 0 1 1 3.0779002804071590e-02 2.1886701677197824e-02 1.0000147435993469e+00 6.8725309277999191e-02 2.1017624108457877e-01 3.1682146873858134e+01 31
1 0 1 1 3.0752076150722233e-02 2.1868994684595768e-02 1.0000150766470741e+00 6.8681679116974315e-02 2.1115623797609967e-01 3.1732146868393080e+01 31
1 0 1 1 3.0725143915437309e-02 2.1851304534013325e-02 1.0000154151389549e+00 6.8638216042990613e-02 2.1213675248958894e-01 3.1782146862944405e+01 31
1 0 1 1 3.0698207036974661e-02 2.1833631627473503e-02 1.0000157591138028e+00 6.8594920106627127e-02 2.1311777516902414e-01 3.1832146857525252e+01 31
1 0 1 1 3.0671266445611037e-02 2.1815976362657346e-02 1.0000161086095616e+00 6.8551791353834435e-02 2.1409929661053442e-01 3.1882146852117465e+01 31
1 0 1 1 3.0644323063152727e-02 2.1798339132911772e-02 1.0000164636632778e+00 6.8508829825919493e-02 2.1508130746358428e-01 3.1932146846740942e+01 31
1 0 1 1 3.0617377803015870e-02 2.1780720327308323e-02 1.0000168243110710e+00 6.8466035559640537e-02 2.1606379842946877e-01 3.1982146841384942e+01 31
1 0 1 1 3.0590431570247066e-02 2.1763120330657599e-02 1.0000171905881057e+00 6.8423408587206747e-02 2.1704676026194544e-01 3.2032146836049144e+01 31
1 0 1 1 3.0563485261569965e-02 2.1745539523544296e-02 1.0000175625285628e+00 6.8380948936322017e-02 2.1803018376686839e-01 3.2082146830733421e+01 31
1 0 1 1 3.0536539765430925e-02 2.1727978282359277e-02 1.0000179401656106e+00 6.8338656630219652e-02 2.1901405980219257e-01 3.2132146825446604e+01 31
1 0 1 1 3.0509595962055065e-02 2.1710436979339467e-02 1.0000183235313769e+00 6.8296531687719486e-02 2.1999837927729690e-01 3.2182146820180655e+01 31
1 0 1 1 3.0482654723474674e-02 2.1692915982587574e-02 1.0000187126569184e+00 6.8254574123241735e-02 2.2098313315316601e-01 3.2232146814928811e+01 31
1 0 1 1 3.0455716913568055e-02 2.1675415656100601e-02 1.0000191075721943e+00 6.8212783946831973e-02 2.2196831244270226e-01 3.2282146809709957e+01 31
1 0 1 1 3.0428783388132867e-02 2.1657936359818847e-02 1.0000195083060357e+00 6.8171161164243488e-02 2.2295390820942035e-01 3.2332146804511353e+01 31
1 0 1 1 3.0401854994906091e-02 2.1640478449641780e-02 1.0000199148861177e+00 6.8129705776934057e-02 2.2393991156810561e-01 3.2382146799330364e+01 31
1 0 1 1 3.0374932573610656e-02 2.1623042277460543e-02 1.0000203273389316e+00 6.8088417782104255e-02 2.2492631368466118e-01 3.2432146794175516e+01 31
1 0 1 1 3.0348016956009180e-02 2.1605628191191686e-02 1.0000207456897545e+00 6.8047297172752375e-02 2.2591310577539722e-01 3.2482146789040009e+01 31
1 0 1 1 3.0321108965939165e-02 2.1588236534803688e-02 1.0000211699626227e+00 6.8006343937689173e-02 2.2690027910752192e-01 3.2532146783934813e+01 31
1 0 1 1 3.0294209419375977e-02 2.1570867648359311e-02 1.0000216001803015e+00 6.7965558061603287e-02 2.2788782499805532e-01 3.2582146778842343e+01 31
1 0 1 1 3.0267319124446954e-02 2.1553521868024016e-02 1.0000220363642593e+00 6.7924939525050743e-02 2.2887573481491191e-01 3.2632146773780839e+01 31
1 0 1 1 3.0240438881511632e-02 2.1536199526121083e-02 1.0000224785346368e+00 6.7884488304541135e-02 2.2986399997531806e-01 3.2682146768732274e+01 31
1 0 1 1 3.0213569483167935e-02 2.1518900951132285e-02 1.0000229267102214e+00 6.7844204372520645e-02 2.3085261194708084e-01 3.2732146763716997e+01 31
1 0 1 1 3.0186711714341077e-02 2.1501626467762290e-02 1.0000233809084176e+00 6.7804087697463267e-02 2.3184156224689040e-01 3.2782146758714681e+01 31
1 0 1 1 3.0159866352285528e-02 2.1484376396933770e-02 1.0000238411452207e+00 6.7764138243848526e-02 2.3283084244168648e-01 3.2832146753744425e+01 31
1 0 1 1 3.0133034166668512e-02 2.1467151055846626e-02 1.0000243074351882e+00 6.7724355972250516e-02 2.3382044414700956e-01 3.2882146748788962e+01 31
1 0 1 1 3.0106215919580296e-02 2.1449950757981354e-02 1.0000247797914135e+00 6.7684740839323188e-02 2.3481035902799618e-01 3.2932146743854858e+01 31
1 0 1 1 3.0079412365597039e-02 2.1432775813141503e-02 1.0000252582254987e+00 6.7645292797857970e-02 2.3580057879877345e-01 3.2982146738950419e+01 31
1 0 1 1 3.0052624251834591e-02 2.1415626527488088e-02 1.0000257427475270e+00 6.7606011796831400e-02 2.3679109522196745e-01 3.3032146734069961e+01 31
1 0 1 1 3.0025852317982049e-02 2.1398503203560182e-02 1.0000262333660377e+00 6.7566897781424440e-02 2.3778190010856542e-01 3.3082146729195870e+01 31
1 0 1 1 2.9999097296322878e-02 2.1381406140288030e-02 1.0000267300879990e+00 6.7527950693020589e-02 2.3877298531904267e-01 3.3132146724364894e+01 31
1 0 1 1 2.9972359911842252e-02 2.1364335633063284e-02 1.0000272329187818e+00 6.7489170469326731e-02 2.3976434276073189e-01 3.3182146719543482e+01 31
1 0 1 1 2.9945640882204215e-02 2.1347291973720938e-02 1.0000277418621357e+00 6.7450557044315407e-02 2.4075596438993735e-01 3.3232146714744694e+01 31
1 0 1 1 2.9918940917833738e-02 2.1330275450593954e-02 1.0000282569201617e+00 6.7412110348304799e-02 2.4174784221073095e-01 3.3282146709975393e+01 31
1 0 1 1 2.9892260721962202e-02 2.1313286348539320e-02 1.0000287780932888e+00 6.7373830307997373e-02 2.4273996827450034e-01 3.3332146705223302e+01 31
1 0 1 1 2.9865600900141020e-02 2.1296324111698482e-02 1.0000293054290750e+00 6.7335716846484733e-02 2.4373233810686010e-01 3.3382146867926622e+01 31
1 0 1 1 2.9838961896961239e-02 2.1279384461212900e-02 1.0000298392031957e+00 6.7297770265904666e-02 2.4472495327704341e-01 3.3432147642459007e+01 31
1 0 1 1 2.9812346248364926e-02 2.1262474036818232e-02 1.0000303790669933e+00 6.7259992254538353e-02 2.4571773644654932e-01 3.3482145560846106e+01 31
1 0 1 1 2.9785751401772993e-02 2.1245591059898646e-02 1.0000309250797506e+00 6.7222378145193218e-02 2.4671080025256251e-01 3.3532146686283696e+01 31
1 0 1 1 2.9759180333300213e-02 2.1228737265112999e-02 1.0000314771864440e+00 6.7184931119792568e-02 2.4770405085767364e-01 3.3582146681650464e+01 31
1 0 1 1 2.9732633102537671e-02 2.1211912535676756e-02 1.0000320353894883e+00 6.7147650231791867e-02 2.4869750303859559e-01 3.3632146677038868e+01 31
1 0 1 1 2.9706110363523584e-02 2.1195117133408055e-02 1.0000325996771895e+00 6.7110535383255621e-02 2.4969114917618507e-01 3.3682146672440929e+01 31
1 0 1 1 2.9679612763436700e-02 2.1178351316841593e-02 1.0000331700359961e+00 6.7073586472862157e-02 2.5068498169796088e-01 3.3732146667868918e+01 31
1 0 1 1 2.9653140942663858e-02 2.1161615341272932e-02 1.0000337464504776e+00 6.7036803395962130e-02 2.5167899307721592e-01 3.3782146663318450e+01 31
1 0 1 1 2.9626695534830678e-02 2.1144909458774286e-02 1.0000343289033045e+00 6.7000186044593651e-02 2.5267317583329918e-01 3.3832146658792269e+01 31
1 0 1 1 2.9600277166850070e-02 2.1128233918223511e-02 1.0000349173752276e+00 6.6963734307522338e-02 2.5366752253116642e-01 3.3882146654286842e+01 31
1 0 1 1 2.9573886458965238e-02 2.1111588965331787e-02 1.0000355118450599e+00 6.6927448070263906e-02 2.5466202578139069e-01 3.3932146649800444e+01 30
1 0 1 1 2.9547524024785315e-02 2.1094974842659937e-02 1.0000361122896575e+00 6.6891327215112817e-02 2.5565667823993243e-01 3.3982146645332328e+01 30
1 0 1 1 2.9521190471334266e-02 2.1078391789652002e-02 1.0000367186839014e+00 6.6855371621170390e-02 2.5665147260840426e-01 3.4032146640903136e+01 30
1 0 1 1 2.9494886399119687e-02 2.1061840042673044e-02 1.0000373310006803e+00 6.6819581164417635e-02 2.5764640163210062e-01 3.4082146636465723e+01 30
1 0 1 1 2.9468612402105153e-02 2.1045319834992929e-02 1.0000379492108746e+00 6.6783955717641230e-02 2.5864145810326350e-01 3.4132146632077124e+01 30
1 0 1 1 2.9442369067848112e-02 2.1028831396867460e-02 1.0000385732833394e+00 6.6748495150598164e-02 2.5963663485691857e-01 3.4182146627699126e+01 30
1 0 1 1 2.9416156977470291e-02 2.1012374955519973e-02 1.0000392031848899e+00 6.6713199329942130e-02 2.6063192477342445e-01 3.4232146623334046e+01 30
1 0 1 1 2.9389976705718249e-02 2.0995950735177064e-02 1.0000398388802878e+00 6.6678068119277623e-02 2.6162732077795808e-01 3.4282146619007840e+01 30
1 0 1 1 2.9363828821039273e-02 2.0979558957111930e-02 1.0000404803322247e+00 6.6643101379236319e-02 2.6262281583852382e-01 3.4332146614679083e+01 30
1 0 1 1 2.9337713885558933e-02 2.0963199839631092e-02 1.0000411275013135e+00 6.6608298967412993e-02 2.6361840296889794e-01 3.4382146610394507e+01 30
1 0 1 1 2.9311632455202678e-02 2.0946873598145382e-02 1.0000417803460717e+00 6.6573660738504598e-02 2.6461407522505692e-01 3.4432146606118970e+01 30
1 0 1 1 2.9285585079670738e-02 2.0930580445151604e-02 1.0000424388229132e+00 6.6539186544248785e-02 2.6560982570746022e-01 3.4482146601858673e+01 30
1 0 1 1 2.9259572302506906e-02 2.0914320590276623e-02 1.0000431028861374e+00 6.6504876233481502e-02 2.6660564756026894e-01 3.4532146597628959e+01 30
1 0 1 1 2.9233594661153075e-02 2.0898094240304407e-02 1.0000437724879181e+00 6.6470729652188476e-02 2.6760153397036118e-01 3.4582146593414940e+01 30
1 0 1 1 2.9207652686968094e-02 2.0881901599187961e-02 1.0000444475782961e+00 6.6436746643498606e-02 2.6859747816811391e-01 3.4632146589218031e+01 30
1 0 1 1 2.9181746905276224e-02 2.0865742868075549e-02 1.0000451281051712e+00 6.6402927047721522e-02 2.6959347342708695e-01 3.4682146585048841e+01 30
1 0 1 1 2.9155877835424084e-02 2.0849618245344721e-02 1.0000458140142945e+00 6.6369270702393179e-02 2.7058951306318851e-01 3.4732146580892888e+01 30
1 0 1 1 2.9130045990795942e-02 2.0833527926607379e-02 1.0000465052492633e+00 6.6335777442271426e-02 2.7158559043526220e-01 3.4782146576748907e+01 30
1 0 1 1 2.9104251878858414e-02 2.0817472104736567e-02 1.0000472017515161e+00 6.6302447099365530e-02 2.7258169894535478e-01 3.4832146572649997e+01 30
1 0 1 1 2.9078496001249492e-02 2.0801450969917621e-02 1.0000479034603273e+00 6.6269279503024581e-02 2.7357783203602148e-01 3.4882146568536271e+01 30
1 0 1 1 2.9052778853721088e-02 2.0785464709609840e-02 1.0000486103128063e+00 6.6236274479838986e-02 2.7457398319450615e-01 3.4932146564473257e+01 30
1 0 1 1 2.9027100926296796e-02 2.0769513508642409e-02 1.0000493222438929e+00 6.6203431853813915e-02 2.7557014594763901e-01 3.4982146560402775e+01 30
1 0 1 1 2.9001462703202176e-02 2.0753597549166825e-02 1.0000500391863585e+00 6.6170751446257003e-02 2.7656631386623937e-01 3.5032146556372702e+01 30
1 0 1 1 2.8975864662996641e-02 2.0737717010736453e-02 1.0000507610708047e+00 6.6138233075919262e-02 2.7756248056116239e-01 3.5082146552345762e+01 30
1 0 1 1 2.8950307278543402e-02 2.0721872070285512e-02 1.0000514878256650e+00 6.6105876558929855e-02 2.7855863968601247e-01 3.5132146548343265e+01 30
1 0 1 1 2.8924791017091046e-02 2.0706062902174846e-02 1.0000522193772072e+00 6.6073681708876897e-02 2.7955478493528085e-01 3.5182146544359924e+01 30
1 0 1 1 2.8899316340298065e-02 2.0690289678204896e-02 1.0000529556495357e+00 6.6041648336811754e-02 2.8055091004469696e-01 3.5232146540388662e+01 30
1 0 1 1 2.8873872897830700e-02 2.0674552567632749e-02 1.0000536965645970e+00 6.6009776251263863e-02 2.8154700879150057e-01 3.5282146536441751e+01 30
1 0 1 1 2.8848471731750092e-02 2.0658851737205067e-02 1.0000544420421842e+00 6.5978065258289142e-02 2.8254307499353465e-01 3.5332146532512631e+01 30
1 0 1 1 2.8823113549518057e-02 2.0643187351168834e-02 1.0000551919999445e+00 6.5946515161477565e-02 2.8353910250935299e-01 3.5382146528589175e+01 30
1 0 1 1 2.8797798791297336e-02 2.0627559571285557e-02 1.0000559463533865e+00 6.5915125761958127e-02 2.8453508523906723e-01 3.5432146524702809e+01 30
1 0 1 1 2.8772527891872877e-02 2.0611968556879374e-02 1.0000567050158886e+00 6.5883896858481839e-02 2.8553101712179985e-01 3.5482146520808371e+01 30
1 0 1 1 2.8747301280616807e-02 2.0596414464813809e-02 1.0000574678987106e+00 6.5852828247352502e-02 2.8652689213896776e-01 3.5532146516955450e+01 30
1 0 1 1 2.8722119381610411e-02 2.0580897449561170e-02 1.0000582349110030e+00 6.5821919722555161e-02 2.8752270431035903e-01 3.5582146513099360e+01 30
1 0 1 1 2.8696982613602841e-02 2.0565417663175496e-02 1.0000590059598218e+00 6.5791171075679639e-02 2.8851844769746732e-01 3.5632146509274875e+01 30
1 0 1 1 2.8671891390113606e-02 2.0549975255350860e-02 1.0000597809501393e+00 6.5760582096023090e-02 2.8951411640043706e-01 3.5682146505450135e+01 30
1 0 1 1 2.8646846119413781e-02 2.0534570373407505e-02 1.0000605597848624e+00 6.5730152570541100e-02 2.9050970456039676e-01 3.5732146501650099e+01 30
1 0 1 1 2.8621847204607077e-02 2.0519203162338403e-02 1.0000613423648461e+00 6.5699882283924926e-02 2.9150520635769017e-01 3.5782146497874670e+01 30
1 0 1 1 2.8596895043658317e-02 2.0503873764821136e-02 1.0000621285889111e+00 6.5669771018612821e-02 2.9250061601168514e-01 3.5832146494096307e+01 30
1 0 1 1 2.8571990029396289e-02 2.0488582321218463e-02 1.0000629183538643e+00 6.5639818554767138e-02 2.9349592778220490e-01 3.5882146490337405e+01 30
1 0 1 1 2.8547132549585533e-02 2.0473328969617222e-02 1.0000637115545163e+00 6.5610024670341549e-02 2.9449113596813975e-01 3.5932146486608055e+01 30
1 0 1 1 2.8522322986970432e-02 2.0458113845852596e-02 1.0000645080837038e+00 6.5580389141108780e-02 2.9548623490663378e-01 3.5982146482871009e+01 30
1 0 1 1 2.8497561719258702e-02 2.0442937083494143e-02 1.0000653078323118e+00 6.5550911740617279e-02 2.9648121897527030e-01 3.6032146479157767e+01 30
1 0 1 1 2.8472849119208991e-02 2.0427798813895701e-02 1.0000661106892972e+00 6.5521592240276622e-02 2.9747608258998554e-01 3.6082146475470552e+01 30
1 0 1 1 2.8448185554662875e-02 2.0412699166212640e-02 1.0000669165417122e+00 6.5492430409368141e-02 2.9847082020488308e-01 3.6132146471778036e+01 30
1 0 1 1 2.8423571388535122e-02 2.0397638267389041e-02 1.0000677252747330e+00 6.5463426015015397e-02 2.9946542631372824e-01 3.6182146468097997e+01 30
1 0 1 1 2.8399006978884048e-02 2.0382616242201359e-02 1.0000685367716857e+00 6.5434578822242184e-02 3.0045989544896035e-01 3.6232146464452093e+01 30
1 0 1 1 2.8374492678967567e-02 2.0367633213286183e-02 1.0000693509140735e+00 6.5405888594018163e-02 3.0145422218023138e-01 3.6282146460799289e+01 30
1 0 1 1 2.8350028837217402e-02 2.0352689301120459e-02 1.0000701675816095e+00 6.5377355091206402e-02 3.0244840111678234e-01 3.6332146457161166e+01 30
1 0 1 1 2.8325615797315871e-02 2.0337784624067014e-02 1.0000709866522457e+00 6.5348978072631680e-02 3.0344242690587853e-01 3.6382146453548394e+01 30
1 0 1 1 2.8301253898237545e-02 2.0322919298394672e-02 1.0000718080022055e+00 6.5320757295105669e-02 3.0443629423198654e-01 3.6432146449925128e+01 30
1 0 1 1 2.8276943474230397e-02 2.0308093438263883e-02 1.0000726315060187e+00 6.5292692513385653e-02 3.0542999781926689e-01 3.6482146446340010e+01 30
1 0 1 1 2.8252684854926723e-02 2.0293307155789118e-02 1.0000734570365535e+00 6.5264783480282251e-02 3.0642353242768677e-01 3.6532146442736590e+01 29
1 0 1 1 2.8228478365286400e-02 2.0278560561003463e-02 1.0000742844650568e+00 6.5237029946569575e-02 3.0741689285732543e-01 3.6582146439174025e+01 29
1 0 1 1 2.8204324325725411e-02 2.0263853761929015e-02 1.0000751136611858e+00 6.5209431661116618e-02 3.0841007394358005e-01 3.6632146435593029e+01 29
1 0 1 1 2.8180223052051624e-02 2.0249186864538252e-02 1.0000759444930527e+00 6.5181988370789257e-02 3.0940307056172617e-01 3.6682146432048818e+01 29
1 0 1 1 2.8156174855591336e-02 2.0234559972825413e-02 1.0000767768272585e+00 6.5154699820575174e-02 3.1039587762248555e-01 3.6732146428493920e+01 29
1 0 1 1 2.8132180043138850e-02 2.0219973188771889e-02 1.0000776105289380e+00 6.5127565753506311e-02 3.1138849007551900e-01 3.6782146424959144e+01 29
1 0 1 1 2.8108238917045624e-02 2.0205426612396556e-02 1.0000784454617997e+00 6.5100585910740416e-02 3.1238090290693205e-01 3.6832146421433080e+01 29
1 0 1 1 2.8084350986255523e-02 2.0190914597064926e-02 1.0000792824922640e+00 6.5073760031547329e-02 3.1337314305411418e-01 3.6882147922993880e+01 29
1 0 1 1 2.8060519256623659e-02 2.0176442557091421e-02 1.0000801207333343e+00 6.5047090273439689e-02 3.1436509333643586e-01 3.6932145341909873e+01 29
1 0 1 1 2.8036740578007466e-02 2.0162010128262652e-02 1.0000809598669640e+00 6.5020572246522523e-02 3.1535689222128682e-01 3.6982145935802400e+01 29
1 0 1 1 2.8013016808213394e-02 2.0147618358356278e-02 1.0000817996962428e+00 6.4994207447186203e-02 3.1634846942307587e-01 3.7032146407584456e+01 29
1 0 1 1 2.7989348394333681e-02 2.0133267438768778e-02 1.0000826400723601e+00 6.4967995790794819e-02 3.1733981311343684e-01 3.7082146404113281e+01 29
1 0 1 1 2.7965735386855088e-02 2.0118957321102034e-02 1.0000834808592685e+00 6.4941936756123364e-02 3.1833092792585571e-01 3.7132146400630170e+01 29
1 0 1 1 2.7942178057754657e-02 2.0104688092060112e-02 1.0000843219118278e+00 6.4916030071459185e-02 3.1932180910543528e-01 3.7182146397171806e+01 29
1 0 1 1 2.7918676674825352e-02 2.0090459836506411e-02 1.0000851630838341e+00 6.4890275463345526e-02 3.2031245193240065e-01 3.7232146393703921e+01 29
1 0 1 1 2.7895231501646557e-02 2.0076272637441901e-02 1.0000860042280735e+00 6.4864672656532368e-02 3.2130285172454992e-01 3.7282146390249693e+01 29
1 0 1 1 2.7871842797655227e-02 2.0062126576045426e-02 1.0000868451963727e+00 6.4839221374035694e-02 3.2229300383565945e-01 3.7332146386813250e+01 29
1 0 1 1 2.7848510818175607e-02 2.0048021731687338e-02 1.0000876858396524e+00 6.4813921337148972e-02 3.2328290365507084e-01 3.7382146383362972e+01 29
1 0 1 1 2.7825235814407653e-02 2.0033958181920164e-02 1.0000885260079835e+00 6.4788772265412353e-02 3.2427254660951549e-01 3.7432146379927360e+01 29
1 0 1 1 2.7802018033499021e-02 2.0019936002516680e-02 1.0000893655506411e+00 6.4763773876675368e-02 3.2526192816125593e-01 3.7482146376506293e+01 29
1 0 1 1 2.7778857718568903e-02 2.0005955267480793e-02 1.0000902043161595e+00 6.4738925887099674e-02 3.2625104380785847e-01 3.7532146373062865e+01 29
1 0 1 1 2.7755755108686591e-02 1.9992016049032890e-02 1.0000910421523919e+00 6.4714228011121588e-02 3.2723988908480622e-01 3.7582146369659263e+01 29
1 0 1 1 2.7732710438990848e-02 1.9978118417675390e-02 1.0000918789065645e+00 6.4689679961562163e-02 3.2822845956111418e-01 3.7632146366240086e+01 29
1 0 1 1 2.7709723940633313e-02 1.9964262442158268e-02 1.0000927144253382e+00 6.4665281449543921e-02 3.2921675084299096e-01 3.7682146362819481e+01 29
1 0 1 1 2.7686795840837782e-02 1.9950448189507676e-02 1.0000935485548659e+00 6.4641032184541924e-02 3.3020475857246989e-01 3.7732146359417754e+01 29
1 0 1 1 2.7663926362947532e-02 1.9936675725053286e-02 1.0000943811408520e+00 6.4616931874415751e-02 3.3119247842651856e-01 3.7782146356019254e+01 29
1 0 1 1 2.7641115726433348e-02 1.9922945112428203e-02 1.0000952120286142e+00 6.4592980225395835e-02 3.3217990611755727e-01 3.7832146352602045e+01 29
1 0 1 1 2.7618364146893535e-02 1.9909256413566209e-02 1.0000960410631436e+00 6.4569176942071316e-02 3.3316703739490267e-01 3.7882146349215205e+01 29
1 0 1 1 2.7595671836149128e-02 1.9895609688754461e-02 1.0000968680891664e+00 6.4545521727472133e-02 3.3415386804166974e-01 3.7932146345825785e+01 29
1 0 1 1 2.7573039002219652e-02 1.9882004996616309e-02 1.0000976929512053e+00 6.4522014283022594e-02 3.3514039387665384e-01 3.7982146342417025e+01 29
1 0 1 1 2.7550465849335740e-02 1.9868442394115397e-02 1.0000985154936444e+00 6.4498654308542458e-02 3.3612661075532019e-01 3.8032146339042519e+01 29
1 0 1 1 2.7527952578037317e-02 1.9854921936608275e-02 1.0000993355607881e+00 6.4475441502331060e-02 3.3711251456614560e-01 3.8082146335645476e+01 29
1 0 1 1 2.7505499385115553e-02 1.9841443677810055e-02 1.0001001529969296e+00 6.4452375561088293e-02 3.3809810123462558e-01 3.8132146332263467e+01 29
1 0 1 1 2.7483106463702289e-02 1.9828007669841351e-02 1.0001009676464099e+00 6.4429456179993211e-02 3.3908336672021233e-01 3.8182146328878325e+01 29
1 0 1 1 2.7460774003261745e-02 1.9814613963221196e-02 1.0001017793536846e+00 6.4406683052677993e-02 3.4006830701788027e-01 3.8232146325498341e+01 29
1 0 1 1 2.7438502189634423e-02 1.9801262606889160e-02 1.0001025879633876e+00 6.4384055871256229e-02 3.4105291815709154e-01 3.8282146322109547e+01 29
1 0 1 1 2.7416289161276648e-02 1.9787953648204910e-02 1.0001033933203951e+00 6.4361574326312343e-02 3.4203719620291256e-01 3.8332146318735745e+01 29
1 0 1 1 2.7394127837705434e-02 1.9774687132978436e-02 1.0001041952698906e+00 6.4339238106946139e-02 3.4302113725437694e-01 3.8382146315359542e+01 29
1 0 1 1 2.7372027770138328e-02 1.9761463105468148e-02 1.0001049936574296e+00 6.4317046900754848e-02 3.4400473744545829e-01 3.8432146311974456e+01 29
1 0 1 1 2.7349989130031668e-02 1.9748281608389432e-02 1.0001057883290045e+00 6.4295000393841201e-02 3.4498799294527349e-01 3.8482146308599184e+01 29
1 0 1 1 2.7328012085344994e-02 1.9735142682939730e-02 1.0001065791311099e+00 6.4273098270846984e-02 3.4597089995690816e-01 3.8532146305221730e+01 29
1 0 1 1 2.7306096800547134e-02 1.9722046368799710e-02 1.0001073659108062e+00 6.4251340214942748e-02 3.4695345471831601e-01 3.8582146301847978e+01 29
1 0 1 1 2.7284243436653605e-02 1.9708992704150288e-02 1.0001081485157854e+00 6.4229725907849644e-02 3.4793565350144467e-01 3.8632146298461457e+01 29
1 0 1 1 2.7262452151225348e-02 1.9695981725668991e-02 1.0001089267944361e+00 6.4208255029826744e-02 3.4891749261365534e-01 3.8682146295099415e+01 29
1 0 1 1 2.7240723098449562e-02 1.9683013468576326e-02 1.0001097005959061e+00 6.4186927259730547e-02 3.4989896839499102e-01 3.8732146291715750e+01 29
1 0 1 1 2.7219056429094442e-02 1.9670087966601305e-02 1.0001104697701693e+00 6.4165742274959470e-02 3.5088007722102105e-01 3.8782146288331731e+01 29
1 0 1 1 2.7197452290572747e-02 1.9657205252019746e-02 1.0001112341680880e+00 6.4144699751501583e-02 3.5186081550151438e-01 3.8832146284970243e+01 29
1 0 1 1 2.7175910826986671e-02 1.9644365355673842e-02 1.0001119936414760e+00 6.4123799363963813e-02 3.5284117967895190e-01 3.8882146281585200e+01 29
1 0 1 1 2.7154432179094343e-02 1.9631568306952448e-02 1.0001127480431637e+00 6.4103040785523147e-02 3.5382116623142057e-01 3.8932146278210872e+01 29
1 0 1 1 2.7133016484385208e-02 1.9618814133828145e-02 1.0001134972270602e+00 6.4082423687988777e-02 3.5480077166988883e-01 3.8982146274828928e+01 29
1 0 1 1 2.7111663877071368e-02 1.9606102862850826e-02 1.0001142410482158e+00 6.4061947741778813e-02 3.5577999253984671e-01 3.9032146271454756e+01 29
1 0 1 1 2.7090374488136813e-02 1.9593434519174887e-02 1.0001149793628827e+00 6.4041612615953425e-02 3.5675882542018733e-01 3.9082146268083484e+01 29
1 0 1 1 2.7069148445350674e-02 1.9580809126559934e-02 1.0001157120285791e+00 6.4021417978215034e-02 3.5773726692331459e-01 3.9132146264701028e+01 29
1 0 1 1 2.7047985873278065e-02 1.9568226707375468e-02 1.0001164389041470e+00 6.4001363494903957e-02 3.5871531369564197e-01 3.9182146261312688e+01 29
1 0 1 1 2.7026886893309100e-02 1.9555687282615506e-02 1.0001171598498153e+00 6.3981448831015364e-02 3.5969296241774518e-01 3.9232146257954646e+01 29
1 0 1 1 2.7005851623725683e-02 1.9543190871932896e-02 1.0001178747272559e+00 6.3961673650247575e-02 3.6067020980168735e-01 3.9282146254562065e+01 29
1 0 1 1 2.6984880179640364e-02 1.9530737493600115e-02 1.0001185833996460e+00 6.3942037614931613e-02 3.6164705259519619e-01 3.9332146251186288e+01 29
1 0 1 1 2.6963972673094267e-02 1.9518327164564319e-02 1.0001192857317227e+00 6.3922540386113863e-02 3.6262348757818719e-01 3.9382146247821531e+01 29
1 0 1 1 2.6943129213065301e-02 1.9505959900447706e-02 1.0001199815898425e+00 6.3903181623544525e-02 3.6359951156291864e-01 3.9432146244416600e+01 29
1 0 1 1 2.6922349905425129e-02 1.9493635715519583e-02 1.0001206708420372e+00 6.3883960985634008e-02 3.6457512139760428e-01 3.9482146241064783e+01 29
1 0 1 1 2.6901634853089950e-02 1.9481354622780191e-02 1.0001213533580664e+00 6.3864878129574865e-02 3.6555031395988596e-01 3.9532146237674034e+01 29
1 0 1 1 2.6880984155908286e-02 1.9469116633894210e-02 1.0001220290094766e+00 6.3845932711229014e-02 3.6652508616347440e-01 3.9582146234310535e+01 29
1 0 1 1 2.6860397910792408e-02 1.9456921759260521e-02 1.0001226976696502e+00 6.3827124385233580e-02 3.6749943495240617e-01 3.9632146230910479e+01 29
1 0 1 1 2.6839876211638584e-02 1.9444770007964580e-02 1.0001233592138616e+00 6.3808452804922644e-02 3.6847335730640873e-01 3.9682146227559272e+01 29
1 0 1 1 2.6819419149471311e-02 1.9432661387860307e-02 1.0001240135193237e+00 6.3789917622443182e-02 3.6944685023474755e-01 3.9732146224180013e+01 29
1 0 1 1 2.6799025636248825e-02 1.9420588785418642e-02 1.0001246625449118e+00 6.3771518488663803e-02 3.7041996360811175e-01 3.9782148719300977e+01 29
1 0 1 1 2.6778699937355335e-02 1.9408560762146511e-02 1.0001253041327112e+00 6.3753257807902919e-02 3.7139249778827765e-01 3.9832143803974418e+01 29
1 0 1 1 2.6758436215424567e-02 1.9396574204136551e-02 1.0001259382306409e+00 6.3735129846288929e-02 3.7236473330941111e-01 3.9882146061098418e+01 29
1 0 1 1 2.6738238320360739e-02 1.9384631345152614e-02 1.0001265646047144e+00 6.3717137635902477e-02 3.7333648681789205e-01 3.9932146211313196e+01 29
1 0 1 1 2.6718105535402228e-02 1.9372731717226158e-02 1.0001271831669383e+00 6.3699280110846329e-02 3.7430779347759252e-01 3.9982146207923748e+01 29
1 0 1 1 2.6698037872275353e-02 1.9360875283898446e-02 1.0001277938084840e+00 6.3681556860589461e-02 3.7527865347915768e-01 4.0032146204589516e+01 29
1 0 1 1 2.6678035402129818e-02 1.9349062044293732e-02 1.0001283964208476e+00 6.3663967528952314e-02 3.7624906405659969e-01 4.0082146201229740e+01 29
1 0 1 1 2.6658098193314186e-02 1.9337291996313913e-02 1.0001289908978301e+00 6.3646511758548990e-02 3.7721902247780270e-01 4.0132146197866916e+01 29
1 0 1 1 2.6638226311443816e-02 1.9325565136678761e-02 1.0001295771355763e+00 6.3629189190839930e-02 3.7818852604246544e-01 4.0182146194525117e+01 29
1 0 1 1 2.6618419819439729e-02 1.9313881460941203e-02 1.0001301550326127e+00 6.3611999466156893e-02 3.7915757208089623e-01 4.0232146191175659e+01 29
1 0 1 1 2.6598678777513696e-02 1.9302240963479021e-02 1.0001307244898876e+00 6.3594942223680839e-02 3.8012615795612381e-01 4.0282146187849662e+01 29
1 0 1 1 2.6579003243237236e-02 1.9290643637529675e-02 1.0001312854108042e+00 6.3578017101490025e-02 3.8109428106092558e-01 4.0332146184491791e+01 29
1 0 1 1 2.6559393271487399e-02 1.9279089475154453e-02 1.0001318377012580e+00 6.3561223736509576e-02 3.8206193882180961e-01 4.0382146181172530e+01 29
1 0 1 1 2.6539848914561719e-02 1.9267578467306114e-02 1.0001323812696676e+00 6.3544561764599827e-02 3.8302912869450517e-01 4.0432146177859529e+01 29
1 0 1 1 2.6520370222148447e-02 1.9256110603803191e-02 1.0001329160270069e+00 6.3528030820521164e-02 3.8399584816575355e-01 4.0482146174518761e+01 29
1 0 1 1 2.6500957241318478e-02 1.9244685873326551e-02 1.0001334418868364e+00 6.3511630537922054e-02 3.8496209475537024e-01 4.0532146171225421e+01 30
1 0 1 1 2.6481610016638284e-02 1.9233304263478898e-02 1.0001339587653295e+00 6.3495360549424174e-02 3.8592786601109891e-01 4.0582146167905677e+01 30
1 0 1 1 2.6462328590085609e-02 1.9221965760733348e-02 1.0001344665813012e+00 6.3479220486548915e-02 3.8689315951409597e-01 4.0632146164627144e+01 30
1 0 1 1 2.6443113001172150e-02 1.9210670350502539e-02 1.0001349652562317e+00 6.3463209979807533e-02 3.8785797287354307e-01 4.0682146161325718e+01 30
1 0 1 1 2.6423963286872850e-02 1.9199418017092358e-02 1.0001354547142924e+00 6.3447328658638669e-02 3.8882230373125320e-01 4.0732146158052217e+01 30
1 0 1 1 2.6404879481720548e-02 1.9188208743755476e-02 1.0001359348823657e+00 6.3431576151479124e-02 3.8978614975779891e-01 4.0782146154778019e+01 30
1 0 1 1 2.6385861617781409e-02 1.9177042512672444e-02 1.0001364056900668e+00 6.3415952085737304e-02 3.9074950865479147e-01 4.0832146151520881e+01 30
1 0 1 1 2.6366909724702351e-02 1.9165919304978154e-02 1.0001368670697621e+00 6.3400456087827295e-02 3.9171237815351606e-01 4.0882146148280604e+01 30
1 0 1 1 2.6348023829731733e-02 1.9154839100767575e-02 1.0001373189565868e+00 6.3385087783176447e-02 3.9267475601446072e-01 4.0932146145023204e+01 30
1 0 1 1 2.6329203957700130e-02 1.9143801879084023e-02 1.0001377612884601e+00 6.3369846796207469e-02 3.9363664002973520e-01 4.0982146141812805e+01 30
1 0 1 1 2.6310450131117876e-02 1.9132807617971301e-02 1.0001381940060994e+00 6.3354732750410814e-02 3.9459802801875205e-01 4.1032146138595863e+01 30
1 0 1 1 2.6291762370123626e-02 1.9121856294440385e-02 1.0001386170530326e+00 6.3339745268298220e-02 3.9555891783182046e-01 4.1082146135395618e+01 30
1 0 1 1 2.6273135426100262e-02 1.9110947884505028e-02 1.0001390303756093e+00 6.3324883971446366e-02 3.9651930734783586e-01 4.1132146132198791e+01 30
1 0 1 1 2.6254569165224718e-02 1.9100082363171501e-02 1.0001394339230087e+00 6.3310148480490769e-02 3.9747919447588120e-01 4.1182146129048490e+01 30
1 0 1 1 2.6236069092908449e-02 1.9089259704482598e-02 1.0001398276472480e+00 6.3295538415176850e-02 3.9843857715189462e-01 4.1232146125877186e+01 30
1 0 1 1 2.6217635219764307e-02 1.9078479881476054e-02 1.0001402115031883e+00 6.3281053394308950e-02 3.9939745334291338e-01 4.1282146122737380e+01 30
1 0 1 1 2.6199267554190490e-02 1.9067742866233792e-02 1.0001405854485381e+00 6.3266693035818028e-02 4.0035582104369333e-01 4.1332146119633400e+01 30
1 0 1 1 2.6180966102392948e-02 1.9057048629890733e-02 1.0001409494438567e+00 6.3252456956766567e-02 4.0131367827593717e-01 4.1382146116489174e+01 30
1 0 1 1 2.6162730868312428e-02 1.9046397142590207e-02 1.0001413034525553e+00 6.3238344773299926e-02 4.0227102309380386e-01 4.1432146113445043e+01 30
1 0 1 1 2.6144561853820626e-02 1.9035788373593994e-02 1.0001416474408942e+00 6.3224356100783752e-02 4.0322785357390567e-01 4.1482146110343578e+01 30
1 0 1 1 2.6126459058535792e-02 1.9025222291173059e-02 1.0001419813779848e+00 6.3210490553666732e-02 4.0418416782650229e-01 4.1532146107323165e+01 30
1 0 1 1 2.6108422480030997e-02 1.9014698862724451e-02 1.0001423052357816e+00 6.3196747745632470e-02 4.0513996398508040e-01 4.1582146104282700e+01 30
1 0 1 1 2.6090452113715041e-02 1.9004218054697423e-02 1.0001426189890803e+00 6.3183127289506175e-02 4.0609524021351268e-01 4.1632146101265597e+01 30
1 0 1 1 2.6072547952919290e-02 1.8993779832644640e-02 1.0001429226155090e+00 6.3169628797320632e-02 4.0704999470294451e-01 4.1682146098304194e+01 30
1 0 1 1 2.6054709988937875e-02 1.8983384161238778e-02 1.0001432160955201e+00 6.3156251880343683e-02 4.0800422567011058e-01 4.1732146095343161e+01 30
1 0 1 1 2.6036938210995564e-02 1.8973031004252607e-02 1.0001434994123817e+00 6.3142996149046782e-02 4.0895793136006137e-01 4.1782146092389560e+01 30
1 0 1 1 2.6019232606277518e-02 1.8962720324572111e-02 1.0001437725521656e+00 6.3129861213132743e-02 4.0991111004570646e-01 4.1832146089500149e+01 30
1 0 1 1 2.6001593160011112e-02 1.8952452084242004e-02 1.0001440355037339e+00 6.3116846681587735e-02 4.1086376002412728e-01 4.1882146086596123e+01 30
1 0 1 1 2.5984019855385440e-02 1.8942226244414582e-02 1.0001442882587266e+00 6.3103952162627763e-02 4.1181587962209704e-01 4.1932146083763939e+01 30
1 0 1 1 2.5966512673685351e-02 1.8932042765425885e-02 1.0001445308115442e+00 6.3091177263789627e-02 4.1276746718960144e-01 4.1982146080923492e+01 30
1 0 1 1 2.5949071594211743e-02 1.8921901606744371e-02 1.0001447631593321e+00 6.3078521591871384e-02 4.1371852110496499e-01 4.2032146078108148e+01 30
1 0 1 1 2.5931696594342572e-02 1.8911802727005898e-02 1.0001449853019624e+00 6.3065984752983362e-02 4.1466903977298342e-01 4.2082146075376258e+01 30
1 0 1 1 2.5914387649612982e-02 1.8901746084054736e-02 1.0001451972420126e+00 6.3053566352596291e-02 4.1561902162087094e-01 4.2132146072608172e+01 30
1 0 1 1 2.5897144733601808e-02 1.8891731634876469e-02 1.0001453989847473e+00 6.3041265995464058e-02 4.1656846510587758e-01 4.2182146069916591e+01 30
1 0 1 1 2.5879967818089850e-02 1.8881759335684145e-02 1.0001455905380938e+00 6.3029083285734866e-02 4.1751736870705836e-01 4.2232146067225209e+01 30
1 0 1 1 2.5862856872974502e-02 1.8871829141870466e-02 1.0001457719126203e+00 6.3017017826891730e-02 4.1846573093150191e-01 4.2282146064604113e+01 31
1 0 1 1 2.5845811866378885e-02 1.8861941008062606e-02 1.0001459431215103e+00 6.3005069221828386e-02 4.1941355030867478e-01 4.2332146061985277e+01 31
1 0 1 1 2.5828832764589516e-02 1.8852094888086837e-02 1.0001461041805373e+00 6.2993237072805797e-02 4.2036082539509906e-01 4.2382146059417458e+01 31
1 0 1 1 2.5811919532130679e-02 1.8842290735007674e-02 1.0001462551080373e+00 6.2981520981509831e-02 4.2130755477126458e-01 4.2432146056915151e+01 31
1 0 1 1 2.5795071810993879e-02 1.8832526951352343e-02 1.0001463964585566e+00 6.2969920549067304e-02 4.2225375388696174e-01 4.2482146887215677e+01 31
1 0 1 1 2.5778289549662683e-02 1.8822799858152495e-02 1.0001465296700460e+00 6.2958435954693748e-02 4.2319941903415870e-01 4.2532148274434533e+01 31
1 0 1 1 2.5761575307703379e-02 1.8813115942503324e-02 1.0001466527930636e+00 6.2947067752415709e-02 4.2414440619991689e-01 4.2582142882363208e+01 31
1 0 1 1 2.5744923918651456e-02 1.8803472185657418e-02 1.0001467658925578e+00 6.2935812060378959e-02 4.2508900393551374e-01 4.2632146048448469e+01 31
1 0 1 1 2.5728339254133922e-02 1.8793870805138495e-02 1.0001468689705169e+00 6.2924671135803301e-02 4.2603298932757278e-01 4.2682146046138058e+01 31
1 0 1 1 2.5711820211288469e-02 1.8784311136978246e-02 1.0001469620669494e+00 6.2913643860433827e-02 4.2697642097005228e-01 4.2732146043850655e+01 31
1 0 1 1 2.5695366742797886e-02 1.8774793128892239e-02 1.0001470452167356e+00 6.2902729832355786e-02 4.2791929760893244e-01 4.2782146041591140e+01 31
1 0 1 1 2.5678978799718224e-02 1.8765316727887938e-02 1.0001471184570758e+00 6.2891928649176004e-02 4.2886161801352668e-01 4.2832146039382209e+01 31
1 0 1 1 2.5662656331512046e-02 1.8755881880283775e-02 1.0001471818274563e+00 6.2881239908047254e-02 4.2980338097564508e-01 4.2882146037229532e+01 31
1 0 1 1 2.5646399286060852e-02 1.8746488531712777e-02 1.0001472353696110e+00 6.2870663205682492e-02 4.3074458530994925e-01 4.2932146035152492e+01 31
1 0 1 1 2.5630207609715575e-02 1.8737136627148553e-02 1.0001472791274864e+00 6.2860198138382145e-02 4.3168522985149727e-01 4.2982146033064211e+01 31
1 0 1 1 2.5614081247228068e-02 1.8727826110863093e-02 1.0001473131472021e+00 6.2849844301995528e-02 4.3262531346083422e-01 4.3032146031053486e+01 31
1 0 1 1 2.5598020141856297e-02 1.8718556926484990e-02 1.0001473374770131e+00 6.2839601291997116e-02 4.3356483501891185e-01 4.3082146029126775e+01 31
1 0 1 1 2.5582024235382011e-02 1.8709329017006580e-02 1.0001473521672697e+00 6.2829468703491237e-02 4.3450379342672102e-01 4.3132146027198381e+01 31
1 0 1 1 2.5566093468045038e-02 1.8700142324744852e-02 1.0001473572703783e+00 6.2819446131179540e-02 4.3544218761023451e-01 4.3182146025364972e+01 31
1 0 1 1 2.5550227778666907e-02 1.8690996791408475e-02 1.0001473528407607e+00 6.2809533169440823e-02 4.3638001651393837e-01 4.3232146023573129e+01 31
1 0 1 1 2.5534427104597888e-02 1.8681892358064327e-02 1.0001473389348123e+00 6.2799729412301608e-02 4.3731727910480639e-01 4.3282146021842635e+01 31
1 0 1 1 2.5518691381773869e-02 1.8672828965169756e-02 1.0001473156108620e+00 6.2790034453470617e-02 4.3825397436984059e-01 4.3332146020144648e+01 31
1 0 1 1 2.5503020544687633e-02 1.8663806552551662e-02 1.0001472829291280e+00 6.2780447886333413e-02 4.3919010131887420e-01 4.3382146018564967e+01 31
1 0 1 1 2.5487414526501766e-02 1.8654825059470470e-02 1.0001472409516776e+00 6.2770969304016988e-02 4.4012565897842032e-01 4.3432146016984895e+01 31
1 0 1 1 2.5471873258942183e-02 1.8645884424554306e-02 1.0001471897423826e+00 6.2761598299330645e-02 4.4106064639900172e-01 4.3482146015485348e+01 31
1 0 1 1 2.5456396672401470e-02 1.8636984585857375e-02 1.0001471293668756e+00 6.2752334464837800e-02 4.4199506264997496e-01 4.3532146014081789e+01 31
1 0 1 1 2.5440984695960882e-02 1.8628125480869933e-02 1.0001470598925082e+00 6.2743177392866584e-02 4.4292890681892683e-01 4.3582146012702054e+01 31
1 0 1 1 2.5425637257341080e-02 1.8619307046487607e-02 1.0001469813883053e+00 6.2734126675487528e-02 4.4386217801556715e-01 4.3632146011406512e+01 31
1 0 1 1 2.5410354282985388e-02 1.8610529219057353e-02 1.0001468939249214e+00 6.2725181904567051e-02 4.4479487536765810e-01 4.3682146010180908e+01 31
1 0 1 1 2.5395135698049999e-02 1.8601791934366837e-02 1.0001467975745963e+00 6.2716342671765790e-02 4.4572699802213961e-01 4.3732146009009803e+01 31
1 0 1 1 2.5379981426407922e-02 1.8593095127648059e-02 1.0001466924111100e+00 6.2707608568547735e-02 4.4665854514628983e-01 4.3782146007947674e+01 32
1 0 1 1 2.5364891390721671e-02 1.8584438733614161e-02 1.0001465785097374e+00 6.2698979186223164e-02 4.4758951592365731e-01 4.3832146006913220e+01 32
1 0 1 1 2.5349857483199120e-02 1.8575822686421498e-02 1.0001464559472046e+00 6.2690454115917338e-02 4.4851990955881610e-01 4.3882146005955640e+01 32
1 0 1 1 2.5334886052502274e-02 1.8567246919704718e-02 1.0001463248016420e+00 6.2682032948616601e-02 4.4944972527461752e-01 4.3932146005118341e+01 32
1 0 1 1 2.5319978687935573e-02 1.8558711366602216e-02 1.0001461851525406e+00 6.2673715275196329e-02 4.5037896230970853e-01 4.3982146004316299e+01 32
1 0 1 1 2.5305135306864728e-02 1.8550215959717713e-02 1.0001460370807054e+00 6.2665500686392289e-02 4.5130761992326979e-01 4.4032146003602541e+01 32
1 0 1 1 2.5290355825508599e-02 1.8541760631160586e-02 1.0001458806682113e+00 6.2657388772848377e-02 4.5223569739131586e-01 4.4082146002980430e+01 32
1 0 1 1 2.5275640158945838e-02 1.8533345312549077e-02 1.0001457159983567e+00 6.2649379125124527e-02 4.5316319400707417e-01 4.4132146002434055e+01 32
1 0 1 1 2.5260988221124148e-02 1.8524969935011751e-02 1.0001455431556192e+00 6.2641471333704096e-02 4.5409010908116043e-01 4.4182146001949121e+01 32
1 0 1 1 2.5246399924851864e-02 1.8516634429179921e-02 1.0001453622256093e+00 6.2633664989002413e-02 4.5501644194300384e-01 4.4232146001602835e+01 32
1 0 1 1 2.5231875181895312e-02 1.8508338725244603e-02 1.0001451732950275e+00 6.2625959681415488e-02 4.5594219193564167e-01 4.4282146001289824e+01 32
1 0 1 1 2.5217413902879675e-02 1.8500082752893224e-02 1.0001449764516157e+00 6.2618355001280324e-02 4.5686735842259957e-01 4.4332146001109138e+01 32
1 0 1 1 2.5203015997414511e-02 1.8491866441382787e-02 1.0001447717841165e+00 6.2610850538942275e-02 4.5779194078090552e-01 4.4382146000994503e+01 32
1 0 1 1 2.5188681374042586e-02 1.8483689719505321e-02 1.0001445593822262e+00 6.2603445884729270e-02 4.5871593840471914e-01 4.4432146000922870e+01 32
1 0 1 1 2.5174409940216514e-02 1.8475552515577105e-02 1.0001443393365497e+00 6.2596140628961516e-02 4.5963935070865347e-01 4.4482146001104191e+01 32
1 0 1 1 2.5160201602521692e-02 1.8467454757558486e-02 1.0001441117385601e+00 6.2588934362053122e-02 4.6056217711304009e-01 4.4532146001195478e+01 32
1 0 1 1 2.5146056266359840e-02 1.8459396372875213e-02 1.0001438766805495e+00 6.2581826674367180e-02 4.6148441706588711e-01 4.4582146001499581e+01 32
1 0 1 1 2.5131973836272817e-02 1.8451377288599583e-02 1.0001436342555901e+00 6.2574817156383300e-02 4.6240607002255857e-01 4.4632146001875519e+01 32
1 0 1 1 2.5117954215777689e-02 1.8443397431355250e-02 1.0001433845574881e+00 6.2567905398622115e-02 4.6332713545728316e-01 4.4682146002372662e+01 32
1 0 1 1 2.5103997307468612e-02 1.8435456727371746e-02 1.0001431276807426e+00 6.2561090991694879e-02 4.6424761285699562e-01 4.4732146002907058e+01 32
1 0 1 1 2.5090103012928976e-02 1.8427555102434694e-02 1.0001428637205001e+00 6.2554373526277296e-02 4.6516750172845373e-01 4.4782146003658639e+01 32
1 0 1 1 2.5076271232916808e-02 1.8419692481987715e-02 1.0001425927725165e+00 6.2547752593197392e-02 4.6608680158632076e-01 4.4832146004433930e+01 32
1 0 1 1 2.5062501867193016e-02 1.8411868791034181e-02 1.0001423149331112e+00 6.2541227783360076e-02 4.6700551196546797e-01 4.4882146005344474e+01 32
1 0 1 1 2.5048794814655939e-02 1.8404083954210112e-02 1.0001420302991282e+00 6.2534798687818971e-02 4.6792363241271318e-01 4.4932146006369273e+01 32
1 0 1 1 2.5035149973309204e-02 1.8396337895766203e-02 1.0001417389678937e+00 6.2528464897768032e-02 4.6884116248998736e-01 4.4982146007535690e+01 32
1 0 1 1 2.5021567240302182e-02 1.8388630539588446e-02 1.0001414410371767e+00 6.2522226004566750e-02 4.6975810177224558e-01 4.5032146008816426e+01 32
1 0 1 1 2.5008046511928221e-02 1.8380961809193106e-02 1.0001411366051483e+00 6.2516081599741202e-02 4.7067444984809154e-01 4.5082146010174334e+01 32
1 0 1 1 2.4994587683601018e-02 1.8373331627715563e-02 1.0001408257703412e+00 6.2510031274985001e-02 4.7159020632253046e-01 4.5132146011720799e+01 33
1 0 1 1 2.4981190649960953e-02 1.8365739917965727e-02 1.0001405086316126e+00 6.2504074622210914e-02 4.7250537081035832e-01 4.5182146013366300e+01 33
1 0 1 1 2.4967855304806295e-02 1.8358186602388315e-02 1.0001401852881044e+00 6.2498211233523643e-02 4.7341994294136847e-01 4.5232146015113685e+01 33
1 0 1 1 2.4954579717685232e-02 1.8350665725279998e-02 1.0001398575979650e+00 6.2492440701240048e-02 4.7433404276079960e-01 4.5282152401232501e+01 33
1 0 1 1 2.4941370401906530e-02 1.8343184957480958e-02 1.0001395243272047e+00 6.2486764822098168e-02 4.7524721724008212e-01 4.5332140565741291e+01 33
1 0 1 1 2.4928218207272680e-02 1.8335739983558655e-02 1.0001391850177428e+00 6.2481179155912087e-02 4.7616009186462510e-01 4.5382144801881360e+01 33
1 0 1 1 2.4915128067546422e-02 1.8328333580451186e-02 1.0001388398965365e+00 6.2475685463413227e-02 4.7707231771812786e-01 4.5432146027390786e+01 33
1 0 1 1 2.4902099396882756e-02 1.8320965399083622e-02 1.0001384890518976e+00 6.2470283129926002e-02 4.7798392718236282e-01 4.5482146029861219e+01 33
1 0 1 1 2.4889131763499859e-02 1.8313635178051155e-02 1.0001381325754333e+00 6.2464971613602233e-02 4.7889494228585588e-01 4.5532146032460126e+01 33
1 0 1 1 2.4876225055838131e-02 1.8306342837275225e-02 1.0001377705671628e+00 6.2459750508386008e-02 4.7980536274825436e-01 4.5582146035287550e+01 33
1 0 1 1 2.4863379161693407e-02 1.8299088296410124e-02 1.0001374031271131e+00 6.2454619408543244e-02 4.8071518829605470e-01 4.5632146038164450e+01 33
1 0 1 1 2.4855479558468882e-02 1.8294628822871150e-02 1.0001371736343834e+00 6.2451496677572819e-02 4.8127653651959623e-01 4.5663011589658360e+01 33
1 0 1 1 2.4854686144832480e-02 1.8294180998740660e-02 1.0001371504360483e+00 6.2451184420089428e-02 4.8133299509973648e-01 4.5666116637029567e+01 32
1 0 1 1 2.4853892092601370e-02 1.8293732827484168e-02 1.0001371271918607e+00 6.2450872164167330e-02 4.8138951348612558e-01 4.5669225100039220e+01 36
